ASYS
['2019-03-29 16:00:00', 5.335, 5.335, 5.335, 5.335, 505]
['2019-03-29 15:55:00', 5.34, 5.33, 5.33, 5.3401, 2287]
['2019-03-29 15:53:00', 5.3528, 5.3527, 5.34, 5.3528, 1613]
['2019-03-29 15:51:00', 5.34, 5.34, 5.34, 5.34, 564]
['2019-03-29 15:50:00', 5.34, 5.34, 5.34, 5.34, 179]
['2019-03-29 15:27:00', 5.34, 5.34, 5.34, 5.34, 511]
['2019-03-29 14:43:00', 5.345, 5.345, 5.345, 5.345, 231]
['2019-03-29 14:42:00', 5.35, 5.35, 5.35, 5.35, 100]
['2019-03-29 14:30:00', 5.4, 5.38, 5.38, 5.4, 650]
['2019-03-29 14:21:00', 5.4, 5.4, 5.4, 5.4, 1111]
['2019-03-29 14:18:00', 5.43, 5.43, 5.43, 5.43, 100]
['2019-03-29 14:16:00', 5.4, 5.41, 5.4, 5.41, 1935]
['2019-03-29 14:15:00', 5.38, 5.39, 5.38, 5.39, 1825]
['2019-03-29 14:12:00', 5.38, 5.38, 5.38, 5.38, 100]
['2019-03-29 13:49:00', 5.38, 5.38, 5.38, 5.38, 100]
['2019-03-29 13:45:00', 5.36, 5.36, 5.36, 5.36, 163]
['2019-03-29 13:42:00', 5.36, 5.36, 5.36, 5.36, 271]
['2019-03-29 13:41:00', 5.345, 5.345, 5.345, 5.345, 500]
['2019-03-29 13:23:00', 5.36, 5.36, 5.36, 5.36, 100]
['2019-03-29 13:18:00', 5.34, 5.34, 5.34, 5.34, 198]
['2019-03-29 12:50:00', 5.334, 5.334, 5.334, 5.334, 200]
['2019-03-29 12:33:00', 5.36, 5.36, 5.36, 5.36, 105]
['2019-03-29 12:32:00', 5.335, 5.335, 5.335, 5.335, 300]
['2019-03-29 12:20:00', 5.34, 5.34, 5.34, 5.34, 800]
['2019-03-29 12:17:00', 5.36, 5.35, 5.35, 5.36, 346]
['2019-03-29 12:12:00', 5.32, 5.34, 5.32, 5.35, 1324]
['2019-03-29 12:10:00', 5.31, 5.3101, 5.31, 5.3101, 700]
['2019-03-29 11:47:00', 5.32, 5.32, 5.32, 5.32, 300]
['2019-03-29 11:45:00', 5.311, 5.311, 5.311, 5.311, 200]
['2019-03-29 11:43:00', 5.3, 5.3, 5.3, 5.3, 458]
['2019-03-29 11:29:00', 5.27, 5.27, 5.27, 5.27, 635]
['2019-03-29 11:06:00', 5.27, 5.27, 5.27, 5.27, 243]
['2019-03-29 10:50:00', 5.28, 5.28, 5.28, 5.28, 237]
['2019-03-29 10:41:00', 5.28, 5.26, 5.26, 5.28, 400]
['2019-03-29 10:11:00', 5.1743, 5.1743, 5.1743, 5.1743, 102]
['2019-03-29 10:08:00', 5.21, 5.21, 5.21, 5.21, 100]
['2019-03-29 09:50:00', 5.3, 5.3, 5.3, 5.3, 105]
['2019-03-29 09:41:00', 5.2001, 5.2001, 5.2001, 5.2001, 100]
['2019-03-29 09:40:00', 5.025, 5.025, 5.025, 5.025, 0]
['2019-03-28 16:00:00', 5.22, 5.27, 5.22, 5.28, 1119]
['2019-03-28 15:59:00', 5.225, 5.225, 5.225, 5.225, 196]
['2019-03-28 15:58:00', 5.25, 5.25, 5.25, 5.25, 152]
['2019-03-28 15:56:00', 5.25, 5.25, 5.25, 5.25, 277]
['2019-03-28 15:49:00', 5.24, 5.24, 5.24, 5.24, 573]
['2019-03-28 15:42:00', 5.24, 5.24, 5.24, 5.24, 304]
['2019-03-28 15:41:00', 5.24, 5.24, 5.24, 5.24, 126]
['2019-03-28 15:40:00', 5.2363, 5.2363, 5.2363, 5.2363, 1000]
['2019-03-28 15:35:00', 5.24, 5.24, 5.24, 5.24, 268]
['2019-03-28 15:29:00', 5.24, 5.24, 5.24, 5.24, 335]
['2019-03-28 15:25:00', 5.235, 5.235, 5.23, 5.235, 1862]
['2019-03-28 15:19:00', 5.235, 5.235, 5.235, 5.235, 234]
['2019-03-28 15:17:00', 5.24, 5.24, 5.24, 5.24, 125]
['2019-03-28 15:15:00', 5.24, 5.24, 5.24, 5.24, 567]
['2019-03-28 15:11:00', 5.23, 5.24, 5.23, 5.24, 2665]
['2019-03-28 15:09:00', 5.24, 5.24, 5.24, 5.24, 125]
['2019-03-28 15:06:00', 5.24, 5.245, 5.24, 5.245, 790]
['2019-03-28 15:01:00', 5.26, 5.26, 5.26, 5.26, 401]
['2019-03-28 15:00:00', 5.285, 5.27, 5.27, 5.285, 715]
['2019-03-28 14:59:00', 5.3, 5.2775, 5.2775, 5.3, 25847]
['2019-03-28 14:52:00', 5.3, 5.3, 5.3, 5.3, 250]
['2019-03-28 14:46:00', 5.305, 5.305, 5.3, 5.305, 5178]
['2019-03-28 14:45:00', 5.31, 5.3025, 5.3025, 5.31, 1030]
['2019-03-28 14:35:00', 5.3115, 5.32, 5.3115, 5.32, 240]
['2019-03-28 14:31:00', 5.32, 5.32, 5.32, 5.32, 100]
['2019-03-28 14:15:00', 5.32, 5.32, 5.32, 5.32, 160]
['2019-03-28 14:06:00', 5.32, 5.32, 5.32, 5.32, 101]
['2019-03-28 13:55:00', 5.32, 5.32, 5.32, 5.32, 100]
['2019-03-28 13:51:00', 5.32, 5.32, 5.32, 5.32, 114]
['2019-03-28 13:48:00', 5.31, 5.31, 5.31, 5.31, 355]
['2019-03-28 13:46:00', 5.31, 5.31, 5.31, 5.31, 260]
['2019-03-28 13:28:00', 5.3165, 5.3165, 5.3165, 5.3165, 1410]
['2019-03-28 13:24:00', 5.31, 5.31, 5.31, 5.31, 255]
['2019-03-28 12:56:00', 5.32, 5.32, 5.32, 5.32, 255]
['2019-03-28 12:50:00', 5.31, 5.31, 5.31, 5.31, 200]
['2019-03-28 12:41:00', 5.31, 5.32, 5.31, 5.32, 1111]
['2019-03-28 12:22:00', 5.31, 5.31, 5.31, 5.31, 565]
['2019-03-28 12:10:00', 5.305, 5.305, 5.305, 5.305, 360]
['2019-03-28 12:07:00', 5.31, 5.31, 5.31, 5.31, 100]
['2019-03-28 12:02:00', 5.31, 5.31, 5.31, 5.31, 110]
['2019-03-28 11:50:00', 5.32, 5.32, 5.32, 5.32, 310]
['2019-03-28 11:39:00', 5.32, 5.3191, 5.3191, 5.32, 875]
['2019-03-28 11:32:00', 5.3202, 5.3202, 5.3202, 5.3202, 403]
['2019-03-28 11:29:00', 5.32, 5.32, 5.32, 5.32, 105]
['2019-03-28 11:06:00', 5.36, 5.36, 5.36, 5.36, 364]
['2019-03-28 11:03:00', 5.36, 5.36, 5.36, 5.36, 306]
['2019-03-28 10:55:00', 5.3653, 5.3653, 5.3653, 5.3653, 869]
['2019-03-28 10:46:00', 5.39, 5.39, 5.39, 5.39, 247]
['2019-03-28 10:43:00', 5.35, 5.35, 5.35, 5.35, 203]
['2019-03-28 10:32:00', 5.37, 5.37, 5.37, 5.37, 241]
['2019-03-28 10:20:00', 5.3973, 5.3973, 5.3973, 5.3973, 440]
['2019-03-28 10:10:00', 5.383, 5.383, 5.383, 5.383, 1000]
['2019-03-28 10:08:00', 5.375, 5.375, 5.375, 5.375, 140]
['2019-03-28 10:06:00', 5.3994, 5.3994, 5.3994, 5.3994, 237]
['2019-03-28 10:01:00', 5.3646, 5.3646, 5.3646, 5.3646, 400]
['2019-03-28 09:31:00', 5.34, 5.35, 5.34, 5.35, 0]
['2019-03-27 16:00:00', 5.35, 5.35, 5.35, 5.35, 596]
['2019-03-27 15:59:00', 5.3316, 5.3316, 5.3316, 5.3316, 750]
['2019-03-27 15:53:00', 5.31, 5.32, 5.31, 5.32, 599]
['2019-03-27 15:52:00', 5.3201, 5.32, 5.31, 5.3201, 442]
['2019-03-27 15:51:00', 5.3201, 5.3233, 5.3201, 5.3233, 786]
['2019-03-27 15:48:00', 5.32, 5.32, 5.32, 5.32, 208]
['2019-03-27 15:46:00', 5.335, 5.335, 5.335, 5.335, 201]
['2019-03-27 15:44:00', 5.35, 5.35, 5.35, 5.35, 101]
['2019-03-27 15:38:00', 5.32, 5.32, 5.32, 5.32, 101]
['2019-03-27 15:37:00', 5.335, 5.335, 5.335, 5.335, 100]
['2019-03-27 15:21:00', 5.35, 5.35, 5.35, 5.35, 102]
['2019-03-27 15:10:00', 5.35, 5.35, 5.35, 5.35, 102]
['2019-03-27 15:02:00', 5.35, 5.335, 5.335, 5.35, 200]
['2019-03-27 15:00:00', 5.335, 5.335, 5.335, 5.335, 100]
['2019-03-27 14:52:00', 5.34, 5.34, 5.34, 5.34, 198]
['2019-03-27 14:49:00', 5.33, 5.33, 5.33, 5.33, 100]
['2019-03-27 14:39:00', 5.32, 5.32, 5.32, 5.32, 200]
['2019-03-27 14:17:00', 5.33, 5.33, 5.33, 5.33, 101]
['2019-03-27 14:13:00', 5.34, 5.34, 5.34, 5.34, 267]
['2019-03-27 14:09:00', 5.33, 5.33, 5.33, 5.33, 700]
['2019-03-27 14:00:00', 5.325, 5.325, 5.325, 5.325, 100]
['2019-03-27 13:58:00', 5.33, 5.33, 5.33, 5.33, 100]
['2019-03-27 13:54:00', 5.33, 5.33, 5.33, 5.33, 100]
['2019-03-27 13:33:00', 5.32, 5.32, 5.32, 5.32, 696]
['2019-03-27 13:20:00', 5.315, 5.315, 5.315, 5.315, 100]
['2019-03-27 13:16:00', 5.315, 5.315, 5.315, 5.315, 175]
['2019-03-27 13:11:00', 5.31, 5.31, 5.31, 5.31, 205]
['2019-03-27 13:09:00', 5.3, 5.305, 5.3, 5.305, 300]
['2019-03-27 12:54:00', 5.32, 5.32, 5.32, 5.32, 208]
['2019-03-27 12:47:00', 5.32, 5.32, 5.32, 5.32, 400]
['2019-03-27 12:28:00', 5.315, 5.315, 5.315, 5.315, 100]
['2019-03-27 12:18:00', 5.325, 5.325, 5.325, 5.325, 569]
['2019-03-27 12:15:00', 5.34, 5.34, 5.34, 5.34, 100]
['2019-03-27 11:57:00', 5.34, 5.3361, 5.3361, 5.34, 524]
['2019-03-27 11:56:00', 5.3363, 5.3399, 5.33, 5.3399, 1532]
['2019-03-27 11:43:00', 5.33, 5.33, 5.33, 5.33, 108]
['2019-03-27 11:40:00', 5.32, 5.325, 5.32, 5.325, 200]
['2019-03-27 11:31:00', 5.3219, 5.3219, 5.3219, 5.3219, 100]
['2019-03-27 11:20:00', 5.35, 5.35, 5.35, 5.35, 140]
['2019-03-27 11:19:00', 5.32, 5.3, 5.3, 5.32, 700]
['2019-03-27 11:15:00', 5.325, 5.325, 5.325, 5.325, 200]
['2019-03-27 11:10:00', 5.3201, 5.3201, 5.3201, 5.3201, 218]
['2019-03-27 10:57:00', 5.33, 5.33, 5.33, 5.33, 105]
['2019-03-27 10:44:00', 5.33, 5.34, 5.33, 5.34, 300]
['2019-03-27 10:41:00', 5.34, 5.34, 5.34, 5.34, 200]
['2019-03-27 10:37:00', 5.3609, 5.3609, 5.3609, 5.3609, 216]
['2019-03-27 10:35:00', 5.39, 5.39, 5.39, 5.39, 100]
['2019-03-27 10:26:00', 5.38, 5.38, 5.38, 5.38, 100]
['2019-03-27 10:25:00', 5.37, 5.37, 5.37, 5.37, 1700]
['2019-03-27 10:23:00', 5.36, 5.37, 5.36, 5.37, 300]
['2019-03-27 10:17:00', 5.3552, 5.3552, 5.3552, 5.3552, 210]
['2019-03-27 10:08:00', 5.365, 5.365, 5.365, 5.365, 100]
['2019-03-27 09:47:00', 5.3326, 5.3326, 5.3326, 5.3326, 0]
['2019-03-26 16:00:00', 5.33, 5.33, 5.33, 5.33, 39224]
['2019-03-26 15:58:00', 5.3253, 5.3253, 5.3253, 5.3253, 400]
['2019-03-26 15:57:00', 5.31, 5.31, 5.31, 5.31, 125]
['2019-03-26 15:50:00', 5.31, 5.31, 5.31, 5.31, 480]
['2019-03-26 15:49:00', 5.31, 5.31, 5.31, 5.31, 681]
['2019-03-26 15:47:00', 5.33, 5.33, 5.33, 5.33, 100]
['2019-03-26 15:45:00', 5.33, 5.33, 5.33, 5.33, 100]
['2019-03-26 15:44:00', 5.33, 5.33, 5.33, 5.33, 100]
['2019-03-26 15:41:00', 5.33, 5.33, 5.33, 5.33, 100]
['2019-03-26 15:39:00', 5.33, 5.33, 5.33, 5.33, 100]
['2019-03-26 15:36:00', 5.34, 5.34, 5.34, 5.34, 103]
['2019-03-26 15:35:00', 5.33, 5.33, 5.33, 5.33, 200]
['2019-03-26 15:31:00', 5.33, 5.33, 5.33, 5.33, 103]
['2019-03-26 15:30:00', 5.33, 5.33, 5.33, 5.33, 100]
['2019-03-26 15:28:00', 5.33, 5.33, 5.33, 5.33, 101]
['2019-03-26 15:26:00', 5.33, 5.33, 5.33, 5.33, 800]
['2019-03-26 15:25:00', 5.32, 5.32, 5.32, 5.32, 408]
['2019-03-26 15:24:00', 5.32, 5.32, 5.32, 5.32, 102]
['2019-03-26 15:21:00', 5.31, 5.31, 5.31, 5.31, 1005]
['2019-03-26 15:14:00', 5.33, 5.33, 5.33, 5.33, 405]
['2019-03-26 15:12:00', 5.33, 5.33, 5.33, 5.33, 100]
['2019-03-26 15:07:00', 5.36, 5.36, 5.36, 5.36, 104]
['2019-03-26 15:04:00', 5.36, 5.36, 5.36, 5.36, 700]
['2019-03-26 15:01:00', 5.36, 5.36, 5.36, 5.36, 1600]
['2019-03-26 14:58:00', 5.36, 5.34, 5.34, 5.36, 1200]
['2019-03-26 14:57:00', 5.32, 5.32, 5.32, 5.32, 100]
['2019-03-26 14:54:00', 5.335, 5.335, 5.335, 5.335, 702]
['2019-03-26 14:53:00', 5.32, 5.33, 5.32, 5.33, 11903]
['2019-03-26 14:52:00', 5.275, 5.275, 5.275, 5.275, 100]
['2019-03-26 14:50:00', 5.275, 5.275, 5.275, 5.275, 110]
['2019-03-26 14:48:00', 5.275, 5.275, 5.275, 5.275, 100]
['2019-03-26 14:46:00', 5.275, 5.275, 5.275, 5.275, 100]
['2019-03-26 14:43:00', 5.275, 5.275, 5.275, 5.275, 100]
['2019-03-26 14:41:00', 5.29, 5.29, 5.29, 5.29, 100]
['2019-03-26 14:14:00', 5.275, 5.275, 5.275, 5.275, 100]
['2019-03-26 13:57:00', 5.29, 5.29, 5.29, 5.29, 200]
['2019-03-26 13:50:00', 5.275, 5.275, 5.275, 5.275, 1200]
['2019-03-26 13:32:00', 5.275, 5.275, 5.275, 5.275, 100]
['2019-03-26 13:23:00', 5.28, 5.275, 5.275, 5.28, 1510]
['2019-03-26 13:11:00', 5.2616, 5.265, 5.2616, 5.265, 754]
['2019-03-26 13:00:00', 5.27, 5.27, 5.27, 5.27, 1200]
['2019-03-26 12:58:00', 5.2646, 5.2646, 5.2646, 5.2646, 400]
['2019-03-26 12:54:00', 5.275, 5.275, 5.275, 5.275, 100]
['2019-03-26 12:35:00', 5.28, 5.28, 5.28, 5.28, 200]
['2019-03-26 12:26:00', 5.265, 5.28, 5.265, 5.28, 6211]
['2019-03-26 12:11:00', 5.265, 5.265, 5.265, 5.265, 200]
['2019-03-26 12:00:00', 5.27, 5.27, 5.27, 5.27, 100]
['2019-03-26 11:55:00', 5.27, 5.27, 5.27, 5.27, 200]
['2019-03-26 11:52:00', 5.26, 5.26, 5.26, 5.26, 120]
['2019-03-26 11:23:00', 5.25, 5.265, 5.25, 5.265, 743]
['2019-03-26 11:22:00', 5.275, 5.275, 5.275, 5.275, 200]
['2019-03-26 11:07:00', 5.2713, 5.2713, 5.2713, 5.2713, 300]
['2019-03-26 10:51:00', 5.3, 5.3, 5.3, 5.3, 101]
['2019-03-26 10:08:00', 5.3, 5.3, 5.3, 5.3, 120]
['2019-03-26 09:57:00', 5.3, 5.29, 5.29, 5.3, 200]
['2019-03-26 09:31:00', 5.23, 5.23, 5.23, 5.23, 0]
['2019-03-25 15:57:00', 5.25, 5.24, 5.24, 5.25, 724]
['2019-03-25 15:50:00', 5.2524, 5.2524, 5.2524, 5.2524, 669]
['2019-03-25 15:47:00', 5.25, 5.25, 5.25, 5.25, 100]
['2019-03-25 15:42:00', 5.25, 5.25, 5.25, 5.25, 100]
['2019-03-25 15:30:00', 5.25, 5.25, 5.25, 5.25, 319]
['2019-03-25 15:18:00', 5.24, 5.24, 5.24, 5.24, 320]
['2019-03-25 15:15:00', 5.23, 5.23, 5.23, 5.23, 700]
['2019-03-25 15:03:00', 5.2, 5.2, 5.2, 5.2, 101]
['2019-03-25 14:54:00', 5.2, 5.2, 5.2, 5.2, 101]
['2019-03-25 14:52:00', 5.23, 5.23, 5.23, 5.23, 100]
['2019-03-25 14:50:00', 5.23, 5.23, 5.23, 5.23, 100]
['2019-03-25 14:38:00', 5.2, 5.2, 5.2, 5.2, 201]
['2019-03-25 14:12:00', 5.1908, 5.1908, 5.1908, 5.1908, 197]
['2019-03-25 14:09:00', 5.2, 5.2, 5.2, 5.2, 200]
['2019-03-25 14:07:00', 5.185, 5.185, 5.185, 5.185, 400]
['2019-03-25 13:55:00', 5.2, 5.2, 5.2, 5.2, 1000]
['2019-03-25 13:52:00', 5.18, 5.18, 5.18, 5.18, 1314]
['2019-03-25 13:51:00', 5.19, 5.19, 5.19, 5.19, 100]
['2019-03-25 13:38:00', 5.18, 5.18, 5.18, 5.18, 206]
['2019-03-25 13:37:00', 5.16, 5.16, 5.16, 5.16, 100]
['2019-03-25 13:27:00', 5.18, 5.18, 5.18, 5.18, 100]
['2019-03-25 13:22:00', 5.165, 5.165, 5.165, 5.165, 1001]
['2019-03-25 13:09:00', 5.2, 5.185, 5.185, 5.205, 7215]
['2019-03-25 12:56:00', 5.2, 5.2, 5.2, 5.2, 3350]
['2019-03-25 12:54:00', 5.2, 5.2, 5.2, 5.2, 900]
['2019-03-25 12:53:00', 5.19, 5.19, 5.19, 5.19, 1000]
['2019-03-25 12:52:00', 5.18, 5.18, 5.18, 5.18, 600]
['2019-03-25 12:49:00', 5.18, 5.17, 5.17, 5.18, 3500]
['2019-03-25 12:45:00', 5.159, 5.159, 5.159, 5.159, 2000]
['2019-03-25 12:35:00', 5.19, 5.17, 5.17, 5.19, 400]
['2019-03-25 12:27:00', 5.19, 5.15, 5.15, 5.19, 200]
['2019-03-25 12:22:00', 5.15, 5.15, 5.15, 5.15, 5000]
['2019-03-25 12:12:00', 5.19, 5.19, 5.19, 5.19, 100]
['2019-03-25 12:04:00', 5.1562, 5.1562, 5.1562, 5.1562, 395]
['2019-03-25 11:56:00', 5.19, 5.18, 5.18, 5.19, 200]
['2019-03-25 11:32:00', 5.17, 5.17, 5.17, 5.17, 465]
['2019-03-25 10:56:00', 5.14, 5.14, 5.14, 5.14, 505]
['2019-03-25 10:55:00', 5.16, 5.16, 5.16, 5.16, 100]
['2019-03-25 10:49:00', 5.0524, 5.0524, 5.0524, 5.0524, 300]
['2019-03-25 10:47:00', 5.145, 5.145, 5.145, 5.145, 389]
['2019-03-25 10:30:00', 5.1437, 5.1437, 5.1437, 5.1437, 386]
['2019-03-25 10:26:00', 5.1252, 5.1252, 5.1252, 5.1252, 500]
['2019-03-25 10:08:00', 5.205, 5.205, 5.205, 5.205, 110]
['2019-03-25 09:33:00', 5.075, 5.19, 5.075, 5.19, 0]
