AKR
['2019-03-29 16:00:00', 27.3, 27.27, 27.27, 27.3, 16205]
['2019-03-29 15:59:00', 27.29, 27.29, 27.29, 27.29, 3101]
['2019-03-29 15:58:00', 27.27, 27.27, 27.27, 27.27, 1780]
['2019-03-29 15:57:00', 27.27, 27.27, 27.27, 27.27, 5350]
['2019-03-29 15:56:00', 27.25, 27.29, 27.25, 27.29, 12275]
['2019-03-29 15:55:00', 27.235, 27.235, 27.235, 27.235, 1674]
['2019-03-29 15:54:00', 27.235, 27.23, 27.23, 27.235, 4655]
['2019-03-29 15:53:00', 27.2, 27.245, 27.2, 27.245, 4645]
['2019-03-29 15:52:00', 27.2, 27.195, 27.195, 27.2, 2685]
['2019-03-29 15:51:00', 27.2, 27.2, 27.2, 27.2, 1989]
['2019-03-29 15:50:00', 27.24, 27.21, 27.21, 27.24, 3206]
['2019-03-29 15:49:00', 27.25, 27.25, 27.25, 27.25, 3082]
['2019-03-29 15:48:00', 27.25, 27.25, 27.25, 27.25, 776]
['2019-03-29 15:47:00', 27.26, 27.26, 27.26, 27.26, 3105]
['2019-03-29 15:46:00', 27.26, 27.26, 27.26, 27.26, 4801]
['2019-03-29 15:45:00', 27.27, 27.27, 27.27, 27.27, 1267]
['2019-03-29 15:44:00', 27.28, 27.27, 27.27, 27.28, 4725]
['2019-03-29 15:43:00', 27.3, 27.3, 27.3, 27.3, 1060]
['2019-03-29 15:42:00', 27.335, 27.31, 27.31, 27.335, 5024]
['2019-03-29 15:41:00', 27.335, 27.335, 27.335, 27.335, 708]
['2019-03-29 15:40:00', 27.33, 27.33, 27.33, 27.33, 929]
['2019-03-29 15:39:00', 27.32, 27.32, 27.32, 27.32, 2724]
['2019-03-29 15:38:00', 27.33, 27.315, 27.315, 27.33, 4391]
['2019-03-29 15:37:00', 27.335, 27.33, 27.33, 27.335, 1769]
['2019-03-29 15:35:00', 27.34, 27.34, 27.34, 27.34, 1772]
['2019-03-29 15:33:00', 27.32, 27.32, 27.32, 27.32, 1241]
['2019-03-29 15:32:00', 27.325, 27.335, 27.325, 27.335, 2629]
['2019-03-29 15:31:00', 27.34, 27.34, 27.34, 27.34, 301]
['2019-03-29 15:29:00', 27.33, 27.33, 27.33, 27.33, 422]
['2019-03-29 15:28:00', 27.33, 27.33, 27.33, 27.33, 646]
['2019-03-29 15:27:00', 27.31, 27.31, 27.31, 27.31, 1506]
['2019-03-29 15:26:00', 27.31, 27.31, 27.31, 27.31, 573]
['2019-03-29 15:24:00', 27.32, 27.31, 27.31, 27.32, 991]
['2019-03-29 15:23:00', 27.34, 27.33, 27.33, 27.34, 861]
['2019-03-29 15:21:00', 27.34, 27.34, 27.34, 27.34, 413]
['2019-03-29 15:20:00', 27.36, 27.36, 27.36, 27.36, 624]
['2019-03-29 15:19:00', 27.36, 27.36, 27.36, 27.36, 206]
['2019-03-29 15:17:00', 27.37, 27.37, 27.37, 27.37, 568]
['2019-03-29 15:16:00', 27.37, 27.35, 27.35, 27.37, 1533]
['2019-03-29 15:14:00', 27.37, 27.38, 27.37, 27.38, 1613]
['2019-03-29 15:12:00', 27.38, 27.37, 27.37, 27.38, 527]
['2019-03-29 15:10:00', 27.37, 27.37, 27.37, 27.37, 440]
['2019-03-29 15:09:00', 27.38, 27.38, 27.38, 27.38, 319]
['2019-03-29 15:07:00', 27.39, 27.39, 27.39, 27.39, 1238]
['2019-03-29 15:06:00', 27.41, 27.41, 27.41, 27.41, 523]
['2019-03-29 15:05:00', 27.41, 27.41, 27.41, 27.41, 200]
['2019-03-29 15:02:00', 27.41, 27.41, 27.41, 27.41, 669]
['2019-03-29 15:01:00', 27.4, 27.4, 27.4, 27.4, 449]
['2019-03-29 14:59:00', 27.395, 27.395, 27.395, 27.395, 673]
['2019-03-29 14:58:00', 27.38, 27.38, 27.38, 27.38, 100]
['2019-03-29 14:57:00', 27.395, 27.395, 27.395, 27.395, 337]
['2019-03-29 14:54:00', 27.4, 27.4, 27.4, 27.4, 197]
['2019-03-29 14:53:00', 27.4, 27.4, 27.4, 27.4, 305]
['2019-03-29 14:52:00', 27.38, 27.38, 27.38, 27.38, 669]
['2019-03-29 14:49:00', 27.38, 27.38, 27.38, 27.38, 1605]
['2019-03-29 14:47:00', 27.37, 27.37, 27.37, 27.37, 400]
['2019-03-29 14:45:00', 27.38, 27.38, 27.38, 27.38, 600]
['2019-03-29 14:44:00', 27.38, 27.38, 27.38, 27.38, 700]
['2019-03-29 14:43:00', 27.36, 27.36, 27.36, 27.36, 732]
['2019-03-29 14:39:00', 27.38, 27.38, 27.38, 27.38, 390]
['2019-03-29 14:38:00', 27.39, 27.39, 27.39, 27.39, 213]
['2019-03-29 14:37:00', 27.395, 27.395, 27.395, 27.395, 1321]
['2019-03-29 14:36:00', 27.4, 27.4, 27.4, 27.4, 205]
['2019-03-29 14:34:00', 27.4, 27.4, 27.4, 27.4, 702]
['2019-03-29 14:32:00', 27.405, 27.405, 27.405, 27.405, 103]
['2019-03-29 14:30:00', 27.415, 27.415, 27.415, 27.415, 782]
['2019-03-29 14:28:00', 27.4, 27.4, 27.4, 27.4, 800]
['2019-03-29 14:27:00', 27.4, 27.4, 27.39, 27.4, 1897]
['2019-03-29 14:26:00', 27.4, 27.4, 27.4, 27.4, 100]
['2019-03-29 14:24:00', 27.4, 27.4, 27.4, 27.4, 600]
['2019-03-29 14:23:00', 27.405, 27.405, 27.405, 27.405, 928]
['2019-03-29 14:22:00', 27.4, 27.4, 27.4, 27.4, 710]
['2019-03-29 14:21:00', 27.4, 27.4, 27.4, 27.4, 768]
['2019-03-29 14:20:00', 27.4, 27.4, 27.4, 27.4, 776]
['2019-03-29 14:19:00', 27.425, 27.425, 27.425, 27.425, 300]
['2019-03-29 14:16:00', 27.435, 27.435, 27.435, 27.435, 236]
['2019-03-29 14:15:00', 27.44, 27.44, 27.44, 27.44, 200]
['2019-03-29 14:14:00', 27.445, 27.445, 27.445, 27.445, 1000]
['2019-03-29 14:13:00', 27.43, 27.42, 27.42, 27.43, 4975]
['2019-03-29 14:12:00', 27.45, 27.44, 27.44, 27.45, 2598]
['2019-03-29 14:11:00', 27.46, 27.46, 27.46, 27.46, 951]
['2019-03-29 14:10:00', 27.46, 27.46, 27.46, 27.46, 632]
['2019-03-29 14:09:00', 27.43, 27.435, 27.43, 27.435, 3026]
['2019-03-29 14:08:00', 27.42, 27.42, 27.42, 27.42, 228]
['2019-03-29 14:07:00', 27.43, 27.43, 27.43, 27.43, 200]
['2019-03-29 14:04:00', 27.4, 27.42, 27.4, 27.42, 494]
['2019-03-29 14:02:00', 27.42, 27.42, 27.42, 27.42, 310]
['2019-03-29 14:00:00', 27.43, 27.43, 27.43, 27.43, 535]
['2019-03-29 13:58:00', 27.42, 27.42, 27.42, 27.42, 590]
['2019-03-29 13:56:00', 27.42, 27.42, 27.42, 27.42, 315]
['2019-03-29 13:54:00', 27.42, 27.42, 27.42, 27.42, 350]
['2019-03-29 13:52:00', 27.4, 27.4, 27.4, 27.4, 486]
['2019-03-29 13:50:00', 27.4, 27.4, 27.4, 27.4, 600]
['2019-03-29 13:49:00', 27.41, 27.41, 27.41, 27.41, 290]
['2019-03-29 13:48:00', 27.41, 27.41, 27.41, 27.41, 1806]
['2019-03-29 13:47:00', 27.38, 27.35, 27.35, 27.38, 2352]
['2019-03-29 13:46:00', 27.4, 27.4, 27.4, 27.4, 721]
['2019-03-29 13:45:00', 27.41, 27.41, 27.41, 27.41, 231]
['2019-03-29 13:43:00', 27.41, 27.41, 27.41, 27.41, 369]
['2019-03-29 13:39:00', 27.41, 27.41, 27.41, 27.41, 250]
['2019-03-29 13:38:00', 27.39, 27.39, 27.39, 27.39, 609]
['2019-03-29 13:37:00', 27.4, 27.42, 27.4, 27.42, 1957]
['2019-03-29 13:36:00', 27.42, 27.42, 27.42, 27.42, 792]
['2019-03-29 13:34:00', 27.45, 27.45, 27.45, 27.45, 862]
['2019-03-29 13:33:00', 27.45, 27.45, 27.45, 27.45, 1059]
['2019-03-29 13:32:00', 27.46, 27.47, 27.46, 27.47, 51638]
['2019-03-29 13:31:00', 27.47, 27.47, 27.47, 27.47, 1300]
['2019-03-29 13:28:00', 27.5, 27.5, 27.5, 27.5, 300]
['2019-03-29 13:23:00', 27.5, 27.5, 27.5, 27.5, 648]
['2019-03-29 13:21:00', 27.46, 27.46, 27.46, 27.46, 623]
['2019-03-29 13:19:00', 27.49, 27.49, 27.49, 27.49, 333]
['2019-03-29 13:18:00', 27.48, 27.48, 27.48, 27.48, 795]
['2019-03-29 13:16:00', 27.47, 27.47, 27.47, 27.47, 390]
['2019-03-29 13:14:00', 27.45, 27.46, 27.45, 27.46, 27053]
['2019-03-29 13:11:00', 27.42, 27.42, 27.42, 27.42, 100]
['2019-03-29 13:10:00', 27.42, 27.42, 27.42, 27.42, 113]
['2019-03-29 13:08:00', 27.41, 27.41, 27.41, 27.41, 511]
['2019-03-29 13:07:00', 27.43, 27.43, 27.43, 27.43, 506]
['2019-03-29 13:04:00', 27.43, 27.43, 27.43, 27.43, 444]
['2019-03-29 12:59:00', 27.44, 27.44, 27.44, 27.44, 421]
['2019-03-29 12:58:00', 27.46, 27.46, 27.46, 27.46, 681]
['2019-03-29 12:56:00', 27.435, 27.435, 27.435, 27.435, 236]
['2019-03-29 12:54:00', 27.43, 27.43, 27.43, 27.43, 362]
['2019-03-29 12:50:00', 27.4061, 27.4061, 27.4061, 27.4061, 469]
['2019-03-29 12:48:00', 27.4, 27.38, 27.38, 27.4, 1913]
['2019-03-29 12:46:00', 27.405, 27.405, 27.405, 27.405, 400]
['2019-03-29 12:43:00', 27.37, 27.37, 27.37, 27.37, 306]
['2019-03-29 12:41:00', 27.39, 27.39, 27.39, 27.39, 300]
['2019-03-29 12:38:00', 27.4, 27.4, 27.4, 27.4, 343]
['2019-03-29 12:35:00', 27.39, 27.39, 27.39, 27.39, 413]
['2019-03-29 12:33:00', 27.37, 27.37, 27.37, 27.37, 395]
['2019-03-29 12:30:00', 27.41, 27.39, 27.39, 27.41, 1073]
['2019-03-29 12:27:00', 27.43, 27.43, 27.43, 27.43, 200]
['2019-03-29 12:24:00', 27.415, 27.415, 27.415, 27.415, 380]
['2019-03-29 12:23:00', 27.4, 27.4, 27.4, 27.4, 308]
['2019-03-29 12:21:00', 27.39, 27.39, 27.39, 27.39, 300]
['2019-03-29 12:20:00', 27.38, 27.38, 27.38, 27.38, 400]
['2019-03-29 12:19:00', 27.39, 27.39, 27.39, 27.39, 437]
['2019-03-29 12:18:00', 27.4, 27.4, 27.4, 27.4, 300]
['2019-03-29 12:13:00', 27.41, 27.39, 27.39, 27.41, 634]
['2019-03-29 12:10:00', 27.4, 27.4, 27.4, 27.4, 200]
['2019-03-29 12:07:00', 27.4, 27.4, 27.4, 27.4, 1670]
['2019-03-29 12:05:00', 27.41, 27.4, 27.4, 27.41, 547]
['2019-03-29 12:03:00', 27.42, 27.42, 27.42, 27.42, 279]
['2019-03-29 12:02:00', 27.42, 27.42, 27.42, 27.42, 406]
['2019-03-29 12:00:00', 27.41, 27.41, 27.41, 27.41, 300]
['2019-03-29 11:57:00', 27.42, 27.42, 27.42, 27.42, 300]
['2019-03-29 11:55:00', 27.41, 27.41, 27.41, 27.41, 114]
['2019-03-29 11:54:00', 27.41, 27.41, 27.41, 27.41, 200]
['2019-03-29 11:50:00', 27.42, 27.42, 27.42, 27.42, 815]
['2019-03-29 11:48:00', 27.4, 27.4, 27.4, 27.4, 640]
['2019-03-29 11:44:00', 27.44, 27.42, 27.42, 27.44, 1465]
['2019-03-29 11:43:00', 27.46, 27.46, 27.46, 27.46, 442]
['2019-03-29 11:41:00', 27.43, 27.43, 27.43, 27.43, 221]
['2019-03-29 11:40:00', 27.45, 27.45, 27.45, 27.45, 435]
['2019-03-29 11:36:00', 27.43, 27.43, 27.43, 27.43, 531]
['2019-03-29 11:33:00', 27.445, 27.445, 27.445, 27.445, 299]
['2019-03-29 11:32:00', 27.47, 27.47, 27.47, 27.47, 799]
['2019-03-29 11:31:00', 27.49, 27.49, 27.49, 27.49, 302]
['2019-03-29 11:28:00', 27.5, 27.5, 27.5, 27.5, 100]
['2019-03-29 11:25:00', 27.47, 27.47, 27.47, 27.47, 410]
['2019-03-29 11:23:00', 27.46, 27.46, 27.46, 27.46, 200]
['2019-03-29 11:22:00', 27.46, 27.46, 27.46, 27.46, 650]
['2019-03-29 11:20:00', 27.44, 27.44, 27.44, 27.44, 460]
['2019-03-29 11:19:00', 27.46, 27.46, 27.46, 27.46, 460]
['2019-03-29 11:18:00', 27.48, 27.48, 27.48, 27.48, 413]
['2019-03-29 11:11:00', 27.48, 27.48, 27.48, 27.48, 1025]
['2019-03-29 11:09:00', 27.52, 27.5, 27.5, 27.52, 1300]
['2019-03-29 11:05:00', 27.49, 27.49, 27.49, 27.49, 400]
['2019-03-29 11:04:00', 27.48, 27.48, 27.48, 27.48, 500]
['2019-03-29 11:03:00', 27.48, 27.48, 27.48, 27.48, 624]
['2019-03-29 11:01:00', 27.52, 27.52, 27.52, 27.52, 400]
['2019-03-29 11:00:00', 27.55, 27.55, 27.55, 27.55, 310]
['2019-03-29 10:57:00', 27.56, 27.56, 27.56, 27.56, 809]
['2019-03-29 10:56:00', 27.55, 27.55, 27.55, 27.55, 436]
['2019-03-29 10:53:00', 27.59, 27.59, 27.59, 27.59, 482]
['2019-03-29 10:52:00', 27.59, 27.59, 27.59, 27.59, 510]
['2019-03-29 10:51:00', 27.63, 27.63, 27.63, 27.63, 1062]
['2019-03-29 10:48:00', 27.63, 27.63, 27.63, 27.63, 981]
['2019-03-29 10:47:00', 27.655, 27.655, 27.655, 27.655, 200]
['2019-03-29 10:44:00', 27.66, 27.66, 27.66, 27.66, 100]
['2019-03-29 10:42:00', 27.665, 27.665, 27.665, 27.665, 590]
['2019-03-29 10:41:00', 27.7, 27.7, 27.7, 27.7, 846]
['2019-03-29 10:40:00', 27.67, 27.67, 27.67, 27.67, 200]
['2019-03-29 10:38:00', 27.66, 27.66, 27.66, 27.66, 710]
['2019-03-29 10:36:00', 27.66, 27.66, 27.66, 27.66, 1242]
['2019-03-29 10:35:00', 27.66, 27.66, 27.66, 27.66, 400]
['2019-03-29 10:33:00', 27.67, 27.67, 27.67, 27.67, 102]
['2019-03-29 10:31:00', 27.665, 27.665, 27.665, 27.665, 460]
['2019-03-29 10:30:00', 27.66, 27.66, 27.66, 27.66, 338]
['2019-03-29 10:27:00', 27.64, 27.64, 27.64, 27.64, 847]
['2019-03-29 10:26:00', 27.66, 27.66, 27.66, 27.66, 723]
['2019-03-29 10:24:00', 27.64, 27.64, 27.64, 27.64, 407]
['2019-03-29 10:21:00', 27.64, 27.64, 27.64, 27.64, 555]
['2019-03-29 10:17:00', 27.63, 27.63, 27.63, 27.63, 905]
['2019-03-29 10:16:00', 27.62, 27.62, 27.62, 27.62, 470]
['2019-03-29 10:15:00', 27.63, 27.63, 27.63, 27.63, 447]
['2019-03-29 10:11:00', 27.605, 27.605, 27.605, 27.605, 539]
['2019-03-29 10:10:00', 27.6, 27.6, 27.6, 27.6, 421]
['2019-03-29 10:09:00', 27.61, 27.61, 27.61, 27.61, 796]
['2019-03-29 10:08:00', 27.59, 27.59, 27.59, 27.59, 300]
['2019-03-29 10:04:00', 27.58, 27.56, 27.56, 27.58, 1399]
['2019-03-29 10:03:00', 27.55, 27.55, 27.55, 27.55, 900]
['2019-03-29 09:58:00', 27.6, 27.6, 27.6, 27.6, 234]
['2019-03-29 09:52:00', 27.46, 27.46, 27.46, 27.46, 200]
['2019-03-29 09:49:00', 27.42, 27.4, 27.4, 27.42, 3550]
['2019-03-29 09:47:00', 27.4294, 27.4294, 27.4294, 27.4294, 957]
['2019-03-29 09:43:00', 27.44, 27.44, 27.44, 27.44, 207]
['2019-03-29 09:41:00', 27.46, 27.46, 27.46, 27.46, 1004]
['2019-03-29 09:38:00', 27.47, 27.47, 27.47, 27.47, 1399]
['2019-03-29 09:36:00', 27.38, 27.38, 27.38, 27.38, 383]
['2019-03-29 09:35:00', 27.47, 27.47, 27.47, 27.47, 343]
['2019-03-29 09:31:00', 27.57, 27.57, 27.57, 27.57, 2658]
['2019-03-28 16:00:00', 27.57, 27.57, 27.57, 27.57, 8151]
['2019-03-28 15:59:00', 27.57, 27.57, 27.57, 27.57, 6102]
['2019-03-28 15:58:00', 27.545, 27.57, 27.545, 27.57, 4932]
['2019-03-28 15:57:00', 27.555, 27.55, 27.55, 27.57, 5216]
['2019-03-28 15:56:00', 27.53, 27.56, 27.53, 27.56, 4628]
['2019-03-28 15:55:00', 27.5, 27.51, 27.5, 27.51, 2697]
['2019-03-28 15:53:00', 27.5, 27.49, 27.49, 27.5, 2693]
['2019-03-28 15:52:00', 27.51, 27.51, 27.51, 27.51, 1376]
['2019-03-28 15:51:00', 27.54, 27.51, 27.51, 27.54, 3669]
['2019-03-28 15:50:00', 27.53, 27.53, 27.53, 27.53, 500]
['2019-03-28 15:49:00', 27.52, 27.52, 27.52, 27.52, 1975]
['2019-03-28 15:48:00', 27.53, 27.53, 27.53, 27.53, 3073]
['2019-03-28 15:47:00', 27.53, 27.54, 27.53, 27.54, 2108]
['2019-03-28 15:46:00', 27.515, 27.515, 27.515, 27.515, 1306]
['2019-03-28 15:45:00', 27.51, 27.5, 27.495, 27.51, 4123]
['2019-03-28 15:44:00', 27.48, 27.5, 27.48, 27.5, 2074]
['2019-03-28 15:43:00', 27.48, 27.48, 27.48, 27.48, 613]
['2019-03-28 15:42:00', 27.47, 27.47, 27.47, 27.47, 300]
['2019-03-28 15:39:00', 27.48, 27.48, 27.48, 27.48, 1762]
['2019-03-28 15:38:00', 27.5, 27.49, 27.49, 27.5, 2423]
['2019-03-28 15:37:00', 27.51, 27.51, 27.51, 27.51, 1095]
['2019-03-28 15:36:00', 27.51, 27.51, 27.51, 27.51, 1783]
['2019-03-28 15:35:00', 27.51, 27.51, 27.51, 27.51, 900]
['2019-03-28 15:34:00', 27.51, 27.5, 27.5, 27.51, 5762]
['2019-03-28 15:33:00', 27.53, 27.52, 27.52, 27.53, 3083]
['2019-03-28 15:32:00', 27.515, 27.515, 27.515, 27.515, 479]
['2019-03-28 15:31:00', 27.505, 27.515, 27.505, 27.515, 1335]
['2019-03-28 15:30:00', 27.51, 27.51, 27.51, 27.51, 1907]
['2019-03-28 15:29:00', 27.5, 27.5, 27.5, 27.5, 276]
['2019-03-28 15:28:00', 27.5, 27.51, 27.5, 27.51, 2373]
['2019-03-28 15:27:00', 27.48, 27.48, 27.48, 27.48, 525]
['2019-03-28 15:26:00', 27.465, 27.465, 27.465, 27.465, 678]
['2019-03-28 15:25:00', 27.48, 27.48, 27.48, 27.48, 721]
['2019-03-28 15:24:00', 27.48, 27.48, 27.48, 27.48, 1339]
['2019-03-28 15:23:00', 27.49, 27.49, 27.49, 27.49, 452]
['2019-03-28 15:22:00', 27.475, 27.475, 27.475, 27.475, 800]
['2019-03-28 15:20:00', 27.44, 27.46, 27.44, 27.46, 705]
['2019-03-28 15:19:00', 27.44, 27.44, 27.44, 27.44, 401]
['2019-03-28 15:18:00', 27.43, 27.43, 27.43, 27.43, 801]
['2019-03-28 15:17:00', 27.41, 27.41, 27.41, 27.41, 502]
['2019-03-28 15:16:00', 27.4, 27.4, 27.4, 27.4, 402]
['2019-03-28 15:14:00', 27.39, 27.39, 27.39, 27.39, 1418]
['2019-03-28 15:13:00', 27.38, 27.38, 27.38, 27.38, 300]
['2019-03-28 15:12:00', 27.36, 27.36, 27.36, 27.36, 1131]
['2019-03-28 15:08:00', 27.36, 27.37, 27.36, 27.37, 2322]
['2019-03-28 15:07:00', 27.37, 27.37, 27.37, 27.37, 1338]
['2019-03-28 15:06:00', 27.375, 27.375, 27.375, 27.375, 179]
['2019-03-28 15:05:00', 27.38, 27.38, 27.38, 27.38, 305]
['2019-03-28 15:03:00', 27.36, 27.38, 27.36, 27.39, 2446]
['2019-03-28 14:59:00', 27.37, 27.37, 27.37, 27.37, 1000]
['2019-03-28 14:58:00', 27.39, 27.38, 27.37, 27.39, 5354]
['2019-03-28 14:57:00', 27.4, 27.4, 27.4, 27.4, 511]
['2019-03-28 14:54:00', 27.38, 27.4, 27.38, 27.4, 840]
['2019-03-28 14:53:00', 27.38, 27.38, 27.38, 27.38, 322]
['2019-03-28 14:51:00', 27.4, 27.4, 27.4, 27.4, 401]
['2019-03-28 14:50:00', 27.41, 27.41, 27.41, 27.41, 309]
['2019-03-28 14:48:00', 27.43, 27.42, 27.42, 27.43, 930]
['2019-03-28 14:46:00', 27.41, 27.41, 27.41, 27.41, 200]
['2019-03-28 14:44:00', 27.43, 27.43, 27.43, 27.43, 321]
['2019-03-28 14:42:00', 27.4, 27.4, 27.4, 27.4, 212]
['2019-03-28 14:38:00', 27.39, 27.39, 27.39, 27.39, 400]
['2019-03-28 14:37:00', 27.4, 27.4, 27.4, 27.4, 600]
['2019-03-28 14:35:00', 27.39, 27.4, 27.39, 27.4, 523]
['2019-03-28 14:34:00', 27.415, 27.415, 27.415, 27.415, 1101]
['2019-03-28 14:33:00', 27.45, 27.45, 27.45, 27.45, 104]
['2019-03-28 14:32:00', 27.44, 27.44, 27.44, 27.44, 200]
['2019-03-28 14:29:00', 27.45, 27.45, 27.45, 27.45, 396]
['2019-03-28 14:28:00', 27.44, 27.44, 27.44, 27.44, 100]
['2019-03-28 14:27:00', 27.45, 27.45, 27.45, 27.45, 686]
['2019-03-28 14:26:00', 27.46, 27.46, 27.46, 27.46, 879]
['2019-03-28 14:24:00', 27.45, 27.45, 27.45, 27.45, 291]
['2019-03-28 14:23:00', 27.44, 27.44, 27.44, 27.44, 230]
['2019-03-28 14:21:00', 27.4, 27.43, 27.4, 27.44, 4461]
['2019-03-28 14:19:00', 27.41, 27.41, 27.41, 27.41, 390]
['2019-03-28 14:17:00', 27.42, 27.42, 27.42, 27.42, 409]
['2019-03-28 14:16:00', 27.42, 27.42, 27.42, 27.42, 319]
['2019-03-28 14:13:00', 27.41, 27.41, 27.41, 27.41, 338]
['2019-03-28 14:12:00', 27.39, 27.39, 27.39, 27.39, 111]
['2019-03-28 14:10:00', 27.39, 27.39, 27.39, 27.39, 311]
['2019-03-28 14:08:00', 27.4, 27.4, 27.4, 27.4, 105]
['2019-03-28 14:07:00', 27.39, 27.39, 27.39, 27.39, 1364]
['2019-03-28 14:06:00', 27.41, 27.4, 27.4, 27.41, 1460]
['2019-03-28 14:05:00', 27.42, 27.42, 27.42, 27.42, 543]
['2019-03-28 14:03:00', 27.39, 27.39, 27.39, 27.39, 285]
['2019-03-28 14:01:00', 27.37, 27.39, 27.37, 27.39, 2117]
['2019-03-28 14:00:00', 27.37, 27.38, 27.37, 27.38, 3083]
['2019-03-28 13:59:00', 27.41, 27.41, 27.41, 27.41, 1272]
['2019-03-28 13:58:00', 27.39, 27.39, 27.39, 27.39, 610]
['2019-03-28 13:55:00', 27.4, 27.4, 27.4, 27.4, 405]
['2019-03-28 13:53:00', 27.4, 27.4, 27.39, 27.4, 2049]
['2019-03-28 13:51:00', 27.4, 27.39, 27.39, 27.4, 1648]
['2019-03-28 13:50:00', 27.41, 27.4, 27.4, 27.41, 2938]
['2019-03-28 13:49:00', 27.425, 27.425, 27.425, 27.425, 400]
['2019-03-28 13:48:00', 27.42, 27.42, 27.42, 27.42, 202]
['2019-03-28 13:47:00', 27.42, 27.42, 27.42, 27.42, 295]
['2019-03-28 13:44:00', 27.41, 27.41, 27.41, 27.41, 605]
['2019-03-28 13:42:00', 27.43, 27.43, 27.43, 27.43, 409]
['2019-03-28 13:36:00', 27.41, 27.39, 27.385, 27.41, 1639]
['2019-03-28 13:32:00', 27.39, 27.39, 27.39, 27.39, 553]
['2019-03-28 13:31:00', 27.36, 27.37, 27.36, 27.37, 1198]
['2019-03-28 13:28:00', 27.34, 27.34, 27.34, 27.34, 501]
['2019-03-28 13:25:00', 27.32, 27.32, 27.32, 27.32, 391]
['2019-03-28 13:24:00', 27.33, 27.33, 27.33, 27.33, 383]
['2019-03-28 13:22:00', 27.33, 27.3, 27.3, 27.33, 6401]
['2019-03-28 13:21:00', 27.34, 27.32, 27.32, 27.34, 9008]
['2019-03-28 13:20:00', 27.34, 27.34, 27.34, 27.34, 425]
['2019-03-28 13:19:00', 27.36, 27.36, 27.36, 27.36, 695]
['2019-03-28 13:15:00', 27.33, 27.33, 27.33, 27.33, 914]
['2019-03-28 13:14:00', 27.34, 27.34, 27.34, 27.34, 1510]
['2019-03-28 13:13:00', 27.34, 27.34, 27.34, 27.34, 309]
['2019-03-28 13:12:00', 27.33, 27.33, 27.33, 27.33, 500]
['2019-03-28 13:11:00', 27.35, 27.35, 27.35, 27.35, 219]
['2019-03-28 13:09:00', 27.32, 27.34, 27.32, 27.34, 681]
['2019-03-28 13:08:00', 27.33, 27.33, 27.33, 27.33, 700]
['2019-03-28 13:05:00', 27.33, 27.33, 27.33, 27.33, 2540]
['2019-03-28 13:03:00', 27.34, 27.34, 27.34, 27.34, 128]
['2019-03-28 13:02:00', 27.35, 27.34, 27.34, 27.36, 3033]
['2019-03-28 12:59:00', 27.35, 27.35, 27.35, 27.35, 400]
['2019-03-28 12:56:00', 27.35, 27.35, 27.35, 27.35, 633]
['2019-03-28 12:54:00', 27.35, 27.35, 27.35, 27.35, 301]
['2019-03-28 12:52:00', 27.33, 27.33, 27.33, 27.33, 950]
['2019-03-28 12:49:00', 27.33, 27.33, 27.33, 27.33, 704]
['2019-03-28 12:46:00', 27.34, 27.34, 27.34, 27.34, 1198]
['2019-03-28 12:45:00', 27.35, 27.34, 27.34, 27.35, 1490]
['2019-03-28 12:44:00', 27.34, 27.34, 27.34, 27.34, 700]
['2019-03-28 12:42:00', 27.34, 27.34, 27.34, 27.34, 900]
['2019-03-28 12:38:00', 27.35, 27.35, 27.35, 27.35, 1585]
['2019-03-28 12:37:00', 27.34, 27.34, 27.34, 27.34, 1409]
['2019-03-28 12:36:00', 27.32, 27.32, 27.32, 27.32, 1041]
['2019-03-28 12:35:00', 27.3, 27.3, 27.3, 27.3, 359]
['2019-03-28 12:34:00', 27.32, 27.32, 27.32, 27.32, 291]
['2019-03-28 12:33:00', 27.31, 27.31, 27.31, 27.31, 469]
['2019-03-28 12:31:00', 27.31, 27.31, 27.31, 27.31, 906]
['2019-03-28 12:29:00', 27.29, 27.29, 27.29, 27.29, 412]
['2019-03-28 12:28:00', 27.27, 27.27, 27.27, 27.27, 311]
['2019-03-28 12:27:00', 27.27, 27.27, 27.27, 27.27, 348]
['2019-03-28 12:26:00', 27.29, 27.29, 27.29, 27.29, 955]
['2019-03-28 12:21:00', 27.26, 27.26, 27.26, 27.26, 715]
['2019-03-28 12:20:00', 27.25, 27.25, 27.25, 27.25, 599]
['2019-03-28 12:17:00', 27.25, 27.25, 27.25, 27.25, 177]
['2019-03-28 12:15:00', 27.24, 27.24, 27.24, 27.24, 864]
['2019-03-28 12:14:00', 27.25, 27.25, 27.25, 27.25, 330]
['2019-03-28 12:13:00', 27.26, 27.27, 27.26, 27.27, 1234]
['2019-03-28 12:11:00', 27.23, 27.24, 27.23, 27.24, 1210]
['2019-03-28 12:10:00', 27.24, 27.24, 27.24, 27.24, 1221]
['2019-03-28 12:08:00', 27.245, 27.245, 27.245, 27.245, 404]
['2019-03-28 12:05:00', 27.24, 27.24, 27.24, 27.24, 200]
['2019-03-28 12:04:00', 27.25, 27.24, 27.24, 27.25, 1034]
['2019-03-28 12:02:00', 27.29, 27.29, 27.29, 27.29, 411]
['2019-03-28 12:01:00', 27.275, 27.275, 27.275, 27.275, 592]
['2019-03-28 12:00:00', 27.27, 27.27, 27.27, 27.27, 700]
['2019-03-28 11:58:00', 27.265, 27.265, 27.265, 27.265, 487]
['2019-03-28 11:57:00', 27.22, 27.25, 27.22, 27.25, 4505]
['2019-03-28 11:53:00', 27.19, 27.19, 27.19, 27.19, 812]
['2019-03-28 11:52:00', 27.2, 27.2, 27.2, 27.2, 240]
['2019-03-28 11:51:00', 27.2, 27.2, 27.2, 27.2, 1633]
['2019-03-28 11:50:00', 27.2, 27.19, 27.19, 27.2, 3829]
['2019-03-28 11:49:00', 27.21, 27.21, 27.21, 27.21, 1246]
['2019-03-28 11:47:00', 27.22, 27.21, 27.21, 27.22, 1666]
['2019-03-28 11:43:00', 27.195, 27.195, 27.195, 27.195, 311]
['2019-03-28 11:42:00', 27.23, 27.23, 27.23, 27.23, 842]
['2019-03-28 11:41:00', 27.21, 27.21, 27.21, 27.21, 390]
['2019-03-28 11:39:00', 27.2, 27.2, 27.2, 27.2, 309]
['2019-03-28 11:38:00', 27.19, 27.18, 27.18, 27.19, 1000]
['2019-03-28 11:36:00', 27.18, 27.19, 27.18, 27.19, 1397]
['2019-03-28 11:34:00', 27.17, 27.17, 27.17, 27.17, 161]
['2019-03-28 11:33:00', 27.18, 27.18, 27.18, 27.18, 331]
['2019-03-28 11:29:00', 27.21, 27.2, 27.2, 27.21, 1465]
['2019-03-28 11:27:00', 27.21, 27.21, 27.21, 27.21, 399]
['2019-03-28 11:25:00', 27.22, 27.22, 27.22, 27.22, 235]
['2019-03-28 11:24:00', 27.21, 27.21, 27.21, 27.21, 239]
['2019-03-28 11:22:00', 27.24, 27.24, 27.24, 27.24, 407]
['2019-03-28 11:20:00', 27.24, 27.235, 27.235, 27.24, 677]
['2019-03-28 11:18:00', 27.25, 27.25, 27.25, 27.25, 370]
['2019-03-28 11:16:00', 27.23, 27.23, 27.23, 27.23, 240]
['2019-03-28 11:15:00', 27.25, 27.25, 27.25, 27.25, 630]
['2019-03-28 11:14:00', 27.26, 27.26, 27.26, 27.26, 300]
['2019-03-28 11:11:00', 27.25, 27.26, 27.25, 27.26, 1048]
['2019-03-28 11:08:00', 27.26, 27.26, 27.26, 27.26, 539]
['2019-03-28 11:06:00', 27.25, 27.25, 27.25, 27.25, 307]
['2019-03-28 11:04:00', 27.27, 27.27, 27.27, 27.27, 1190]
['2019-03-28 11:02:00', 27.2202, 27.2202, 27.2202, 27.2202, 1730]
['2019-03-28 11:00:00', 27.24, 27.24, 27.24, 27.24, 312]
['2019-03-28 10:59:00', 27.24, 27.24, 27.24, 27.24, 452]
['2019-03-28 10:55:00', 27.26, 27.26, 27.26, 27.26, 764]
['2019-03-28 10:53:00', 27.265, 27.265, 27.265, 27.265, 326]
['2019-03-28 10:52:00', 27.24, 27.24, 27.24, 27.24, 330]
['2019-03-28 10:50:00', 27.24, 27.24, 27.24, 27.24, 397]
['2019-03-28 10:48:00', 27.25, 27.25, 27.25, 27.25, 192]
['2019-03-28 10:47:00', 27.29, 27.29, 27.29, 27.29, 532]
['2019-03-28 10:44:00', 27.32, 27.3, 27.3, 27.32, 3553]
['2019-03-28 10:42:00', 27.32, 27.32, 27.32, 27.32, 645]
['2019-03-28 10:40:00', 27.3, 27.3, 27.3, 27.3, 497]
['2019-03-28 10:39:00', 27.31, 27.31, 27.31, 27.31, 596]
['2019-03-28 10:38:00', 27.32, 27.32, 27.32, 27.32, 310]
['2019-03-28 10:35:00', 27.36, 27.36, 27.36, 27.36, 863]
['2019-03-28 10:34:00', 27.34, 27.34, 27.34, 27.34, 496]
['2019-03-28 10:32:00', 27.32, 27.32, 27.32, 27.32, 524]
['2019-03-28 10:31:00', 27.33, 27.33, 27.33, 27.33, 305]
['2019-03-28 10:30:00', 27.36, 27.36, 27.36, 27.36, 1511]
['2019-03-28 10:29:00', 27.39, 27.39, 27.39, 27.39, 304]
['2019-03-28 10:28:00', 27.39, 27.39, 27.39, 27.39, 643]
['2019-03-28 10:24:00', 27.42, 27.42, 27.42, 27.42, 120]
['2019-03-28 10:22:00', 27.445, 27.445, 27.445, 27.445, 456]
['2019-03-28 10:21:00', 27.39, 27.425, 27.39, 27.425, 980]
['2019-03-28 10:15:00', 27.42, 27.425, 27.42, 27.425, 614]
['2019-03-28 10:13:00', 27.445, 27.44, 27.44, 27.445, 1003]
['2019-03-28 10:12:00', 27.44, 27.44, 27.44, 27.44, 490]
['2019-03-28 10:09:00', 27.4, 27.43, 27.4, 27.43, 1310]
['2019-03-28 10:07:00', 27.405, 27.405, 27.405, 27.405, 607]
['2019-03-28 10:06:00', 27.46, 27.46, 27.46, 27.46, 400]
['2019-03-28 10:03:00', 27.45, 27.45, 27.45, 27.45, 764]
['2019-03-28 09:59:00', 27.38, 27.38, 27.38, 27.38, 690]
['2019-03-28 09:56:00', 27.37, 27.39, 27.37, 27.39, 884]
['2019-03-28 09:52:00', 27.39, 27.39, 27.39, 27.39, 3225]
['2019-03-28 09:51:00', 27.415, 27.415, 27.415, 27.415, 1066]
['2019-03-28 09:48:00', 27.374, 27.374, 27.374, 27.374, 713]
['2019-03-28 09:45:00', 27.38, 27.38, 27.38, 27.38, 346]
['2019-03-28 09:43:00', 27.405, 27.405, 27.405, 27.405, 115]
['2019-03-28 09:41:00', 27.325, 27.38, 27.325, 27.38, 1148]
['2019-03-28 09:38:00', 27.37, 27.37, 27.37, 27.37, 603]
['2019-03-28 09:35:00', 27.24, 27.24, 27.24, 27.24, 275]
['2019-03-28 09:31:00', 27.26, 27.26, 27.26, 27.26, 4182]
['2019-03-27 16:00:00', 27.5, 27.495, 27.495, 27.5, 9844]
['2019-03-27 15:59:00', 27.51, 27.5, 27.5, 27.51, 6609]
['2019-03-27 15:58:00', 27.51, 27.505, 27.505, 27.51, 4174]
['2019-03-27 15:57:00', 27.5, 27.5, 27.5, 27.5, 1546]
['2019-03-27 15:56:00', 27.5, 27.5, 27.5, 27.5, 5001]
['2019-03-27 15:55:00', 27.5, 27.5, 27.5, 27.51, 5965]
['2019-03-27 15:54:00', 27.5, 27.5, 27.5, 27.5, 1953]
['2019-03-27 15:53:00', 27.555, 27.5, 27.5, 27.555, 9193]
['2019-03-27 15:52:00', 27.57, 27.57, 27.56, 27.58, 12795]
['2019-03-27 15:51:00', 27.58, 27.58, 27.58, 27.58, 772]
['2019-03-27 15:50:00', 27.57, 27.57, 27.57, 27.57, 900]
['2019-03-27 15:49:00', 27.57, 27.57, 27.57, 27.57, 2652]
['2019-03-27 15:48:00', 27.61, 27.57, 27.57, 27.61, 16089]
['2019-03-27 15:47:00', 27.6, 27.6, 27.6, 27.6, 1607]
['2019-03-27 15:46:00', 27.59, 27.59, 27.59, 27.6, 4829]
['2019-03-27 15:45:00', 27.6, 27.58, 27.58, 27.6, 12030]
['2019-03-27 15:44:00', 27.57, 27.58, 27.57, 27.58, 1802]
['2019-03-27 15:43:00', 27.54, 27.56, 27.54, 27.56, 3284]
['2019-03-27 15:42:00', 27.53, 27.53, 27.53, 27.53, 990]
['2019-03-27 15:41:00', 27.5, 27.49, 27.49, 27.5, 52638]
['2019-03-27 15:40:00', 27.48, 27.475, 27.475, 27.48, 1852]
['2019-03-27 15:39:00', 27.5, 27.5, 27.5, 27.5, 1227]
['2019-03-27 15:38:00', 27.5, 27.5, 27.5, 27.5, 1246]
['2019-03-27 15:37:00', 27.48, 27.48, 27.48, 27.48, 1856]
['2019-03-27 15:36:00', 27.48, 27.47, 27.47, 27.48, 2440]
['2019-03-27 15:35:00', 27.47, 27.47, 27.47, 27.47, 871]
['2019-03-27 15:34:00', 27.44, 27.46, 27.44, 27.46, 3892]
['2019-03-27 15:33:00', 27.45, 27.435, 27.435, 27.45, 27213]
['2019-03-27 15:32:00', 27.45, 27.45, 27.45, 27.45, 735]
['2019-03-27 15:31:00', 27.45, 27.45, 27.45, 27.45, 1431]
['2019-03-27 15:30:00', 27.41, 27.41, 27.41, 27.41, 424]
['2019-03-27 15:29:00', 27.42, 27.42, 27.42, 27.42, 1255]
['2019-03-27 15:28:00', 27.43, 27.43, 27.43, 27.43, 508]
['2019-03-27 15:27:00', 27.44, 27.42, 27.42, 27.44, 799]
['2019-03-27 15:25:00', 27.43, 27.43, 27.43, 27.43, 1559]
['2019-03-27 15:24:00', 27.44, 27.44, 27.44, 27.44, 700]
['2019-03-27 15:23:00', 27.43, 27.43, 27.43, 27.43, 235]
['2019-03-27 15:22:00', 27.42, 27.42, 27.42, 27.42, 564]
['2019-03-27 15:21:00', 27.41, 27.41, 27.41, 27.41, 407]
['2019-03-27 15:20:00', 27.4, 27.39, 27.39, 27.4, 1728]
['2019-03-27 15:19:00', 27.385, 27.39, 27.385, 27.39, 1172]
['2019-03-27 15:17:00', 27.38, 27.38, 27.38, 27.38, 490]
['2019-03-27 15:16:00', 27.35, 27.35, 27.35, 27.35, 202]
['2019-03-27 15:15:00', 27.37, 27.35, 27.35, 27.37, 1702]
['2019-03-27 15:14:00', 27.34, 27.34, 27.34, 27.34, 345]
['2019-03-27 15:13:00', 27.38, 27.38, 27.38, 27.38, 590]
['2019-03-27 15:12:00', 27.32, 27.34, 27.32, 27.34, 1209]
['2019-03-27 15:10:00', 27.35, 27.35, 27.35, 27.35, 346]
['2019-03-27 15:09:00', 27.35, 27.32, 27.32, 27.35, 1179]
['2019-03-27 15:07:00', 27.37, 27.34, 27.34, 27.37, 1004]
['2019-03-27 15:05:00', 27.37, 27.35, 27.35, 27.37, 1500]
['2019-03-27 15:04:00', 27.34, 27.34, 27.34, 27.34, 413]
['2019-03-27 15:03:00', 27.38, 27.37, 27.37, 27.38, 1356]
['2019-03-27 15:02:00', 27.38, 27.38, 27.38, 27.38, 301]
['2019-03-27 15:01:00', 27.4, 27.4, 27.4, 27.4, 460]
['2019-03-27 15:00:00', 27.4, 27.4, 27.4, 27.4, 208]
['2019-03-27 14:58:00', 27.43, 27.43, 27.43, 27.43, 203]
['2019-03-27 14:57:00', 27.42, 27.42, 27.42, 27.42, 594]
['2019-03-27 14:56:00', 27.41, 27.41, 27.41, 27.41, 837]
['2019-03-27 14:54:00', 27.4, 27.4, 27.4, 27.4, 1000]
['2019-03-27 14:53:00', 27.44, 27.44, 27.44, 27.44, 204]
['2019-03-27 14:52:00', 27.43, 27.43, 27.43, 27.43, 323]
['2019-03-27 14:51:00', 27.431, 27.46, 27.431, 27.46, 3486]
['2019-03-27 14:49:00', 27.45, 27.45, 27.45, 27.45, 138]
['2019-03-27 14:48:00', 27.44, 27.44, 27.44, 27.44, 123]
['2019-03-27 14:47:00', 27.48, 27.48, 27.48, 27.48, 373]
['2019-03-27 14:46:00', 27.46, 27.46, 27.46, 27.46, 480]
['2019-03-27 14:45:00', 27.44, 27.44, 27.44, 27.44, 209]
['2019-03-27 14:43:00', 27.41, 27.41, 27.41, 27.41, 222]
['2019-03-27 14:42:00', 27.4, 27.4, 27.4, 27.4, 890]
['2019-03-27 14:41:00', 27.4, 27.4, 27.4, 27.4, 359]
['2019-03-27 14:39:00', 27.435, 27.4, 27.4, 27.435, 1418]
['2019-03-27 14:38:00', 27.46, 27.46, 27.46, 27.46, 429]
['2019-03-27 14:36:00', 27.45, 27.45, 27.45, 27.45, 223]
['2019-03-27 14:34:00', 27.47, 27.47, 27.47, 27.47, 479]
['2019-03-27 14:32:00', 27.48, 27.48, 27.48, 27.48, 872]
['2019-03-27 14:31:00', 27.48, 27.48, 27.48, 27.48, 240]
['2019-03-27 14:29:00', 27.47, 27.47, 27.47, 27.47, 905]
['2019-03-27 14:27:00', 27.44, 27.44, 27.44, 27.44, 655]
['2019-03-27 14:26:00', 27.44, 27.44, 27.44, 27.44, 227]
['2019-03-27 14:25:00', 27.43, 27.46, 27.43, 27.46, 1779]
['2019-03-27 14:23:00', 27.4, 27.42, 27.4, 27.42, 795]
['2019-03-27 14:18:00', 27.41, 27.41, 27.41, 27.41, 163]
['2019-03-27 14:16:00', 27.43, 27.44, 27.43, 27.44, 1535]
['2019-03-27 14:15:00', 27.41, 27.395, 27.395, 27.41, 1743]
['2019-03-27 14:14:00', 27.41, 27.41, 27.41, 27.41, 1501]
['2019-03-27 14:13:00', 27.4, 27.4, 27.4, 27.4, 245]
['2019-03-27 14:12:00', 27.41, 27.4, 27.4, 27.42, 2383]
['2019-03-27 14:10:00', 27.39, 27.38, 27.38, 27.39, 846]
['2019-03-27 14:07:00', 27.39, 27.39, 27.39, 27.39, 541]
['2019-03-27 14:05:00', 27.4, 27.4, 27.4, 27.4, 1009]
['2019-03-27 14:04:00', 27.39, 27.4, 27.39, 27.4, 1646]
['2019-03-27 14:03:00', 27.38, 27.38, 27.38, 27.38, 318]
['2019-03-27 14:00:00', 27.37, 27.37, 27.37, 27.37, 345]
['2019-03-27 13:59:00', 27.39, 27.39, 27.39, 27.39, 769]
['2019-03-27 13:57:00', 27.39, 27.385, 27.385, 27.39, 1117]
['2019-03-27 13:56:00', 27.405, 27.4, 27.4, 27.405, 4216]
['2019-03-27 13:55:00', 27.4, 27.4, 27.4, 27.4, 603]
['2019-03-27 13:54:00', 27.4, 27.4, 27.4, 27.4, 512]
['2019-03-27 13:53:00', 27.41, 27.41, 27.41, 27.41, 600]
['2019-03-27 13:52:00', 27.4, 27.4, 27.4, 27.4, 841]
['2019-03-27 13:49:00', 27.4, 27.4, 27.4, 27.4, 102]
['2019-03-27 13:48:00', 27.4, 27.4, 27.4, 27.4, 1090]
['2019-03-27 13:46:00', 27.42, 27.42, 27.42, 27.42, 594]
['2019-03-27 13:45:00', 27.41, 27.41, 27.41, 27.41, 1056]
['2019-03-27 13:43:00', 27.4, 27.4, 27.4, 27.4, 3609]
['2019-03-27 13:41:00', 27.4, 27.4, 27.4, 27.4, 312]
['2019-03-27 13:40:00', 27.4, 27.4, 27.4, 27.4, 125]
['2019-03-27 13:39:00', 27.4, 27.4, 27.4, 27.4, 400]
['2019-03-27 13:38:00', 27.4, 27.4, 27.4, 27.4, 102]
['2019-03-27 13:35:00', 27.41, 27.41, 27.41, 27.41, 356]
['2019-03-27 13:34:00', 27.39, 27.39, 27.39, 27.39, 100]
['2019-03-27 13:33:00', 27.41, 27.41, 27.41, 27.41, 200]
['2019-03-27 13:31:00', 27.39, 27.4, 27.39, 27.4, 1021]
['2019-03-27 13:29:00', 27.37, 27.37, 27.37, 27.37, 696]
['2019-03-27 13:26:00', 27.38, 27.39, 27.38, 27.39, 1282]
['2019-03-27 13:23:00', 27.39, 27.39, 27.39, 27.39, 1269]
['2019-03-27 13:22:00', 27.4, 27.4, 27.4, 27.4, 407]
['2019-03-27 13:21:00', 27.38, 27.38, 27.38, 27.38, 672]
['2019-03-27 13:19:00', 27.39, 27.39, 27.39, 27.39, 667]
['2019-03-27 13:18:00', 27.39, 27.39, 27.39, 27.39, 210]
['2019-03-27 13:17:00', 27.38, 27.38, 27.38, 27.38, 500]
['2019-03-27 13:16:00', 27.35, 27.35, 27.35, 27.35, 700]
['2019-03-27 13:14:00', 27.32, 27.34, 27.32, 27.34, 618]
['2019-03-27 13:13:00', 27.305, 27.305, 27.305, 27.305, 283]
['2019-03-27 13:11:00', 27.3, 27.3, 27.3, 27.3, 602]
['2019-03-27 13:09:00', 27.305, 27.305, 27.305, 27.305, 600]
['2019-03-27 13:07:00', 27.3, 27.3, 27.3, 27.3, 705]
['2019-03-27 13:06:00', 27.29, 27.29, 27.29, 27.29, 693]
['2019-03-27 13:04:00', 27.3, 27.29, 27.29, 27.3, 1934]
['2019-03-27 13:02:00', 27.31, 27.31, 27.31, 27.31, 100]
['2019-03-27 13:01:00', 27.31, 27.31, 27.31, 27.31, 800]
['2019-03-27 12:59:00', 27.33, 27.34, 27.33, 27.34, 2010]
['2019-03-27 12:58:00', 27.33, 27.33, 27.33, 27.33, 497]
['2019-03-27 12:57:00', 27.355, 27.355, 27.355, 27.355, 136]
['2019-03-27 12:56:00', 27.35, 27.35, 27.35, 27.35, 546]
['2019-03-27 12:55:00', 27.37, 27.35, 27.35, 27.37, 1991]
['2019-03-27 12:54:00', 27.36, 27.38, 27.36, 27.38, 1637]
['2019-03-27 12:53:00', 27.35, 27.38, 27.35, 27.38, 1665]
['2019-03-27 12:52:00', 27.355, 27.345, 27.345, 27.355, 1958]
['2019-03-27 12:50:00', 27.35, 27.35, 27.35, 27.35, 652]
['2019-03-27 12:49:00', 27.37, 27.34, 27.34, 27.37, 3314]
['2019-03-27 12:47:00', 27.385, 27.385, 27.385, 27.385, 222]
['2019-03-27 12:46:00', 27.38, 27.38, 27.38, 27.38, 1244]
['2019-03-27 12:45:00', 27.37, 27.36, 27.36, 27.37, 765]
['2019-03-27 12:43:00', 27.35, 27.35, 27.35, 27.35, 232]
['2019-03-27 12:42:00', 27.365, 27.365, 27.365, 27.365, 1210]
['2019-03-27 12:41:00', 27.355, 27.355, 27.355, 27.355, 202]
['2019-03-27 12:39:00', 27.35, 27.35, 27.35, 27.35, 478]
['2019-03-27 12:38:00', 27.31, 27.32, 27.31, 27.32, 791]
['2019-03-27 12:37:00', 27.31, 27.31, 27.31, 27.31, 232]
['2019-03-27 12:36:00', 27.3, 27.3, 27.3, 27.3, 503]
['2019-03-27 12:34:00', 27.32, 27.325, 27.32, 27.325, 907]
['2019-03-27 12:33:00', 27.32, 27.32, 27.32, 27.32, 375]
['2019-03-27 12:32:00', 27.32, 27.32, 27.32, 27.32, 400]
['2019-03-27 12:30:00', 27.32, 27.32, 27.32, 27.32, 872]
['2019-03-27 12:29:00', 27.315, 27.315, 27.315, 27.315, 122]
['2019-03-27 12:28:00', 27.31, 27.31, 27.31, 27.31, 343]
['2019-03-27 12:27:00', 27.32, 27.32, 27.32, 27.32, 517]
['2019-03-27 12:25:00', 27.35, 27.36, 27.35, 27.36, 884]
['2019-03-27 12:23:00', 27.365, 27.365, 27.365, 27.365, 105]
['2019-03-27 12:22:00', 27.36, 27.36, 27.36, 27.36, 761]
['2019-03-27 12:21:00', 27.35, 27.35, 27.35, 27.35, 440]
['2019-03-27 12:19:00', 27.345, 27.345, 27.345, 27.345, 120]
['2019-03-27 12:18:00', 27.3495, 27.3495, 27.3495, 27.3495, 476]
['2019-03-27 12:17:00', 27.34, 27.34, 27.34, 27.34, 315]
['2019-03-27 12:16:00', 27.335, 27.335, 27.335, 27.335, 305]
['2019-03-27 12:14:00', 27.35, 27.35, 27.35, 27.35, 674]
['2019-03-27 12:13:00', 27.34, 27.35, 27.34, 27.35, 3662]
['2019-03-27 12:12:00', 27.31, 27.31, 27.31, 27.31, 315]
['2019-03-27 12:11:00', 27.31, 27.31, 27.31, 27.31, 317]
['2019-03-27 12:10:00', 27.31, 27.31, 27.31, 27.31, 200]
['2019-03-27 12:08:00', 27.33, 27.33, 27.33, 27.33, 1812]
['2019-03-27 12:07:00', 27.33, 27.33, 27.33, 27.33, 100]
['2019-03-27 12:05:00', 27.33, 27.33, 27.33, 27.33, 593]
['2019-03-27 12:04:00', 27.315, 27.33, 27.315, 27.33, 1406]
['2019-03-27 12:03:00', 27.31, 27.31, 27.31, 27.31, 610]
['2019-03-27 12:02:00', 27.34, 27.34, 27.34, 27.34, 1810]
['2019-03-27 12:01:00', 27.35, 27.35, 27.35, 27.35, 405]
['2019-03-27 12:00:00', 27.36, 27.35, 27.35, 27.36, 1579]
['2019-03-27 11:58:00', 27.34, 27.34, 27.34, 27.34, 518]
['2019-03-27 11:57:00', 27.345, 27.345, 27.345, 27.345, 1031]
['2019-03-27 11:56:00', 27.335, 27.335, 27.335, 27.335, 100]
['2019-03-27 11:55:00', 27.325, 27.325, 27.325, 27.325, 401]
['2019-03-27 11:53:00', 27.31, 27.31, 27.31, 27.31, 218]
['2019-03-27 11:52:00', 27.33, 27.33, 27.33, 27.33, 105]
['2019-03-27 11:51:00', 27.345, 27.345, 27.345, 27.345, 602]
['2019-03-27 11:49:00', 27.33, 27.33, 27.33, 27.33, 402]
['2019-03-27 11:47:00', 27.33, 27.33, 27.33, 27.33, 600]
['2019-03-27 11:46:00', 27.33, 27.33, 27.33, 27.33, 692]
['2019-03-27 11:44:00', 27.3, 27.3, 27.3, 27.3, 2002]
['2019-03-27 11:40:00', 27.3, 27.315, 27.3, 27.315, 925]
['2019-03-27 11:38:00', 27.28, 27.28, 27.28, 27.28, 112]
['2019-03-27 11:36:00', 27.27, 27.27, 27.27, 27.27, 725]
['2019-03-27 11:35:00', 27.28, 27.28, 27.28, 27.28, 541]
['2019-03-27 11:34:00', 27.3, 27.3, 27.3, 27.3, 462]
['2019-03-27 11:32:00', 27.34, 27.34, 27.34, 27.34, 500]
['2019-03-27 11:31:00', 27.34, 27.34, 27.34, 27.34, 300]
['2019-03-27 11:29:00', 27.34, 27.34, 27.34, 27.34, 206]
['2019-03-27 11:27:00', 27.34, 27.34, 27.34, 27.34, 408]
['2019-03-27 11:26:00', 27.33, 27.33, 27.33, 27.33, 439]
['2019-03-27 11:25:00', 27.34, 27.34, 27.34, 27.34, 407]
['2019-03-27 11:24:00', 27.34, 27.34, 27.34, 27.34, 455]
['2019-03-27 11:21:00', 27.34, 27.34, 27.34, 27.34, 454]
['2019-03-27 11:20:00', 27.32, 27.32, 27.32, 27.32, 820]
['2019-03-27 11:17:00', 27.33, 27.33, 27.33, 27.33, 100]
['2019-03-27 11:16:00', 27.35, 27.36, 27.35, 27.36, 3626]
['2019-03-27 11:15:00', 27.36, 27.36, 27.36, 27.36, 736]
['2019-03-27 11:13:00', 27.375, 27.375, 27.375, 27.375, 547]
['2019-03-27 11:12:00', 27.435, 27.435, 27.435, 27.435, 479]
['2019-03-27 11:11:00', 27.4197, 27.4197, 27.4197, 27.4197, 704]
['2019-03-27 11:10:00', 27.42, 27.42, 27.42, 27.42, 486]
['2019-03-27 11:07:00', 27.43, 27.43, 27.43, 27.43, 332]
['2019-03-27 11:06:00', 27.42, 27.42, 27.42, 27.42, 790]
['2019-03-27 11:04:00', 27.44, 27.44, 27.44, 27.44, 543]
['2019-03-27 11:02:00', 27.43, 27.43, 27.43, 27.43, 414]
['2019-03-27 11:01:00', 27.42, 27.42, 27.42, 27.42, 331]
['2019-03-27 11:00:00', 27.39, 27.39, 27.39, 27.39, 841]
['2019-03-27 10:58:00', 27.42, 27.42, 27.42, 27.42, 580]
['2019-03-27 10:56:00', 27.43, 27.43, 27.43, 27.43, 300]
['2019-03-27 10:54:00', 27.5, 27.46, 27.46, 27.5, 1534]
['2019-03-27 10:53:00', 27.5, 27.5, 27.5, 27.5, 271]
['2019-03-27 10:52:00', 27.5, 27.5, 27.5, 27.5, 207]
['2019-03-27 10:51:00', 27.51, 27.51, 27.51, 27.51, 934]
['2019-03-27 10:49:00', 27.54, 27.54, 27.54, 27.54, 178]
['2019-03-27 10:47:00', 27.57, 27.57, 27.57, 27.57, 998]
['2019-03-27 10:46:00', 27.59, 27.59, 27.59, 27.59, 1003]
['2019-03-27 10:43:00', 27.61, 27.61, 27.61, 27.61, 200]
['2019-03-27 10:40:00', 27.615, 27.615, 27.615, 27.615, 200]
['2019-03-27 10:36:00', 27.62, 27.64, 27.62, 27.64, 803]
['2019-03-27 10:35:00', 27.61, 27.61, 27.61, 27.61, 1197]
['2019-03-27 10:34:00', 27.59, 27.59, 27.59, 27.59, 800]
['2019-03-27 10:32:00', 27.61, 27.61, 27.61, 27.61, 209]
['2019-03-27 10:30:00', 27.57, 27.57, 27.57, 27.57, 575]
['2019-03-27 10:29:00', 27.6, 27.6, 27.6, 27.6, 820]
['2019-03-27 10:28:00', 27.585, 27.57, 27.57, 27.585, 1845]
['2019-03-27 10:26:00', 27.585, 27.585, 27.585, 27.585, 226]
['2019-03-27 10:25:00', 27.58, 27.58, 27.58, 27.58, 400]
['2019-03-27 10:22:00', 27.59, 27.59, 27.59, 27.59, 926]
['2019-03-27 10:20:00', 27.54, 27.54, 27.54, 27.54, 201]
['2019-03-27 10:19:00', 27.54, 27.54, 27.54, 27.54, 692]
['2019-03-27 10:18:00', 27.555, 27.555, 27.555, 27.555, 780]
['2019-03-27 10:17:00', 27.48, 27.505, 27.48, 27.505, 102679]
['2019-03-27 10:16:00', 27.52, 27.52, 27.52, 27.52, 100]
['2019-03-27 10:15:00', 27.54, 27.54, 27.54, 27.54, 714]
['2019-03-27 10:14:00', 27.54, 27.54, 27.54, 27.54, 663]
['2019-03-27 10:12:00', 27.46, 27.46, 27.46, 27.46, 190]
['2019-03-27 10:09:00', 27.45, 27.45, 27.45, 27.45, 1809]
['2019-03-27 10:08:00', 27.47, 27.47, 27.47, 27.47, 2090]
['2019-03-27 10:07:00', 27.45, 27.49, 27.45, 27.49, 1997]
['2019-03-27 10:06:00', 27.43, 27.43, 27.43, 27.43, 899]
['2019-03-27 10:05:00', 27.425, 27.42, 27.42, 27.425, 1946]
['2019-03-27 10:04:00', 27.44, 27.44, 27.44, 27.44, 713]
['2019-03-27 10:01:00', 27.405, 27.395, 27.395, 27.405, 100516]
['2019-03-27 09:57:00', 27.41, 27.41, 27.41, 27.41, 640]
['2019-03-27 09:56:00', 27.4, 27.43, 27.4, 27.43, 3091]
['2019-03-27 09:54:00', 27.52, 27.52, 27.52, 27.52, 100]
['2019-03-27 09:52:00', 27.5, 27.5, 27.5, 27.5, 847]
['2019-03-27 09:51:00', 27.52, 27.52, 27.52, 27.52, 973]
['2019-03-27 09:49:00', 27.46, 27.46, 27.46, 27.46, 411]
['2019-03-27 09:47:00', 27.43, 27.43, 27.43, 27.43, 462]
['2019-03-27 09:45:00', 27.445, 27.445, 27.445, 27.445, 2400]
['2019-03-27 09:43:00', 27.515, 27.515, 27.515, 27.515, 643]
['2019-03-27 09:42:00', 27.49, 27.49, 27.49, 27.49, 902]
['2019-03-27 09:39:00', 27.545, 27.545, 27.545, 27.545, 673]
['2019-03-27 09:38:00', 27.535, 27.535, 27.535, 27.535, 100]
['2019-03-27 09:34:00', 27.65, 27.65, 27.65, 27.65, 396]
['2019-03-27 09:31:00', 27.49, 27.49, 27.49, 27.49, 3244]
['2019-03-26 16:00:00', 27.49, 27.5, 27.49, 27.5, 23881]
['2019-03-26 15:59:00', 27.48, 27.49, 27.48, 27.49, 5990]
['2019-03-26 15:58:00', 27.5, 27.495, 27.49, 27.5, 6632]
['2019-03-26 15:57:00', 27.495, 27.49, 27.49, 27.495, 6535]
['2019-03-26 15:56:00', 27.48, 27.5, 27.48, 27.5, 5653]
['2019-03-26 15:55:00', 27.48, 27.48, 27.48, 27.48, 4290]
['2019-03-26 15:54:00', 27.485, 27.48, 27.48, 27.485, 2406]
['2019-03-26 15:53:00', 27.5, 27.49, 27.49, 27.5, 11720]
['2019-03-26 15:52:00', 27.505, 27.505, 27.505, 27.505, 3208]
['2019-03-26 15:51:00', 27.505, 27.505, 27.505, 27.51, 13346]
['2019-03-26 15:50:00', 27.505, 27.505, 27.505, 27.505, 1700]
['2019-03-26 15:48:00', 27.5, 27.505, 27.495, 27.505, 4816]
['2019-03-26 15:47:00', 27.495, 27.495, 27.495, 27.495, 1216]
['2019-03-26 15:46:00', 27.48, 27.485, 27.47, 27.485, 9146]
['2019-03-26 15:45:00', 27.49, 27.49, 27.49, 27.49, 3375]
['2019-03-26 15:44:00', 27.49, 27.49, 27.49, 27.49, 3410]
['2019-03-26 15:43:00', 27.5, 27.5, 27.5, 27.5, 836]
['2019-03-26 15:42:00', 27.5, 27.5, 27.5, 27.5, 4011]
['2019-03-26 15:41:00', 27.5, 27.49, 27.49, 27.5, 4121]
['2019-03-26 15:40:00', 27.505, 27.5, 27.5, 27.505, 4991]
['2019-03-26 15:39:00', 27.515, 27.505, 27.505, 27.515, 2673]
['2019-03-26 15:38:00', 27.52, 27.52, 27.52, 27.52, 2941]
['2019-03-26 15:37:00', 27.5, 27.5, 27.5, 27.5, 457]
['2019-03-26 15:36:00', 27.5, 27.49, 27.49, 27.5, 4002]
['2019-03-26 15:35:00', 27.51, 27.49, 27.49, 27.51, 2354]
['2019-03-26 15:33:00', 27.56, 27.56, 27.56, 27.56, 1205]
['2019-03-26 15:32:00', 27.555, 27.555, 27.555, 27.555, 1502]
['2019-03-26 15:31:00', 27.57, 27.56, 27.56, 27.57, 2659]
['2019-03-26 15:30:00', 27.58, 27.58, 27.58, 27.58, 907]
['2019-03-26 15:28:00', 27.59, 27.58, 27.58, 27.59, 1652]
['2019-03-26 15:27:00', 27.58, 27.58, 27.58, 27.58, 365]
['2019-03-26 15:25:00', 27.6, 27.6, 27.6, 27.6, 1802]
['2019-03-26 15:22:00', 27.59, 27.59, 27.59, 27.59, 955]
['2019-03-26 15:21:00', 27.6, 27.6, 27.6, 27.6, 805]
['2019-03-26 15:19:00', 27.61, 27.61, 27.61, 27.61, 225]
['2019-03-26 15:16:00', 27.61, 27.61, 27.61, 27.61, 1033]
['2019-03-26 15:14:00', 27.635, 27.635, 27.635, 27.635, 722]
['2019-03-26 15:11:00', 27.6, 27.62, 27.6, 27.62, 2121]
['2019-03-26 15:10:00', 27.605, 27.605, 27.605, 27.605, 1194]
['2019-03-26 15:09:00', 27.59, 27.59, 27.59, 27.59, 826]
['2019-03-26 15:08:00', 27.6, 27.6, 27.6, 27.6, 345]
['2019-03-26 15:06:00', 27.59, 27.58, 27.58, 27.59, 2432]
['2019-03-26 15:05:00', 27.59, 27.59, 27.59, 27.59, 595]
['2019-03-26 15:04:00', 27.58, 27.58, 27.58, 27.58, 954]
['2019-03-26 15:03:00', 27.59, 27.59, 27.59, 27.59, 1524]
['2019-03-26 15:02:00', 27.58, 27.58, 27.58, 27.58, 405]
['2019-03-26 15:01:00', 27.56, 27.56, 27.56, 27.56, 832]
['2019-03-26 15:00:00', 27.56, 27.56, 27.56, 27.56, 387]
['2019-03-26 14:59:00', 27.56, 27.56, 27.56, 27.56, 618]
['2019-03-26 14:58:00', 27.53, 27.55, 27.53, 27.55, 2306]
['2019-03-26 14:57:00', 27.51, 27.53, 27.51, 27.53, 1621]
['2019-03-26 14:56:00', 27.53, 27.53, 27.53, 27.53, 700]
['2019-03-26 14:54:00', 27.54, 27.53, 27.53, 27.54, 768]
['2019-03-26 14:53:00', 27.54, 27.54, 27.54, 27.54, 721]
['2019-03-26 14:52:00', 27.54, 27.54, 27.54, 27.54, 1082]
['2019-03-26 14:51:00', 27.55, 27.55, 27.55, 27.55, 400]
['2019-03-26 14:46:00', 27.56, 27.56, 27.56, 27.56, 1041]
['2019-03-26 14:45:00', 27.55, 27.55, 27.55, 27.55, 590]
['2019-03-26 14:44:00', 27.55, 27.55, 27.55, 27.55, 704]
['2019-03-26 14:43:00', 27.56, 27.56, 27.56, 27.56, 224]
['2019-03-26 14:42:00', 27.53, 27.53, 27.53, 27.53, 603]
['2019-03-26 14:41:00', 27.52, 27.52, 27.52, 27.52, 1102]
['2019-03-26 14:39:00', 27.51, 27.51, 27.51, 27.51, 340]
['2019-03-26 14:38:00', 27.5, 27.505, 27.5, 27.52, 1984]
['2019-03-26 14:37:00', 27.5, 27.5, 27.5, 27.5, 523]
['2019-03-26 14:34:00', 27.505, 27.5, 27.5, 27.505, 1209]
['2019-03-26 14:33:00', 27.51, 27.49, 27.49, 27.51, 2262]
['2019-03-26 14:31:00', 27.53, 27.52, 27.52, 27.53, 1441]
['2019-03-26 14:29:00', 27.53, 27.53, 27.53, 27.53, 106]
['2019-03-26 14:28:00', 27.53, 27.53, 27.53, 27.53, 923]
['2019-03-26 14:26:00', 27.53, 27.53, 27.53, 27.53, 938]
['2019-03-26 14:24:00', 27.51, 27.51, 27.51, 27.51, 101]
['2019-03-26 14:22:00', 27.51, 27.51, 27.51, 27.51, 604]
['2019-03-26 14:21:00', 27.525, 27.525, 27.525, 27.525, 812]
['2019-03-26 14:20:00', 27.525, 27.525, 27.525, 27.525, 1120]
['2019-03-26 14:18:00', 27.52, 27.52, 27.52, 27.52, 305]
['2019-03-26 14:17:00', 27.51, 27.51, 27.51, 27.51, 610]
['2019-03-26 14:16:00', 27.5047, 27.5047, 27.5047, 27.5047, 224]
['2019-03-26 14:14:00', 27.49, 27.49, 27.49, 27.49, 445]
['2019-03-26 14:12:00', 27.485, 27.49, 27.485, 27.49, 1331]
['2019-03-26 14:11:00', 27.49, 27.48, 27.47, 27.49, 4251]
['2019-03-26 14:10:00', 27.49, 27.49, 27.49, 27.49, 203]
['2019-03-26 14:08:00', 27.49, 27.49, 27.49, 27.49, 1103]
['2019-03-26 14:06:00', 27.495, 27.495, 27.495, 27.495, 541]
['2019-03-26 14:04:00', 27.49, 27.495, 27.49, 27.495, 386]
['2019-03-26 14:03:00', 27.49, 27.49, 27.49, 27.49, 400]
['2019-03-26 14:01:00', 27.49, 27.49, 27.49, 27.49, 911]
['2019-03-26 14:00:00', 27.47, 27.47, 27.47, 27.47, 300]
['2019-03-26 13:57:00', 27.48, 27.49, 27.48, 27.49, 602]
['2019-03-26 13:55:00', 27.49, 27.49, 27.49, 27.49, 634]
['2019-03-26 13:53:00', 27.5, 27.5, 27.5, 27.5, 997]
['2019-03-26 13:52:00', 27.51, 27.51, 27.51, 27.51, 259]
['2019-03-26 13:51:00', 27.51, 27.51, 27.51, 27.51, 1507]
['2019-03-26 13:50:00', 27.53, 27.52, 27.52, 27.53, 1698]
['2019-03-26 13:49:00', 27.525, 27.525, 27.525, 27.525, 204]
['2019-03-26 13:46:00', 27.525, 27.525, 27.525, 27.525, 302]
['2019-03-26 13:45:00', 27.52, 27.52, 27.52, 27.52, 100]
['2019-03-26 13:43:00', 27.52, 27.52, 27.52, 27.52, 445]
['2019-03-26 13:40:00', 27.52, 27.52, 27.52, 27.52, 1296]
['2019-03-26 13:39:00', 27.505, 27.505, 27.505, 27.505, 1024]
['2019-03-26 13:36:00', 27.52, 27.52, 27.52, 27.52, 209]
['2019-03-26 13:32:00', 27.53, 27.53, 27.53, 27.53, 517]
['2019-03-26 13:27:00', 27.52, 27.52, 27.52, 27.52, 131]
['2019-03-26 13:25:00', 27.53, 27.53, 27.53, 27.53, 282]
['2019-03-26 13:24:00', 27.54, 27.54, 27.54, 27.54, 1287]
['2019-03-26 13:20:00', 27.53, 27.55, 27.53, 27.56, 1432]
['2019-03-26 13:19:00', 27.53, 27.53, 27.53, 27.53, 503]
['2019-03-26 13:18:00', 27.54, 27.54, 27.54, 27.54, 1590]
['2019-03-26 13:15:00', 27.52, 27.52, 27.52, 27.52, 403]
['2019-03-26 13:12:00', 27.52, 27.52, 27.52, 27.52, 345]
['2019-03-26 13:11:00', 27.51, 27.51, 27.51, 27.51, 350]
['2019-03-26 13:09:00', 27.52, 27.52, 27.52, 27.52, 302]
['2019-03-26 13:08:00', 27.515, 27.515, 27.515, 27.515, 200]
['2019-03-26 13:06:00', 27.505, 27.505, 27.505, 27.505, 625]
['2019-03-26 13:04:00', 27.49, 27.49, 27.49, 27.49, 254]
['2019-03-26 13:02:00', 27.4708, 27.4708, 27.4708, 27.4708, 383]
['2019-03-26 13:00:00', 27.48, 27.48, 27.48, 27.48, 502]
['2019-03-26 12:58:00', 27.49, 27.49, 27.49, 27.49, 300]
['2019-03-26 12:57:00', 27.49, 27.49, 27.49, 27.49, 719]
['2019-03-26 12:55:00', 27.51, 27.51, 27.51, 27.51, 888]
['2019-03-26 12:53:00', 27.51, 27.5, 27.5, 27.51, 992]
['2019-03-26 12:49:00', 27.51, 27.51, 27.51, 27.51, 608]
['2019-03-26 12:45:00', 27.53, 27.53, 27.53, 27.53, 433]
['2019-03-26 12:41:00', 27.52, 27.52, 27.52, 27.52, 361]
['2019-03-26 12:40:00', 27.53, 27.53, 27.53, 27.53, 104]
['2019-03-26 12:37:00', 27.53, 27.53, 27.53, 27.53, 200]
['2019-03-26 12:35:00', 27.54, 27.54, 27.54, 27.54, 100]
['2019-03-26 12:34:00', 27.53, 27.54, 27.53, 27.54, 1597]
['2019-03-26 12:31:00', 27.515, 27.515, 27.515, 27.515, 188]
['2019-03-26 12:29:00', 27.53, 27.515, 27.515, 27.53, 690]
['2019-03-26 12:25:00', 27.51, 27.51, 27.51, 27.51, 409]
['2019-03-26 12:24:00', 27.5, 27.5, 27.5, 27.5, 1174]
['2019-03-26 12:23:00', 27.53, 27.53, 27.53, 27.53, 197]
['2019-03-26 12:21:00', 27.57, 27.57, 27.57, 27.57, 2079]
['2019-03-26 12:19:00', 27.6, 27.6, 27.6, 27.6, 800]
['2019-03-26 12:18:00', 27.6, 27.6, 27.6, 27.6, 590]
['2019-03-26 12:17:00', 27.59, 27.59, 27.59, 27.59, 1302]
['2019-03-26 12:16:00', 27.615, 27.61, 27.61, 27.615, 2190]
['2019-03-26 12:15:00', 27.62, 27.625, 27.62, 27.625, 2197]
['2019-03-26 12:13:00', 27.64, 27.64, 27.64, 27.64, 717]
['2019-03-26 12:12:00', 27.64, 27.64, 27.64, 27.64, 701]
['2019-03-26 12:11:00', 27.64, 27.64, 27.64, 27.64, 540]
['2019-03-26 12:09:00', 27.65, 27.64, 27.64, 27.65, 1220]
['2019-03-26 12:08:00', 27.66, 27.66, 27.66, 27.66, 470]
['2019-03-26 12:05:00', 27.66, 27.67, 27.66, 27.67, 1600]
['2019-03-26 12:04:00', 27.67, 27.67, 27.67, 27.67, 300]
['2019-03-26 12:02:00', 27.66, 27.66, 27.66, 27.66, 611]
['2019-03-26 12:00:00', 27.66, 27.66, 27.66, 27.66, 2229]
['2019-03-26 11:59:00', 27.65, 27.65, 27.65, 27.65, 876]
['2019-03-26 11:58:00', 27.64, 27.64, 27.64, 27.64, 417]
['2019-03-26 11:56:00', 27.66, 27.66, 27.66, 27.66, 475]
['2019-03-26 11:55:00', 27.67, 27.67, 27.67, 27.67, 1286]
['2019-03-26 11:54:00', 27.7, 27.7, 27.7, 27.7, 490]
['2019-03-26 11:53:00', 27.7, 27.7, 27.7, 27.7, 1361]
['2019-03-26 11:47:00', 27.63, 27.68, 27.63, 27.68, 55659]
['2019-03-26 11:44:00', 27.62, 27.62, 27.62, 27.62, 500]
['2019-03-26 11:41:00', 27.61, 27.61, 27.61, 27.61, 1507]
['2019-03-26 11:40:00', 27.63, 27.63, 27.63, 27.63, 810]
['2019-03-26 11:38:00', 27.64, 27.64, 27.64, 27.64, 900]
['2019-03-26 11:37:00', 27.62, 27.62, 27.62, 27.62, 435]
['2019-03-26 11:36:00', 27.59, 27.59, 27.59, 27.59, 304]
['2019-03-26 11:34:00', 27.6, 27.6, 27.6, 27.6, 200]
['2019-03-26 11:31:00', 27.6, 27.6, 27.6, 27.6, 100]
['2019-03-26 11:30:00', 27.58, 27.605, 27.58, 27.605, 1494]
['2019-03-26 11:27:00', 27.57, 27.57, 27.57, 27.57, 101]
['2019-03-26 11:26:00', 27.565, 27.565, 27.565, 27.565, 690]
['2019-03-26 11:25:00', 27.58, 27.58, 27.58, 27.58, 1000]
['2019-03-26 11:24:00', 27.57, 27.57, 27.57, 27.57, 1137]
['2019-03-26 11:23:00', 27.57, 27.57, 27.57, 27.57, 767]
['2019-03-26 11:21:00', 27.575, 27.575, 27.575, 27.575, 463]
['2019-03-26 11:20:00', 27.54, 27.55, 27.54, 27.55, 2010]
['2019-03-26 11:18:00', 27.57, 27.59, 27.57, 27.59, 1601]
['2019-03-26 11:16:00', 27.54, 27.54, 27.54, 27.54, 435]
['2019-03-26 11:15:00', 27.53, 27.53, 27.53, 27.53, 517]
['2019-03-26 11:14:00', 27.52, 27.52, 27.52, 27.52, 200]
['2019-03-26 11:12:00', 27.55, 27.55, 27.55, 27.55, 301]
['2019-03-26 11:10:00', 27.57, 27.57, 27.57, 27.57, 392]
['2019-03-26 11:09:00', 27.55, 27.55, 27.55, 27.55, 101]
['2019-03-26 11:06:00', 27.59, 27.59, 27.59, 27.59, 100]
['2019-03-26 11:04:00', 27.62, 27.62, 27.62, 27.62, 1107]
['2019-03-26 11:03:00', 27.57, 27.55, 27.55, 27.57, 1328]
['2019-03-26 11:02:00', 27.59, 27.59, 27.59, 27.59, 504]
['2019-03-26 10:59:00', 27.59, 27.59, 27.59, 27.59, 234]
['2019-03-26 10:58:00', 27.6, 27.6, 27.6, 27.6, 1500]
['2019-03-26 10:57:00', 27.62, 27.62, 27.62, 27.62, 504]
['2019-03-26 10:54:00', 27.56, 27.58, 27.56, 27.59, 1918]
['2019-03-26 10:52:00', 27.57, 27.57, 27.57, 27.57, 502]
['2019-03-26 10:51:00', 27.56, 27.56, 27.56, 27.56, 1195]
['2019-03-26 10:50:00', 27.56, 27.56, 27.56, 27.56, 1849]
['2019-03-26 10:49:00', 27.52, 27.52, 27.52, 27.52, 990]
['2019-03-26 10:46:00', 27.54, 27.54, 27.54, 27.54, 1445]
['2019-03-26 10:44:00', 27.53, 27.49, 27.49, 27.53, 1297]
['2019-03-26 10:43:00', 27.56, 27.56, 27.56, 27.56, 256]
['2019-03-26 10:37:00', 27.55, 27.54, 27.54, 27.55, 1079]
['2019-03-26 10:34:00', 27.51, 27.53, 27.51, 27.53, 1044]
['2019-03-26 10:32:00', 27.47, 27.47, 27.47, 27.47, 2411]
['2019-03-26 10:30:00', 27.485, 27.47, 27.47, 27.485, 302]
['2019-03-26 10:28:00', 27.48, 27.48, 27.48, 27.48, 681]
['2019-03-26 10:27:00', 27.475, 27.475, 27.475, 27.475, 389]
['2019-03-26 10:23:00', 27.505, 27.505, 27.505, 27.505, 900]
['2019-03-26 10:21:00', 27.5, 27.5, 27.5, 27.5, 500]
['2019-03-26 10:18:00', 27.53, 27.53, 27.53, 27.53, 604]
['2019-03-26 10:15:00', 27.57, 27.57, 27.57, 27.57, 698]
['2019-03-26 10:14:00', 27.57, 27.57, 27.57, 27.57, 1344]
['2019-03-26 10:13:00', 27.51, 27.57, 27.51, 27.57, 3994]
['2019-03-26 10:12:00', 27.47, 27.47, 27.47, 27.47, 1400]
['2019-03-26 10:11:00', 27.51, 27.46, 27.46, 27.51, 2836]
['2019-03-26 10:10:00', 27.5, 27.55, 27.5, 27.55, 3048]
['2019-03-26 10:09:00', 27.47, 27.47, 27.47, 27.47, 4057]
['2019-03-26 10:08:00', 27.4, 27.41, 27.4, 27.41, 5073]
['2019-03-26 10:07:00', 27.43, 27.43, 27.39, 27.45, 12284]
['2019-03-26 10:06:00', 27.4675, 27.455, 27.455, 27.4675, 3683]
['2019-03-26 10:04:00', 27.45, 27.45, 27.45, 27.45, 1218]
['2019-03-26 10:03:00', 27.46, 27.46, 27.46, 27.46, 498]
['2019-03-26 10:02:00', 27.47, 27.45, 27.45, 27.47, 1572]
['2019-03-26 10:01:00', 27.4, 27.4, 27.4, 27.4, 1178]
['2019-03-26 09:59:00', 27.44, 27.44, 27.44, 27.44, 629]
['2019-03-26 09:58:00', 27.42, 27.42, 27.42, 27.42, 4580]
['2019-03-26 09:57:00', 27.47, 27.41, 27.41, 27.47, 5061]
['2019-03-26 09:56:00', 27.49, 27.49, 27.49, 27.49, 1711]
['2019-03-26 09:55:00', 27.435, 27.435, 27.435, 27.435, 8183]
['2019-03-26 09:54:00', 27.45, 27.45, 27.45, 27.45, 2637]
['2019-03-26 09:53:00', 27.5, 27.49, 27.49, 27.5, 3381]
['2019-03-26 09:51:00', 27.53, 27.53, 27.53, 27.53, 361]
['2019-03-26 09:50:00', 27.5, 27.5, 27.5, 27.5, 420]
['2019-03-26 09:48:00', 27.5, 27.5, 27.5, 27.5, 1133]
['2019-03-26 09:47:00', 27.46, 27.46, 27.46, 27.46, 984]
['2019-03-26 09:46:00', 27.48, 27.48, 27.48, 27.48, 949]
['2019-03-26 09:45:00', 27.47, 27.46, 27.46, 27.47, 9684]
['2019-03-26 09:44:00', 27.4, 27.4, 27.4, 27.4, 2200]
['2019-03-26 09:43:00', 27.43, 27.43, 27.43, 27.43, 1460]
['2019-03-26 09:42:00', 27.5, 27.47, 27.47, 27.5, 3099]
['2019-03-26 09:39:00', 27.42, 27.42, 27.42, 27.42, 200]
['2019-03-26 09:36:00', 27.39, 27.39, 27.39, 27.39, 472]
['2019-03-26 09:32:00', 27.32, 27.33, 27.32, 27.33, 2890]
['2019-03-25 16:00:00', 27.27, 27.28, 27.27, 27.28, 7083]
['2019-03-25 15:59:00', 27.29, 27.29, 27.29, 27.29, 4907]
['2019-03-25 15:58:00', 27.29, 27.3, 27.29, 27.3, 4359]
['2019-03-25 15:57:00', 27.27, 27.27, 27.27, 27.27, 3832]
['2019-03-25 15:56:00', 27.28, 27.26, 27.26, 27.28, 3124]
['2019-03-25 15:55:00', 27.28, 27.28, 27.28, 27.28, 1318]
['2019-03-25 15:54:00', 27.255, 27.27, 27.255, 27.27, 3031]
['2019-03-25 15:53:00', 27.26, 27.255, 27.255, 27.26, 2885]
['2019-03-25 15:52:00', 27.265, 27.265, 27.265, 27.265, 2064]
['2019-03-25 15:51:00', 27.24, 27.27, 27.24, 27.27, 3609]
['2019-03-25 15:50:00', 27.24, 27.24, 27.24, 27.24, 2422]
['2019-03-25 15:49:00', 27.25, 27.25, 27.25, 27.25, 1750]
['2019-03-25 15:48:00', 27.27, 27.265, 27.265, 27.27, 3235]
['2019-03-25 15:47:00', 27.26, 27.275, 27.26, 27.275, 2871]
['2019-03-25 15:46:00', 27.24, 27.24, 27.24, 27.24, 2949]
['2019-03-25 15:45:00', 27.25, 27.2475, 27.2475, 27.25, 7213]
['2019-03-25 15:44:00', 27.26, 27.25, 27.25, 27.26, 8292]
['2019-03-25 15:43:00', 27.25, 27.25, 27.25, 27.25, 5149]
['2019-03-25 15:42:00', 27.28, 27.26, 27.26, 27.28, 2747]
['2019-03-25 15:41:00', 27.285, 27.285, 27.285, 27.285, 962]
['2019-03-25 15:40:00', 27.27, 27.27, 27.27, 27.27, 133]
['2019-03-25 15:39:00', 27.29, 27.28, 27.28, 27.29, 1413]
['2019-03-25 15:38:00', 27.3, 27.3, 27.3, 27.3, 4217]
['2019-03-25 15:36:00', 27.3, 27.29, 27.29, 27.3, 1356]
['2019-03-25 15:35:00', 27.3, 27.3, 27.3, 27.3, 600]
['2019-03-25 15:34:00', 27.3, 27.3, 27.3, 27.3, 700]
['2019-03-25 15:33:00', 27.31, 27.31, 27.31, 27.31, 610]
['2019-03-25 15:32:00', 27.3, 27.3, 27.3, 27.3, 500]
['2019-03-25 15:31:00', 27.33, 27.32, 27.32, 27.33, 1565]
['2019-03-25 15:29:00', 27.34, 27.34, 27.34, 27.34, 890]
['2019-03-25 15:28:00', 27.35, 27.35, 27.35, 27.35, 940]
['2019-03-25 15:27:00', 27.36, 27.36, 27.36, 27.38, 5410]
['2019-03-25 15:26:00', 27.38, 27.36, 27.36, 27.38, 1419]
['2019-03-25 15:24:00', 27.38, 27.39, 27.38, 27.39, 1291]
['2019-03-25 15:23:00', 27.36, 27.36, 27.36, 27.36, 490]
['2019-03-25 15:22:00', 27.35, 27.355, 27.35, 27.355, 590]
['2019-03-25 15:20:00', 27.36, 27.36, 27.36, 27.36, 631]
['2019-03-25 15:19:00', 27.36, 27.36, 27.36, 27.36, 900]
['2019-03-25 15:18:00', 27.35, 27.35, 27.35, 27.35, 300]
['2019-03-25 15:17:00', 27.365, 27.365, 27.365, 27.365, 790]
['2019-03-25 15:15:00', 27.36, 27.36, 27.36, 27.36, 200]
['2019-03-25 15:14:00', 27.37, 27.37, 27.37, 27.37, 504]
['2019-03-25 15:13:00', 27.37, 27.37, 27.37, 27.37, 410]
['2019-03-25 15:12:00', 27.365, 27.365, 27.365, 27.365, 531]
['2019-03-25 15:11:00', 27.37, 27.37, 27.37, 27.37, 610]
['2019-03-25 15:10:00', 27.36, 27.36, 27.36, 27.36, 868]
['2019-03-25 15:09:00', 27.36, 27.36, 27.36, 27.36, 300]
['2019-03-25 15:08:00', 27.34, 27.34, 27.34, 27.34, 620]
['2019-03-25 15:07:00', 27.36, 27.36, 27.36, 27.36, 490]
['2019-03-25 15:06:00', 27.35, 27.35, 27.35, 27.35, 588]
['2019-03-25 15:05:00', 27.335, 27.335, 27.335, 27.335, 202]
['2019-03-25 15:04:00', 27.35, 27.35, 27.35, 27.35, 848]
['2019-03-25 15:03:00', 27.39, 27.34, 27.34, 27.39, 3030]
['2019-03-25 15:01:00', 27.4, 27.42, 27.4, 27.42, 2502]
['2019-03-25 15:00:00', 27.405, 27.405, 27.405, 27.405, 724]
['2019-03-25 14:59:00', 27.41, 27.41, 27.41, 27.41, 813]
['2019-03-25 14:58:00', 27.39, 27.4, 27.39, 27.4, 1229]
['2019-03-25 14:56:00', 27.37, 27.39, 27.37, 27.39, 1250]
['2019-03-25 14:55:00', 27.37, 27.37, 27.37, 27.37, 853]
['2019-03-25 14:54:00', 27.37, 27.37, 27.37, 27.37, 601]
['2019-03-25 14:53:00', 27.365, 27.365, 27.365, 27.365, 300]
['2019-03-25 14:51:00', 27.375, 27.375, 27.375, 27.375, 1182]
['2019-03-25 14:50:00', 27.37, 27.37, 27.37, 27.37, 870]
['2019-03-25 14:48:00', 27.375, 27.38, 27.375, 27.38, 1218]
['2019-03-25 14:47:00', 27.3675, 27.3675, 27.3675, 27.3675, 416]
['2019-03-25 14:46:00', 27.35, 27.36, 27.35, 27.36, 2388]
['2019-03-25 14:45:00', 27.335, 27.335, 27.335, 27.335, 382]
['2019-03-25 14:43:00', 27.355, 27.355, 27.355, 27.355, 1050]
['2019-03-25 14:42:00', 27.325, 27.35, 27.325, 27.35, 1211]
['2019-03-25 14:41:00', 27.31, 27.31, 27.31, 27.31, 1008]
['2019-03-25 14:39:00', 27.29, 27.29, 27.29, 27.29, 490]
['2019-03-25 14:36:00', 27.315, 27.315, 27.315, 27.315, 330]
['2019-03-25 14:34:00', 27.35, 27.32, 27.32, 27.35, 1099]
['2019-03-25 14:32:00', 27.355, 27.355, 27.355, 27.355, 953]
['2019-03-25 14:31:00', 27.32, 27.35, 27.32, 27.35, 3968]
['2019-03-25 14:28:00', 27.31, 27.31, 27.31, 27.31, 620]
['2019-03-25 14:26:00', 27.28, 27.28, 27.28, 27.28, 200]
['2019-03-25 14:23:00', 27.285, 27.285, 27.285, 27.285, 570]
['2019-03-25 14:22:00', 27.29, 27.29, 27.29, 27.29, 200]
['2019-03-25 14:20:00', 27.29, 27.29, 27.29, 27.29, 250]
['2019-03-25 14:19:00', 27.26, 27.26, 27.26, 27.26, 601]
['2019-03-25 14:18:00', 27.28, 27.28, 27.28, 27.28, 590]
['2019-03-25 14:17:00', 27.29, 27.29, 27.29, 27.29, 662]
['2019-03-25 14:16:00', 27.28, 27.28, 27.28, 27.28, 400]
['2019-03-25 14:14:00', 27.27, 27.27, 27.27, 27.27, 3130]
['2019-03-25 14:13:00', 27.27, 27.26, 27.26, 27.27, 3655]
['2019-03-25 14:12:00', 27.29, 27.27, 27.27, 27.29, 1780]
['2019-03-25 14:11:00', 27.28, 27.28, 27.28, 27.28, 527]
['2019-03-25 14:09:00', 27.25, 27.26, 27.25, 27.26, 1131]
['2019-03-25 14:08:00', 27.24, 27.24, 27.24, 27.24, 820]
['2019-03-25 14:07:00', 27.22, 27.22, 27.22, 27.22, 700]
['2019-03-25 14:06:00', 27.22, 27.22, 27.22, 27.22, 1232]
['2019-03-25 14:05:00', 27.22, 27.2, 27.2, 27.22, 3553]
['2019-03-25 14:04:00', 27.23, 27.22, 27.22, 27.23, 3790]
['2019-03-25 14:03:00', 27.23, 27.23, 27.23, 27.23, 2100]
['2019-03-25 14:02:00', 27.22, 27.22, 27.22, 27.22, 847]
['2019-03-25 14:01:00', 27.19, 27.205, 27.19, 27.205, 3388]
['2019-03-25 14:00:00', 27.18, 27.18, 27.18, 27.18, 1103]
['2019-03-25 13:59:00', 27.16, 27.16, 27.16, 27.16, 320]
['2019-03-25 13:58:00', 27.15, 27.17, 27.15, 27.17, 1367]
['2019-03-25 13:57:00', 27.15, 27.15, 27.15, 27.15, 626]
['2019-03-25 13:55:00', 27.165, 27.165, 27.165, 27.165, 400]
['2019-03-25 13:53:00', 27.16, 27.15, 27.15, 27.16, 2820]
['2019-03-25 13:51:00', 27.16, 27.17, 27.16, 27.17, 2460]
['2019-03-25 13:50:00', 27.16, 27.16, 27.16, 27.16, 340]
['2019-03-25 13:48:00', 27.18, 27.18, 27.18, 27.18, 1010]
['2019-03-25 13:47:00', 27.17, 27.155, 27.155, 27.17, 2200]
['2019-03-25 13:46:00', 27.19, 27.19, 27.19, 27.19, 700]
['2019-03-25 13:45:00', 27.2, 27.2, 27.2, 27.2, 230]
['2019-03-25 13:43:00', 27.21, 27.21, 27.21, 27.21, 587]
['2019-03-25 13:42:00', 27.2, 27.2, 27.2, 27.2, 300]
['2019-03-25 13:41:00', 27.2, 27.2, 27.2, 27.2, 430]
['2019-03-25 13:40:00', 27.21, 27.22, 27.21, 27.22, 2631]
['2019-03-25 13:39:00', 27.2, 27.2, 27.2, 27.2, 826]
['2019-03-25 13:38:00', 27.22, 27.22, 27.22, 27.22, 700]
['2019-03-25 13:37:00', 27.22, 27.22, 27.22, 27.22, 1401]
['2019-03-25 13:36:00', 27.21, 27.21, 27.21, 27.21, 1400]
['2019-03-25 13:33:00', 27.21, 27.21, 27.21, 27.21, 100]
['2019-03-25 13:32:00', 27.2, 27.2, 27.2, 27.2, 502]
['2019-03-25 13:31:00', 27.21, 27.21, 27.21, 27.21, 990]
['2019-03-25 13:29:00', 27.21, 27.21, 27.21, 27.21, 607]
['2019-03-25 13:28:00', 27.18, 27.19, 27.18, 27.19, 1811]
['2019-03-25 13:27:00', 27.2, 27.2, 27.2, 27.2, 1900]
['2019-03-25 13:26:00', 27.21, 27.21, 27.21, 27.21, 1000]
['2019-03-25 13:25:00', 27.21, 27.2, 27.2, 27.21, 2154]
['2019-03-25 13:24:00', 27.21, 27.21, 27.21, 27.21, 320]
['2019-03-25 13:21:00', 27.21, 27.2, 27.2, 27.21, 2500]
['2019-03-25 13:20:00', 27.21, 27.21, 27.21, 27.21, 1264]
['2019-03-25 13:18:00', 27.22, 27.21, 27.21, 27.22, 3292]
['2019-03-25 13:17:00', 27.21, 27.21, 27.21, 27.21, 1302]
['2019-03-25 13:16:00', 27.22, 27.225, 27.22, 27.225, 2079]
['2019-03-25 13:15:00', 27.225, 27.22, 27.22, 27.225, 3600]
['2019-03-25 13:14:00', 27.23, 27.23, 27.23, 27.23, 3094]
['2019-03-25 13:13:00', 27.22, 27.22, 27.22, 27.22, 4085]
['2019-03-25 13:12:00', 27.23, 27.23, 27.23, 27.23, 1600]
['2019-03-25 13:11:00', 27.23, 27.23, 27.23, 27.23, 500]
['2019-03-25 13:10:00', 27.23, 27.23, 27.23, 27.23, 500]
['2019-03-25 13:08:00', 27.24, 27.24, 27.24, 27.24, 748]
['2019-03-25 13:07:00', 27.22, 27.23, 27.22, 27.23, 2882]
['2019-03-25 13:05:00', 27.23, 27.23, 27.23, 27.23, 1083]
['2019-03-25 13:04:00', 27.22, 27.21, 27.21, 27.22, 1236]
['2019-03-25 13:03:00', 27.23, 27.23, 27.23, 27.23, 604]
['2019-03-25 13:02:00', 27.23, 27.23, 27.23, 27.23, 1392]
['2019-03-25 13:01:00', 27.24, 27.26, 27.24, 27.26, 3470]
['2019-03-25 13:00:00', 27.22, 27.25, 27.22, 27.25, 2637]
['2019-03-25 12:59:00', 27.22, 27.22, 27.22, 27.22, 5900]
['2019-03-25 12:58:00', 27.23, 27.215, 27.215, 27.23, 3298]
['2019-03-25 12:57:00', 27.22, 27.25, 27.22, 27.25, 2680]
['2019-03-25 12:56:00', 27.23, 27.23, 27.23, 27.23, 229]
['2019-03-25 12:54:00', 27.2, 27.2, 27.2, 27.2, 300]
['2019-03-25 12:52:00', 27.2, 27.2, 27.2, 27.2, 910]
['2019-03-25 12:51:00', 27.21, 27.21, 27.21, 27.21, 1444]
['2019-03-25 12:50:00', 27.205, 27.205, 27.205, 27.205, 590]
['2019-03-25 12:48:00', 27.2, 27.19, 27.19, 27.2, 2852]
['2019-03-25 12:47:00', 27.2, 27.2, 27.2, 27.2, 837]
['2019-03-25 12:46:00', 27.18, 27.18, 27.18, 27.18, 1384]
['2019-03-25 12:42:00', 27.2, 27.2, 27.2, 27.2, 690]
['2019-03-25 12:41:00', 27.19, 27.19, 27.19, 27.19, 511]
['2019-03-25 12:39:00', 27.2, 27.2, 27.2, 27.2, 399]
['2019-03-25 12:38:00', 27.2, 27.2, 27.2, 27.2, 886]
['2019-03-25 12:37:00', 27.19, 27.19, 27.19, 27.19, 1067]
['2019-03-25 12:36:00', 27.17, 27.17, 27.17, 27.17, 2538]
['2019-03-25 12:35:00', 27.2, 27.2, 27.2, 27.2, 1155]
['2019-03-25 12:32:00', 27.2, 27.2, 27.2, 27.2, 990]
['2019-03-25 12:31:00', 27.2, 27.2, 27.2, 27.2, 3508]
['2019-03-25 12:30:00', 27.22, 27.22, 27.22, 27.22, 1503]
['2019-03-25 12:29:00', 27.22, 27.22, 27.22, 27.22, 464]
['2019-03-25 12:27:00', 27.22, 27.22, 27.22, 27.22, 990]
['2019-03-25 12:26:00', 27.22, 27.22, 27.22, 27.22, 737]
['2019-03-25 12:24:00', 27.22, 27.22, 27.22, 27.22, 511]
['2019-03-25 12:23:00', 27.225, 27.225, 27.225, 27.225, 790]
['2019-03-25 12:22:00', 27.21, 27.205, 27.205, 27.21, 1329]
['2019-03-25 12:20:00', 27.2, 27.21, 27.2, 27.21, 1470]
['2019-03-25 12:18:00', 27.205, 27.2, 27.2, 27.205, 2191]
['2019-03-25 12:16:00', 27.2, 27.2, 27.2, 27.2, 647]
['2019-03-25 12:15:00', 27.205, 27.205, 27.205, 27.205, 391]
['2019-03-25 12:13:00', 27.22, 27.22, 27.22, 27.22, 515]
['2019-03-25 12:12:00', 27.22, 27.23, 27.22, 27.23, 2306]
['2019-03-25 12:11:00', 27.2, 27.2, 27.2, 27.2, 1793]
['2019-03-25 12:10:00', 27.24, 27.2, 27.2, 27.24, 2590]
['2019-03-25 12:08:00', 27.225, 27.225, 27.225, 27.225, 1990]
['2019-03-25 12:07:00', 27.235, 27.235, 27.235, 27.235, 900]
['2019-03-25 12:06:00', 27.24, 27.24, 27.24, 27.24, 1193]
['2019-03-25 12:05:00', 27.2545, 27.26, 27.2545, 27.26, 2849]
['2019-03-25 12:04:00', 27.215, 27.215, 27.215, 27.215, 597]
['2019-03-25 12:02:00', 27.2, 27.22, 27.2, 27.22, 1125]
['2019-03-25 12:01:00', 27.19, 27.19, 27.19, 27.19, 500]
['2019-03-25 11:58:00', 27.16, 27.16, 27.16, 27.16, 200]
['2019-03-25 11:57:00', 27.2, 27.2, 27.2, 27.2, 524]
['2019-03-25 11:56:00', 27.18, 27.18, 27.18, 27.18, 400]
['2019-03-25 11:54:00', 27.18, 27.18, 27.18, 27.18, 200]
['2019-03-25 11:53:00', 27.18, 27.18, 27.18, 27.18, 200]
['2019-03-25 11:47:00', 27.2, 27.2, 27.2, 27.2, 680]
['2019-03-25 11:46:00', 27.22, 27.22, 27.22, 27.22, 700]
['2019-03-25 11:43:00', 27.2, 27.2, 27.2, 27.2, 1889]
['2019-03-25 11:42:00', 27.24, 27.22, 27.22, 27.24, 1316]
['2019-03-25 11:40:00', 27.24, 27.24, 27.24, 27.24, 256]
['2019-03-25 11:39:00', 27.265, 27.265, 27.265, 27.265, 593]
['2019-03-25 11:38:00', 27.25, 27.25, 27.25, 27.25, 102]
['2019-03-25 11:37:00', 27.26, 27.26, 27.26, 27.26, 1247]
['2019-03-25 11:36:00', 27.24, 27.24, 27.24, 27.24, 1193]
['2019-03-25 11:35:00', 27.24, 27.24, 27.24, 27.24, 190]
['2019-03-25 11:34:00', 27.22, 27.22, 27.22, 27.22, 644]
['2019-03-25 11:32:00', 27.28, 27.27, 27.27, 27.28, 1227]
['2019-03-25 11:31:00', 27.27, 27.27, 27.27, 27.27, 1201]
['2019-03-25 11:30:00', 27.29, 27.29, 27.29, 27.29, 1228]
['2019-03-25 11:29:00', 27.26, 27.26, 27.26, 27.26, 590]
['2019-03-25 11:28:00', 27.24, 27.28, 27.24, 27.28, 1285]
['2019-03-25 11:26:00', 27.23, 27.26, 27.23, 27.26, 1576]
['2019-03-25 11:23:00', 27.24, 27.24, 27.24, 27.24, 700]
['2019-03-25 11:22:00', 27.23, 27.23, 27.23, 27.23, 529]
['2019-03-25 11:21:00', 27.25, 27.28, 27.25, 27.28, 1684]
['2019-03-25 11:17:00', 27.22, 27.23, 27.22, 27.23, 772]
['2019-03-25 11:16:00', 27.155, 27.155, 27.155, 27.155, 222]
['2019-03-25 11:14:00', 27.1, 27.14, 27.1, 27.14, 5663]
['2019-03-25 11:13:00', 27.115, 27.115, 27.115, 27.115, 3703]
['2019-03-25 11:11:00', 27.15, 27.145, 27.145, 27.15, 1006]
['2019-03-25 11:09:00', 27.195, 27.195, 27.195, 27.195, 504]
['2019-03-25 11:08:00', 27.185, 27.185, 27.185, 27.185, 1000]
['2019-03-25 11:07:00', 27.14, 27.14, 27.14, 27.14, 419]
['2019-03-25 11:06:00', 27.125, 27.125, 27.125, 27.125, 1109]
['2019-03-25 11:04:00', 27.105, 27.08, 27.08, 27.105, 315]
['2019-03-25 11:02:00', 27.12, 27.12, 27.12, 27.12, 1302]
['2019-03-25 11:00:00', 27.07, 27.07, 27.07, 27.07, 712]
['2019-03-25 10:57:00', 27.11, 27.11, 27.11, 27.11, 190]
['2019-03-25 10:54:00', 27.11, 27.11, 27.11, 27.11, 280]
['2019-03-25 10:53:00', 27.12, 27.12, 27.12, 27.12, 100]
['2019-03-25 10:51:00', 27.12, 27.12, 27.12, 27.12, 900]
['2019-03-25 10:49:00', 27.07, 27.07, 27.07, 27.07, 793]
['2019-03-25 10:47:00', 27.07, 27.07, 27.07, 27.07, 955]
['2019-03-25 10:45:00', 27.08, 27.08, 27.08, 27.08, 298]
['2019-03-25 10:44:00', 27.08, 27.08, 27.08, 27.08, 490]
['2019-03-25 10:43:00', 27.08, 27.08, 27.08, 27.08, 390]
['2019-03-25 10:40:00', 27.08, 27.08, 27.08, 27.08, 1002]
['2019-03-25 10:39:00', 27.07, 27.07, 27.07, 27.07, 320]
['2019-03-25 10:38:00', 27.06, 27.06, 27.06, 27.06, 770]
['2019-03-25 10:37:00', 27.06, 27.06, 27.06, 27.06, 696]
['2019-03-25 10:35:00', 27.03, 27.03, 27.03, 27.03, 331]
['2019-03-25 10:34:00', 27.07, 27.07, 27.07, 27.07, 200]
['2019-03-25 10:33:00', 27.03, 27.03, 27.03, 27.03, 773]
['2019-03-25 10:32:00', 27.04, 27.04, 27.04, 27.04, 697]
['2019-03-25 10:31:00', 27.02, 27.02, 27.02, 27.02, 290]
['2019-03-25 10:29:00', 26.99, 26.99, 26.99, 26.99, 1013]
['2019-03-25 10:28:00', 26.96, 26.96, 26.96, 26.96, 280]
['2019-03-25 10:27:00', 26.97, 26.97, 26.97, 26.97, 513]
['2019-03-25 10:25:00', 26.95, 26.95, 26.95, 26.95, 753]
['2019-03-25 10:24:00', 26.95, 26.93, 26.93, 26.95, 21728]
['2019-03-25 10:23:00', 26.98, 26.98, 26.98, 26.98, 453]
['2019-03-25 10:21:00', 26.95, 26.96, 26.95, 26.96, 3765]
['2019-03-25 10:19:00', 27.03, 27.025, 27.025, 27.03, 975]
['2019-03-25 10:18:00', 27.02, 27.02, 27.02, 27.02, 493]
['2019-03-25 10:17:00', 27.0, 27.0, 27.0, 27.0, 1102]
['2019-03-25 10:15:00', 27.03, 27.01, 27.01, 27.03, 1958]
['2019-03-25 10:13:00', 26.91, 26.95, 26.91, 26.95, 2277]
['2019-03-25 10:12:00', 26.9, 26.9, 26.9, 26.9, 640]
['2019-03-25 10:11:00', 26.89, 26.92, 26.89, 26.92, 15049]
['2019-03-25 10:10:00', 26.9, 26.9, 26.89, 26.92, 313166]
['2019-03-25 10:04:00', 26.9, 26.9, 26.9, 26.9, 504]
['2019-03-25 10:03:00', 26.91, 26.91, 26.91, 26.91, 648]
['2019-03-25 10:02:00', 26.91, 26.91, 26.91, 26.91, 245]
['2019-03-25 10:01:00', 26.9, 26.94, 26.9, 26.94, 4388]
['2019-03-25 10:00:00', 26.93, 26.93, 26.93, 26.93, 100]
['2019-03-25 09:58:00', 26.9166, 26.9166, 26.9166, 26.9166, 400]
['2019-03-25 09:52:00', 26.9, 26.9, 26.9, 26.9, 174]
['2019-03-25 09:50:00', 26.98, 26.98, 26.98, 26.98, 606]
['2019-03-25 09:49:00', 26.86, 26.86, 26.86, 26.86, 300]
['2019-03-25 09:45:00', 26.97, 26.98, 26.97, 26.98, 2152]
['2019-03-25 09:41:00', 26.91, 26.91, 26.91, 26.91, 764]
['2019-03-25 09:40:00', 26.95, 26.95, 26.95, 26.95, 1185]
['2019-03-25 09:37:00', 26.91, 26.91, 26.91, 26.91, 111]
['2019-03-25 09:31:00', 27.01, 27.01, 27.01, 27.01, 0]
