AGNCN
['2019-03-29 16:00:00', 25.57, 25.57, 25.57, 25.57, 853]
['2019-03-29 15:58:00', 25.57, 25.57, 25.57, 25.57, 6309]
['2019-03-29 15:44:00', 25.5314, 25.53, 25.53, 25.5314, 1379]
['2019-03-29 15:22:00', 25.53, 25.53, 25.53, 25.53, 441]
['2019-03-29 15:16:00', 25.54, 25.54, 25.54, 25.54, 960]
['2019-03-29 15:09:00', 25.5415, 25.543, 25.5415, 25.543, 1162]
['2019-03-29 14:49:00', 25.52, 25.52, 25.52, 25.52, 446]
['2019-03-29 14:28:00', 25.52, 25.52, 25.52, 25.52, 328]
['2019-03-29 14:22:00', 25.5182, 25.5182, 25.5182, 25.5182, 391]
['2019-03-29 14:07:00', 25.5333, 25.5333, 25.5333, 25.5333, 371]
['2019-03-29 13:28:00', 25.532, 25.532, 25.532, 25.532, 961]
['2019-03-29 13:17:00', 25.5, 25.5, 25.5, 25.5, 490]
['2019-03-29 13:11:00', 25.5499, 25.5499, 25.5499, 25.5499, 200]
['2019-03-29 13:02:00', 25.545, 25.545, 25.545, 25.545, 1230]
['2019-03-29 12:38:00', 25.5043, 25.5043, 25.5043, 25.5043, 292]
['2019-03-29 11:54:00', 25.5341, 25.5341, 25.5341, 25.5341, 1199]
['2019-03-29 11:43:00', 25.52, 25.52, 25.52, 25.52, 1691]
['2019-03-29 11:34:00', 25.55, 25.55, 25.55, 25.55, 656]
['2019-03-29 11:28:00', 25.55, 25.55, 25.55, 25.55, 1730]
['2019-03-29 11:26:00', 25.55, 25.55, 25.55, 25.55, 300]
['2019-03-29 11:21:00', 25.55, 25.55, 25.55, 25.55, 483]
['2019-03-29 11:10:00', 25.535, 25.535, 25.535, 25.535, 314]
['2019-03-29 11:03:00', 25.55, 25.5474, 25.5474, 25.55, 1600]
['2019-03-29 11:01:00', 25.54, 25.54, 25.54, 25.54, 1570]
['2019-03-29 11:00:00', 25.55, 25.55, 25.55, 25.55, 1500]
['2019-03-29 10:56:00', 25.56, 25.56, 25.56, 25.56, 1135]
['2019-03-29 10:54:00', 25.56, 25.56, 25.56, 25.56, 1976]
['2019-03-29 10:50:00', 25.579, 25.579, 25.579, 25.579, 400]
['2019-03-29 10:46:00', 25.581, 25.581, 25.581, 25.581, 756]
['2019-03-29 10:44:00', 25.5611, 25.5611, 25.5611, 25.5611, 800]
['2019-03-29 10:41:00', 25.54, 25.54, 25.54, 25.54, 300]
['2019-03-29 10:39:00', 25.54, 25.54, 25.54, 25.54, 200]
['2019-03-29 10:37:00', 25.5438, 25.5438, 25.5438, 25.5438, 100]
['2019-03-29 10:28:00', 25.52, 25.52, 25.52, 25.52, 4100]
['2019-03-29 10:25:00', 25.59, 25.59, 25.59, 25.59, 5664]
['2019-03-29 10:23:00', 25.565, 25.56, 25.56, 25.565, 600]
['2019-03-29 10:08:00', 25.59, 25.59, 25.59, 25.59, 100]
['2019-03-29 10:06:00', 25.6, 25.6088, 25.6, 25.6088, 3998]
['2019-03-29 09:48:00', 25.6, 25.6, 25.6, 25.6, 934]
['2019-03-29 09:39:00', 25.68, 25.68, 25.68, 25.68, 546]
['2019-03-29 09:31:00', 25.7, 25.7, 25.7, 25.7, 0]
['2019-03-28 15:58:00', 25.92, 25.92, 25.92, 25.92, 100]
['2019-03-28 15:54:00', 25.92, 25.92, 25.92, 25.92, 500]
['2019-03-28 15:50:00', 25.93, 25.93, 25.93, 25.93, 338]
['2019-03-28 15:45:00', 25.97, 25.97, 25.97, 25.97, 208]
['2019-03-28 15:34:00', 25.98, 25.98, 25.98, 25.98, 460]
['2019-03-28 15:17:00', 26.0324, 26.0324, 26.0324, 26.0324, 2623]
['2019-03-28 15:16:00', 25.95, 25.95, 25.95, 25.95, 740]
['2019-03-28 15:05:00', 25.95, 25.95, 25.95, 25.95, 301]
['2019-03-28 14:31:00', 26.0022, 26.0022, 26.0022, 26.0022, 618]
['2019-03-28 14:30:00', 25.99, 25.99, 25.99, 25.99, 100]
['2019-03-28 14:23:00', 25.99, 25.99, 25.99, 25.99, 600]
['2019-03-28 14:18:00', 25.985, 25.985, 25.985, 25.985, 100]
['2019-03-28 14:06:00', 26.0084, 26.01, 26.0084, 26.01, 2483]
['2019-03-28 13:46:00', 26.0094, 26.0094, 26.0094, 26.0094, 242]
['2019-03-28 13:09:00', 26.01, 26.01, 26.01, 26.01, 120]
['2019-03-28 12:45:00', 25.97, 25.97, 25.97, 25.97, 805]
['2019-03-28 12:44:00', 25.96, 25.96, 25.96, 25.96, 100]
['2019-03-28 12:33:00', 25.9458, 25.9458, 25.9458, 25.9458, 1120]
['2019-03-28 12:32:00', 25.9696, 25.9696, 25.9696, 25.9696, 1240]
['2019-03-28 12:26:00', 25.94, 25.94, 25.94, 25.94, 100]
['2019-03-28 11:15:00', 25.95, 25.95, 25.95, 25.95, 484]
['2019-03-28 11:08:00', 25.93, 25.93, 25.93, 25.93, 1088]
['2019-03-28 11:01:00', 25.92, 25.92, 25.92, 25.92, 400]
['2019-03-28 10:57:00', 25.925, 25.925, 25.925, 25.925, 100]
['2019-03-28 10:51:00', 25.91, 25.91, 25.91, 25.91, 767]
['2019-03-28 10:39:00', 25.955, 25.955, 25.955, 25.955, 100]
['2019-03-28 09:31:00', 25.99, 25.99, 25.99, 25.99, 0]
['2019-03-27 16:00:00', 25.94, 25.94, 25.94, 25.94, 300]
['2019-03-27 15:56:00', 26.0, 26.0, 26.0, 26.0, 200]
['2019-03-27 15:50:00', 25.94, 25.94, 25.94, 25.94, 134]
['2019-03-27 15:47:00', 25.96, 25.96, 25.96, 25.96, 100]
['2019-03-27 15:38:00', 25.96, 25.96, 25.96, 25.96, 100]
['2019-03-27 15:29:00', 25.94, 25.94, 25.94, 25.94, 426]
['2019-03-27 15:28:00', 25.97, 25.97, 25.97, 25.97, 100]
['2019-03-27 15:26:00', 25.9799, 25.9799, 25.9799, 25.9799, 675]
['2019-03-27 15:21:00', 25.95, 25.95, 25.95, 25.95, 200]
['2019-03-27 15:10:00', 25.97, 25.97, 25.97, 25.97, 196]
['2019-03-27 15:08:00', 25.96, 25.96, 25.96, 25.96, 100]
['2019-03-27 15:00:00', 25.97, 25.97, 25.97, 25.97, 300]
['2019-03-27 14:57:00', 26.03, 26.03, 26.03, 26.03, 1265]
['2019-03-27 14:40:00', 25.98, 25.98, 25.98, 25.98, 419]
['2019-03-27 14:32:00', 26.02, 26.02, 26.02, 26.02, 632]
['2019-03-27 14:31:00', 25.93, 25.93, 25.93, 25.93, 884]
['2019-03-27 14:21:00', 25.9, 25.89, 25.89, 25.9, 1679]
['2019-03-27 14:20:00', 25.91, 25.93, 25.91, 25.93, 3377]
['2019-03-27 14:13:00', 25.97, 25.97, 25.97, 25.97, 400]
['2019-03-27 14:10:00', 25.965, 25.965, 25.965, 25.965, 100]
['2019-03-27 14:04:00', 26.03, 26.03, 26.03, 26.03, 100]
['2019-03-27 13:55:00', 26.03, 26.03, 26.03, 26.03, 129]
['2019-03-27 13:49:00', 25.94, 25.94, 25.94, 25.94, 200]
['2019-03-27 13:45:00', 25.99, 25.99, 25.99, 25.99, 112]
['2019-03-27 13:38:00', 26.04, 25.99, 25.99, 26.04, 1189]
['2019-03-27 13:36:00', 26.03, 26.03, 26.03, 26.03, 100]
['2019-03-27 13:26:00', 26.09, 26.09, 26.09, 26.09, 100]
['2019-03-27 13:17:00', 26.08, 26.08, 26.08, 26.08, 100]
['2019-03-27 13:08:00', 26.08, 26.08, 26.08, 26.08, 100]
['2019-03-27 13:00:00', 26.01, 26.01, 26.01, 26.01, 167]
['2019-03-27 12:53:00', 26.01, 25.99, 25.99, 26.01, 200]
['2019-03-27 12:37:00', 26.0671, 26.0671, 26.0671, 26.0671, 226]
['2019-03-27 12:21:00', 26.071, 26.071, 26.071, 26.071, 300]
['2019-03-27 12:20:00', 26.01, 26.01, 26.01, 26.01, 100]
['2019-03-27 11:40:00', 26.01, 26.01, 26.01, 26.01, 1925]
['2019-03-27 11:36:00', 26.1, 26.1, 26.1, 26.1, 500]
['2019-03-27 11:27:00', 26.1, 26.1, 26.1, 26.1, 610]
['2019-03-27 10:39:00', 26.1, 26.1, 26.1, 26.1, 136]
['2019-03-27 10:26:00', 26.105, 26.105, 26.105, 26.105, 625]
['2019-03-27 09:31:00', 26.13, 26.13, 26.13, 26.13, 0]
['2019-03-26 15:54:00', 26.0799, 26.09, 26.0799, 26.09, 1538]
['2019-03-26 15:46:00', 26.09, 26.09, 26.09, 26.09, 1065]
['2019-03-26 15:45:00', 26.04, 26.04, 26.04, 26.04, 2573]
['2019-03-26 15:26:00', 26.0, 26.0, 26.0, 26.0, 595]
['2019-03-26 15:22:00', 25.9984, 25.9984, 25.9984, 25.9984, 500]
['2019-03-26 15:13:00', 25.995, 25.995, 25.995, 25.995, 223]
['2019-03-26 14:45:00', 26.01, 26.01, 26.01, 26.01, 500]
['2019-03-26 13:51:00', 26.02, 26.02, 26.02, 26.02, 430]
['2019-03-26 13:38:00', 26.05, 26.05, 26.05, 26.05, 133]
['2019-03-26 13:06:00', 26.0, 26.0044, 26.0, 26.0044, 1284]
['2019-03-26 12:27:00', 25.99, 25.99, 25.99, 25.99, 114]
['2019-03-26 12:22:00', 25.99, 25.99, 25.99, 25.99, 200]
['2019-03-26 12:01:00', 25.99, 25.99, 25.99, 25.99, 112]
['2019-03-26 11:53:00', 25.99, 25.99, 25.99, 25.99, 533]
['2019-03-26 11:36:00', 26.0, 26.0, 26.0, 26.0, 1222]
['2019-03-26 11:26:00', 25.99, 25.99, 25.99, 25.99, 100]
['2019-03-26 11:20:00', 25.99, 25.99, 25.99, 25.99, 400]
['2019-03-26 11:17:00', 25.99, 25.99, 25.99, 25.99, 100]
['2019-03-26 10:49:00', 25.99, 25.99, 25.99, 25.99, 347]
['2019-03-26 10:26:00', 25.93, 25.92, 25.92, 25.93, 3157]
['2019-03-26 10:17:00', 25.92, 25.92, 25.92, 25.92, 457]
['2019-03-26 09:52:00', 25.89, 25.89, 25.89, 25.89, 553]
['2019-03-26 09:51:00', 25.89, 25.89, 25.89, 25.89, 200]
['2019-03-26 09:50:00', 25.88, 25.88, 25.88, 25.88, 600]
['2019-03-26 09:48:00', 26.02, 25.98, 25.98, 26.02, 6947]
['2019-03-26 09:43:00', 26.0024, 26.0024, 26.0024, 26.0024, 149]
['2019-03-26 09:31:00', 26.1, 26.1, 26.1, 26.1, 0]
['2019-03-25 16:00:00', 26.085, 26.085, 26.085, 26.085, 180]
['2019-03-25 15:51:00', 26.11, 26.11, 26.11, 26.11, 210]
['2019-03-25 15:23:00', 26.11, 26.11, 26.11, 26.11, 312]
['2019-03-25 15:22:00', 26.085, 26.085, 26.085, 26.085, 100]
['2019-03-25 14:59:00', 26.055, 26.055, 26.055, 26.055, 172]
['2019-03-25 14:29:00', 26.065, 26.065, 26.065, 26.065, 130]
['2019-03-25 12:30:00', 26.1153, 26.1153, 26.1153, 26.1153, 1299]
['2019-03-25 12:15:00', 26.0685, 26.0685, 26.0685, 26.0685, 3900]
['2019-03-25 11:11:00', 26.0676, 26.0676, 26.0676, 26.0676, 2734]
['2019-03-25 10:51:00', 26.095, 26.095, 26.095, 26.095, 100]
['2019-03-25 09:31:00', 26.16, 26.16, 26.16, 26.16, 0]
