ARE
['2019-03-29 16:00:00', 142.68, 142.51, 142.51, 142.68, 52803]
['2019-03-29 15:59:00', 142.56, 142.74, 142.51, 142.74, 24127]
['2019-03-29 15:58:00', 142.37, 142.61, 142.31, 142.62, 21872]
['2019-03-29 15:57:00', 142.35, 142.36, 142.26, 142.37, 11881]
['2019-03-29 15:56:00', 142.15, 142.32, 142.14, 142.37, 10312]
['2019-03-29 15:55:00', 142.03, 142.0625, 142.0, 142.12, 9696]
['2019-03-29 15:54:00', 142.12, 142.02, 141.98, 142.14, 8920]
['2019-03-29 15:53:00', 142.1, 142.09, 142.08, 142.17, 7511]
['2019-03-29 15:52:00', 142.06, 142.08, 142.0, 142.08, 10032]
['2019-03-29 15:51:00', 142.24, 142.04, 142.01, 142.24, 14042]
['2019-03-29 15:50:00', 142.26, 142.24, 142.21, 142.29, 5218]
['2019-03-29 15:49:00', 142.295, 142.26, 142.2, 142.295, 2783]
['2019-03-29 15:48:00', 142.38, 142.33, 142.33, 142.38, 1328]
['2019-03-29 15:47:00', 142.34, 142.36, 142.34, 142.39, 2141]
['2019-03-29 15:46:00', 142.2, 142.34, 142.2, 142.34, 2321]
['2019-03-29 15:45:00', 142.23, 142.17, 142.17, 142.23, 1187]
['2019-03-29 15:44:00', 142.13, 142.22, 142.13, 142.23, 3715]
['2019-03-29 15:43:00', 142.17, 142.11, 142.1, 142.17, 2273]
['2019-03-29 15:42:00', 142.27, 142.18, 142.16, 142.27, 2285]
['2019-03-29 15:41:00', 142.28, 142.24, 142.24, 142.28, 1141]
['2019-03-29 15:40:00', 142.25, 142.27, 142.23, 142.28, 4509]
['2019-03-29 15:39:00', 142.24, 142.23, 142.23, 142.26, 1925]
['2019-03-29 15:38:00', 142.27, 142.22, 142.21, 142.27, 1092]
['2019-03-29 15:37:00', 142.36, 142.3, 142.3, 142.36, 834]
['2019-03-29 15:36:00', 142.375, 142.36, 142.36, 142.375, 997]
['2019-03-29 15:35:00', 142.32, 142.38, 142.32, 142.38, 2637]
['2019-03-29 15:34:00', 142.31, 142.33, 142.3, 142.33, 317]
['2019-03-29 15:33:00', 142.25, 142.31, 142.25, 142.31, 1982]
['2019-03-29 15:32:00', 142.21, 142.25, 142.21, 142.25, 1775]
['2019-03-29 15:31:00', 142.23, 142.21, 142.19, 142.23, 1902]
['2019-03-29 15:30:00', 142.2, 142.21, 142.2, 142.21, 554]
['2019-03-29 15:29:00', 142.22, 142.23, 142.21, 142.23, 944]
['2019-03-29 15:28:00', 142.23, 142.24, 142.23, 142.26, 689]
['2019-03-29 15:27:00', 142.15, 142.19, 142.15, 142.19, 2450]
['2019-03-29 15:26:00', 142.12, 142.14, 142.12, 142.14, 989]
['2019-03-29 15:25:00', 142.23, 142.19, 142.19, 142.23, 704]
['2019-03-29 15:24:00', 142.26, 142.26, 142.25, 142.26, 1876]
['2019-03-29 15:23:00', 142.3, 142.29, 142.27, 142.3, 503]
['2019-03-29 15:21:00', 142.36, 142.31, 142.31, 142.36, 721]
['2019-03-29 15:20:00', 142.36, 142.36, 142.36, 142.36, 186]
['2019-03-29 15:19:00', 142.4, 142.38, 142.38, 142.4, 394]
['2019-03-29 15:18:00', 142.35, 142.35, 142.35, 142.35, 291]
['2019-03-29 15:17:00', 142.31, 142.38, 142.31, 142.38, 2277]
['2019-03-29 15:16:00', 142.3, 142.28, 142.28, 142.3, 450]
['2019-03-29 15:15:00', 142.33, 142.33, 142.33, 142.33, 539]
['2019-03-29 15:14:00', 142.3704, 142.3704, 142.3704, 142.3704, 244]
['2019-03-29 15:13:00', 142.43, 142.39, 142.39, 142.43, 647]
['2019-03-29 15:12:00', 142.49, 142.5, 142.48, 142.5, 1173]
['2019-03-29 15:11:00', 142.48, 142.5, 142.48, 142.5, 935]
['2019-03-29 15:10:00', 142.57, 142.48, 142.41, 142.57, 2967]
['2019-03-29 15:09:00', 142.54, 142.54, 142.54, 142.54, 193]
['2019-03-29 15:08:00', 142.53, 142.55, 142.48, 142.57, 1257]
['2019-03-29 15:07:00', 142.63, 142.6, 142.59, 142.63, 1635]
['2019-03-29 15:06:00', 142.63, 142.63, 142.62, 142.63, 515]
['2019-03-29 15:04:00', 142.63, 142.63, 142.63, 142.63, 300]
['2019-03-29 15:03:00', 142.66, 142.65, 142.65, 142.66, 945]
['2019-03-29 15:02:00', 142.65, 142.6562, 142.65, 142.66, 3112]
['2019-03-29 15:01:00', 142.65, 142.66, 142.64, 142.67, 2342]
['2019-03-29 14:59:00', 142.54, 142.58, 142.54, 142.59, 1764]
['2019-03-29 14:57:00', 142.56, 142.5499, 142.5499, 142.56, 1030]
['2019-03-29 14:56:00', 142.68, 142.62, 142.62, 142.68, 3536]
['2019-03-29 14:55:00', 142.67, 142.65, 142.63, 142.67, 2647]
['2019-03-29 14:54:00', 142.59, 142.65, 142.59, 142.65, 820]
['2019-03-29 14:53:00', 142.56, 142.61, 142.56, 142.61, 542]
['2019-03-29 14:51:00', 142.57, 142.57, 142.57, 142.57, 220]
['2019-03-29 14:50:00', 142.54, 142.54, 142.54, 142.54, 268]
['2019-03-29 14:49:00', 142.54, 142.52, 142.52, 142.54, 737]
['2019-03-29 14:48:00', 142.51, 142.56, 142.51, 142.56, 1783]
['2019-03-29 14:46:00', 142.55, 142.55, 142.55, 142.55, 107]
['2019-03-29 14:45:00', 142.55, 142.57, 142.55, 142.57, 1605]
['2019-03-29 14:42:00', 142.49, 142.49, 142.49, 142.49, 965]
['2019-03-29 14:40:00', 142.55, 142.51, 142.51, 142.55, 2230]
['2019-03-29 14:39:00', 142.5, 142.55, 142.48, 142.55, 1853]
['2019-03-29 14:38:00', 142.5, 142.5, 142.5, 142.5, 100]
['2019-03-29 14:37:00', 142.55, 142.54, 142.54, 142.55, 474]
['2019-03-29 14:35:00', 142.57, 142.6, 142.57, 142.6, 1014]
['2019-03-29 14:34:00', 142.57, 142.57, 142.57, 142.57, 341]
['2019-03-29 14:31:00', 142.555, 142.54, 142.54, 142.555, 384]
['2019-03-29 14:29:00', 142.65, 142.66, 142.65, 142.69, 2821]
['2019-03-29 14:28:00', 142.6, 142.65, 142.6, 142.65, 1573]
['2019-03-29 14:27:00', 142.63, 142.59, 142.59, 142.63, 1182]
['2019-03-29 14:26:00', 142.63, 142.68, 142.63, 142.68, 426]
['2019-03-29 14:24:00', 142.65, 142.6525, 142.65, 142.68, 1459]
['2019-03-29 14:23:00', 142.64, 142.64, 142.64, 142.64, 250]
['2019-03-29 14:22:00', 142.57, 142.65, 142.55, 142.65, 1782]
['2019-03-29 14:21:00', 142.63, 142.58, 142.58, 142.63, 673]
['2019-03-29 14:20:00', 142.66, 142.66, 142.66, 142.66, 104]
['2019-03-29 14:19:00', 142.62, 142.63, 142.62, 142.63, 393]
['2019-03-29 14:18:00', 142.62, 142.64, 142.62, 142.67, 1461]
['2019-03-29 14:17:00', 142.59, 142.59, 142.59, 142.59, 133]
['2019-03-29 14:16:00', 142.64, 142.64, 142.64, 142.64, 740]
['2019-03-29 14:15:00', 142.65, 142.66, 142.64, 142.71, 755]
['2019-03-29 14:14:00', 142.7, 142.66, 142.66, 142.7, 277]
['2019-03-29 14:13:00', 142.71, 142.72, 142.68, 142.72, 917]
['2019-03-29 14:12:00', 142.7, 142.71, 142.7, 142.73, 428]
['2019-03-29 14:11:00', 142.7, 142.67, 142.67, 142.72, 1129]
['2019-03-29 14:10:00', 142.59, 142.73, 142.59, 142.74, 4678]
['2019-03-29 14:09:00', 142.51, 142.53, 142.51, 142.53, 1783]
['2019-03-29 14:08:00', 142.4908, 142.4908, 142.4908, 142.4908, 156]
['2019-03-29 14:06:00', 142.46, 142.49, 142.445, 142.49, 1011]
['2019-03-29 14:05:00', 142.43, 142.42, 142.4, 142.43, 1071]
['2019-03-29 14:04:00', 142.4211, 142.45, 142.4, 142.45, 1482]
['2019-03-29 14:03:00', 142.4, 142.39, 142.39, 142.44, 929]
['2019-03-29 14:02:00', 142.44, 142.46, 142.44, 142.46, 796]
['2019-03-29 14:01:00', 142.45, 142.39, 142.39, 142.45, 208]
['2019-03-29 13:56:00', 142.5, 142.5, 142.46, 142.5, 2128]
['2019-03-29 13:53:00', 142.4, 142.44, 142.4, 142.44, 1311]
['2019-03-29 13:52:00', 142.38, 142.36, 142.36, 142.38, 853]
['2019-03-29 13:51:00', 142.38, 142.41, 142.34, 142.41, 1466]
['2019-03-29 13:49:00', 142.41, 142.41, 142.41, 142.41, 314]
['2019-03-29 13:48:00', 142.34, 142.34, 142.34, 142.34, 596]
['2019-03-29 13:47:00', 142.35, 142.32, 142.22, 142.36, 2384]
['2019-03-29 13:46:00', 142.42, 142.39, 142.39, 142.42, 777]
['2019-03-29 13:45:00', 142.44, 142.44, 142.44, 142.44, 100]
['2019-03-29 13:44:00', 142.44, 142.44, 142.44, 142.44, 227]
['2019-03-29 13:43:00', 142.39, 142.45, 142.39, 142.45, 710]
['2019-03-29 13:42:00', 142.4, 142.42, 142.4, 142.42, 485]
['2019-03-29 13:41:00', 142.4, 142.4, 142.4, 142.4, 115]
['2019-03-29 13:40:00', 142.44, 142.44, 142.44, 142.44, 147]
['2019-03-29 13:39:00', 142.45, 142.44, 142.44, 142.48, 1332]
['2019-03-29 13:38:00', 142.52, 142.52, 142.52, 142.52, 151]
['2019-03-29 13:36:00', 142.59, 142.6, 142.59, 142.6, 384]
['2019-03-29 13:35:00', 142.55, 142.54, 142.54, 142.55, 641]
['2019-03-29 13:34:00', 142.58, 142.62, 142.57, 142.62, 402]
['2019-03-29 13:33:00', 142.52, 142.6, 142.52, 142.6, 890]
['2019-03-29 13:32:00', 142.635, 142.59, 142.57, 142.635, 800]
['2019-03-29 13:31:00', 142.68, 142.705, 142.68, 142.705, 504]
['2019-03-29 13:30:00', 142.7, 142.7, 142.7, 142.7, 174]
['2019-03-29 13:28:00', 142.705, 142.7, 142.67, 142.72, 2234]
['2019-03-29 13:27:00', 142.685, 142.685, 142.685, 142.685, 356]
['2019-03-29 13:26:00', 142.68, 142.7, 142.68, 142.7, 808]
['2019-03-29 13:25:00', 142.74, 142.72, 142.7, 142.74, 3667]
['2019-03-29 13:24:00', 142.71, 142.715, 142.7, 142.74, 1574]
['2019-03-29 13:23:00', 142.69, 142.67, 142.67, 142.72, 4232]
['2019-03-29 13:22:00', 142.67, 142.715, 142.56, 142.715, 7308]
['2019-03-29 13:21:00', 142.68, 142.635, 142.635, 142.71, 327]
['2019-03-29 13:20:00', 142.715, 142.715, 142.715, 142.715, 317]
['2019-03-29 13:18:00', 142.67, 142.72, 142.67, 142.72, 1024]
['2019-03-29 13:17:00', 142.6, 142.64, 142.6, 142.64, 321]
['2019-03-29 13:14:00', 142.7, 142.66, 142.66, 142.7, 2171]
['2019-03-29 13:13:00', 142.63, 142.7275, 142.63, 142.7275, 1329]
['2019-03-29 13:11:00', 142.565, 142.565, 142.565, 142.565, 413]
['2019-03-29 13:09:00', 142.59, 142.61, 142.59, 142.61, 420]
['2019-03-29 13:08:00', 142.62, 142.64, 142.62, 142.655, 1955]
['2019-03-29 13:07:00', 142.62, 142.62, 142.62, 142.62, 189]
['2019-03-29 13:05:00', 142.69, 142.69, 142.69, 142.69, 108]
['2019-03-29 13:04:00', 142.63, 142.63, 142.63, 142.63, 193]
['2019-03-29 13:03:00', 142.65, 142.65, 142.65, 142.65, 108]
['2019-03-29 13:02:00', 142.68, 142.66, 142.65, 142.68, 949]
['2019-03-29 13:01:00', 142.7, 142.7, 142.7, 142.7, 101]
['2019-03-29 13:00:00', 142.66, 142.65, 142.65, 142.66, 398]
['2019-03-29 12:59:00', 142.735, 142.66, 142.66, 142.735, 1133]
['2019-03-29 12:58:00', 142.68, 142.705, 142.64, 142.72, 692]
['2019-03-29 12:56:00', 142.64, 142.73, 142.58, 142.73, 3010]
['2019-03-29 12:55:00', 142.65, 142.65, 142.65, 142.65, 110]
['2019-03-29 12:54:00', 142.58, 142.58, 142.58, 142.58, 279]
['2019-03-29 12:53:00', 142.61, 142.54, 142.54, 142.63, 1670]
['2019-03-29 12:51:00', 142.68, 142.68, 142.68, 142.68, 200]
['2019-03-29 12:49:00', 142.54, 142.59, 142.54, 142.59, 696]
['2019-03-29 12:48:00', 142.56, 142.49, 142.49, 142.56, 260]
['2019-03-29 12:47:00', 142.59, 142.61, 142.58, 142.62, 2891]
['2019-03-29 12:46:00', 142.6, 142.64, 142.6, 142.64, 593]
['2019-03-29 12:45:00', 142.56, 142.56, 142.56, 142.56, 100]
['2019-03-29 12:43:00', 142.59, 142.56, 142.56, 142.59, 352]
['2019-03-29 12:42:00', 142.51, 142.51, 142.51, 142.51, 284]
['2019-03-29 12:41:00', 142.52, 142.47, 142.47, 142.57, 740]
['2019-03-29 12:40:00', 142.52, 142.47, 142.47, 142.52, 261]
['2019-03-29 12:39:00', 142.6, 142.6, 142.6, 142.6, 237]
['2019-03-29 12:38:00', 142.53, 142.53, 142.53, 142.53, 162]
['2019-03-29 12:37:00', 142.38, 142.55, 142.38, 142.55, 1359]
['2019-03-29 12:36:00', 142.47, 142.47, 142.38, 142.57, 2583]
['2019-03-29 12:35:00', 142.46, 142.4301, 142.38, 142.48, 6584]
['2019-03-29 12:34:00', 142.365, 142.44, 142.365, 142.51, 5106]
['2019-03-29 12:33:00', 142.39, 142.39, 142.32, 142.39, 2848]
['2019-03-29 12:32:00', 142.34, 142.41, 142.34, 142.41, 1439]
['2019-03-29 12:31:00', 142.32, 142.33, 142.3107, 142.33, 568]
['2019-03-29 12:30:00', 142.34, 142.36, 142.335, 142.36, 500]
['2019-03-29 12:27:00', 142.36, 142.37, 142.325, 142.38, 1807]
['2019-03-29 12:26:00', 142.31, 142.32, 142.31, 142.32, 601]
['2019-03-29 12:23:00', 142.45, 142.33, 142.33, 142.45, 1973]
['2019-03-29 12:21:00', 142.4, 142.42, 142.375, 142.42, 756]
['2019-03-29 12:20:00', 142.33, 142.39, 142.33, 142.39, 604]
['2019-03-29 12:19:00', 142.27, 142.28, 142.27, 142.315, 2404]
['2019-03-29 12:17:00', 142.37, 142.31, 142.31, 142.37, 1243]
['2019-03-29 12:16:00', 142.4, 142.36, 142.36, 142.4, 623]
['2019-03-29 12:15:00', 142.51, 142.38, 142.37, 142.53, 9354]
['2019-03-29 12:14:00', 142.49, 142.57, 142.47, 142.59, 6814]
['2019-03-29 12:13:00', 142.505, 142.505, 142.505, 142.505, 547]
['2019-03-29 12:12:00', 142.48, 142.48, 142.48, 142.48, 192]
['2019-03-29 12:11:00', 142.48, 142.44, 142.44, 142.48, 393]
['2019-03-29 12:10:00', 142.5, 142.47, 142.47, 142.5, 245]
['2019-03-29 12:09:00', 142.465, 142.465, 142.465, 142.465, 346]
['2019-03-29 12:08:00', 142.48, 142.48, 142.48, 142.48, 713]
['2019-03-29 12:06:00', 142.45, 142.45, 142.45, 142.45, 655]
['2019-03-29 12:05:00', 142.51, 142.53, 142.51, 142.53, 440]
['2019-03-29 12:04:00', 142.53, 142.53, 142.53, 142.53, 178]
['2019-03-29 12:03:00', 142.58, 142.53, 142.53, 142.58, 922]
['2019-03-29 12:01:00', 142.62, 142.64, 142.61, 142.64, 1544]
['2019-03-29 11:59:00', 142.72, 142.69, 142.69, 142.74, 567]
['2019-03-29 11:58:00', 142.72, 142.71, 142.7, 142.75, 2523]
['2019-03-29 11:57:00', 142.74, 142.71, 142.71, 142.74, 524]
['2019-03-29 11:56:00', 142.79, 142.77, 142.77, 142.8, 1706]
['2019-03-29 11:55:00', 142.8, 142.75, 142.75, 142.8, 3936]
['2019-03-29 11:53:00', 142.72, 142.75, 142.69, 142.75, 1647]
['2019-03-29 11:52:00', 142.75, 142.75, 142.75, 142.75, 141]
['2019-03-29 11:51:00', 142.72, 142.72, 142.72, 142.72, 351]
['2019-03-29 11:50:00', 142.67, 142.67, 142.67, 142.67, 214]
['2019-03-29 11:49:00', 142.64, 142.66, 142.64, 142.66, 203]
['2019-03-29 11:48:00', 142.54, 142.54, 142.54, 142.54, 267]
['2019-03-29 11:45:00', 142.59, 142.6, 142.59, 142.6, 593]
['2019-03-29 11:44:00', 142.62, 142.61, 142.61, 142.62, 1200]
['2019-03-29 11:43:00', 142.61, 142.73, 142.61, 142.73, 1012]
['2019-03-29 11:42:00', 142.67, 142.63, 142.61, 142.67, 717]
['2019-03-29 11:40:00', 142.72, 142.72, 142.72, 142.72, 370]
['2019-03-29 11:39:00', 142.69, 142.71, 142.69, 142.72, 857]
['2019-03-29 11:38:00', 142.66, 142.65, 142.65, 142.66, 544]
['2019-03-29 11:37:00', 142.69, 142.69, 142.69, 142.7, 1022]
['2019-03-29 11:35:00', 142.76, 142.69, 142.69, 142.76, 851]
['2019-03-29 11:34:00', 142.78, 142.78, 142.78, 142.78, 775]
['2019-03-29 11:33:00', 142.8, 142.8, 142.78, 142.8, 671]
['2019-03-29 11:31:00', 142.8, 142.8, 142.8, 142.8, 1236]
['2019-03-29 11:30:00', 142.8, 142.79, 142.79, 142.8, 516]
['2019-03-29 11:29:00', 142.84, 142.8, 142.8, 142.87, 340]
['2019-03-29 11:28:00', 142.84, 142.84, 142.84, 142.84, 100]
['2019-03-29 11:27:00', 142.79, 142.79, 142.79, 142.79, 239]
['2019-03-29 11:26:00', 142.795, 142.795, 142.795, 142.795, 237]
['2019-03-29 11:25:00', 142.77, 142.82, 142.77, 142.82, 415]
['2019-03-29 11:24:00', 142.78, 142.78, 142.78, 142.78, 180]
['2019-03-29 11:21:00', 142.73, 142.73, 142.73, 142.73, 218]
['2019-03-29 11:20:00', 142.74, 142.74, 142.74, 142.74, 100]
['2019-03-29 11:19:00', 142.85, 142.79, 142.79, 142.85, 1231]
['2019-03-29 11:18:00', 142.88, 142.82, 142.82, 142.88, 2302]
['2019-03-29 11:17:00', 142.71, 142.855, 142.71, 142.87, 4070]
['2019-03-29 11:16:00', 142.72, 142.72, 142.72, 142.73, 1124]
['2019-03-29 11:15:00', 142.65, 142.73, 142.63, 142.74, 3168]
['2019-03-29 11:14:00', 142.64, 142.68, 142.61, 142.71, 4947]
['2019-03-29 11:13:00', 142.665, 142.62, 142.62, 142.67, 2238]
['2019-03-29 11:12:00', 142.72, 142.66, 142.66, 142.72, 926]
['2019-03-29 11:11:00', 142.83, 142.79, 142.79, 142.83, 738]
['2019-03-29 11:10:00', 142.865, 142.865, 142.865, 142.865, 128]
['2019-03-29 11:08:00', 142.76, 142.795, 142.76, 142.795, 731]
['2019-03-29 11:07:00', 142.76, 142.76, 142.76, 142.76, 314]
['2019-03-29 11:06:00', 142.73, 142.73, 142.705, 142.73, 555]
['2019-03-29 11:05:00', 142.68, 142.68, 142.68, 142.68, 486]
['2019-03-29 11:04:00', 142.68, 142.68, 142.68, 142.68, 221]
['2019-03-29 11:03:00', 142.67, 142.665, 142.665, 142.68, 808]
['2019-03-29 11:02:00', 142.73, 142.645, 142.645, 142.745, 1115]
['2019-03-29 11:01:00', 142.73, 142.73, 142.73, 142.73, 132]
['2019-03-29 11:00:00', 142.85, 142.78, 142.78, 142.85, 4018]
['2019-03-29 10:57:00', 142.79, 142.85, 142.79, 142.85, 258]
['2019-03-29 10:56:00', 142.68, 142.83, 142.68, 142.83, 2033]
['2019-03-29 10:55:00', 142.65, 142.65, 142.65, 142.65, 303]
['2019-03-29 10:54:00', 142.6816, 142.6816, 142.6816, 142.6816, 216]
['2019-03-29 10:53:00', 142.74, 142.74, 142.74, 142.74, 240]
['2019-03-29 10:52:00', 142.81, 142.77, 142.77, 142.81, 272]
['2019-03-29 10:51:00', 142.88, 142.79, 142.79, 142.88, 727]
['2019-03-29 10:50:00', 142.965, 142.9, 142.9, 142.965, 1177]
['2019-03-29 10:49:00', 143.04, 143.04, 143.04, 143.04, 434]
['2019-03-29 10:47:00', 142.98, 142.98, 142.97, 142.98, 465]
['2019-03-29 10:46:00', 142.91, 142.93, 142.91, 142.93, 944]
['2019-03-29 10:45:00', 143.045, 142.92, 142.92, 143.045, 1083]
['2019-03-29 10:44:00', 143.04, 143.01, 143.01, 143.04, 821]
['2019-03-29 10:43:00', 142.99, 142.94, 142.94, 142.99, 223]
['2019-03-29 10:41:00', 143.05, 143.04, 143.03, 143.05, 455]
['2019-03-29 10:40:00', 143.02, 142.99, 142.99, 143.09, 1964]
['2019-03-29 10:39:00', 143.08, 143.01, 143.0, 143.1, 949]
['2019-03-29 10:38:00', 143.01, 143.025, 142.97, 143.025, 406]
['2019-03-29 10:36:00', 143.01, 143.01, 143.01, 143.01, 217]
['2019-03-29 10:35:00', 143.02, 142.98, 142.98, 143.02, 743]
['2019-03-29 10:34:00', 143.02, 143.05, 143.02, 143.08, 2022]
['2019-03-29 10:31:00', 143.06, 143.0, 143.0, 143.06, 1090]
['2019-03-29 10:30:00', 143.03, 143.1, 143.03, 143.1, 2156]
['2019-03-29 10:29:00', 143.02, 142.98, 142.95, 143.03, 1463]
['2019-03-29 10:28:00', 143.02, 142.98, 142.98, 143.04, 1385]
['2019-03-29 10:27:00', 143.02, 143.02, 143.02, 143.02, 100]
['2019-03-29 10:25:00', 142.99, 143.005, 142.96, 143.005, 497]
['2019-03-29 10:24:00', 143.03, 143.045, 143.02, 143.07, 855]
['2019-03-29 10:23:00', 143.055, 143.055, 143.055, 143.055, 231]
['2019-03-29 10:22:00', 143.02, 143.02, 143.02, 143.05, 909]
['2019-03-29 10:20:00', 142.93, 142.93, 142.93, 143.06, 1770]
['2019-03-29 10:18:00', 142.91, 142.91, 142.91, 142.91, 372]
['2019-03-29 10:16:00', 142.93, 142.89, 142.89, 142.93, 342]
['2019-03-29 10:14:00', 143.04, 143.03, 143.03, 143.04, 386]
['2019-03-29 10:13:00', 143.05, 143.08, 143.05, 143.11, 937]
['2019-03-29 10:12:00', 142.96, 143.01, 142.915, 143.01, 873]
['2019-03-29 10:11:00', 142.97, 142.89, 142.89, 142.97, 913]
['2019-03-29 10:10:00', 143.0, 143.02, 143.0, 143.02, 526]
['2019-03-29 10:09:00', 142.89, 142.965, 142.89, 142.975, 2735]
['2019-03-29 10:08:00', 142.81, 142.81, 142.81, 142.81, 121]
['2019-03-29 10:07:00', 142.79, 142.84, 142.79, 142.85, 1127]
['2019-03-29 10:05:00', 142.87, 142.79, 142.79, 142.87, 1251]
['2019-03-29 10:04:00', 142.81, 142.74, 142.74, 142.81, 676]
['2019-03-29 10:02:00', 142.9, 142.84, 142.84, 142.9, 583]
['2019-03-29 09:59:00', 142.97, 142.94, 142.94, 143.05, 2833]
['2019-03-29 09:54:00', 142.91, 142.91, 142.91, 142.91, 369]
['2019-03-29 09:52:00', 142.61, 142.76, 142.61, 142.76, 1491]
['2019-03-29 09:50:00', 142.315, 142.455, 142.27, 142.455, 1769]
['2019-03-29 09:49:00', 142.26, 142.22, 142.22, 142.26, 323]
['2019-03-29 09:48:00', 142.36, 142.36, 142.36, 142.36, 284]
['2019-03-29 09:47:00', 142.65, 142.62, 142.55, 142.65, 1729]
['2019-03-29 09:46:00', 142.745, 142.745, 142.745, 142.745, 188]
['2019-03-29 09:45:00', 142.72, 142.77, 142.7, 142.77, 419]
['2019-03-29 09:44:00', 142.88, 142.88, 142.88, 142.88, 101]
['2019-03-29 09:42:00', 142.8, 142.79, 142.71, 142.8, 1109]
['2019-03-29 09:39:00', 142.7513, 142.89, 142.7513, 142.89, 492]
['2019-03-29 09:38:00', 142.7553, 142.68, 142.68, 142.9, 579]
['2019-03-29 09:37:00', 142.765, 142.62, 142.62, 142.765, 300]
['2019-03-29 09:36:00', 142.76, 142.765, 142.58, 142.81, 4348]
['2019-03-29 09:35:00', 142.97, 142.945, 142.59, 142.97, 5534]
['2019-03-28 16:00:00', 143.19, 143.22, 143.12, 143.27, 19660]
['2019-03-28 15:59:00', 143.13, 143.21, 143.11, 143.23, 7793]
['2019-03-28 15:58:00', 143.05, 143.15, 143.05, 143.15, 3938]
['2019-03-28 15:57:00', 143.02, 143.07, 143.0, 143.1, 4082]
['2019-03-28 15:56:00', 142.95, 143.08, 142.935, 143.08, 5026]
['2019-03-28 15:55:00', 142.94, 142.935, 142.92, 142.95, 3259]
['2019-03-28 15:54:00', 142.93, 142.92, 142.91, 142.94, 4511]
['2019-03-28 15:53:00', 142.955, 142.93, 142.93, 142.96, 2432]
['2019-03-28 15:52:00', 142.93, 142.93, 142.93, 142.93, 151]
['2019-03-28 15:51:00', 142.95, 142.94, 142.93, 142.97, 3697]
['2019-03-28 15:50:00', 142.96, 142.94, 142.94, 142.96, 1745]
['2019-03-28 15:49:00', 142.98, 142.98, 142.97, 142.995, 1805]
['2019-03-28 15:48:00', 143.01, 143.01, 143.01, 143.03, 1099]
['2019-03-28 15:47:00', 142.93, 142.99, 142.91, 143.03, 2493]
['2019-03-28 15:46:00', 142.92, 142.94, 142.92, 142.96, 2425]
['2019-03-28 15:45:00', 142.89, 142.87, 142.85, 142.89, 2677]
['2019-03-28 15:44:00', 142.78, 142.87, 142.77, 142.91, 2677]
['2019-03-28 15:43:00', 142.815, 142.77, 142.77, 142.815, 1524]
['2019-03-28 15:42:00', 142.81, 142.83, 142.81, 142.84, 2573]
['2019-03-28 15:41:00', 142.82, 142.8, 142.8, 142.82, 572]
['2019-03-28 15:40:00', 142.93, 142.81, 142.76, 142.96, 14460]
['2019-03-28 15:39:00', 142.97, 142.93, 142.92, 142.97, 6558]
['2019-03-28 15:38:00', 142.94, 142.96, 142.94, 142.96, 1559]
['2019-03-28 15:37:00', 142.89, 142.9, 142.86, 142.9, 1666]
['2019-03-28 15:36:00', 142.91, 142.91, 142.91, 142.91, 427]
['2019-03-28 15:35:00', 142.86, 142.9, 142.86, 142.9, 886]
['2019-03-28 15:34:00', 142.83, 142.81, 142.78, 142.83, 2489]
['2019-03-28 15:33:00', 142.75, 142.79, 142.75, 142.8, 1915]
['2019-03-28 15:31:00', 142.68, 142.74, 142.68, 142.74, 828]
['2019-03-28 15:30:00', 142.65, 142.67, 142.65, 142.71, 1876]
['2019-03-28 15:29:00', 142.65, 142.62, 142.6, 142.65, 1475]
['2019-03-28 15:28:00', 142.63, 142.65, 142.63, 142.65, 568]
['2019-03-28 15:27:00', 142.56, 142.63, 142.56, 142.63, 1585]
['2019-03-28 15:26:00', 142.51, 142.54, 142.51, 142.55, 1120]
['2019-03-28 15:24:00', 142.54, 142.5, 142.5, 142.54, 1446]
['2019-03-28 15:22:00', 142.52, 142.52, 142.52, 142.52, 304]
['2019-03-28 15:20:00', 142.49, 142.5, 142.49, 142.5, 665]
['2019-03-28 15:19:00', 142.55, 142.48, 142.48, 142.55, 1945]
['2019-03-28 15:18:00', 142.51, 142.55, 142.51, 142.55, 826]
['2019-03-28 15:17:00', 142.45, 142.45, 142.45, 142.45, 391]
['2019-03-28 15:16:00', 142.45, 142.45, 142.45, 142.45, 225]
['2019-03-28 15:15:00', 142.47, 142.43, 142.43, 142.48, 801]
['2019-03-28 15:14:00', 142.4, 142.4, 142.4, 142.4, 557]
['2019-03-28 15:13:00', 142.35, 142.36, 142.35, 142.36, 646]
['2019-03-28 15:12:00', 142.3, 142.3, 142.3, 142.3, 503]
['2019-03-28 15:10:00', 142.32, 142.32, 142.31, 142.32, 958]
['2019-03-28 15:09:00', 142.34, 142.35, 142.34, 142.35, 794]
['2019-03-28 15:07:00', 142.27, 142.32, 142.27, 142.32, 1053]
['2019-03-28 15:05:00', 142.24, 142.23, 142.2152, 142.24, 647]
['2019-03-28 15:04:00', 142.27, 142.27, 142.27, 142.27, 395]
['2019-03-28 15:03:00', 142.18, 142.18, 142.18, 142.18, 454]
['2019-03-28 15:02:00', 142.15, 142.135, 142.135, 142.15, 555]
['2019-03-28 15:01:00', 142.16, 142.14, 142.14, 142.16, 260]
['2019-03-28 14:59:00', 142.2, 142.2, 142.2, 142.2, 563]
['2019-03-28 14:58:00', 142.2, 142.2, 142.2, 142.2, 176]
['2019-03-28 14:57:00', 142.165, 142.165, 142.165, 142.165, 114]
['2019-03-28 14:56:00', 142.14, 142.15, 142.14, 142.15, 522]
['2019-03-28 14:55:00', 142.14, 142.14, 142.14, 142.14, 260]
['2019-03-28 14:54:00', 142.18, 142.18, 142.18, 142.18, 370]
['2019-03-28 14:53:00', 142.15, 142.07, 142.07, 142.15, 785]
['2019-03-28 14:52:00', 142.12, 142.12, 142.12, 142.12, 350]
['2019-03-28 14:51:00', 142.14, 142.13, 142.1, 142.14, 1042]
['2019-03-28 14:50:00', 142.22, 142.2112, 142.2112, 142.22, 388]
['2019-03-28 14:48:00', 142.3, 142.23, 142.23, 142.31, 1165]
['2019-03-28 14:47:00', 142.32, 142.2655, 142.2655, 142.32, 1750]
['2019-03-28 14:46:00', 142.325, 142.325, 142.325, 142.325, 234]
['2019-03-28 14:44:00', 142.25, 142.25, 142.25, 142.25, 506]
['2019-03-28 14:43:00', 142.22, 142.25, 142.22, 142.25, 922]
['2019-03-28 14:41:00', 142.2241, 142.2241, 142.2241, 142.2241, 334]
['2019-03-28 14:40:00', 142.24, 142.23, 142.23, 142.24, 423]
['2019-03-28 14:36:00', 142.07, 142.13, 142.07, 142.13, 9602]
['2019-03-28 14:34:00', 142.16, 142.09, 142.09, 142.16, 1252]
['2019-03-28 14:33:00', 142.2, 142.18, 142.18, 142.2, 1373]
['2019-03-28 14:32:00', 142.23, 142.23, 142.23, 142.23, 350]
['2019-03-28 14:31:00', 142.21, 142.21, 142.21, 142.21, 307]
['2019-03-28 14:28:00', 142.21, 142.21, 142.21, 142.21, 271]
['2019-03-28 14:27:00', 142.25, 142.22, 142.22, 142.25, 339]
['2019-03-28 14:26:00', 142.235, 142.22, 142.22, 142.235, 214]
['2019-03-28 14:25:00', 142.2, 142.24, 142.2, 142.25, 1094]
['2019-03-28 14:23:00', 142.23, 142.21, 142.21, 142.23, 636]
['2019-03-28 14:22:00', 142.22, 142.22, 142.22, 142.22, 255]
['2019-03-28 14:21:00', 142.26, 142.26, 142.26, 142.26, 126]
['2019-03-28 14:17:00', 142.28, 142.28, 142.28, 142.28, 452]
['2019-03-28 14:14:00', 142.27, 142.27, 142.27, 142.27, 565]
['2019-03-28 14:13:00', 142.26, 142.28, 142.26, 142.28, 556]
['2019-03-28 14:12:00', 142.24, 142.26, 142.24, 142.26, 282]
['2019-03-28 14:10:00', 142.24, 142.24, 142.24, 142.24, 642]
['2019-03-28 14:08:00', 142.22, 142.22, 142.22, 142.22, 197]
['2019-03-28 14:07:00', 142.28, 142.26, 142.26, 142.29, 695]
['2019-03-28 14:04:00', 142.21, 142.21, 142.21, 142.21, 589]
['2019-03-28 14:03:00', 142.16, 142.16, 142.16, 142.16, 458]
['2019-03-28 14:02:00', 142.17, 142.17, 142.17, 142.17, 680]
['2019-03-28 14:01:00', 142.17, 142.17, 142.17, 142.17, 286]
['2019-03-28 14:00:00', 142.185, 142.16, 142.16, 142.185, 322]
['2019-03-28 13:58:00', 142.2, 142.2, 142.2, 142.2, 447]
['2019-03-28 13:57:00', 142.21, 142.22, 142.21, 142.22, 651]
['2019-03-28 13:56:00', 142.19, 142.19, 142.19, 142.19, 135]
['2019-03-28 13:55:00', 142.2, 142.19, 142.19, 142.2, 273]
['2019-03-28 13:54:00', 142.19, 142.19, 142.19, 142.19, 442]
['2019-03-28 13:53:00', 142.15, 142.15, 142.15, 142.15, 326]
['2019-03-28 13:51:00', 142.1474, 142.13, 142.13, 142.17, 882]
['2019-03-28 13:50:00', 142.12, 142.12, 142.12, 142.12, 355]
['2019-03-28 13:48:00', 142.1, 142.1, 142.1, 142.1, 372]
['2019-03-28 13:47:00', 142.09, 142.08, 142.08, 142.09, 380]
['2019-03-28 13:46:00', 142.09, 142.11, 142.06, 142.11, 879]
['2019-03-28 13:45:00', 142.22, 142.0753, 142.0, 142.22, 6569]
['2019-03-28 13:44:00', 142.26, 142.23, 142.23, 142.26, 728]
['2019-03-28 13:42:00', 142.25, 142.25, 142.25, 142.25, 685]
['2019-03-28 13:41:00', 142.18, 142.26, 142.18, 142.3, 2639]
['2019-03-28 13:40:00', 142.2, 142.16, 142.15, 142.23, 1691]
['2019-03-28 13:39:00', 142.17, 142.215, 142.17, 142.27, 3175]
['2019-03-28 13:38:00', 142.06, 142.19, 142.06, 142.19, 5651]
['2019-03-28 13:37:00', 142.01, 142.04, 142.01, 142.04, 749]
['2019-03-28 13:36:00', 142.03, 142.025, 142.025, 142.03, 838]
['2019-03-28 13:34:00', 142.02, 142.02, 142.02, 142.02, 655]
['2019-03-28 13:33:00', 142.04, 142.04, 142.04, 142.04, 220]
['2019-03-28 13:32:00', 142.0, 142.04, 142.0, 142.07, 3204]
['2019-03-28 13:31:00', 142.01, 141.99, 141.98, 142.01, 2704]
['2019-03-28 13:30:00', 142.04, 142.035, 142.035, 142.04, 446]
['2019-03-28 13:29:00', 142.0, 142.0, 142.0, 142.0, 555]
['2019-03-28 13:28:00', 142.0, 141.975, 141.975, 142.0, 941]
['2019-03-28 13:27:00', 141.98, 141.98, 141.98, 141.98, 407]
['2019-03-28 13:25:00', 141.965, 141.965, 141.965, 141.965, 141]
['2019-03-28 13:23:00', 141.97, 141.97, 141.97, 141.97, 559]
['2019-03-28 13:22:00', 142.0, 142.0, 142.0, 142.0, 556]
['2019-03-28 13:21:00', 141.96, 141.96, 141.96, 141.96, 331]
['2019-03-28 13:20:00', 141.96, 141.96, 141.96, 141.96, 100]
['2019-03-28 13:19:00', 141.94, 141.92, 141.92, 141.96, 2136]
['2019-03-28 13:18:00', 141.945, 141.945, 141.945, 141.945, 118]
['2019-03-28 13:17:00', 141.9375, 141.9375, 141.9375, 141.9375, 108]
['2019-03-28 13:16:00', 142.01, 141.92, 141.91, 142.01, 3212]
['2019-03-28 13:15:00', 142.04, 142.04, 142.04, 142.04, 912]
['2019-03-28 13:14:00', 142.03, 142.03, 142.03, 142.03, 147]
['2019-03-28 13:12:00', 141.99, 141.99, 141.99, 141.99, 533]
['2019-03-28 13:11:00', 141.96, 141.955, 141.955, 141.96, 609]
['2019-03-28 13:10:00', 141.94, 141.94, 141.94, 141.94, 569]
['2019-03-28 13:09:00', 141.93, 141.89, 141.89, 141.93, 1198]
['2019-03-28 13:07:00', 141.93, 141.93, 141.93, 141.93, 958]
['2019-03-28 13:06:00', 141.92, 141.905, 141.88, 141.92, 1435]
['2019-03-28 13:05:00', 141.93, 141.94, 141.93, 141.95, 516]
['2019-03-28 13:04:00', 141.9, 141.9, 141.9, 141.9, 414]
['2019-03-28 13:03:00', 141.91, 141.93, 141.91, 141.93, 700]
['2019-03-28 13:02:00', 141.865, 141.87, 141.865, 141.87, 529]
['2019-03-28 13:01:00', 141.85, 141.85, 141.85, 141.85, 326]
['2019-03-28 13:00:00', 141.87, 141.87, 141.87, 141.87, 405]
['2019-03-28 12:59:00', 141.87, 141.87, 141.87, 141.87, 317]
['2019-03-28 12:58:00', 141.87, 141.87, 141.845, 141.87, 640]
['2019-03-28 12:57:00', 141.845, 141.845, 141.845, 141.845, 122]
['2019-03-28 12:56:00', 141.87, 141.89, 141.87, 141.89, 323]
['2019-03-28 12:55:00', 141.82, 141.87, 141.82, 141.87, 501]
['2019-03-28 12:52:00', 141.87, 141.87, 141.87, 141.87, 517]
['2019-03-28 12:51:00', 141.81, 141.81, 141.81, 141.81, 119]
['2019-03-28 12:50:00', 141.75, 141.76, 141.75, 141.76, 459]
['2019-03-28 12:49:00', 141.85, 141.78, 141.78, 141.86, 1127]
['2019-03-28 12:48:00', 141.89, 141.89, 141.89, 141.89, 215]
['2019-03-28 12:47:00', 141.84, 141.87, 141.84, 141.87, 539]
['2019-03-28 12:45:00', 141.855, 141.855, 141.855, 141.855, 260]
['2019-03-28 12:44:00', 141.85, 141.88, 141.85, 141.88, 1244]
['2019-03-28 12:43:00', 142.01, 141.88, 141.85, 142.01, 6561]
['2019-03-28 12:42:00', 142.04, 142.0, 142.0, 142.05, 2805]
['2019-03-28 12:41:00', 142.155, 142.09, 142.09, 142.155, 1285]
['2019-03-28 12:39:00', 142.13, 142.1, 142.1, 142.13, 633]
['2019-03-28 12:38:00', 142.11, 142.1, 142.1, 142.12, 841]
['2019-03-28 12:37:00', 142.1, 142.08, 142.08, 142.1, 506]
['2019-03-28 12:36:00', 142.0, 142.03, 142.0, 142.03, 656]
['2019-03-28 12:35:00', 141.98, 142.0, 141.98, 142.0, 702]
['2019-03-28 12:34:00', 141.96, 142.0, 141.96, 142.0, 1170]
['2019-03-28 12:33:00', 142.0, 141.9775, 141.96, 142.0, 1685]
['2019-03-28 12:32:00', 142.0, 142.0, 142.0, 142.0, 116]
['2019-03-28 12:31:00', 141.92, 141.96, 141.905, 141.96, 1097]
['2019-03-28 12:30:00', 141.92, 141.93, 141.92, 141.93, 521]
['2019-03-28 12:29:00', 141.815, 141.87, 141.815, 141.87, 744]
['2019-03-28 12:27:00', 141.84, 141.84, 141.84, 141.84, 183]
['2019-03-28 12:26:00', 141.79, 141.79, 141.79, 141.79, 447]
['2019-03-28 12:25:00', 141.9, 141.9, 141.9, 141.9, 511]
['2019-03-28 12:24:00', 141.87, 141.8161, 141.8161, 141.87, 1422]
['2019-03-28 12:21:00', 141.76, 141.8, 141.76, 141.8, 1228]
['2019-03-28 12:20:00', 141.75, 141.74, 141.74, 141.78, 1052]
['2019-03-28 12:19:00', 141.7581, 141.7, 141.7, 141.8, 1706]
['2019-03-28 12:17:00', 141.73, 141.73, 141.73, 141.73, 176]
['2019-03-28 12:16:00', 141.8, 141.75, 141.75, 141.8, 419]
['2019-03-28 12:15:00', 141.8, 141.79, 141.75, 141.8, 331]
['2019-03-28 12:14:00', 141.8582, 141.8582, 141.8582, 141.8582, 1300]
['2019-03-28 12:13:00', 141.957, 141.9, 141.89, 141.96, 2952]
['2019-03-28 12:12:00', 142.01, 141.99, 141.955, 142.01, 420]
['2019-03-28 12:11:00', 141.98, 141.955, 141.9, 141.98, 980]
['2019-03-28 12:10:00', 141.98, 142.05, 141.98, 142.05, 536]
['2019-03-28 12:09:00', 142.04, 142.04, 142.04, 142.04, 111]
['2019-03-28 12:08:00', 141.99, 142.03, 141.99, 142.03, 880]
['2019-03-28 12:07:00', 142.06, 141.99, 141.99, 142.06, 364]
['2019-03-28 12:06:00', 142.07, 142.07, 142.07, 142.07, 100]
['2019-03-28 12:05:00', 142.02, 142.07, 142.02, 142.07, 342]
['2019-03-28 12:04:00', 142.1, 142.07, 142.06, 142.1, 517]
['2019-03-28 12:03:00', 142.105, 142.105, 142.105, 142.105, 158]
['2019-03-28 12:02:00', 142.115, 142.12, 142.1, 142.13, 1047]
['2019-03-28 12:01:00', 142.12, 142.1, 142.05, 142.135, 2987]
['2019-03-28 12:00:00', 142.12, 142.1, 142.1, 142.12, 362]
['2019-03-28 11:58:00', 142.03, 142.03, 142.03, 142.05, 778]
['2019-03-28 11:57:00', 141.99, 142.01, 141.96, 142.01, 522]
['2019-03-28 11:56:00', 141.98, 142.01, 141.98, 142.04, 769]
['2019-03-28 11:55:00', 141.955, 141.94, 141.94, 142.02, 773]
['2019-03-28 11:54:00', 142.005, 142.005, 142.005, 142.005, 206]
['2019-03-28 11:53:00', 142.0, 142.0, 142.0, 142.0, 262]
['2019-03-28 11:51:00', 142.1, 142.07, 142.05, 142.145, 3341]
['2019-03-28 11:50:00', 142.165, 142.11, 142.08, 142.165, 2195]
['2019-03-28 11:48:00', 142.15, 142.15, 142.15, 142.15, 365]
['2019-03-28 11:46:00', 142.14, 142.14, 142.11, 142.155, 1129]
['2019-03-28 11:44:00', 142.115, 142.115, 142.115, 142.115, 547]
['2019-03-28 11:42:00', 142.16, 142.16, 142.16, 142.16, 516]
['2019-03-28 11:40:00', 142.2, 142.2, 142.2, 142.2, 345]
['2019-03-28 11:39:00', 142.07, 142.07, 142.07, 142.07, 217]
['2019-03-28 11:38:00', 142.07, 142.07, 142.07, 142.07, 256]
['2019-03-28 11:37:00', 142.06, 142.06, 142.06, 142.06, 217]
['2019-03-28 11:36:00', 141.93, 142.01, 141.93, 142.01, 1142]
['2019-03-28 11:35:00', 141.98, 141.98, 141.98, 141.98, 338]
['2019-03-28 11:34:00', 141.94, 142.0, 141.94, 142.0, 2068]
['2019-03-28 11:33:00', 141.96, 141.97, 141.95, 141.97, 415]
['2019-03-28 11:32:00', 141.99, 142.0, 141.97, 142.0, 849]
['2019-03-28 11:31:00', 141.99, 141.98, 141.98, 142.05, 908]
['2019-03-28 11:30:00', 141.99, 142.01, 141.99, 142.01, 706]
['2019-03-28 11:29:00', 142.02, 142.02, 142.02, 142.02, 346]
['2019-03-28 11:28:00', 142.08, 142.08, 142.08, 142.08, 429]
['2019-03-28 11:27:00', 142.085, 142.06, 142.01, 142.085, 6014]
['2019-03-28 11:26:00', 142.09, 142.085, 142.085, 142.09, 205]
['2019-03-28 11:25:00', 142.115, 142.1254, 142.115, 142.15, 609]
['2019-03-28 11:24:00', 142.13, 142.08, 142.0579, 142.13, 5217]
['2019-03-28 11:23:00', 142.135, 142.17, 142.135, 142.17, 449]
['2019-03-28 11:22:00', 142.14, 142.125, 142.125, 142.145, 436]
['2019-03-28 11:21:00', 142.13, 142.14, 142.13, 142.14, 975]
['2019-03-28 11:20:00', 142.175, 142.12, 142.12, 142.175, 1158]
['2019-03-28 11:17:00', 142.23, 142.29, 142.23, 142.29, 361]
['2019-03-28 11:15:00', 142.17, 142.21, 142.17, 142.21, 1248]
['2019-03-28 11:14:00', 142.185, 142.125, 142.09, 142.19, 1699]
['2019-03-28 11:13:00', 142.2, 142.2, 142.2, 142.2, 139]
['2019-03-28 11:12:00', 142.18, 142.19, 142.16, 142.23, 1559]
['2019-03-28 11:10:00', 142.215, 142.19, 142.16, 142.215, 8746]
['2019-03-28 11:09:00', 142.175, 142.21, 142.175, 142.21, 255]
['2019-03-28 11:07:00', 142.19, 142.3, 142.19, 142.3, 1150]
['2019-03-28 11:06:00', 142.21, 142.21, 142.21, 142.21, 209]
['2019-03-28 11:05:00', 142.24, 142.24, 142.24, 142.24, 184]
['2019-03-28 11:03:00', 142.07, 142.07, 142.07, 142.07, 959]
['2019-03-28 11:02:00', 142.1435, 142.1435, 142.1435, 142.1435, 130]
['2019-03-28 11:01:00', 142.17, 142.17, 142.16, 142.23, 1968]
['2019-03-28 11:00:00', 142.105, 142.17, 142.105, 142.17, 372]
['2019-03-28 10:59:00', 142.14, 142.08, 142.08, 142.16, 547]
['2019-03-28 10:58:00', 142.2, 142.2, 142.2, 142.2, 258]
['2019-03-28 10:57:00', 142.26, 142.25, 142.25, 142.26, 238]
['2019-03-28 10:56:00', 142.23, 142.25, 142.23, 142.25, 377]
['2019-03-28 10:55:00', 142.12, 142.17, 142.12, 142.17, 900]
['2019-03-28 10:54:00', 142.24, 142.1, 142.1, 142.24, 651]
['2019-03-28 10:52:00', 142.17, 142.27, 142.17, 142.27, 701]
['2019-03-28 10:51:00', 142.16, 142.17, 142.12, 142.17, 416]
['2019-03-28 10:49:00', 142.14, 142.16, 142.14, 142.16, 810]
['2019-03-28 10:48:00', 142.3, 142.21, 142.2, 142.3, 480]
['2019-03-28 10:47:00', 142.29, 142.3, 142.29, 142.4, 684]
['2019-03-28 10:46:00', 142.29, 142.3, 142.29, 142.32, 507]
['2019-03-28 10:45:00', 142.33, 142.36, 142.3, 142.36, 951]
['2019-03-28 10:44:00', 142.39, 142.35, 142.35, 142.41, 359]
['2019-03-28 10:43:00', 142.39, 142.39, 142.39, 142.39, 136]
['2019-03-28 10:42:00', 142.45, 142.46, 142.45, 142.47, 1080]
['2019-03-28 10:40:00', 142.47, 142.57, 142.46, 142.57, 619]
['2019-03-28 10:39:00', 142.59, 142.52, 142.52, 142.61, 1062]
['2019-03-28 10:38:00', 142.645, 142.645, 142.645, 142.645, 302]
['2019-03-28 10:36:00', 142.65, 142.65, 142.65, 142.65, 463]
['2019-03-28 10:35:00', 142.69, 142.69, 142.69, 142.69, 354]
['2019-03-28 10:34:00', 142.72, 142.74, 142.72, 142.74, 484]
['2019-03-28 10:33:00', 142.64, 142.69, 142.64, 142.74, 2122]
['2019-03-28 10:32:00', 142.675, 142.675, 142.675, 142.675, 209]
['2019-03-28 10:31:00', 142.675, 142.65, 142.65, 142.675, 250]
['2019-03-28 10:29:00', 142.685, 142.685, 142.685, 142.685, 346]
['2019-03-28 10:28:00', 142.78, 142.78, 142.78, 142.78, 142]
['2019-03-28 10:27:00', 142.77, 142.73, 142.73, 142.77, 417]
['2019-03-28 10:23:00', 142.755, 142.755, 142.755, 142.755, 288]
['2019-03-28 10:21:00', 142.69, 142.69, 142.69, 142.69, 303]
['2019-03-28 10:20:00', 142.66, 142.66, 142.66, 142.66, 220]
['2019-03-28 10:19:00', 142.56, 142.635, 142.56, 142.635, 504]
['2019-03-28 10:15:00', 142.78, 142.805, 142.78, 142.805, 653]
['2019-03-28 10:14:00', 142.76, 142.7, 142.7, 142.76, 290]
['2019-03-28 10:12:00', 142.81, 142.805, 142.805, 142.81, 596]
['2019-03-28 10:10:00', 142.69, 142.69, 142.69, 142.69, 485]
['2019-03-28 10:09:00', 142.63, 142.64, 142.63, 142.64, 435]
['2019-03-28 10:08:00', 142.65, 142.65, 142.65, 142.65, 152]
['2019-03-28 10:07:00', 142.65, 142.63, 142.59, 142.65, 884]
['2019-03-28 10:06:00', 142.69, 142.73, 142.655, 142.73, 694]
['2019-03-28 10:05:00', 142.6676, 142.64, 142.64, 142.69, 1898]
['2019-03-28 10:04:00', 142.64, 142.65, 142.6, 142.65, 1350]
['2019-03-28 10:03:00', 142.69, 142.72, 142.69, 142.72, 668]
['2019-03-28 10:02:00', 142.7, 142.7, 142.7, 142.7, 175]
['2019-03-28 10:01:00', 142.6337, 142.6337, 142.6337, 142.6337, 559]
['2019-03-28 10:00:00', 142.545, 142.64, 142.545, 142.64, 475]
['2019-03-28 09:59:00', 142.53, 142.62, 142.53, 142.62, 570]
['2019-03-28 09:57:00', 142.44, 142.44, 142.44, 142.44, 100]
['2019-03-28 09:56:00', 142.545, 142.535, 142.47, 142.545, 521]
['2019-03-28 09:55:00', 142.605, 142.605, 142.605, 142.605, 100]
['2019-03-28 09:54:00', 142.62, 142.615, 142.54, 142.62, 1350]
['2019-03-28 09:53:00', 142.59, 142.65, 142.59, 142.65, 1268]
['2019-03-28 09:49:00', 142.5, 142.5, 142.5, 142.5, 348]
['2019-03-28 09:48:00', 142.38, 142.38, 142.38, 142.38, 325]
['2019-03-28 09:47:00', 142.37, 142.37, 142.37, 142.37, 170]
['2019-03-28 09:44:00', 142.22, 142.23, 142.2036, 142.31, 1550]
['2019-03-28 09:43:00', 142.31, 142.31, 142.31, 142.31, 490]
['2019-03-28 09:39:00', 142.28, 142.23, 142.23, 142.28, 1302]
['2019-03-28 09:38:00', 142.28, 142.28, 142.28, 142.28, 430]
['2019-03-28 09:37:00', 142.28, 142.35, 142.28, 142.35, 497]
['2019-03-28 09:36:00', 142.58, 142.58, 142.58, 142.58, 1689]
['2019-03-28 09:35:00', 142.455, 142.43, 142.43, 142.455, 339]
['2019-03-28 09:34:00', 142.765, 142.56, 142.56, 142.765, 1392]
['2019-03-28 09:33:00', 142.695, 142.83, 142.695, 142.83, 707]
['2019-03-28 09:32:00', 142.56, 142.56, 142.56, 142.56, 3280]
['2019-03-27 16:00:00', 142.92, 142.92, 142.88, 142.96, 12060]
['2019-03-27 15:59:00', 142.92, 142.9, 142.85, 142.97, 7274]
['2019-03-27 15:58:00', 142.9, 142.91, 142.89, 142.94, 2602]
['2019-03-27 15:57:00', 142.87, 142.9, 142.82, 142.9, 5211]
['2019-03-27 15:56:00', 142.79, 142.87, 142.79, 142.87, 3977]
['2019-03-27 15:55:00', 142.92, 142.84, 142.84, 142.94, 4688]
['2019-03-27 15:54:00', 142.99, 142.91, 142.88, 142.99, 3041]
['2019-03-27 15:53:00', 143.05, 143.015, 143.01, 143.06, 3104]
['2019-03-27 15:52:00', 143.1, 143.06, 143.06, 143.13, 3794]
['2019-03-27 15:51:00', 143.17, 143.08, 143.08, 143.17, 5325]
['2019-03-27 15:50:00', 143.19, 143.18, 143.18, 143.2, 907]
['2019-03-27 15:49:00', 143.2, 143.24, 143.195, 143.26, 3041]
['2019-03-27 15:48:00', 143.21, 143.24, 143.21, 143.26, 1602]
['2019-03-27 15:47:00', 143.285, 143.23, 143.23, 143.29, 1507]
['2019-03-27 15:46:00', 143.27, 143.33, 143.24, 143.35, 4935]
['2019-03-27 15:45:00', 143.32, 143.28, 143.28, 143.32, 2461]
['2019-03-27 15:44:00', 143.28, 143.335, 143.28, 143.335, 1301]
['2019-03-27 15:43:00', 143.31, 143.28, 143.28, 143.33, 2874]
['2019-03-27 15:42:00', 143.29, 143.29, 143.29, 143.29, 220]
['2019-03-27 15:41:00', 143.22, 143.28, 143.22, 143.3, 1374]
['2019-03-27 15:40:00', 143.2, 143.24, 143.2, 143.24, 1645]
['2019-03-27 15:39:00', 143.25, 143.215, 143.19, 143.27, 2281]
['2019-03-27 15:38:00', 143.25, 143.24, 143.24, 143.3, 1952]
['2019-03-27 15:37:00', 143.2, 143.24, 143.2, 143.25, 2249]
['2019-03-27 15:36:00', 143.16, 143.2, 143.16, 143.2, 2090]
['2019-03-27 15:35:00', 143.07, 143.12, 143.05, 143.12, 2087]
['2019-03-27 15:34:00', 143.0, 143.07, 143.0, 143.07, 582]
['2019-03-27 15:33:00', 142.96, 142.985, 142.94, 142.99, 1502]
['2019-03-27 15:32:00', 142.92, 142.96, 142.92, 142.96, 1043]
['2019-03-27 15:31:00', 142.87, 142.93, 142.85, 142.96, 2913]
['2019-03-27 15:29:00', 142.79, 142.76, 142.76, 142.79, 1932]
['2019-03-27 15:28:00', 142.79, 142.78, 142.76, 142.79, 481]
['2019-03-27 15:27:00', 142.8, 142.76, 142.76, 142.84, 2265]
['2019-03-27 15:26:00', 142.79, 142.79, 142.79, 142.79, 429]
['2019-03-27 15:25:00', 142.79, 142.79, 142.79, 142.8, 1647]
['2019-03-27 15:24:00', 142.84, 142.815, 142.815, 142.84, 538]
['2019-03-27 15:23:00', 142.72, 142.76, 142.72, 142.76, 1205]
['2019-03-27 15:22:00', 142.69, 142.71, 142.69, 142.71, 658]
['2019-03-27 15:21:00', 142.7143, 142.7143, 142.7143, 142.7143, 936]
['2019-03-27 15:20:00', 142.65, 142.72, 142.65, 142.72, 2047]
['2019-03-27 15:18:00', 142.66, 142.645, 142.645, 142.7, 1416]
['2019-03-27 15:17:00', 142.64, 142.645, 142.64, 142.66, 489]
['2019-03-27 15:16:00', 142.62, 142.65, 142.57, 142.65, 2139]
['2019-03-27 15:15:00', 142.64, 142.64, 142.64, 142.66, 1336]
['2019-03-27 15:14:00', 142.72, 142.64, 142.64, 142.72, 1438]
['2019-03-27 15:13:00', 142.89, 142.71, 142.71, 142.89, 4644]
['2019-03-27 15:12:00', 142.83, 142.88, 142.83, 142.88, 2305]
['2019-03-27 15:11:00', 142.81, 142.82, 142.79, 142.82, 1317]
['2019-03-27 15:09:00', 142.8, 142.77, 142.74, 142.81, 1344]
['2019-03-27 15:08:00', 142.82, 142.82, 142.82, 142.82, 475]
['2019-03-27 15:07:00', 142.86, 142.85, 142.84, 142.86, 923]
['2019-03-27 15:05:00', 142.85, 142.88, 142.85, 142.88, 812]
['2019-03-27 15:04:00', 142.89, 142.84, 142.84, 142.89, 960]
['2019-03-27 15:03:00', 142.87, 142.87, 142.87, 142.87, 415]
['2019-03-27 15:01:00', 142.925, 142.925, 142.925, 142.925, 579]
['2019-03-27 15:00:00', 142.91, 142.94, 142.91, 142.94, 1115]
['2019-03-27 14:58:00', 143.0, 143.0, 143.0, 143.0, 419]
['2019-03-27 14:57:00', 143.02, 143.0155, 143.0155, 143.04, 3017]
['2019-03-27 14:56:00', 143.08, 143.02, 143.02, 143.1, 2124]
['2019-03-27 14:55:00', 143.065, 143.04, 143.01, 143.07, 2165]
['2019-03-27 14:54:00', 143.12, 143.065, 143.065, 143.12, 779]
['2019-03-27 14:53:00', 143.105, 143.1, 143.1, 143.105, 1115]
['2019-03-27 14:52:00', 143.11, 143.11, 143.11, 143.11, 847]
['2019-03-27 14:51:00', 143.09, 143.11, 143.07, 143.11, 720]
['2019-03-27 14:49:00', 143.02, 143.07, 143.02, 143.07, 765]
['2019-03-27 14:48:00', 143.0, 142.99, 142.99, 143.0, 359]
['2019-03-27 14:47:00', 143.04, 143.04, 143.04, 143.04, 243]
['2019-03-27 14:46:00', 143.12, 143.09, 143.09, 143.12, 374]
['2019-03-27 14:44:00', 142.98, 143.04, 142.98, 143.04, 1102]
['2019-03-27 14:43:00', 142.99, 142.99, 142.99, 142.99, 131]
['2019-03-27 14:42:00', 142.98, 142.98, 142.98, 142.98, 108]
['2019-03-27 14:41:00', 142.93, 142.93, 142.93, 142.93, 595]
['2019-03-27 14:39:00', 142.935, 142.94, 142.935, 142.94, 1720]
['2019-03-27 14:38:00', 142.955, 142.96, 142.9, 142.96, 1506]
['2019-03-27 14:37:00', 142.9, 142.93, 142.9, 142.93, 805]
['2019-03-27 14:36:00', 142.905, 142.88, 142.88, 142.905, 440]
['2019-03-27 14:35:00', 142.93, 142.93, 142.93, 142.93, 200]
['2019-03-27 14:34:00', 142.95, 142.97, 142.95, 142.99, 1298]
['2019-03-27 14:33:00', 143.07, 142.975, 142.975, 143.07, 2630]
['2019-03-27 14:31:00', 143.05, 143.1, 143.05, 143.1, 876]
['2019-03-27 14:30:00', 142.99, 142.99, 142.99, 142.99, 354]
['2019-03-27 14:28:00', 143.01, 142.99, 142.99, 143.01, 375]
['2019-03-27 14:27:00', 142.98, 142.97, 142.97, 143.01, 1212]
['2019-03-27 14:26:00', 142.98, 142.98, 142.98, 142.98, 357]
['2019-03-27 14:25:00', 143.0, 142.96, 142.96, 143.0, 1990]
['2019-03-27 14:24:00', 143.0, 143.0, 142.985, 143.02, 3160]
['2019-03-27 14:23:00', 143.14, 143.0, 143.0, 143.17, 3887]
['2019-03-27 14:21:00', 143.11, 143.11, 143.11, 143.11, 147]
['2019-03-27 14:20:00', 143.17, 143.17, 143.17, 143.17, 328]
['2019-03-27 14:19:00', 143.24, 143.17, 143.17, 143.24, 1357]
['2019-03-27 14:18:00', 143.2, 143.24, 143.2, 143.24, 421]
['2019-03-27 14:17:00', 143.2236, 143.18, 143.18, 143.2236, 1342]
['2019-03-27 14:15:00', 143.2, 143.22, 143.2, 143.24, 902]
['2019-03-27 14:14:00', 143.07, 143.12, 143.05, 143.15, 1989]
['2019-03-27 14:12:00', 143.08, 143.08, 143.08, 143.08, 530]
['2019-03-27 14:11:00', 143.1, 143.08, 143.07, 143.1, 931]
['2019-03-27 14:10:00', 143.09, 143.08, 143.08, 143.09, 367]
['2019-03-27 14:09:00', 143.04, 143.0612, 143.04, 143.0612, 381]
['2019-03-27 14:08:00', 143.07, 143.08, 143.07, 143.08, 620]
['2019-03-27 14:06:00', 143.05, 143.06, 143.05, 143.06, 212]
['2019-03-27 14:05:00', 143.08, 143.1, 143.08, 143.1, 213]
['2019-03-27 14:04:00', 143.04, 143.07, 143.04, 143.07, 526]
['2019-03-27 14:02:00', 143.03, 143.03, 143.03, 143.03, 519]
['2019-03-27 14:01:00', 143.05, 143.05, 143.05, 143.05, 101]
['2019-03-27 14:00:00', 143.06, 143.04, 143.04, 143.06, 372]
['2019-03-27 13:58:00', 143.1, 143.1, 143.1, 143.1, 205]
['2019-03-27 13:56:00', 143.16, 143.15, 143.15, 143.16, 895]
['2019-03-27 13:55:00', 143.13, 143.16, 143.13, 143.16, 426]
['2019-03-27 13:54:00', 143.04, 143.09, 143.04, 143.09, 1337]
['2019-03-27 13:49:00', 143.03, 142.99, 142.99, 143.04, 1610]
['2019-03-27 13:48:00', 143.04, 143.03, 143.03, 143.04, 245]
['2019-03-27 13:47:00', 143.08, 143.07, 143.06, 143.08, 436]
['2019-03-27 13:46:00', 143.06, 143.06, 143.06, 143.06, 303]
['2019-03-27 13:45:00', 143.02, 143.02, 143.02, 143.02, 329]
['2019-03-27 13:44:00', 143.0, 143.0, 143.0, 143.0, 114]
['2019-03-27 13:42:00', 143.03, 143.0, 143.0, 143.03, 898]
['2019-03-27 13:41:00', 142.97, 142.99, 142.95, 143.01, 635]
['2019-03-27 13:39:00', 142.98, 142.98, 142.98, 142.98, 303]
['2019-03-27 13:38:00', 142.95, 142.95, 142.95, 142.95, 404]
['2019-03-27 13:37:00', 142.95, 142.95, 142.95, 142.95, 405]
['2019-03-27 13:35:00', 142.93, 142.94, 142.88, 142.94, 387]
['2019-03-27 13:32:00', 142.96, 142.96, 142.96, 142.96, 239]
['2019-03-27 13:31:00', 142.96, 142.98, 142.96, 142.98, 205]
['2019-03-27 13:30:00', 142.94, 142.94, 142.94, 142.94, 236]
['2019-03-27 13:29:00', 142.94, 142.94, 142.94, 142.94, 100]
['2019-03-27 13:27:00', 143.04, 143.04, 143.04, 143.04, 381]
['2019-03-27 13:23:00', 143.04, 142.99, 142.98, 143.04, 1322]
['2019-03-27 13:22:00', 142.99, 143.0, 142.99, 143.0, 280]
['2019-03-27 13:21:00', 142.95, 142.95, 142.95, 142.95, 295]
['2019-03-27 13:20:00', 142.91, 142.91, 142.91, 142.91, 351]
['2019-03-27 13:19:00', 142.88, 142.88, 142.88, 142.88, 848]
['2019-03-27 13:15:00', 142.78, 142.77, 142.77, 142.78, 1660]
['2019-03-27 13:14:00', 142.75, 142.79, 142.75, 142.79, 1016]
['2019-03-27 13:13:00', 142.76, 142.7275, 142.7275, 142.76, 314]
['2019-03-27 13:11:00', 142.76, 142.76, 142.76, 142.76, 113]
['2019-03-27 13:09:00', 142.74, 142.74, 142.74, 142.74, 347]
['2019-03-27 13:08:00', 142.74, 142.74, 142.74, 142.74, 145]
['2019-03-27 13:07:00', 142.7, 142.74, 142.7, 142.75, 1306]
['2019-03-27 13:06:00', 142.67, 142.67, 142.67, 142.67, 366]
['2019-03-27 13:04:00', 142.76, 142.74, 142.74, 142.76, 502]
['2019-03-27 13:03:00', 142.82, 142.83, 142.82, 142.83, 307]
['2019-03-27 13:00:00', 142.77, 142.77, 142.77, 142.77, 214]
['2019-03-27 12:59:00', 142.81, 142.81, 142.81, 142.81, 109]
['2019-03-27 12:57:00', 142.85, 142.85, 142.85, 142.85, 136]
['2019-03-27 12:55:00', 142.77, 142.84, 142.76, 142.84, 979]
['2019-03-27 12:54:00', 142.78, 142.78, 142.78, 142.78, 534]
['2019-03-27 12:53:00', 142.82, 142.82, 142.82, 142.82, 266]
['2019-03-27 12:50:00', 142.66, 142.68, 142.66, 142.68, 986]
['2019-03-27 12:49:00', 142.65, 142.65, 142.65, 142.65, 100]
['2019-03-27 12:47:00', 142.62, 142.62, 142.62, 142.62, 258]
['2019-03-27 12:46:00', 142.6, 142.67, 142.6, 142.67, 1056]
['2019-03-27 12:44:00', 142.53, 142.53, 142.53, 142.58, 1040]
['2019-03-27 12:43:00', 142.51, 142.54, 142.51, 142.56, 1007]
['2019-03-27 12:42:00', 142.48, 142.48, 142.47, 142.48, 441]
['2019-03-27 12:41:00', 142.45, 142.46, 142.45, 142.46, 777]
['2019-03-27 12:40:00', 142.41, 142.48, 142.41, 142.48, 645]
['2019-03-27 12:39:00', 142.335, 142.42, 142.335, 142.42, 953]
['2019-03-27 12:38:00', 142.32, 142.33, 142.31, 142.33, 1046]
['2019-03-27 12:36:00', 142.34, 142.32, 142.32, 142.34, 1029]
['2019-03-27 12:35:00', 142.34, 142.34, 142.34, 142.34, 298]
['2019-03-27 12:34:00', 142.29, 142.29, 142.27, 142.3, 1535]
['2019-03-27 12:33:00', 142.27, 142.27, 142.27, 142.27, 468]
['2019-03-27 12:32:00', 142.368, 142.23, 142.23, 142.368, 5940]
['2019-03-27 12:31:00', 142.39, 142.39, 142.39, 142.39, 276]
['2019-03-27 12:30:00', 142.38, 142.38, 142.38, 142.38, 659]
['2019-03-27 12:29:00', 142.37, 142.37, 142.37, 142.37, 540]
['2019-03-27 12:28:00', 142.37, 142.36, 142.36, 142.37, 906]
['2019-03-27 12:27:00', 142.52, 142.44, 142.44, 142.52, 586]
['2019-03-27 12:25:00', 142.55, 142.58, 142.55, 142.58, 588]
['2019-03-27 12:24:00', 142.63, 142.57, 142.57, 142.63, 605]
['2019-03-27 12:22:00', 142.6, 142.64, 142.6, 142.64, 587]
['2019-03-27 12:20:00', 142.62, 142.62, 142.62, 142.62, 626]
['2019-03-27 12:19:00', 142.59, 142.59, 142.51, 142.59, 1227]
['2019-03-27 12:18:00', 142.57, 142.57, 142.57, 142.57, 376]
['2019-03-27 12:14:00', 142.52, 142.47, 142.47, 142.52, 1428]
['2019-03-27 12:13:00', 142.51, 142.54, 142.51, 142.54, 806]
['2019-03-27 12:12:00', 142.36, 142.43, 142.36, 142.44, 1314]
['2019-03-27 12:10:00', 142.47, 142.475, 142.4128, 142.475, 5637]
['2019-03-27 12:09:00', 142.57, 142.55, 142.55, 142.57, 598]
['2019-03-27 12:08:00', 142.58, 142.6, 142.58, 142.6, 484]
['2019-03-27 12:07:00', 142.64, 142.64, 142.64, 142.64, 408]
['2019-03-27 12:05:00', 142.59, 142.67, 142.5801, 142.67, 1330]
['2019-03-27 12:04:00', 142.6, 142.61, 142.6, 142.61, 1290]
['2019-03-27 12:01:00', 142.63, 142.63, 142.63, 142.63, 130]
['2019-03-27 12:00:00', 142.6, 142.66, 142.6, 142.66, 666]
['2019-03-27 11:58:00', 142.485, 142.485, 142.485, 142.485, 270]
['2019-03-27 11:57:00', 142.47, 142.47, 142.47, 142.47, 100]
['2019-03-27 11:56:00', 142.4, 142.43, 142.38, 142.43, 1854]
['2019-03-27 11:55:00', 142.406, 142.351, 142.35, 142.425, 5511]
['2019-03-27 11:54:00', 142.43, 142.4, 142.4, 142.43, 227]
['2019-03-27 11:53:00', 142.39, 142.395, 142.38, 142.395, 579]
['2019-03-27 11:52:00', 142.47, 142.435, 142.435, 142.48, 1000]
['2019-03-27 11:51:00', 142.51, 142.51, 142.51, 142.51, 332]
['2019-03-27 11:50:00', 142.49, 142.49, 142.49, 142.49, 108]
['2019-03-27 11:49:00', 142.47, 142.47, 142.47, 142.47, 276]
['2019-03-27 11:48:00', 142.48, 142.455, 142.455, 142.48, 531]
['2019-03-27 11:47:00', 142.4825, 142.4825, 142.4825, 142.4825, 238]
['2019-03-27 11:46:00', 142.355, 142.4275, 142.355, 142.43, 866]
['2019-03-27 11:45:00', 142.27, 142.3, 142.26, 142.3, 976]
['2019-03-27 11:44:00', 142.3, 142.3, 142.26, 142.34, 1392]
['2019-03-27 11:43:00', 142.33, 142.33, 142.33, 142.33, 174]
['2019-03-27 11:41:00', 142.42, 142.435, 142.42, 142.435, 1465]
['2019-03-27 11:40:00', 142.371, 142.321, 142.321, 142.42, 5723]
['2019-03-27 11:39:00', 142.33, 142.33, 142.33, 142.33, 800]
['2019-03-27 11:38:00', 142.21, 142.23, 142.21, 142.23, 353]
['2019-03-27 11:37:00', 142.24, 142.21, 142.21, 142.24, 642]
['2019-03-27 11:36:00', 142.15, 142.13, 142.13, 142.16, 783]
['2019-03-27 11:35:00', 142.25, 142.27, 142.22, 142.27, 1588]
['2019-03-27 11:34:00', 142.34, 142.34, 142.34, 142.34, 980]
['2019-03-27 11:33:00', 142.34, 142.34, 142.34, 142.34, 100]
['2019-03-27 11:32:00', 142.39, 142.39, 142.39, 142.39, 318]
['2019-03-27 11:31:00', 142.45, 142.43, 142.43, 142.45, 478]
['2019-03-27 11:30:00', 142.37, 142.47, 142.35, 142.47, 1121]
['2019-03-27 11:29:00', 142.43, 142.43, 142.43, 142.43, 230]
['2019-03-27 11:28:00', 142.445, 142.445, 142.445, 142.445, 158]
['2019-03-27 11:27:00', 142.43, 142.43, 142.43, 142.43, 283]
['2019-03-27 11:25:00', 142.42, 142.48, 142.42, 142.48, 879]
['2019-03-27 11:24:00', 142.5193, 142.37, 142.37, 142.5193, 6170]
['2019-03-27 11:23:00', 142.6, 142.6, 142.6, 142.6, 443]
['2019-03-27 11:22:00', 142.435, 142.49, 142.435, 142.49, 876]
['2019-03-27 11:21:00', 142.55, 142.44, 142.44, 142.55, 236]
['2019-03-27 11:19:00', 142.43, 142.43, 142.43, 142.43, 268]
['2019-03-27 11:18:00', 142.44, 142.49, 142.4, 142.49, 1460]
['2019-03-27 11:17:00', 142.48, 142.41, 142.41, 142.5, 520]
['2019-03-27 11:15:00', 142.63, 142.55, 142.54, 142.63, 2127]
['2019-03-27 11:14:00', 142.69, 142.63, 142.63, 142.69, 729]
['2019-03-27 11:13:00', 142.75, 142.75, 142.75, 142.75, 100]
['2019-03-27 11:11:00', 142.84, 142.89, 142.81, 142.89, 653]
['2019-03-27 11:10:00', 142.85, 142.84, 142.84, 142.86, 700]
['2019-03-27 11:09:00', 142.89, 142.9, 142.89, 142.9, 451]
['2019-03-27 11:08:00', 142.95, 142.91, 142.91, 142.95, 504]
['2019-03-27 11:06:00', 142.9, 142.91, 142.875, 142.91, 1037]
['2019-03-27 11:05:00', 142.88, 142.93, 142.84, 142.93, 1782]
['2019-03-27 11:04:00', 143.0, 143.0, 143.0, 143.0, 514]
['2019-03-27 11:03:00', 142.97, 142.97, 142.97, 142.97, 417]
['2019-03-27 11:02:00', 142.93, 142.89, 142.89, 142.93, 227]
['2019-03-27 11:01:00', 142.84, 142.85, 142.83, 142.85, 782]
['2019-03-27 11:00:00', 142.87, 142.78, 142.72, 142.9, 6059]
['2019-03-27 10:58:00', 143.05, 142.93, 142.93, 143.07, 4581]
['2019-03-27 10:57:00', 143.13, 143.13, 143.13, 143.13, 943]
['2019-03-27 10:56:00', 143.22, 143.185, 143.185, 143.22, 212]
['2019-03-27 10:55:00', 143.23, 143.16, 143.16, 143.23, 423]
['2019-03-27 10:54:00', 143.23, 143.23, 143.23, 143.23, 117]
['2019-03-27 10:53:00', 143.2316, 143.25, 143.2316, 143.25, 653]
['2019-03-27 10:52:00', 143.34, 143.36, 143.34, 143.36, 452]
['2019-03-27 10:51:00', 143.51, 143.38, 143.31, 143.51, 2151]
['2019-03-27 10:50:00', 143.535, 143.535, 143.535, 143.535, 120]
['2019-03-27 10:49:00', 143.59, 143.53, 143.53, 143.61, 879]
['2019-03-27 10:48:00', 143.48, 143.51, 143.48, 143.51, 536]
['2019-03-27 10:47:00', 143.675, 143.58, 143.58, 143.675, 1260]
['2019-03-27 10:45:00', 143.69, 143.69, 143.69, 143.69, 216]
['2019-03-27 10:44:00', 143.74, 143.73, 143.73, 143.74, 606]
['2019-03-27 10:43:00', 143.76, 143.715, 143.71, 143.76, 1078]
['2019-03-27 10:42:00', 143.79, 143.72, 143.72, 143.79, 712]
['2019-03-27 10:41:00', 143.78, 143.78, 143.78, 143.78, 100]
['2019-03-27 10:40:00', 143.81, 143.71, 143.71, 143.81, 706]
['2019-03-27 10:39:00', 143.71, 143.7962, 143.71, 143.7962, 945]
['2019-03-27 10:38:00', 143.74, 143.705, 143.705, 143.74, 248]
['2019-03-27 10:37:00', 143.73, 143.67, 143.67, 143.73, 304]
['2019-03-27 10:36:00', 143.64, 143.715, 143.64, 143.75, 1473]
['2019-03-27 10:35:00', 143.655, 143.65, 143.58, 143.67, 691]
['2019-03-27 10:34:00', 143.67, 143.65, 143.65, 143.705, 1713]
['2019-03-27 10:33:00', 143.67, 143.745, 143.67, 143.745, 1008]
['2019-03-27 10:32:00', 143.67, 143.66, 143.66, 143.695, 3563]
['2019-03-27 10:31:00', 143.66, 143.75, 143.66, 143.75, 2270]
['2019-03-27 10:27:00', 143.735, 143.71, 143.7, 143.735, 866]
['2019-03-27 10:25:00', 143.74, 143.78, 143.74, 143.78, 544]
['2019-03-27 10:24:00', 143.75, 143.73, 143.73, 143.75, 303]
['2019-03-27 10:23:00', 143.705, 143.7215, 143.705, 143.7215, 250]
['2019-03-27 10:22:00', 143.75, 143.75, 143.75, 143.75, 108]
['2019-03-27 10:21:00', 143.68, 143.7, 143.68, 143.7, 531]
['2019-03-27 10:20:00', 143.645, 143.645, 143.645, 143.645, 347]
['2019-03-27 10:18:00', 143.64, 143.61, 143.61, 143.71, 959]
['2019-03-27 10:17:00', 143.61, 143.61, 143.61, 143.61, 101]
['2019-03-27 10:16:00', 143.49, 143.565, 143.44, 143.565, 1632]
['2019-03-27 10:13:00', 143.575, 143.56, 143.44, 143.575, 1342]
['2019-03-27 10:12:00', 143.5889, 143.54, 143.54, 143.5889, 376]
['2019-03-27 10:11:00', 143.75, 143.6, 143.6, 143.75, 1870]
['2019-03-27 10:08:00', 143.74, 143.74, 143.74, 143.74, 455]
['2019-03-27 10:07:00', 143.675, 143.675, 143.675, 143.675, 223]
['2019-03-27 10:03:00', 143.6, 143.6, 143.6, 143.6, 580]
['2019-03-27 10:02:00', 143.59, 143.59, 143.59, 143.59, 347]
['2019-03-27 10:00:00', 143.3, 143.54, 143.3, 143.54, 495]
['2019-03-27 09:56:00', 143.55, 143.7, 143.55, 143.74, 1258]
['2019-03-27 09:54:00', 143.68, 143.68, 143.64, 143.68, 997]
['2019-03-27 09:51:00', 143.71, 143.75, 143.71, 143.75, 302]
['2019-03-27 09:50:00', 143.6, 143.73, 143.6, 143.73, 210]
['2019-03-27 09:49:00', 143.52, 143.53, 143.52, 143.53, 421]
['2019-03-27 09:47:00', 143.31, 143.4, 143.31, 143.4, 1004]
['2019-03-27 09:45:00', 143.38, 143.36, 143.36, 143.38, 871]
['2019-03-27 09:43:00', 143.33, 143.44, 143.33, 143.44, 1148]
['2019-03-27 09:42:00', 143.37, 143.37, 143.37, 143.37, 241]
['2019-03-27 09:40:00', 143.5, 143.56, 143.5, 143.56, 350]
['2019-03-27 09:39:00', 143.73, 143.38, 143.38, 143.77, 2994]
['2019-03-27 09:38:00', 143.24, 143.61, 143.24, 143.61, 1234]
['2019-03-27 09:37:00', 143.69, 143.47, 143.1904, 143.69, 1603]
['2019-03-27 09:36:00', 144.1, 143.72, 143.72, 144.1, 3241]
['2019-03-27 09:33:00', 144.01, 144.01, 144.01, 144.01, 4523]
['2019-03-26 16:00:00', 143.77, 143.85, 143.77, 143.85, 18009]
['2019-03-26 15:59:00', 143.65, 143.715, 143.635, 143.715, 11376]
['2019-03-26 15:58:00', 143.64, 143.65, 143.64, 143.665, 13012]
['2019-03-26 15:57:00', 143.62, 143.64, 143.62, 143.65, 8843]
['2019-03-26 15:56:00', 143.62, 143.59, 143.57, 143.62, 6988]
['2019-03-26 15:55:00', 143.58, 143.62, 143.54, 143.62, 6892]
['2019-03-26 15:54:00', 143.54, 143.54, 143.52, 143.54, 5973]
['2019-03-26 15:53:00', 143.56, 143.54, 143.54, 143.56, 3237]
['2019-03-26 15:52:00', 143.495, 143.52, 143.495, 143.53, 3836]
['2019-03-26 15:51:00', 143.52, 143.47, 143.46, 143.52, 7128]
['2019-03-26 15:50:00', 143.46, 143.49, 143.45, 143.49, 5721]
['2019-03-26 15:49:00', 143.42, 143.42, 143.42, 143.42, 1449]
['2019-03-26 15:48:00', 143.39, 143.42, 143.39, 143.42, 4673]
['2019-03-26 15:47:00', 143.38, 143.38, 143.38, 143.41, 4581]
['2019-03-26 15:46:00', 143.32, 143.315, 143.315, 143.37, 3991]
['2019-03-26 15:45:00', 143.3, 143.3, 143.3, 143.3, 2183]
['2019-03-26 15:44:00', 143.26, 143.26, 143.26, 143.26, 1896]
['2019-03-26 15:43:00', 143.215, 143.235, 143.215, 143.235, 2001]
['2019-03-26 15:42:00', 143.26, 143.22, 143.22, 143.26, 3497]
['2019-03-26 15:41:00', 143.26, 143.235, 143.23, 143.26, 2673]
['2019-03-26 15:40:00', 143.2, 143.22, 143.2, 143.22, 2494]
['2019-03-26 15:39:00', 143.2, 143.2, 143.2, 143.2, 484]
['2019-03-26 15:38:00', 143.23, 143.19, 143.19, 143.23, 1513]
['2019-03-26 15:37:00', 143.11, 143.185, 143.11, 143.185, 2428]
['2019-03-26 15:36:00', 143.06, 143.1, 143.06, 143.1, 3376]
['2019-03-26 15:35:00', 142.98, 143.03, 142.98, 143.03, 4689]
['2019-03-26 15:34:00', 143.08, 143.01, 143.01, 143.08, 1379]
['2019-03-26 15:33:00', 143.13, 143.17, 143.13, 143.17, 1546]
['2019-03-26 15:32:00', 143.16, 143.16, 143.16, 143.16, 858]
['2019-03-26 15:31:00', 143.14, 143.14, 143.14, 143.14, 1466]
['2019-03-26 15:30:00', 143.2, 143.2, 143.2, 143.2, 690]
['2019-03-26 15:29:00', 143.14, 143.14, 143.14, 143.14, 1467]
['2019-03-26 15:28:00', 143.17, 143.17, 143.17, 143.17, 893]
['2019-03-26 15:27:00', 143.16, 143.16, 143.16, 143.16, 931]
['2019-03-26 15:26:00', 143.14, 143.1, 143.1, 143.14, 977]
['2019-03-26 15:25:00', 143.12, 143.12, 143.12, 143.12, 416]
['2019-03-26 15:24:00', 143.11, 143.15, 143.11, 143.15, 850]
['2019-03-26 15:23:00', 143.14, 143.14, 143.14, 143.14, 240]
['2019-03-26 15:22:00', 143.13, 143.13, 143.13, 143.13, 1555]
['2019-03-26 15:21:00', 143.07, 143.07, 143.07, 143.07, 198]
['2019-03-26 15:20:00', 143.22, 143.12, 143.12, 143.22, 1790]
['2019-03-26 15:19:00', 143.22, 143.21, 143.21, 143.22, 1352]
['2019-03-26 15:18:00', 143.25, 143.22, 143.22, 143.25, 1320]
['2019-03-26 15:17:00', 143.23, 143.26, 143.23, 143.26, 1121]
['2019-03-26 15:16:00', 143.26, 143.26, 143.26, 143.26, 768]
['2019-03-26 15:15:00', 143.28, 143.28, 143.28, 143.28, 574]
['2019-03-26 15:14:00', 143.25, 143.29, 143.25, 143.29, 1400]
['2019-03-26 15:13:00', 143.18, 143.25, 143.18, 143.25, 2837]
['2019-03-26 15:12:00', 143.23, 143.23, 143.23, 143.23, 707]
['2019-03-26 15:11:00', 143.19, 143.19, 143.19, 143.19, 974]
['2019-03-26 15:10:00', 143.18, 143.17, 143.14, 143.18, 2004]
['2019-03-26 15:09:00', 143.13, 143.13, 143.13, 143.13, 545]
['2019-03-26 15:08:00', 143.04, 143.065, 143.04, 143.065, 572]
['2019-03-26 15:07:00', 142.955, 143.02, 142.955, 143.02, 1382]
['2019-03-26 15:06:00', 142.97, 142.955, 142.955, 142.97, 1132]
['2019-03-26 15:05:00', 142.94, 142.94, 142.94, 142.94, 209]
['2019-03-26 15:04:00', 142.92, 142.93, 142.92, 142.93, 1511]
['2019-03-26 15:03:00', 142.905, 142.94, 142.905, 142.94, 1438]
['2019-03-26 15:01:00', 142.78, 142.9, 142.78, 142.9, 1837]
['2019-03-26 15:00:00', 142.78, 142.79, 142.78, 142.79, 1501]
['2019-03-26 14:59:00', 142.79, 142.8, 142.79, 142.8, 1028]
['2019-03-26 14:58:00', 142.76, 142.76, 142.76, 142.76, 566]
['2019-03-26 14:57:00', 142.71, 142.71, 142.71, 142.71, 794]
['2019-03-26 14:56:00', 142.66, 142.67, 142.66, 142.67, 975]
['2019-03-26 14:55:00', 142.66, 142.66, 142.66, 142.66, 515]
['2019-03-26 14:54:00', 142.67, 142.7, 142.67, 142.7, 1380]
['2019-03-26 14:53:00', 142.67, 142.67, 142.67, 142.67, 105]
['2019-03-26 14:52:00', 142.71, 142.66, 142.66, 142.71, 1289]
['2019-03-26 14:51:00', 142.7, 142.74, 142.7, 142.74, 1761]
['2019-03-26 14:50:00', 142.735, 142.735, 142.735, 142.735, 401]
['2019-03-26 14:47:00', 142.72, 142.72, 142.72, 142.72, 376]
['2019-03-26 14:46:00', 142.61, 142.65, 142.61, 142.65, 1427]
['2019-03-26 14:45:00', 142.72, 142.76, 142.72, 142.76, 1799]
['2019-03-26 14:43:00', 142.73, 142.77, 142.73, 142.77, 558]
['2019-03-26 14:42:00', 142.63, 142.71, 142.63, 142.71, 1405]
['2019-03-26 14:40:00', 142.48, 142.536, 142.48, 142.536, 1336]
['2019-03-26 14:39:00', 142.41, 142.43, 142.41, 142.43, 2276]
['2019-03-26 14:38:00', 142.42, 142.42, 142.42, 142.42, 546]
['2019-03-26 14:37:00', 142.39, 142.405, 142.39, 142.405, 1424]
['2019-03-26 14:35:00', 142.34, 142.34, 142.34, 142.34, 637]
['2019-03-26 14:33:00', 142.25, 142.3, 142.25, 142.3, 1054]
['2019-03-26 14:32:00', 142.27, 142.27, 142.27, 142.27, 1312]
['2019-03-26 14:31:00', 142.34, 142.34, 142.34, 142.34, 922]
['2019-03-26 14:29:00', 142.4, 142.4, 142.4, 142.4, 356]
['2019-03-26 14:27:00', 142.32, 142.32, 142.32, 142.32, 369]
['2019-03-26 14:26:00', 142.34, 142.34, 142.34, 142.34, 204]
['2019-03-26 14:25:00', 142.32, 142.32, 142.32, 142.32, 138]
['2019-03-26 14:23:00', 142.285, 142.285, 142.285, 142.285, 208]
['2019-03-26 14:22:00', 142.35, 142.29, 142.29, 142.35, 977]
['2019-03-26 14:20:00', 142.37, 142.37, 142.37, 142.37, 312]
['2019-03-26 14:18:00', 142.33, 142.36, 142.33, 142.36, 1671]
['2019-03-26 14:17:00', 142.31, 142.29, 142.29, 142.31, 1015]
['2019-03-26 14:15:00', 142.295, 142.3, 142.295, 142.3, 943]
['2019-03-26 14:14:00', 142.3, 142.3, 142.3, 142.3, 351]
['2019-03-26 14:13:00', 142.3, 142.3, 142.3, 142.3, 512]
['2019-03-26 14:11:00', 142.28, 142.31, 142.28, 142.31, 1440]
['2019-03-26 14:09:00', 142.37, 142.37, 142.37, 142.37, 616]
['2019-03-26 14:07:00', 142.4, 142.4, 142.4, 142.4, 873]
['2019-03-26 14:06:00', 142.38, 142.4, 142.38, 142.4, 512]
['2019-03-26 14:04:00', 142.32, 142.32, 142.32, 142.32, 625]
['2019-03-26 14:02:00', 142.4, 142.42, 142.4, 142.42, 1341]
['2019-03-26 14:01:00', 142.39, 142.4, 142.39, 142.4, 1330]
['2019-03-26 14:00:00', 142.39, 142.39, 142.39, 142.39, 223]
['2019-03-26 13:59:00', 142.37, 142.3872, 142.37, 142.3872, 1019]
['2019-03-26 13:58:00', 142.4, 142.4, 142.4, 142.4, 3409]
['2019-03-26 13:57:00', 142.4, 142.4, 142.4, 142.4, 7461]
['2019-03-26 13:56:00', 142.32, 142.335, 142.32, 142.34, 1639]
['2019-03-26 13:55:00', 142.28, 142.28, 142.28, 142.28, 193]
['2019-03-26 13:53:00', 142.32, 142.34, 142.32, 142.34, 1132]
['2019-03-26 13:52:00', 142.35, 142.35, 142.35, 142.35, 129]
['2019-03-26 13:51:00', 142.38, 142.38, 142.38, 142.38, 245]
['2019-03-26 13:49:00', 142.38, 142.38, 142.38, 142.38, 406]
['2019-03-26 13:48:00', 142.37, 142.37, 142.37, 142.37, 126]
['2019-03-26 13:46:00', 142.34, 142.34, 142.34, 142.34, 220]
['2019-03-26 13:43:00', 142.4, 142.36, 142.36, 142.4, 744]
['2019-03-26 13:41:00', 142.38, 142.38, 142.38, 142.38, 236]
['2019-03-26 13:40:00', 142.37, 142.36, 142.36, 142.37, 1296]
['2019-03-26 13:39:00', 142.35, 142.32, 142.32, 142.35, 1262]
['2019-03-26 13:37:00', 142.39, 142.35, 142.35, 142.39, 2046]
['2019-03-26 13:34:00', 142.4075, 142.4, 142.4, 142.43, 1123]
['2019-03-26 13:29:00', 142.36, 142.36, 142.36, 142.36, 235]
['2019-03-26 13:27:00', 142.42, 142.42, 142.42, 142.42, 332]
['2019-03-26 13:25:00', 142.42, 142.41, 142.41, 142.42, 1004]
['2019-03-26 13:24:00', 142.36, 142.37, 142.36, 142.37, 548]
['2019-03-26 13:23:00', 142.4, 142.4, 142.4, 142.4, 744]
['2019-03-26 13:22:00', 142.42, 142.42, 142.42, 142.42, 286]
['2019-03-26 13:19:00', 142.4, 142.43, 142.4, 142.43, 1628]
['2019-03-26 13:17:00', 142.39, 142.39, 142.39, 142.39, 117]
['2019-03-26 13:16:00', 142.39, 142.39, 142.39, 142.39, 421]
['2019-03-26 13:14:00', 142.39, 142.39, 142.39, 142.39, 198]
['2019-03-26 13:13:00', 142.38, 142.38, 142.38, 142.38, 367]
['2019-03-26 13:12:00', 142.41, 142.42, 142.41, 142.42, 1710]
['2019-03-26 13:08:00', 142.405, 142.38, 142.38, 142.405, 1168]
['2019-03-26 13:06:00', 142.34, 142.35, 142.34, 142.35, 1170]
['2019-03-26 13:05:00', 142.44, 142.44, 142.44, 142.44, 321]
['2019-03-26 13:04:00', 142.43, 142.43, 142.43, 142.43, 1867]
['2019-03-26 13:02:00', 142.34, 142.4, 142.34, 142.4, 760]
['2019-03-26 13:00:00', 142.31, 142.31, 142.31, 142.31, 337]
['2019-03-26 12:59:00', 142.3, 142.3, 142.3, 142.3, 217]
['2019-03-26 12:58:00', 142.35, 142.35, 142.35, 142.35, 497]
['2019-03-26 12:55:00', 142.38, 142.38, 142.38, 142.38, 323]
['2019-03-26 12:53:00', 142.35, 142.33, 142.33, 142.35, 1024]
['2019-03-26 12:50:00', 142.34, 142.34, 142.34, 142.34, 541]
['2019-03-26 12:48:00', 142.3, 142.3, 142.3, 142.3, 591]
['2019-03-26 12:47:00', 142.39, 142.39, 142.39, 142.39, 126]
['2019-03-26 12:45:00', 142.39, 142.39, 142.39, 142.39, 581]
['2019-03-26 12:43:00', 142.31, 142.31, 142.31, 142.31, 216]
['2019-03-26 12:41:00', 142.34, 142.34, 142.34, 142.34, 1047]
['2019-03-26 12:39:00', 142.36, 142.365, 142.36, 142.365, 537]
['2019-03-26 12:38:00', 142.34, 142.34, 142.34, 142.34, 202]
['2019-03-26 12:36:00', 142.33, 142.33, 142.33, 142.33, 143]
['2019-03-26 12:35:00', 142.38, 142.38, 142.38, 142.38, 518]
['2019-03-26 12:34:00', 142.38, 142.38, 142.38, 142.38, 406]
['2019-03-26 12:33:00', 142.3, 142.3, 142.3, 142.3, 450]
['2019-03-26 12:29:00', 142.255, 142.255, 142.255, 142.255, 306]
['2019-03-26 12:28:00', 142.22, 142.22, 142.22, 142.22, 246]
['2019-03-26 12:27:00', 142.3, 142.3, 142.3, 142.3, 304]
['2019-03-26 12:26:00', 142.29, 142.29, 142.29, 142.29, 216]
['2019-03-26 12:24:00', 142.14, 142.14, 142.14, 142.14, 384]
['2019-03-26 12:23:00', 142.27, 142.27, 142.27, 142.27, 505]
['2019-03-26 12:21:00', 142.34, 142.34, 142.34, 142.34, 246]
['2019-03-26 12:20:00', 142.33, 142.385, 142.33, 142.385, 986]
['2019-03-26 12:16:00', 142.42, 142.42, 142.42, 142.42, 335]
['2019-03-26 12:15:00', 142.39, 142.39, 142.39, 142.39, 201]
['2019-03-26 12:13:00', 142.475, 142.4, 142.4, 142.475, 589]
['2019-03-26 12:10:00', 142.41, 142.41, 142.41, 142.41, 421]
['2019-03-26 12:09:00', 142.45, 142.45, 142.45, 142.45, 535]
['2019-03-26 12:05:00', 142.52, 142.52, 142.52, 142.52, 219]
['2019-03-26 12:04:00', 142.41, 142.41, 142.41, 142.41, 327]
['2019-03-26 12:01:00', 142.42, 142.42, 142.42, 142.42, 1196]
['2019-03-26 12:00:00', 142.336, 142.37, 142.336, 142.37, 1121]
['2019-03-26 11:57:00', 142.44, 142.44, 142.44, 142.44, 1854]
['2019-03-26 11:56:00', 142.57, 142.52, 142.52, 142.57, 3302]
['2019-03-26 11:55:00', 142.65, 142.59, 142.59, 142.65, 1285]
['2019-03-26 11:54:00', 142.73, 142.63, 142.63, 142.73, 2817]
['2019-03-26 11:53:00', 142.7, 142.68, 142.68, 142.7, 1730]
['2019-03-26 11:52:00', 142.71, 142.785, 142.71, 142.785, 1547]
['2019-03-26 11:51:00', 142.71, 142.71, 142.71, 142.71, 926]
['2019-03-26 11:50:00', 142.67, 142.72, 142.67, 142.72, 1605]
['2019-03-26 11:49:00', 142.72, 142.72, 142.72, 142.72, 826]
['2019-03-26 11:48:00', 142.76, 142.8, 142.76, 142.8, 2346]
['2019-03-26 11:47:00', 142.63, 142.63, 142.63, 142.63, 806]
['2019-03-26 11:46:00', 142.66, 142.61, 142.61, 142.66, 2024]
['2019-03-26 11:45:00', 142.72, 142.71, 142.71, 142.72, 1388]
['2019-03-26 11:44:00', 142.72, 142.75, 142.72, 142.75, 1542]
['2019-03-26 11:43:00', 142.58, 142.63, 142.58, 142.63, 1124]
['2019-03-26 11:42:00', 142.59, 142.59, 142.59, 142.59, 915]
['2019-03-26 11:41:00', 142.71, 142.62, 142.62, 142.71, 2087]
['2019-03-26 11:40:00', 142.7, 142.7, 142.7, 142.7, 591]
['2019-03-26 11:39:00', 142.7, 142.75, 142.7, 142.75, 1495]
['2019-03-26 11:38:00', 142.64, 142.64, 142.64, 142.64, 788]
['2019-03-26 11:36:00', 142.74, 142.705, 142.705, 142.74, 866]
['2019-03-26 11:35:00', 142.73, 142.73, 142.73, 142.73, 478]
['2019-03-26 11:33:00', 142.65, 142.65, 142.65, 142.65, 203]
['2019-03-26 11:31:00', 142.71, 142.71, 142.71, 142.71, 222]
['2019-03-26 11:30:00', 142.64, 142.64, 142.64, 142.64, 328]
['2019-03-26 11:29:00', 142.6, 142.6, 142.6, 142.6, 110]
['2019-03-26 11:25:00', 142.64, 142.64, 142.64, 142.64, 620]
['2019-03-26 11:24:00', 142.73, 142.73, 142.73, 142.73, 156]
['2019-03-26 11:22:00', 142.7081, 142.7081, 142.7081, 142.7081, 240]
['2019-03-26 11:21:00', 142.67, 142.67, 142.67, 142.67, 238]
['2019-03-26 11:20:00', 142.67, 142.67, 142.67, 142.67, 532]
['2019-03-26 11:19:00', 142.64, 142.64, 142.64, 142.64, 367]
['2019-03-26 11:18:00', 142.64, 142.64, 142.64, 142.64, 718]
['2019-03-26 11:15:00', 142.6, 142.6, 142.6, 142.6, 342]
['2019-03-26 11:13:00', 142.605, 142.605, 142.605, 142.605, 213]
['2019-03-26 11:11:00', 142.59, 142.59, 142.59, 142.59, 201]
['2019-03-26 11:10:00', 142.5, 142.5, 142.5, 142.5, 280]
['2019-03-26 11:09:00', 142.57, 142.57, 142.57, 142.57, 281]
['2019-03-26 11:08:00', 142.65, 142.65, 142.65, 142.65, 407]
['2019-03-26 11:07:00', 142.59, 142.59, 142.59, 142.59, 321]
['2019-03-26 11:04:00', 142.59, 142.59, 142.59, 142.59, 1070]
['2019-03-26 11:03:00', 142.53, 142.5, 142.5, 142.53, 727]
['2019-03-26 11:00:00', 142.55, 142.49, 142.49, 142.55, 573]
['2019-03-26 10:59:00', 142.54, 142.54, 142.54, 142.54, 489]
['2019-03-26 10:58:00', 142.53, 142.53, 142.53, 142.53, 405]
['2019-03-26 10:57:00', 142.48, 142.48, 142.48, 142.48, 461]
['2019-03-26 10:55:00', 142.43, 142.43, 142.43, 142.43, 117]
['2019-03-26 10:54:00', 142.35, 142.35, 142.35, 142.35, 325]
['2019-03-26 10:53:00', 142.41, 142.41, 142.41, 142.41, 256]
['2019-03-26 10:52:00', 142.35, 142.35, 142.35, 142.35, 684]
['2019-03-26 10:51:00', 142.31, 142.31, 142.31, 142.31, 269]
['2019-03-26 10:50:00', 142.25, 142.25, 142.25, 142.25, 697]
['2019-03-26 10:46:00', 142.3, 142.28, 142.28, 142.3, 1491]
['2019-03-26 10:44:00', 142.37, 142.37, 142.37, 142.37, 287]
['2019-03-26 10:43:00', 142.395, 142.395, 142.395, 142.395, 580]
['2019-03-26 10:42:00', 142.51, 142.46, 142.46, 142.51, 1097]
['2019-03-26 10:41:00', 142.6, 142.53, 142.53, 142.6, 2089]
['2019-03-26 10:37:00', 142.39, 142.39, 142.39, 142.39, 517]
['2019-03-26 10:36:00', 142.43, 142.43, 142.43, 142.43, 235]
['2019-03-26 10:34:00', 142.25, 142.295, 142.25, 142.295, 1321]
['2019-03-26 10:33:00', 142.18, 142.18, 142.18, 142.18, 243]
['2019-03-26 10:32:00', 142.19, 142.19, 142.19, 142.19, 318]
['2019-03-26 10:31:00', 142.19, 142.19, 142.19, 142.19, 340]
['2019-03-26 10:30:00', 142.21, 142.21, 142.21, 142.21, 177]
['2019-03-26 10:29:00', 142.23, 142.23, 142.23, 142.23, 1491]
['2019-03-26 10:28:00', 142.21, 142.21, 142.21, 142.21, 422]
['2019-03-26 10:27:00', 142.19, 142.19, 142.19, 142.19, 666]
['2019-03-26 10:26:00', 142.14, 142.14, 142.14, 142.14, 492]
['2019-03-26 10:25:00', 142.18, 142.18, 142.18, 142.18, 912]
['2019-03-26 10:24:00', 142.23, 142.23, 142.23, 142.23, 336]
['2019-03-26 10:21:00', 142.29, 142.29, 142.29, 142.29, 549]
['2019-03-26 10:20:00', 142.325, 142.38, 142.325, 142.38, 985]
['2019-03-26 10:18:00', 142.39, 142.39, 142.39, 142.39, 183]
['2019-03-26 10:17:00', 142.36, 142.36, 142.36, 142.36, 335]
['2019-03-26 10:16:00', 142.6, 142.52, 142.52, 142.6, 857]
['2019-03-26 10:14:00', 142.59, 142.56, 142.56, 142.59, 846]
['2019-03-26 10:09:00', 142.51, 142.51, 142.51, 142.51, 163]
['2019-03-26 10:08:00', 142.555, 142.555, 142.555, 142.555, 333]
['2019-03-26 10:04:00', 142.4, 142.4, 142.4, 142.4, 318]
['2019-03-26 10:02:00', 142.3, 142.3, 142.3, 142.3, 333]
['2019-03-26 09:58:00', 142.185, 142.185, 142.185, 142.185, 189]
['2019-03-26 09:56:00', 142.16, 142.16, 142.16, 142.16, 411]
['2019-03-26 09:54:00', 142.34, 142.34, 142.34, 142.34, 137]
['2019-03-26 09:53:00', 142.36, 142.36, 142.36, 142.36, 247]
['2019-03-26 09:51:00', 142.32, 142.32, 142.32, 142.32, 279]
['2019-03-26 09:50:00', 142.21, 142.27, 142.21, 142.27, 2681]
['2019-03-26 09:49:00', 142.15, 142.15, 142.15, 142.15, 954]
['2019-03-26 09:48:00', 142.36, 142.26, 142.26, 142.36, 2411]
['2019-03-26 09:47:00', 142.38, 142.38, 142.38, 142.38, 456]
['2019-03-26 09:46:00', 142.39, 142.55, 142.39, 142.55, 2662]
['2019-03-26 09:45:00', 142.41, 142.42, 142.41, 142.42, 2301]
['2019-03-26 09:41:00', 142.39, 142.39, 142.39, 142.39, 2039]
['2019-03-26 09:40:00', 142.31, 142.31, 142.31, 142.31, 122]
['2019-03-26 09:38:00', 142.43, 142.33, 142.33, 142.43, 554]
['2019-03-26 09:36:00', 142.28, 142.28, 142.28, 142.28, 1033]
['2019-03-26 09:35:00', 142.35, 142.46, 142.35, 142.46, 5294]
['2019-03-25 16:00:00', 141.775, 141.7, 141.68, 141.775, 11017]
['2019-03-25 15:59:00', 141.82, 141.78, 141.78, 141.82, 5389]
['2019-03-25 15:58:00', 141.76, 141.75, 141.73, 141.76, 6219]
['2019-03-25 15:57:00', 141.62, 141.7, 141.62, 141.7, 3499]
['2019-03-25 15:56:00', 141.65, 141.65, 141.65, 141.65, 2477]
['2019-03-25 15:55:00', 141.76, 141.72, 141.72, 141.76, 3426]
['2019-03-25 15:54:00', 141.73, 141.73, 141.73, 141.73, 1275]
['2019-03-25 15:53:00', 141.58, 141.62, 141.58, 141.62, 2513]
['2019-03-25 15:52:00', 141.53, 141.53, 141.53, 141.53, 1559]
['2019-03-25 15:51:00', 141.62, 141.64, 141.62, 141.64, 3673]
['2019-03-25 15:50:00', 141.59, 141.59, 141.59, 141.59, 1124]
['2019-03-25 15:49:00', 141.71, 141.71, 141.71, 141.71, 923]
['2019-03-25 15:48:00', 141.71, 141.75, 141.71, 141.75, 2417]
['2019-03-25 15:47:00', 141.75, 141.75, 141.75, 141.75, 1323]
['2019-03-25 15:46:00', 141.79, 141.73, 141.73, 141.79, 3203]
['2019-03-25 15:45:00', 141.82, 141.82, 141.82, 141.82, 747]
['2019-03-25 15:44:00', 141.78, 141.81, 141.78, 141.81, 1334]
['2019-03-25 15:43:00', 141.68, 141.68, 141.68, 141.68, 1109]
['2019-03-25 15:42:00', 141.68, 141.68, 141.68, 141.68, 722]
['2019-03-25 15:41:00', 141.72, 141.665, 141.665, 141.73, 2151]
['2019-03-25 15:40:00', 141.68, 141.68, 141.68, 141.68, 428]
['2019-03-25 15:39:00', 141.76, 141.66, 141.66, 141.76, 1910]
['2019-03-25 15:38:00', 141.82, 141.82, 141.82, 141.82, 317]
['2019-03-25 15:37:00', 141.76, 141.81, 141.76, 141.81, 1642]
['2019-03-25 15:36:00', 141.7, 141.7, 141.7, 141.7, 321]
['2019-03-25 15:35:00', 141.81, 141.73, 141.73, 141.81, 1004]
['2019-03-25 15:34:00', 141.87, 141.87, 141.87, 141.87, 543]
['2019-03-25 15:33:00', 141.86, 141.86, 141.86, 141.86, 375]
['2019-03-25 15:32:00', 141.87, 141.87, 141.87, 141.87, 581]
['2019-03-25 15:31:00', 141.92, 141.92, 141.92, 141.92, 869]
['2019-03-25 15:30:00', 142.09, 141.98, 141.98, 142.09, 1439]
['2019-03-25 15:29:00', 142.1, 142.1, 142.1, 142.1, 325]
['2019-03-25 15:28:00', 142.13, 142.13, 142.13, 142.13, 946]
['2019-03-25 15:27:00', 142.19, 142.19, 142.19, 142.19, 820]
['2019-03-25 15:26:00', 142.18, 142.14, 142.12, 142.18, 4143]
['2019-03-25 15:24:00', 142.22, 142.22, 142.22, 142.22, 291]
['2019-03-25 15:23:00', 142.21, 142.25, 142.21, 142.25, 918]
['2019-03-25 15:22:00', 142.18, 142.18, 142.18, 142.18, 461]
['2019-03-25 15:21:00', 142.18, 142.18, 142.18, 142.18, 209]
['2019-03-25 15:20:00', 142.24, 142.24, 142.24, 142.24, 117]
['2019-03-25 15:19:00', 142.2, 142.2, 142.2, 142.2, 524]
['2019-03-25 15:18:00', 142.2, 142.2, 142.2, 142.2, 571]
['2019-03-25 15:17:00', 142.245, 142.27, 142.245, 142.27, 615]
['2019-03-25 15:15:00', 142.28, 142.28, 142.28, 142.28, 196]
['2019-03-25 15:14:00', 142.315, 142.28, 142.28, 142.315, 900]
['2019-03-25 15:13:00', 142.185, 142.22, 142.185, 142.22, 835]
['2019-03-25 15:07:00', 142.2, 142.18, 142.18, 142.2, 948]
['2019-03-25 15:06:00', 142.15, 142.15, 142.15, 142.15, 356]
['2019-03-25 15:05:00', 142.14, 142.14, 142.14, 142.14, 146]
['2019-03-25 15:04:00', 142.16, 142.16, 142.16, 142.16, 640]
['2019-03-25 15:03:00', 142.25, 142.19, 142.19, 142.25, 783]
['2019-03-25 15:02:00', 142.31, 142.275, 142.275, 142.31, 1032]
['2019-03-25 15:01:00', 142.34, 142.34, 142.34, 142.34, 555]
['2019-03-25 14:59:00', 142.3, 142.29, 142.29, 142.3, 1661]
['2019-03-25 14:58:00', 142.25, 142.25, 142.25, 142.25, 516]
['2019-03-25 14:57:00', 142.22, 142.22, 142.22, 142.22, 571]
['2019-03-25 14:56:00', 142.17, 142.17, 142.17, 142.17, 344]
['2019-03-25 14:55:00', 142.16, 142.16, 142.16, 142.16, 723]
['2019-03-25 14:54:00', 142.21, 142.21, 142.21, 142.21, 654]
['2019-03-25 14:52:00', 142.12, 142.14, 142.12, 142.14, 1098]
['2019-03-25 14:51:00', 142.12, 142.12, 142.12, 142.12, 648]
['2019-03-25 14:49:00', 142.11, 142.1, 142.1, 142.11, 875]
['2019-03-25 14:48:00', 142.1, 142.125, 142.1, 142.125, 610]
['2019-03-25 14:47:00', 142.18, 142.18, 142.18, 142.18, 332]
['2019-03-25 14:46:00', 142.18, 142.18, 142.18, 142.18, 310]
['2019-03-25 14:45:00', 142.11, 142.11, 142.11, 142.11, 224]
['2019-03-25 14:44:00', 142.06, 142.06, 142.06, 142.06, 836]
['2019-03-25 14:43:00', 142.11, 142.11, 142.11, 142.11, 497]
['2019-03-25 14:42:00', 142.135, 142.11, 142.11, 142.135, 1247]
['2019-03-25 14:41:00', 142.09, 142.09, 142.09, 142.09, 604]
['2019-03-25 14:40:00', 142.09, 142.09, 142.09, 142.09, 406]
['2019-03-25 14:39:00', 142.06, 142.06, 142.06, 142.06, 1267]
['2019-03-25 14:37:00', 142.08, 142.06, 142.06, 142.08, 679]
['2019-03-25 14:36:00', 142.06, 142.06, 142.06, 142.06, 154]
['2019-03-25 14:35:00', 142.05, 142.05, 142.05, 142.05, 254]
['2019-03-25 14:34:00', 142.11, 142.065, 142.065, 142.11, 1533]
['2019-03-25 14:33:00', 142.08, 142.08, 142.08, 142.08, 922]
['2019-03-25 14:32:00', 142.08, 142.09, 142.08, 142.09, 1657]
['2019-03-25 14:31:00', 142.055, 142.055, 142.055, 142.055, 274]
['2019-03-25 14:30:00', 142.0, 142.03, 142.0, 142.03, 473]
['2019-03-25 14:28:00', 141.97, 142.0, 141.97, 142.0, 746]
['2019-03-25 14:27:00', 142.0, 142.0, 142.0, 142.0, 279]
['2019-03-25 14:26:00', 141.965, 141.965, 141.965, 141.965, 424]
['2019-03-25 14:25:00', 141.96, 141.96, 141.96, 141.96, 642]
['2019-03-25 14:24:00', 141.99, 141.99, 141.99, 141.99, 285]
['2019-03-25 14:23:00', 141.93, 141.93, 141.93, 141.93, 367]
['2019-03-25 14:21:00', 141.93, 141.93, 141.93, 141.93, 135]
['2019-03-25 14:20:00', 141.9, 141.9, 141.9, 141.9, 153]
['2019-03-25 14:19:00', 141.86, 141.86, 141.86, 141.86, 387]
['2019-03-25 14:18:00', 141.91, 141.92, 141.91, 141.92, 977]
['2019-03-25 14:17:00', 141.925, 141.925, 141.925, 141.925, 156]
['2019-03-25 14:16:00', 142.0, 142.0, 142.0, 142.0, 589]
['2019-03-25 14:14:00', 141.98, 141.96, 141.96, 141.98, 1289]
['2019-03-25 14:13:00', 142.06, 142.02, 142.02, 142.06, 2105]
['2019-03-25 14:12:00', 142.04, 142.04, 142.04, 142.04, 187]
['2019-03-25 14:11:00', 141.97, 141.97, 141.97, 141.97, 373]
['2019-03-25 14:10:00', 141.93, 141.93, 141.93, 141.93, 1532]
['2019-03-25 14:09:00', 141.95, 141.95, 141.95, 141.95, 223]
['2019-03-25 14:07:00', 141.91, 141.9, 141.9, 141.91, 951]
['2019-03-25 14:06:00', 141.945, 141.945, 141.945, 141.945, 776]
['2019-03-25 14:05:00', 142.0, 142.0, 142.0, 142.0, 838]
['2019-03-25 14:04:00', 141.94, 142.05, 141.94, 142.05, 2265]
['2019-03-25 14:03:00', 141.93, 141.93, 141.93, 141.93, 687]
['2019-03-25 14:02:00', 141.85, 141.84, 141.8, 141.85, 1768]
['2019-03-25 14:00:00', 141.7, 141.7, 141.7, 141.7, 186]
['2019-03-25 13:59:00', 141.61, 141.645, 141.61, 141.645, 416]
['2019-03-25 13:56:00', 141.5, 141.5, 141.5, 141.5, 1010]
['2019-03-25 13:55:00', 141.55, 141.55, 141.55, 141.55, 123]
['2019-03-25 13:54:00', 141.58, 141.58, 141.58, 141.58, 856]
['2019-03-25 13:49:00', 141.54, 141.54, 141.54, 141.54, 884]
['2019-03-25 13:48:00', 141.56, 141.56, 141.56, 141.56, 338]
['2019-03-25 13:46:00', 141.6, 141.6, 141.6, 141.6, 329]
['2019-03-25 13:45:00', 141.57, 141.65, 141.57, 141.65, 1085]
['2019-03-25 13:44:00', 141.57, 141.57, 141.57, 141.57, 236]
['2019-03-25 13:43:00', 141.62, 141.62, 141.62, 141.62, 242]
['2019-03-25 13:42:00', 141.66, 141.66, 141.66, 141.66, 382]
['2019-03-25 13:40:00', 141.66, 141.66, 141.66, 141.66, 989]
['2019-03-25 13:39:00', 141.76, 141.775, 141.74, 141.775, 2148]
['2019-03-25 13:38:00', 141.8, 141.7845, 141.78, 141.8, 3569]
['2019-03-25 13:37:00', 141.8105, 141.8105, 141.8105, 141.8105, 512]
['2019-03-25 13:36:00', 141.78, 141.83, 141.78, 141.83, 896]
['2019-03-25 13:35:00', 141.78, 141.8, 141.78, 141.8, 2236]
['2019-03-25 13:34:00', 141.81, 141.81, 141.81, 141.81, 434]
['2019-03-25 13:33:00', 141.82, 141.79, 141.79, 141.82, 1855]
['2019-03-25 13:32:00', 141.87, 141.76, 141.76, 141.87, 1596]
['2019-03-25 13:31:00', 141.91, 141.91, 141.91, 141.91, 903]
['2019-03-25 13:30:00', 141.85, 141.96, 141.85, 141.96, 1652]
['2019-03-25 13:28:00', 141.87, 141.87, 141.87, 141.87, 760]
['2019-03-25 13:27:00', 141.9, 141.9, 141.9, 141.9, 209]
['2019-03-25 13:25:00', 141.9, 141.9, 141.9, 141.9, 576]
['2019-03-25 13:24:00', 141.85, 141.84, 141.84, 141.85, 1005]
['2019-03-25 13:23:00', 141.87, 141.87, 141.87, 141.87, 372]
['2019-03-25 13:22:00', 141.92, 141.9, 141.9, 141.92, 684]
['2019-03-25 13:19:00', 141.87, 141.9, 141.87, 141.9, 1053]
['2019-03-25 13:18:00', 141.92, 141.92, 141.92, 141.92, 127]
['2019-03-25 13:17:00', 141.91, 141.91, 141.91, 141.91, 426]
['2019-03-25 13:16:00', 141.94, 141.94, 141.94, 141.94, 461]
['2019-03-25 13:14:00', 141.99, 141.99, 141.99, 141.99, 313]
['2019-03-25 13:13:00', 141.97, 141.97, 141.97, 141.97, 553]
['2019-03-25 13:11:00', 141.91, 141.91, 141.91, 141.91, 516]
['2019-03-25 13:10:00', 141.92, 141.92, 141.92, 141.92, 115]
['2019-03-25 13:09:00', 141.92, 141.92, 141.92, 141.92, 227]
['2019-03-25 13:08:00', 141.91, 141.91, 141.91, 141.91, 648]
['2019-03-25 13:07:00', 141.91, 141.91, 141.91, 141.91, 753]
['2019-03-25 13:06:00', 141.84, 141.84, 141.84, 141.84, 583]
['2019-03-25 13:05:00', 141.79, 141.79, 141.79, 141.79, 234]
['2019-03-25 13:04:00', 141.88, 141.88, 141.88, 141.88, 309]
['2019-03-25 13:03:00', 141.88, 141.88, 141.88, 141.88, 671]
['2019-03-25 13:02:00', 141.86, 141.86, 141.86, 141.86, 438]
['2019-03-25 13:01:00', 141.88, 141.9, 141.88, 141.9, 492]
['2019-03-25 12:59:00', 141.895, 141.86, 141.86, 141.895, 441]
['2019-03-25 12:57:00', 141.84, 141.84, 141.84, 141.84, 245]
['2019-03-25 12:55:00', 141.79, 141.79, 141.79, 141.79, 185]
['2019-03-25 12:54:00', 141.75, 141.73, 141.73, 141.8, 1774]
['2019-03-25 12:53:00', 141.7, 141.6895, 141.6895, 141.7, 2750]
['2019-03-25 12:52:00', 141.735, 141.73, 141.73, 141.735, 873]
['2019-03-25 12:48:00', 141.74, 141.74, 141.74, 141.74, 502]
['2019-03-25 12:47:00', 141.67, 141.67, 141.67, 141.67, 131]
['2019-03-25 12:46:00', 141.74, 141.74, 141.74, 141.74, 827]
['2019-03-25 12:43:00', 141.68, 141.68, 141.68, 141.68, 446]
['2019-03-25 12:41:00', 141.72, 141.72, 141.72, 141.72, 376]
['2019-03-25 12:40:00', 141.65, 141.65, 141.65, 141.65, 213]
['2019-03-25 12:36:00', 141.68, 141.68, 141.68, 141.68, 433]
['2019-03-25 12:34:00', 141.77, 141.74, 141.74, 141.77, 673]
['2019-03-25 12:33:00', 141.77, 141.77, 141.77, 141.77, 107]
['2019-03-25 12:25:00', 141.7, 141.78, 141.7, 141.78, 1485]
['2019-03-25 12:23:00', 141.735, 141.735, 141.735, 141.735, 166]
['2019-03-25 12:22:00', 141.73, 141.73, 141.73, 141.73, 451]
['2019-03-25 12:21:00', 141.85, 141.85, 141.85, 141.85, 413]
['2019-03-25 12:19:00', 141.69, 141.69, 141.69, 141.69, 196]
['2019-03-25 12:18:00', 141.75, 141.75, 141.75, 141.75, 382]
['2019-03-25 12:16:00', 141.8, 141.83, 141.8, 141.83, 431]
['2019-03-25 12:15:00', 141.85, 141.85, 141.85, 141.85, 263]
['2019-03-25 12:14:00', 141.83, 141.83, 141.83, 141.83, 284]
['2019-03-25 12:11:00', 141.88, 141.88, 141.88, 141.88, 944]
['2019-03-25 12:09:00', 141.97, 141.97, 141.97, 141.97, 438]
['2019-03-25 12:06:00', 141.9, 141.9395, 141.9, 141.9395, 833]
['2019-03-25 12:04:00', 141.81, 141.81, 141.81, 141.81, 815]
['2019-03-25 12:03:00', 141.68, 141.68, 141.68, 141.68, 122]
['2019-03-25 12:02:00', 141.66, 141.66, 141.66, 141.66, 438]
['2019-03-25 12:01:00', 141.63, 141.63, 141.63, 141.63, 353]
['2019-03-25 11:59:00', 141.67, 141.67, 141.67, 141.67, 521]
['2019-03-25 11:58:00', 141.66, 141.66, 141.66, 141.66, 514]
['2019-03-25 11:57:00', 141.68, 141.68, 141.68, 141.68, 464]
['2019-03-25 11:56:00', 141.65, 141.69, 141.65, 141.69, 1386]
['2019-03-25 11:55:00', 141.68, 141.68, 141.68, 141.68, 127]
['2019-03-25 11:54:00', 141.59, 141.59, 141.59, 141.59, 403]
['2019-03-25 11:53:00', 141.58, 141.58, 141.58, 141.58, 1005]
['2019-03-25 11:52:00', 141.52, 141.59, 141.52, 141.59, 1222]
['2019-03-25 11:50:00', 141.52, 141.52, 141.52, 141.52, 385]
['2019-03-25 11:48:00', 141.66, 141.66, 141.66, 141.66, 297]
['2019-03-25 11:44:00', 141.71, 141.71, 141.71, 141.71, 204]
['2019-03-25 11:42:00', 141.81, 141.81, 141.81, 141.81, 245]
['2019-03-25 11:41:00', 141.88, 141.88, 141.88, 141.88, 111]
['2019-03-25 11:40:00', 141.92, 141.91, 141.91, 141.92, 466]
['2019-03-25 11:36:00', 141.86, 141.86, 141.86, 141.86, 318]
['2019-03-25 11:35:00', 141.82, 141.82, 141.82, 141.82, 164]
['2019-03-25 11:33:00', 141.83, 141.83, 141.83, 141.83, 662]
['2019-03-25 11:32:00', 141.84, 141.84, 141.84, 141.84, 426]
['2019-03-25 11:31:00', 141.77, 141.77, 141.77, 141.77, 311]
['2019-03-25 11:29:00', 141.85, 141.85, 141.85, 141.85, 405]
['2019-03-25 11:26:00', 141.73, 141.73, 141.73, 141.73, 436]
['2019-03-25 11:25:00', 141.84, 141.7, 141.7, 141.84, 1284]
['2019-03-25 11:22:00', 141.75, 141.68, 141.68, 141.75, 2067]
['2019-03-25 11:21:00', 141.845, 141.845, 141.845, 141.845, 475]
['2019-03-25 11:19:00', 141.72, 141.72, 141.72, 141.72, 523]
['2019-03-25 11:18:00', 141.69, 141.69, 141.69, 141.69, 427]
['2019-03-25 11:17:00', 141.69, 141.69, 141.69, 141.69, 559]
['2019-03-25 11:15:00', 141.6, 141.6, 141.6, 141.6, 412]
['2019-03-25 11:13:00', 141.495, 141.495, 141.495, 141.495, 450]
['2019-03-25 11:12:00', 141.45, 141.45, 141.45, 141.45, 148]
['2019-03-25 11:11:00', 141.58, 141.58, 141.58, 141.58, 673]
['2019-03-25 11:10:00', 141.49, 141.49, 141.49, 141.49, 298]
['2019-03-25 11:08:00', 141.58, 141.635, 141.5, 141.635, 2528]
['2019-03-25 11:06:00', 141.54, 141.54, 141.54, 141.54, 315]
['2019-03-25 11:05:00', 141.41, 141.41, 141.41, 141.41, 519]
['2019-03-25 11:04:00', 141.46, 141.46, 141.46, 141.46, 434]
['2019-03-25 11:02:00', 141.49, 141.49, 141.49, 141.49, 481]
['2019-03-25 11:01:00', 141.435, 141.435, 141.435, 141.435, 635]
['2019-03-25 10:59:00', 141.47, 141.49, 141.47, 141.49, 852]
['2019-03-25 10:57:00', 141.47, 141.47, 141.47, 141.47, 384]
['2019-03-25 10:54:00', 141.58, 141.52, 141.52, 141.58, 1183]
['2019-03-25 10:53:00', 141.48, 141.48, 141.48, 141.48, 499]
['2019-03-25 10:49:00', 141.255, 141.255, 141.255, 141.255, 1269]
['2019-03-25 10:47:00', 141.19, 141.19, 141.19, 141.19, 734]
['2019-03-25 10:46:00', 141.19, 141.19, 141.19, 141.19, 434]
['2019-03-25 10:44:00', 141.03, 141.03, 141.03, 141.03, 383]
['2019-03-25 10:41:00', 141.03, 141.03, 141.03, 141.03, 1262]
['2019-03-25 10:40:00', 141.09, 141.09, 141.09, 141.09, 390]
['2019-03-25 10:38:00', 141.08, 141.1, 141.08, 141.1, 983]
['2019-03-25 10:36:00', 141.08, 141.08, 141.08, 141.08, 247]
['2019-03-25 10:34:00', 140.96, 140.96, 140.96, 140.96, 543]
['2019-03-25 10:33:00', 141.01, 141.01, 141.01, 141.01, 477]
['2019-03-25 10:31:00', 140.88, 140.88, 140.88, 140.88, 223]
['2019-03-25 10:28:00', 140.71, 140.78, 140.71, 140.78, 447]
['2019-03-25 10:27:00', 140.72, 140.765, 140.72, 140.765, 2217]
['2019-03-25 10:26:00', 140.73, 140.73, 140.73, 140.73, 1229]
['2019-03-25 10:24:00', 140.54, 140.58, 140.54, 140.58, 2458]
['2019-03-25 10:22:00', 140.62, 140.62, 140.62, 140.62, 1120]
['2019-03-25 10:21:00', 140.685, 140.685, 140.685, 140.685, 1094]
['2019-03-25 10:20:00', 140.69, 140.69, 140.69, 140.69, 596]
['2019-03-25 10:19:00', 140.8, 140.8, 140.8, 140.8, 636]
['2019-03-25 10:17:00', 140.78, 140.7, 140.7, 140.78, 2783]
['2019-03-25 10:16:00', 141.01, 140.84, 140.83, 141.01, 14747]
['2019-03-25 10:15:00', 141.16, 141.09, 141.09, 141.16, 7195]
['2019-03-25 10:14:00', 141.19, 141.08, 141.08, 141.19, 11197]
['2019-03-25 10:13:00', 141.19, 141.19, 141.1, 141.19, 10880]
['2019-03-25 10:12:00', 141.24, 141.19, 141.18, 141.24, 2790]
['2019-03-25 10:11:00', 141.31, 141.31, 141.31, 141.31, 370]
['2019-03-25 10:09:00', 141.36, 141.36, 141.36, 141.36, 337]
['2019-03-25 10:08:00', 141.34, 141.39, 141.34, 141.39, 1441]
['2019-03-25 10:07:00', 141.23, 141.23, 141.23, 141.23, 355]
['2019-03-25 10:05:00', 141.23, 141.29, 141.23, 141.29, 959]
['2019-03-25 10:04:00', 141.24, 141.24, 141.24, 141.24, 798]
['2019-03-25 10:03:00', 141.1, 141.1, 141.1, 141.1, 327]
['2019-03-25 10:02:00', 141.15, 141.15, 141.15, 141.15, 493]
['2019-03-25 10:01:00', 141.23, 141.23, 141.23, 141.23, 1191]
['2019-03-25 10:00:00', 141.13, 141.13, 141.13, 141.13, 698]
['2019-03-25 09:58:00', 141.22, 141.22, 141.22, 141.22, 623]
['2019-03-25 09:57:00', 141.1254, 141.1254, 141.1254, 141.1254, 517]
['2019-03-25 09:55:00', 141.22, 141.22, 141.22, 141.22, 103]
['2019-03-25 09:54:00', 141.11, 141.19, 141.11, 141.19, 1349]
['2019-03-25 09:53:00', 141.195, 141.11, 141.11, 141.195, 1305]
['2019-03-25 09:51:00', 141.195, 141.195, 141.195, 141.195, 744]
['2019-03-25 09:49:00', 140.97, 140.97, 140.97, 140.97, 636]
['2019-03-25 09:48:00', 140.97, 140.97, 140.97, 140.97, 159]
['2019-03-25 09:47:00', 141.02, 141.02, 141.02, 141.02, 1030]
['2019-03-25 09:45:00', 141.15, 141.15, 141.15, 141.15, 241]
['2019-03-25 09:44:00', 141.14, 141.14, 141.14, 141.14, 300]
['2019-03-25 09:43:00', 141.05, 141.05, 141.05, 141.05, 894]
['2019-03-25 09:41:00', 141.02, 141.12, 141.02, 141.12, 2004]
['2019-03-25 09:40:00', 141.02, 140.955, 140.955, 141.02, 1501]
['2019-03-25 09:39:00', 141.32, 141.18, 141.18, 141.32, 1904]
['2019-03-25 09:38:00', 141.08, 141.08, 141.08, 141.08, 1237]
['2019-03-25 09:37:00', 140.75, 140.83, 140.69, 140.83, 5086]
['2019-03-25 09:36:00', 141.04, 141.04, 141.04, 141.04, 2424]
['2019-03-25 09:35:00', 141.03, 141.03, 141.03, 141.03, 911]
['2019-03-25 09:34:00', 141.67, 141.11, 141.08, 141.67, 6724]
['2019-03-25 09:33:00', 141.95, 141.95, 141.95, 141.95, 0]
