AVXL
['2019-03-29 16:00:00', 3.07, 3.06, 3.06, 3.07, 1352]
['2019-03-29 15:59:00', 3.07, 3.07, 3.0677, 3.07, 9280]
['2019-03-29 15:58:00', 3.07, 3.07, 3.07, 3.07, 600]
['2019-03-29 15:57:00', 3.07, 3.07, 3.0501, 3.07, 3945]
['2019-03-29 15:56:00', 3.07, 3.07, 3.06, 3.07, 604]
['2019-03-29 15:55:00', 3.06, 3.0629, 3.0598, 3.07, 4446]
['2019-03-29 15:54:00', 3.05, 3.06, 3.05, 3.06, 440]
['2019-03-29 15:53:00', 3.05, 3.05, 3.04, 3.05, 2826]
['2019-03-29 15:52:00', 3.05, 3.04, 3.03, 3.05, 1100]
['2019-03-29 15:51:00', 3.05, 3.05, 3.03, 3.05, 700]
['2019-03-29 15:50:00', 3.06, 3.06, 3.03, 3.06, 502]
['2019-03-29 15:49:00', 3.05, 3.05, 3.05, 3.05, 100]
['2019-03-29 15:48:00', 3.03, 3.045, 3.03, 3.045, 404]
['2019-03-29 15:47:00', 3.03, 3.045, 3.03, 3.06, 1700]
['2019-03-29 15:46:00', 3.06, 3.06, 3.06, 3.06, 200]
['2019-03-29 15:43:00', 3.0463, 3.0463, 3.0463, 3.0463, 673]
['2019-03-29 15:42:00', 3.05, 3.045, 3.045, 3.05, 200]
['2019-03-29 15:41:00', 3.045, 3.045, 3.045, 3.045, 300]
['2019-03-29 15:40:00', 3.04, 3.05, 3.04, 3.05, 704]
['2019-03-29 15:39:00', 3.05, 3.05, 3.04, 3.05, 300]
['2019-03-29 15:38:00', 3.05, 3.03, 3.03, 3.05, 1200]
['2019-03-29 15:37:00', 3.04, 3.04, 3.03, 3.05, 1920]
['2019-03-29 15:36:00', 3.05, 3.05, 3.05, 3.05, 240]
['2019-03-29 15:35:00', 3.045, 3.0413, 3.03, 3.045, 4450]
['2019-03-29 15:32:00', 3.05, 3.05, 3.05, 3.05, 500]
['2019-03-29 15:22:00', 3.048, 3.048, 3.048, 3.048, 1104]
['2019-03-29 15:20:00', 3.03, 3.03, 3.03, 3.03, 900]
['2019-03-29 15:18:00', 3.03, 3.03, 3.03, 3.03, 100]
['2019-03-29 15:17:00', 3.03, 3.02, 3.02, 3.03, 215]
['2019-03-29 15:16:00', 3.02, 3.021, 3.02, 3.021, 900]
['2019-03-29 15:15:00', 3.04, 3.0313, 3.03, 3.04, 2700]
['2019-03-29 15:13:00', 3.04, 3.02, 3.02, 3.04, 400]
['2019-03-29 15:11:00', 3.04, 3.04, 3.04, 3.04, 100]
['2019-03-29 15:10:00', 3.02, 3.02, 3.02, 3.02, 100]
['2019-03-29 15:08:00', 3.04, 3.02, 3.02, 3.04, 200]
['2019-03-29 15:05:00', 3.04, 3.04, 3.04, 3.04, 200]
['2019-03-29 15:04:00', 3.04, 3.04, 3.04, 3.04, 100]
['2019-03-29 14:59:00', 3.02, 3.0254, 3.02, 3.0289, 2900]
['2019-03-29 14:58:00', 3.04, 3.04, 3.04, 3.04, 102]
['2019-03-29 14:57:00', 3.04, 3.04, 3.04, 3.04, 300]
['2019-03-29 14:56:00', 3.04, 3.04, 3.04, 3.04, 200]
['2019-03-29 14:54:00', 3.03, 3.04, 3.03, 3.04, 201]
['2019-03-29 14:53:00', 3.02, 3.02, 3.02, 3.02, 2500]
['2019-03-29 14:52:00', 3.02, 3.02, 3.02, 3.02, 1700]
['2019-03-29 14:51:00', 3.01, 3.01, 3.01, 3.01, 100]
['2019-03-29 14:50:00', 3.01, 3.01, 3.01, 3.01, 1200]
['2019-03-29 14:49:00', 3.01, 3.01, 3.01, 3.01, 400]
['2019-03-29 14:48:00', 3.01, 3.015, 3.01, 3.015, 200]
['2019-03-29 14:47:00', 3.01, 3.01, 3.01, 3.01, 100]
['2019-03-29 14:45:00', 3.01, 3.01, 3.01, 3.01, 200]
['2019-03-29 14:43:00', 3.0199, 3.0199, 3.0199, 3.0199, 1810]
['2019-03-29 14:42:00', 3.02, 3.01, 3.01, 3.02, 300]
['2019-03-29 14:41:00', 3.04, 3.02, 3.02, 3.04, 5200]
['2019-03-29 14:40:00', 3.04, 3.04, 3.04, 3.04, 100]
['2019-03-29 14:39:00', 3.04, 3.04, 3.04, 3.04, 101]
['2019-03-29 14:36:00', 3.04, 3.04, 3.04, 3.04, 165]
['2019-03-29 14:34:00', 3.04, 3.04, 3.04, 3.04, 110]
['2019-03-29 14:33:00', 3.05, 3.06, 3.05, 3.06, 200]
['2019-03-29 14:31:00', 3.03, 3.0303, 3.03, 3.06, 3238]
['2019-03-29 14:30:00', 3.07, 3.06, 3.03, 3.0722, 16860]
['2019-03-29 14:29:00', 3.0802, 3.06, 3.06, 3.081, 10200]
['2019-03-29 14:28:00', 3.08, 3.08, 3.08, 3.08, 100]
['2019-03-29 14:26:00', 3.1, 3.1, 3.1, 3.1, 520]
['2019-03-29 14:25:00', 3.08, 3.08, 3.08, 3.08, 100]
['2019-03-29 14:23:00', 3.1, 3.1, 3.1, 3.1, 100]
['2019-03-29 14:22:00', 3.08, 3.08, 3.08, 3.08, 100]
['2019-03-29 14:20:00', 3.08, 3.08, 3.08, 3.08, 100]
['2019-03-29 14:17:00', 3.08, 3.08, 3.08, 3.08, 100]
['2019-03-29 14:14:00', 3.08, 3.08, 3.08, 3.08, 100]
['2019-03-29 14:12:00', 3.08, 3.08, 3.08, 3.08, 100]
['2019-03-29 14:10:00', 3.08, 3.08, 3.08, 3.08, 100]
['2019-03-29 14:08:00', 3.08, 3.08, 3.08, 3.08, 100]
['2019-03-29 14:07:00', 3.09, 3.09, 3.09, 3.09, 100]
['2019-03-29 14:06:00', 3.08, 3.1, 3.08, 3.1, 400]
['2019-03-29 14:04:00', 3.1, 3.1, 3.1, 3.1, 200]
['2019-03-29 14:00:00', 3.0884, 3.0884, 3.0884, 3.0884, 109]
['2019-03-29 13:59:00', 3.07, 3.0903, 3.0615, 3.0903, 6400]
['2019-03-29 13:57:00', 3.07, 3.07, 3.07, 3.07, 100]
['2019-03-29 13:47:00', 3.0699, 3.055, 3.05, 3.0699, 2183]
['2019-03-29 13:45:00', 3.05, 3.07, 3.05, 3.07, 760]
['2019-03-29 13:44:00', 3.0544, 3.0544, 3.0544, 3.0544, 150]
['2019-03-29 13:41:00', 3.07, 3.07, 3.07, 3.07, 100]
['2019-03-29 13:38:00', 3.0471, 3.0471, 3.0471, 3.0471, 1350]
['2019-03-29 13:36:00', 3.07, 3.07, 3.07, 3.07, 100]
['2019-03-29 13:35:00', 3.0531, 3.0531, 3.0531, 3.0531, 1000]
['2019-03-29 13:31:00', 3.07, 3.07, 3.07, 3.07, 100]
['2019-03-29 13:26:00', 3.049, 3.055, 3.049, 3.055, 2702]
['2019-03-29 13:24:00', 3.0553, 3.0553, 3.0553, 3.0553, 750]
['2019-03-29 13:22:00', 3.0554, 3.0554, 3.0554, 3.0554, 110]
['2019-03-29 13:21:00', 3.06, 3.06, 3.06, 3.06, 691]
['2019-03-29 13:17:00', 3.0639, 3.0639, 3.0639, 3.0639, 825]
['2019-03-29 13:16:00', 3.0699, 3.06, 3.06, 3.07, 11543]
['2019-03-29 13:15:00', 3.06, 3.06, 3.06, 3.06, 200]
['2019-03-29 13:14:00', 3.06, 3.05, 3.05, 3.06, 400]
['2019-03-29 13:13:00', 3.0516, 3.0516, 3.0516, 3.0516, 225]
['2019-03-29 13:11:00', 3.06, 3.05, 3.05, 3.06, 700]
['2019-03-29 13:10:00', 3.06, 3.06, 3.06, 3.07, 1101]
['2019-03-29 13:07:00', 3.0732, 3.0732, 3.0732, 3.0732, 1000]
['2019-03-29 13:06:00', 3.0704, 3.0704, 3.0704, 3.0704, 135]
['2019-03-29 13:01:00', 3.07, 3.08, 3.07, 3.08, 300]
['2019-03-29 12:58:00', 3.08, 3.065, 3.065, 3.08, 200]
['2019-03-29 12:57:00', 3.0635, 3.0635, 3.0635, 3.0635, 2999]
['2019-03-29 12:45:00', 3.05, 3.05, 3.05, 3.05, 202]
['2019-03-29 12:40:00', 3.04, 3.04, 3.04, 3.04, 200]
['2019-03-29 12:39:00', 3.07, 3.05, 3.05, 3.07, 1100]
['2019-03-29 12:35:00', 3.08, 3.07, 3.07, 3.08, 730]
['2019-03-29 12:32:00', 3.0704, 3.08, 3.0704, 3.08, 2350]
['2019-03-29 12:31:00', 3.0647, 3.0647, 3.0647, 3.0647, 350]
['2019-03-29 12:26:00', 3.0704, 3.07, 3.07, 3.08, 2700]
['2019-03-29 12:24:00', 3.07, 3.07, 3.07, 3.07, 100]
['2019-03-29 12:21:00', 3.08, 3.08, 3.08, 3.08, 100]
['2019-03-29 12:19:00', 3.07, 3.07, 3.07, 3.07, 500]
['2019-03-29 12:16:00', 3.08, 3.08, 3.08, 3.08, 100]
['2019-03-29 12:10:00', 3.07, 3.0756, 3.07, 3.0756, 3108]
['2019-03-29 12:09:00', 3.0682, 3.08, 3.0682, 3.08, 300]
['2019-03-29 12:08:00', 3.0765, 3.08, 3.06, 3.08, 5200]
['2019-03-29 12:05:00', 3.08, 3.08, 3.08, 3.08, 100]
['2019-03-29 12:02:00', 3.0602, 3.08, 3.0602, 3.08, 2320]
['2019-03-29 12:01:00', 3.04, 3.08, 3.04, 3.08, 3170]
['2019-03-29 11:56:00', 3.04, 3.03, 3.0261, 3.04, 2130]
['2019-03-29 11:53:00', 3.0249, 3.025, 3.0249, 3.025, 600]
['2019-03-29 11:49:00', 3.03, 3.03, 3.03, 3.03, 300]
['2019-03-29 11:47:00', 3.0211, 3.0211, 3.0211, 3.0211, 4000]
['2019-03-29 11:46:00', 3.0206, 3.0206, 3.0206, 3.0206, 1250]
['2019-03-29 11:45:00', 3.03, 3.01, 3.01, 3.03, 200]
['2019-03-29 11:43:00', 3.0238, 3.0238, 3.0238, 3.0238, 2000]
['2019-03-29 11:42:00', 3.03, 3.0101, 3.01, 3.0301, 4913]
['2019-03-29 11:41:00', 3.03, 3.04, 3.03, 3.04, 313]
['2019-03-29 11:40:00', 3.0563, 3.0526, 3.05, 3.0563, 5112]
['2019-03-29 11:37:00', 3.05, 3.05, 3.05, 3.05, 8230]
['2019-03-29 11:34:00', 3.05, 3.05, 3.05, 3.05, 400]
['2019-03-29 11:33:00', 3.05, 3.04, 3.04, 3.05, 843]
['2019-03-29 11:29:00', 3.04, 3.0499, 3.04, 3.0499, 1000]
['2019-03-29 11:27:00', 3.0405, 3.05, 3.0405, 3.05, 3120]
['2019-03-29 11:24:00', 3.05, 3.05, 3.05, 3.05, 100]
['2019-03-29 11:21:00', 3.05, 3.033, 3.033, 3.05, 1100]
['2019-03-29 11:18:00', 3.0449, 3.05, 3.0449, 3.05, 3560]
['2019-03-29 11:15:00', 3.05, 3.05, 3.05, 3.05, 200]
['2019-03-29 11:14:00', 3.04, 3.03, 3.03, 3.05, 1829]
['2019-03-29 11:13:00', 3.04, 3.04, 3.04, 3.04, 200]
['2019-03-29 11:12:00', 3.0371, 3.0371, 3.0371, 3.0371, 1175]
['2019-03-29 11:11:00', 3.04, 3.0381, 3.0381, 3.04, 1125]
['2019-03-29 11:09:00', 3.04, 3.04, 3.04, 3.04, 100]
['2019-03-29 11:05:00', 3.0322, 3.0322, 3.0322, 3.0322, 1021]
['2019-03-29 11:03:00', 3.04, 3.04, 3.04, 3.04, 100]
['2019-03-29 11:02:00', 3.03, 3.021, 3.021, 3.03, 700]
['2019-03-29 11:00:00', 3.0187, 3.0187, 3.0187, 3.0187, 3500]
['2019-03-29 10:59:00', 3.03, 3.03, 3.03, 3.03, 100]
['2019-03-29 10:54:00', 3.02, 3.02, 3.02, 3.02, 1800]
['2019-03-29 10:50:00', 3.03, 3.03, 3.03, 3.03, 700]
['2019-03-29 10:48:00', 3.0363, 3.0363, 3.0363, 3.0363, 2000]
['2019-03-29 10:47:00', 3.0, 3.03, 3.0, 3.03, 1100]
['2019-03-29 10:46:00', 3.0, 3.01, 3.0, 3.0199, 3149]
['2019-03-29 10:45:00', 3.02, 3.0, 3.0, 3.02, 2186]
['2019-03-29 10:44:00', 3.0276, 3.0276, 3.0276, 3.0276, 4850]
['2019-03-29 10:41:00', 3.05, 3.05, 3.05, 3.05, 262]
['2019-03-29 10:40:00', 3.02, 3.05, 3.02, 3.06, 9400]
['2019-03-29 10:39:00', 3.03, 3.02, 3.02, 3.05, 8242]
['2019-03-29 10:38:00', 3.01, 3.01, 3.01, 3.03, 2750]
['2019-03-29 10:37:00', 3.04, 3.03, 3.03, 3.05, 6700]
['2019-03-29 10:36:00', 3.1, 3.06, 3.06, 3.11, 3200]
['2019-03-29 10:35:00', 3.1, 3.11, 3.08, 3.11, 2500]
['2019-03-29 10:34:00', 3.1, 3.1, 3.04, 3.1, 6807]
['2019-03-29 10:33:00', 3.09, 3.1, 3.0826, 3.1, 8929]
['2019-03-29 10:32:00', 3.07, 3.08, 3.04, 3.08, 5655]
['2019-03-29 10:31:00', 3.1, 3.06, 3.06, 3.1, 1100]
['2019-03-29 10:30:00', 3.1, 3.09, 3.07, 3.1, 1600]
['2019-03-29 10:29:00', 3.07, 3.1, 3.06, 3.1, 10087]
['2019-03-29 10:28:00', 3.02, 3.07, 3.02, 3.07, 5511]
['2019-03-29 10:27:00', 3.01, 3.02, 3.01, 3.05, 10012]
['2019-03-29 10:26:00', 3.01, 3.0125, 3.0, 3.0125, 1411]
['2019-03-29 10:25:00', 3.03, 3.0201, 3.0201, 3.03, 3678]
['2019-03-29 10:23:00', 3.0346, 3.0292, 3.0292, 3.0346, 3688]
['2019-03-29 10:20:00', 3.03, 3.03, 3.03, 3.03, 100]
['2019-03-29 10:19:00', 3.0473, 3.0473, 3.0473, 3.0473, 744]
['2019-03-29 10:15:00', 3.0784, 3.0013, 3.0, 3.0784, 37526]
['2019-03-29 10:13:00', 3.06, 3.06, 3.06, 3.06, 700]
['2019-03-29 10:12:00', 3.0596, 3.0596, 3.0596, 3.0596, 3000]
['2019-03-29 10:10:00', 3.05, 3.07, 3.05, 3.07, 5783]
['2019-03-29 10:09:00', 3.1, 3.06, 3.06, 3.1, 1015]
['2019-03-29 10:08:00', 3.08, 3.1, 3.08, 3.1, 2300]
['2019-03-29 10:07:00', 3.07, 3.07, 3.07, 3.07, 100]
['2019-03-29 10:03:00', 3.08, 3.08, 3.08, 3.08, 490]
['2019-03-29 10:01:00', 3.065, 3.065, 3.065, 3.065, 5010]
['2019-03-29 09:59:00', 3.0605, 3.0605, 3.0605, 3.0605, 155]
['2019-03-29 09:58:00', 3.05, 3.05, 3.05, 3.05, 200]
['2019-03-29 09:56:00', 3.05, 3.0553, 3.04, 3.0553, 2700]
['2019-03-29 09:54:00', 3.0428, 3.04, 3.03, 3.045, 900]
['2019-03-29 09:51:00', 3.0466, 3.03, 3.03, 3.0466, 4359]
['2019-03-29 09:50:00', 3.0341, 3.0341, 3.0341, 3.0341, 3000]
['2019-03-29 09:45:00', 3.0301, 3.0301, 3.03, 3.0301, 1201]
['2019-03-29 09:44:00', 3.05, 3.0428, 3.03, 3.06, 11993]
['2019-03-29 09:38:00', 3.05, 3.0649, 3.05, 3.0649, 3200]
['2019-03-29 09:37:00', 3.05, 3.05, 3.05, 3.05, 822]
['2019-03-29 09:32:00', 3.07, 3.0748, 3.05, 3.0748, 3600]
['2019-03-29 09:31:00', 3.06, 3.06, 3.06, 3.06, 10352]
['2019-03-28 16:00:00', 3.11, 3.13, 3.11, 3.13, 3484]
['2019-03-28 15:59:00', 3.11, 3.11, 3.11, 3.12, 3707]
['2019-03-28 15:58:00', 3.11, 3.11, 3.11, 3.11, 1225]
['2019-03-28 15:57:00', 3.12, 3.12, 3.12, 3.12, 1060]
['2019-03-28 15:56:00', 3.11, 3.12, 3.1, 3.12, 952]
['2019-03-28 15:55:00', 3.11, 3.115, 3.1077, 3.12, 1585]
['2019-03-28 15:54:00', 3.1, 3.1, 3.1, 3.1, 2802]
['2019-03-28 15:53:00', 3.1, 3.1, 3.1, 3.1, 200]
['2019-03-28 15:52:00', 3.11, 3.1, 3.09, 3.11, 6460]
['2019-03-28 15:51:00', 3.11, 3.11, 3.1037, 3.11, 2900]
['2019-03-28 15:50:00', 3.12, 3.12, 3.12, 3.12, 500]
['2019-03-28 15:49:00', 3.12, 3.12, 3.12, 3.12, 500]
['2019-03-28 15:48:00', 3.12, 3.12, 3.1017, 3.12, 977]
['2019-03-28 15:47:00', 3.12, 3.12, 3.12, 3.12, 700]
['2019-03-28 15:46:00', 3.1, 3.12, 3.1, 3.12, 3199]
['2019-03-28 15:45:00', 3.1, 3.0938, 3.0938, 3.1, 1500]
['2019-03-28 15:44:00', 3.1, 3.0922, 3.0922, 3.1, 2100]
['2019-03-28 15:43:00', 3.09, 3.09, 3.09, 3.09, 3275]
['2019-03-28 15:42:00', 3.085, 3.09, 3.085, 3.09, 700]
['2019-03-28 15:39:00', 3.08, 3.08, 3.07, 3.0851, 4600]
['2019-03-28 15:38:00', 3.09, 3.09, 3.09, 3.095, 1900]
['2019-03-28 15:37:00', 3.08, 3.09, 3.08, 3.0901, 9385]
['2019-03-28 15:36:00', 3.08, 3.09, 3.08, 3.09, 700]
['2019-03-28 15:35:00', 3.08, 3.08, 3.08, 3.08, 150]
['2019-03-28 15:34:00', 3.08, 3.09, 3.08, 3.09, 4100]
['2019-03-28 15:33:00', 3.095, 3.09, 3.08, 3.095, 3126]
['2019-03-28 15:31:00', 3.0965, 3.09, 3.09, 3.1, 2431]
['2019-03-28 15:30:00', 3.0933, 3.1, 3.0933, 3.1, 545]
['2019-03-28 15:29:00', 3.1, 3.1, 3.1, 3.1, 600]
['2019-03-28 15:28:00', 3.1, 3.1, 3.1, 3.1, 500]
['2019-03-28 15:27:00', 3.1, 3.1, 3.1, 3.1, 300]
['2019-03-28 15:26:00', 3.1, 3.0954, 3.08, 3.1, 3173]
['2019-03-28 15:24:00', 3.09, 3.09, 3.09, 3.09, 1302]
['2019-03-28 15:22:00', 3.085, 3.09, 3.085, 3.09, 300]
['2019-03-28 15:21:00', 3.09, 3.0856, 3.0856, 3.09, 5135]
['2019-03-28 15:20:00', 3.09, 3.09, 3.09, 3.09, 1000]
['2019-03-28 15:18:00', 3.1, 3.09, 3.09, 3.1, 600]
['2019-03-28 15:17:00', 3.07, 3.0928, 3.07, 3.0928, 5700]
['2019-03-28 15:16:00', 3.07, 3.066, 3.066, 3.07, 585]
['2019-03-28 15:15:00', 3.0547, 3.07, 3.0547, 3.07, 10100]
['2019-03-28 15:14:00', 3.08, 3.05, 3.05, 3.08, 3300]
['2019-03-28 15:12:00', 3.1, 3.0601, 3.0601, 3.1, 5500]
['2019-03-28 15:11:00', 3.09, 3.1, 3.09, 3.1, 700]
['2019-03-28 15:10:00', 3.08, 3.09, 3.08, 3.09, 600]
['2019-03-28 15:09:00', 3.07, 3.08, 3.07, 3.08, 793]
['2019-03-28 15:08:00', 3.07, 3.07, 3.07, 3.07, 200]
['2019-03-28 15:06:00', 3.06, 3.06, 3.06, 3.06, 300]
['2019-03-28 15:03:00', 3.05, 3.05, 3.05, 3.05, 900]
['2019-03-28 15:02:00', 3.04, 3.045, 3.04, 3.045, 520]
['2019-03-28 15:01:00', 3.0452, 3.0452, 3.0452, 3.0452, 200]
['2019-03-28 15:00:00', 3.04, 3.04, 3.04, 3.04, 100]
['2019-03-28 14:59:00', 3.04, 3.04, 3.04, 3.04, 100]
['2019-03-28 14:57:00', 3.04, 3.0465, 3.04, 3.0465, 300]
['2019-03-28 14:56:00', 3.04, 3.0457, 3.04, 3.05, 700]
['2019-03-28 14:55:00', 3.04, 3.04, 3.04, 3.04, 902]
['2019-03-28 14:54:00', 3.05, 3.04, 3.04, 3.06, 12909]
['2019-03-28 14:53:00', 3.05, 3.05, 3.05, 3.07, 300]
['2019-03-28 14:52:00', 3.07, 3.07, 3.07, 3.07, 100]
['2019-03-28 14:51:00', 3.05, 3.07, 3.05, 3.07, 200]
['2019-03-28 14:49:00', 3.06, 3.05, 3.05, 3.06, 2100]
['2019-03-28 14:48:00', 3.07, 3.07, 3.07, 3.07, 100]
['2019-03-28 14:47:00', 3.06, 3.0501, 3.05, 3.06, 5000]
['2019-03-28 14:46:00', 3.0636, 3.0636, 3.0636, 3.0636, 200]
['2019-03-28 14:44:00', 3.07, 3.0648, 3.06, 3.08, 2099]
['2019-03-28 14:40:00', 3.06, 3.07, 3.0494, 3.07, 6413]
['2019-03-28 14:39:00', 3.06, 3.06, 3.06, 3.06, 100]
['2019-03-28 14:38:00', 3.06, 3.06, 3.06, 3.06, 200]
['2019-03-28 14:37:00', 3.04, 3.05, 3.04, 3.05, 400]
['2019-03-28 14:36:00', 3.05, 3.0598, 3.05, 3.0598, 4000]
['2019-03-28 14:35:00', 3.0599, 3.05, 3.05, 3.0599, 325]
['2019-03-28 14:34:00', 3.055, 3.055, 3.055, 3.055, 100]
['2019-03-28 14:33:00', 3.05, 3.05, 3.05, 3.05, 200]
['2019-03-28 14:31:00', 3.04, 3.06, 3.04, 3.06, 204]
['2019-03-28 14:26:00', 3.0599, 3.06, 3.04, 3.06, 4200]
['2019-03-28 14:24:00', 3.04, 3.06, 3.04, 3.06, 746]
['2019-03-28 14:23:00', 3.06, 3.04, 3.04, 3.07, 10301]
['2019-03-28 14:22:00', 3.06, 3.06, 3.06, 3.06, 100]
['2019-03-28 14:21:00', 3.0519, 3.05, 3.05, 3.06, 11690]
['2019-03-28 14:20:00', 3.0587, 3.0587, 3.0587, 3.0587, 500]
['2019-03-28 14:19:00', 3.05, 3.05, 3.05, 3.05, 100]
['2019-03-28 14:17:00', 3.05, 3.05, 3.05, 3.05, 100]
['2019-03-28 14:16:00', 3.05, 3.06, 3.05, 3.06, 240]
['2019-03-28 14:15:00', 3.05, 3.05, 3.05, 3.05, 500]
['2019-03-28 14:14:00', 3.05, 3.05, 3.05, 3.05, 100]
['2019-03-28 14:13:00', 3.05, 3.05, 3.05, 3.05, 700]
['2019-03-28 14:10:00', 3.05, 3.05, 3.05, 3.05, 720]
['2019-03-28 14:09:00', 3.05, 3.05, 3.05, 3.0599, 664]
['2019-03-28 14:08:00', 3.05, 3.05, 3.05, 3.05, 920]
['2019-03-28 14:07:00', 3.06, 3.05, 3.05, 3.06, 4092]
['2019-03-28 14:06:00', 3.06, 3.06, 3.06, 3.07, 4108]
['2019-03-28 14:04:00', 3.08, 3.08, 3.08, 3.08, 150]
['2019-03-28 14:03:00', 3.08, 3.0696, 3.0696, 3.08, 417]
['2019-03-28 14:00:00', 3.08, 3.08, 3.08, 3.08, 100]
['2019-03-28 13:55:00', 3.0785, 3.0785, 3.0785, 3.0785, 2060]
['2019-03-28 13:52:00', 3.08, 3.08, 3.08, 3.08, 100]
['2019-03-28 13:51:00', 3.06, 3.06, 3.06, 3.06, 183]
['2019-03-28 13:48:00', 3.08, 3.08, 3.08, 3.08, 100]
['2019-03-28 13:46:00', 3.08, 3.08, 3.08, 3.08, 100]
['2019-03-28 13:45:00', 3.0762, 3.08, 3.0762, 3.109, 7087]
['2019-03-28 13:43:00', 3.0758, 3.0758, 3.0758, 3.0758, 2060]
['2019-03-28 13:42:00', 3.06, 3.06, 3.06, 3.06, 100]
['2019-03-28 13:41:00', 3.0739, 3.08, 3.061, 3.08, 2960]
['2019-03-28 13:36:00', 3.08, 3.08, 3.08, 3.08, 101]
['2019-03-28 13:30:00', 3.0801, 3.0801, 3.08, 3.0801, 1740]
['2019-03-28 13:29:00', 3.0802, 3.0802, 3.0802, 3.0802, 350]
['2019-03-28 13:26:00', 3.08, 3.08, 3.08, 3.08, 100]
['2019-03-28 13:25:00', 3.1, 3.1, 3.1, 3.11, 405]
['2019-03-28 13:23:00', 3.1155, 3.1, 3.1, 3.1155, 1190]
['2019-03-28 13:21:00', 3.1199, 3.1173, 3.1, 3.1199, 2140]
['2019-03-28 13:20:00', 3.12, 3.12, 3.12, 3.12, 100]
['2019-03-28 13:17:00', 3.12, 3.1, 3.1, 3.12, 200]
['2019-03-28 13:15:00', 3.12, 3.12, 3.12, 3.12, 100]
['2019-03-28 13:12:00', 3.12, 3.12, 3.12, 3.12, 100]
['2019-03-28 13:06:00', 3.1173, 3.12, 3.1173, 3.12, 855]
['2019-03-28 13:04:00', 3.1198, 3.1198, 3.1198, 3.1198, 1990]
['2019-03-28 13:01:00', 3.11, 3.1045, 3.1045, 3.11, 680]
['2019-03-28 13:00:00', 3.105, 3.11, 3.105, 3.11, 2300]
['2019-03-28 12:58:00', 3.1, 3.0999, 3.095, 3.1, 2114]
['2019-03-28 12:55:00', 3.08, 3.09, 3.08, 3.09, 940]
['2019-03-28 12:54:00', 3.08, 3.0689, 3.0689, 3.08, 1100]
['2019-03-28 12:53:00', 3.07, 3.07, 3.07, 3.07, 100]
['2019-03-28 12:52:00', 3.07, 3.07, 3.07, 3.07, 100]
['2019-03-28 12:48:00', 3.08, 3.0799, 3.0799, 3.08, 1350]
['2019-03-28 12:45:00', 3.0632, 3.0632, 3.0632, 3.0632, 999]
['2019-03-28 12:41:00', 3.06, 3.06, 3.06, 3.07, 4101]
['2019-03-28 12:37:00', 3.05, 3.05, 3.05, 3.05, 1700]
['2019-03-28 12:36:00', 3.05, 3.05, 3.05, 3.06, 5104]
['2019-03-28 12:35:00', 3.05, 3.05, 3.05, 3.05, 1000]
['2019-03-28 12:33:00', 3.0667, 3.06, 3.06, 3.0667, 6242]
['2019-03-28 12:28:00', 3.06, 3.07, 3.06, 3.07, 7300]
['2019-03-28 12:26:00', 3.08, 3.08, 3.08, 3.08, 200]
['2019-03-28 12:24:00', 3.08, 3.08, 3.08, 3.08, 100]
['2019-03-28 12:21:00', 3.08, 3.06, 3.06, 3.08, 410]
['2019-03-28 12:16:00', 3.08, 3.0742, 3.0742, 3.08, 379]
['2019-03-28 12:15:00', 3.07, 3.07, 3.07, 3.07, 1100]
['2019-03-28 12:14:00', 3.06, 3.0787, 3.06, 3.0787, 4100]
['2019-03-28 12:12:00', 3.061, 3.0665, 3.06, 3.0753, 1800]
['2019-03-28 12:10:00', 3.0747, 3.0747, 3.0747, 3.0747, 500]
['2019-03-28 12:09:00', 3.08, 3.08, 3.08, 3.09, 400]
['2019-03-28 12:07:00', 3.087, 3.087, 3.087, 3.087, 3000]
['2019-03-28 12:06:00', 3.0931, 3.0931, 3.0931, 3.0931, 300]
['2019-03-28 12:05:00', 3.09, 3.09, 3.09, 3.09, 100]
['2019-03-28 12:03:00', 3.1, 3.08, 3.08, 3.1, 3000]
['2019-03-28 11:58:00', 3.1, 3.12, 3.1, 3.12, 405]
['2019-03-28 11:55:00', 3.1, 3.0999, 3.0999, 3.1, 1100]
['2019-03-28 11:49:00', 3.0699, 3.07, 3.0699, 3.07, 1400]
['2019-03-28 11:48:00', 3.0672, 3.0672, 3.0672, 3.0672, 1000]
['2019-03-28 11:47:00', 3.062, 3.061, 3.061, 3.062, 5000]
['2019-03-28 11:46:00', 3.0668, 3.0692, 3.06, 3.07, 1648]
['2019-03-28 11:44:00', 3.065, 3.065, 3.065, 3.065, 1080]
['2019-03-28 11:43:00', 3.07, 3.0603, 3.0603, 3.07, 5037]
['2019-03-28 11:42:00', 3.1, 3.07, 3.07, 3.1, 5100]
['2019-03-28 11:38:00', 3.1, 3.1, 3.09, 3.1, 678]
['2019-03-28 11:35:00', 3.1, 3.1, 3.1, 3.1, 375]
['2019-03-28 11:34:00', 3.1, 3.1, 3.1, 3.1, 100]
['2019-03-28 11:32:00', 3.09, 3.0815, 3.0815, 3.09, 1000]
['2019-03-28 11:31:00', 3.1, 3.1, 3.1, 3.1, 100]
['2019-03-28 11:30:00', 3.115, 3.1, 3.099, 3.12, 3100]
['2019-03-28 11:26:00', 3.1, 3.13, 3.1, 3.13, 200]
['2019-03-28 11:24:00', 3.13, 3.13, 3.13, 3.13, 100]
['2019-03-28 11:23:00', 3.13, 3.1183, 3.1183, 3.13, 600]
['2019-03-28 11:22:00', 3.13, 3.13, 3.13, 3.13, 800]
['2019-03-28 11:20:00', 3.13, 3.13, 3.13, 3.13, 100]
['2019-03-28 11:19:00', 3.1031, 3.1031, 3.1031, 3.1031, 1000]
['2019-03-28 11:18:00', 3.1158, 3.101, 3.101, 3.14, 11708]
['2019-03-28 11:17:00', 3.14, 3.14, 3.14, 3.14, 100]
['2019-03-28 11:16:00', 3.14, 3.14, 3.14, 3.14, 559]
['2019-03-28 11:15:00', 3.14, 3.14, 3.14, 3.14, 400]
['2019-03-28 11:14:00', 3.14, 3.14, 3.14, 3.14, 469]
['2019-03-28 11:13:00', 3.12, 3.13, 3.12, 3.13, 1100]
['2019-03-28 11:12:00', 3.1091, 3.12, 3.1091, 3.12, 200]
['2019-03-28 11:11:00', 3.12, 3.1, 3.1, 3.14, 8828]
['2019-03-28 11:10:00', 3.16, 3.12, 3.1, 3.16, 10581]
['2019-03-28 11:09:00', 3.13, 3.16, 3.125, 3.16, 7108]
['2019-03-28 11:08:00', 3.13, 3.13, 3.11, 3.15, 7730]
['2019-03-28 11:07:00', 3.18, 3.13, 3.13, 3.18, 14354]
['2019-03-28 11:06:00', 3.18, 3.18, 3.17, 3.18, 4538]
['2019-03-28 11:05:00', 3.17, 3.18, 3.14, 3.18, 5300]
['2019-03-28 11:04:00', 3.15, 3.18, 3.15, 3.18, 1700]
['2019-03-28 11:03:00', 3.12, 3.16, 3.12, 3.16, 4690]
['2019-03-28 11:02:00', 3.14, 3.14, 3.13, 3.14, 1950]
['2019-03-28 11:01:00', 3.12, 3.12, 3.12, 3.12, 300]
['2019-03-28 11:00:00', 3.08, 3.11, 3.08, 3.12, 14450]
['2019-03-28 10:59:00', 3.11, 3.08, 3.08, 3.12, 5615]
['2019-03-28 10:57:00', 3.1267, 3.1267, 3.1267, 3.1267, 411]
['2019-03-28 10:55:00', 3.13, 3.13, 3.13, 3.13, 600]
['2019-03-28 10:51:00', 3.12, 3.12, 3.12, 3.12, 369]
['2019-03-28 10:49:00', 3.13, 3.12, 3.12, 3.13, 400]
['2019-03-28 10:47:00', 3.131, 3.1478, 3.1301, 3.1478, 703]
['2019-03-28 10:46:00', 3.13, 3.13, 3.13, 3.13, 100]
['2019-03-28 10:45:00', 3.15, 3.1457, 3.14, 3.15, 1927]
['2019-03-28 10:44:00', 3.161, 3.15, 3.15, 3.161, 3014]
['2019-03-28 10:43:00', 3.18, 3.18, 3.1622, 3.18, 1300]
['2019-03-28 10:40:00', 3.1618, 3.1618, 3.1618, 3.1618, 200]
['2019-03-28 10:39:00', 3.16, 3.18, 3.16, 3.18, 200]
['2019-03-28 10:38:00', 3.1501, 3.18, 3.1501, 3.18, 3150]
['2019-03-28 10:36:00', 3.18, 3.18, 3.18, 3.18, 100]
['2019-03-28 10:35:00', 3.15, 3.173, 3.15, 3.173, 228]
['2019-03-28 10:33:00', 3.1658, 3.18, 3.1644, 3.18, 1133]
['2019-03-28 10:32:00', 3.18, 3.18, 3.18, 3.18, 400]
['2019-03-28 10:30:00', 3.18, 3.18, 3.18, 3.18, 100]
['2019-03-28 10:29:00', 3.16, 3.16, 3.16, 3.16, 100]
['2019-03-28 10:27:00', 3.18, 3.19, 3.17, 3.19, 460]
['2019-03-28 10:24:00', 3.19, 3.19, 3.19, 3.19, 200]
['2019-03-28 10:22:00', 3.18, 3.18, 3.18, 3.18, 526]
['2019-03-28 10:20:00', 3.2, 3.1999, 3.1999, 3.2, 365]
['2019-03-28 10:19:00', 3.2, 3.2, 3.2, 3.2, 200]
['2019-03-28 10:18:00', 3.19, 3.21, 3.19, 3.21, 500]
['2019-03-28 10:14:00', 3.19, 3.19, 3.19, 3.19, 100]
['2019-03-28 10:13:00', 3.2178, 3.2178, 3.2178, 3.2178, 2500]
['2019-03-28 10:12:00', 3.1971, 3.1971, 3.1971, 3.1971, 1000]
['2019-03-28 10:11:00', 3.1964, 3.2, 3.19, 3.2, 3800]
['2019-03-28 10:10:00', 3.22, 3.22, 3.22, 3.22, 100]
['2019-03-28 10:07:00', 3.2165, 3.2165, 3.2165, 3.2165, 826]
['2019-03-28 10:06:00', 3.2056, 3.2056, 3.2056, 3.2056, 500]
['2019-03-28 10:04:00', 3.206, 3.206, 3.206, 3.206, 300]
['2019-03-28 10:01:00', 3.2, 3.21, 3.2, 3.21, 2102]
['2019-03-28 10:00:00', 3.2, 3.1999, 3.1999, 3.2, 3800]
['2019-03-28 09:59:00', 3.199, 3.199, 3.199, 3.199, 100]
['2019-03-28 09:50:00', 3.18, 3.1966, 3.18, 3.1966, 5414]
['2019-03-28 09:49:00', 3.16, 3.16, 3.16, 3.16, 100]
['2019-03-28 09:46:00', 3.195, 3.155, 3.155, 3.195, 905]
['2019-03-28 09:45:00', 3.195, 3.18, 3.18, 3.195, 500]
['2019-03-28 09:44:00', 3.19, 3.19, 3.19, 3.19, 300]
['2019-03-28 09:43:00', 3.162, 3.19, 3.162, 3.19, 700]
['2019-03-28 09:42:00', 3.15, 3.162, 3.15, 3.162, 5100]
['2019-03-28 09:41:00', 3.1643, 3.1643, 3.1643, 3.1643, 142]
['2019-03-28 09:40:00', 3.17, 3.14, 3.14, 3.17, 7932]
['2019-03-28 09:39:00', 3.17, 3.17, 3.153, 3.17, 6008]
['2019-03-28 09:38:00', 3.17, 3.17, 3.17, 3.17, 7215]
['2019-03-28 09:37:00', 3.13, 3.18, 3.121, 3.2, 5500]
['2019-03-28 09:36:00', 3.128, 3.128, 3.128, 3.128, 485]
['2019-03-28 09:34:00', 3.201, 3.1843, 3.1843, 3.201, 6803]
['2019-03-28 09:33:00', 3.2001, 3.2001, 3.2001, 3.2001, 8000]
['2019-03-28 09:31:00', 3.22, 3.22, 3.22, 3.22, 12428]
['2019-03-27 16:00:00', 3.2, 3.25, 3.2, 3.25, 12819]
['2019-03-27 15:59:00', 3.22, 3.2, 3.2, 3.22, 1397]
['2019-03-27 15:58:00', 3.2032, 3.2032, 3.2032, 3.2032, 100]
['2019-03-27 15:57:00', 3.2, 3.22, 3.2, 3.22, 900]
['2019-03-27 15:56:00', 3.2, 3.21, 3.2, 3.22, 2000]
['2019-03-27 15:55:00', 3.2, 3.21, 3.2, 3.21, 874]
['2019-03-27 15:54:00', 3.2299, 3.22, 3.22, 3.2299, 3200]
['2019-03-27 15:53:00', 3.23, 3.23, 3.23, 3.23, 100]
['2019-03-27 15:52:00', 3.2027, 3.22, 3.2027, 3.22, 4834]
['2019-03-27 15:51:00', 3.21, 3.22, 3.21, 3.23, 1679]
['2019-03-27 15:50:00', 3.21, 3.22, 3.21, 3.22, 1400]
['2019-03-27 15:47:00', 3.23, 3.23, 3.23, 3.23, 100]
['2019-03-27 15:46:00', 3.22, 3.23, 3.22, 3.23, 557]
['2019-03-27 15:45:00', 3.22, 3.21, 3.2, 3.22, 600]
['2019-03-27 15:44:00', 3.22, 3.22, 3.22, 3.22, 141]
['2019-03-27 15:43:00', 3.23, 3.23, 3.23, 3.23, 100]
['2019-03-27 15:40:00', 3.2, 3.23, 3.2, 3.23, 700]
['2019-03-27 15:38:00', 3.2, 3.215, 3.2, 3.215, 300]
['2019-03-27 15:37:00', 3.23, 3.23, 3.23, 3.23, 600]
['2019-03-27 15:34:00', 3.22, 3.22, 3.22, 3.22, 100]
['2019-03-27 15:33:00', 3.25, 3.23, 3.23, 3.25, 877]
['2019-03-27 15:31:00', 3.23, 3.25, 3.22, 3.26, 7319]
['2019-03-27 15:27:00', 3.23, 3.23, 3.23, 3.23, 205]
['2019-03-27 15:26:00', 3.2139, 3.2139, 3.2139, 3.2139, 500]
['2019-03-27 15:25:00', 3.23, 3.2229, 3.2229, 3.23, 300]
['2019-03-27 15:24:00', 3.23, 3.23, 3.23, 3.23, 100]
['2019-03-27 15:22:00', 3.23, 3.23, 3.23, 3.23, 300]
['2019-03-27 15:20:00', 3.23, 3.23, 3.23, 3.23, 300]
['2019-03-27 15:19:00', 3.22, 3.23, 3.21, 3.23, 1200]
['2019-03-27 15:17:00', 3.19, 3.2, 3.19, 3.2, 1000]
['2019-03-27 15:15:00', 3.19, 3.19, 3.19, 3.19, 235]
['2019-03-27 15:14:00', 3.1897, 3.16, 3.16, 3.1897, 850]
['2019-03-27 15:13:00', 3.18, 3.18, 3.18, 3.18, 1500]
['2019-03-27 15:11:00', 3.21, 3.16, 3.16, 3.21, 1596]
['2019-03-27 15:10:00', 3.24, 3.21, 3.21, 3.24, 1133]
['2019-03-27 15:07:00', 3.24, 3.22, 3.22, 3.24, 300]
['2019-03-27 15:06:00', 3.22, 3.22, 3.22, 3.23, 620]
['2019-03-27 15:05:00', 3.23, 3.24, 3.23, 3.24, 300]
['2019-03-27 15:03:00', 3.23, 3.23, 3.23, 3.23, 300]
['2019-03-27 15:01:00', 3.23, 3.23, 3.23, 3.23, 200]
['2019-03-27 15:00:00', 3.23, 3.21, 3.21, 3.23, 1572]
['2019-03-27 14:59:00', 3.24, 3.2127, 3.21, 3.24, 6200]
['2019-03-27 14:58:00', 3.26, 3.2432, 3.2432, 3.26, 2942]
['2019-03-27 14:57:00', 3.28, 3.28, 3.27, 3.28, 1180]
['2019-03-27 14:55:00', 3.28, 3.28, 3.28, 3.28, 200]
['2019-03-27 14:53:00', 3.26, 3.28, 3.26, 3.28, 300]
['2019-03-27 14:51:00', 3.26, 3.2772, 3.26, 3.2772, 3352]
['2019-03-27 14:50:00', 3.26, 3.26, 3.26, 3.26, 438]
['2019-03-27 14:48:00', 3.26, 3.26, 3.26, 3.26, 200]
['2019-03-27 14:46:00', 3.2549, 3.2501, 3.25, 3.2719, 5400]
['2019-03-27 14:45:00', 3.27, 3.27, 3.27, 3.27, 100]
['2019-03-27 14:44:00', 3.25, 3.27, 3.25, 3.28, 5961]
['2019-03-27 14:43:00', 3.25, 3.24, 3.24, 3.25, 300]
['2019-03-27 14:42:00', 3.2403, 3.24, 3.23, 3.25, 2950]
['2019-03-27 14:41:00', 3.23, 3.24, 3.23, 3.24, 1500]
['2019-03-27 14:40:00', 3.23, 3.23, 3.23, 3.23, 200]
['2019-03-27 14:37:00', 3.23, 3.23, 3.23, 3.23, 304]
['2019-03-27 14:35:00', 3.2279, 3.2279, 3.2279, 3.2279, 358]
['2019-03-27 14:34:00', 3.23, 3.23, 3.23, 3.23, 100]
['2019-03-27 14:33:00', 3.2194, 3.23, 3.2194, 3.23, 300]
['2019-03-27 14:32:00', 3.21, 3.23, 3.21, 3.23, 700]
['2019-03-27 14:27:00', 3.21, 3.22, 3.21, 3.22, 1700]
['2019-03-27 14:26:00', 3.21, 3.21, 3.21, 3.21, 100]
['2019-03-27 14:24:00', 3.21, 3.21, 3.21, 3.21, 200]
['2019-03-27 14:23:00', 3.19, 3.19, 3.19, 3.19, 100]
['2019-03-27 14:22:00', 3.22, 3.1963, 3.1963, 3.22, 1100]
['2019-03-27 14:21:00', 3.24, 3.24, 3.24, 3.24, 100]
['2019-03-27 14:19:00', 3.2247, 3.24, 3.2206, 3.24, 4120]
['2019-03-27 14:18:00', 3.24, 3.24, 3.24, 3.24, 400]
['2019-03-27 14:17:00', 3.24, 3.24, 3.24, 3.24, 100]
['2019-03-27 14:14:00', 3.23, 3.24, 3.225, 3.24, 2900]
['2019-03-27 14:13:00', 3.23, 3.23, 3.23, 3.23, 300]
['2019-03-27 14:12:00', 3.23, 3.23, 3.23, 3.23, 900]
['2019-03-27 14:10:00', 3.2299, 3.2281, 3.2281, 3.2299, 1746]
['2019-03-27 14:09:00', 3.23, 3.23, 3.23, 3.23, 201]
['2019-03-27 14:08:00', 3.24, 3.23, 3.21, 3.24, 8308]
['2019-03-27 14:07:00', 3.24, 3.24, 3.24, 3.24, 100]
['2019-03-27 14:06:00', 3.24, 3.2399, 3.2399, 3.24, 5918]
['2019-03-27 14:05:00', 3.2, 3.24, 3.2, 3.24, 5863]
['2019-03-27 14:04:00', 3.18, 3.2, 3.18, 3.2, 2800]
['2019-03-27 14:02:00', 3.18, 3.18, 3.18, 3.18, 200]
['2019-03-27 14:00:00', 3.18, 3.18, 3.18, 3.18, 200]
['2019-03-27 13:59:00', 3.18, 3.18, 3.18, 3.18, 100]
['2019-03-27 13:58:00', 3.1711, 3.1697, 3.1697, 3.18, 3939]
['2019-03-27 13:56:00', 3.2, 3.2, 3.2, 3.2, 150]
['2019-03-27 13:55:00', 3.1798, 3.18, 3.1798, 3.18, 1800]
['2019-03-27 13:54:00', 3.15, 3.18, 3.15, 3.18, 1100]
['2019-03-27 13:53:00', 3.14, 3.15, 3.139, 3.15, 4730]
['2019-03-27 13:52:00', 3.12, 3.1365, 3.12, 3.1365, 957]
['2019-03-27 13:50:00', 3.15, 3.15, 3.15, 3.15, 106]
['2019-03-27 13:44:00', 3.15, 3.15, 3.15, 3.15, 500]
['2019-03-27 13:43:00', 3.13, 3.15, 3.12, 3.15, 5915]
['2019-03-27 13:39:00', 3.14, 3.15, 3.1302, 3.15, 2145]
['2019-03-27 13:38:00', 3.1244, 3.1244, 3.1244, 3.1244, 1000]
['2019-03-27 13:37:00', 3.1, 3.12, 3.09, 3.12, 5709]
['2019-03-27 13:36:00', 3.12, 3.08, 3.08, 3.12, 11259]
['2019-03-27 13:35:00', 3.12, 3.12, 3.12, 3.12, 100]
['2019-03-27 13:33:00', 3.12, 3.12, 3.12, 3.12, 1122]
['2019-03-27 13:32:00', 3.135, 3.12, 3.12, 3.135, 400]
['2019-03-27 13:27:00', 3.1497, 3.15, 3.1497, 3.15, 1100]
['2019-03-27 13:26:00', 3.135, 3.135, 3.135, 3.135, 400]
['2019-03-27 13:23:00', 3.15, 3.15, 3.15, 3.15, 100]
['2019-03-27 13:22:00', 3.14, 3.15, 3.12, 3.15, 2070]
['2019-03-27 13:19:00', 3.1699, 3.17, 3.1699, 3.17, 855]
['2019-03-27 13:17:00', 3.16, 3.17, 3.1401, 3.17, 3600]
['2019-03-27 13:15:00', 3.155, 3.17, 3.14, 3.17, 6200]
['2019-03-27 13:09:00', 3.1681, 3.17, 3.1681, 3.17, 200]
['2019-03-27 13:07:00', 3.1646, 3.1646, 3.1646, 3.1646, 300]
['2019-03-27 13:04:00', 3.12, 3.17, 3.12, 3.17, 1040]
['2019-03-27 13:03:00', 3.12, 3.12, 3.11, 3.12, 731]
['2019-03-27 13:02:00', 3.115, 3.12, 3.11, 3.12, 1529]
['2019-03-27 13:01:00', 3.13, 3.13, 3.12, 3.13, 2001]
['2019-03-27 12:59:00', 3.1525, 3.16, 3.1525, 3.16, 1815]
['2019-03-27 12:57:00', 3.16, 3.16, 3.16, 3.16, 100]
['2019-03-27 12:56:00', 3.16, 3.16, 3.16, 3.16, 100]
['2019-03-27 12:55:00', 3.16, 3.13, 3.13, 3.16, 800]
['2019-03-27 12:52:00', 3.1498, 3.1498, 3.1498, 3.1498, 400]
['2019-03-27 12:51:00', 3.16, 3.16, 3.16, 3.16, 100]
['2019-03-27 12:48:00', 3.16, 3.16, 3.16, 3.16, 100]
['2019-03-27 12:47:00', 3.16, 3.16, 3.16, 3.16, 140]
['2019-03-27 12:43:00', 3.1571, 3.15, 3.145, 3.16, 5800]
['2019-03-27 12:42:00', 3.13, 3.14, 3.13, 3.14, 500]
['2019-03-27 12:41:00', 3.1145, 3.13, 3.1145, 3.13, 1200]
['2019-03-27 12:40:00', 3.13, 3.13, 3.13, 3.13, 100]
['2019-03-27 12:39:00', 3.11, 3.11, 3.11, 3.11, 300]
['2019-03-27 12:37:00', 3.135, 3.11, 3.11, 3.135, 6350]
['2019-03-27 12:36:00', 3.15, 3.12, 3.12, 3.15, 200]
['2019-03-27 12:35:00', 3.13, 3.15, 3.13, 3.15, 300]
['2019-03-27 12:34:00', 3.1098, 3.13, 3.1085, 3.13, 6100]
['2019-03-27 12:33:00', 3.13, 3.1299, 3.1299, 3.13, 623]
['2019-03-27 12:31:00', 3.1078, 3.13, 3.1078, 3.13, 1500]
['2019-03-27 12:30:00', 3.1066, 3.11, 3.1066, 3.11, 3200]
['2019-03-27 12:28:00', 3.08, 3.09, 3.08, 3.09, 2024]
['2019-03-27 12:27:00', 3.08, 3.08, 3.08, 3.08, 100]
['2019-03-27 12:24:00', 3.08, 3.08, 3.08, 3.1, 1000]
['2019-03-27 12:23:00', 3.0954, 3.0954, 3.0954, 3.0954, 100]
['2019-03-27 12:21:00', 3.08, 3.08, 3.08, 3.08, 780]
['2019-03-27 12:19:00', 3.09, 3.09, 3.09, 3.09, 100]
['2019-03-27 12:15:00', 3.073, 3.09, 3.07, 3.09, 4200]
['2019-03-27 12:12:00', 3.07, 3.07, 3.07, 3.07, 100]
['2019-03-27 12:07:00', 3.07, 3.07, 3.07, 3.07, 720]
['2019-03-27 12:06:00', 3.06, 3.06, 3.06, 3.06, 300]
['2019-03-27 12:05:00', 3.0659, 3.0659, 3.0659, 3.0659, 735]
['2019-03-27 12:00:00', 3.0631, 3.07, 3.0631, 3.07, 200]
['2019-03-27 11:59:00', 3.06, 3.06, 3.06, 3.06, 500]
['2019-03-27 11:57:00', 3.0699, 3.0699, 3.0699, 3.0699, 550]
['2019-03-27 11:55:00', 3.07, 3.0617, 3.0617, 3.07, 700]
['2019-03-27 11:54:00', 3.05, 3.0609, 3.05, 3.0609, 400]
['2019-03-27 11:53:00', 3.06, 3.06, 3.06, 3.06, 200]
['2019-03-27 11:52:00', 3.06, 3.06, 3.06, 3.06, 500]
['2019-03-27 11:51:00', 3.0725, 3.0725, 3.0725, 3.0725, 100]
['2019-03-27 11:50:00', 3.08, 3.0701, 3.07, 3.0863, 5872]
['2019-03-27 11:46:00', 3.0892, 3.08, 3.08, 3.0892, 800]
['2019-03-27 11:45:00', 3.09, 3.09, 3.09, 3.09, 400]
['2019-03-27 11:44:00', 3.08, 3.08, 3.08, 3.08, 785]
['2019-03-27 11:42:00', 3.0894, 3.0894, 3.0894, 3.0894, 100]
['2019-03-27 11:40:00', 3.09, 3.09, 3.09, 3.09, 200]
['2019-03-27 11:39:00', 3.09, 3.09, 3.09, 3.09, 200]
['2019-03-27 11:38:00', 3.085, 3.085, 3.085, 3.085, 125]
['2019-03-27 11:37:00', 3.0899, 3.0899, 3.0899, 3.0899, 1000]
['2019-03-27 11:36:00', 3.07, 3.0701, 3.07, 3.0701, 1000]
['2019-03-27 11:34:00', 3.07, 3.08, 3.07, 3.08, 2000]
['2019-03-27 11:33:00', 3.0701, 3.0701, 3.0701, 3.0746, 1700]
['2019-03-27 11:32:00', 3.0727, 3.0727, 3.0727, 3.0727, 500]
['2019-03-27 11:31:00', 3.0802, 3.08, 3.08, 3.0802, 1300]
['2019-03-27 11:29:00', 3.08, 3.08, 3.08, 3.08, 200]
['2019-03-27 11:26:00', 3.07, 3.09, 3.065, 3.09, 1751]
['2019-03-27 11:24:00', 3.0684, 3.0699, 3.06, 3.0699, 3100]
['2019-03-27 11:22:00', 3.0843, 3.08, 3.08, 3.0843, 4166]
['2019-03-27 11:21:00', 3.0801, 3.094, 3.0801, 3.094, 6060]
['2019-03-27 11:19:00', 3.1, 3.08, 3.08, 3.1, 3514]
['2019-03-27 11:18:00', 3.09, 3.1, 3.09, 3.1, 958]
['2019-03-27 11:17:00', 3.085, 3.085, 3.085, 3.085, 5000]
['2019-03-27 11:16:00', 3.09, 3.08, 3.08, 3.09, 6030]
['2019-03-27 11:15:00', 3.09, 3.08, 3.08, 3.12, 6561]
['2019-03-27 11:11:00', 3.1, 3.1275, 3.1, 3.1275, 12440]
['2019-03-27 11:08:00', 3.09, 3.09, 3.09, 3.09, 300]
['2019-03-27 11:07:00', 3.09, 3.09, 3.09, 3.09, 200]
['2019-03-27 11:06:00', 3.0944, 3.1, 3.09, 3.1, 3360]
['2019-03-27 11:05:00', 3.1033, 3.105, 3.1033, 3.105, 5300]
['2019-03-27 11:02:00', 3.1, 3.0922, 3.0901, 3.1, 908]
['2019-03-27 10:58:00', 3.096, 3.096, 3.096, 3.096, 409]
['2019-03-27 10:57:00', 3.1, 3.1, 3.1, 3.1, 600]
['2019-03-27 10:56:00', 3.1, 3.1099, 3.1, 3.1099, 2535]
['2019-03-27 10:55:00', 3.1, 3.1, 3.1, 3.1, 100]
['2019-03-27 10:54:00', 3.09, 3.09, 3.09, 3.09, 100]
['2019-03-27 10:53:00', 3.0945, 3.0945, 3.0945, 3.0945, 1000]
['2019-03-27 10:52:00', 3.09, 3.0901, 3.09, 3.0901, 1200]
['2019-03-27 10:51:00', 3.095, 3.09, 3.08, 3.095, 11211]
['2019-03-27 10:49:00', 3.07, 3.0899, 3.07, 3.0899, 1604]
['2019-03-27 10:48:00', 3.05, 3.0899, 3.05, 3.0899, 8840]
['2019-03-27 10:47:00', 3.05, 3.05, 3.05, 3.05, 1392]
['2019-03-27 10:46:00', 3.0501, 3.0699, 3.0501, 3.0699, 675]
['2019-03-27 10:45:00', 3.0771, 3.05, 3.05, 3.0771, 9892]
['2019-03-27 10:44:00', 3.1041, 3.09, 3.07, 3.1041, 8684]
['2019-03-27 10:43:00', 3.1093, 3.1093, 3.1093, 3.1093, 1304]
['2019-03-27 10:42:00', 3.115, 3.115, 3.115, 3.115, 500]
['2019-03-27 10:39:00', 3.13, 3.13, 3.13, 3.13, 200]
['2019-03-27 10:38:00', 3.1233, 3.1233, 3.1233, 3.1233, 300]
['2019-03-27 10:37:00', 3.11, 3.11, 3.11, 3.11, 759]
['2019-03-27 10:36:00', 3.11, 3.11, 3.11, 3.11, 300]
['2019-03-27 10:35:00', 3.13, 3.13, 3.13, 3.13, 1805]
['2019-03-27 10:34:00', 3.1384, 3.1384, 3.1384, 3.1384, 200]
['2019-03-27 10:33:00', 3.13, 3.13, 3.13, 3.13, 500]
['2019-03-27 10:23:00', 3.13, 3.13, 3.13, 3.13, 1202]
['2019-03-27 10:21:00', 3.16, 3.16, 3.16, 3.2, 5765]
['2019-03-27 10:20:00', 3.22, 3.22, 3.22, 3.22, 105]
['2019-03-27 10:12:00', 3.2029, 3.2029, 3.2029, 3.2029, 895]
['2019-03-27 10:11:00', 3.1999, 3.1999, 3.1999, 3.1999, 1090]
['2019-03-27 10:10:00', 3.1863, 3.16, 3.16, 3.1863, 2300]
['2019-03-27 10:09:00', 3.1664, 3.161, 3.16, 3.17, 8000]
['2019-03-27 10:08:00', 3.1892, 3.1892, 3.1892, 3.1892, 189]
['2019-03-27 10:07:00', 3.19, 3.18, 3.18, 3.19, 700]
['2019-03-27 10:03:00', 3.19, 3.19, 3.19, 3.19, 240]
['2019-03-27 10:01:00', 3.15, 3.16, 3.15, 3.17, 5535]
['2019-03-27 10:00:00', 3.15, 3.15, 3.13, 3.16, 9412]
['2019-03-27 09:59:00', 3.17, 3.17, 3.17, 3.17, 230]
['2019-03-27 09:58:00', 3.19, 3.15, 3.12, 3.193, 11524]
['2019-03-27 09:57:00', 3.19, 3.21, 3.19, 3.22, 10040]
['2019-03-27 09:56:00', 3.12, 3.166, 3.11, 3.18, 20228]
['2019-03-27 09:55:00', 3.12, 3.12, 3.12, 3.1226, 5274]
['2019-03-27 09:53:00', 3.1841, 3.1841, 3.1841, 3.1841, 362]
['2019-03-27 09:52:00', 3.18, 3.18, 3.18, 3.18, 100]
['2019-03-27 09:50:00', 3.1762, 3.2, 3.12, 3.2, 6212]
['2019-03-27 09:49:00', 3.16, 3.185, 3.16, 3.19, 5600]
['2019-03-27 09:48:00', 3.23, 3.18, 3.18, 3.23, 18272]
['2019-03-27 09:47:00', 3.2535, 3.25, 3.23, 3.2535, 3793]
['2019-03-27 09:46:00', 3.28, 3.25, 3.25, 3.28, 4871]
['2019-03-27 09:45:00', 3.29, 3.28, 3.28, 3.29, 3923]
['2019-03-27 09:43:00', 3.3095, 3.2915, 3.2915, 3.3095, 2998]
['2019-03-27 09:42:00', 3.3, 3.3, 3.3, 3.3, 300]
['2019-03-27 09:41:00', 3.3165, 3.3, 3.3, 3.3165, 630]
['2019-03-27 09:40:00', 3.305, 3.305, 3.305, 3.305, 110]
['2019-03-27 09:39:00', 3.2749, 3.2749, 3.2749, 3.2749, 2510]
['2019-03-27 09:36:00', 3.2701, 3.2701, 3.2701, 3.2701, 1005]
['2019-03-27 09:35:00', 3.32, 3.28, 3.28, 3.34, 2550]
['2019-03-27 09:34:00', 3.358, 3.358, 3.358, 3.358, 312]
['2019-03-27 09:32:00', 3.335, 3.335, 3.335, 3.335, 466]
['2019-03-27 09:31:00', 3.36, 3.34, 3.34, 3.36, 0]
['2019-03-26 16:00:00', 3.3497, 3.3497, 3.3497, 3.3497, 2452]
['2019-03-26 15:59:00', 3.34, 3.34, 3.34, 3.34, 1919]
['2019-03-26 15:58:00', 3.34, 3.34, 3.34, 3.34, 980]
['2019-03-26 15:57:00', 3.35, 3.35, 3.35, 3.35, 1351]
['2019-03-26 15:56:00', 3.36, 3.36, 3.36, 3.36, 2837]
['2019-03-26 15:55:00', 3.3, 3.3, 3.3, 3.3, 1235]
['2019-03-26 15:53:00', 3.31, 3.31, 3.31, 3.31, 700]
['2019-03-26 15:52:00', 3.29, 3.29, 3.29, 3.29, 984]
['2019-03-26 15:51:00', 3.2975, 3.2975, 3.2975, 3.2975, 1282]
['2019-03-26 15:49:00', 3.31, 3.2933, 3.2933, 3.31, 6364]
['2019-03-26 15:45:00', 3.2903, 3.2953, 3.2903, 3.2953, 3120]
['2019-03-26 15:42:00', 3.33, 3.33, 3.33, 3.33, 492]
['2019-03-26 15:41:00', 3.31, 3.3366, 3.31, 3.37, 22945]
['2019-03-26 15:40:00', 3.28, 3.29, 3.2799, 3.29, 11348]
['2019-03-26 15:38:00', 3.26, 3.28, 3.26, 3.28, 4577]
['2019-03-26 15:37:00', 3.22, 3.24, 3.22, 3.24, 1814]
['2019-03-26 15:35:00', 3.23, 3.23, 3.23, 3.23, 1180]
['2019-03-26 15:34:00', 3.2335, 3.2335, 3.2335, 3.2335, 1200]
['2019-03-26 15:31:00', 3.215, 3.215, 3.215, 3.215, 1000]
['2019-03-26 15:27:00', 3.2199, 3.22, 3.2199, 3.22, 555]
['2019-03-26 15:24:00', 3.2168, 3.2168, 3.2168, 3.2168, 1040]
['2019-03-26 15:22:00', 3.2199, 3.22, 3.2199, 3.22, 6075]
['2019-03-26 15:21:00', 3.22, 3.22, 3.22, 3.22, 2154]
['2019-03-26 15:20:00', 3.22, 3.22, 3.22, 3.22, 300]
['2019-03-26 15:16:00', 3.22, 3.22, 3.22, 3.22, 300]
['2019-03-26 15:14:00', 3.2239, 3.2239, 3.2239, 3.2239, 1030]
['2019-03-26 15:09:00', 3.225, 3.23, 3.225, 3.23, 1742]
['2019-03-26 15:07:00', 3.23, 3.22, 3.22, 3.23, 2782]
['2019-03-26 15:04:00', 3.21, 3.22, 3.21, 3.22, 1000]
['2019-03-26 15:00:00', 3.2, 3.2, 3.2, 3.2, 400]
['2019-03-26 14:59:00', 3.2099, 3.2099, 3.2099, 3.2099, 500]
['2019-03-26 14:54:00', 3.19, 3.19, 3.19, 3.19, 1142]
['2019-03-26 14:53:00', 3.21, 3.21, 3.21, 3.21, 2464]
['2019-03-26 14:51:00', 3.21, 3.21, 3.21, 3.21, 1100]
['2019-03-26 14:49:00', 3.2173, 3.21, 3.21, 3.2173, 2524]
['2019-03-26 14:48:00', 3.19, 3.19, 3.19, 3.19, 300]
['2019-03-26 14:46:00', 3.2, 3.2, 3.2, 3.2, 3300]
['2019-03-26 14:44:00', 3.1999, 3.1999, 3.1999, 3.1999, 1501]
['2019-03-26 14:43:00', 3.19, 3.19, 3.19, 3.19, 600]
['2019-03-26 14:38:00', 3.1879, 3.1879, 3.1879, 3.1879, 251]
['2019-03-26 14:37:00', 3.19, 3.19, 3.19, 3.19, 450]
['2019-03-26 14:36:00', 3.1862, 3.1862, 3.1862, 3.1862, 1422]
['2019-03-26 14:32:00', 3.1674, 3.1674, 3.1674, 3.1674, 1030]
['2019-03-26 14:31:00', 3.15, 3.16, 3.15, 3.19, 19250]
['2019-03-26 14:30:00', 3.1403, 3.1403, 3.1403, 3.1403, 1210]
['2019-03-26 14:26:00', 3.117, 3.14, 3.117, 3.14, 6140]
['2019-03-26 14:25:00', 3.11, 3.11, 3.11, 3.11, 3500]
['2019-03-26 14:24:00', 3.1108, 3.11, 3.1, 3.1108, 10407]
['2019-03-26 14:23:00', 3.13, 3.13, 3.13, 3.13, 2400]
['2019-03-26 14:22:00', 3.1525, 3.1525, 3.1525, 3.1525, 1000]
['2019-03-26 14:21:00', 3.1599, 3.1599, 3.1599, 3.1599, 7126]
['2019-03-26 14:20:00', 3.16, 3.16, 3.16, 3.16, 4273]
['2019-03-26 14:19:00', 3.17, 3.17, 3.17, 3.17, 2698]
['2019-03-26 14:18:00', 3.19, 3.19, 3.19, 3.19, 1805]
['2019-03-26 14:16:00', 3.18, 3.18, 3.18, 3.18, 2309]
['2019-03-26 14:15:00', 3.2, 3.2, 3.2, 3.2, 1674]
['2019-03-26 14:14:00', 3.2, 3.2, 3.2, 3.2, 7190]
['2019-03-26 14:09:00', 3.2, 3.2, 3.2, 3.2, 220]
['2019-03-26 14:08:00', 3.2, 3.2, 3.2, 3.2, 200]
['2019-03-26 14:07:00', 3.2, 3.2, 3.2, 3.2, 200]
['2019-03-26 14:00:00', 3.21, 3.22, 3.21, 3.22, 2899]
['2019-03-26 13:58:00', 3.21, 3.21, 3.21, 3.21, 300]
['2019-03-26 13:56:00', 3.23, 3.23, 3.23, 3.23, 8075]
['2019-03-26 13:53:00', 3.22, 3.22, 3.22, 3.22, 2000]
['2019-03-26 13:50:00', 3.25, 3.25, 3.25, 3.25, 100]
['2019-03-26 13:47:00', 3.2499, 3.2499, 3.2499, 3.2499, 5100]
['2019-03-26 13:46:00', 3.2499, 3.2499, 3.2499, 3.2499, 4900]
['2019-03-26 13:45:00', 3.22, 3.22, 3.22, 3.22, 700]
['2019-03-26 13:43:00', 3.22, 3.22, 3.22, 3.22, 201]
['2019-03-26 13:42:00', 3.2399, 3.23, 3.23, 3.2399, 3650]
['2019-03-26 13:41:00', 3.24, 3.23, 3.23, 3.24, 1250]
['2019-03-26 13:40:00', 3.2489, 3.2489, 3.2489, 3.2489, 1650]
['2019-03-26 13:38:00', 3.23, 3.23, 3.23, 3.23, 300]
['2019-03-26 13:37:00', 3.26, 3.26, 3.26, 3.26, 2250]
['2019-03-26 13:36:00', 3.239, 3.239, 3.239, 3.239, 1000]
['2019-03-26 13:33:00', 3.231, 3.231, 3.231, 3.231, 9999]
['2019-03-26 13:25:00', 3.25, 3.245, 3.245, 3.25, 1724]
['2019-03-26 13:23:00', 3.2256, 3.2256, 3.2256, 3.2256, 4040]
['2019-03-26 13:19:00', 3.2139, 3.2139, 3.2139, 3.2139, 100]
['2019-03-26 13:15:00', 3.2299, 3.21, 3.21, 3.2299, 1954]
['2019-03-26 13:12:00', 3.2099, 3.2099, 3.2099, 3.2099, 2200]
['2019-03-26 13:11:00', 3.1889, 3.1889, 3.1889, 3.1889, 800]
['2019-03-26 13:10:00', 3.165, 3.1668, 3.165, 3.1668, 2500]
['2019-03-26 13:09:00', 3.17, 3.17, 3.17, 3.17, 858]
['2019-03-26 13:07:00', 3.1893, 3.1893, 3.1893, 3.1893, 6819]
['2019-03-26 13:06:00', 3.1849, 3.1849, 3.1849, 3.1849, 935]
['2019-03-26 13:03:00', 3.17, 3.18, 3.17, 3.18, 1571]
['2019-03-26 13:02:00', 3.14, 3.14, 3.14, 3.14, 1946]
['2019-03-26 13:01:00', 3.155, 3.155, 3.155, 3.155, 5400]
['2019-03-26 13:00:00', 3.1399, 3.1399, 3.1399, 3.1399, 1400]
['2019-03-26 12:59:00', 3.13, 3.13, 3.13, 3.13, 1700]
['2019-03-26 12:58:00', 3.13, 3.13, 3.13, 3.13, 2170]
['2019-03-26 12:57:00', 3.14, 3.14, 3.14, 3.14, 5409]
['2019-03-26 12:52:00', 3.14, 3.14, 3.14, 3.14, 2556]
['2019-03-26 12:51:00', 3.1571, 3.1571, 3.1571, 3.1571, 1861]
['2019-03-26 12:50:00', 3.16, 3.15, 3.15, 3.16, 7249]
['2019-03-26 12:49:00', 3.158, 3.158, 3.158, 3.158, 910]
['2019-03-26 12:48:00', 3.1499, 3.1499, 3.1499, 3.1499, 1373]
['2019-03-26 12:47:00', 3.15, 3.15, 3.15, 3.15, 11682]
['2019-03-26 12:45:00', 3.16, 3.16, 3.16, 3.16, 1295]
['2019-03-26 12:43:00', 3.21, 3.19, 3.19, 3.21, 6465]
['2019-03-26 12:41:00', 3.2, 3.2, 3.2, 3.2, 3025]
['2019-03-26 12:40:00', 3.206, 3.206, 3.206, 3.206, 550]
['2019-03-26 12:38:00', 3.2, 3.2, 3.2, 3.2, 2950]
['2019-03-26 12:37:00', 3.2041, 3.2041, 3.2041, 3.2041, 2820]
['2019-03-26 12:35:00', 3.2269, 3.2, 3.2, 3.2269, 6180]
['2019-03-26 12:32:00', 3.23, 3.23, 3.23, 3.23, 887]
['2019-03-26 12:30:00', 3.2272, 3.2272, 3.2272, 3.2272, 8098]
['2019-03-26 12:29:00', 3.2351, 3.23, 3.23, 3.2351, 13300]
['2019-03-26 12:25:00', 3.25, 3.25, 3.25, 3.25, 100]
['2019-03-26 12:22:00', 3.2534, 3.2534, 3.2534, 3.2534, 1350]
['2019-03-26 12:19:00', 3.26, 3.26, 3.26, 3.26, 1900]
['2019-03-26 12:17:00', 3.2403, 3.2405, 3.23, 3.2405, 13040]
['2019-03-26 12:15:00', 3.2456, 3.2456, 3.2456, 3.2456, 1159]
['2019-03-26 12:14:00', 3.25, 3.24, 3.24, 3.25, 11087]
['2019-03-26 12:10:00', 3.26, 3.26, 3.26, 3.26, 341]
['2019-03-26 12:08:00', 3.2697, 3.2697, 3.2697, 3.2697, 3652]
['2019-03-26 12:06:00', 3.265, 3.265, 3.265, 3.265, 2100]
['2019-03-26 12:05:00', 3.25, 3.25, 3.25, 3.25, 1300]
['2019-03-26 12:02:00', 3.2635, 3.2635, 3.2635, 3.2635, 1700]
['2019-03-26 12:01:00', 3.2699, 3.2699, 3.2699, 3.2699, 800]
['2019-03-26 11:59:00', 3.2701, 3.2701, 3.2701, 3.2701, 1047]
['2019-03-26 11:58:00', 3.25, 3.25, 3.25, 3.25, 7872]
['2019-03-26 11:56:00', 3.2815, 3.2815, 3.2815, 3.2815, 3000]
['2019-03-26 11:55:00', 3.29, 3.29, 3.29, 3.29, 1462]
['2019-03-26 11:53:00', 3.2899, 3.2899, 3.2899, 3.2899, 1670]
['2019-03-26 11:51:00', 3.29, 3.29, 3.29, 3.29, 202]
['2019-03-26 11:50:00', 3.2741, 3.2741, 3.2741, 3.2741, 4124]
['2019-03-26 11:49:00', 3.32, 3.28, 3.28, 3.3233, 23602]
['2019-03-26 11:48:00', 3.29, 3.31, 3.29, 3.31, 7240]
['2019-03-26 11:47:00', 3.28, 3.28, 3.28, 3.28, 2200]
['2019-03-26 11:46:00', 3.26, 3.27, 3.26, 3.27, 17400]
['2019-03-26 11:45:00', 3.28, 3.28, 3.28, 3.28, 500]
['2019-03-26 11:44:00', 3.3, 3.3, 3.3, 3.3, 3250]
['2019-03-26 11:43:00', 3.3, 3.3, 3.3, 3.3, 7520]
['2019-03-26 11:41:00', 3.32, 3.32, 3.32, 3.32, 3300]
['2019-03-26 11:37:00', 3.31, 3.31, 3.31, 3.31, 703]
['2019-03-26 11:36:00', 3.32, 3.32, 3.32, 3.32, 3300]
['2019-03-26 11:33:00', 3.3, 3.3, 3.3, 3.3, 381]
['2019-03-26 11:31:00', 3.32, 3.32, 3.32, 3.32, 1269]
['2019-03-26 11:30:00', 3.3133, 3.3133, 3.3133, 3.3133, 2049]
['2019-03-26 11:28:00', 3.3299, 3.3299, 3.3299, 3.3299, 1895]
['2019-03-26 11:27:00', 3.31, 3.31, 3.31, 3.31, 500]
['2019-03-26 11:25:00', 3.32, 3.31, 3.31, 3.32, 15480]
['2019-03-26 11:23:00', 3.33, 3.33, 3.33, 3.33, 1115]
['2019-03-26 11:22:00', 3.3467, 3.3467, 3.3467, 3.3467, 300]
['2019-03-26 11:21:00', 3.31, 3.31, 3.31, 3.31, 5200]
['2019-03-26 11:17:00', 3.325, 3.31, 3.31, 3.325, 2388]
['2019-03-26 11:16:00', 3.3213, 3.3213, 3.3213, 3.3213, 2500]
['2019-03-26 11:14:00', 3.33, 3.33, 3.33, 3.33, 1800]
['2019-03-26 11:13:00', 3.3199, 3.3366, 3.3199, 3.3366, 5531]
['2019-03-26 11:11:00', 3.27, 3.27, 3.27, 3.31, 5268]
['2019-03-26 11:10:00', 3.2968, 3.2968, 3.2968, 3.2968, 9700]
['2019-03-26 11:08:00', 3.2767, 3.28, 3.2767, 3.28, 8743]
['2019-03-26 11:07:00', 3.2503, 3.2503, 3.2503, 3.2503, 600]
['2019-03-26 11:05:00', 3.2501, 3.2501, 3.2501, 3.2501, 4300]
['2019-03-26 11:04:00', 3.24, 3.24, 3.24, 3.24, 11425]
['2019-03-26 11:03:00', 3.23, 3.2, 3.2, 3.25, 14269]
['2019-03-26 11:02:00', 3.3251, 3.28, 3.28, 3.3251, 14412]
['2019-03-26 10:59:00', 3.34, 3.34, 3.34, 3.34, 932]
['2019-03-26 10:58:00', 3.3757, 3.3757, 3.3757, 3.3757, 2250]
['2019-03-26 10:55:00', 3.37, 3.36, 3.36, 3.37, 1934]
['2019-03-26 10:53:00', 3.475, 3.34, 3.34, 3.475, 31372]
['2019-03-26 10:52:00', 3.4571, 3.4571, 3.4571, 3.4571, 3700]
['2019-03-26 10:49:00', 3.42, 3.4523, 3.42, 3.4523, 2929]
['2019-03-26 10:47:00', 3.425, 3.425, 3.425, 3.425, 1200]
['2019-03-26 10:46:00', 3.42, 3.42, 3.42, 3.42, 430]
['2019-03-26 10:44:00', 3.4299, 3.4299, 3.4299, 3.4299, 1680]
['2019-03-26 10:42:00', 3.4299, 3.4299, 3.4299, 3.4299, 2187]
['2019-03-26 10:41:00', 3.46, 3.42, 3.42, 3.46, 23101]
['2019-03-26 10:39:00', 3.47, 3.47, 3.47, 3.47, 2500]
['2019-03-26 10:38:00', 3.478, 3.478, 3.478, 3.478, 11050]
['2019-03-26 10:35:00', 3.47, 3.48, 3.46, 3.48, 9741]
['2019-03-26 10:34:00', 3.49, 3.49, 3.49, 3.49, 4729]
['2019-03-26 10:33:00', 3.5, 3.5, 3.5, 3.5, 2995]
['2019-03-26 10:32:00', 3.5101, 3.5101, 3.5101, 3.5101, 2881]
['2019-03-26 10:31:00', 3.53, 3.53, 3.53, 3.53, 100]
['2019-03-26 10:30:00', 3.5301, 3.5301, 3.5301, 3.5301, 2052]
['2019-03-26 10:25:00', 3.5327, 3.5327, 3.5327, 3.5327, 1585]
['2019-03-26 10:24:00', 3.55, 3.55, 3.55, 3.55, 1800]
['2019-03-26 10:23:00', 3.5483, 3.55, 3.5483, 3.55, 5245]
['2019-03-26 10:21:00', 3.535, 3.5499, 3.535, 3.5499, 2990]
['2019-03-26 10:20:00', 3.5399, 3.5399, 3.5399, 3.5399, 4500]
['2019-03-26 10:19:00', 3.535, 3.535, 3.535, 3.535, 3550]
['2019-03-26 10:17:00', 3.53, 3.53, 3.53, 3.53, 836]
['2019-03-26 10:16:00', 3.54, 3.54, 3.54, 3.54, 1330]
['2019-03-26 10:15:00', 3.5301, 3.5301, 3.5301, 3.5301, 2495]
['2019-03-26 10:14:00', 3.55, 3.55, 3.55, 3.55, 3125]
['2019-03-26 10:13:00', 3.53, 3.53, 3.53, 3.53, 7300]
['2019-03-26 10:12:00', 3.555, 3.54, 3.54, 3.555, 2822]
['2019-03-26 10:11:00', 3.555, 3.555, 3.555, 3.555, 4250]
['2019-03-26 10:08:00', 3.5201, 3.555, 3.5201, 3.555, 12143]
['2019-03-26 10:07:00', 3.55, 3.55, 3.55, 3.55, 2415]
['2019-03-26 10:06:00', 3.62, 3.62, 3.62, 3.62, 2111]
['2019-03-26 10:05:00', 3.635, 3.63, 3.63, 3.635, 4265]
['2019-03-26 10:04:00', 3.6343, 3.6343, 3.6343, 3.6343, 2220]
['2019-03-26 10:03:00', 3.6243, 3.6243, 3.6243, 3.6243, 1876]
['2019-03-26 10:00:00', 3.57, 3.57, 3.57, 3.57, 202]
['2019-03-26 09:57:00', 3.575, 3.575, 3.575, 3.575, 1105]
['2019-03-26 09:56:00', 3.5525, 3.5525, 3.5525, 3.5525, 29710]
['2019-03-26 09:55:00', 3.622, 3.622, 3.622, 3.622, 880]
['2019-03-26 09:54:00', 3.6, 3.6, 3.6, 3.6, 5282]
['2019-03-26 09:53:00', 3.611, 3.62, 3.611, 3.62, 4428]
['2019-03-26 09:52:00', 3.68, 3.6544, 3.6544, 3.72, 19649]
['2019-03-26 09:51:00', 3.5801, 3.6, 3.5801, 3.6, 6246]
['2019-03-26 09:50:00', 3.5778, 3.5778, 3.5778, 3.5778, 4512]
['2019-03-26 09:49:00', 3.5704, 3.5704, 3.5704, 3.5704, 2873]
['2019-03-26 09:48:00', 3.55, 3.57, 3.55, 3.57, 9618]
['2019-03-26 09:47:00', 3.5464, 3.55, 3.5464, 3.55, 7753]
['2019-03-26 09:46:00', 3.55, 3.55, 3.55, 3.55, 9575]
['2019-03-26 09:45:00', 3.49, 3.52, 3.49, 3.52, 17019]
['2019-03-26 09:44:00', 3.5, 3.467, 3.46, 3.5, 29272]
['2019-03-26 09:43:00', 3.5593, 3.55, 3.5, 3.5593, 37606]
['2019-03-26 09:42:00', 3.57, 3.58, 3.57, 3.58, 11545]
['2019-03-26 09:41:00', 3.62, 3.5801, 3.5801, 3.62, 19964]
['2019-03-26 09:40:00', 3.56, 3.62, 3.53, 3.62, 19175]
['2019-03-26 09:39:00', 3.78, 3.55, 3.55, 3.78, 56618]
['2019-03-26 09:38:00', 3.8499, 3.79, 3.79, 3.8499, 14984]
['2019-03-26 09:37:00', 3.95, 3.8419, 3.76, 3.96, 84842]
['2019-03-26 09:36:00', 3.81, 3.98, 3.81, 3.99, 85239]
['2019-03-26 09:35:00', 3.721, 3.8199, 3.721, 3.8199, 24008]
['2019-03-26 09:34:00', 3.7065, 3.747, 3.7065, 3.747, 43743]
['2019-03-26 09:33:00', 3.67, 3.71, 3.67, 3.72, 26377]
['2019-03-26 09:32:00', 3.65, 3.64, 3.603, 3.65, 22805]
['2019-03-26 09:31:00', 3.64, 3.6115, 3.61, 3.67, 102132]
['2019-03-25 16:00:00', 3.407, 3.41, 3.407, 3.41, 17033]
['2019-03-25 15:59:00', 3.4, 3.4099, 3.393, 3.41, 16285]
['2019-03-25 15:58:00', 3.39, 3.395, 3.39, 3.395, 9903]
['2019-03-25 15:57:00', 3.38, 3.38, 3.38, 3.38, 1388]
['2019-03-25 15:56:00', 3.3801, 3.3729, 3.3729, 3.3801, 6195]
['2019-03-25 15:55:00', 3.4, 3.4, 3.4, 3.4, 1103]
['2019-03-25 15:54:00', 3.39, 3.3959, 3.39, 3.3959, 8099]
['2019-03-25 15:52:00', 3.39, 3.39, 3.39, 3.39, 429]
['2019-03-25 15:51:00', 3.37, 3.38, 3.37, 3.4, 13348]
['2019-03-25 15:50:00', 3.345, 3.38, 3.345, 3.38, 13300]
['2019-03-25 15:48:00', 3.35, 3.38, 3.35, 3.38, 6552]
['2019-03-25 15:47:00', 3.32, 3.32, 3.32, 3.32, 2005]
['2019-03-25 15:46:00', 3.2859, 3.3, 3.2859, 3.3, 6545]
['2019-03-25 15:44:00', 3.28, 3.28, 3.28, 3.29, 14674]
['2019-03-25 15:43:00', 3.28, 3.28, 3.28, 3.28, 379]
['2019-03-25 15:41:00', 3.28, 3.28, 3.28, 3.28, 5394]
['2019-03-25 15:39:00', 3.25, 3.2744, 3.25, 3.2744, 19588]
['2019-03-25 15:38:00', 3.25, 3.25, 3.25, 3.25, 10802]
['2019-03-25 15:36:00', 3.24, 3.24, 3.24, 3.24, 306]
['2019-03-25 15:35:00', 3.23, 3.23, 3.23, 3.23, 5500]
['2019-03-25 15:34:00', 3.24, 3.24, 3.24, 3.24, 5981]
['2019-03-25 15:33:00', 3.3591, 3.24, 3.24, 3.3591, 32139]
['2019-03-25 15:30:00', 3.33, 3.34, 3.33, 3.34, 4600]
['2019-03-25 15:28:00', 3.3601, 3.3643, 3.3601, 3.3643, 7410]
['2019-03-25 15:24:00', 3.38, 3.38, 3.38, 3.38, 302]
['2019-03-25 15:22:00', 3.39, 3.39, 3.39, 3.39, 3015]
['2019-03-25 15:21:00', 3.31, 3.36, 3.31, 3.36, 19884]
['2019-03-25 15:17:00', 3.3099, 3.3099, 3.3099, 3.3099, 4000]
['2019-03-25 15:15:00', 3.32, 3.3, 3.3, 3.32, 15830]
['2019-03-25 15:14:00', 3.35, 3.35, 3.35, 3.35, 2000]
['2019-03-25 15:12:00', 3.3537, 3.3537, 3.3537, 3.3537, 1040]
['2019-03-25 15:08:00', 3.37, 3.36, 3.36, 3.37, 2775]
['2019-03-25 15:07:00', 3.3849, 3.3849, 3.3849, 3.3849, 304]
['2019-03-25 15:05:00', 3.4, 3.4, 3.4, 3.4, 1640]
['2019-03-25 15:03:00', 3.38, 3.4, 3.38, 3.4, 2310]
['2019-03-25 15:02:00', 3.39, 3.39, 3.39, 3.39, 100]
['2019-03-25 15:01:00', 3.39, 3.39, 3.39, 3.39, 500]
['2019-03-25 14:59:00', 3.39, 3.39, 3.39, 3.39, 1300]
['2019-03-25 14:56:00', 3.38, 3.38, 3.38, 3.38, 200]
['2019-03-25 14:54:00', 3.38, 3.38, 3.38, 3.38, 800]
['2019-03-25 14:52:00', 3.38, 3.38, 3.38, 3.38, 900]
['2019-03-25 14:50:00', 3.37, 3.37, 3.37, 3.37, 2300]
['2019-03-25 14:49:00', 3.37, 3.37, 3.37, 3.37, 919]
['2019-03-25 14:46:00', 3.35, 3.35, 3.35, 3.35, 480]
['2019-03-25 14:45:00', 3.3453, 3.3453, 3.3453, 3.3453, 1700]
['2019-03-25 14:44:00', 3.33, 3.33, 3.33, 3.33, 200]
['2019-03-25 14:42:00', 3.33, 3.33, 3.33, 3.33, 1825]
['2019-03-25 14:40:00', 3.33, 3.33, 3.33, 3.33, 1200]
['2019-03-25 14:37:00', 3.335, 3.3314, 3.3314, 3.335, 2200]
['2019-03-25 14:35:00', 3.34, 3.34, 3.34, 3.34, 629]
['2019-03-25 14:33:00', 3.3299, 3.33, 3.3299, 3.33, 2071]
['2019-03-25 14:30:00', 3.33, 3.33, 3.33, 3.33, 100]
['2019-03-25 14:29:00', 3.32, 3.32, 3.32, 3.32, 300]
['2019-03-25 14:28:00', 3.3199, 3.3199, 3.3199, 3.3199, 1980]
['2019-03-25 14:26:00', 3.2999, 3.3, 3.2999, 3.3, 2322]
['2019-03-25 14:23:00', 3.3, 3.3, 3.3, 3.3, 305]
['2019-03-25 14:21:00', 3.2991, 3.2991, 3.2991, 3.2991, 1101]
['2019-03-25 14:18:00', 3.3, 3.3, 3.3, 3.3, 101]
['2019-03-25 14:17:00', 3.29, 3.29, 3.29, 3.29, 1700]
['2019-03-25 14:15:00', 3.28, 3.28, 3.28, 3.28, 1400]
['2019-03-25 14:14:00', 3.28, 3.28, 3.28, 3.28, 758]
['2019-03-25 14:07:00', 3.2899, 3.2899, 3.2899, 3.2899, 300]
['2019-03-25 14:04:00', 3.2813, 3.2813, 3.2813, 3.2813, 5800]
['2019-03-25 14:03:00', 3.3, 3.275, 3.275, 3.3, 7200]
['2019-03-25 14:02:00', 3.2858, 3.2858, 3.2858, 3.2858, 120]
['2019-03-25 13:59:00', 3.3, 3.3, 3.3, 3.3, 100]
['2019-03-25 13:57:00', 3.2882, 3.2882, 3.2882, 3.2882, 1515]
['2019-03-25 13:52:00', 3.29, 3.2806, 3.2806, 3.29, 10706]
['2019-03-25 13:51:00', 3.3, 3.3, 3.3, 3.3, 3320]
['2019-03-25 13:50:00', 3.3, 3.3, 3.3, 3.3, 279]
['2019-03-25 13:47:00', 3.28, 3.29, 3.28, 3.3, 3637]
['2019-03-25 13:45:00', 3.3768, 3.3121, 3.3121, 3.3768, 12860]
['2019-03-25 13:44:00', 3.39, 3.39, 3.39, 3.39, 1750]
['2019-03-25 13:41:00', 3.3803, 3.3803, 3.3803, 3.3803, 2850]
['2019-03-25 13:40:00', 3.3959, 3.3959, 3.3959, 3.3959, 500]
['2019-03-25 13:38:00', 3.39, 3.39, 3.39, 3.39, 1075]
['2019-03-25 13:37:00', 3.393, 3.393, 3.393, 3.393, 1055]
['2019-03-25 13:36:00', 3.38, 3.38, 3.38, 3.38, 370]
['2019-03-25 13:35:00', 3.37, 3.37, 3.37, 3.37, 200]
['2019-03-25 13:34:00', 3.37, 3.37, 3.37, 3.37, 642]
['2019-03-25 13:32:00', 3.3532, 3.3532, 3.3532, 3.3532, 505]
['2019-03-25 13:30:00', 3.3535, 3.3535, 3.3535, 3.3535, 1150]
['2019-03-25 13:29:00', 3.365, 3.365, 3.365, 3.365, 100]
['2019-03-25 13:24:00', 3.3749, 3.3749, 3.3749, 3.3749, 580]
['2019-03-25 13:22:00', 3.37, 3.37, 3.37, 3.37, 680]
['2019-03-25 13:21:00', 3.38, 3.38, 3.38, 3.38, 2100]
['2019-03-25 13:20:00', 3.38, 3.38, 3.38, 3.38, 350]
['2019-03-25 13:18:00', 3.39, 3.39, 3.39, 3.39, 200]
['2019-03-25 13:16:00', 3.39, 3.39, 3.39, 3.39, 1434]
['2019-03-25 13:14:00', 3.375, 3.375, 3.375, 3.375, 5849]
['2019-03-25 13:12:00', 3.3712, 3.3712, 3.3712, 3.3712, 1227]
['2019-03-25 13:09:00', 3.36, 3.36, 3.36, 3.36, 1225]
['2019-03-25 13:04:00', 3.38, 3.38, 3.38, 3.38, 451]
['2019-03-25 13:03:00', 3.37, 3.37, 3.37, 3.37, 100]
['2019-03-25 12:59:00', 3.38, 3.36, 3.36, 3.38, 2804]
['2019-03-25 12:57:00', 3.36, 3.36, 3.36, 3.36, 1501]
['2019-03-25 12:56:00', 3.36, 3.36, 3.36, 3.36, 300]
['2019-03-25 12:55:00', 3.36, 3.36, 3.36, 3.36, 1495]
['2019-03-25 12:53:00', 3.36, 3.36, 3.36, 3.36, 225]
['2019-03-25 12:52:00', 3.36, 3.36, 3.36, 3.36, 400]
['2019-03-25 12:51:00', 3.35, 3.35, 3.35, 3.35, 1800]
['2019-03-25 12:50:00', 3.355, 3.355, 3.355, 3.355, 3000]
['2019-03-25 12:49:00', 3.345, 3.345, 3.345, 3.345, 1500]
['2019-03-25 12:47:00', 3.32, 3.32, 3.32, 3.32, 5549]
['2019-03-25 12:45:00', 3.35, 3.31, 3.31, 3.35, 37391]
['2019-03-25 12:43:00', 3.38, 3.38, 3.38, 3.38, 1650]
['2019-03-25 12:41:00', 3.3698, 3.3698, 3.3698, 3.3698, 1800]
['2019-03-25 12:38:00', 3.36, 3.36, 3.36, 3.36, 1160]
['2019-03-25 12:35:00', 3.3503, 3.345, 3.345, 3.3503, 3503]
['2019-03-25 12:34:00', 3.385, 3.385, 3.385, 3.385, 2570]
['2019-03-25 12:31:00', 3.39, 3.4099, 3.39, 3.4099, 1901]
['2019-03-25 12:30:00', 3.41, 3.41, 3.41, 3.41, 2700]
['2019-03-25 12:29:00', 3.3699, 3.3699, 3.3699, 3.3699, 2550]
['2019-03-25 12:28:00', 3.3683, 3.3683, 3.3683, 3.3683, 3100]
['2019-03-25 12:26:00', 3.38, 3.38, 3.38, 3.38, 2900]
['2019-03-25 12:24:00', 3.3678, 3.3678, 3.3678, 3.3678, 6773]
['2019-03-25 12:20:00', 3.32, 3.32, 3.32, 3.32, 1186]
['2019-03-25 12:19:00', 3.29, 3.3201, 3.29, 3.3201, 14238]
['2019-03-25 12:18:00', 3.38, 3.3501, 3.3501, 3.38, 8121]
['2019-03-25 12:17:00', 3.4, 3.3901, 3.3901, 3.4, 5580]
['2019-03-25 12:15:00', 3.3722, 3.3722, 3.3722, 3.3722, 400]
['2019-03-25 12:14:00', 3.385, 3.385, 3.385, 3.385, 3901]
['2019-03-25 12:13:00', 3.41, 3.4, 3.4, 3.41, 5378]
['2019-03-25 12:12:00', 3.4099, 3.4099, 3.4099, 3.4099, 2440]
['2019-03-25 12:11:00', 3.41, 3.41, 3.41, 3.41, 1950]
['2019-03-25 12:10:00', 3.41, 3.41, 3.41, 3.41, 8100]
['2019-03-25 12:09:00', 3.4, 3.4, 3.4, 3.4, 200]
['2019-03-25 12:07:00', 3.4, 3.4, 3.4, 3.4, 3462]
['2019-03-25 12:05:00', 3.3501, 3.3501, 3.3501, 3.3501, 7850]
['2019-03-25 12:03:00', 3.3508, 3.3508, 3.3508, 3.3508, 2724]
['2019-03-25 12:02:00', 3.36, 3.39, 3.36, 3.39, 4147]
['2019-03-25 12:01:00', 3.39, 3.39, 3.39, 3.39, 5843]
['2019-03-25 12:00:00', 3.39, 3.3541, 3.3541, 3.39, 3702]
['2019-03-25 11:59:00', 3.3939, 3.3939, 3.3939, 3.3939, 1800]
['2019-03-25 11:58:00', 3.38, 3.4, 3.38, 3.4, 10200]
['2019-03-25 11:56:00', 3.3639, 3.3639, 3.3639, 3.3639, 2144]
['2019-03-25 11:54:00', 3.34, 3.33, 3.33, 3.34, 2840]
['2019-03-25 11:53:00', 3.36, 3.36, 3.36, 3.36, 5060]
['2019-03-25 11:51:00', 3.3697, 3.3697, 3.3697, 3.3697, 3100]
['2019-03-25 11:50:00', 3.32, 3.32, 3.32, 3.32, 4550]
['2019-03-25 11:49:00', 3.39, 3.38, 3.38, 3.39, 6239]
['2019-03-25 11:48:00', 3.38, 3.38, 3.38, 3.38, 4931]
['2019-03-25 11:47:00', 3.34, 3.38, 3.34, 3.38, 17966]
['2019-03-25 11:46:00', 3.3412, 3.3412, 3.3412, 3.3412, 4182]
['2019-03-25 11:45:00', 3.3467, 3.3467, 3.3467, 3.3467, 11386]
['2019-03-25 11:44:00', 3.33, 3.33, 3.33, 3.33, 2000]
['2019-03-25 11:43:00', 3.3161, 3.3161, 3.3161, 3.3161, 5000]
['2019-03-25 11:41:00', 3.32, 3.32, 3.32, 3.32, 350]
['2019-03-25 11:40:00', 3.3, 3.3, 3.3, 3.3, 2274]
['2019-03-25 11:39:00', 3.32, 3.29, 3.29, 3.32, 4811]
['2019-03-25 11:38:00', 3.33, 3.32, 3.31, 3.33, 11134]
['2019-03-25 11:37:00', 3.2897, 3.2897, 3.2897, 3.2897, 2900]
['2019-03-25 11:36:00', 3.26, 3.26, 3.26, 3.26, 3177]
['2019-03-25 11:35:00', 3.23, 3.25, 3.23, 3.25, 8380]
['2019-03-25 11:34:00', 3.24, 3.24, 3.24, 3.24, 4114]
['2019-03-25 11:33:00', 3.2805, 3.26, 3.26, 3.2805, 9632]
['2019-03-25 11:32:00', 3.32, 3.32, 3.32, 3.32, 10580]
['2019-03-25 11:31:00', 3.25, 3.3, 3.25, 3.3, 24640]
['2019-03-25 11:29:00', 3.25, 3.25, 3.25, 3.25, 1160]
['2019-03-25 11:28:00', 3.25, 3.25, 3.25, 3.25, 806]
['2019-03-25 11:27:00', 3.25, 3.25, 3.25, 3.25, 925]
['2019-03-25 11:26:00', 3.25, 3.25, 3.25, 3.25, 660]
['2019-03-25 11:23:00', 3.25, 3.25, 3.25, 3.25, 903]
['2019-03-25 11:22:00', 3.25, 3.25, 3.25, 3.25, 14919]
['2019-03-25 11:20:00', 3.23, 3.23, 3.23, 3.23, 1800]
['2019-03-25 11:19:00', 3.2202, 3.2202, 3.2202, 3.2202, 1657]
['2019-03-25 11:18:00', 3.23, 3.23, 3.23, 3.23, 1337]
['2019-03-25 11:17:00', 3.205, 3.205, 3.205, 3.205, 692]
['2019-03-25 11:15:00', 3.1999, 3.1999, 3.1999, 3.1999, 3075]
['2019-03-25 11:14:00', 3.2, 3.2, 3.2, 3.2, 8675]
['2019-03-25 11:13:00', 3.1999, 3.2, 3.1999, 3.2, 13529]
['2019-03-25 11:12:00', 3.185, 3.185, 3.185, 3.185, 4450]
['2019-03-25 11:11:00', 3.185, 3.18, 3.18, 3.185, 2974]
['2019-03-25 11:10:00', 3.18, 3.18, 3.18, 3.18, 2100]
['2019-03-25 11:09:00', 3.1652, 3.18, 3.1652, 3.18, 5255]
['2019-03-25 11:07:00', 3.17, 3.17, 3.17, 3.17, 14656]
['2019-03-25 11:06:00', 3.1596, 3.1596, 3.1596, 3.1596, 6157]
['2019-03-25 11:05:00', 3.16, 3.16, 3.16, 3.16, 500]
['2019-03-25 11:04:00', 3.14, 3.15, 3.14, 3.15, 9204]
['2019-03-25 11:01:00', 3.14, 3.14, 3.14, 3.14, 3701]
['2019-03-25 11:00:00', 3.1459, 3.1459, 3.1459, 3.1459, 2700]
['2019-03-25 10:59:00', 3.16, 3.1325, 3.1325, 3.16, 7781]
['2019-03-25 10:57:00', 3.16, 3.155, 3.155, 3.16, 4300]
['2019-03-25 10:55:00', 3.17, 3.17, 3.17, 3.17, 1506]
['2019-03-25 10:54:00', 3.17, 3.17, 3.17, 3.17, 7300]
['2019-03-25 10:53:00', 3.14, 3.14, 3.14, 3.14, 5600]
['2019-03-25 10:50:00', 3.15, 3.15, 3.15, 3.15, 2600]
['2019-03-25 10:48:00', 3.11, 3.13, 3.11, 3.14, 7285]
['2019-03-25 10:47:00', 3.14, 3.14, 3.14, 3.14, 4051]
['2019-03-25 10:45:00', 3.15, 3.15, 3.15, 3.15, 1500]
['2019-03-25 10:44:00', 3.1289, 3.1289, 3.1289, 3.1289, 3780]
['2019-03-25 10:43:00', 3.145, 3.145, 3.145, 3.145, 8914]
['2019-03-25 10:42:00', 3.12, 3.13, 3.12, 3.13, 2570]
['2019-03-25 10:41:00', 3.1, 3.1, 3.1, 3.1, 424]
['2019-03-25 10:40:00', 3.09, 3.09, 3.09, 3.09, 2250]
['2019-03-25 10:39:00', 3.1, 3.1, 3.1, 3.1, 200]
['2019-03-25 10:38:00', 3.09, 3.09, 3.09, 3.09, 2407]
['2019-03-25 10:37:00', 3.06, 3.06, 3.06, 3.06, 428]
['2019-03-25 10:35:00', 3.07, 3.07, 3.07, 3.07, 100]
['2019-03-25 10:33:00', 3.045, 3.055, 3.045, 3.055, 9296]
['2019-03-25 10:27:00', 3.05, 3.05, 3.05, 3.05, 314]
['2019-03-25 10:25:00', 3.04, 3.04, 3.04, 3.04, 100]
['2019-03-25 10:24:00', 3.03, 3.03, 3.03, 3.03, 1010]
['2019-03-25 10:21:00', 3.025, 3.025, 3.025, 3.025, 7149]
['2019-03-25 10:19:00', 3.01, 3.01, 3.01, 3.01, 6000]
['2019-03-25 10:17:00', 3.0, 3.0, 3.0, 3.0, 2050]
['2019-03-25 10:14:00', 2.99, 2.99, 2.99, 2.99, 5617]
['2019-03-25 10:13:00', 2.98, 2.98, 2.98, 2.98, 6504]
['2019-03-25 10:12:00', 3.0, 2.99, 2.99, 3.0, 12783]
['2019-03-25 10:11:00', 3.0249, 3.04, 3.0249, 3.04, 1430]
['2019-03-25 10:09:00', 3.04, 3.04, 3.04, 3.04, 1283]
['2019-03-25 10:07:00', 3.05, 3.05, 3.05, 3.05, 2125]
['2019-03-25 10:05:00', 3.04, 3.05, 3.04, 3.05, 1116]
['2019-03-25 10:03:00', 3.0299, 3.0299, 3.0299, 3.0299, 200]
['2019-03-25 10:01:00', 3.03, 3.03, 3.03, 3.03, 800]
['2019-03-25 09:58:00', 3.03, 3.03, 3.03, 3.03, 2612]
['2019-03-25 09:57:00', 3.03, 3.04, 3.03, 3.04, 9200]
['2019-03-25 09:56:00', 3.005, 3.005, 3.005, 3.005, 2305]
['2019-03-25 09:52:00', 3.0299, 3.0299, 3.0299, 3.0299, 7902]
['2019-03-25 09:51:00', 3.015, 3.015, 3.015, 3.015, 350]
['2019-03-25 09:48:00', 3.01, 3.01, 3.01, 3.01, 2851]
['2019-03-25 09:46:00', 3.03, 3.03, 3.03, 3.03, 413]
['2019-03-25 09:38:00', 3.0799, 3.0799, 3.0799, 3.0799, 1000]
['2019-03-25 09:32:00', 3.07, 3.07, 3.07, 3.07, 0]
