ATRA
['2019-03-29 16:00:00', 39.71, 39.83, 39.71, 39.83, 11901]
['2019-03-29 15:59:00', 39.68, 39.72, 39.68, 39.75, 10588]
['2019-03-29 15:58:00', 39.68, 39.7, 39.64, 39.7, 6989]
['2019-03-29 15:57:00', 39.675, 39.7, 39.67, 39.7, 4732]
['2019-03-29 15:56:00', 39.6, 39.66, 39.57, 39.68, 5710]
['2019-03-29 15:55:00', 39.62, 39.59, 39.52, 39.62, 4369]
['2019-03-29 15:54:00', 39.7, 39.69, 39.69, 39.72, 6552]
['2019-03-29 15:53:00', 39.675, 39.69, 39.675, 39.72, 2926]
['2019-03-29 15:52:00', 39.7, 39.69, 39.63, 39.725, 3377]
['2019-03-29 15:51:00', 39.7, 39.7, 39.66, 39.74, 3086]
['2019-03-29 15:50:00', 39.68, 39.69, 39.68, 39.71, 1294]
['2019-03-29 15:49:00', 39.73, 39.67, 39.62, 39.73, 3697]
['2019-03-29 15:48:00', 39.62, 39.73, 39.61, 39.73, 3030]
['2019-03-29 15:47:00', 39.67, 39.635, 39.63, 39.67, 2078]
['2019-03-29 15:46:00', 39.7, 39.675, 39.675, 39.7, 220]
['2019-03-29 15:45:00', 39.75, 39.64, 39.64, 39.765, 2543]
['2019-03-29 15:44:00', 39.62, 39.72, 39.62, 39.72, 1007]
['2019-03-29 15:43:00', 39.58, 39.56, 39.55, 39.58, 1551]
['2019-03-29 15:42:00', 39.525, 39.58, 39.525, 39.58, 1173]
['2019-03-29 15:41:00', 39.57, 39.52, 39.52, 39.59, 1776]
['2019-03-29 15:40:00', 39.54, 39.54, 39.54, 39.55, 555]
['2019-03-29 15:39:00', 39.47, 39.48, 39.47, 39.5, 735]
['2019-03-29 15:38:00', 39.47, 39.455, 39.44, 39.5, 2699]
['2019-03-29 15:37:00', 39.51, 39.445, 39.445, 39.51, 1064]
['2019-03-29 15:36:00', 39.58, 39.6, 39.58, 39.6, 569]
['2019-03-29 15:35:00', 39.49, 39.53, 39.49, 39.53, 1079]
['2019-03-29 15:34:00', 39.49, 39.5, 39.49, 39.5, 443]
['2019-03-29 15:33:00', 39.43, 39.43, 39.43, 39.43, 100]
['2019-03-29 15:31:00', 39.5, 39.475, 39.46, 39.5, 1450]
['2019-03-29 15:30:00', 39.5, 39.4432, 39.4432, 39.5, 1559]
['2019-03-29 15:29:00', 39.49, 39.43, 39.37, 39.49, 2543]
['2019-03-29 15:28:00', 39.555, 39.5, 39.5, 39.57, 2614]
['2019-03-29 15:27:00', 39.57, 39.56, 39.55, 39.58, 2599]
['2019-03-29 15:26:00', 39.54, 39.58, 39.54, 39.58, 700]
['2019-03-29 15:25:00', 39.53, 39.53, 39.53, 39.545, 885]
['2019-03-29 15:24:00', 39.62, 39.53, 39.53, 39.62, 3103]
['2019-03-29 15:23:00', 39.69, 39.635, 39.63, 39.69, 3398]
['2019-03-29 15:22:00', 39.69, 39.715, 39.64, 39.73, 5388]
['2019-03-29 15:21:00', 39.755, 39.7, 39.7, 39.77, 5217]
['2019-03-29 15:20:00', 39.755, 39.76, 39.69, 39.78, 11413]
['2019-03-29 15:19:00', 39.7, 39.75, 39.66, 39.765, 12255]
['2019-03-29 15:18:00', 39.7, 39.71, 39.68, 39.72, 3466]
['2019-03-29 15:17:00', 39.71, 39.7, 39.69, 39.72, 2950]
['2019-03-29 15:16:00', 39.65, 39.69, 39.65, 39.72, 5386]
['2019-03-29 15:15:00', 39.66, 39.66, 39.66, 39.66, 142]
['2019-03-29 15:13:00', 39.72, 39.69, 39.67, 39.745, 3657]
['2019-03-29 15:12:00', 39.75, 39.75, 39.75, 39.75, 418]
['2019-03-29 15:11:00', 39.72, 39.75, 39.72, 39.75, 200]
['2019-03-29 15:10:00', 39.78, 39.74, 39.74, 39.79, 1200]
['2019-03-29 15:08:00', 39.74, 39.76, 39.74, 39.76, 1093]
['2019-03-29 15:07:00', 39.75, 39.75, 39.69, 39.79, 2228]
['2019-03-29 15:06:00', 39.83, 39.785, 39.76, 39.835, 1138]
['2019-03-29 15:05:00', 39.84, 39.84, 39.84, 39.84, 100]
['2019-03-29 15:04:00', 39.83, 39.82, 39.82, 39.845, 607]
['2019-03-29 15:03:00', 39.82, 39.86, 39.81, 39.86, 1100]
['2019-03-29 15:02:00', 39.78, 39.81, 39.78, 39.81, 854]
['2019-03-29 15:01:00', 39.82, 39.76, 39.76, 39.82, 1705]
['2019-03-29 15:00:00', 39.79, 39.82, 39.78, 39.82, 400]
['2019-03-29 14:59:00', 39.75, 39.8, 39.75, 39.8, 700]
['2019-03-29 14:57:00', 39.78, 39.78, 39.78, 39.78, 400]
['2019-03-29 14:56:00', 39.8, 39.77, 39.77, 39.81, 6603]
['2019-03-29 14:55:00', 39.78, 39.78, 39.78, 39.78, 200]
['2019-03-29 14:54:00', 39.71, 39.75, 39.71, 39.75, 954]
['2019-03-29 14:53:00', 39.8, 39.75, 39.75, 39.8, 1505]
['2019-03-29 14:51:00', 39.8, 39.75, 39.71, 39.8, 2911]
['2019-03-29 14:50:00', 39.77, 39.8, 39.77, 39.8, 4400]
['2019-03-29 14:48:00', 39.8, 39.8, 39.8, 39.8, 1005]
['2019-03-29 14:47:00', 39.84, 39.82, 39.82, 39.84, 200]
['2019-03-29 14:46:00', 39.88, 39.88, 39.88, 39.88, 455]
['2019-03-29 14:44:00', 39.92, 39.92, 39.92, 39.92, 105]
['2019-03-29 14:42:00', 39.89, 39.91, 39.87, 39.92, 2501]
['2019-03-29 14:41:00', 39.88, 39.89, 39.88, 39.9, 2856]
['2019-03-29 14:36:00', 39.9, 39.9, 39.9, 39.9, 504]
['2019-03-29 14:32:00', 39.88, 39.91, 39.88, 39.91, 448]
['2019-03-29 14:31:00', 39.87, 39.87, 39.87, 39.87, 102]
['2019-03-29 14:30:00', 39.79, 39.79, 39.79, 39.79, 205]
['2019-03-29 14:29:00', 39.83, 39.83, 39.83, 39.84, 1238]
['2019-03-29 14:24:00', 39.8, 39.8168, 39.8, 39.8168, 1053]
['2019-03-29 14:23:00', 39.69, 39.8, 39.67, 39.8, 2102]
['2019-03-29 14:22:00', 39.73, 39.69, 39.67, 39.74, 5586]
['2019-03-29 14:21:00', 39.73, 39.71, 39.71, 39.76, 2148]
['2019-03-29 14:20:00', 39.73, 39.73, 39.71, 39.73, 537]
['2019-03-29 14:19:00', 39.75, 39.7, 39.7, 39.76, 2327]
['2019-03-29 14:16:00', 39.66, 39.75, 39.66, 39.76, 2242]
['2019-03-29 14:13:00', 39.665, 39.665, 39.665, 39.665, 173]
['2019-03-29 14:12:00', 39.71, 39.65, 39.65, 39.71, 1756]
['2019-03-29 14:11:00', 39.765, 39.765, 39.765, 39.765, 400]
['2019-03-29 14:10:00', 39.7, 39.755, 39.67, 39.755, 3801]
['2019-03-29 14:09:00', 39.7, 39.7, 39.7, 39.84, 5493]
['2019-03-29 14:05:00', 39.69, 39.7, 39.69, 39.7, 406]
['2019-03-29 14:04:00', 39.7, 39.7, 39.685, 39.71, 1803]
['2019-03-29 14:03:00', 39.72, 39.7, 39.7, 39.72, 1400]
['2019-03-29 14:02:00', 39.68, 39.695, 39.68, 39.74, 3590]
['2019-03-29 14:01:00', 39.58, 39.61, 39.58, 39.61, 500]
['2019-03-29 14:00:00', 39.55, 39.61, 39.55, 39.61, 600]
['2019-03-29 13:59:00', 39.505, 39.535, 39.5025, 39.535, 8946]
['2019-03-29 13:58:00', 39.43, 39.5, 39.43, 39.5, 620]
['2019-03-29 13:57:00', 39.48, 39.48, 39.48, 39.525, 1510]
['2019-03-29 13:56:00', 39.5, 39.45, 39.45, 39.5, 1400]
['2019-03-29 13:55:00', 39.555, 39.525, 39.5, 39.555, 1915]
['2019-03-29 13:54:00', 39.5, 39.595, 39.5, 39.62, 1860]
['2019-03-29 13:53:00', 39.5, 39.5, 39.47, 39.5, 2934]
['2019-03-29 13:52:00', 39.47, 39.47, 39.47, 39.47, 160]
['2019-03-29 13:51:00', 39.475, 39.475, 39.475, 39.475, 111]
['2019-03-29 13:50:00', 39.45, 39.43, 39.4, 39.52, 3327]
['2019-03-29 13:48:00', 39.32, 39.44, 39.32, 39.44, 1782]
['2019-03-29 13:47:00', 39.46, 39.25, 39.02, 39.46, 4823]
['2019-03-29 13:46:00', 39.46, 39.455, 39.455, 39.46, 562]
['2019-03-29 13:45:00', 39.44, 39.45, 39.44, 39.45, 466]
['2019-03-29 13:44:00', 39.41, 39.41, 39.41, 39.41, 100]
['2019-03-29 13:43:00', 39.37, 39.36, 39.3, 39.3975, 2806]
['2019-03-29 13:42:00', 39.44, 39.44, 39.44, 39.44, 400]
['2019-03-29 13:41:00', 39.5, 39.44, 39.43, 39.5, 2650]
['2019-03-29 13:40:00', 39.53, 39.5, 39.5, 39.53, 1763]
['2019-03-29 13:39:00', 39.51, 39.48, 39.47, 39.51, 2730]
['2019-03-29 13:38:00', 39.56, 39.56, 39.56, 39.56, 270]
['2019-03-29 13:35:00', 39.58, 39.58, 39.58, 39.58, 200]
['2019-03-29 13:34:00', 39.52, 39.56, 39.52, 39.56, 558]
['2019-03-29 13:33:00', 39.5, 39.49, 39.47, 39.52, 3206]
['2019-03-29 13:32:00', 39.56, 39.545, 39.545, 39.56, 612]
['2019-03-29 13:31:00', 39.63, 39.55, 39.55, 39.63, 823]
['2019-03-29 13:30:00', 39.6, 39.64, 39.57, 39.64, 500]
['2019-03-29 13:28:00', 39.58, 39.58, 39.58, 39.58, 120]
['2019-03-29 13:25:00', 39.725, 39.64, 39.64, 39.725, 1050]
['2019-03-29 13:24:00', 39.73, 39.73, 39.73, 39.73, 100]
['2019-03-29 13:22:00', 39.66, 39.68, 39.66, 39.68, 1054]
['2019-03-29 13:21:00', 39.6836, 39.64, 39.64, 39.6836, 505]
['2019-03-29 13:18:00', 39.7, 39.66, 39.66, 39.7, 480]
['2019-03-29 13:17:00', 39.78, 39.71, 39.71, 39.78, 300]
['2019-03-29 13:16:00', 39.74, 39.74, 39.74, 39.74, 100]
['2019-03-29 13:15:00', 39.8, 39.75, 39.75, 39.8, 524]
['2019-03-29 13:14:00', 39.76, 39.75, 39.75, 39.76, 600]
['2019-03-29 13:13:00', 39.76, 39.74, 39.74, 39.76, 1018]
['2019-03-29 13:10:00', 39.75, 39.76, 39.75, 39.76, 230]
['2019-03-29 13:08:00', 39.67, 39.7188, 39.67, 39.72, 1421]
['2019-03-29 13:07:00', 39.75, 39.65, 39.65, 39.75, 2323]
['2019-03-29 13:06:00', 39.75, 39.77, 39.75, 39.77, 610]
['2019-03-29 13:04:00', 39.75, 39.78, 39.75, 39.78, 597]
['2019-03-29 13:03:00', 39.705, 39.705, 39.705, 39.705, 100]
['2019-03-29 13:02:00', 39.75, 39.75, 39.75, 39.75, 680]
['2019-03-29 13:01:00', 39.79, 39.79, 39.79, 39.79, 200]
['2019-03-29 12:59:00', 39.765, 39.765, 39.765, 39.765, 203]
['2019-03-29 12:58:00', 39.75, 39.72, 39.72, 39.75, 600]
['2019-03-29 12:57:00', 39.84, 39.74, 39.73, 39.84, 2343]
['2019-03-29 12:50:00', 39.79, 39.795, 39.77, 39.795, 762]
['2019-03-29 12:49:00', 39.82, 39.82, 39.82, 39.82, 200]
['2019-03-29 12:47:00', 39.79, 39.76, 39.76, 39.84, 1182]
['2019-03-29 12:46:00', 39.77, 39.86, 39.77, 39.86, 2400]
['2019-03-29 12:45:00', 39.83, 39.73, 39.73, 39.83, 760]
['2019-03-29 12:43:00', 39.87, 39.87, 39.87, 39.87, 301]
['2019-03-29 12:41:00', 40.0, 39.95, 39.95, 40.0, 1496]
['2019-03-29 12:39:00', 39.96, 39.96, 39.96, 39.96, 100]
['2019-03-29 12:38:00', 39.96, 39.96, 39.95, 39.99, 840]
['2019-03-29 12:37:00', 40.0, 40.01, 39.98, 40.01, 1203]
['2019-03-29 12:36:00', 40.0, 39.94, 39.94, 40.04, 5641]
['2019-03-29 12:35:00', 39.97, 40.0, 39.97, 40.01, 4234]
['2019-03-29 12:34:00', 39.95, 39.97, 39.95, 39.97, 600]
['2019-03-29 12:33:00', 40.0, 39.96, 39.95, 40.02, 2900]
['2019-03-29 12:32:00', 39.96, 39.96, 39.96, 39.96, 520]
['2019-03-29 12:31:00', 39.92, 39.92, 39.92, 39.92, 200]
['2019-03-29 12:30:00', 39.96, 39.96, 39.96, 39.96, 200]
['2019-03-29 12:29:00', 40.0, 40.0, 40.0, 40.0, 300]
['2019-03-29 12:28:00', 40.04, 40.0, 40.0, 40.04, 400]
['2019-03-29 12:27:00', 39.95, 40.01, 39.95, 40.01, 500]
['2019-03-29 12:26:00', 39.96, 39.96, 39.96, 39.96, 182]
['2019-03-29 12:25:00', 39.98, 39.98, 39.98, 39.98, 318]
['2019-03-29 12:24:00', 40.005, 40.0, 39.985, 40.02, 2800]
['2019-03-29 12:23:00', 39.96, 39.99, 39.96, 39.99, 500]
['2019-03-29 12:22:00', 40.0, 39.99, 39.935, 40.0, 3135]
['2019-03-29 12:21:00', 39.92, 40.0, 39.92, 40.025, 3092]
['2019-03-29 12:20:00', 39.94, 39.9, 39.9, 39.94, 821]
['2019-03-29 12:19:00', 39.96, 39.93, 39.93, 39.98, 4400]
['2019-03-29 12:18:00', 39.85, 39.85, 39.85, 39.85, 421]
['2019-03-29 12:17:00', 39.8, 39.9, 39.7928, 39.9, 1101]
['2019-03-29 12:16:00', 39.65, 39.74, 39.62, 39.74, 1433]
['2019-03-29 12:15:00', 39.7, 39.7, 39.7, 39.7, 150]
['2019-03-29 12:14:00', 39.62, 39.7, 39.62, 39.7, 762]
['2019-03-29 12:13:00', 39.56, 39.62, 39.56, 39.62, 1021]
['2019-03-29 12:10:00', 39.58, 39.57, 39.53, 39.58, 829]
['2019-03-29 12:09:00', 39.58, 39.55, 39.55, 39.58, 800]
['2019-03-29 12:08:00', 39.7, 39.68, 39.68, 39.7, 220]
['2019-03-29 12:06:00', 39.71, 39.71, 39.71, 39.71, 103]
['2019-03-29 12:05:00', 39.84, 39.84, 39.84, 39.84, 496]
['2019-03-29 12:04:00', 40.005, 39.84, 39.84, 40.05, 3003]
['2019-03-29 12:03:00', 39.95, 39.95, 39.95, 39.95, 100]
['2019-03-29 12:02:00', 40.17, 40.03, 40.0, 40.17, 3906]
['2019-03-29 12:01:00', 40.17, 40.17, 40.17, 40.17, 311]
['2019-03-29 11:59:00', 40.3, 40.17, 40.15, 40.3, 1385]
['2019-03-29 11:58:00', 40.35, 40.35, 40.35, 40.35, 100]
['2019-03-29 11:56:00', 40.3465, 40.35, 40.3465, 40.35, 664]
['2019-03-29 11:55:00', 40.38, 40.315, 40.28, 40.38, 1886]
['2019-03-29 11:54:00', 40.34, 40.35, 40.29, 40.44, 3705]
['2019-03-29 11:53:00', 40.3, 40.33, 40.3, 40.33, 800]
['2019-03-29 11:52:00', 40.28, 40.3, 40.25, 40.3, 2123]
['2019-03-29 11:51:00', 40.32, 40.295, 40.295, 40.32, 500]
['2019-03-29 11:50:00', 40.35, 40.33, 40.22, 40.35, 2099]
['2019-03-29 11:49:00', 40.33, 40.39, 40.33, 40.39, 1015]
['2019-03-29 11:48:00', 40.29, 40.33, 40.28, 40.33, 1125]
['2019-03-29 11:47:00', 40.36, 40.27, 40.27, 40.36, 2020]
['2019-03-29 11:46:00', 40.35, 40.33, 40.28, 40.35, 2423]
['2019-03-29 11:45:00', 40.48, 40.41, 40.41, 40.48, 304]
['2019-03-29 11:43:00', 40.4571, 40.53, 40.4571, 40.54, 1926]
['2019-03-29 11:42:00', 40.45, 40.45, 40.45, 40.45, 103]
['2019-03-29 11:39:00', 40.49, 40.49, 40.49, 40.49, 200]
['2019-03-29 11:38:00', 40.42, 40.42, 40.42, 40.42, 205]
['2019-03-29 11:37:00', 40.35, 40.41, 40.35, 40.41, 789]
['2019-03-29 11:35:00', 40.35, 40.33, 40.33, 40.35, 606]
['2019-03-29 11:34:00', 40.35, 40.35, 40.35, 40.35, 591]
['2019-03-29 11:33:00', 40.36, 40.35, 40.29, 40.36, 1222]
['2019-03-29 11:31:00', 40.35, 40.35, 40.35, 40.35, 404]
['2019-03-29 11:30:00', 40.34, 40.3, 40.3, 40.36, 1350]
['2019-03-29 11:28:00', 40.345, 40.3, 40.3, 40.345, 1025]
['2019-03-29 11:27:00', 40.42, 40.2501, 40.2501, 40.51, 3538]
['2019-03-29 11:26:00', 40.24, 40.49, 40.19, 40.61, 15810]
['2019-03-29 11:25:00', 40.26, 40.26, 40.26, 40.26, 148]
['2019-03-29 11:24:00', 40.37, 40.32, 40.32, 40.37, 644]
['2019-03-29 11:23:00', 40.34, 40.34, 40.34, 40.34, 100]
['2019-03-29 11:22:00', 40.245, 40.36, 40.245, 40.36, 3005]
['2019-03-29 11:21:00', 40.27, 40.27, 40.27, 40.27, 100]
['2019-03-29 11:20:00', 40.35, 40.24, 40.24, 40.35, 3126]
['2019-03-29 11:19:00', 40.5, 40.34, 40.26, 40.5, 5476]
['2019-03-29 11:18:00', 40.4, 40.435, 40.4, 40.435, 1431]
['2019-03-29 11:17:00', 40.29, 40.37, 40.26, 40.37, 2040]
['2019-03-29 11:16:00', 40.3, 40.3, 40.3, 40.3, 100]
['2019-03-29 11:12:00', 40.25, 40.25, 40.25, 40.25, 296]
['2019-03-29 11:11:00', 40.4, 40.39, 40.35, 40.4, 4503]
['2019-03-29 11:10:00', 40.4, 40.375, 40.375, 40.4, 202]
['2019-03-29 11:09:00', 40.4, 40.4, 40.4, 40.4, 504]
['2019-03-29 11:08:00', 40.29, 40.29, 40.29, 40.29, 305]
['2019-03-29 11:07:00', 40.15, 40.18, 40.15, 40.18, 1824]
['2019-03-29 11:06:00', 40.18, 40.15, 40.15, 40.215, 1042]
['2019-03-29 11:04:00', 40.3, 40.25, 40.25, 40.3, 675]
['2019-03-29 11:03:00', 40.325, 40.325, 40.325, 40.325, 100]
['2019-03-29 11:02:00', 40.32, 40.32, 40.32, 40.32, 200]
['2019-03-29 11:01:00', 40.26, 40.31, 40.26, 40.35, 700]
['2019-03-29 11:00:00', 40.21, 40.315, 40.16, 40.33, 2241]
['2019-03-29 10:59:00', 40.045, 40.18, 40.0, 40.18, 5169]
['2019-03-29 10:58:00', 40.07, 40.05, 40.02, 40.07, 800]
['2019-03-29 10:57:00', 40.19, 40.07, 40.005, 40.19, 10982]
['2019-03-29 10:55:00', 40.31, 40.31, 40.31, 40.31, 350]
['2019-03-29 10:53:00', 40.4, 40.47, 40.4, 40.47, 4829]
['2019-03-29 10:52:00', 40.25, 40.42, 40.25, 40.42, 538]
['2019-03-29 10:51:00', 40.28, 40.34, 40.24, 40.39, 2865]
['2019-03-29 10:50:00', 40.3, 40.23, 40.23, 40.34, 4357]
['2019-03-29 10:47:00', 40.51, 40.4, 40.4, 40.57, 1585]
['2019-03-29 10:46:00', 40.41, 40.5, 40.41, 40.5, 566]
['2019-03-29 10:45:00', 40.66, 40.5, 40.5, 40.675, 4905]
['2019-03-29 10:44:00', 40.67, 40.67, 40.67, 40.67, 100]
['2019-03-29 10:43:00', 40.64, 40.625, 40.6125, 40.64, 2784]
['2019-03-29 10:42:00', 40.9, 40.76, 40.76, 40.9, 772]
['2019-03-29 10:41:00', 40.95, 40.86, 40.86, 40.95, 1572]
['2019-03-29 10:40:00', 41.07, 41.015, 41.015, 41.09, 1400]
['2019-03-29 10:39:00', 41.19, 41.14, 41.1371, 41.19, 1200]
['2019-03-29 10:37:00', 41.6, 41.4201, 41.4201, 41.62, 1903]
['2019-03-29 10:35:00', 41.68, 41.71, 41.64, 41.725, 2176]
['2019-03-29 10:34:00', 41.69, 41.77, 41.69, 41.77, 342]
['2019-03-29 10:33:00', 41.725, 41.77, 41.725, 41.77, 300]
['2019-03-29 10:32:00', 41.64, 41.72, 41.64, 41.72, 1100]
['2019-03-29 10:31:00', 41.77, 41.64, 41.63, 41.78, 1709]
['2019-03-29 10:30:00', 41.71, 41.71, 41.71, 41.71, 100]
['2019-03-29 10:29:00', 41.63, 41.75, 41.63, 41.75, 3466]
['2019-03-29 10:28:00', 41.43, 41.62, 41.43, 41.63, 2500]
['2019-03-29 10:27:00', 41.5, 41.6499, 41.5, 41.6499, 460]
['2019-03-29 10:26:00', 41.26, 41.4, 41.26, 41.4, 1105]
['2019-03-29 10:25:00', 41.195, 41.195, 41.195, 41.195, 100]
['2019-03-29 10:24:00', 41.135, 41.13, 41.13, 41.27, 664]
['2019-03-29 10:23:00', 41.17, 41.02, 41.02, 41.245, 3310]
['2019-03-29 10:22:00', 41.22, 41.31, 41.22, 41.31, 343]
['2019-03-29 10:21:00', 41.23, 41.18, 41.18, 41.24, 495]
['2019-03-29 10:20:00', 41.15, 41.23, 41.085, 41.23, 3136]
['2019-03-29 10:19:00', 41.215, 41.215, 41.215, 41.215, 200]
['2019-03-29 10:18:00', 41.215, 41.215, 41.215, 41.215, 340]
['2019-03-29 10:15:00', 41.09, 41.28, 41.09, 41.28, 3092]
['2019-03-29 10:14:00', 41.42, 41.11, 41.11, 41.42, 2943]
['2019-03-29 10:13:00', 41.5, 41.5, 41.5, 41.5, 200]
['2019-03-29 10:12:00', 41.49, 41.48, 41.48, 41.59, 1401]
['2019-03-29 10:11:00', 41.67, 41.68, 41.56, 41.68, 1850]
['2019-03-29 10:10:00', 41.6, 41.695, 41.59, 41.7, 504]
['2019-03-29 10:09:00', 41.6093, 41.81, 41.6093, 41.81, 1600]
['2019-03-29 10:08:00', 41.541, 41.52, 41.52, 41.541, 1635]
['2019-03-29 10:07:00', 41.73, 41.54, 41.5, 41.73, 2705]
['2019-03-29 10:06:00', 41.68, 41.81, 41.66, 41.81, 1547]
['2019-03-29 10:05:00', 41.6, 41.69, 41.6, 41.7, 1047]
['2019-03-29 10:04:00', 41.48, 41.6, 41.48, 41.6, 1679]
['2019-03-29 10:03:00', 41.36, 41.36, 41.36, 41.36, 120]
['2019-03-29 10:02:00', 41.33, 41.37, 41.19, 41.37, 4117]
['2019-03-29 10:01:00', 41.38, 41.32, 41.24, 41.44, 4554]
['2019-03-29 10:00:00', 41.1985, 41.34, 41.1985, 41.39, 7442]
['2019-03-29 09:59:00', 40.82, 41.27, 40.82, 41.3, 14007]
['2019-03-29 09:58:00', 40.8321, 40.81, 40.78, 40.89, 2700]
['2019-03-29 09:57:00', 40.82, 40.84, 40.82, 40.84, 860]
['2019-03-29 09:56:00', 40.76, 40.89, 40.6, 40.89, 10684]
['2019-03-29 09:55:00', 40.625, 40.81, 40.625, 40.81, 3326]
['2019-03-29 09:54:00', 40.565, 40.605, 40.5, 40.7, 5715]
['2019-03-29 09:53:00', 40.565, 40.45, 40.45, 40.565, 500]
['2019-03-29 09:52:00', 40.56, 40.565, 40.55, 40.575, 848]
['2019-03-29 09:51:00', 40.64, 40.67, 40.64, 40.68, 664]
['2019-03-29 09:50:00', 40.66, 40.58, 40.58, 40.66, 1081]
['2019-03-29 09:49:00', 40.545, 40.64, 40.52, 40.66, 1320]
['2019-03-29 09:48:00', 40.565, 40.64, 40.565, 40.89, 12043]
['2019-03-29 09:47:00', 40.61, 40.565, 40.35, 40.85, 4974]
['2019-03-29 09:46:00', 40.61, 40.84, 40.55, 40.84, 1176]
['2019-03-29 09:44:00', 40.62, 40.62, 40.62, 40.62, 1467]
['2019-03-29 09:43:00', 40.5572, 40.515, 40.495, 40.57, 938]
['2019-03-29 09:42:00', 40.8346, 40.58, 40.475, 40.8346, 1500]
['2019-03-29 09:41:00', 40.33, 40.78, 40.33, 40.78, 929]
['2019-03-29 09:40:00', 40.525, 40.345, 40.195, 40.58, 2000]
['2019-03-29 09:39:00', 40.7, 40.57, 40.2, 40.7, 3295]
['2019-03-29 09:38:00', 40.75, 40.84, 40.47, 40.97, 5913]
['2019-03-29 09:37:00', 40.16, 40.81, 40.16, 40.81, 5857]
['2019-03-29 09:36:00', 40.32, 40.3, 40.17, 40.32, 798]
['2019-03-29 09:35:00', 40.17, 40.32, 40.06, 40.32, 2842]
['2019-03-29 09:34:00', 39.98, 40.27, 39.98, 40.43, 6344]
['2019-03-29 09:33:00', 39.44, 39.99, 39.44, 39.99, 7273]
['2019-03-29 09:32:00', 38.93, 39.44, 38.93, 39.44, 4500]
['2019-03-29 09:31:00', 38.76, 38.76, 38.76, 38.76, 3248]
['2019-03-28 16:00:00', 38.68, 38.64, 38.6, 38.68, 7749]
['2019-03-28 15:59:00', 38.6296, 38.66, 38.62, 38.68, 4510]
['2019-03-28 15:58:00', 38.65, 38.62, 38.62, 38.67, 6897]
['2019-03-28 15:57:00', 38.6, 38.65, 38.59, 38.65, 3988]
['2019-03-28 15:56:00', 38.59, 38.58, 38.57, 38.66, 6309]
['2019-03-28 15:55:00', 38.54, 38.59, 38.54, 38.59, 1342]
['2019-03-28 15:54:00', 38.47, 38.55, 38.46, 38.55, 6013]
['2019-03-28 15:53:00', 38.5, 38.485, 38.485, 38.51, 794]
['2019-03-28 15:52:00', 38.565, 38.49, 38.485, 38.565, 2466]
['2019-03-28 15:51:00', 38.54, 38.58, 38.54, 38.58, 1823]
['2019-03-28 15:50:00', 38.55, 38.55, 38.53, 38.57, 2405]
['2019-03-28 15:49:00', 38.55, 38.535, 38.53, 38.55, 1845]
['2019-03-28 15:48:00', 38.535, 38.55, 38.535, 38.56, 937]
['2019-03-28 15:47:00', 38.5, 38.55, 38.5, 38.57, 1409]
['2019-03-28 15:46:00', 38.425, 38.53, 38.425, 38.53, 1450]
['2019-03-28 15:45:00', 38.45, 38.45, 38.42, 38.45, 2335]
['2019-03-28 15:44:00', 38.445, 38.49, 38.445, 38.49, 946]
['2019-03-28 15:43:00', 38.415, 38.45, 38.4, 38.46, 2343]
['2019-03-28 15:42:00', 38.35, 38.4, 38.35, 38.4, 817]
['2019-03-28 15:41:00', 38.36, 38.36, 38.36, 38.36, 120]
['2019-03-28 15:40:00', 38.34, 38.34, 38.32, 38.34, 1007]
['2019-03-28 15:39:00', 38.35, 38.3, 38.3, 38.35, 846]
['2019-03-28 15:38:00', 38.35, 38.35, 38.35, 38.35, 303]
['2019-03-28 15:37:00', 38.345, 38.34, 38.34, 38.36, 1717]
['2019-03-28 15:36:00', 38.3, 38.34, 38.3, 38.35, 1447]
['2019-03-28 15:35:00', 38.27, 38.275, 38.27, 38.28, 449]
['2019-03-28 15:34:00', 38.21, 38.25, 38.21, 38.26, 909]
['2019-03-28 15:33:00', 38.21, 38.21, 38.21, 38.21, 350]
['2019-03-28 15:32:00', 38.2, 38.2, 38.2, 38.2, 468]
['2019-03-28 15:31:00', 38.2, 38.21, 38.2, 38.24, 1664]
['2019-03-28 15:30:00', 38.22, 38.2, 38.2, 38.22, 628]
['2019-03-28 15:29:00', 38.28, 38.25, 38.25, 38.28, 1016]
['2019-03-28 15:28:00', 38.27, 38.27, 38.24, 38.28, 1388]
['2019-03-28 15:25:00', 38.18, 38.21, 38.18, 38.21, 909]
['2019-03-28 15:24:00', 38.16, 38.19, 38.16, 38.19, 470]
['2019-03-28 15:23:00', 38.18, 38.18, 38.18, 38.18, 443]
['2019-03-28 15:22:00', 38.18, 38.19, 38.17, 38.19, 769]
['2019-03-28 15:20:00', 38.19, 38.22, 38.18, 38.22, 3386]
['2019-03-28 15:19:00', 38.2, 38.19, 38.19, 38.2, 300]
['2019-03-28 15:18:00', 38.11, 38.18, 38.11, 38.2, 1446]
['2019-03-28 15:15:00', 38.2, 38.2, 38.2, 38.2, 132]
['2019-03-28 15:09:00', 38.24, 38.215, 38.215, 38.26, 707]
['2019-03-28 15:08:00', 38.18, 38.28, 38.18, 38.28, 1710]
['2019-03-28 15:07:00', 38.15, 38.17, 38.15, 38.17, 547]
['2019-03-28 15:05:00', 38.19, 38.18, 38.18, 38.19, 700]
['2019-03-28 15:04:00', 38.2, 38.2, 38.2, 38.2, 100]
['2019-03-28 15:03:00', 38.15, 38.15, 38.15, 38.15, 595]
['2019-03-28 15:02:00', 38.1, 38.13, 38.1, 38.16, 2557]
['2019-03-28 15:00:00', 38.06, 38.06, 38.06, 38.06, 100]
['2019-03-28 14:59:00', 38.06, 38.06, 38.06, 38.06, 250]
['2019-03-28 14:58:00', 38.065, 38.065, 38.065, 38.065, 100]
['2019-03-28 14:56:00', 38.03, 38.1, 38.02, 38.1, 640]
['2019-03-28 14:55:00', 38.06, 38.04, 38.04, 38.1, 500]
['2019-03-28 14:54:00', 38.0, 38.03, 37.965, 38.04, 3500]
['2019-03-28 14:53:00', 38.0, 38.0, 37.95, 38.04, 5825]
['2019-03-28 14:51:00', 38.035, 38.035, 37.96, 38.035, 4445]
['2019-03-28 14:50:00', 38.0, 38.07, 38.0, 38.07, 300]
['2019-03-28 14:49:00', 38.03, 38.06, 37.97, 38.07, 3500]
['2019-03-28 14:48:00', 38.11, 38.11, 38.11, 38.11, 100]
['2019-03-28 14:46:00', 38.03, 38.03, 38.03, 38.03, 453]
['2019-03-28 14:44:00', 38.11, 38.12, 38.07, 38.14, 1200]
['2019-03-28 14:40:00', 38.12, 38.16, 38.11, 38.16, 710]
['2019-03-28 14:39:00', 38.13, 38.13, 38.13, 38.13, 220]
['2019-03-28 14:38:00', 38.095, 38.095, 38.095, 38.095, 208]
['2019-03-28 14:37:00', 38.05, 38.07, 38.05, 38.08, 1150]
['2019-03-28 14:36:00', 38.085, 38.085, 38.085, 38.085, 100]
['2019-03-28 14:35:00', 38.0, 38.08, 38.0, 38.09, 2196]
['2019-03-28 14:34:00', 38.045, 38.015, 38.015, 38.045, 795]
['2019-03-28 14:33:00', 38.04, 38.04, 38.04, 38.04, 100]
['2019-03-28 14:32:00', 38.1, 38.11, 38.1, 38.11, 300]
['2019-03-28 14:31:00', 38.2, 38.2, 38.2, 38.2, 210]
['2019-03-28 14:30:00', 38.19, 38.185, 38.185, 38.19, 200]
['2019-03-28 14:29:00', 38.22, 38.195, 38.195, 38.22, 200]
['2019-03-28 14:28:00', 38.18, 38.18, 38.11, 38.18, 1500]
['2019-03-28 14:27:00', 38.25, 38.21, 38.14, 38.25, 466]
['2019-03-28 14:26:00', 38.22, 38.26, 38.22, 38.28, 615]
['2019-03-28 14:25:00', 38.24, 38.24, 38.24, 38.24, 180]
['2019-03-28 14:24:00', 38.24, 38.28, 38.24, 38.28, 300]
['2019-03-28 14:23:00', 38.16, 38.26, 38.16, 38.27, 1439]
['2019-03-28 14:22:00', 38.09, 38.1, 38.09, 38.11, 617]
['2019-03-28 14:21:00', 37.99, 38.04, 37.99, 38.04, 616]
['2019-03-28 14:19:00', 38.08, 38.03, 38.03, 38.08, 697]
['2019-03-28 14:18:00', 38.09, 38.11, 38.05, 38.11, 485]
['2019-03-28 14:17:00', 38.06, 38.05, 38.05, 38.06, 247]
['2019-03-28 14:16:00', 38.05, 38.05, 38.05, 38.05, 526]
['2019-03-28 14:14:00', 37.9834, 38.05, 37.9834, 38.05, 354]
['2019-03-28 14:13:00', 38.07, 38.05, 38.05, 38.09, 676]
['2019-03-28 14:12:00', 37.93, 38.12, 37.93, 38.12, 1488]
['2019-03-28 14:11:00', 37.925, 37.97, 37.89, 37.97, 322]
['2019-03-28 14:10:00', 37.885, 37.91, 37.88, 37.93, 820]
['2019-03-28 14:09:00', 37.88, 37.88, 37.88, 37.88, 223]
['2019-03-28 14:08:00', 37.92, 37.92, 37.88, 37.92, 510]
['2019-03-28 14:07:00', 37.88, 37.88, 37.88, 37.88, 220]
['2019-03-28 14:04:00', 37.9, 37.9, 37.9, 37.9, 350]
['2019-03-28 14:03:00', 37.94, 37.95, 37.885, 37.95, 310]
['2019-03-28 14:02:00', 37.895, 37.91, 37.895, 37.91, 450]
['2019-03-28 14:01:00', 38.03, 38.005, 38.005, 38.03, 1040]
['2019-03-28 14:00:00', 38.08, 38.08, 38.08, 38.08, 160]
['2019-03-28 13:59:00', 38.095, 38.08, 38.08, 38.15, 700]
['2019-03-28 13:58:00', 38.095, 38.095, 38.095, 38.12, 407]
['2019-03-28 13:57:00', 38.1, 38.095, 38.02, 38.12, 2785]
['2019-03-28 13:56:00', 38.06, 38.06, 38.04, 38.1, 1252]
['2019-03-28 13:54:00', 38.02, 38.08, 37.93, 38.08, 5236]
['2019-03-28 13:53:00', 37.95, 38.04, 37.95, 38.04, 2862]
['2019-03-28 13:52:00', 37.93, 37.93, 37.93, 37.93, 350]
['2019-03-28 13:51:00', 37.745, 37.99, 37.745, 37.99, 11463]
['2019-03-28 13:50:00', 37.7, 37.755, 37.7, 37.77, 721]
['2019-03-28 13:49:00', 37.715, 37.715, 37.715, 37.715, 127]
['2019-03-28 13:48:00', 37.63, 37.77, 37.63, 37.79, 1595]
['2019-03-28 13:47:00', 37.59, 37.62, 37.59, 37.62, 450]
['2019-03-28 13:46:00', 37.54, 37.54, 37.53, 37.54, 700]
['2019-03-28 13:45:00', 37.615, 37.62, 37.615, 37.62, 200]
['2019-03-28 13:44:00', 37.59, 37.575, 37.575, 37.61, 476]
['2019-03-28 13:43:00', 37.51, 37.57, 37.51, 37.57, 2405]
['2019-03-28 13:42:00', 37.62, 37.49, 37.49, 37.62, 3424]
['2019-03-28 13:41:00', 37.62, 37.62, 37.565, 37.62, 499]
['2019-03-28 13:40:00', 37.56, 37.56, 37.56, 37.56, 100]
['2019-03-28 13:39:00', 37.61, 37.6195, 37.61, 37.6195, 200]
['2019-03-28 13:36:00', 37.575, 37.575, 37.575, 37.575, 105]
['2019-03-28 13:35:00', 37.57, 37.64, 37.57, 37.65, 300]
['2019-03-28 13:33:00', 37.49, 37.61, 37.49, 37.61, 300]
['2019-03-28 13:32:00', 37.59, 37.46, 37.46, 37.59, 300]
['2019-03-28 13:31:00', 37.55, 37.55, 37.55, 37.55, 530]
['2019-03-28 13:29:00', 37.6, 37.53, 37.53, 37.67, 300]
['2019-03-28 13:28:00', 37.65, 37.595, 37.595, 37.65, 300]
['2019-03-28 13:26:00', 37.5, 37.5, 37.5, 37.5, 100]
['2019-03-28 13:25:00', 37.45, 37.7, 37.45, 37.7, 1622]
['2019-03-28 13:23:00', 37.68, 37.54, 37.54, 37.68, 1219]
['2019-03-28 13:20:00', 37.62, 37.73, 37.62, 37.73, 600]
['2019-03-28 13:19:00', 37.62, 37.62, 37.62, 37.62, 200]
['2019-03-28 13:18:00', 37.44, 37.51, 37.39, 37.51, 705]
['2019-03-28 13:17:00', 37.22, 37.43, 37.22, 37.43, 6283]
['2019-03-28 13:16:00', 37.08, 37.155, 37.08, 37.21, 10233]
['2019-03-28 13:15:00', 37.08, 37.11, 37.08, 37.11, 400]
['2019-03-28 13:13:00', 37.025, 37.08, 37.025, 37.08, 11225]
['2019-03-28 13:12:00', 36.95, 37.03, 36.91, 37.05, 2143]
['2019-03-28 13:11:00', 36.94, 36.93, 36.89, 36.95, 7508]
['2019-03-28 13:10:00', 36.91, 36.91, 36.91, 36.91, 100]
['2019-03-28 13:08:00', 36.91, 36.91, 36.91, 36.91, 100]
['2019-03-28 13:06:00', 36.92, 36.92, 36.92, 36.92, 279]
['2019-03-28 13:02:00', 36.9, 36.88, 36.88, 36.96, 2533]
['2019-03-28 13:01:00', 36.95, 36.95, 36.95, 36.95, 300]
['2019-03-28 13:00:00', 36.99, 36.94, 36.94, 36.99, 870]
['2019-03-28 12:59:00', 37.045, 37.045, 37.045, 37.045, 210]
['2019-03-28 12:56:00', 37.0, 37.0, 37.0, 37.0, 140]
['2019-03-28 12:51:00', 36.93, 36.93, 36.93, 36.93, 405]
['2019-03-28 12:50:00', 37.0, 36.95, 36.95, 37.07, 927]
['2019-03-28 12:48:00', 36.9612, 36.96, 36.96, 37.07, 450]
['2019-03-28 12:47:00', 37.07, 37.01, 37.01, 37.07, 500]
['2019-03-28 12:45:00', 37.12, 37.12, 37.12, 37.12, 527]
['2019-03-28 12:44:00', 36.92, 37.02, 36.91, 37.02, 1170]
['2019-03-28 12:40:00', 36.95, 36.97, 36.95, 36.97, 440]
['2019-03-28 12:38:00', 36.82, 36.91, 36.82, 36.91, 580]
['2019-03-28 12:37:00', 36.76, 36.76, 36.76, 36.81, 500]
['2019-03-28 12:36:00', 36.7, 36.7, 36.7, 36.7, 781]
['2019-03-28 12:35:00', 36.64, 36.7, 36.63, 36.7, 2012]
['2019-03-28 12:30:00', 36.66, 36.65, 36.65, 36.69, 704]
['2019-03-28 12:29:00', 36.69, 36.66, 36.65, 36.75, 4816]
['2019-03-28 12:28:00', 36.645, 36.645, 36.645, 36.645, 100]
['2019-03-28 12:27:00', 36.6, 36.68, 36.57, 36.69, 3914]
['2019-03-28 12:23:00', 36.6, 36.6, 36.6, 36.6, 329]
['2019-03-28 12:22:00', 36.6, 36.6, 36.6, 36.6, 134]
['2019-03-28 12:18:00', 36.58, 36.55, 36.55, 36.58, 709]
['2019-03-28 12:16:00', 36.56, 36.56, 36.56, 36.56, 505]
['2019-03-28 12:14:00', 36.45, 36.45, 36.44, 36.45, 390]
['2019-03-28 12:12:00', 36.485, 36.44, 36.44, 36.485, 615]
['2019-03-28 12:11:00', 36.46, 36.55, 36.46, 36.55, 1100]
['2019-03-28 12:10:00', 36.36, 36.47, 36.36, 36.47, 1600]
['2019-03-28 12:09:00', 36.49, 36.41, 36.41, 36.49, 869]
['2019-03-28 12:06:00', 36.6, 36.56, 36.55, 36.6, 4081]
['2019-03-28 12:04:00', 36.6, 36.6, 36.6, 36.6, 405]
['2019-03-28 12:01:00', 36.52, 36.55, 36.52, 36.55, 511]
['2019-03-28 11:58:00', 36.49, 36.5, 36.49, 36.5, 918]
['2019-03-28 11:57:00', 36.47, 36.47, 36.47, 36.47, 302]
['2019-03-28 11:56:00', 36.49, 36.49, 36.49, 36.49, 399]
['2019-03-28 11:55:00', 36.46, 36.51, 36.46, 36.51, 513]
['2019-03-28 11:53:00', 36.38, 36.35, 36.35, 36.45, 1530]
['2019-03-28 11:52:00', 36.47, 36.44, 36.44, 36.47, 1395]
['2019-03-28 11:51:00', 36.57, 36.52, 36.52, 36.59, 960]
['2019-03-28 11:50:00', 36.51, 36.51, 36.51, 36.51, 232]
['2019-03-28 11:48:00', 36.62, 36.49, 36.49, 36.62, 4219]
['2019-03-28 11:45:00', 36.56, 36.5, 36.5, 36.63, 620]
['2019-03-28 11:44:00', 36.555, 36.555, 36.555, 36.555, 100]
['2019-03-28 11:42:00', 36.64, 36.64, 36.63, 36.64, 300]
['2019-03-28 11:41:00', 36.73, 36.59, 36.59, 36.73, 1339]
['2019-03-28 11:40:00', 36.65, 36.72, 36.65, 36.72, 605]
['2019-03-28 11:37:00', 36.64, 36.65, 36.63, 36.65, 301]
['2019-03-28 11:36:00', 36.4775, 36.555, 36.4775, 36.555, 556]
['2019-03-28 11:35:00', 36.42, 36.47, 36.42, 36.51, 900]
['2019-03-28 11:34:00', 36.42, 36.395, 36.395, 36.49, 2777]
['2019-03-28 11:33:00', 36.45, 36.45, 36.45, 36.45, 101]
['2019-03-28 11:32:00', 36.49, 36.45, 36.41, 36.49, 999]
['2019-03-28 11:30:00', 36.325, 36.33, 36.3, 36.3654, 1450]
['2019-03-28 11:29:00', 36.21, 36.28, 36.21, 36.3, 2209]
['2019-03-28 11:28:00', 36.18, 36.21, 36.16, 36.24, 686]
['2019-03-28 11:27:00', 36.21, 36.2, 36.14, 36.29, 1226]
['2019-03-28 11:26:00', 36.3, 36.31, 36.22, 36.33, 2430]
['2019-03-28 11:25:00', 36.3927, 36.3927, 36.3927, 36.3927, 127]
['2019-03-28 11:24:00', 36.36, 36.27, 36.27, 36.42, 1775]
['2019-03-28 11:21:00', 36.5, 36.44, 36.44, 36.5, 256]
['2019-03-28 11:20:00', 36.51, 36.43, 36.39, 36.63, 7522]
['2019-03-28 11:19:00', 36.57, 36.51, 36.48, 36.61, 2922]
['2019-03-28 11:14:00', 36.64, 36.74, 36.63, 36.74, 3402]
['2019-03-28 11:13:00', 36.75, 36.75, 36.75, 36.75, 230]
['2019-03-28 11:11:00', 36.69, 36.76, 36.69, 36.79, 712]
['2019-03-28 11:10:00', 36.57, 36.77, 36.57, 36.77, 200]
['2019-03-28 11:07:00', 36.64, 36.69, 36.64, 36.69, 1169]
['2019-03-28 11:06:00', 36.64, 36.71, 36.64, 36.71, 1328]
['2019-03-28 11:03:00', 36.8599, 36.765, 36.765, 36.8599, 831]
['2019-03-28 11:02:00', 36.71, 36.8118, 36.71, 36.8118, 200]
['2019-03-28 11:01:00', 36.82, 36.81, 36.81, 36.88, 626]
['2019-03-28 11:00:00', 36.94, 36.94, 36.94, 36.94, 121]
['2019-03-28 10:58:00', 36.885, 36.88, 36.88, 36.96, 932]
['2019-03-28 10:57:00', 36.885, 36.885, 36.885, 36.97, 900]
['2019-03-28 10:56:00', 36.98, 36.89, 36.81, 36.98, 2188]
['2019-03-28 10:55:00', 37.0, 36.98, 36.975, 37.0, 50300]
['2019-03-28 10:54:00', 36.95, 36.95, 36.95, 36.95, 203]
['2019-03-28 10:51:00', 37.065, 37.08, 37.01, 37.13, 7622]
['2019-03-28 10:50:00', 37.08, 37.07, 37.07, 37.08, 300]
['2019-03-28 10:49:00', 37.14, 37.14, 37.14, 37.14, 115]
['2019-03-28 10:48:00', 37.18, 37.25, 37.18, 37.25, 231]
['2019-03-28 10:47:00', 37.18, 37.18, 37.14, 37.18, 900]
['2019-03-28 10:46:00', 37.2, 37.22, 37.175, 37.22, 1580]
['2019-03-28 10:45:00', 37.3, 37.22, 37.22, 37.3, 1100]
['2019-03-28 10:42:00', 37.26, 37.4, 37.26, 37.4, 502]
['2019-03-28 10:40:00', 37.32, 37.3, 37.29, 37.34, 1596]
['2019-03-28 10:38:00', 37.27, 37.35, 37.2282, 37.35, 866]
['2019-03-28 10:37:00', 37.27, 37.27, 37.27, 37.27, 500]
['2019-03-28 10:35:00', 37.32, 37.32, 37.31, 37.33, 1060]
['2019-03-28 10:34:00', 37.28, 37.31, 37.28, 37.38, 733]
['2019-03-28 10:32:00', 37.17, 37.28, 37.17, 37.28, 1800]
['2019-03-28 10:31:00', 37.1, 37.22, 37.1, 37.23, 1021]
['2019-03-28 10:30:00', 37.055, 37.05, 37.05, 37.055, 200]
['2019-03-28 10:27:00', 37.01, 37.01, 37.01, 37.01, 100]
['2019-03-28 10:26:00', 37.07, 37.1, 37.06, 37.1, 500]
['2019-03-28 10:24:00', 37.24, 37.2, 37.2, 37.24, 1531]
['2019-03-28 10:23:00', 37.2, 37.29, 37.2, 37.3, 555]
['2019-03-28 10:22:00', 36.97, 37.12, 36.97, 37.12, 1000]
['2019-03-28 10:20:00', 36.97, 36.89, 36.89, 37.01, 1733]
['2019-03-28 10:19:00', 36.95, 36.93, 36.93, 37.02, 936]
['2019-03-28 10:18:00', 36.9, 36.96, 36.9, 36.96, 1699]
['2019-03-28 10:17:00', 36.9, 36.84, 36.84, 36.9, 2548]
['2019-03-28 10:16:00', 36.9, 36.9, 36.88, 36.9, 3300]
['2019-03-28 10:15:00', 36.95, 36.84, 36.84, 36.95, 1498]
['2019-03-28 10:14:00', 36.99, 36.965, 36.92, 37.04, 2611]
['2019-03-28 10:13:00', 37.12, 37.12, 37.12, 37.12, 202]
['2019-03-28 10:12:00', 37.12, 37.12, 37.12, 37.12, 302]
['2019-03-28 10:06:00', 37.04, 37.04, 37.04, 37.04, 524]
['2019-03-28 10:05:00', 37.0, 37.03, 37.0, 37.03, 532]
['2019-03-28 10:04:00', 36.9741, 36.9741, 36.9741, 36.9741, 400]
['2019-03-28 10:02:00', 37.02, 37.01, 36.925, 37.02, 500]
['2019-03-28 10:01:00', 36.76, 37.02, 36.76, 37.02, 850]
['2019-03-28 10:00:00', 36.72, 36.91, 36.71, 36.91, 1005]
['2019-03-28 09:59:00', 36.5, 36.76, 36.47, 36.76, 2948]
['2019-03-28 09:56:00', 36.46, 36.4672, 36.46, 36.5, 518]
['2019-03-28 09:55:00', 36.55, 36.46, 36.46, 36.55, 1485]
['2019-03-28 09:50:00', 36.71, 36.7, 36.7, 36.8, 2190]
['2019-03-28 09:49:00', 36.69, 36.62, 36.62, 36.71, 1497]
['2019-03-28 09:48:00', 36.25, 36.52, 36.25, 36.52, 3758]
['2019-03-28 09:45:00', 36.35, 36.34, 36.34, 36.35, 402]
['2019-03-28 09:40:00', 35.88, 35.88, 35.88, 35.88, 682]
['2019-03-28 09:39:00', 36.06, 36.06, 36.06, 36.06, 200]
['2019-03-28 09:31:00', 36.05, 36.05, 36.05, 36.05, 2978]
['2019-03-27 16:00:00', 35.82, 35.82, 35.74, 35.86, 10823]
['2019-03-27 15:59:00', 35.9, 35.81, 35.81, 35.93, 5734]
['2019-03-27 15:58:00', 35.95, 35.93, 35.89, 35.95, 4817]
['2019-03-27 15:57:00', 35.99, 35.9562, 35.94, 36.01, 3464]
['2019-03-27 15:56:00', 35.9, 35.99, 35.9, 35.99, 1925]
['2019-03-27 15:55:00', 35.93, 35.9118, 35.88, 35.99, 4513]
['2019-03-27 15:54:00', 36.01, 35.92, 35.92, 36.01, 680]
['2019-03-27 15:53:00', 36.01, 35.99, 35.96, 36.05, 6388]
['2019-03-27 15:52:00', 36.04, 36.04, 36.04, 36.05, 1300]
['2019-03-27 15:51:00', 36.07, 36.03, 36.01, 36.07, 2060]
['2019-03-27 15:50:00', 36.09, 36.08, 36.05, 36.09, 1469]
['2019-03-27 15:49:00', 36.05, 36.07, 36.05, 36.07, 1281]
['2019-03-27 15:48:00', 36.05, 36.05, 36.05, 36.05, 151]
['2019-03-27 15:47:00', 36.11, 36.09, 36.09, 36.13, 1835]
['2019-03-27 15:46:00', 36.1, 36.12, 36.09, 36.14, 1194]
['2019-03-27 15:45:00', 36.15, 36.125, 36.1, 36.15, 2268]
['2019-03-27 15:44:00', 36.16, 36.13, 36.13, 36.16, 1077]
['2019-03-27 15:43:00', 36.18, 36.18, 36.12, 36.18, 2055]
['2019-03-27 15:42:00', 36.14, 36.16, 36.14, 36.18, 744]
['2019-03-27 15:41:00', 36.17, 36.12, 36.12, 36.17, 1000]
['2019-03-27 15:40:00', 36.22, 36.18, 36.17, 36.22, 1260]
['2019-03-27 15:39:00', 36.23, 36.195, 36.195, 36.23, 440]
['2019-03-27 15:38:00', 36.25, 36.28, 36.22, 36.28, 702]
['2019-03-27 15:37:00', 36.3, 36.25, 36.25, 36.32, 1290]
['2019-03-27 15:36:00', 36.225, 36.27, 36.225, 36.27, 700]
['2019-03-27 15:35:00', 36.255, 36.225, 36.18, 36.255, 300]
['2019-03-27 15:34:00', 36.26, 36.225, 36.2, 36.26, 500]
['2019-03-27 15:33:00', 36.27, 36.28, 36.24, 36.299, 2350]
['2019-03-27 15:32:00', 36.42, 36.32, 36.32, 36.43, 987]
['2019-03-27 15:31:00', 36.25, 36.39, 36.25, 36.39, 1310]
['2019-03-27 15:30:00', 36.2, 36.28, 36.2, 36.28, 1790]
['2019-03-27 15:29:00', 36.18, 36.185, 36.14, 36.185, 300]
['2019-03-27 15:28:00', 36.14, 36.18, 36.14, 36.22, 607]
['2019-03-27 15:27:00', 36.17, 36.2, 36.17, 36.2, 863]
['2019-03-27 15:26:00', 36.2, 36.2, 36.14, 36.2, 600]
['2019-03-27 15:25:00', 36.24, 36.24, 36.24, 36.24, 132]
['2019-03-27 15:24:00', 36.18, 36.24, 36.18, 36.24, 1112]
['2019-03-27 15:23:00', 36.14, 36.17, 36.14, 36.17, 587]
['2019-03-27 15:22:00', 36.17, 36.17, 36.13, 36.17, 500]
['2019-03-27 15:20:00', 36.15, 36.14, 36.14, 36.155, 311]
['2019-03-27 15:19:00', 36.16, 36.19, 36.16, 36.19, 348]
['2019-03-27 15:18:00', 36.16, 36.17, 36.16, 36.17, 300]
['2019-03-27 15:17:00', 36.2, 36.14, 36.14, 36.2, 138881]
['2019-03-27 15:16:00', 36.2, 36.2, 36.2, 36.2, 0]
['2019-03-27 15:15:00', 36.17, 36.2, 36.17, 36.2, 672]
['2019-03-27 15:14:00', 36.135, 36.11, 36.11, 36.135, 450]
['2019-03-27 15:13:00', 36.27, 36.18, 36.18, 36.27, 503]
['2019-03-27 15:12:00', 36.22, 36.24, 36.22, 36.24, 720]
['2019-03-27 15:11:00', 36.18, 36.17, 36.17, 36.19, 640]
['2019-03-27 15:09:00', 36.15, 36.14, 36.14, 36.15, 586]
['2019-03-27 15:08:00', 36.18, 36.2, 36.18, 36.22, 572]
['2019-03-27 15:06:00', 36.2, 36.24, 36.2, 36.24, 799]
['2019-03-27 15:04:00', 36.24, 36.24, 36.23, 36.24, 642]
['2019-03-27 15:03:00', 36.29, 36.24, 36.24, 36.29, 821]
['2019-03-27 15:02:00', 36.3284, 36.37, 36.3284, 36.37, 602]
['2019-03-27 15:01:00', 36.35, 36.35, 36.35, 36.35, 100]
['2019-03-27 15:00:00', 36.37, 36.37, 36.37, 36.37, 252]
['2019-03-27 14:59:00', 36.37, 36.37, 36.37, 36.37, 345]
['2019-03-27 14:58:00', 36.35, 36.39, 36.35, 36.39, 750]
['2019-03-27 14:57:00', 36.33, 36.36, 36.33, 36.36, 753]
['2019-03-27 14:55:00', 36.415, 36.415, 36.415, 36.415, 370]
['2019-03-27 14:53:00', 36.44, 36.44, 36.44, 36.44, 250]
['2019-03-27 14:52:00', 36.52, 36.44, 36.44, 36.54, 997]
['2019-03-27 14:51:00', 36.43, 36.5, 36.43, 36.51, 1514]
['2019-03-27 14:49:00', 36.41, 36.41, 36.41, 36.41, 150]
['2019-03-27 14:48:00', 36.42, 36.42, 36.42, 36.42, 100]
['2019-03-27 14:47:00', 36.435, 36.435, 36.435, 36.435, 334]
['2019-03-27 14:46:00', 36.65, 36.605, 36.55, 36.65, 2413]
['2019-03-27 14:43:00', 36.62, 36.62, 36.62, 36.62, 532]
['2019-03-27 14:42:00', 36.68, 36.66, 36.66, 36.68, 440]
['2019-03-27 14:41:00', 36.73, 36.66, 36.64, 36.73, 1726]
['2019-03-27 14:39:00', 36.77, 36.77, 36.77, 36.77, 476]
['2019-03-27 14:38:00', 36.81, 36.85, 36.81, 36.87, 713]
['2019-03-27 14:37:00', 36.83, 36.83, 36.83, 36.83, 100]
['2019-03-27 14:35:00', 36.93, 36.91, 36.91, 36.93, 634]
['2019-03-27 14:34:00', 36.96, 36.945, 36.93, 36.97, 400]
['2019-03-27 14:33:00', 37.0, 37.0, 37.0, 37.0, 104]
['2019-03-27 14:31:00', 36.98, 37.03, 36.97, 37.03, 777]
['2019-03-27 14:29:00', 36.99, 37.0, 36.96, 37.01, 766]
['2019-03-27 14:27:00', 37.0, 37.0, 37.0, 37.0, 100]
['2019-03-27 14:25:00', 36.98, 37.01, 36.98, 37.01, 200]
['2019-03-27 14:24:00', 36.95, 36.95, 36.95, 36.95, 234]
['2019-03-27 14:21:00', 36.97, 36.95, 36.95, 36.97, 707]
['2019-03-27 14:19:00', 37.06, 37.06, 37.05, 37.06, 403]
['2019-03-27 14:15:00', 37.07, 37.07, 37.07, 37.07, 202]
['2019-03-27 14:14:00', 37.125, 37.125, 37.125, 37.125, 220]
['2019-03-27 14:13:00', 37.14, 37.13, 37.13, 37.14, 204]
['2019-03-27 14:12:00', 37.09, 37.24, 37.09, 37.24, 835]
['2019-03-27 14:08:00', 37.04, 37.09, 37.02, 37.11, 985]
['2019-03-27 14:01:00', 37.11, 37.11, 37.11, 37.11, 260]
['2019-03-27 13:58:00', 37.05, 37.05, 37.01, 37.05, 566]
['2019-03-27 13:54:00', 37.17, 37.17, 37.17, 37.17, 407]
['2019-03-27 13:50:00', 37.15, 37.15, 37.15, 37.15, 201]
['2019-03-27 13:46:00', 37.11, 37.11, 37.11, 37.11, 210]
['2019-03-27 13:45:00', 36.99, 37.0499, 36.99, 37.0499, 703]
['2019-03-27 13:41:00', 36.92, 36.92, 36.92, 36.92, 210]
['2019-03-27 13:38:00', 36.84, 36.84, 36.84, 36.84, 318]
['2019-03-27 13:36:00', 36.88, 36.88, 36.88, 36.88, 149]
['2019-03-27 13:32:00', 36.94, 36.94, 36.94, 36.94, 115]
['2019-03-27 13:30:00', 36.95, 36.95, 36.95, 36.95, 150]
['2019-03-27 13:26:00', 36.9, 36.9, 36.9, 36.9, 141]
['2019-03-27 13:22:00', 36.87, 36.89, 36.87, 36.89, 820]
['2019-03-27 13:15:00', 36.87, 36.87, 36.87, 36.87, 143]
['2019-03-27 13:14:00', 36.74, 36.74, 36.74, 36.74, 163]
['2019-03-27 13:13:00', 36.71, 36.71, 36.71, 36.71, 106]
['2019-03-27 13:06:00', 36.66, 36.66, 36.66, 36.66, 132]
['2019-03-27 13:03:00', 36.78, 36.78, 36.78, 36.78, 477]
['2019-03-27 13:02:00', 36.66, 36.74, 36.66, 36.75, 755]
['2019-03-27 13:00:00', 36.85, 36.76, 36.76, 36.85, 920]
['2019-03-27 12:58:00', 36.87, 36.9, 36.87, 36.9, 403]
['2019-03-27 12:53:00', 36.9, 36.95, 36.9, 36.95, 440]
['2019-03-27 12:51:00', 36.84, 36.93, 36.84, 36.93, 1025]
['2019-03-27 12:49:00', 36.78, 36.8, 36.78, 36.8, 1405]
['2019-03-27 12:48:00', 36.855, 36.855, 36.855, 36.855, 100]
['2019-03-27 12:47:00', 36.8, 36.8, 36.8, 36.8, 252]
['2019-03-27 12:46:00', 36.82, 36.88, 36.81, 36.88, 805]
['2019-03-27 12:45:00', 36.77, 36.8, 36.77, 36.8, 1330]
['2019-03-27 12:29:00', 36.68, 36.68, 36.68, 36.68, 522]
['2019-03-27 12:28:00', 36.65, 36.76, 36.65, 36.76, 1341]
['2019-03-27 12:26:00', 36.56, 36.56, 36.56, 36.56, 280]
['2019-03-27 12:25:00', 36.54, 36.68, 36.54, 36.68, 814]
['2019-03-27 12:24:00', 36.5384, 36.4955, 36.4955, 36.58, 714]
['2019-03-27 12:23:00', 36.61, 36.62, 36.6, 36.62, 2065]
['2019-03-27 12:21:00', 36.52, 36.63, 36.52, 36.63, 1215]
['2019-03-27 12:19:00', 36.53, 36.52, 36.4852, 36.6, 2652]
['2019-03-27 12:17:00', 36.54, 36.53, 36.53, 36.54, 200]
['2019-03-27 12:16:00', 36.5742, 36.57, 36.57, 36.5742, 600]
['2019-03-27 12:14:00', 36.59, 36.58, 36.58, 36.59, 240]
['2019-03-27 12:13:00', 36.58, 36.58, 36.58, 36.58, 312]
['2019-03-27 12:12:00', 36.49, 36.51, 36.49, 36.51, 520]
['2019-03-27 12:11:00', 36.48, 36.6, 36.48, 36.6, 987]
['2019-03-27 12:05:00', 36.21, 36.21, 36.21, 36.21, 100]
['2019-03-27 12:04:00', 36.1158, 36.28, 36.1158, 36.28, 86217]
['2019-03-27 12:02:00', 36.2, 36.2, 36.2, 36.2, 0]
['2019-03-27 11:55:00', 36.12, 36.06, 36.04, 36.12, 1396]
['2019-03-27 11:53:00', 36.23, 36.23, 36.23, 36.24, 730]
['2019-03-27 11:52:00', 36.32, 36.35, 36.32, 36.35, 302]
['2019-03-27 11:51:00', 36.25, 36.3, 36.25, 36.37, 1025]
['2019-03-27 11:50:00', 36.27, 36.26, 36.26, 36.27, 750]
['2019-03-27 11:47:00', 36.16, 36.25, 36.1214, 36.25, 600]
['2019-03-27 11:45:00', 36.2, 36.2, 36.2, 36.2, 116]
['2019-03-27 11:38:00', 36.18, 36.25, 36.18, 36.25, 877]
['2019-03-27 11:37:00', 36.1, 36.1, 36.1, 36.1, 150]
['2019-03-27 11:36:00', 36.02, 36.08, 35.995, 36.08, 1513]
['2019-03-27 11:35:00', 36.0, 36.0, 36.0, 36.05, 1780]
['2019-03-27 11:34:00', 36.13, 36.07, 36.07, 36.13, 500]
['2019-03-27 11:33:00', 36.14, 36.185, 36.14, 36.185, 400]
['2019-03-27 11:32:00', 36.06, 36.05, 36.04, 36.09, 1167]
['2019-03-27 11:31:00', 36.12, 36.08, 36.08, 36.12, 820]
['2019-03-27 11:30:00', 36.0, 36.08, 36.0, 36.12, 4182]
['2019-03-27 11:29:00', 36.03, 36.01, 36.01, 36.03, 502]
['2019-03-27 11:28:00', 36.1413, 36.1413, 36.1413, 36.1413, 211]
['2019-03-27 11:27:00', 36.1, 36.11, 36.1, 36.11, 202]
['2019-03-27 11:26:00', 36.12, 36.11, 36.11, 36.3, 1700]
['2019-03-27 11:25:00', 36.21, 36.13, 36.13, 36.21, 300]
['2019-03-27 11:24:00', 36.17, 36.17, 36.17, 36.17, 277]
['2019-03-27 11:23:00', 36.1, 36.1209, 36.1, 36.24, 3638]
['2019-03-27 11:21:00', 36.2256, 36.19, 36.19, 36.2256, 1135]
['2019-03-27 11:19:00', 36.22, 36.28, 36.22, 36.28, 1010]
['2019-03-27 11:18:00', 36.13, 36.17, 36.13, 36.17, 505]
['2019-03-27 11:17:00', 36.11, 36.11, 36.11, 36.11, 122]
['2019-03-27 11:16:00', 36.25, 36.172, 36.12, 36.25, 705]
['2019-03-27 11:14:00', 36.35, 36.35, 36.32, 36.35, 698]
['2019-03-27 11:12:00', 36.52, 36.36, 36.36, 36.52, 1682]
['2019-03-27 11:11:00', 36.56, 36.6, 36.56, 36.6, 200]
['2019-03-27 11:10:00', 36.53, 36.55, 36.53, 36.55, 2143]
['2019-03-27 11:09:00', 36.54, 36.54, 36.54, 36.54, 201]
['2019-03-27 11:07:00', 36.54, 36.54, 36.54, 36.54, 205]
['2019-03-27 11:05:00', 36.54, 36.53, 36.53, 36.54, 510]
['2019-03-27 11:04:00', 36.55, 36.68, 36.55, 36.68, 2240]
['2019-03-27 11:03:00', 36.56, 36.56, 36.56, 36.56, 600]
['2019-03-27 11:01:00', 36.7, 36.65, 36.65, 36.7, 1597]
['2019-03-27 11:00:00', 36.625, 36.65, 36.625, 36.7, 1269]
['2019-03-27 10:58:00', 36.66, 36.66, 36.66, 36.66, 225]
['2019-03-27 10:57:00', 36.63, 36.62, 36.62, 36.63, 206]
['2019-03-27 10:56:00', 36.74, 36.75, 36.74, 36.75, 708]
['2019-03-27 10:55:00', 36.7, 36.74, 36.7, 36.74, 293]
['2019-03-27 10:52:00', 36.66, 36.6, 36.6, 36.66, 412]
['2019-03-27 10:51:00', 36.49, 36.63, 36.49, 36.63, 2000]
['2019-03-27 10:50:00', 36.62, 36.59, 36.59, 36.62, 505]
['2019-03-27 10:49:00', 36.66, 36.66, 36.66, 36.66, 600]
['2019-03-27 10:48:00', 36.54, 36.59, 36.54, 36.59, 1010]
['2019-03-27 10:47:00', 36.6, 36.59, 36.59, 36.6, 300]
['2019-03-27 10:44:00', 36.75, 36.74, 36.74, 36.75, 281]
['2019-03-27 10:41:00', 36.86, 36.86, 36.7575, 36.86, 1493]
['2019-03-27 10:40:00', 36.92, 36.92, 36.92, 36.92, 151]
['2019-03-27 10:38:00', 36.98, 36.98, 36.98, 36.98, 250]
['2019-03-27 10:37:00', 36.92, 36.92, 36.92, 36.92, 604]
['2019-03-27 10:36:00', 37.1, 37.02, 37.02, 37.11, 611]
['2019-03-27 10:35:00', 37.1, 37.1, 37.05, 37.14, 1665]
['2019-03-27 10:34:00', 37.15, 37.15, 37.15, 37.15, 200]
['2019-03-27 10:33:00', 37.26, 37.25, 37.25, 37.26, 393]
['2019-03-27 10:32:00', 37.33, 37.35, 37.305, 37.36, 607]
['2019-03-27 10:31:00', 37.35, 37.35, 37.29, 37.35, 2288]
['2019-03-27 10:30:00', 37.26, 37.26, 37.26, 37.26, 102]
['2019-03-27 10:28:00', 37.315, 37.264, 37.22, 37.315, 1200]
['2019-03-27 10:27:00', 37.35, 37.345, 37.34, 37.35, 1897]
['2019-03-27 10:26:00', 37.34, 37.34, 37.34, 37.34, 200]
['2019-03-27 10:22:00', 37.2896, 37.2896, 37.2896, 37.2896, 303]
['2019-03-27 10:20:00', 37.33, 37.33, 37.33, 37.33, 100]
['2019-03-27 10:19:00', 37.295, 37.31, 37.2, 37.31, 3255]
['2019-03-27 10:18:00', 37.245, 37.245, 37.245, 37.245, 200]
['2019-03-27 10:17:00', 37.25, 37.3, 37.25, 37.3, 1350]
['2019-03-27 10:15:00', 37.31, 37.34, 37.3, 37.43, 2175]
['2019-03-27 10:13:00', 37.31, 37.31, 37.31, 37.31, 289]
['2019-03-27 10:12:00', 37.4306, 37.4306, 37.4306, 37.4306, 250]
['2019-03-27 10:11:00', 37.31, 37.36, 37.27, 37.39, 1599]
['2019-03-27 10:10:00', 37.225, 37.22, 37.22, 37.225, 550]
['2019-03-27 10:08:00', 37.26, 37.29, 37.2, 37.29, 522]
['2019-03-27 10:07:00', 37.3132, 37.3132, 37.3132, 37.3132, 438]
['2019-03-27 10:05:00', 37.3245, 37.365, 37.3245, 37.365, 351]
['2019-03-27 10:03:00', 37.29, 37.2833, 37.2833, 37.29, 558]
['2019-03-27 10:01:00', 37.2, 37.29, 37.2, 37.32, 1000]
['2019-03-27 10:00:00', 37.4149, 37.255, 37.22, 37.4149, 1756]
['2019-03-27 09:59:00', 37.435, 37.435, 37.435, 37.435, 100]
['2019-03-27 09:58:00', 37.37, 37.35, 37.35, 37.41, 988]
['2019-03-27 09:57:00', 37.3, 37.225, 37.225, 37.3, 949]
['2019-03-27 09:55:00', 37.35, 37.31, 37.3, 37.35, 1501]
['2019-03-27 09:54:00', 37.39, 37.44, 37.39, 37.44, 200]
['2019-03-27 09:52:00', 37.42, 37.42, 37.42, 37.42, 100]
['2019-03-27 09:51:00', 37.35, 37.415, 37.3, 37.55, 4327]
['2019-03-27 09:50:00', 37.46, 37.35, 37.35, 37.46, 658]
['2019-03-27 09:44:00', 37.34, 37.34, 37.34, 37.34, 304]
['2019-03-27 09:41:00', 37.81, 37.56, 37.56, 37.95, 1378]
['2019-03-27 09:39:00', 37.7, 37.7, 37.7, 37.7, 501]
['2019-03-27 09:38:00', 37.99, 37.76, 37.76, 37.99, 474]
['2019-03-27 09:34:00', 37.5, 37.5, 37.5, 37.5, 500]
['2019-03-27 09:31:00', 37.77, 38.0, 37.77, 38.0, 1933]
['2019-03-26 16:00:00', 37.78, 37.83, 37.78, 37.83, 8997]
['2019-03-26 15:59:00', 37.74, 37.76, 37.74, 37.79, 6563]
['2019-03-26 15:58:00', 37.82, 37.75, 37.75, 37.82, 8716]
['2019-03-26 15:57:00', 37.7, 37.75, 37.7, 37.75, 3046]
['2019-03-26 15:56:00', 37.46, 37.65, 37.46, 37.65, 15874]
['2019-03-26 15:55:00', 37.39, 37.4, 37.39, 37.4, 1362]
['2019-03-26 15:54:00', 37.4, 37.4, 37.4, 37.4, 367]
['2019-03-26 15:53:00', 37.36, 37.39, 37.36, 37.39, 1081]
['2019-03-26 15:52:00', 37.22, 37.27, 37.22, 37.27, 1095]
['2019-03-26 15:50:00', 37.21, 37.21, 37.21, 37.21, 442]
['2019-03-26 15:49:00', 37.25, 37.21, 37.21, 37.25, 1388]
['2019-03-26 15:48:00', 37.19, 37.19, 37.19, 37.19, 629]
['2019-03-26 15:47:00', 37.14, 37.14, 37.14, 37.14, 652]
['2019-03-26 15:45:00', 37.17, 37.17, 37.17, 37.17, 438]
['2019-03-26 15:44:00', 37.12, 37.13, 37.12, 37.13, 1254]
['2019-03-26 15:43:00', 37.13, 37.13, 37.13, 37.13, 881]
['2019-03-26 15:42:00', 37.11, 37.14, 37.11, 37.14, 1394]
['2019-03-26 15:41:00', 37.06, 37.06, 37.06, 37.06, 443]
['2019-03-26 15:40:00', 37.1, 37.1, 37.1, 37.1, 506]
['2019-03-26 15:38:00', 37.07, 37.04, 37.04, 37.07, 930]
['2019-03-26 15:37:00', 37.09, 37.09, 37.09, 37.09, 2442]
['2019-03-26 15:36:00', 37.13, 37.13, 37.13, 37.13, 220]
['2019-03-26 15:33:00', 37.07, 37.05, 37.05, 37.07, 891]
['2019-03-26 15:31:00', 37.08, 37.08, 37.08, 37.08, 1202]
['2019-03-26 15:30:00', 37.09, 37.09, 37.09, 37.09, 309]
['2019-03-26 15:28:00', 37.15, 37.15, 37.15, 37.15, 415]
['2019-03-26 15:26:00', 37.05, 37.05, 37.05, 37.05, 831]
['2019-03-26 15:25:00', 37.05, 37.05, 37.05, 37.05, 200]
['2019-03-26 15:24:00', 37.05, 37.05, 37.05, 37.05, 500]
['2019-03-26 15:22:00', 37.19, 37.19, 37.19, 37.19, 156]
['2019-03-26 15:20:00', 37.25, 37.25, 37.25, 37.25, 107]
['2019-03-26 15:17:00', 37.22, 37.22, 37.22, 37.22, 419]
['2019-03-26 15:15:00', 37.17, 37.19, 37.17, 37.19, 234]
['2019-03-26 15:14:00', 37.24, 37.24, 37.24, 37.24, 778]
['2019-03-26 15:13:00', 37.24, 37.26, 37.24, 37.26, 758]
['2019-03-26 15:08:00', 37.2265, 37.2265, 37.2265, 37.2265, 154]
['2019-03-26 15:02:00', 37.23, 37.23, 37.23, 37.23, 231]
['2019-03-26 15:01:00', 37.13, 37.22, 37.13, 37.22, 615]
['2019-03-26 15:00:00', 37.04, 37.04, 37.04, 37.04, 330]
['2019-03-26 14:58:00', 37.06, 37.06, 37.06, 37.06, 377]
['2019-03-26 14:52:00', 37.07, 37.07, 37.07, 37.07, 287]
['2019-03-26 14:49:00', 37.06, 37.06, 37.06, 37.06, 403]
['2019-03-26 14:48:00', 37.12, 37.12, 37.12, 37.12, 479]
['2019-03-26 14:44:00', 36.96, 36.96, 36.96, 36.96, 243]
['2019-03-26 14:37:00', 36.93, 36.93, 36.93, 36.93, 726]
['2019-03-26 14:34:00', 36.71, 36.71, 36.71, 36.71, 165]
['2019-03-26 14:33:00', 36.79, 36.79, 36.79, 36.79, 168]
['2019-03-26 14:32:00', 36.86, 36.86, 36.86, 36.86, 760]
['2019-03-26 14:31:00', 36.88, 36.88, 36.88, 36.88, 305]
['2019-03-26 14:28:00', 36.93, 36.93, 36.93, 36.93, 478]
['2019-03-26 14:27:00', 36.95, 36.95, 36.95, 36.95, 371]
['2019-03-26 14:25:00', 37.01, 37.01, 37.01, 37.01, 617]
['2019-03-26 14:22:00', 36.93, 36.98, 36.93, 36.98, 423]
['2019-03-26 14:16:00', 36.88, 36.88, 36.88, 36.88, 367]
['2019-03-26 14:12:00', 36.75, 36.75, 36.75, 36.75, 427]
['2019-03-26 14:11:00', 36.82, 36.82, 36.82, 36.82, 507]
['2019-03-26 14:10:00', 36.88, 36.88, 36.88, 36.88, 100]
['2019-03-26 14:08:00', 36.93, 36.93, 36.93, 36.93, 422]
['2019-03-26 14:03:00', 36.83, 36.75, 36.75, 36.83, 671]
['2019-03-26 13:58:00', 36.8, 36.8, 36.8, 36.8, 287]
['2019-03-26 13:57:00', 36.9, 36.9, 36.9, 36.9, 319]
['2019-03-26 13:53:00', 36.95, 36.95, 36.95, 36.95, 137]
['2019-03-26 13:52:00', 36.97, 36.97, 36.97, 36.97, 403]
['2019-03-26 13:51:00', 36.95, 36.95, 36.95, 36.95, 602]
['2019-03-26 13:48:00', 36.95, 36.95, 36.95, 36.95, 798]
['2019-03-26 13:47:00', 36.93, 36.93, 36.93, 36.93, 316]
['2019-03-26 13:41:00', 36.97, 37.01, 36.97, 37.01, 901]
['2019-03-26 13:40:00', 36.91, 36.91, 36.91, 36.91, 426]
['2019-03-26 13:39:00', 36.85, 36.85, 36.85, 36.85, 1011]
['2019-03-26 13:38:00', 36.85, 36.85, 36.85, 36.85, 649]
['2019-03-26 13:37:00', 36.85, 36.85, 36.85, 36.85, 657]
['2019-03-26 13:34:00', 36.85, 36.85, 36.85, 36.85, 432]
['2019-03-26 13:31:00', 36.73, 36.81, 36.73, 36.81, 1470]
['2019-03-26 13:30:00', 36.66, 36.66, 36.66, 36.66, 252]
['2019-03-26 13:29:00', 36.76, 36.69, 36.69, 36.76, 1649]
['2019-03-26 13:26:00', 36.74, 36.75, 36.74, 36.75, 327]
['2019-03-26 13:24:00', 36.61, 36.61, 36.61, 36.61, 113]
['2019-03-26 13:22:00', 36.74, 36.74, 36.74, 36.74, 439]
['2019-03-26 13:21:00', 36.84, 36.84, 36.84, 36.84, 302]
['2019-03-26 13:18:00', 36.77, 36.77, 36.77, 36.77, 132]
['2019-03-26 13:12:00', 36.77, 36.77, 36.77, 36.77, 235]
['2019-03-26 13:09:00', 36.79, 36.82, 36.79, 36.82, 482]
['2019-03-26 13:05:00', 36.7, 36.7, 36.7, 36.7, 219]
['2019-03-26 13:01:00', 36.54, 36.66, 36.54, 36.66, 738]
['2019-03-26 12:58:00', 36.74, 36.74, 36.74, 36.74, 642]
['2019-03-26 12:57:00', 36.74, 36.74, 36.74, 36.74, 204]
['2019-03-26 12:53:00', 36.84, 36.84, 36.84, 36.84, 456]
['2019-03-26 12:51:00', 36.77, 36.77, 36.77, 36.77, 865]
['2019-03-26 12:47:00', 36.65, 36.65, 36.65, 36.65, 445]
['2019-03-26 12:45:00', 36.73, 36.74, 36.73, 36.74, 450]
['2019-03-26 12:43:00', 36.68, 36.75, 36.68, 36.75, 756]
['2019-03-26 12:41:00', 36.76, 36.7, 36.7, 36.76, 608]
['2019-03-26 12:40:00', 36.8, 36.8, 36.8, 36.8, 214]
['2019-03-26 12:38:00', 36.82, 36.82, 36.82, 36.82, 371]
['2019-03-26 12:37:00', 36.86, 36.86, 36.86, 36.86, 414]
['2019-03-26 12:32:00', 36.87, 36.87, 36.87, 36.87, 196]
['2019-03-26 12:31:00', 36.91, 36.91, 36.91, 36.91, 618]
['2019-03-26 12:30:00', 36.92, 36.92, 36.92, 36.92, 300]
['2019-03-26 12:26:00', 36.84, 36.84, 36.84, 36.84, 240]
['2019-03-26 12:25:00', 36.82, 36.82, 36.82, 36.82, 744]
['2019-03-26 12:24:00', 36.95, 36.95, 36.95, 36.95, 316]
['2019-03-26 12:22:00', 36.945, 36.945, 36.945, 36.945, 126]
['2019-03-26 12:21:00', 36.99, 36.99, 36.99, 36.99, 979]
['2019-03-26 12:18:00', 37.08, 37.08, 37.08, 37.08, 229]
['2019-03-26 12:14:00', 37.12, 37.12, 37.12, 37.12, 230]
['2019-03-26 12:10:00', 37.07, 37.07, 37.07, 37.07, 432]
['2019-03-26 12:07:00', 37.165, 37.165, 37.165, 37.165, 444]
['2019-03-26 12:04:00', 37.04, 37.04, 37.04, 37.04, 118]
['2019-03-26 12:01:00', 36.95, 36.95, 36.95, 36.95, 1113]
['2019-03-26 12:00:00', 37.04, 37.04, 37.04, 37.04, 541]
['2019-03-26 11:59:00', 37.11, 37.11, 37.11, 37.11, 311]
['2019-03-26 11:53:00', 37.04, 37.04, 37.04, 37.04, 922]
['2019-03-26 11:50:00', 37.1114, 37.1114, 37.1114, 37.1114, 717]
['2019-03-26 11:48:00', 37.14, 37.05, 37.05, 37.14, 2140]
['2019-03-26 11:46:00', 37.25, 37.25, 37.25, 37.25, 218]
['2019-03-26 11:43:00', 37.23, 37.24, 37.23, 37.24, 224]
['2019-03-26 11:42:00', 37.275, 37.275, 37.275, 37.275, 250]
['2019-03-26 11:39:00', 37.34, 37.34, 37.34, 37.34, 514]
['2019-03-26 11:37:00', 37.3, 37.3, 37.3, 37.3, 175]
['2019-03-26 11:36:00', 37.26, 37.26, 37.26, 37.26, 232]
['2019-03-26 11:35:00', 37.3, 37.3, 37.3, 37.3, 611]
['2019-03-26 11:33:00', 37.24, 37.24, 37.24, 37.24, 657]
['2019-03-26 11:29:00', 37.29, 37.29, 37.29, 37.29, 447]
['2019-03-26 11:27:00', 37.25, 37.25, 37.25, 37.25, 500]
['2019-03-26 11:26:00', 37.19, 37.19, 37.19, 37.19, 706]
['2019-03-26 11:25:00', 37.235, 37.235, 37.235, 37.235, 307]
['2019-03-26 11:23:00', 37.25, 37.25, 37.25, 37.25, 400]
['2019-03-26 11:21:00', 37.21, 37.21, 37.21, 37.21, 834]
['2019-03-26 11:19:00', 37.265, 37.17, 37.17, 37.265, 763]
['2019-03-26 11:17:00', 37.135, 37.135, 37.135, 37.135, 393]
['2019-03-26 11:16:00', 37.12, 37.12, 37.12, 37.12, 316]
['2019-03-26 11:15:00', 37.2, 37.2, 37.2, 37.2, 792]
['2019-03-26 11:12:00', 37.25, 37.25, 37.25, 37.25, 360]
['2019-03-26 11:09:00', 37.39, 37.39, 37.39, 37.39, 1584]
['2019-03-26 11:08:00', 37.4, 37.39, 37.34, 37.4, 4541]
['2019-03-26 11:07:00', 37.3005, 37.3005, 37.3005, 37.3005, 2012]
['2019-03-26 11:04:00', 37.36, 37.36, 37.36, 37.36, 238]
['2019-03-26 11:01:00', 37.42, 37.42, 37.42, 37.42, 102]
['2019-03-26 11:00:00', 37.32, 37.32, 37.32, 37.32, 893]
['2019-03-26 10:58:00', 37.55, 37.45, 37.45, 37.55, 1463]
['2019-03-26 10:54:00', 37.62, 37.63, 37.62, 37.63, 1303]
['2019-03-26 10:53:00', 37.4901, 37.4901, 37.4901, 37.4901, 726]
['2019-03-26 10:51:00', 37.465, 37.465, 37.465, 37.465, 1041]
['2019-03-26 10:48:00', 37.16, 37.31, 37.16, 37.31, 1032]
['2019-03-26 10:47:00', 37.19, 37.19, 37.19, 37.19, 787]
['2019-03-26 10:46:00', 37.11, 37.11, 37.11, 37.11, 593]
['2019-03-26 10:44:00', 37.08, 36.97, 36.97, 37.08, 704]
['2019-03-26 10:39:00', 37.0, 36.98, 36.98, 37.0, 1246]
['2019-03-26 10:36:00', 37.05, 37.05, 37.05, 37.05, 506]
['2019-03-26 10:35:00', 37.03, 37.02, 37.02, 37.03, 1010]
['2019-03-26 10:32:00', 37.07, 37.13, 37.07, 37.13, 1700]
['2019-03-26 10:31:00', 36.92, 37.14, 36.92, 37.14, 3090]
['2019-03-26 10:24:00', 36.96, 36.96, 36.96, 36.96, 106]
['2019-03-26 10:22:00', 37.03, 37.03, 37.03, 37.03, 100]
['2019-03-26 10:21:00', 37.16, 37.16, 37.16, 37.16, 366]
['2019-03-26 10:14:00', 37.16, 37.16, 37.16, 37.16, 456]
['2019-03-26 10:13:00', 37.26, 37.26, 37.26, 37.26, 395]
['2019-03-26 10:11:00', 37.18, 37.18, 37.18, 37.18, 716]
['2019-03-26 10:10:00', 37.15, 37.15, 37.15, 37.15, 527]
['2019-03-26 10:09:00', 37.09, 37.09, 37.09, 37.09, 204]
['2019-03-26 10:08:00', 37.08, 37.08, 37.08, 37.08, 1300]
['2019-03-26 10:06:00', 37.15, 37.15, 37.15, 37.15, 1914]
['2019-03-26 10:03:00', 36.9056, 36.9056, 36.9056, 36.9056, 102]
['2019-03-26 10:02:00', 37.03, 37.03, 37.03, 37.03, 400]
['2019-03-26 10:01:00', 37.01, 36.97, 36.97, 37.01, 2714]
['2019-03-26 09:57:00', 37.12, 37.11, 37.11, 37.12, 2435]
['2019-03-26 09:53:00', 36.8, 36.8, 36.8, 36.8, 880]
['2019-03-26 09:52:00', 36.76, 36.76, 36.76, 36.76, 280]
['2019-03-26 09:50:00', 36.71, 36.71, 36.71, 36.71, 400]
['2019-03-26 09:48:00', 36.76, 36.86, 36.76, 36.86, 2547]
['2019-03-26 09:47:00', 36.8, 36.8, 36.8, 36.8, 318]
['2019-03-26 09:40:00', 36.79, 36.79, 36.79, 36.79, 762]
['2019-03-26 09:36:00', 37.28, 37.28, 37.28, 37.28, 1211]
['2019-03-26 09:31:00', 37.3, 37.3, 37.3, 37.3, 3337]
['2019-03-25 16:00:00', 36.48, 36.5, 36.44, 36.5, 13077]
['2019-03-25 15:59:00', 36.57, 36.505, 36.5, 36.61, 19602]
['2019-03-25 15:58:00', 36.6, 36.56, 36.56, 36.6, 9602]
['2019-03-25 15:57:00', 36.6, 36.59, 36.59, 36.62, 4074]
['2019-03-25 15:56:00', 36.62, 36.57, 36.57, 36.62, 6885]
['2019-03-25 15:55:00', 36.69, 36.61, 36.61, 36.69, 2453]
['2019-03-25 15:54:00', 36.68, 36.68, 36.68, 36.68, 1010]
['2019-03-25 15:53:00', 36.65, 36.65, 36.65, 36.66, 2389]
['2019-03-25 15:52:00', 36.71, 36.65, 36.65, 36.71, 1734]
['2019-03-25 15:51:00', 36.66, 36.72, 36.66, 36.72, 2392]
['2019-03-25 15:50:00', 36.64, 36.64, 36.64, 36.64, 500]
['2019-03-25 15:49:00', 36.73, 36.69, 36.69, 36.73, 1705]
['2019-03-25 15:48:00', 36.77, 36.77, 36.77, 36.77, 505]
['2019-03-25 15:47:00', 36.74, 36.76, 36.74, 36.76, 1552]
['2019-03-25 15:46:00', 36.67, 36.67, 36.67, 36.67, 607]
['2019-03-25 15:44:00', 36.69, 36.71, 36.69, 36.71, 3227]
['2019-03-25 15:43:00', 36.71, 36.71, 36.71, 36.71, 1114]
['2019-03-25 15:42:00', 36.75, 36.7, 36.7, 36.75, 1511]
['2019-03-25 15:41:00', 36.78, 36.83, 36.78, 36.83, 6435]
['2019-03-25 15:40:00', 36.75, 36.75, 36.75, 36.75, 308]
['2019-03-25 15:39:00', 36.8, 36.8, 36.8, 36.8, 504]
['2019-03-25 15:36:00', 36.91, 36.88, 36.88, 36.91, 1307]
['2019-03-25 15:35:00', 36.98, 36.98, 36.98, 36.98, 421]
['2019-03-25 15:31:00', 36.99, 37.04, 36.99, 37.04, 900]
['2019-03-25 15:27:00', 36.91, 36.91, 36.91, 36.91, 315]
['2019-03-25 15:25:00', 36.96, 36.96, 36.96, 36.96, 411]
['2019-03-25 15:23:00', 36.94, 36.94, 36.94, 36.94, 446]
['2019-03-25 15:22:00', 36.86, 36.86, 36.86, 36.86, 100]
['2019-03-25 15:20:00', 36.89, 36.89, 36.89, 36.89, 1500]
['2019-03-25 15:18:00', 36.9, 36.9, 36.9, 36.9, 202]
['2019-03-25 15:17:00', 37.025, 37.025, 37.025, 37.025, 602]
['2019-03-25 15:16:00', 37.06, 37.025, 37.02, 37.06, 3149]
['2019-03-25 15:15:00', 37.06, 37.06, 37.06, 37.06, 415]
['2019-03-25 15:14:00', 37.07, 37.13, 37.0, 37.13, 2038]
['2019-03-25 15:12:00', 36.98, 36.98, 36.98, 36.98, 384]
['2019-03-25 15:09:00', 36.975, 36.975, 36.975, 36.975, 400]
['2019-03-25 15:07:00', 37.02, 37.02, 37.02, 37.02, 500]
['2019-03-25 15:06:00', 36.94, 36.94, 36.94, 36.94, 261]
['2019-03-25 15:01:00', 37.02, 37.0225, 37.02, 37.0225, 1809]
['2019-03-25 14:59:00', 37.08, 37.0, 37.0, 37.08, 1237]
['2019-03-25 14:58:00', 37.09, 37.1, 37.09, 37.1, 600]
['2019-03-25 14:56:00', 37.04, 37.04, 37.04, 37.04, 204]
['2019-03-25 14:54:00', 36.94, 37.01, 36.94, 37.01, 1172]
['2019-03-25 14:46:00', 36.96, 37.03, 36.96, 37.03, 356]
['2019-03-25 14:44:00', 37.1, 37.1, 37.1, 37.1, 554]
['2019-03-25 14:42:00', 36.87, 36.9, 36.87, 36.9, 478]
['2019-03-25 14:40:00', 36.84, 36.87, 36.84, 36.87, 1213]
['2019-03-25 14:38:00', 36.85, 36.85, 36.85, 36.85, 283]
['2019-03-25 14:32:00', 36.88, 36.81, 36.81, 36.88, 932]
['2019-03-25 14:31:00', 36.73, 36.79, 36.73, 36.79, 925]
['2019-03-25 14:28:00', 36.66, 36.66, 36.66, 36.66, 727]
['2019-03-25 14:27:00', 36.74, 36.74, 36.74, 36.74, 100]
['2019-03-25 14:23:00', 36.72, 36.72, 36.72, 36.72, 492]
['2019-03-25 14:18:00', 36.74, 36.71, 36.7, 36.74, 1449]
['2019-03-25 14:16:00', 36.85, 36.85, 36.85, 36.85, 900]
['2019-03-25 14:13:00', 36.82, 36.81, 36.81, 36.82, 986]
['2019-03-25 14:08:00', 36.75, 36.77, 36.75, 36.77, 780]
['2019-03-25 14:06:00', 36.68, 36.68, 36.68, 36.68, 520]
['2019-03-25 14:00:00', 36.8, 36.8, 36.8, 36.8, 913]
['2019-03-25 13:59:00', 36.74, 36.69, 36.69, 36.74, 2283]
['2019-03-25 13:55:00', 36.765, 36.765, 36.765, 36.765, 655]
['2019-03-25 13:53:00', 36.86, 36.86, 36.86, 36.86, 605]
['2019-03-25 13:46:00', 36.79, 36.79, 36.79, 36.79, 407]
['2019-03-25 13:43:00', 36.91, 36.91, 36.91, 36.91, 585]
['2019-03-25 13:40:00', 36.94, 36.94, 36.94, 36.94, 271]
['2019-03-25 13:39:00', 37.0, 37.0, 37.0, 37.0, 421]
['2019-03-25 13:37:00', 36.88, 36.89, 36.88, 36.89, 914]
['2019-03-25 13:35:00', 36.82, 36.82, 36.82, 36.82, 564]
['2019-03-25 13:34:00', 36.75, 36.78, 36.75, 36.78, 1205]
['2019-03-25 13:32:00', 36.75, 36.75, 36.75, 36.75, 660]
['2019-03-25 13:31:00', 36.8, 36.8, 36.8, 36.8, 130]
['2019-03-25 13:27:00', 36.78, 36.78, 36.78, 36.78, 457]
['2019-03-25 13:26:00', 36.8, 36.8, 36.8, 36.8, 260]
['2019-03-25 13:25:00', 36.9, 36.9, 36.9, 36.9, 741]
['2019-03-25 13:20:00', 36.77, 36.77, 36.77, 36.77, 138]
['2019-03-25 13:17:00', 36.75, 36.95, 36.75, 36.95, 500]
['2019-03-25 13:16:00', 36.96, 36.96, 36.96, 36.96, 476]
['2019-03-25 13:14:00', 36.95, 36.95, 36.95, 36.95, 474]
['2019-03-25 13:12:00', 36.76, 36.76, 36.76, 36.76, 400]
['2019-03-25 13:09:00', 36.83, 36.83, 36.83, 36.83, 416]
['2019-03-25 13:07:00', 36.865, 36.91, 36.865, 36.91, 1494]
['2019-03-25 13:04:00', 36.88, 36.88, 36.88, 36.88, 400]
['2019-03-25 13:01:00', 36.93, 36.93, 36.93, 36.93, 100]
['2019-03-25 13:00:00', 36.92, 36.92, 36.92, 36.92, 908]
['2019-03-25 12:56:00', 36.775, 36.775, 36.775, 36.775, 517]
['2019-03-25 12:55:00', 36.68, 36.68, 36.68, 36.68, 400]
['2019-03-25 12:53:00', 36.72, 36.72, 36.72, 36.72, 716]
['2019-03-25 12:51:00', 36.73, 36.73, 36.73, 36.73, 305]
['2019-03-25 12:47:00', 36.65, 36.65, 36.65, 36.65, 913]
['2019-03-25 12:41:00', 36.61, 36.64, 36.61, 36.69, 1363]
['2019-03-25 12:37:00', 36.555, 36.51, 36.51, 36.555, 1122]
['2019-03-25 12:36:00', 36.68, 36.68, 36.68, 36.68, 300]
['2019-03-25 12:33:00', 36.76, 36.76, 36.76, 36.76, 384]
['2019-03-25 12:32:00', 36.74, 36.74, 36.74, 36.74, 1044]
['2019-03-25 12:31:00', 36.76, 36.76, 36.76, 36.76, 907]
['2019-03-25 12:30:00', 36.85, 36.85, 36.85, 36.85, 176]
['2019-03-25 12:27:00', 36.93, 36.93, 36.93, 36.93, 280]
['2019-03-25 12:26:00', 36.91, 36.91, 36.91, 36.91, 1536]
['2019-03-25 12:25:00', 37.005, 37.005, 37.005, 37.005, 105]
['2019-03-25 12:20:00', 36.93, 36.99, 36.93, 36.99, 705]
['2019-03-25 12:19:00', 36.91, 36.91, 36.91, 36.91, 200]
['2019-03-25 12:12:00', 36.84, 36.84, 36.84, 36.84, 520]
['2019-03-25 12:11:00', 36.84, 36.84, 36.84, 36.84, 662]
['2019-03-25 12:09:00', 36.94, 36.94, 36.94, 36.94, 500]
['2019-03-25 12:08:00', 36.98, 36.98, 36.98, 36.98, 100]
['2019-03-25 12:06:00', 37.055, 37.01, 37.01, 37.055, 3500]
['2019-03-25 12:05:00', 37.09, 37.01, 37.01, 37.09, 5843]
['2019-03-25 12:04:00', 37.0, 37.0, 37.0, 37.0, 100]
['2019-03-25 12:02:00', 37.09, 37.09, 37.09, 37.09, 803]
['2019-03-25 12:01:00', 36.9299, 36.9299, 36.9299, 36.9299, 1401]
['2019-03-25 12:00:00', 37.01, 37.01, 37.01, 37.01, 400]
['2019-03-25 11:58:00', 36.9393, 36.9393, 36.9393, 36.9393, 1250]
['2019-03-25 11:57:00', 36.835, 36.835, 36.835, 36.835, 659]
['2019-03-25 11:55:00', 36.9, 36.9, 36.9, 36.9, 500]
['2019-03-25 11:54:00', 36.92, 36.92, 36.92, 36.92, 284]
['2019-03-25 11:52:00', 36.91, 36.91, 36.91, 36.91, 524]
['2019-03-25 11:51:00', 36.81, 36.81, 36.81, 36.81, 400]
['2019-03-25 11:49:00', 36.91, 36.91, 36.91, 36.91, 400]
['2019-03-25 11:47:00', 36.68, 36.82, 36.68, 36.82, 2017]
['2019-03-25 11:44:00', 36.68, 36.73, 36.68, 36.73, 581]
['2019-03-25 11:42:00', 36.59, 36.59, 36.59, 36.59, 101]
['2019-03-25 11:39:00', 36.617, 36.617, 36.617, 36.617, 208]
['2019-03-25 11:37:00', 36.651, 36.651, 36.651, 36.651, 1750]
['2019-03-25 11:35:00', 36.8797, 36.8797, 36.8797, 36.8797, 400]
['2019-03-25 11:34:00', 36.97, 36.97, 36.97, 36.97, 460]
['2019-03-25 11:33:00', 37.11, 37.02, 37.02, 37.11, 2813]
['2019-03-25 11:32:00', 37.16, 37.16, 37.16, 37.16, 2000]
['2019-03-25 11:31:00', 37.21, 37.21, 37.21, 37.21, 1065]
['2019-03-25 11:30:00', 37.14, 37.14, 37.14, 37.14, 2898]
['2019-03-25 11:29:00', 37.13, 37.08, 37.07, 37.17, 9518]
['2019-03-25 11:28:00', 37.21, 37.14, 37.14, 37.21, 3455]
['2019-03-25 11:27:00', 37.17, 37.17, 37.17, 37.17, 609]
['2019-03-25 11:26:00', 36.91, 37.22, 36.91, 37.22, 1516]
['2019-03-25 11:23:00', 37.01, 37.01, 37.01, 37.01, 1800]
['2019-03-25 11:22:00', 37.17, 37.17, 37.17, 37.17, 1429]
['2019-03-25 11:21:00', 37.15, 37.15, 37.15, 37.15, 308]
['2019-03-25 11:20:00', 37.12, 37.12, 37.12, 37.12, 155]
['2019-03-25 11:14:00', 36.92, 36.93, 36.92, 37.0, 3129]
['2019-03-25 11:11:00', 36.9, 36.9, 36.9, 36.9, 610]
['2019-03-25 11:10:00', 36.9, 36.9, 36.9, 36.9, 433]
['2019-03-25 11:08:00', 36.9511, 36.945, 36.945, 36.98, 3907]
['2019-03-25 11:05:00', 36.86, 36.86, 36.86, 36.86, 1241]
['2019-03-25 11:04:00', 36.48, 36.72, 36.48, 36.72, 1996]
['2019-03-25 11:02:00', 36.44, 36.44, 36.44, 36.44, 282]
['2019-03-25 10:58:00', 36.79, 36.8452, 36.79, 36.8452, 1115]
['2019-03-25 10:57:00', 36.91, 36.91, 36.91, 36.91, 1200]
['2019-03-25 10:56:00', 36.92, 36.98, 36.84, 36.99, 8826]
['2019-03-25 10:55:00', 36.945, 36.945, 36.945, 36.945, 1100]
['2019-03-25 10:52:00', 36.935, 36.935, 36.935, 36.935, 506]
['2019-03-25 10:50:00', 36.6899, 36.82, 36.6899, 36.82, 1394]
['2019-03-25 10:49:00', 36.5, 36.5, 36.5, 36.5, 603]
['2019-03-25 10:48:00', 36.41, 36.41, 36.41, 36.41, 858]
['2019-03-25 10:47:00', 36.65, 36.64, 36.64, 36.65, 1914]
['2019-03-25 10:45:00', 36.55, 36.625, 36.55, 36.625, 1208]
['2019-03-25 10:41:00', 36.57, 36.5, 36.5, 36.57, 1078]
['2019-03-25 10:39:00', 36.6, 36.58, 36.58, 36.6, 1729]
['2019-03-25 10:37:00', 36.54, 36.54, 36.54, 36.54, 578]
['2019-03-25 10:36:00', 36.58, 36.58, 36.58, 36.58, 1190]
['2019-03-25 10:35:00', 36.69, 36.63, 36.63, 36.69, 1209]
['2019-03-25 10:33:00', 36.88, 36.88, 36.88, 36.88, 524]
['2019-03-25 10:31:00', 36.69, 36.69, 36.69, 36.69, 1082]
['2019-03-25 10:30:00', 36.7, 36.7, 36.7, 36.7, 1364]
['2019-03-25 10:28:00', 36.57, 36.56, 36.56, 36.57, 1932]
['2019-03-25 10:27:00', 36.5501, 36.5501, 36.5501, 36.5501, 670]
['2019-03-25 10:25:00', 36.7, 36.7, 36.7, 36.7, 1323]
['2019-03-25 10:24:00', 36.7, 36.7, 36.7, 36.7, 760]
['2019-03-25 10:22:00', 36.89, 36.9599, 36.89, 36.9599, 4080]
['2019-03-25 10:21:00', 36.92, 36.92, 36.92, 36.92, 214]
['2019-03-25 10:20:00', 36.89, 36.89, 36.89, 36.89, 562]
['2019-03-25 10:17:00', 37.0, 37.0, 37.0, 37.0, 1204]
['2019-03-25 10:13:00', 36.99, 36.99, 36.99, 36.99, 1725]
['2019-03-25 10:12:00', 36.953, 36.953, 36.953, 36.953, 600]
['2019-03-25 10:11:00', 36.93, 36.93, 36.93, 36.93, 401]
['2019-03-25 10:09:00', 36.93, 36.93, 36.93, 36.93, 227]
['2019-03-25 10:07:00', 36.97, 36.97, 36.97, 36.97, 275]
['2019-03-25 10:06:00', 36.94, 36.94, 36.94, 36.94, 360]
['2019-03-25 10:03:00', 36.91, 36.91, 36.91, 36.91, 675]
['2019-03-25 10:00:00', 37.1299, 37.1299, 37.1299, 37.1299, 624]
['2019-03-25 09:59:00', 37.11, 37.11, 37.11, 37.11, 100]
['2019-03-25 09:58:00', 37.03, 37.03, 37.03, 37.03, 880]
['2019-03-25 09:57:00', 37.1433, 37.1433, 37.1433, 37.1433, 1119]
['2019-03-25 09:53:00', 36.735, 36.735, 36.735, 36.735, 144]
['2019-03-25 09:49:00', 36.92, 36.92, 36.92, 36.92, 427]
['2019-03-25 09:47:00', 36.98, 37.06, 36.98, 37.06, 2128]
['2019-03-25 09:46:00', 36.86, 36.86, 36.86, 36.86, 1116]
['2019-03-25 09:43:00', 37.595, 37.595, 37.595, 37.595, 286]
['2019-03-25 09:42:00', 37.47, 37.47, 37.47, 37.47, 1349]
['2019-03-25 09:40:00', 37.77, 37.77, 37.77, 37.77, 157]
['2019-03-25 09:38:00', 37.78, 37.885, 37.78, 37.885, 2180]
['2019-03-25 09:34:00', 37.0301, 37.0301, 37.0301, 37.0301, 114]
['2019-03-25 09:31:00', 37.38, 37.38, 37.38, 37.38, 0]
