ARTNA
['2019-03-29 15:13:00', 37.3296, 37.3296, 37.3296, 37.3296, 444]
['2019-03-29 15:00:00', 37.53, 37.53, 37.53, 37.53, 175]
['2019-03-29 14:01:00', 37.6, 37.6, 37.6, 37.6, 277]
['2019-03-29 13:31:00', 37.54, 37.44, 37.44, 37.54, 473]
['2019-03-29 13:26:00', 37.42, 37.63, 37.42, 37.63, 900]
['2019-03-29 12:59:00', 37.42, 37.5399, 37.401, 37.5399, 921]
['2019-03-29 11:19:00', 37.77, 37.065, 37.065, 37.77, 554]
['2019-03-29 11:16:00', 37.06, 37.06, 37.06, 37.06, 151]
['2019-03-29 09:41:00', 37.98, 37.98, 37.495, 37.98, 0]
['2019-03-28 16:00:00', 37.09, 37.09, 37.09, 37.09, 410]
['2019-03-28 15:31:00', 37.0829, 37.0829, 37.0829, 37.0829, 1100]
['2019-03-28 13:39:00', 37.17, 37.08, 37.08, 37.268, 1583]
['2019-03-28 13:07:00', 37.15, 37.25, 37.15, 37.25, 427]
['2019-03-28 13:06:00', 37.2575, 37.1352, 37.1271, 37.2575, 871]
['2019-03-28 11:55:00', 37.4122, 37.4122, 37.4122, 37.4122, 237]
['2019-03-28 11:31:00', 37.41, 37.4, 37.4, 37.41, 210]
['2019-03-28 11:29:00', 37.46, 37.46, 37.46, 37.46, 100]
['2019-03-28 10:22:00', 37.41, 37.5668, 37.41, 37.5668, 316]
['2019-03-28 09:42:00', 37.5, 37.4673, 37.4673, 37.51, 1755]
['2019-03-27 15:56:00', 37.43, 37.43, 37.43, 37.43, 247]
['2019-03-27 15:11:00', 37.57, 37.57, 37.57, 37.57, 145]
['2019-03-27 14:52:00', 37.6, 37.6, 37.6, 37.6, 280]
['2019-03-27 14:21:00', 37.57, 37.56, 37.56, 37.57, 695]
['2019-03-27 14:17:00', 37.4, 37.4, 37.4, 37.4, 200]
['2019-03-27 14:10:00', 37.28, 37.265, 37.265, 37.28, 227]
['2019-03-27 13:21:00', 37.42, 37.4363, 37.42, 37.54, 430]
['2019-03-27 13:15:00', 37.36, 37.36, 37.36, 37.36, 140]
['2019-03-27 13:07:00', 37.23, 37.357, 37.23, 37.357, 500]
['2019-03-27 13:06:00', 37.2926, 37.2926, 37.2926, 37.2926, 200]
['2019-03-27 12:35:00', 37.107, 37.24, 37.107, 37.24, 967]
['2019-03-27 12:26:00', 37.3261, 37.3261, 37.3261, 37.3261, 600]
['2019-03-27 11:46:00', 37.41, 37.41, 37.41, 37.41, 107]
['2019-03-27 11:44:00', 37.52, 37.52, 37.52, 37.52, 130]
['2019-03-27 11:43:00', 37.76, 37.76, 37.76, 37.76, 280]
['2019-03-27 10:36:00', 37.63, 37.62, 37.62, 37.63, 423]
['2019-03-27 10:12:00', 37.8928, 37.8928, 37.8928, 37.8928, 555]
['2019-03-27 10:06:00', 37.7277, 37.7277, 37.7277, 37.7277, 200]
['2019-03-27 09:33:00', 37.7, 37.7, 37.7, 37.7, 199]
['2019-03-27 09:31:00', 37.62, 37.62, 37.62, 37.62, 187]
['2019-03-26 15:59:00', 37.6905, 37.6905, 37.6905, 37.6905, 330]
['2019-03-26 15:57:00', 37.7, 37.7, 37.7, 37.7, 400]
['2019-03-26 14:18:00', 37.8876, 37.8876, 37.8876, 37.8876, 264]
['2019-03-26 14:10:00', 37.73, 37.73, 37.73, 37.73, 343]
['2019-03-26 13:54:00', 37.46, 37.495, 37.46, 37.495, 368]
['2019-03-26 13:29:00', 38.1, 38.1, 38.1, 38.1, 300]
['2019-03-26 11:23:00', 38.1, 38.1, 38.1, 38.1, 191]
['2019-03-26 11:19:00', 38.1, 38.1, 38.1, 38.1, 100]
['2019-03-26 11:16:00', 38.1, 38.1, 38.1, 38.1, 100]
['2019-03-26 11:00:00', 38.03, 38.1815, 38.03, 38.1815, 1002]
['2019-03-26 10:29:00', 38.1099, 38.1059, 38.1059, 38.1099, 1173]
['2019-03-26 10:28:00', 37.8885, 37.8885, 37.8885, 37.8885, 251]
['2019-03-25 15:59:00', 37.65, 37.65, 37.65, 37.65, 368]
['2019-03-25 15:52:00', 37.68, 37.68, 37.68, 37.68, 244]
['2019-03-25 15:46:00', 37.68, 37.68, 37.68, 37.68, 100]
['2019-03-25 15:24:00', 37.67, 37.67, 37.67, 37.67, 206]
['2019-03-25 15:13:00', 37.78, 37.78, 37.78, 37.78, 101]
['2019-03-25 14:58:00', 37.74, 37.74, 37.74, 37.74, 101]
['2019-03-25 14:31:00', 37.76, 37.76, 37.76, 37.76, 195]
['2019-03-25 14:10:00', 37.753, 37.753, 37.753, 37.753, 164]
['2019-03-25 13:17:00', 37.664, 37.664, 37.664, 37.664, 703]
['2019-03-25 12:24:00', 37.85, 37.85, 37.85, 37.85, 109]
['2019-03-25 11:32:00', 37.518, 37.518, 37.518, 37.518, 711]
['2019-03-25 10:35:00', 37.265, 37.265, 37.265, 37.265, 516]
['2019-03-25 09:55:00', 37.5, 37.5, 37.5, 37.5, 227]
['2019-03-25 09:54:00', 37.51, 37.51, 37.51, 37.51, 550]
['2019-03-25 09:52:00', 36.9, 37.12, 36.9, 37.12, 1541]
['2019-03-25 09:50:00', 37.3925, 37.3925, 37.3925, 37.3925, 2350]
['2019-03-25 09:41:00', 37.9, 37.9, 37.9, 37.9, 179]
['2019-03-25 09:31:00', 37.9, 37.9, 37.9, 37.9, 0]
