ARR
['2019-03-29 16:00:00', 19.52, 19.53, 19.52, 19.53, 26111]
['2019-03-29 15:59:00', 19.52, 19.53, 19.515, 19.53, 10713]
['2019-03-29 15:58:00', 19.505, 19.51, 19.5, 19.51, 6574]
['2019-03-29 15:57:00', 19.5, 19.51, 19.5, 19.51, 1105]
['2019-03-29 15:56:00', 19.5, 19.505, 19.495, 19.51, 5998]
['2019-03-29 15:55:00', 19.495, 19.495, 19.49, 19.5, 1667]
['2019-03-29 15:54:00', 19.5, 19.495, 19.49, 19.5, 1014]
['2019-03-29 15:53:00', 19.505, 19.5, 19.495, 19.505, 3216]
['2019-03-29 15:52:00', 19.49, 19.5, 19.49, 19.5, 4338]
['2019-03-29 15:51:00', 19.48, 19.4886, 19.475, 19.49, 10597]
['2019-03-29 15:50:00', 19.49, 19.48, 19.48, 19.49, 2630]
['2019-03-29 15:49:00', 19.5, 19.495, 19.49, 19.5, 4440]
['2019-03-29 15:48:00', 19.505, 19.5, 19.5, 19.505, 311]
['2019-03-29 15:47:00', 19.51, 19.51, 19.505, 19.51, 3988]
['2019-03-29 15:46:00', 19.52, 19.51, 19.51, 19.52, 3793]
['2019-03-29 15:45:00', 19.51, 19.515, 19.51, 19.52, 1678]
['2019-03-29 15:44:00', 19.51, 19.51, 19.51, 19.51, 600]
['2019-03-29 15:43:00', 19.52, 19.51, 19.51, 19.52, 2718]
['2019-03-29 15:42:00', 19.52, 19.52, 19.52, 19.52, 331]
['2019-03-29 15:41:00', 19.52, 19.525, 19.52, 19.525, 5421]
['2019-03-29 15:40:00', 19.505, 19.51, 19.505, 19.51, 2735]
['2019-03-29 15:39:00', 19.5, 19.51, 19.5, 19.51, 1598]
['2019-03-29 15:38:00', 19.5, 19.5, 19.495, 19.5, 2753]
['2019-03-29 15:37:00', 19.51, 19.5, 19.5, 19.51, 3231]
['2019-03-29 15:36:00', 19.505, 19.51, 19.505, 19.515, 4137]
['2019-03-29 15:35:00', 19.51, 19.505, 19.505, 19.51, 1004]
['2019-03-29 15:34:00', 19.505, 19.5, 19.5, 19.51, 642]
['2019-03-29 15:33:00', 19.5, 19.5, 19.5, 19.5, 619]
['2019-03-29 15:32:00', 19.5, 19.5, 19.5, 19.5, 655]
['2019-03-29 15:31:00', 19.51, 19.51, 19.51, 19.51, 807]
['2019-03-29 15:30:00', 19.515, 19.51, 19.51, 19.515, 1154]
['2019-03-29 15:29:00', 19.52, 19.52, 19.52, 19.52, 285]
['2019-03-29 15:28:00', 19.52, 19.51, 19.51, 19.52, 2128]
['2019-03-29 15:27:00', 19.51, 19.5105, 19.51, 19.5105, 4143]
['2019-03-29 15:26:00', 19.51, 19.51, 19.51, 19.51, 123]
['2019-03-29 15:25:00', 19.52, 19.52, 19.52, 19.52, 281]
['2019-03-29 15:24:00', 19.52, 19.52, 19.52, 19.52, 1300]
['2019-03-29 15:23:00', 19.52, 19.52, 19.52, 19.52, 1121]
['2019-03-29 15:21:00', 19.54, 19.53, 19.53, 19.54, 3535]
['2019-03-29 15:19:00', 19.53, 19.54, 19.5253, 19.54, 3666]
['2019-03-29 15:18:00', 19.5273, 19.5273, 19.5273, 19.5273, 600]
['2019-03-29 15:17:00', 19.52, 19.52, 19.52, 19.52, 234]
['2019-03-29 15:16:00', 19.52, 19.52, 19.52, 19.52, 101]
['2019-03-29 15:15:00', 19.53, 19.53, 19.53, 19.53, 266]
['2019-03-29 15:14:00', 19.52, 19.5241, 19.52, 19.5241, 288]
['2019-03-29 15:13:00', 19.53, 19.53, 19.53, 19.53, 205]
['2019-03-29 15:12:00', 19.53, 19.525, 19.525, 19.535, 4797]
['2019-03-29 15:11:00', 19.52, 19.53, 19.52, 19.53, 2455]
['2019-03-29 15:10:00', 19.52, 19.52, 19.52, 19.52, 401]
['2019-03-29 15:09:00', 19.5156, 19.5156, 19.5156, 19.5156, 250]
['2019-03-29 15:08:00', 19.52, 19.515, 19.515, 19.52, 309]
['2019-03-29 15:07:00', 19.52, 19.515, 19.515, 19.52, 1000]
['2019-03-29 15:06:00', 19.52, 19.52, 19.52, 19.52, 117]
['2019-03-29 15:05:00', 19.515, 19.52, 19.515, 19.52, 304]
['2019-03-29 15:04:00', 19.52, 19.52, 19.52, 19.52, 307]
['2019-03-29 15:03:00', 19.52, 19.52, 19.52, 19.52, 350]
['2019-03-29 15:02:00', 19.52, 19.52, 19.52, 19.52, 303]
['2019-03-29 15:01:00', 19.52, 19.52, 19.515, 19.52, 977]
['2019-03-29 15:00:00', 19.52, 19.5166, 19.51, 19.52, 867]
['2019-03-29 14:57:00', 19.5199, 19.5199, 19.5199, 19.5199, 736]
['2019-03-29 14:56:00', 19.5185, 19.515, 19.51, 19.5199, 1234]
['2019-03-29 14:55:00', 19.52, 19.52, 19.52, 19.52, 200]
['2019-03-29 14:54:00', 19.51, 19.515, 19.51, 19.515, 4119]
['2019-03-29 14:53:00', 19.5, 19.5, 19.5, 19.5, 101]
['2019-03-29 14:52:00', 19.5034, 19.5034, 19.5034, 19.5034, 504]
['2019-03-29 14:51:00', 19.505, 19.505, 19.505, 19.505, 100]
['2019-03-29 14:50:00', 19.505, 19.505, 19.505, 19.505, 113]
['2019-03-29 14:47:00', 19.5, 19.5, 19.5, 19.5, 1282]
['2019-03-29 14:44:00', 19.505, 19.505, 19.505, 19.505, 228]
['2019-03-29 14:43:00', 19.505, 19.505, 19.505, 19.505, 100]
['2019-03-29 14:42:00', 19.5, 19.5, 19.5, 19.5, 1600]
['2019-03-29 14:40:00', 19.5, 19.51, 19.5, 19.51, 656]
['2019-03-29 14:39:00', 19.5, 19.495, 19.495, 19.5, 352]
['2019-03-29 14:38:00', 19.5, 19.5, 19.5, 19.5, 238]
['2019-03-29 14:35:00', 19.49, 19.5, 19.49, 19.5, 1418]
['2019-03-29 14:34:00', 19.49, 19.49, 19.49, 19.49, 371]
['2019-03-29 14:32:00', 19.48, 19.49, 19.48, 19.49, 934]
['2019-03-29 14:28:00', 19.49, 19.4883, 19.4883, 19.49, 3398]
['2019-03-29 14:27:00', 19.49, 19.49, 19.49, 19.495, 1765]
['2019-03-29 14:25:00', 19.49, 19.4986, 19.49, 19.5, 2672]
['2019-03-29 14:22:00', 19.48, 19.48, 19.48, 19.48, 101]
['2019-03-29 14:21:00', 19.48, 19.48, 19.48, 19.48, 602]
['2019-03-29 14:20:00', 19.486, 19.486, 19.486, 19.486, 353]
['2019-03-29 14:19:00', 19.48, 19.48, 19.48, 19.49, 400]
['2019-03-29 14:18:00', 19.47, 19.48, 19.47, 19.48, 2502]
['2019-03-29 14:17:00', 19.4666, 19.47, 19.4652, 19.47, 4194]
['2019-03-29 14:16:00', 19.47, 19.47, 19.47, 19.47, 116]
['2019-03-29 14:14:00', 19.47, 19.47, 19.47, 19.47, 106]
['2019-03-29 14:12:00', 19.47, 19.47, 19.47, 19.47, 600]
['2019-03-29 14:09:00', 19.46, 19.47, 19.46, 19.47, 931]
['2019-03-29 14:08:00', 19.455, 19.455, 19.455, 19.455, 100]
['2019-03-29 14:07:00', 19.45, 19.46, 19.45, 19.46, 401]
['2019-03-29 14:04:00', 19.45, 19.45, 19.45, 19.45, 1256]
['2019-03-29 14:01:00', 19.44, 19.44, 19.44, 19.45, 5025]
['2019-03-29 13:59:00', 19.44, 19.43, 19.43, 19.44, 1261]
['2019-03-29 13:58:00', 19.44, 19.44, 19.44, 19.44, 100]
['2019-03-29 13:57:00', 19.44, 19.44, 19.44, 19.44, 200]
['2019-03-29 13:56:00', 19.44, 19.44, 19.44, 19.44, 100]
['2019-03-29 13:54:00', 19.4374, 19.44, 19.4374, 19.44, 2001]
['2019-03-29 13:53:00', 19.4337, 19.4337, 19.4337, 19.4337, 871]
['2019-03-29 13:51:00', 19.43, 19.43, 19.43, 19.435, 2075]
['2019-03-29 13:48:00', 19.44, 19.4354, 19.435, 19.44, 853]
['2019-03-29 13:47:00', 19.43, 19.43, 19.41, 19.43, 4197]
['2019-03-29 13:46:00', 19.456, 19.45, 19.45, 19.456, 1511]
['2019-03-29 13:45:00', 19.44, 19.45, 19.44, 19.45, 2137]
['2019-03-29 13:44:00', 19.44, 19.44, 19.44, 19.44, 200]
['2019-03-29 13:43:00', 19.43, 19.44, 19.43, 19.44, 1684]
['2019-03-29 13:42:00', 19.43, 19.43, 19.43, 19.435, 552]
['2019-03-29 13:41:00', 19.44, 19.43, 19.43, 19.4425, 900]
['2019-03-29 13:40:00', 19.43, 19.44, 19.43, 19.44, 1690]
['2019-03-29 13:39:00', 19.43, 19.43, 19.43, 19.43, 110]
['2019-03-29 13:38:00', 19.43, 19.43, 19.43, 19.43, 1622]
['2019-03-29 13:37:00', 19.435, 19.435, 19.435, 19.435, 100]
['2019-03-29 13:36:00', 19.4349, 19.43, 19.43, 19.4349, 505]
['2019-03-29 13:35:00', 19.44, 19.44, 19.44, 19.44, 187]
['2019-03-29 13:33:00', 19.44, 19.44, 19.44, 19.44, 1227]
['2019-03-29 13:32:00', 19.44, 19.44, 19.44, 19.44, 226]
['2019-03-29 13:30:00', 19.447, 19.447, 19.447, 19.447, 202]
['2019-03-29 13:28:00', 19.44, 19.44, 19.44, 19.44, 121]
['2019-03-29 13:26:00', 19.44, 19.44, 19.44, 19.44, 200]
['2019-03-29 13:25:00', 19.45, 19.44, 19.44, 19.45, 501]
['2019-03-29 13:23:00', 19.45, 19.45, 19.45, 19.45, 733]
['2019-03-29 13:22:00', 19.44, 19.45, 19.44, 19.45, 972]
['2019-03-29 13:21:00', 19.4483, 19.44, 19.44, 19.4483, 709]
['2019-03-29 13:19:00', 19.44, 19.44, 19.44, 19.44, 105]
['2019-03-29 13:18:00', 19.45, 19.45, 19.45, 19.45, 550]
['2019-03-29 13:17:00', 19.45, 19.45, 19.45, 19.45, 300]
['2019-03-29 13:16:00', 19.45, 19.45, 19.45, 19.45, 3885]
['2019-03-29 13:15:00', 19.44, 19.44, 19.44, 19.44, 3900]
['2019-03-29 13:14:00', 19.4267, 19.43, 19.4267, 19.43, 1739]
['2019-03-29 13:13:00', 19.43, 19.43, 19.43, 19.43, 187]
['2019-03-29 13:12:00', 19.42, 19.43, 19.42, 19.43, 1100]
['2019-03-29 13:10:00', 19.425, 19.43, 19.425, 19.43, 300]
['2019-03-29 13:08:00', 19.43, 19.43, 19.43, 19.43, 100]
['2019-03-29 13:07:00', 19.44, 19.43, 19.43, 19.44, 1600]
['2019-03-29 13:02:00', 19.44, 19.4473, 19.44, 19.4473, 731]
['2019-03-29 13:01:00', 19.44, 19.44, 19.44, 19.44, 500]
['2019-03-29 13:00:00', 19.43, 19.435, 19.43, 19.435, 318]
['2019-03-29 12:59:00', 19.43, 19.44, 19.43, 19.44, 2403]
['2019-03-29 12:58:00', 19.43, 19.43, 19.43, 19.43, 300]
['2019-03-29 12:56:00', 19.43, 19.43, 19.43, 19.43, 202]
['2019-03-29 12:55:00', 19.43, 19.43, 19.43, 19.43, 811]
['2019-03-29 12:54:00', 19.43, 19.43, 19.43, 19.43, 100]
['2019-03-29 12:51:00', 19.435, 19.43, 19.43, 19.44, 7194]
['2019-03-29 12:50:00', 19.435, 19.43, 19.43, 19.435, 1145]
['2019-03-29 12:49:00', 19.43, 19.435, 19.43, 19.435, 2882]
['2019-03-29 12:48:00', 19.43, 19.4251, 19.4251, 19.43, 635]
['2019-03-29 12:47:00', 19.435, 19.435, 19.435, 19.435, 290]
['2019-03-29 12:44:00', 19.435, 19.435, 19.435, 19.435, 840]
['2019-03-29 12:43:00', 19.43, 19.43, 19.43, 19.43, 640]
['2019-03-29 12:42:00', 19.44, 19.44, 19.44, 19.44, 1105]
['2019-03-29 12:40:00', 19.44, 19.44, 19.44, 19.44, 603]
['2019-03-29 12:39:00', 19.44, 19.44, 19.44, 19.44, 600]
['2019-03-29 12:37:00', 19.43, 19.43, 19.43, 19.43, 1221]
['2019-03-29 12:36:00', 19.435, 19.435, 19.435, 19.435, 200]
['2019-03-29 12:35:00', 19.4235, 19.43, 19.4235, 19.43, 700]
['2019-03-29 12:34:00', 19.4249, 19.43, 19.4249, 19.43, 2402]
['2019-03-29 12:30:00', 19.43, 19.43, 19.43, 19.43, 1939]
['2019-03-29 12:28:00', 19.4376, 19.4376, 19.4376, 19.4376, 105]
['2019-03-29 12:27:00', 19.43, 19.43, 19.43, 19.43, 700]
['2019-03-29 12:26:00', 19.43, 19.43, 19.43, 19.43, 811]
['2019-03-29 12:25:00', 19.43, 19.43, 19.43, 19.43, 309]
['2019-03-29 12:24:00', 19.43, 19.43, 19.43, 19.43, 110]
['2019-03-29 12:23:00', 19.42, 19.42, 19.42, 19.42, 889]
['2019-03-29 12:22:00', 19.42, 19.42, 19.42, 19.42, 304]
['2019-03-29 12:20:00', 19.42, 19.41, 19.41, 19.42, 1087]
['2019-03-29 12:19:00', 19.4264, 19.4264, 19.4264, 19.4264, 300]
['2019-03-29 12:18:00', 19.4249, 19.42, 19.42, 19.43, 1203]
['2019-03-29 12:17:00', 19.42, 19.42, 19.42, 19.42, 677]
['2019-03-29 12:16:00', 19.4134, 19.42, 19.4134, 19.42, 765]
['2019-03-29 12:15:00', 19.42, 19.415, 19.415, 19.42, 362]
['2019-03-29 12:14:00', 19.41, 19.42, 19.41, 19.42, 554]
['2019-03-29 12:11:00', 19.41, 19.42, 19.41, 19.42, 1519]
['2019-03-29 12:09:00', 19.41, 19.405, 19.405, 19.41, 904]
['2019-03-29 12:07:00', 19.4149, 19.41, 19.41, 19.4149, 3007]
['2019-03-29 12:06:00', 19.41, 19.41, 19.41, 19.41, 700]
['2019-03-29 12:05:00', 19.42, 19.4195, 19.415, 19.42, 800]
['2019-03-29 12:04:00', 19.42, 19.42, 19.42, 19.42, 460]
['2019-03-29 12:03:00', 19.42, 19.42, 19.42, 19.42, 1289]
['2019-03-29 12:01:00', 19.42, 19.42, 19.42, 19.42, 158]
['2019-03-29 12:00:00', 19.425, 19.425, 19.425, 19.425, 149]
['2019-03-29 11:59:00', 19.435, 19.43, 19.43, 19.435, 664]
['2019-03-29 11:58:00', 19.42, 19.43, 19.4185, 19.43, 4251]
['2019-03-29 11:57:00', 19.41, 19.41, 19.41, 19.418, 657]
['2019-03-29 11:56:00', 19.41, 19.42, 19.41, 19.42, 752]
['2019-03-29 11:55:00', 19.43, 19.41, 19.41, 19.435, 3337]
['2019-03-29 11:54:00', 19.4368, 19.4368, 19.4368, 19.4368, 150]
['2019-03-29 11:52:00', 19.43, 19.43, 19.43, 19.43, 111]
['2019-03-29 11:51:00', 19.4314, 19.43, 19.43, 19.4314, 956]
['2019-03-29 11:49:00', 19.43, 19.43, 19.43, 19.43, 420]
['2019-03-29 11:48:00', 19.43, 19.435, 19.43, 19.435, 500]
['2019-03-29 11:47:00', 19.455, 19.43, 19.42, 19.455, 20757]
['2019-03-29 11:46:00', 19.455, 19.455, 19.455, 19.455, 300]
['2019-03-29 11:45:00', 19.455, 19.45, 19.45, 19.455, 209]
['2019-03-29 11:38:00', 19.45, 19.45, 19.45, 19.45, 334]
['2019-03-29 11:37:00', 19.45, 19.45, 19.45, 19.45, 319]
['2019-03-29 11:36:00', 19.45, 19.4599, 19.45, 19.4599, 200]
['2019-03-29 11:35:00', 19.4592, 19.46, 19.4592, 19.46, 1350]
['2019-03-29 11:33:00', 19.455, 19.455, 19.455, 19.455, 103]
['2019-03-29 11:32:00', 19.46, 19.46, 19.46, 19.465, 3492]
['2019-03-29 11:31:00', 19.455, 19.455, 19.455, 19.455, 342]
['2019-03-29 11:30:00', 19.455, 19.455, 19.455, 19.455, 307]
['2019-03-29 11:29:00', 19.46, 19.46, 19.46, 19.46, 466]
['2019-03-29 11:28:00', 19.47, 19.46, 19.46, 19.47, 203]
['2019-03-29 11:27:00', 19.455, 19.46, 19.455, 19.46, 2823]
['2019-03-29 11:26:00', 19.455, 19.455, 19.455, 19.46, 673]
['2019-03-29 11:25:00', 19.46, 19.46, 19.46, 19.46, 107]
['2019-03-29 11:24:00', 19.46, 19.46, 19.46, 19.46, 706]
['2019-03-29 11:23:00', 19.46, 19.46, 19.46, 19.46, 112]
['2019-03-29 11:21:00', 19.46, 19.46, 19.4599, 19.46, 1454]
['2019-03-29 11:20:00', 19.46, 19.455, 19.455, 19.46, 1538]
['2019-03-29 11:19:00', 19.4635, 19.4691, 19.46, 19.4691, 1201]
['2019-03-29 11:18:00', 19.46, 19.47, 19.46, 19.4727, 4128]
['2019-03-29 11:16:00', 19.46, 19.46, 19.46, 19.46, 610]
['2019-03-29 11:13:00', 19.4666, 19.4649, 19.4649, 19.4666, 656]
['2019-03-29 11:12:00', 19.46, 19.46, 19.455, 19.46, 3651]
['2019-03-29 11:11:00', 19.46, 19.46, 19.46, 19.46, 200]
['2019-03-29 11:09:00', 19.45, 19.46, 19.445, 19.46, 2804]
['2019-03-29 11:08:00', 19.445, 19.45, 19.445, 19.45, 601]
['2019-03-29 11:07:00', 19.445, 19.445, 19.445, 19.445, 1000]
['2019-03-29 11:06:00', 19.445, 19.445, 19.445, 19.445, 500]
['2019-03-29 11:05:00', 19.455, 19.4459, 19.44, 19.455, 4322]
['2019-03-29 11:04:00', 19.455, 19.455, 19.45, 19.455, 400]
['2019-03-29 11:03:00', 19.47, 19.46, 19.46, 19.475, 14754]
['2019-03-29 11:02:00', 19.47, 19.4748, 19.47, 19.4748, 476]
['2019-03-29 11:01:00', 19.475, 19.475, 19.475, 19.475, 515]
['2019-03-29 11:00:00', 19.4735, 19.48, 19.4735, 19.48, 462]
['2019-03-29 10:59:00', 19.48, 19.4771, 19.475, 19.48, 1290]
['2019-03-29 10:57:00', 19.48, 19.48, 19.48, 19.48, 175]
['2019-03-29 10:56:00', 19.48, 19.48, 19.48, 19.48, 1071]
['2019-03-29 10:55:00', 19.485, 19.485, 19.485, 19.485, 350]
['2019-03-29 10:54:00', 19.48, 19.49, 19.48, 19.49, 2127]
['2019-03-29 10:53:00', 19.4847, 19.475, 19.475, 19.4847, 3871]
['2019-03-29 10:50:00', 19.48, 19.48, 19.475, 19.4834, 3921]
['2019-03-29 10:49:00', 19.48, 19.475, 19.475, 19.48, 700]
['2019-03-29 10:48:00', 19.48, 19.475, 19.475, 19.48, 306]
['2019-03-29 10:47:00', 19.475, 19.475, 19.47, 19.475, 2412]
['2019-03-29 10:46:00', 19.475, 19.475, 19.475, 19.4764, 1179]
['2019-03-29 10:45:00', 19.47, 19.4816, 19.47, 19.485, 10979]
['2019-03-29 10:43:00', 19.475, 19.47, 19.47, 19.475, 405]
['2019-03-29 10:42:00', 19.475, 19.4766, 19.47, 19.4766, 701]
['2019-03-29 10:41:00', 19.475, 19.47, 19.47, 19.475, 400]
['2019-03-29 10:40:00', 19.475, 19.47, 19.47, 19.475, 531]
['2019-03-29 10:38:00', 19.4751, 19.475, 19.475, 19.4751, 543]
['2019-03-29 10:37:00', 19.47, 19.475, 19.47, 19.475, 501]
['2019-03-29 10:36:00', 19.475, 19.475, 19.475, 19.475, 202]
['2019-03-29 10:35:00', 19.475, 19.475, 19.475, 19.475, 300]
['2019-03-29 10:34:00', 19.475, 19.475, 19.475, 19.475, 118]
['2019-03-29 10:33:00', 19.475, 19.475, 19.475, 19.475, 104]
['2019-03-29 10:31:00', 19.475, 19.475, 19.475, 19.475, 213]
['2019-03-29 10:30:00', 19.4799, 19.47, 19.47, 19.48, 2479]
['2019-03-29 10:28:00', 19.47, 19.48, 19.47, 19.48, 1307]
['2019-03-29 10:26:00', 19.47, 19.475, 19.465, 19.48, 2317]
['2019-03-29 10:24:00', 19.465, 19.465, 19.465, 19.465, 809]
['2019-03-29 10:23:00', 19.4656, 19.4616, 19.4616, 19.4656, 1319]
['2019-03-29 10:22:00', 19.46, 19.465, 19.46, 19.465, 209]
['2019-03-29 10:21:00', 19.46, 19.46, 19.46, 19.46, 100]
['2019-03-29 10:20:00', 19.475, 19.465, 19.465, 19.475, 2581]
['2019-03-29 10:19:00', 19.475, 19.4752, 19.475, 19.48, 4605]
['2019-03-29 10:18:00', 19.48, 19.4799, 19.4799, 19.48, 2347]
['2019-03-29 10:17:00', 19.48, 19.485, 19.48, 19.485, 3402]
['2019-03-29 10:15:00', 19.49, 19.49, 19.49, 19.49, 403]
['2019-03-29 10:13:00', 19.49, 19.49, 19.49, 19.49, 424]
['2019-03-29 10:12:00', 19.5, 19.4899, 19.4899, 19.505, 6604]
['2019-03-29 10:11:00', 19.525, 19.51, 19.51, 19.525, 984]
['2019-03-29 10:10:00', 19.53, 19.53, 19.53, 19.53, 139]
['2019-03-29 10:09:00', 19.53, 19.53, 19.5213, 19.53, 2218]
['2019-03-29 10:08:00', 19.52, 19.52, 19.52, 19.53, 1396]
['2019-03-29 10:07:00', 19.52, 19.515, 19.51, 19.52, 1686]
['2019-03-29 10:06:00', 19.5268, 19.53, 19.5268, 19.53, 311]
['2019-03-29 10:05:00', 19.52, 19.5285, 19.52, 19.53, 1328]
['2019-03-29 10:04:00', 19.515, 19.515, 19.515, 19.515, 269]
['2019-03-29 10:02:00', 19.52, 19.515, 19.515, 19.52, 514]
['2019-03-29 10:01:00', 19.53, 19.517, 19.517, 19.53, 4731]
['2019-03-29 10:00:00', 19.53, 19.53, 19.53, 19.53, 100]
['2019-03-29 09:59:00', 19.55, 19.5342, 19.5342, 19.55, 1008]
['2019-03-29 09:58:00', 19.545, 19.55, 19.54, 19.55, 2665]
['2019-03-29 09:57:00', 19.54, 19.55, 19.54, 19.55, 719]
['2019-03-29 09:56:00', 19.55, 19.55, 19.55, 19.55, 1031]
['2019-03-29 09:55:00', 19.55, 19.55, 19.55, 19.55, 105]
['2019-03-29 09:54:00', 19.54, 19.54, 19.53, 19.54, 700]
['2019-03-29 09:53:00', 19.53, 19.53, 19.53, 19.53, 579]
['2019-03-29 09:52:00', 19.53, 19.53, 19.53, 19.54, 797]
['2019-03-29 09:51:00', 19.54, 19.53, 19.53, 19.54, 305]
['2019-03-29 09:49:00', 19.53, 19.54, 19.53, 19.54, 878]
['2019-03-29 09:48:00', 19.52, 19.52, 19.52, 19.53, 1467]
['2019-03-29 09:47:00', 19.53, 19.51, 19.51, 19.53, 896]
['2019-03-29 09:46:00', 19.53, 19.53, 19.53, 19.53, 279]
['2019-03-29 09:45:00', 19.55, 19.55, 19.55, 19.55, 200]
['2019-03-29 09:44:00', 19.54, 19.54, 19.54, 19.54, 600]
['2019-03-29 09:43:00', 19.525, 19.54, 19.525, 19.54, 1188]
['2019-03-29 09:42:00', 19.53, 19.53, 19.53, 19.53, 1009]
['2019-03-29 09:41:00', 19.53, 19.53, 19.52, 19.53, 1631]
['2019-03-29 09:40:00', 19.53, 19.525, 19.525, 19.53, 900]
['2019-03-29 09:39:00', 19.52, 19.52, 19.52, 19.52, 315]
['2019-03-29 09:38:00', 19.52, 19.52, 19.52, 19.52, 200]
['2019-03-29 09:37:00', 19.515, 19.53, 19.51, 19.53, 2615]
['2019-03-29 09:36:00', 19.5, 19.51, 19.495, 19.51, 3233]
['2019-03-29 09:35:00', 19.51, 19.5, 19.5, 19.52, 3201]
['2019-03-29 09:34:00', 19.54, 19.52, 19.515, 19.55, 5265]
['2019-03-29 09:33:00', 19.53, 19.54, 19.53, 19.55, 2776]
['2019-03-29 09:32:00', 19.53, 19.53, 19.53, 19.53, 253]
['2019-03-29 09:31:00', 19.54, 19.53, 19.53, 19.55, 13785]
['2019-03-28 16:00:00', 19.52, 19.525, 19.51, 19.53, 16986]
['2019-03-28 15:59:00', 19.515, 19.53, 19.515, 19.53, 20045]
['2019-03-28 15:58:00', 19.505, 19.52, 19.505, 19.52, 3087]
['2019-03-28 15:57:00', 19.51, 19.505, 19.5, 19.51, 511]
['2019-03-28 15:56:00', 19.5, 19.5, 19.5, 19.51, 5224]
['2019-03-28 15:55:00', 19.48, 19.5, 19.48, 19.5, 4325]
['2019-03-28 15:54:00', 19.48, 19.48, 19.475, 19.48, 5312]
['2019-03-28 15:53:00', 19.48, 19.48, 19.48, 19.485, 839]
['2019-03-28 15:52:00', 19.48, 19.48, 19.48, 19.485, 600]
['2019-03-28 15:51:00', 19.495, 19.48, 19.48, 19.5, 7970]
['2019-03-28 15:50:00', 19.5, 19.495, 19.49, 19.5, 1074]
['2019-03-28 15:49:00', 19.5, 19.5, 19.5, 19.5, 300]
['2019-03-28 15:48:00', 19.4959, 19.5, 19.49, 19.5, 1006]
['2019-03-28 15:47:00', 19.5, 19.5, 19.495, 19.5, 1736]
['2019-03-28 15:46:00', 19.49, 19.5, 19.49, 19.5, 3150]
['2019-03-28 15:45:00', 19.49, 19.49, 19.485, 19.49, 1376]
['2019-03-28 15:44:00', 19.48, 19.49, 19.48, 19.49, 2100]
['2019-03-28 15:43:00', 19.48, 19.48, 19.48, 19.48, 5172]
['2019-03-28 15:42:00', 19.45, 19.48, 19.45, 19.48, 8793]
['2019-03-28 15:41:00', 19.4451, 19.45, 19.4451, 19.45, 345]
['2019-03-28 15:40:00', 19.44, 19.45, 19.44, 19.45, 4717]
['2019-03-28 15:39:00', 19.44, 19.435, 19.43, 19.44, 500]
['2019-03-28 15:38:00', 19.435, 19.43, 19.43, 19.44, 1817]
['2019-03-28 15:37:00', 19.435, 19.4332, 19.43, 19.44, 2786]
['2019-03-28 15:36:00', 19.435, 19.435, 19.435, 19.435, 314]
['2019-03-28 15:35:00', 19.435, 19.435, 19.43, 19.435, 644]
['2019-03-28 15:34:00', 19.44, 19.43, 19.43, 19.44, 1437]
['2019-03-28 15:33:00', 19.44, 19.44, 19.43, 19.44, 610]
['2019-03-28 15:32:00', 19.43, 19.44, 19.43, 19.44, 317]
['2019-03-28 15:31:00', 19.44, 19.44, 19.44, 19.44, 1217]
['2019-03-28 15:30:00', 19.44, 19.43, 19.43, 19.44, 1958]
['2019-03-28 15:29:00', 19.435, 19.435, 19.435, 19.435, 330]
['2019-03-28 15:28:00', 19.445, 19.435, 19.435, 19.45, 5181]
['2019-03-28 15:27:00', 19.445, 19.445, 19.44, 19.45, 3061]
['2019-03-28 15:26:00', 19.445, 19.45, 19.445, 19.45, 230]
['2019-03-28 15:25:00', 19.45, 19.45, 19.45, 19.45, 309]
['2019-03-28 15:22:00', 19.45, 19.45, 19.445, 19.455, 6844]
['2019-03-28 15:21:00', 19.45, 19.45, 19.45, 19.45, 101]
['2019-03-28 15:20:00', 19.45, 19.45, 19.45, 19.45, 447]
['2019-03-28 15:19:00', 19.44, 19.44, 19.435, 19.44, 3824]
['2019-03-28 15:17:00', 19.45, 19.45, 19.45, 19.45, 140]
['2019-03-28 15:16:00', 19.45, 19.443, 19.443, 19.45, 1508]
['2019-03-28 15:15:00', 19.45, 19.445, 19.445, 19.45, 321]
['2019-03-28 15:13:00', 19.45, 19.45, 19.45, 19.45, 200]
['2019-03-28 15:12:00', 19.445, 19.4471, 19.445, 19.4471, 300]
['2019-03-28 15:11:00', 19.445, 19.445, 19.445, 19.445, 264]
['2019-03-28 15:10:00', 19.445, 19.445, 19.445, 19.445, 100]
['2019-03-28 15:09:00', 19.445, 19.445, 19.445, 19.45, 300]
['2019-03-28 15:08:00', 19.445, 19.445, 19.445, 19.45, 775]
['2019-03-28 15:07:00', 19.445, 19.445, 19.445, 19.445, 100]
['2019-03-28 15:06:00', 19.445, 19.445, 19.445, 19.445, 101]
['2019-03-28 15:03:00', 19.44, 19.44, 19.44, 19.44, 714]
['2019-03-28 15:02:00', 19.44, 19.435, 19.435, 19.44, 858]
['2019-03-28 15:01:00', 19.44, 19.44, 19.44, 19.44, 3810]
['2019-03-28 14:58:00', 19.43, 19.445, 19.43, 19.445, 3696]
['2019-03-28 14:57:00', 19.4384, 19.4384, 19.4384, 19.4384, 105]
['2019-03-28 14:55:00', 19.43, 19.43, 19.43, 19.43, 100]
['2019-03-28 14:53:00', 19.4429, 19.44, 19.44, 19.445, 1928]
['2019-03-28 14:52:00', 19.44, 19.44, 19.44, 19.44, 284]
['2019-03-28 14:51:00', 19.45, 19.45, 19.44, 19.455, 2474]
['2019-03-28 14:50:00', 19.455, 19.455, 19.455, 19.455, 100]
['2019-03-28 14:48:00', 19.46, 19.46, 19.46, 19.46, 234]
['2019-03-28 14:46:00', 19.46, 19.46, 19.46, 19.46, 276]
['2019-03-28 14:42:00', 19.455, 19.455, 19.455, 19.455, 150]
['2019-03-28 14:39:00', 19.46, 19.46, 19.46, 19.46, 283]
['2019-03-28 14:38:00', 19.46, 19.46, 19.46, 19.46, 320]
['2019-03-28 14:37:00', 19.46, 19.46, 19.46, 19.46, 500]
['2019-03-28 14:36:00', 19.45, 19.45, 19.45, 19.45, 100]
['2019-03-28 14:35:00', 19.455, 19.455, 19.455, 19.455, 254]
['2019-03-28 14:34:00', 19.46, 19.455, 19.45, 19.46, 1906]
['2019-03-28 14:33:00', 19.46, 19.46, 19.46, 19.46, 100]
['2019-03-28 14:32:00', 19.46, 19.46, 19.46, 19.46, 100]
['2019-03-28 14:31:00', 19.47, 19.4699, 19.4699, 19.47, 2620]
['2019-03-28 14:30:00', 19.47, 19.47, 19.47, 19.47, 111]
['2019-03-28 14:27:00', 19.47, 19.47, 19.47, 19.47, 171]
['2019-03-28 14:26:00', 19.48, 19.475, 19.475, 19.48, 5299]
['2019-03-28 14:25:00', 19.48, 19.48, 19.48, 19.48, 1532]
['2019-03-28 14:22:00', 19.48, 19.48, 19.48, 19.48, 187]
['2019-03-28 14:19:00', 19.49, 19.49, 19.49, 19.49, 1727]
['2019-03-28 14:16:00', 19.4943, 19.49, 19.49, 19.4943, 302]
['2019-03-28 14:15:00', 19.495, 19.495, 19.495, 19.495, 800]
['2019-03-28 14:14:00', 19.49, 19.495, 19.49, 19.502, 3855]
['2019-03-28 14:12:00', 19.4848, 19.48, 19.48, 19.4848, 496]
['2019-03-28 14:11:00', 19.49, 19.49, 19.49, 19.49, 100]
['2019-03-28 14:10:00', 19.48, 19.48, 19.48, 19.48, 4436]
['2019-03-28 14:09:00', 19.485, 19.49, 19.485, 19.49, 678]
['2019-03-28 14:07:00', 19.5, 19.49, 19.49, 19.5, 1505]
['2019-03-28 14:06:00', 19.5, 19.5, 19.5, 19.5, 100]
['2019-03-28 14:05:00', 19.49, 19.49, 19.49, 19.49, 259]
['2019-03-28 14:04:00', 19.49, 19.49, 19.49, 19.49, 941]
['2019-03-28 14:03:00', 19.48, 19.48, 19.48, 19.48, 100]
['2019-03-28 14:02:00', 19.48, 19.48, 19.48, 19.48, 1000]
['2019-03-28 14:01:00', 19.48, 19.48, 19.48, 19.48, 288]
['2019-03-28 14:00:00', 19.48, 19.48, 19.48, 19.48, 373]
['2019-03-28 13:59:00', 19.48, 19.48, 19.48, 19.48, 312]
['2019-03-28 13:58:00', 19.47, 19.48, 19.47, 19.48, 1103]
['2019-03-28 13:55:00', 19.48, 19.48, 19.48, 19.48, 330]
['2019-03-28 13:54:00', 19.48, 19.48, 19.48, 19.48, 500]
['2019-03-28 13:53:00', 19.48, 19.48, 19.48, 19.48, 300]
['2019-03-28 13:51:00', 19.48, 19.47, 19.47, 19.48, 1308]
['2019-03-28 13:50:00', 19.475, 19.48, 19.475, 19.48, 829]
['2019-03-28 13:48:00', 19.475, 19.475, 19.475, 19.475, 348]
['2019-03-28 13:46:00', 19.47, 19.47, 19.47, 19.47, 100]
['2019-03-28 13:44:00', 19.48, 19.47, 19.47, 19.48, 801]
['2019-03-28 13:43:00', 19.48, 19.48, 19.48, 19.48, 100]
['2019-03-28 13:42:00', 19.49, 19.49, 19.49, 19.49, 220]
['2019-03-28 13:41:00', 19.49, 19.49, 19.49, 19.49, 1082]
['2019-03-28 13:40:00', 19.51, 19.5, 19.5, 19.51, 3096]
['2019-03-28 13:39:00', 19.5, 19.505, 19.5, 19.505, 1200]
['2019-03-28 13:38:00', 19.49, 19.49, 19.49, 19.49, 1600]
['2019-03-28 13:37:00', 19.48, 19.49, 19.475, 19.49, 2087]
['2019-03-28 13:36:00', 19.475, 19.475, 19.475, 19.475, 100]
['2019-03-28 13:35:00', 19.4759, 19.48, 19.4759, 19.48, 555]
['2019-03-28 13:32:00', 19.475, 19.475, 19.475, 19.475, 601]
['2019-03-28 13:31:00', 19.47, 19.47, 19.47, 19.48, 1451]
['2019-03-28 13:30:00', 19.47, 19.48, 19.47, 19.48, 227]
['2019-03-28 13:28:00', 19.48, 19.48, 19.48, 19.485, 2798]
['2019-03-28 13:27:00', 19.475, 19.475, 19.475, 19.475, 200]
['2019-03-28 13:24:00', 19.48, 19.4769, 19.4769, 19.48, 295]
['2019-03-28 13:23:00', 19.47, 19.47, 19.47, 19.47, 100]
['2019-03-28 13:22:00', 19.4796, 19.48, 19.4796, 19.48, 1227]
['2019-03-28 13:21:00', 19.48, 19.48, 19.48, 19.48, 100]
['2019-03-28 13:19:00', 19.48, 19.48, 19.48, 19.48, 214]
['2019-03-28 13:18:00', 19.47, 19.47, 19.47, 19.47, 525]
['2019-03-28 13:17:00', 19.47, 19.465, 19.465, 19.47, 600]
['2019-03-28 13:16:00', 19.4735, 19.47, 19.47, 19.4735, 1070]
['2019-03-28 13:15:00', 19.475, 19.475, 19.475, 19.475, 216]
['2019-03-28 13:14:00', 19.47, 19.47, 19.47, 19.47, 1542]
['2019-03-28 13:12:00', 19.47, 19.47, 19.47, 19.47, 231]
['2019-03-28 13:11:00', 19.46, 19.47, 19.46, 19.475, 10939]
['2019-03-28 13:10:00', 19.46, 19.46, 19.46, 19.46, 114]
['2019-03-28 13:07:00', 19.455, 19.455, 19.455, 19.455, 197]
['2019-03-28 13:05:00', 19.46, 19.455, 19.455, 19.46, 308]
['2019-03-28 13:04:00', 19.46, 19.46, 19.46, 19.46, 100]
['2019-03-28 13:02:00', 19.46, 19.46, 19.46, 19.46, 408]
['2019-03-28 13:00:00', 19.4546, 19.4546, 19.4546, 19.4546, 478]
['2019-03-28 12:57:00', 19.4501, 19.46, 19.45, 19.46, 2078]
['2019-03-28 12:56:00', 19.46, 19.46, 19.46, 19.46, 305]
['2019-03-28 12:55:00', 19.46, 19.46, 19.46, 19.46, 111]
['2019-03-28 12:54:00', 19.45, 19.45, 19.45, 19.45, 532]
['2019-03-28 12:52:00', 19.45, 19.45, 19.45, 19.45, 212]
['2019-03-28 12:51:00', 19.45, 19.45, 19.45, 19.45, 106]
['2019-03-28 12:50:00', 19.45, 19.45, 19.45, 19.45, 117]
['2019-03-28 12:49:00', 19.45, 19.45, 19.45, 19.45, 2445]
['2019-03-28 12:47:00', 19.4501, 19.4501, 19.4501, 19.4501, 325]
['2019-03-28 12:46:00', 19.46, 19.46, 19.46, 19.46, 100]
['2019-03-28 12:45:00', 19.445, 19.45, 19.445, 19.45, 527]
['2019-03-28 12:44:00', 19.456, 19.45, 19.45, 19.46, 1847]
['2019-03-28 12:41:00', 19.46, 19.45, 19.45, 19.46, 1645]
['2019-03-28 12:40:00', 19.45, 19.45, 19.45, 19.45, 651]
['2019-03-28 12:39:00', 19.45, 19.45, 19.45, 19.45, 948]
['2019-03-28 12:38:00', 19.45, 19.45, 19.45, 19.45, 1119]
['2019-03-28 12:37:00', 19.44, 19.45, 19.44, 19.45, 439]
['2019-03-28 12:36:00', 19.43, 19.43, 19.43, 19.43, 400]
['2019-03-28 12:35:00', 19.425, 19.43, 19.425, 19.43, 603]
['2019-03-28 12:34:00', 19.43, 19.43, 19.43, 19.43, 706]
['2019-03-28 12:33:00', 19.43, 19.43, 19.43, 19.43, 3300]
['2019-03-28 12:32:00', 19.44, 19.44, 19.44, 19.44, 200]
['2019-03-28 12:29:00', 19.42, 19.43, 19.42, 19.43, 986]
['2019-03-28 12:28:00', 19.42, 19.42, 19.42, 19.42, 4183]
['2019-03-28 12:27:00', 19.43, 19.43, 19.43, 19.43, 201]
['2019-03-28 12:26:00', 19.43, 19.425, 19.425, 19.43, 300]
['2019-03-28 12:24:00', 19.4224, 19.43, 19.4224, 19.435, 2356]
['2019-03-28 12:23:00', 19.4259, 19.43, 19.4259, 19.43, 1505]
['2019-03-28 12:22:00', 19.42, 19.43, 19.42, 19.43, 1592]
['2019-03-28 12:21:00', 19.41, 19.42, 19.41, 19.42, 313]
['2019-03-28 12:20:00', 19.42, 19.42, 19.42, 19.42, 200]
['2019-03-28 12:18:00', 19.42, 19.4184, 19.4184, 19.42, 302]
['2019-03-28 12:17:00', 19.42, 19.42, 19.4184, 19.42, 702]
['2019-03-28 12:16:00', 19.42, 19.42, 19.42, 19.42, 300]
['2019-03-28 12:15:00', 19.42, 19.42, 19.42, 19.42, 200]
['2019-03-28 12:14:00', 19.42, 19.42, 19.42, 19.42, 108]
['2019-03-28 12:13:00', 19.42, 19.42, 19.42, 19.42, 102]
['2019-03-28 12:12:00', 19.42, 19.42, 19.42, 19.42, 101]
['2019-03-28 12:11:00', 19.42, 19.42, 19.42, 19.42, 308]
['2019-03-28 12:09:00', 19.42, 19.42, 19.41, 19.42, 751]
['2019-03-28 12:07:00', 19.415, 19.415, 19.415, 19.415, 247]
['2019-03-28 12:06:00', 19.42, 19.42, 19.42, 19.42, 310]
['2019-03-28 12:05:00', 19.42, 19.42, 19.42, 19.42, 311]
['2019-03-28 12:04:00', 19.42, 19.42, 19.41, 19.42, 3206]
['2019-03-28 12:03:00', 19.43, 19.43, 19.425, 19.43, 500]
['2019-03-28 12:02:00', 19.42, 19.4272, 19.4134, 19.4272, 3170]
['2019-03-28 12:01:00', 19.42, 19.42, 19.42, 19.42, 100]
['2019-03-28 11:59:00', 19.42, 19.42, 19.42, 19.42, 927]
['2019-03-28 11:58:00', 19.43, 19.43, 19.43, 19.43, 124]
['2019-03-28 11:57:00', 19.42, 19.42, 19.42, 19.42, 1227]
['2019-03-28 11:54:00', 19.425, 19.425, 19.425, 19.425, 202]
['2019-03-28 11:53:00', 19.42, 19.42, 19.42, 19.42, 310]
['2019-03-28 11:52:00', 19.41, 19.42, 19.41, 19.42, 647]
['2019-03-28 11:50:00', 19.41, 19.41, 19.41, 19.41, 1505]
['2019-03-28 11:49:00', 19.4163, 19.4163, 19.4163, 19.4163, 1000]
['2019-03-28 11:48:00', 19.4117, 19.4117, 19.4117, 19.4117, 502]
['2019-03-28 11:47:00', 19.4135, 19.41, 19.41, 19.4135, 3926]
['2019-03-28 11:46:00', 19.43, 19.425, 19.42, 19.43, 5594]
['2019-03-28 11:42:00', 19.43, 19.43, 19.43, 19.43, 807]
['2019-03-28 11:41:00', 19.435, 19.44, 19.435, 19.44, 200]
['2019-03-28 11:40:00', 19.43, 19.43, 19.43, 19.43, 135]
['2019-03-28 11:39:00', 19.4198, 19.42, 19.4198, 19.42, 1385]
['2019-03-28 11:38:00', 19.41, 19.41, 19.41, 19.41, 821]
['2019-03-28 11:36:00', 19.42, 19.4181, 19.41, 19.42, 2371]
['2019-03-28 11:35:00', 19.42, 19.42, 19.42, 19.42, 254]
['2019-03-28 11:34:00', 19.41, 19.415, 19.41, 19.415, 217]
['2019-03-28 11:33:00', 19.41, 19.41, 19.41, 19.41, 2795]
['2019-03-28 11:31:00', 19.41, 19.41, 19.4, 19.41, 1213]
['2019-03-28 11:30:00', 19.42, 19.41, 19.41, 19.42, 4116]
['2019-03-28 11:29:00', 19.43, 19.43, 19.43, 19.43, 203]
['2019-03-28 11:27:00', 19.43, 19.43, 19.43, 19.43, 550]
['2019-03-28 11:26:00', 19.43, 19.43, 19.43, 19.43, 312]
['2019-03-28 11:25:00', 19.43, 19.43, 19.43, 19.43, 199]
['2019-03-28 11:23:00', 19.4321, 19.42, 19.42, 19.4321, 2601]
['2019-03-28 11:22:00', 19.44, 19.44, 19.44, 19.44, 814]
['2019-03-28 11:21:00', 19.44, 19.44, 19.44, 19.45, 2433]
['2019-03-28 11:20:00', 19.445, 19.44, 19.44, 19.445, 300]
['2019-03-28 11:19:00', 19.46, 19.44, 19.44, 19.46, 2263]
['2019-03-28 11:18:00', 19.46, 19.45, 19.45, 19.46, 1179]
['2019-03-28 11:17:00', 19.45, 19.45, 19.45, 19.45, 321]
['2019-03-28 11:16:00', 19.45, 19.45, 19.45, 19.45, 117]
['2019-03-28 11:15:00', 19.46, 19.45, 19.445, 19.46, 1532]
['2019-03-28 11:14:00', 19.46, 19.46, 19.46, 19.46, 500]
['2019-03-28 11:13:00', 19.45, 19.46, 19.45, 19.46, 1437]
['2019-03-28 11:12:00', 19.45, 19.45, 19.45, 19.45, 2139]
['2019-03-28 11:11:00', 19.431, 19.43, 19.43, 19.431, 608]
['2019-03-28 11:10:00', 19.44, 19.45, 19.43, 19.45, 700]
['2019-03-28 11:09:00', 19.43, 19.44, 19.42, 19.44, 2482]
['2019-03-28 11:07:00', 19.44, 19.4334, 19.4334, 19.44, 5200]
['2019-03-28 11:04:00', 19.44, 19.44, 19.44, 19.44, 927]
['2019-03-28 11:03:00', 19.43, 19.44, 19.43, 19.44, 1044]
['2019-03-28 11:01:00', 19.44, 19.44, 19.44, 19.44, 502]
['2019-03-28 11:00:00', 19.44, 19.43, 19.43, 19.44, 1563]
['2019-03-28 10:59:00', 19.44, 19.4428, 19.44, 19.4428, 204]
['2019-03-28 10:58:00', 19.46, 19.44, 19.44, 19.46, 695]
['2019-03-28 10:57:00', 19.4599, 19.4599, 19.4599, 19.4599, 300]
['2019-03-28 10:56:00', 19.45, 19.45, 19.45, 19.45, 101]
['2019-03-28 10:54:00', 19.44, 19.44, 19.44, 19.44, 787]
['2019-03-28 10:53:00', 19.45, 19.45, 19.43, 19.45, 3233]
['2019-03-28 10:52:00', 19.4386, 19.4386, 19.4386, 19.4386, 2899]
['2019-03-28 10:51:00', 19.45, 19.43, 19.43, 19.45, 1211]
['2019-03-28 10:49:00', 19.45, 19.45, 19.443, 19.45, 1171]
['2019-03-28 10:48:00', 19.44, 19.44, 19.44, 19.44, 430]
['2019-03-28 10:47:00', 19.43, 19.43, 19.42, 19.44, 1410]
['2019-03-28 10:46:00', 19.44, 19.43, 19.43, 19.44, 1888]
['2019-03-28 10:45:00', 19.43, 19.43, 19.41, 19.43, 12990]
['2019-03-28 10:44:00', 19.47, 19.43, 19.42, 19.47, 12596]
['2019-03-28 10:43:00', 19.47, 19.47, 19.4601, 19.47, 2267]
['2019-03-28 10:42:00', 19.5, 19.46, 19.4, 19.522, 95080]
['2019-03-28 10:40:00', 19.5, 19.4978, 19.4978, 19.5, 1229]
['2019-03-28 10:37:00', 19.5, 19.5, 19.5, 19.5, 597]
['2019-03-28 10:36:00', 19.5, 19.5, 19.5, 19.5, 301]
['2019-03-28 10:35:00', 19.52, 19.5055, 19.5, 19.52, 5787]
['2019-03-28 10:33:00', 19.51, 19.51, 19.51, 19.51, 455]
['2019-03-28 10:32:00', 19.51, 19.51, 19.51, 19.51, 108]
['2019-03-28 10:31:00', 19.5, 19.51, 19.5, 19.51, 514]
['2019-03-28 10:30:00', 19.5, 19.5, 19.5, 19.5, 1656]
['2019-03-28 10:28:00', 19.5033, 19.5033, 19.5033, 19.5033, 1146]
['2019-03-28 10:26:00', 19.49, 19.505, 19.49, 19.505, 2083]
['2019-03-28 10:25:00', 19.49, 19.49, 19.49, 19.5, 2028]
['2019-03-28 10:24:00', 19.49, 19.49, 19.49, 19.49, 449]
['2019-03-28 10:22:00', 19.495, 19.49, 19.49, 19.51, 4650]
['2019-03-28 10:21:00', 19.49, 19.4936, 19.49, 19.4959, 4039]
['2019-03-28 10:20:00', 19.48, 19.4899, 19.48, 19.4899, 2925]
['2019-03-28 10:19:00', 19.48, 19.48, 19.48, 19.48, 493]
['2019-03-28 10:16:00', 19.4796, 19.4796, 19.4796, 19.4796, 1024]
['2019-03-28 10:15:00', 19.4839, 19.48, 19.48, 19.4862, 4867]
['2019-03-28 10:13:00', 19.48, 19.49, 19.48, 19.49, 961]
['2019-03-28 10:12:00', 19.48, 19.48, 19.48, 19.48, 304]
['2019-03-28 10:10:00', 19.4764, 19.4764, 19.4764, 19.4764, 1086]
['2019-03-28 10:09:00', 19.47, 19.47, 19.47, 19.47, 427]
['2019-03-28 10:08:00', 19.47, 19.47, 19.47, 19.47, 810]
['2019-03-28 10:06:00', 19.49, 19.49, 19.49, 19.49, 522]
['2019-03-28 10:04:00', 19.5, 19.5, 19.5, 19.5, 151]
['2019-03-28 10:03:00', 19.495, 19.5, 19.495, 19.5, 307]
['2019-03-28 10:02:00', 19.49, 19.49, 19.485, 19.49, 1098]
['2019-03-28 10:01:00', 19.49, 19.49, 19.49, 19.4999, 6575]
['2019-03-28 10:00:00', 19.49, 19.49, 19.49, 19.5, 373]
['2019-03-28 09:59:00', 19.49, 19.5, 19.49, 19.5, 1300]
['2019-03-28 09:57:00', 19.48, 19.4864, 19.48, 19.4864, 1302]
['2019-03-28 09:56:00', 19.47, 19.48, 19.47, 19.48, 522]
['2019-03-28 09:55:00', 19.47, 19.47, 19.47, 19.47, 404]
['2019-03-28 09:54:00', 19.48, 19.48, 19.48, 19.48, 1077]
['2019-03-28 09:53:00', 19.48, 19.48, 19.48, 19.48, 704]
['2019-03-28 09:52:00', 19.49, 19.4866, 19.4866, 19.49, 605]
['2019-03-28 09:51:00', 19.49, 19.49, 19.49, 19.49, 1470]
['2019-03-28 09:50:00', 19.49, 19.49, 19.49, 19.49, 204]
['2019-03-28 09:49:00', 19.49, 19.49, 19.49, 19.49, 1741]
['2019-03-28 09:48:00', 19.4836, 19.49, 19.4836, 19.49, 1719]
['2019-03-28 09:47:00', 19.49, 19.48, 19.48, 19.49, 849]
['2019-03-28 09:46:00', 19.48, 19.49, 19.48, 19.49, 1321]
['2019-03-28 09:45:00', 19.48, 19.48, 19.48, 19.48, 997]
['2019-03-28 09:44:00', 19.51, 19.5, 19.5, 19.51, 1112]
['2019-03-28 09:43:00', 19.51, 19.53, 19.51, 19.53, 1106]
['2019-03-28 09:42:00', 19.515, 19.515, 19.515, 19.52, 869]
['2019-03-28 09:41:00', 19.51, 19.51, 19.51, 19.52, 2026]
['2019-03-28 09:40:00', 19.51, 19.51, 19.51, 19.52, 2516]
['2019-03-28 09:39:00', 19.52, 19.5084, 19.5084, 19.52, 1613]
['2019-03-28 09:38:00', 19.49, 19.51, 19.49, 19.51, 1514]
['2019-03-28 09:37:00', 19.47, 19.49, 19.47, 19.49, 5818]
['2019-03-28 09:36:00', 19.45, 19.47, 19.45, 19.47, 3200]
['2019-03-28 09:35:00', 19.46, 19.45, 19.45, 19.46, 804]
['2019-03-28 09:34:00', 19.49, 19.47, 19.45, 19.49, 16760]
['2019-03-28 09:33:00', 19.52, 19.51, 19.51, 19.5201, 2605]
['2019-03-28 09:32:00', 19.53, 19.54, 19.53, 19.54, 1394]
['2019-03-28 09:31:00', 19.53, 19.5268, 19.515, 19.53, 9482]
['2019-03-27 16:00:00', 19.495, 19.48, 19.48, 19.5, 46510]
['2019-03-27 15:59:00', 19.5, 19.495, 19.49, 19.51, 24925]
['2019-03-27 15:58:00', 19.5, 19.495, 19.49, 19.505, 14736]
['2019-03-27 15:57:00', 19.495, 19.5, 19.49, 19.5, 9104]
['2019-03-27 15:56:00', 19.49, 19.495, 19.485, 19.5, 17113]
['2019-03-27 15:55:00', 19.49, 19.485, 19.48, 19.49, 6165]
['2019-03-27 15:54:00', 19.49, 19.485, 19.48, 19.49, 4141]
['2019-03-27 15:53:00', 19.48, 19.485, 19.48, 19.49, 4084]
['2019-03-27 15:52:00', 19.48, 19.48, 19.48, 19.49, 6289]
['2019-03-27 15:51:00', 19.47, 19.48, 19.46, 19.48, 10257]
['2019-03-27 15:50:00', 19.465, 19.47, 19.465, 19.47, 3125]
['2019-03-27 15:49:00', 19.462, 19.4651, 19.46, 19.47, 2451]
['2019-03-27 15:48:00', 19.47, 19.46, 19.46, 19.47, 1807]
['2019-03-27 15:47:00', 19.466, 19.46, 19.46, 19.466, 305]
['2019-03-27 15:46:00', 19.46, 19.465, 19.46, 19.47, 6647]
['2019-03-27 15:45:00', 19.47, 19.46, 19.46, 19.47, 1010]
['2019-03-27 15:44:00', 19.46, 19.46, 19.46, 19.465, 1001]
['2019-03-27 15:43:00', 19.46, 19.47, 19.46, 19.47, 1300]
['2019-03-27 15:42:00', 19.465, 19.465, 19.465, 19.465, 601]
['2019-03-27 15:41:00', 19.465, 19.465, 19.46, 19.465, 2325]
['2019-03-27 15:40:00', 19.46, 19.465, 19.46, 19.47, 3383]
['2019-03-27 15:39:00', 19.47, 19.46, 19.46, 19.47, 458]
['2019-03-27 15:38:00', 19.465, 19.465, 19.46, 19.465, 3080]
['2019-03-27 15:37:00', 19.465, 19.46, 19.46, 19.465, 908]
['2019-03-27 15:36:00', 19.465, 19.465, 19.46, 19.465, 1136]
['2019-03-27 15:35:00', 19.47, 19.47, 19.47, 19.47, 525]
['2019-03-27 15:34:00', 19.47, 19.47, 19.46, 19.47, 1637]
['2019-03-27 15:33:00', 19.47, 19.47, 19.47, 19.47, 280]
['2019-03-27 15:32:00', 19.48, 19.48, 19.48, 19.48, 1155]
['2019-03-27 15:31:00', 19.465, 19.48, 19.465, 19.48, 5473]
['2019-03-27 15:30:00', 19.46, 19.455, 19.455, 19.46, 495]
['2019-03-27 15:29:00', 19.46, 19.46, 19.45, 19.46, 2883]
['2019-03-27 15:28:00', 19.465, 19.46, 19.46, 19.465, 2129]
['2019-03-27 15:27:00', 19.46, 19.46, 19.46, 19.46, 201]
['2019-03-27 15:26:00', 19.46, 19.46, 19.46, 19.47, 1296]
['2019-03-27 15:25:00', 19.465, 19.47, 19.46, 19.47, 1300]
['2019-03-27 15:24:00', 19.47, 19.46, 19.46, 19.47, 391]
['2019-03-27 15:23:00', 19.465, 19.465, 19.46, 19.4651, 1002]
['2019-03-27 15:22:00', 19.46, 19.463, 19.46, 19.463, 1857]
['2019-03-27 15:21:00', 19.46, 19.46, 19.46, 19.46, 319]
['2019-03-27 15:20:00', 19.46, 19.46, 19.46, 19.46, 100]
['2019-03-27 15:19:00', 19.465, 19.4632, 19.4632, 19.465, 739]
['2019-03-27 15:18:00', 19.46, 19.47, 19.46, 19.47, 302]
['2019-03-27 15:17:00', 19.4666, 19.46, 19.46, 19.4666, 750]
['2019-03-27 15:16:00', 19.465, 19.465, 19.465, 19.465, 125]
['2019-03-27 15:15:00', 19.4651, 19.4651, 19.4651, 19.4651, 401]
['2019-03-27 15:14:00', 19.46, 19.46, 19.46, 19.46, 100]
['2019-03-27 15:13:00', 19.47, 19.46, 19.46, 19.47, 1544]
['2019-03-27 15:12:00', 19.47, 19.47, 19.47, 19.475, 4570]
['2019-03-27 15:11:00', 19.465, 19.47, 19.465, 19.47, 400]
['2019-03-27 15:10:00', 19.47, 19.465, 19.465, 19.475, 4384]
['2019-03-27 15:09:00', 19.475, 19.47, 19.47, 19.475, 201]
['2019-03-27 15:08:00', 19.47, 19.47, 19.47, 19.47, 202]
['2019-03-27 15:07:00', 19.48, 19.48, 19.48, 19.48, 1170]
['2019-03-27 15:05:00', 19.47, 19.47, 19.47, 19.47, 249]
['2019-03-27 15:04:00', 19.48, 19.48, 19.48, 19.48, 100]
['2019-03-27 15:03:00', 19.4763, 19.4763, 19.4763, 19.4763, 728]
['2019-03-27 15:02:00', 19.4786, 19.48, 19.4786, 19.48, 385]
['2019-03-27 15:01:00', 19.4835, 19.48, 19.475, 19.4835, 3271]
['2019-03-27 15:00:00', 19.485, 19.485, 19.485, 19.485, 1070]
['2019-03-27 14:58:00', 19.48, 19.49, 19.48, 19.49, 670]
['2019-03-27 14:57:00', 19.4849, 19.48, 19.48, 19.4849, 1158]
['2019-03-27 14:56:00', 19.49, 19.48, 19.48, 19.49, 805]
['2019-03-27 14:55:00', 19.485, 19.485, 19.48, 19.485, 508]
['2019-03-27 14:54:00', 19.48, 19.48, 19.48, 19.48, 321]
['2019-03-27 14:53:00', 19.48, 19.488, 19.48, 19.488, 305]
['2019-03-27 14:52:00', 19.48, 19.48, 19.48, 19.485, 335]
['2019-03-27 14:51:00', 19.48, 19.48, 19.48, 19.48, 108]
['2019-03-27 14:50:00', 19.48, 19.48, 19.48, 19.49, 598]
['2019-03-27 14:49:00', 19.48, 19.48, 19.48, 19.49, 306]
['2019-03-27 14:48:00', 19.49, 19.49, 19.49, 19.49, 1473]
['2019-03-27 14:45:00', 19.5, 19.495, 19.495, 19.5, 289]
['2019-03-27 14:42:00', 19.495, 19.495, 19.495, 19.495, 436]
['2019-03-27 14:41:00', 19.49, 19.495, 19.49, 19.495, 1435]
['2019-03-27 14:40:00', 19.485, 19.48, 19.48, 19.485, 200]
['2019-03-27 14:39:00', 19.48, 19.4848, 19.48, 19.4848, 305]
['2019-03-27 14:38:00', 19.49, 19.485, 19.485, 19.49, 1027]
['2019-03-27 14:36:00', 19.49, 19.5, 19.485, 19.5, 2127]
['2019-03-27 14:35:00', 19.505, 19.49, 19.49, 19.51, 2398]
['2019-03-27 14:34:00', 19.51, 19.505, 19.505, 19.51, 250]
['2019-03-27 14:33:00', 19.51, 19.51, 19.51, 19.51, 404]
['2019-03-27 14:32:00', 19.51, 19.51, 19.51, 19.51, 210]
['2019-03-27 14:31:00', 19.505, 19.51, 19.505, 19.51, 636]
['2019-03-27 14:30:00', 19.51, 19.51, 19.51, 19.515, 4324]
['2019-03-27 14:29:00', 19.51, 19.51, 19.5013, 19.51, 1651]
['2019-03-27 14:27:00', 19.51, 19.5, 19.5, 19.51, 528]
['2019-03-27 14:26:00', 19.51, 19.51, 19.51, 19.51, 570]
['2019-03-27 14:25:00', 19.51, 19.505, 19.505, 19.51, 208]
['2019-03-27 14:24:00', 19.51, 19.5, 19.5, 19.51, 202]
['2019-03-27 14:23:00', 19.505, 19.505, 19.505, 19.505, 102]
['2019-03-27 14:22:00', 19.505, 19.505, 19.505, 19.505, 102]
['2019-03-27 14:21:00', 19.5, 19.505, 19.5, 19.505, 201]
['2019-03-27 14:20:00', 19.51, 19.505, 19.5, 19.51, 534]
['2019-03-27 14:19:00', 19.51, 19.5, 19.5, 19.51, 1198]
['2019-03-27 14:18:00', 19.51, 19.51, 19.51, 19.51, 100]
['2019-03-27 14:17:00', 19.52, 19.52, 19.52, 19.52, 1468]
['2019-03-27 14:16:00', 19.52, 19.52, 19.52, 19.52, 104]
['2019-03-27 14:15:00', 19.53, 19.525, 19.525, 19.53, 601]
['2019-03-27 14:14:00', 19.52, 19.53, 19.52, 19.53, 201]
['2019-03-27 14:13:00', 19.53, 19.53, 19.53, 19.53, 106]
['2019-03-27 14:12:00', 19.505, 19.53, 19.505, 19.53, 5588]
['2019-03-27 14:11:00', 19.505, 19.505, 19.505, 19.505, 200]
['2019-03-27 14:10:00', 19.505, 19.51, 19.505, 19.51, 218]
['2019-03-27 14:09:00', 19.5, 19.5, 19.5, 19.5, 100]
['2019-03-27 14:08:00', 19.505, 19.5, 19.5, 19.51, 317]
['2019-03-27 14:07:00', 19.5, 19.505, 19.5, 19.505, 204]
['2019-03-27 14:06:00', 19.5, 19.51, 19.5, 19.51, 5640]
['2019-03-27 14:01:00', 19.495, 19.495, 19.495, 19.495, 417]
['2019-03-27 14:00:00', 19.5, 19.5, 19.5, 19.5, 302]
['2019-03-27 13:59:00', 19.505, 19.5, 19.5, 19.505, 1130]
['2019-03-27 13:58:00', 19.5, 19.5005, 19.5, 19.5005, 558]
['2019-03-27 13:56:00', 19.51, 19.505, 19.505, 19.51, 2523]
['2019-03-27 13:55:00', 19.52, 19.52, 19.52, 19.52, 2061]
['2019-03-27 13:54:00', 19.5201, 19.5201, 19.5201, 19.5201, 388]
['2019-03-27 13:53:00', 19.53, 19.52, 19.52, 19.53, 590]
['2019-03-27 13:52:00', 19.525, 19.525, 19.52, 19.525, 450]
['2019-03-27 13:51:00', 19.52, 19.5201, 19.52, 19.53, 1272]
['2019-03-27 13:50:00', 19.53, 19.525, 19.52, 19.53, 1309]
['2019-03-27 13:49:00', 19.53, 19.52, 19.52, 19.53, 205]
['2019-03-27 13:48:00', 19.52, 19.52, 19.52, 19.52, 108]
['2019-03-27 13:47:00', 19.52, 19.52, 19.52, 19.52, 109]
['2019-03-27 13:46:00', 19.525, 19.53, 19.525, 19.53, 551]
['2019-03-27 13:45:00', 19.53, 19.53, 19.53, 19.53, 218]
['2019-03-27 13:44:00', 19.53, 19.525, 19.52, 19.53, 401]
['2019-03-27 13:43:00', 19.53, 19.525, 19.525, 19.53, 410]
['2019-03-27 13:42:00', 19.51, 19.52, 19.51, 19.52, 557]
['2019-03-27 13:41:00', 19.52, 19.52, 19.52, 19.52, 201]
['2019-03-27 13:36:00', 19.51, 19.51, 19.51, 19.51, 631]
['2019-03-27 13:35:00', 19.51, 19.51, 19.5, 19.51, 1019]
['2019-03-27 13:32:00', 19.5142, 19.51, 19.51, 19.5142, 1202]
['2019-03-27 13:31:00', 19.52, 19.52, 19.52, 19.52, 357]
['2019-03-27 13:30:00', 19.51, 19.52, 19.51, 19.52, 628]
['2019-03-27 13:29:00', 19.5155, 19.5155, 19.5155, 19.5155, 200]
['2019-03-27 13:28:00', 19.51, 19.51, 19.5, 19.51, 2056]
['2019-03-27 13:27:00', 19.51, 19.51, 19.51, 19.51, 788]
['2019-03-27 13:25:00', 19.5103, 19.5103, 19.5103, 19.5103, 596]
['2019-03-27 13:24:00', 19.5342, 19.52, 19.52, 19.5342, 820]
['2019-03-27 13:23:00', 19.53, 19.53, 19.53, 19.53, 1363]
['2019-03-27 13:22:00', 19.51, 19.53, 19.51, 19.53, 1714]
['2019-03-27 13:20:00', 19.51, 19.51, 19.51, 19.51, 408]
['2019-03-27 13:16:00', 19.5, 19.51, 19.5, 19.51, 454]
['2019-03-27 13:15:00', 19.5, 19.5, 19.495, 19.5, 1212]
['2019-03-27 13:14:00', 19.48, 19.49, 19.48, 19.49, 1185]
['2019-03-27 13:13:00', 19.48, 19.48, 19.475, 19.48, 1136]
['2019-03-27 13:12:00', 19.48, 19.48, 19.48, 19.48, 101]
['2019-03-27 13:11:00', 19.4885, 19.4885, 19.4885, 19.4885, 300]
['2019-03-27 13:10:00', 19.48, 19.48, 19.48, 19.48, 101]
['2019-03-27 13:09:00', 19.49, 19.49, 19.49, 19.49, 201]
['2019-03-27 13:08:00', 19.49, 19.49, 19.49, 19.49, 212]
['2019-03-27 13:07:00', 19.485, 19.485, 19.485, 19.485, 201]
['2019-03-27 13:06:00', 19.485, 19.485, 19.48, 19.485, 3032]
['2019-03-27 13:05:00', 19.48, 19.48, 19.48, 19.48, 131]
['2019-03-27 13:04:00', 19.48, 19.4884, 19.48, 19.4885, 603]
['2019-03-27 13:03:00', 19.485, 19.485, 19.485, 19.49, 2901]
['2019-03-27 13:02:00', 19.48, 19.485, 19.48, 19.49, 6189]
['2019-03-27 13:01:00', 19.475, 19.47, 19.47, 19.475, 648]
['2019-03-27 13:00:00', 19.48, 19.48, 19.475, 19.48, 600]
['2019-03-27 12:59:00', 19.48, 19.48, 19.48, 19.48, 1030]
['2019-03-27 12:58:00', 19.5, 19.49, 19.49, 19.5, 4950]
['2019-03-27 12:57:00', 19.505, 19.505, 19.505, 19.505, 106]
['2019-03-27 12:56:00', 19.505, 19.505, 19.505, 19.505, 101]
['2019-03-27 12:55:00', 19.51, 19.51, 19.5, 19.51, 2793]
['2019-03-27 12:54:00', 19.52, 19.52, 19.52, 19.52, 101]
['2019-03-27 12:53:00', 19.51, 19.52, 19.505, 19.52, 5316]
['2019-03-27 12:52:00', 19.51, 19.51, 19.505, 19.51, 610]
['2019-03-27 12:51:00', 19.51, 19.505, 19.5, 19.51, 2483]
['2019-03-27 12:49:00', 19.51, 19.515, 19.51, 19.515, 1423]
['2019-03-27 12:48:00', 19.51, 19.5093, 19.5093, 19.51, 1228]
['2019-03-27 12:46:00', 19.52, 19.51, 19.51, 19.52, 400]
['2019-03-27 12:45:00', 19.52, 19.52, 19.51, 19.52, 1554]
['2019-03-27 12:44:00', 19.52, 19.52, 19.52, 19.52, 2104]
['2019-03-27 12:43:00', 19.52, 19.52, 19.52, 19.52, 421]
['2019-03-27 12:42:00', 19.53, 19.5218, 19.5218, 19.535, 5645]
['2019-03-27 12:41:00', 19.53, 19.53, 19.53, 19.53, 306]
['2019-03-27 12:40:00', 19.54, 19.54, 19.54, 19.54, 140]
['2019-03-27 12:39:00', 19.54, 19.54, 19.54, 19.54, 307]
['2019-03-27 12:38:00', 19.525, 19.53, 19.52, 19.53, 2524]
['2019-03-27 12:37:00', 19.52, 19.5207, 19.52, 19.5207, 1231]
['2019-03-27 12:36:00', 19.53, 19.5307, 19.53, 19.5307, 404]
['2019-03-27 12:35:00', 19.53, 19.53, 19.53, 19.53, 101]
['2019-03-27 12:33:00', 19.54, 19.54, 19.535, 19.54, 839]
['2019-03-27 12:31:00', 19.54, 19.54, 19.535, 19.54, 436]
['2019-03-27 12:30:00', 19.53, 19.52, 19.52, 19.53, 728]
['2019-03-27 12:29:00', 19.5339, 19.53, 19.53, 19.5339, 8319]
['2019-03-27 12:28:00', 19.52, 19.53, 19.52, 19.53, 850]
['2019-03-27 12:27:00', 19.5287, 19.5287, 19.5287, 19.5287, 1010]
['2019-03-27 12:26:00', 19.53, 19.52, 19.52, 19.53, 801]
['2019-03-27 12:25:00', 19.531, 19.535, 19.531, 19.535, 880]
['2019-03-27 12:23:00', 19.52, 19.53, 19.52, 19.53, 808]
['2019-03-27 12:22:00', 19.52, 19.52, 19.52, 19.5301, 5479]
['2019-03-27 12:21:00', 19.5101, 19.5101, 19.5101, 19.5101, 1054]
['2019-03-27 12:20:00', 19.51, 19.5105, 19.51, 19.5105, 1101]
['2019-03-27 12:19:00', 19.5201, 19.52, 19.52, 19.5201, 562]
['2019-03-27 12:18:00', 19.53, 19.5201, 19.52, 19.53, 1710]
['2019-03-27 12:15:00', 19.53, 19.535, 19.53, 19.54, 934]
['2019-03-27 12:14:00', 19.54, 19.54, 19.54, 19.54, 800]
['2019-03-27 12:13:00', 19.53, 19.53, 19.53, 19.53, 1113]
['2019-03-27 12:12:00', 19.53, 19.52, 19.52, 19.53, 724]
['2019-03-27 12:11:00', 19.53, 19.53, 19.53, 19.53, 102]
['2019-03-27 12:10:00', 19.53, 19.5354, 19.53, 19.5354, 550]
['2019-03-27 12:08:00', 19.54, 19.5334, 19.5334, 19.54, 842]
['2019-03-27 12:05:00', 19.52, 19.53, 19.52, 19.53, 5799]
['2019-03-27 12:00:00', 19.5354, 19.5354, 19.5354, 19.5354, 5087]
['2019-03-27 11:59:00', 19.5257, 19.5257, 19.5257, 19.5257, 513]
['2019-03-27 11:58:00', 19.52, 19.525, 19.52, 19.53, 1677]
['2019-03-27 11:57:00', 19.515, 19.515, 19.515, 19.515, 108]
['2019-03-27 11:56:00', 19.51, 19.51, 19.51, 19.51, 417]
['2019-03-27 11:55:00', 19.505, 19.51, 19.505, 19.51, 1321]
['2019-03-27 11:54:00', 19.51, 19.5, 19.5, 19.51, 1204]
['2019-03-27 11:53:00', 19.5, 19.5, 19.5, 19.5, 200]
['2019-03-27 11:52:00', 19.5, 19.5, 19.5, 19.5, 103]
['2019-03-27 11:51:00', 19.5, 19.5, 19.5, 19.5, 191]
['2019-03-27 11:50:00', 19.5, 19.5, 19.5, 19.5, 203]
['2019-03-27 11:49:00', 19.5, 19.5, 19.5, 19.5, 111]
['2019-03-27 11:48:00', 19.51, 19.5, 19.5, 19.51, 1305]
['2019-03-27 11:47:00', 19.51, 19.51, 19.51, 19.51, 1002]
['2019-03-27 11:46:00', 19.5, 19.51, 19.5, 19.51, 2407]
['2019-03-27 11:45:00', 19.51, 19.49, 19.49, 19.51, 1500]
['2019-03-27 11:42:00', 19.52, 19.51, 19.51, 19.52, 2408]
['2019-03-27 11:41:00', 19.51, 19.51, 19.51, 19.51, 100]
['2019-03-27 11:40:00', 19.5, 19.5158, 19.5, 19.5158, 1451]
['2019-03-27 11:39:00', 19.5, 19.5, 19.5, 19.5, 1886]
['2019-03-27 11:38:00', 19.51, 19.5, 19.5, 19.51, 28107]
['2019-03-27 11:37:00', 19.51, 19.51, 19.51, 19.51, 441]
['2019-03-27 11:36:00', 19.5, 19.5, 19.495, 19.5, 1356]
['2019-03-27 11:35:00', 19.505, 19.505, 19.505, 19.505, 840]
['2019-03-27 11:34:00', 19.51, 19.51, 19.505, 19.51, 500]
['2019-03-27 11:32:00', 19.5, 19.51, 19.5, 19.51, 2364]
['2019-03-27 11:31:00', 19.5, 19.51, 19.5, 19.51, 3395]
['2019-03-27 11:30:00', 19.5066, 19.5, 19.5, 19.5066, 2093]
['2019-03-27 11:29:00', 19.51, 19.5, 19.5, 19.51, 1358]
['2019-03-27 11:28:00', 19.51, 19.51, 19.51, 19.51, 500]
['2019-03-27 11:27:00', 19.51, 19.51, 19.51, 19.51, 302]
['2019-03-27 11:26:00', 19.51, 19.51, 19.51, 19.51, 215]
['2019-03-27 11:25:00', 19.51, 19.5136, 19.51, 19.5136, 521]
['2019-03-27 11:24:00', 19.51, 19.52, 19.51, 19.52, 2360]
['2019-03-27 11:23:00', 19.53, 19.51, 19.51, 19.53, 4404]
['2019-03-27 11:22:00', 19.53, 19.525, 19.52, 19.53, 1594]
['2019-03-27 11:21:00', 19.53, 19.53, 19.53, 19.53, 711]
['2019-03-27 11:20:00', 19.54, 19.53, 19.53, 19.54, 311]
['2019-03-27 11:19:00', 19.535, 19.53, 19.53, 19.535, 1206]
['2019-03-27 11:18:00', 19.54, 19.54, 19.54, 19.54, 101]
['2019-03-27 11:17:00', 19.53, 19.53, 19.53, 19.53, 392]
['2019-03-27 11:16:00', 19.54, 19.54, 19.54, 19.54, 1303]
['2019-03-27 11:15:00', 19.54, 19.54, 19.54, 19.54, 103]
['2019-03-27 11:14:00', 19.54, 19.53, 19.53, 19.54, 841]
['2019-03-27 11:13:00', 19.545, 19.54, 19.54, 19.55, 1200]
['2019-03-27 11:12:00', 19.545, 19.545, 19.545, 19.545, 101]
['2019-03-27 11:11:00', 19.55, 19.55, 19.55, 19.55, 201]
['2019-03-27 11:10:00', 19.55, 19.55, 19.55, 19.55, 469]
['2019-03-27 11:09:00', 19.55, 19.55, 19.55, 19.552, 3194]
['2019-03-27 11:08:00', 19.555, 19.555, 19.555, 19.555, 201]
['2019-03-27 11:07:00', 19.54, 19.555, 19.54, 19.555, 1307]
['2019-03-27 11:06:00', 19.53, 19.54, 19.53, 19.54, 201]
['2019-03-27 11:05:00', 19.53, 19.53, 19.53, 19.53, 253]
['2019-03-27 11:04:00', 19.54, 19.54, 19.54, 19.54, 103]
['2019-03-27 11:03:00', 19.54, 19.54, 19.54, 19.54, 1262]
['2019-03-27 11:01:00', 19.55, 19.54, 19.54, 19.55, 1272]
['2019-03-27 10:59:00', 19.54, 19.54, 19.54, 19.54, 317]
['2019-03-27 10:57:00', 19.5452, 19.5452, 19.5452, 19.5452, 105]
['2019-03-27 10:56:00', 19.55, 19.55, 19.55, 19.55, 500]
['2019-03-27 10:55:00', 19.54, 19.54, 19.54, 19.54, 1214]
['2019-03-27 10:54:00', 19.5301, 19.53, 19.53, 19.5303, 3276]
['2019-03-27 10:53:00', 19.54, 19.5301, 19.53, 19.54, 1735]
['2019-03-27 10:52:00', 19.55, 19.55, 19.55, 19.55, 400]
['2019-03-27 10:50:00', 19.54, 19.53, 19.53, 19.54, 2387]
['2019-03-27 10:49:00', 19.555, 19.54, 19.54, 19.555, 3489]
['2019-03-27 10:47:00', 19.56, 19.56, 19.56, 19.56, 471]
['2019-03-27 10:45:00', 19.55, 19.55, 19.545, 19.58, 5375]
['2019-03-27 10:44:00', 19.54, 19.55, 19.54, 19.55, 1130]
['2019-03-27 10:43:00', 19.54, 19.54, 19.54, 19.54, 201]
['2019-03-27 10:42:00', 19.565, 19.55, 19.55, 19.565, 2352]
['2019-03-27 10:41:00', 19.56, 19.56, 19.56, 19.56, 201]
['2019-03-27 10:40:00', 19.565, 19.565, 19.565, 19.565, 104]
['2019-03-27 10:38:00', 19.5759, 19.57, 19.57, 19.5759, 1549]
['2019-03-27 10:37:00', 19.57, 19.57, 19.57, 19.57, 1255]
['2019-03-27 10:36:00', 19.57, 19.58, 19.57, 19.58, 702]
['2019-03-27 10:35:00', 19.57, 19.57, 19.57, 19.57, 101]
['2019-03-27 10:34:00', 19.57, 19.575, 19.57, 19.575, 2386]
['2019-03-27 10:33:00', 19.56, 19.56, 19.56, 19.56, 100]
['2019-03-27 10:32:00', 19.55, 19.56, 19.55, 19.56, 4538]
['2019-03-27 10:31:00', 19.55, 19.55, 19.55, 19.55, 100]
['2019-03-27 10:26:00', 19.5541, 19.5541, 19.5541, 19.5541, 1204]
['2019-03-27 10:24:00', 19.56, 19.5525, 19.55, 19.565, 2878]
['2019-03-27 10:22:00', 19.59, 19.57, 19.57, 19.59, 1516]
['2019-03-27 10:21:00', 19.5802, 19.5802, 19.5802, 19.5802, 616]
['2019-03-27 10:20:00', 19.58, 19.585, 19.575, 19.585, 713]
['2019-03-27 10:19:00', 19.56, 19.575, 19.56, 19.5771, 2898]
['2019-03-27 10:18:00', 19.55, 19.56, 19.55, 19.56, 5428]
['2019-03-27 10:17:00', 19.54, 19.55, 19.54, 19.55, 3099]
['2019-03-27 10:16:00', 19.57, 19.53, 19.53, 19.57, 3494]
['2019-03-27 10:14:00', 19.56, 19.57, 19.56, 19.57, 784]
['2019-03-27 10:13:00', 19.55, 19.56, 19.55, 19.56, 2157]
['2019-03-27 10:12:00', 19.54, 19.54, 19.54, 19.54, 536]
['2019-03-27 10:11:00', 19.56, 19.55, 19.55, 19.56, 821]
['2019-03-27 10:10:00', 19.5343, 19.55, 19.5343, 19.55, 1585]
['2019-03-27 10:09:00', 19.53, 19.5301, 19.53, 19.54, 4300]
['2019-03-27 10:08:00', 19.54, 19.53, 19.53, 19.54, 514]
['2019-03-27 10:07:00', 19.53, 19.5451, 19.52, 19.5451, 5761]
['2019-03-27 10:06:00', 19.5487, 19.53, 19.53, 19.5487, 3509]
['2019-03-27 10:05:00', 19.55, 19.55, 19.55, 19.56, 3335]
['2019-03-27 10:04:00', 19.54, 19.55, 19.54, 19.56, 2374]
['2019-03-27 10:03:00', 19.55, 19.55, 19.55, 19.56, 937]
['2019-03-27 10:02:00', 19.54, 19.549, 19.54, 19.549, 1101]
['2019-03-27 10:01:00', 19.55, 19.54, 19.54, 19.55, 202]
['2019-03-27 10:00:00', 19.54, 19.55, 19.54, 19.55, 1305]
['2019-03-27 09:59:00', 19.56, 19.5499, 19.5499, 19.56, 2092]
['2019-03-27 09:58:00', 19.55, 19.56, 19.55, 19.56, 940]
['2019-03-27 09:57:00', 19.56, 19.55, 19.55, 19.56, 1203]
['2019-03-27 09:56:00', 19.57, 19.56, 19.56, 19.58, 2404]
['2019-03-27 09:55:00', 19.56, 19.57, 19.56, 19.57, 352]
['2019-03-27 09:54:00', 19.58, 19.57, 19.57, 19.58, 672]
['2019-03-27 09:53:00', 19.58, 19.59, 19.58, 19.59, 4004]
['2019-03-27 09:52:00', 19.59, 19.59, 19.59, 19.59, 248]
['2019-03-27 09:51:00', 19.59, 19.59, 19.59, 19.59, 839]
['2019-03-27 09:50:00', 19.58, 19.59, 19.58, 19.59, 1064]
['2019-03-27 09:49:00', 19.5689, 19.585, 19.5689, 19.585, 3449]
['2019-03-27 09:48:00', 19.57, 19.565, 19.56, 19.57, 2390]
['2019-03-27 09:47:00', 19.6, 19.58, 19.58, 19.61, 10399]
['2019-03-27 09:46:00', 19.6, 19.6, 19.6, 19.6, 515]
['2019-03-27 09:45:00', 19.6, 19.61, 19.6, 19.62, 1603]
['2019-03-27 09:44:00', 19.62, 19.6088, 19.6088, 19.62, 1422]
['2019-03-27 09:43:00', 19.62, 19.62, 19.62, 19.625, 2001]
['2019-03-27 09:42:00', 19.62, 19.62, 19.61, 19.62, 4263]
['2019-03-27 09:41:00', 19.61, 19.63, 19.61, 19.63, 2681]
['2019-03-27 09:40:00', 19.61, 19.61, 19.61, 19.62, 2000]
['2019-03-27 09:39:00', 19.6213, 19.61, 19.6, 19.6213, 1615]
['2019-03-27 09:38:00', 19.6, 19.63, 19.6, 19.64, 2493]
['2019-03-27 09:37:00', 19.6, 19.6, 19.6, 19.6, 2100]
['2019-03-27 09:36:00', 19.6, 19.61, 19.6, 19.62, 2681]
['2019-03-27 09:35:00', 19.6, 19.62, 19.6, 19.62, 1462]
['2019-03-27 09:34:00', 19.56, 19.6, 19.56, 19.61, 1762]
['2019-03-27 09:33:00', 19.55, 19.54, 19.54, 19.5501, 4616]
['2019-03-27 09:32:00', 19.6111, 19.58, 19.58, 19.6111, 812]
['2019-03-27 09:31:00', 19.61, 19.6285, 19.6, 19.6285, 10544]
['2019-03-26 16:00:00', 19.63, 19.59, 19.59, 19.63, 35791]
['2019-03-26 15:59:00', 19.625, 19.62, 19.62, 19.63, 19618]
['2019-03-26 15:58:00', 19.615, 19.62, 19.615, 19.62, 5734]
['2019-03-26 15:57:00', 19.615, 19.61, 19.61, 19.615, 3311]
['2019-03-26 15:56:00', 19.62, 19.615, 19.615, 19.62, 4382]
['2019-03-26 15:55:00', 19.6, 19.61, 19.6, 19.61, 4045]
['2019-03-26 15:54:00', 19.61, 19.605, 19.605, 19.61, 7098]
['2019-03-26 15:53:00', 19.61, 19.61, 19.61, 19.61, 2206]
['2019-03-26 15:52:00', 19.61, 19.61, 19.61, 19.61, 1191]
['2019-03-26 15:51:00', 19.61, 19.61, 19.61, 19.61, 884]
['2019-03-26 15:50:00', 19.61, 19.62, 19.61, 19.62, 5160]
['2019-03-26 15:49:00', 19.61, 19.61, 19.61, 19.61, 1456]
['2019-03-26 15:48:00', 19.61, 19.61, 19.61, 19.61, 834]
['2019-03-26 15:47:00', 19.59, 19.6, 19.59, 19.605, 6080]
['2019-03-26 15:46:00', 19.58, 19.58, 19.58, 19.58, 7064]
['2019-03-26 15:45:00', 19.585, 19.585, 19.585, 19.59, 2581]
['2019-03-26 15:44:00', 19.59, 19.585, 19.585, 19.59, 4397]
['2019-03-26 15:43:00', 19.595, 19.6, 19.595, 19.6, 1305]
['2019-03-26 15:42:00', 19.6, 19.6, 19.6, 19.6, 2940]
['2019-03-26 15:41:00', 19.6, 19.595, 19.595, 19.6, 2880]
['2019-03-26 15:40:00', 19.6, 19.6, 19.6, 19.6, 2150]
['2019-03-26 15:39:00', 19.59, 19.6, 19.59, 19.6, 1145]
['2019-03-26 15:38:00', 19.595, 19.6, 19.595, 19.6, 1624]
['2019-03-26 15:37:00', 19.58, 19.59, 19.58, 19.59, 2309]
['2019-03-26 15:36:00', 19.5606, 19.58, 19.5606, 19.58, 10918]
['2019-03-26 15:35:00', 19.5601, 19.56, 19.56, 19.5601, 1033]
['2019-03-26 15:34:00', 19.57, 19.565, 19.565, 19.57, 2031]
['2019-03-26 15:33:00', 19.57, 19.5701, 19.57, 19.5701, 804]
['2019-03-26 15:31:00', 19.57, 19.58, 19.57, 19.58, 3756]
['2019-03-26 15:30:00', 19.5804, 19.58, 19.58, 19.5804, 737]
['2019-03-26 15:29:00', 19.585, 19.585, 19.585, 19.585, 1198]
['2019-03-26 15:28:00', 19.58, 19.59, 19.58, 19.59, 4671]
['2019-03-26 15:27:00', 19.575, 19.575, 19.575, 19.575, 342]
['2019-03-26 15:26:00', 19.575, 19.575, 19.575, 19.575, 526]
['2019-03-26 15:25:00', 19.58, 19.58, 19.58, 19.58, 1202]
['2019-03-26 15:24:00', 19.57, 19.58, 19.57, 19.58, 1892]
['2019-03-26 15:22:00', 19.57, 19.57, 19.57, 19.57, 850]
['2019-03-26 15:21:00', 19.58, 19.58, 19.58, 19.58, 208]
['2019-03-26 15:20:00', 19.59, 19.5802, 19.5802, 19.59, 2755]
['2019-03-26 15:18:00', 19.5801, 19.59, 19.5801, 19.59, 1706]
['2019-03-26 15:17:00', 19.585, 19.59, 19.585, 19.59, 902]
['2019-03-26 15:16:00', 19.585, 19.59, 19.58, 19.59, 2022]
['2019-03-26 15:15:00', 19.6, 19.59, 19.59, 19.6, 5443]
['2019-03-26 15:14:00', 19.6, 19.6, 19.6, 19.6, 962]
['2019-03-26 15:13:00', 19.6, 19.6, 19.6, 19.6, 529]
['2019-03-26 15:12:00', 19.61, 19.6, 19.6, 19.61, 1089]
['2019-03-26 15:11:00', 19.6, 19.61, 19.6, 19.61, 310]
['2019-03-26 15:08:00', 19.61, 19.61, 19.61, 19.61, 1038]
['2019-03-26 15:07:00', 19.61, 19.61, 19.61, 19.61, 702]
['2019-03-26 15:06:00', 19.61, 19.61, 19.61, 19.61, 202]
['2019-03-26 15:05:00', 19.61, 19.61, 19.61, 19.61, 202]
['2019-03-26 15:04:00', 19.6, 19.6, 19.6, 19.6, 539]
['2019-03-26 15:03:00', 19.615, 19.61, 19.61, 19.615, 1821]
['2019-03-26 15:02:00', 19.61, 19.62, 19.61, 19.62, 1564]
['2019-03-26 15:01:00', 19.61, 19.61, 19.61, 19.61, 515]
['2019-03-26 15:00:00', 19.6, 19.6, 19.6, 19.6, 1042]
['2019-03-26 14:59:00', 19.6, 19.6, 19.6, 19.6, 1924]
['2019-03-26 14:58:00', 19.57, 19.59, 19.57, 19.59, 1923]
['2019-03-26 14:57:00', 19.58, 19.58, 19.58, 19.58, 505]
['2019-03-26 14:56:00', 19.57, 19.57, 19.57, 19.57, 452]
['2019-03-26 14:54:00', 19.575, 19.575, 19.575, 19.575, 402]
['2019-03-26 14:53:00', 19.5721, 19.5721, 19.5721, 19.5721, 152]
['2019-03-26 14:52:00', 19.57, 19.57, 19.57, 19.57, 1880]
['2019-03-26 14:51:00', 19.576, 19.576, 19.576, 19.576, 672]
['2019-03-26 14:50:00', 19.58, 19.58, 19.58, 19.58, 499]
['2019-03-26 14:48:00', 19.58, 19.58, 19.58, 19.58, 107]
['2019-03-26 14:47:00', 19.5742, 19.5742, 19.5742, 19.5742, 707]
['2019-03-26 14:46:00', 19.58, 19.58, 19.58, 19.58, 1041]
['2019-03-26 14:45:00', 19.57, 19.58, 19.57, 19.58, 2400]
['2019-03-26 14:44:00', 19.56, 19.56, 19.56, 19.56, 200]
['2019-03-26 14:43:00', 19.57, 19.57, 19.57, 19.57, 1060]
['2019-03-26 14:41:00', 19.546, 19.56, 19.546, 19.56, 2847]
['2019-03-26 14:39:00', 19.545, 19.545, 19.545, 19.545, 556]
['2019-03-26 14:37:00', 19.54, 19.54, 19.54, 19.54, 124]
['2019-03-26 14:35:00', 19.54, 19.54, 19.54, 19.54, 712]
['2019-03-26 14:33:00', 19.55, 19.54, 19.54, 19.55, 910]
['2019-03-26 14:30:00', 19.55, 19.54, 19.54, 19.55, 721]
['2019-03-26 14:29:00', 19.54, 19.54, 19.54, 19.54, 402]
['2019-03-26 14:28:00', 19.54, 19.54, 19.54, 19.54, 302]
['2019-03-26 14:25:00', 19.55, 19.55, 19.55, 19.55, 409]
['2019-03-26 14:23:00', 19.55, 19.55, 19.55, 19.55, 408]
['2019-03-26 14:19:00', 19.52, 19.55, 19.52, 19.55, 6699]
['2019-03-26 14:18:00', 19.52, 19.52, 19.52, 19.52, 200]
['2019-03-26 14:17:00', 19.52, 19.52, 19.52, 19.52, 106]
['2019-03-26 14:16:00', 19.52, 19.52, 19.52, 19.52, 397]
['2019-03-26 14:15:00', 19.52, 19.52, 19.52, 19.52, 1521]
['2019-03-26 14:14:00', 19.52, 19.52, 19.52, 19.52, 2077]
['2019-03-26 14:13:00', 19.535, 19.53, 19.53, 19.535, 1758]
['2019-03-26 14:12:00', 19.54, 19.54, 19.54, 19.54, 205]
['2019-03-26 14:11:00', 19.54, 19.54, 19.54, 19.54, 399]
['2019-03-26 14:10:00', 19.5327, 19.535, 19.5327, 19.535, 1714]
['2019-03-26 14:09:00', 19.53, 19.53, 19.53, 19.53, 1266]
['2019-03-26 14:08:00', 19.53, 19.53, 19.53, 19.53, 216]
['2019-03-26 14:07:00', 19.535, 19.535, 19.535, 19.535, 103]
['2019-03-26 14:06:00', 19.53, 19.53, 19.53, 19.53, 413]
['2019-03-26 14:04:00', 19.54, 19.5301, 19.5301, 19.54, 1284]
['2019-03-26 14:03:00', 19.54, 19.53, 19.53, 19.54, 3929]
['2019-03-26 14:02:00', 19.5401, 19.5401, 19.5401, 19.5401, 960]
['2019-03-26 14:01:00', 19.5408, 19.5408, 19.5408, 19.5408, 622]
['2019-03-26 14:00:00', 19.545, 19.545, 19.545, 19.545, 618]
['2019-03-26 13:58:00', 19.5406, 19.54, 19.54, 19.5406, 1252]
['2019-03-26 13:56:00', 19.545, 19.545, 19.545, 19.545, 520]
['2019-03-26 13:55:00', 19.545, 19.545, 19.545, 19.545, 519]
['2019-03-26 13:53:00', 19.545, 19.545, 19.545, 19.545, 504]
['2019-03-26 13:52:00', 19.5401, 19.5401, 19.5401, 19.5401, 519]
['2019-03-26 13:51:00', 19.5401, 19.5401, 19.5401, 19.5401, 419]
['2019-03-26 13:49:00', 19.55, 19.54, 19.54, 19.55, 1230]
['2019-03-26 13:48:00', 19.54, 19.54, 19.54, 19.54, 1092]
['2019-03-26 13:45:00', 19.545, 19.545, 19.545, 19.545, 409]
['2019-03-26 13:40:00', 19.54, 19.54, 19.54, 19.54, 2971]
['2019-03-26 13:39:00', 19.52, 19.53, 19.52, 19.53, 3071]
['2019-03-26 13:38:00', 19.525, 19.525, 19.525, 19.525, 1312]
['2019-03-26 13:37:00', 19.53, 19.52, 19.52, 19.53, 920]
['2019-03-26 13:31:00', 19.53, 19.53, 19.53, 19.53, 406]
['2019-03-26 13:30:00', 19.5361, 19.5361, 19.5361, 19.5361, 318]
['2019-03-26 13:29:00', 19.54, 19.54, 19.54, 19.54, 1475]
['2019-03-26 13:28:00', 19.55, 19.55, 19.55, 19.55, 3601]
['2019-03-26 13:27:00', 19.56, 19.56, 19.56, 19.56, 1526]
['2019-03-26 13:26:00', 19.5601, 19.5601, 19.5601, 19.5601, 625]
['2019-03-26 13:23:00', 19.56, 19.56, 19.56, 19.56, 352]
['2019-03-26 13:22:00', 19.568, 19.568, 19.568, 19.568, 1810]
['2019-03-26 13:20:00', 19.57, 19.57, 19.57, 19.57, 2858]
['2019-03-26 13:18:00', 19.57, 19.58, 19.57, 19.58, 4400]
['2019-03-26 13:17:00', 19.56, 19.56, 19.56, 19.56, 1400]
['2019-03-26 13:15:00', 19.555, 19.555, 19.555, 19.555, 1238]
['2019-03-26 13:14:00', 19.55, 19.56, 19.55, 19.56, 3775]
['2019-03-26 13:13:00', 19.555, 19.555, 19.555, 19.555, 425]
['2019-03-26 13:11:00', 19.55, 19.55, 19.55, 19.55, 202]
['2019-03-26 13:10:00', 19.55, 19.55, 19.55, 19.55, 2044]
['2019-03-26 13:09:00', 19.5501, 19.5501, 19.5501, 19.5501, 643]
['2019-03-26 13:08:00', 19.565, 19.56, 19.56, 19.565, 948]
['2019-03-26 13:05:00', 19.575, 19.57, 19.57, 19.575, 2798]
['2019-03-26 13:04:00', 19.5901, 19.59, 19.59, 19.5901, 1788]
['2019-03-26 13:02:00', 19.59, 19.59, 19.59, 19.59, 10018]
['2019-03-26 13:01:00', 19.58, 19.59, 19.58, 19.59, 5012]
['2019-03-26 13:00:00', 19.58, 19.58, 19.58, 19.58, 768]
['2019-03-26 12:59:00', 19.6, 19.59, 19.59, 19.6, 4627]
['2019-03-26 12:58:00', 19.6, 19.6, 19.6, 19.6, 902]
['2019-03-26 12:57:00', 19.6038, 19.6038, 19.6038, 19.6038, 5800]
['2019-03-26 12:56:00', 19.6, 19.6, 19.6, 19.6, 1005]
['2019-03-26 12:55:00', 19.6, 19.6, 19.6, 19.6, 112]
['2019-03-26 12:54:00', 19.6064, 19.6064, 19.6064, 19.6064, 564]
['2019-03-26 12:52:00', 19.606, 19.61, 19.606, 19.61, 5210]
['2019-03-26 12:51:00', 19.6, 19.6, 19.6, 19.6, 2931]
['2019-03-26 12:50:00', 19.6, 19.6, 19.6, 19.6, 233]
['2019-03-26 12:49:00', 19.59, 19.6, 19.59, 19.6, 553]
['2019-03-26 12:47:00', 19.6, 19.6, 19.6, 19.6, 2504]
['2019-03-26 12:46:00', 19.605, 19.605, 19.605, 19.605, 232]
['2019-03-26 12:45:00', 19.605, 19.605, 19.605, 19.605, 203]
['2019-03-26 12:42:00', 19.6, 19.6, 19.6, 19.6, 105]
['2019-03-26 12:41:00', 19.605, 19.605, 19.605, 19.605, 437]
['2019-03-26 12:36:00', 19.59, 19.6, 19.59, 19.6, 5844]
['2019-03-26 12:34:00', 19.59, 19.59, 19.59, 19.59, 1877]
['2019-03-26 12:32:00', 19.5875, 19.5875, 19.5875, 19.5875, 285]
['2019-03-26 12:30:00', 19.59, 19.59, 19.59, 19.59, 622]
['2019-03-26 12:29:00', 19.585, 19.585, 19.585, 19.585, 102]
['2019-03-26 12:27:00', 19.58, 19.58, 19.58, 19.58, 123]
['2019-03-26 12:26:00', 19.6, 19.6, 19.6, 19.6, 1327]
['2019-03-26 12:25:00', 19.5975, 19.6, 19.5975, 19.6, 2413]
['2019-03-26 12:24:00', 19.6, 19.6, 19.6, 19.6, 2290]
['2019-03-26 12:23:00', 19.62, 19.6, 19.59, 19.62, 32041]
['2019-03-26 12:20:00', 19.625, 19.625, 19.625, 19.625, 415]
['2019-03-26 12:19:00', 19.6274, 19.63, 19.6274, 19.63, 2707]
['2019-03-26 12:17:00', 19.62, 19.62, 19.62, 19.62, 300]
['2019-03-26 12:16:00', 19.625, 19.625, 19.625, 19.625, 305]
['2019-03-26 12:14:00', 19.63, 19.62, 19.62, 19.63, 321]
['2019-03-26 12:13:00', 19.6263, 19.6263, 19.6263, 19.6263, 202]
['2019-03-26 12:12:00', 19.625, 19.625, 19.625, 19.625, 702]
['2019-03-26 12:11:00', 19.63, 19.63, 19.63, 19.63, 1561]
['2019-03-26 12:09:00', 19.63, 19.629, 19.629, 19.63, 1850]
['2019-03-26 12:08:00', 19.64, 19.64, 19.64, 19.64, 540]
['2019-03-26 12:07:00', 19.63, 19.63, 19.63, 19.63, 853]
['2019-03-26 12:05:00', 19.62, 19.63, 19.62, 19.63, 1717]
['2019-03-26 12:04:00', 19.6271, 19.6271, 19.6271, 19.6271, 1000]
['2019-03-26 12:02:00', 19.62, 19.62, 19.62, 19.62, 1131]
['2019-03-26 12:00:00', 19.62, 19.62, 19.62, 19.62, 410]
['2019-03-26 11:59:00', 19.614, 19.614, 19.614, 19.614, 1669]
['2019-03-26 11:57:00', 19.61, 19.61, 19.61, 19.61, 102]
['2019-03-26 11:55:00', 19.62, 19.61, 19.61, 19.62, 837]
['2019-03-26 11:53:00', 19.62, 19.62, 19.62, 19.62, 202]
['2019-03-26 11:50:00', 19.62, 19.62, 19.62, 19.62, 552]
['2019-03-26 11:49:00', 19.62, 19.62, 19.62, 19.62, 710]
['2019-03-26 11:48:00', 19.63, 19.63, 19.63, 19.63, 1206]
['2019-03-26 11:47:00', 19.63, 19.63, 19.63, 19.63, 524]
['2019-03-26 11:45:00', 19.635, 19.635, 19.635, 19.635, 496]
['2019-03-26 11:44:00', 19.63, 19.63, 19.63, 19.63, 603]
['2019-03-26 11:43:00', 19.62, 19.62, 19.62, 19.62, 2485]
['2019-03-26 11:38:00', 19.61, 19.61, 19.61, 19.61, 1899]
['2019-03-26 11:36:00', 19.6, 19.6, 19.6, 19.6, 833]
['2019-03-26 11:35:00', 19.6, 19.6, 19.6, 19.6, 107]
['2019-03-26 11:33:00', 19.61, 19.6, 19.6, 19.61, 1870]
['2019-03-26 11:31:00', 19.62, 19.62, 19.62, 19.62, 105]
['2019-03-26 11:30:00', 19.62, 19.62, 19.62, 19.62, 316]
['2019-03-26 11:29:00', 19.61, 19.61, 19.61, 19.61, 586]
['2019-03-26 11:27:00', 19.613, 19.613, 19.613, 19.613, 1838]
['2019-03-26 11:26:00', 19.615, 19.615, 19.615, 19.615, 590]
['2019-03-26 11:23:00', 19.61, 19.61, 19.61, 19.61, 205]
['2019-03-26 11:21:00', 19.59, 19.6033, 19.59, 19.6033, 6377]
['2019-03-26 11:20:00', 19.585, 19.585, 19.585, 19.585, 765]
['2019-03-26 11:18:00', 19.6, 19.6, 19.6, 19.6, 2583]
['2019-03-26 11:17:00', 19.6, 19.6, 19.6, 19.6, 220]
['2019-03-26 11:16:00', 19.59, 19.6, 19.59, 19.6, 6974]
['2019-03-26 11:15:00', 19.585, 19.585, 19.585, 19.585, 540]
['2019-03-26 11:14:00', 19.59, 19.59, 19.59, 19.59, 1951]
['2019-03-26 11:13:00', 19.57, 19.58, 19.57, 19.58, 5305]
['2019-03-26 11:12:00', 19.59, 19.59, 19.59, 19.59, 911]
['2019-03-26 11:11:00', 19.6, 19.6, 19.6, 19.6, 6230]
['2019-03-26 11:10:00', 19.57, 19.62, 19.57, 19.62, 24992]
['2019-03-26 11:09:00', 19.6, 19.57, 19.57, 19.6, 8484]
['2019-03-26 11:06:00', 19.6, 19.6, 19.6, 19.6, 758]
['2019-03-26 11:04:00', 19.58, 19.6, 19.58, 19.6, 8113]
['2019-03-26 11:02:00', 19.57, 19.57, 19.57, 19.57, 110]
['2019-03-26 11:01:00', 19.58, 19.58, 19.58, 19.58, 2308]
['2019-03-26 10:58:00', 19.55, 19.55, 19.55, 19.55, 1650]
['2019-03-26 10:57:00', 19.56, 19.57, 19.56, 19.57, 2442]
['2019-03-26 10:56:00', 19.561, 19.5651, 19.561, 19.5651, 4100]
['2019-03-26 10:54:00', 19.56, 19.56, 19.56, 19.56, 602]
['2019-03-26 10:53:00', 19.56, 19.56, 19.56, 19.56, 1905]
['2019-03-26 10:52:00', 19.56, 19.56, 19.56, 19.56, 714]
['2019-03-26 10:51:00', 19.56, 19.56, 19.56, 19.56, 2207]
['2019-03-26 10:49:00', 19.54, 19.54, 19.54, 19.54, 1778]
['2019-03-26 10:47:00', 19.54, 19.54, 19.54, 19.54, 3508]
['2019-03-26 10:46:00', 19.5567, 19.5567, 19.5567, 19.5567, 3348]
['2019-03-26 10:45:00', 19.55, 19.55, 19.55, 19.55, 3364]
['2019-03-26 10:44:00', 19.56, 19.55, 19.55, 19.56, 2744]
['2019-03-26 10:41:00', 19.56, 19.5602, 19.56, 19.5602, 752]
['2019-03-26 10:40:00', 19.57, 19.57, 19.57, 19.57, 2121]
['2019-03-26 10:39:00', 19.58, 19.58, 19.58, 19.58, 3006]
['2019-03-26 10:37:00', 19.56, 19.56, 19.56, 19.56, 807]
['2019-03-26 10:34:00', 19.56, 19.56, 19.56, 19.56, 1931]
['2019-03-26 10:32:00', 19.55, 19.55, 19.55, 19.55, 790]
['2019-03-26 10:29:00', 19.54, 19.54, 19.54, 19.54, 2000]
['2019-03-26 10:27:00', 19.525, 19.53, 19.525, 19.53, 2162]
['2019-03-26 10:25:00', 19.52, 19.52, 19.52, 19.52, 3270]
['2019-03-26 10:24:00', 19.5466, 19.5466, 19.5466, 19.5466, 905]
['2019-03-26 10:23:00', 19.56, 19.56, 19.56, 19.56, 100]
['2019-03-26 10:22:00', 19.56, 19.56, 19.56, 19.56, 906]
['2019-03-26 10:21:00', 19.56, 19.56, 19.56, 19.56, 2200]
['2019-03-26 10:20:00', 19.56, 19.56, 19.56, 19.56, 4462]
['2019-03-26 10:19:00', 19.56, 19.56, 19.56, 19.56, 900]
['2019-03-26 10:17:00', 19.57, 19.56, 19.56, 19.57, 2668]
['2019-03-26 10:16:00', 19.58, 19.58, 19.58, 19.58, 845]
['2019-03-26 10:15:00', 19.59, 19.59, 19.59, 19.59, 1507]
['2019-03-26 10:14:00', 19.57, 19.57, 19.57, 19.57, 1212]
['2019-03-26 10:12:00', 19.56, 19.56, 19.56, 19.56, 125]
['2019-03-26 10:11:00', 19.56, 19.57, 19.56, 19.57, 3386]
['2019-03-26 10:10:00', 19.5585, 19.5585, 19.5585, 19.5585, 519]
['2019-03-26 10:08:00', 19.55, 19.55, 19.55, 19.55, 1071]
['2019-03-26 10:07:00', 19.5587, 19.5587, 19.5587, 19.5587, 6091]
['2019-03-26 10:06:00', 19.56, 19.56, 19.56, 19.56, 100]
['2019-03-26 10:04:00', 19.55, 19.55, 19.55, 19.55, 1000]
['2019-03-26 10:03:00', 19.53, 19.53, 19.53, 19.53, 2865]
['2019-03-26 10:02:00', 19.56, 19.55, 19.55, 19.56, 5743]
['2019-03-26 10:01:00', 19.57, 19.56, 19.56, 19.57, 29536]
['2019-03-26 09:58:00', 19.59, 19.59, 19.59, 19.59, 2384]
['2019-03-26 09:57:00', 19.6, 19.6, 19.6, 19.6, 827]
['2019-03-26 09:56:00', 19.6, 19.6, 19.6, 19.6, 878]
['2019-03-26 09:54:00', 19.61, 19.61, 19.61, 19.61, 2032]
['2019-03-26 09:52:00', 19.62, 19.61, 19.61, 19.62, 3784]
['2019-03-26 09:51:00', 19.62, 19.62, 19.62, 19.62, 1782]
['2019-03-26 09:50:00', 19.62, 19.62, 19.62, 19.62, 2900]
['2019-03-26 09:49:00', 19.6, 19.61, 19.6, 19.61, 6990]
['2019-03-26 09:48:00', 19.62, 19.62, 19.62, 19.62, 811]
['2019-03-26 09:47:00', 19.63, 19.63, 19.63, 19.63, 200]
['2019-03-26 09:46:00', 19.62, 19.63, 19.62, 19.63, 6241]
['2019-03-26 09:45:00', 19.64, 19.64, 19.64, 19.64, 1229]
['2019-03-26 09:44:00', 19.65, 19.65, 19.65, 19.65, 3300]
['2019-03-26 09:43:00', 19.66, 19.66, 19.66, 19.66, 1600]
['2019-03-26 09:42:00', 19.68, 19.68, 19.68, 19.68, 2586]
['2019-03-26 09:41:00', 19.66, 19.67, 19.66, 19.67, 3846]
['2019-03-26 09:40:00', 19.65, 19.65, 19.65, 19.65, 4808]
['2019-03-26 09:39:00', 19.65, 19.65, 19.65, 19.65, 1791]
['2019-03-26 09:38:00', 19.66, 19.66, 19.66, 19.66, 2802]
['2019-03-26 09:37:00', 19.64, 19.65, 19.64, 19.65, 5246]
['2019-03-26 09:36:00', 19.62, 19.62, 19.62, 19.62, 1372]
['2019-03-26 09:34:00', 19.62, 19.62, 19.62, 19.62, 1714]
['2019-03-26 09:33:00', 19.59, 19.591, 19.59, 19.6, 6900]
['2019-03-26 09:32:00', 19.62, 19.62, 19.62, 19.62, 11186]
['2019-03-25 16:00:00', 19.55, 19.5501, 19.55, 19.565, 38265]
['2019-03-25 15:59:00', 19.555, 19.55, 19.55, 19.56, 23476]
['2019-03-25 15:58:00', 19.555, 19.56, 19.55, 19.56, 6492]
['2019-03-25 15:57:00', 19.55, 19.555, 19.55, 19.555, 8968]
['2019-03-25 15:56:00', 19.55, 19.55, 19.55, 19.55, 5772]
['2019-03-25 15:55:00', 19.55, 19.545, 19.545, 19.55, 2108]
['2019-03-25 15:54:00', 19.545, 19.545, 19.545, 19.545, 1154]
['2019-03-25 15:53:00', 19.54, 19.55, 19.54, 19.55, 2548]
['2019-03-25 15:52:00', 19.54, 19.545, 19.54, 19.545, 2301]
['2019-03-25 15:51:00', 19.545, 19.545, 19.545, 19.545, 1023]
['2019-03-25 15:50:00', 19.55, 19.55, 19.55, 19.55, 1986]
['2019-03-25 15:49:00', 19.545, 19.545, 19.545, 19.545, 907]
['2019-03-25 15:48:00', 19.54, 19.54, 19.54, 19.54, 603]
['2019-03-25 15:47:00', 19.545, 19.545, 19.545, 19.545, 581]
['2019-03-25 15:46:00', 19.5529, 19.55, 19.55, 19.5529, 2553]
['2019-03-25 15:45:00', 19.56, 19.55, 19.55, 19.56, 5203]
['2019-03-25 15:44:00', 19.545, 19.555, 19.545, 19.555, 2236]
['2019-03-25 15:43:00', 19.54, 19.54, 19.535, 19.54, 5371]
['2019-03-25 15:41:00', 19.515, 19.5302, 19.515, 19.5302, 8360]
['2019-03-25 15:40:00', 19.515, 19.515, 19.515, 19.515, 887]
['2019-03-25 15:39:00', 19.52, 19.51, 19.51, 19.52, 9309]
['2019-03-25 15:38:00', 19.52, 19.525, 19.52, 19.53, 5780]
['2019-03-25 15:37:00', 19.515, 19.5169, 19.515, 19.5169, 2624]
['2019-03-25 15:36:00', 19.515, 19.515, 19.515, 19.515, 401]
['2019-03-25 15:35:00', 19.515, 19.51, 19.51, 19.515, 1912]
['2019-03-25 15:34:00', 19.51, 19.515, 19.51, 19.515, 1260]
['2019-03-25 15:33:00', 19.515, 19.5101, 19.51, 19.515, 3329]
['2019-03-25 15:32:00', 19.51, 19.51, 19.51, 19.51, 1100]
['2019-03-25 15:31:00', 19.525, 19.515, 19.515, 19.525, 3788]
['2019-03-25 15:30:00', 19.55, 19.54, 19.54, 19.55, 2016]
['2019-03-25 15:29:00', 19.56, 19.555, 19.555, 19.56, 1220]
['2019-03-25 15:28:00', 19.555, 19.555, 19.555, 19.555, 601]
['2019-03-25 15:27:00', 19.55, 19.55, 19.55, 19.55, 900]
['2019-03-25 15:26:00', 19.55, 19.55, 19.55, 19.55, 1003]
['2019-03-25 15:25:00', 19.55, 19.55, 19.55, 19.55, 3165]
['2019-03-25 15:24:00', 19.54, 19.555, 19.54, 19.56, 11165]
['2019-03-25 15:23:00', 19.54, 19.535, 19.535, 19.54, 1242]
['2019-03-25 15:22:00', 19.54, 19.54, 19.54, 19.54, 300]
['2019-03-25 15:21:00', 19.54, 19.535, 19.535, 19.54, 506]
['2019-03-25 15:20:00', 19.535, 19.535, 19.535, 19.535, 1210]
['2019-03-25 15:19:00', 19.53, 19.535, 19.53, 19.535, 3531]
['2019-03-25 15:18:00', 19.54, 19.54, 19.54, 19.545, 3660]
['2019-03-25 15:17:00', 19.545, 19.55, 19.545, 19.55, 900]
['2019-03-25 15:16:00', 19.55, 19.545, 19.545, 19.55, 1233]
['2019-03-25 15:14:00', 19.55, 19.54, 19.54, 19.55, 1503]
['2019-03-25 15:13:00', 19.54, 19.5467, 19.54, 19.5467, 1977]
['2019-03-25 15:12:00', 19.54, 19.54, 19.54, 19.54, 509]
['2019-03-25 15:11:00', 19.535, 19.535, 19.535, 19.535, 400]
['2019-03-25 15:10:00', 19.54, 19.54, 19.54, 19.54, 205]
['2019-03-25 15:09:00', 19.54, 19.54, 19.54, 19.54, 420]
['2019-03-25 15:07:00', 19.53, 19.53, 19.53, 19.53, 1314]
['2019-03-25 15:06:00', 19.53, 19.53, 19.53, 19.53, 618]
['2019-03-25 15:05:00', 19.53, 19.53, 19.53, 19.53, 573]
['2019-03-25 15:04:00', 19.53, 19.53, 19.53, 19.53, 603]
['2019-03-25 15:03:00', 19.54, 19.54, 19.54, 19.54, 507]
['2019-03-25 15:02:00', 19.54, 19.54, 19.54, 19.54, 210]
['2019-03-25 15:01:00', 19.54, 19.54, 19.54, 19.54, 1703]
['2019-03-25 14:58:00', 19.52, 19.53, 19.52, 19.53, 4034]
['2019-03-25 14:57:00', 19.515, 19.52, 19.515, 19.53, 6300]
['2019-03-25 14:56:00', 19.52, 19.52, 19.515, 19.52, 759]
['2019-03-25 14:55:00', 19.515, 19.515, 19.515, 19.515, 566]
['2019-03-25 14:54:00', 19.51, 19.51, 19.51, 19.51, 407]
['2019-03-25 14:53:00', 19.52, 19.52, 19.52, 19.52, 565]
['2019-03-25 14:52:00', 19.51, 19.51, 19.51, 19.51, 246]
['2019-03-25 14:51:00', 19.51, 19.52, 19.51, 19.52, 706]
['2019-03-25 14:50:00', 19.52, 19.52, 19.52, 19.52, 300]
['2019-03-25 14:49:00', 19.52, 19.5193, 19.5193, 19.52, 619]
['2019-03-25 14:48:00', 19.52, 19.52, 19.52, 19.52, 404]
['2019-03-25 14:47:00', 19.52, 19.52, 19.52, 19.52, 641]
['2019-03-25 14:46:00', 19.52, 19.515, 19.515, 19.52, 600]
['2019-03-25 14:45:00', 19.52, 19.52, 19.52, 19.52, 688]
['2019-03-25 14:44:00', 19.515, 19.515, 19.515, 19.515, 300]
['2019-03-25 14:43:00', 19.515, 19.515, 19.515, 19.515, 5100]
['2019-03-25 14:42:00', 19.51, 19.52, 19.51, 19.52, 6904]
['2019-03-25 14:41:00', 19.51, 19.51, 19.51, 19.51, 210]
['2019-03-25 14:40:00', 19.505, 19.505, 19.505, 19.505, 407]
['2019-03-25 14:39:00', 19.5, 19.5, 19.5, 19.5, 301]
['2019-03-25 14:38:00', 19.5093, 19.5093, 19.5093, 19.5093, 200]
['2019-03-25 14:37:00', 19.505, 19.51, 19.505, 19.51, 1019]
['2019-03-25 14:36:00', 19.51, 19.51, 19.51, 19.51, 583]
['2019-03-25 14:35:00', 19.5006, 19.5006, 19.5006, 19.5006, 233]
['2019-03-25 14:32:00', 19.5, 19.5, 19.5, 19.5, 415]
['2019-03-25 14:31:00', 19.5, 19.505, 19.5, 19.505, 1934]
['2019-03-25 14:29:00', 19.5, 19.5, 19.5, 19.5, 504]
['2019-03-25 14:28:00', 19.5, 19.5, 19.5, 19.5, 3881]
['2019-03-25 14:27:00', 19.5, 19.5, 19.5, 19.5, 300]
['2019-03-25 14:26:00', 19.49, 19.495, 19.49, 19.495, 1405]
['2019-03-25 14:25:00', 19.49, 19.49, 19.49, 19.49, 663]
['2019-03-25 14:24:00', 19.49, 19.49, 19.49, 19.49, 721]
['2019-03-25 14:23:00', 19.5, 19.5, 19.5, 19.5, 1013]
['2019-03-25 14:22:00', 19.5, 19.5, 19.5, 19.5, 200]
['2019-03-25 14:21:00', 19.5, 19.5, 19.5, 19.5, 716]
['2019-03-25 14:20:00', 19.5, 19.5, 19.5, 19.5, 320]
['2019-03-25 14:19:00', 19.49, 19.49, 19.49, 19.49, 536]
['2019-03-25 14:18:00', 19.51, 19.5, 19.5, 19.51, 806]
['2019-03-25 14:16:00', 19.51, 19.51, 19.51, 19.51, 300]
['2019-03-25 14:15:00', 19.505, 19.505, 19.505, 19.505, 578]
['2019-03-25 14:14:00', 19.5, 19.495, 19.495, 19.5, 281]
['2019-03-25 14:13:00', 19.5, 19.5, 19.5, 19.5, 2113]
['2019-03-25 14:12:00', 19.5, 19.5, 19.5, 19.5, 213]
['2019-03-25 14:11:00', 19.49, 19.5, 19.49, 19.5, 1156]
['2019-03-25 14:10:00', 19.49, 19.49, 19.485, 19.49, 2277]
['2019-03-25 14:08:00', 19.49, 19.49, 19.49, 19.49, 234]
['2019-03-25 14:06:00', 19.5, 19.48, 19.48, 19.5, 1341]
['2019-03-25 14:05:00', 19.495, 19.495, 19.495, 19.495, 842]
['2019-03-25 14:04:00', 19.495, 19.495, 19.495, 19.495, 686]
['2019-03-25 14:02:00', 19.5, 19.5, 19.5, 19.5, 704]
['2019-03-25 14:00:00', 19.495, 19.5, 19.495, 19.5, 1157]
['2019-03-25 13:59:00', 19.485, 19.485, 19.485, 19.485, 108]
['2019-03-25 13:56:00', 19.485, 19.485, 19.485, 19.485, 308]
['2019-03-25 13:53:00', 19.49, 19.49, 19.49, 19.49, 1000]
['2019-03-25 13:52:00', 19.495, 19.49, 19.49, 19.495, 1047]
['2019-03-25 13:51:00', 19.5, 19.4901, 19.4901, 19.5, 1626]
['2019-03-25 13:50:00', 19.49, 19.49, 19.49, 19.49, 5434]
['2019-03-25 13:49:00', 19.5, 19.5, 19.5, 19.5, 100]
['2019-03-25 13:47:00', 19.492, 19.492, 19.492, 19.492, 376]
['2019-03-25 13:46:00', 19.495, 19.495, 19.495, 19.495, 537]
['2019-03-25 13:44:00', 19.49, 19.4901, 19.49, 19.4901, 969]
['2019-03-25 13:43:00', 19.515, 19.5, 19.5, 19.515, 2035]
['2019-03-25 13:42:00', 19.51, 19.51, 19.51, 19.51, 569]
['2019-03-25 13:41:00', 19.515, 19.51, 19.51, 19.515, 1303]
['2019-03-25 13:39:00', 19.52, 19.52, 19.51, 19.52, 3152]
['2019-03-25 13:38:00', 19.53, 19.53, 19.53, 19.53, 303]
['2019-03-25 13:37:00', 19.53, 19.53, 19.53, 19.53, 1622]
['2019-03-25 13:36:00', 19.52, 19.52, 19.52, 19.52, 708]
['2019-03-25 13:35:00', 19.515, 19.52, 19.515, 19.52, 316]
['2019-03-25 13:34:00', 19.52, 19.515, 19.515, 19.52, 1182]
['2019-03-25 13:33:00', 19.51, 19.51, 19.51, 19.51, 500]
['2019-03-25 13:32:00', 19.51, 19.51, 19.51, 19.51, 403]
['2019-03-25 13:31:00', 19.51, 19.51, 19.51, 19.51, 963]
['2019-03-25 13:30:00', 19.48, 19.5, 19.48, 19.5, 3828]
['2019-03-25 13:28:00', 19.4701, 19.4706, 19.4701, 19.48, 1795]
['2019-03-25 13:27:00', 19.47, 19.4701, 19.47, 19.4702, 1115]
['2019-03-25 13:26:00', 19.47, 19.48, 19.47, 19.48, 8259]
['2019-03-25 13:25:00', 19.46, 19.46, 19.46, 19.46, 660]
['2019-03-25 13:24:00', 19.48, 19.47, 19.47, 19.48, 5750]
['2019-03-25 13:23:00', 19.4801, 19.4801, 19.4801, 19.4801, 813]
['2019-03-25 13:22:00', 19.5001, 19.49, 19.49, 19.5001, 2851]
['2019-03-25 13:21:00', 19.5162, 19.51, 19.51, 19.5162, 7881]
['2019-03-25 13:20:00', 19.53, 19.52, 19.52, 19.53, 2826]
['2019-03-25 13:18:00', 19.54, 19.54, 19.54, 19.54, 300]
['2019-03-25 13:17:00', 19.545, 19.545, 19.545, 19.545, 203]
['2019-03-25 13:14:00', 19.545, 19.545, 19.545, 19.545, 605]
['2019-03-25 13:13:00', 19.55, 19.55, 19.55, 19.55, 548]
['2019-03-25 13:12:00', 19.545, 19.545, 19.545, 19.545, 306]
['2019-03-25 13:10:00', 19.54, 19.54, 19.54, 19.54, 663]
['2019-03-25 13:09:00', 19.54, 19.54, 19.54, 19.54, 105]
['2019-03-25 13:08:00', 19.54, 19.54, 19.54, 19.54, 503]
['2019-03-25 13:07:00', 19.55, 19.55, 19.55, 19.55, 307]
['2019-03-25 13:06:00', 19.54, 19.54, 19.54, 19.54, 1115]
['2019-03-25 13:05:00', 19.53, 19.53, 19.53, 19.53, 623]
['2019-03-25 13:04:00', 19.54, 19.54, 19.54, 19.54, 863]
['2019-03-25 13:02:00', 19.55, 19.55, 19.55, 19.55, 1539]
['2019-03-25 13:00:00', 19.54, 19.56, 19.54, 19.56, 2187]
['2019-03-25 12:59:00', 19.56, 19.55, 19.55, 19.5706, 9792]
['2019-03-25 12:58:00', 19.555, 19.555, 19.555, 19.555, 498]
['2019-03-25 12:56:00', 19.555, 19.555, 19.555, 19.555, 409]
['2019-03-25 12:55:00', 19.56, 19.56, 19.56, 19.56, 224]
['2019-03-25 12:53:00', 19.56, 19.56, 19.56, 19.56, 206]
['2019-03-25 12:52:00', 19.56, 19.56, 19.56, 19.56, 598]
['2019-03-25 12:51:00', 19.55, 19.55, 19.55, 19.55, 1779]
['2019-03-25 12:50:00', 19.54, 19.545, 19.54, 19.545, 1762]
['2019-03-25 12:49:00', 19.54, 19.54, 19.54, 19.54, 538]
['2019-03-25 12:48:00', 19.54, 19.54, 19.54, 19.54, 606]
['2019-03-25 12:47:00', 19.54, 19.54, 19.54, 19.54, 107]
['2019-03-25 12:46:00', 19.54, 19.54, 19.54, 19.54, 409]
['2019-03-25 12:45:00', 19.5334, 19.5334, 19.5334, 19.5334, 304]
['2019-03-25 12:44:00', 19.535, 19.535, 19.535, 19.535, 842]
['2019-03-25 12:42:00', 19.54, 19.535, 19.535, 19.54, 1170]
['2019-03-25 12:40:00', 19.53, 19.525, 19.525, 19.53, 628]
['2019-03-25 12:38:00', 19.52, 19.52, 19.52, 19.52, 351]
['2019-03-25 12:37:00', 19.52, 19.52, 19.52, 19.52, 840]
['2019-03-25 12:36:00', 19.515, 19.515, 19.515, 19.515, 685]
['2019-03-25 12:34:00', 19.52, 19.52, 19.52, 19.52, 206]
['2019-03-25 12:33:00', 19.523, 19.523, 19.523, 19.523, 590]
['2019-03-25 12:32:00', 19.54, 19.53, 19.53, 19.54, 3673]
['2019-03-25 12:30:00', 19.54, 19.54, 19.54, 19.54, 214]
['2019-03-25 12:28:00', 19.55, 19.5352, 19.5352, 19.55, 1997]
['2019-03-25 12:27:00', 19.55, 19.55, 19.55, 19.55, 303]
['2019-03-25 12:26:00', 19.555, 19.555, 19.555, 19.555, 2494]
['2019-03-25 12:25:00', 19.55, 19.55, 19.55, 19.55, 613]
['2019-03-25 12:23:00', 19.55, 19.55, 19.55, 19.55, 1296]
['2019-03-25 12:21:00', 19.55, 19.55, 19.55, 19.55, 848]
['2019-03-25 12:19:00', 19.535, 19.535, 19.535, 19.535, 206]
['2019-03-25 12:17:00', 19.54, 19.54, 19.54, 19.54, 212]
['2019-03-25 12:16:00', 19.54, 19.54, 19.54, 19.54, 619]
['2019-03-25 12:15:00', 19.53, 19.53, 19.53, 19.53, 703]
['2019-03-25 12:14:00', 19.53, 19.53, 19.53, 19.53, 3903]
['2019-03-25 12:13:00', 19.54, 19.54, 19.54, 19.54, 400]
['2019-03-25 12:12:00', 19.55, 19.55, 19.55, 19.55, 4763]
['2019-03-25 12:11:00', 19.54, 19.54, 19.54, 19.54, 1235]
['2019-03-25 12:10:00', 19.55, 19.55, 19.55, 19.55, 363]
['2019-03-25 12:09:00', 19.54, 19.54, 19.54, 19.54, 1737]
['2019-03-25 12:05:00', 19.5469, 19.5469, 19.5469, 19.5469, 1006]
['2019-03-25 12:04:00', 19.54, 19.54, 19.54, 19.54, 1005]
['2019-03-25 12:02:00', 19.52, 19.52, 19.52, 19.52, 404]
['2019-03-25 12:01:00', 19.51, 19.51, 19.51, 19.51, 2548]
['2019-03-25 11:59:00', 19.51, 19.51, 19.51, 19.51, 1805]
['2019-03-25 11:58:00', 19.52, 19.52, 19.52, 19.52, 900]
['2019-03-25 11:57:00', 19.515, 19.515, 19.515, 19.515, 303]
['2019-03-25 11:56:00', 19.52, 19.52, 19.52, 19.52, 1628]
['2019-03-25 11:55:00', 19.5, 19.51, 19.5, 19.51, 6340]
['2019-03-25 11:54:00', 19.4967, 19.4967, 19.4967, 19.4967, 1894]
['2019-03-25 11:53:00', 19.495, 19.495, 19.495, 19.495, 150]
['2019-03-25 11:52:00', 19.48, 19.495, 19.48, 19.495, 2854]
['2019-03-25 11:51:00', 19.48, 19.48, 19.48, 19.48, 124]
['2019-03-25 11:50:00', 19.49, 19.48, 19.48, 19.49, 1598]
['2019-03-25 11:49:00', 19.5, 19.5, 19.5, 19.5, 742]
['2019-03-25 11:45:00', 19.4936, 19.4936, 19.4936, 19.4936, 670]
['2019-03-25 11:44:00', 19.5, 19.5, 19.5, 19.5, 419]
['2019-03-25 11:43:00', 19.4925, 19.4925, 19.4925, 19.4925, 1236]
['2019-03-25 11:41:00', 19.51, 19.51, 19.51, 19.51, 1004]
['2019-03-25 11:40:00', 19.5329, 19.52, 19.52, 19.5329, 1844]
['2019-03-25 11:38:00', 19.54, 19.54, 19.54, 19.54, 1019]
['2019-03-25 11:37:00', 19.54, 19.54, 19.54, 19.54, 2426]
['2019-03-25 11:36:00', 19.53, 19.535, 19.53, 19.535, 3349]
['2019-03-25 11:35:00', 19.53, 19.53, 19.53, 19.53, 1182]
['2019-03-25 11:34:00', 19.54, 19.54, 19.54, 19.54, 506]
['2019-03-25 11:33:00', 19.5346, 19.5346, 19.5346, 19.5346, 3336]
['2019-03-25 11:31:00', 19.5301, 19.5301, 19.5301, 19.5301, 3048]
['2019-03-25 11:30:00', 19.544, 19.55, 19.544, 19.55, 4722]
['2019-03-25 11:29:00', 19.54, 19.54, 19.54, 19.54, 202]
['2019-03-25 11:28:00', 19.535, 19.535, 19.535, 19.535, 600]
['2019-03-25 11:27:00', 19.54, 19.55, 19.54, 19.55, 4296]
['2019-03-25 11:26:00', 19.535, 19.535, 19.535, 19.535, 793]
['2019-03-25 11:25:00', 19.54, 19.54, 19.54, 19.54, 434]
['2019-03-25 11:23:00', 19.54, 19.54, 19.54, 19.54, 595]
['2019-03-25 11:22:00', 19.54, 19.54, 19.54, 19.54, 550]
['2019-03-25 11:21:00', 19.55, 19.55, 19.55, 19.55, 3399]
['2019-03-25 11:20:00', 19.54, 19.54, 19.54, 19.54, 9727]
['2019-03-25 11:19:00', 19.53, 19.53, 19.53, 19.53, 3800]
['2019-03-25 11:18:00', 19.545, 19.53, 19.53, 19.545, 4321]
['2019-03-25 11:17:00', 19.52, 19.54, 19.52, 19.54, 6541]
['2019-03-25 11:16:00', 19.52, 19.52, 19.52, 19.52, 483]
['2019-03-25 11:14:00', 19.52, 19.52, 19.52, 19.52, 2725]
['2019-03-25 11:13:00', 19.49, 19.5, 19.49, 19.5, 7851]
['2019-03-25 11:11:00', 19.49, 19.49, 19.49, 19.49, 203]
['2019-03-25 11:10:00', 19.5, 19.5, 19.5, 19.5, 399]
['2019-03-25 11:09:00', 19.495, 19.495, 19.495, 19.495, 2201]
['2019-03-25 11:08:00', 19.5, 19.49, 19.49, 19.5, 2435]
['2019-03-25 11:07:00', 19.48, 19.49, 19.48, 19.49, 2512]
['2019-03-25 11:06:00', 19.48, 19.48, 19.48, 19.48, 100]
['2019-03-25 11:05:00', 19.47, 19.475, 19.47, 19.475, 3169]
['2019-03-25 11:03:00', 19.455, 19.455, 19.455, 19.455, 1098]
['2019-03-25 11:02:00', 19.46, 19.46, 19.46, 19.46, 1789]
['2019-03-25 11:00:00', 19.45, 19.45, 19.45, 19.45, 700]
['2019-03-25 10:57:00', 19.47, 19.47, 19.47, 19.47, 2405]
['2019-03-25 10:55:00', 19.46, 19.46, 19.46, 19.46, 1058]
['2019-03-25 10:54:00', 19.45, 19.45, 19.45, 19.45, 2100]
['2019-03-25 10:53:00', 19.445, 19.445, 19.445, 19.445, 702]
['2019-03-25 10:51:00', 19.44, 19.44, 19.44, 19.44, 494]
['2019-03-25 10:50:00', 19.43, 19.44, 19.43, 19.44, 3588]
['2019-03-25 10:49:00', 19.43, 19.43, 19.43, 19.43, 340]
['2019-03-25 10:47:00', 19.425, 19.425, 19.425, 19.425, 384]
['2019-03-25 10:46:00', 19.42, 19.4201, 19.42, 19.4201, 1210]
['2019-03-25 10:44:00', 19.42, 19.42, 19.42, 19.42, 238]
['2019-03-25 10:42:00', 19.42, 19.43, 19.42, 19.43, 1928]
['2019-03-25 10:40:00', 19.42, 19.42, 19.42, 19.42, 1914]
['2019-03-25 10:38:00', 19.42, 19.415, 19.415, 19.42, 3252]
['2019-03-25 10:37:00', 19.395, 19.395, 19.395, 19.395, 2873]
['2019-03-25 10:36:00', 19.39, 19.39, 19.39, 19.39, 100]
['2019-03-25 10:34:00', 19.4, 19.4, 19.4, 19.4, 2763]
['2019-03-25 10:33:00', 19.4, 19.4, 19.4, 19.4, 1910]
['2019-03-25 10:31:00', 19.39, 19.39, 19.39, 19.39, 605]
['2019-03-25 10:28:00', 19.38, 19.385, 19.38, 19.385, 1630]
['2019-03-25 10:26:00', 19.385, 19.39, 19.385, 19.39, 2296]
['2019-03-25 10:25:00', 19.39, 19.39, 19.39, 19.39, 616]
['2019-03-25 10:24:00', 19.365, 19.365, 19.365, 19.365, 713]
['2019-03-25 10:22:00', 19.37, 19.37, 19.37, 19.37, 1517]
['2019-03-25 10:21:00', 19.355, 19.37, 19.355, 19.37, 2510]
['2019-03-25 10:20:00', 19.36, 19.36, 19.36, 19.36, 470]
['2019-03-25 10:18:00', 19.3619, 19.3619, 19.3619, 19.3619, 1050]
['2019-03-25 10:16:00', 19.3663, 19.3663, 19.3663, 19.3663, 342]
['2019-03-25 10:13:00', 19.3501, 19.36, 19.3501, 19.36, 1548]
['2019-03-25 10:11:00', 19.355, 19.355, 19.355, 19.355, 2051]
['2019-03-25 10:10:00', 19.36, 19.36, 19.36, 19.36, 102]
['2019-03-25 10:08:00', 19.35, 19.35, 19.35, 19.35, 109]
['2019-03-25 10:06:00', 19.3599, 19.36, 19.3599, 19.36, 912]
['2019-03-25 10:05:00', 19.35, 19.34, 19.34, 19.35, 5150]
['2019-03-25 10:03:00', 19.34, 19.3421, 19.34, 19.3421, 1455]
['2019-03-25 10:02:00', 19.35, 19.35, 19.35, 19.35, 746]
['2019-03-25 10:01:00', 19.365, 19.365, 19.365, 19.365, 1261]
['2019-03-25 09:58:00', 19.3831, 19.3831, 19.3831, 19.3831, 110]
['2019-03-25 09:56:00', 19.39, 19.395, 19.39, 19.395, 1084]
['2019-03-25 09:54:00', 19.395, 19.395, 19.395, 19.395, 881]
['2019-03-25 09:53:00', 19.4, 19.4, 19.4, 19.4, 4485]
['2019-03-25 09:51:00', 19.4, 19.4, 19.4, 19.4, 4244]
['2019-03-25 09:50:00', 19.4, 19.4, 19.4, 19.4, 211]
['2019-03-25 09:49:00', 19.41, 19.41, 19.41, 19.41, 1488]
['2019-03-25 09:48:00', 19.3936, 19.3936, 19.3936, 19.3936, 10918]
['2019-03-25 09:47:00', 19.38, 19.38, 19.38, 19.38, 2417]
['2019-03-25 09:46:00', 19.36, 19.36, 19.36, 19.36, 4451]
['2019-03-25 09:45:00', 19.36, 19.36, 19.36, 19.36, 212]
['2019-03-25 09:43:00', 19.36, 19.36, 19.36, 19.36, 784]
['2019-03-25 09:42:00', 19.35, 19.35, 19.35, 19.35, 5790]
['2019-03-25 09:41:00', 19.34, 19.34, 19.34, 19.34, 3742]
['2019-03-25 09:40:00', 19.35, 19.35, 19.35, 19.35, 1082]
['2019-03-25 09:39:00', 19.38, 19.39, 19.38, 19.39, 3408]
['2019-03-25 09:38:00', 19.38, 19.38, 19.38, 19.38, 2155]
['2019-03-25 09:37:00', 19.38, 19.38, 19.38, 19.38, 2364]
['2019-03-25 09:36:00', 19.43, 19.43, 19.43, 19.43, 8400]
['2019-03-25 09:35:00', 19.45, 19.45, 19.45, 19.45, 1955]
['2019-03-25 09:34:00', 19.43, 19.45, 19.43, 19.45, 5273]
['2019-03-25 09:31:00', 19.42, 19.42, 19.42, 19.42, 13744]
