AVRO
['2019-03-29 16:00:00', 22.25, 22.05, 22.05, 22.25, 7199]
['2019-03-29 15:59:00', 22.35, 22.32, 22.31, 22.37, 4043]
['2019-03-29 15:58:00', 22.39, 22.33, 22.33, 22.39, 1434]
['2019-03-29 15:57:00', 22.39, 22.3891, 22.3891, 22.39, 615]
['2019-03-29 15:56:00', 22.0, 22.23, 22.0, 22.5, 13811]
['2019-03-29 15:55:00', 21.9981, 21.91, 21.91, 22.0, 1255]
['2019-03-29 15:54:00', 21.96, 21.95, 21.925, 21.97, 2323]
['2019-03-29 15:53:00', 21.94, 21.95, 21.805, 21.96, 770]
['2019-03-29 15:52:00', 21.875, 21.875, 21.875, 21.875, 305]
['2019-03-29 15:51:00', 21.96, 21.79, 21.79, 21.96, 2653]
['2019-03-29 15:50:00', 21.95, 21.96, 21.9051, 21.96, 810]
['2019-03-29 15:49:00', 21.86, 21.81, 21.81, 21.86, 300]
['2019-03-29 15:48:00', 21.82, 21.82, 21.82, 21.82, 770]
['2019-03-29 15:47:00', 21.85, 21.89, 21.79, 21.94, 7783]
['2019-03-29 15:45:00', 21.84, 21.84, 21.84, 21.84, 700]
['2019-03-29 15:42:00', 21.82, 21.7, 21.7, 21.84, 2702]
['2019-03-29 15:40:00', 21.66, 21.715, 21.66, 21.725, 410]
['2019-03-29 15:39:00', 21.63, 21.71, 21.6, 21.71, 1586]
['2019-03-29 15:38:00', 21.8, 21.805, 21.645, 21.805, 1848]
['2019-03-29 15:37:00', 21.77, 21.77, 21.77, 21.77, 290]
['2019-03-29 15:36:00', 21.73, 21.73, 21.73, 21.73, 200]
['2019-03-29 15:34:00', 21.65, 21.57, 21.53, 21.65, 1714]
['2019-03-29 15:33:00', 21.57, 21.53, 21.53, 21.57, 1672]
['2019-03-29 15:32:00', 21.5153, 21.59, 21.5153, 21.595, 1010]
['2019-03-29 15:31:00', 21.57, 21.59, 21.38, 21.59, 904]
['2019-03-29 15:30:00', 21.57, 21.43, 21.43, 21.57, 927]
['2019-03-29 15:29:00', 21.49, 21.49, 21.49, 21.49, 150]
['2019-03-29 15:28:00', 21.419, 21.47, 21.419, 21.47, 700]
['2019-03-29 15:27:00', 21.32, 21.41, 21.32, 21.41, 400]
['2019-03-29 15:25:00', 21.25, 21.25, 21.25, 21.25, 516]
['2019-03-29 15:24:00', 21.24, 21.24, 21.24, 21.24, 305]
['2019-03-29 15:23:00', 21.23, 21.23, 21.23, 21.24, 300]
['2019-03-29 15:21:00', 21.24, 21.23, 21.16, 21.25, 2434]
['2019-03-29 15:19:00', 21.14, 21.19, 21.12, 21.19, 1450]
['2019-03-29 15:18:00', 21.11, 21.11, 21.11, 21.11, 100]
['2019-03-29 15:17:00', 21.1, 21.1, 21.1, 21.1, 228]
['2019-03-29 15:16:00', 21.09, 21.09, 21.09, 21.09, 100]
['2019-03-29 15:09:00', 21.04, 21.04, 21.04, 21.04, 195]
['2019-03-29 15:08:00', 21.01, 20.86, 20.86, 21.05, 913]
['2019-03-29 15:04:00', 21.05, 21.3, 21.05, 21.3, 200]
['2019-03-29 15:03:00', 21.1, 21.15, 21.04, 21.15, 915]
['2019-03-29 14:58:00', 21.1, 21.1, 21.1, 21.1, 600]
['2019-03-29 14:52:00', 21.01, 21.04, 21.01, 21.04, 1093]
['2019-03-29 14:50:00', 20.97, 20.97, 20.97, 20.97, 100]
['2019-03-29 14:49:00', 20.99, 20.9701, 20.9701, 20.99, 700]
['2019-03-29 14:48:00', 20.99, 21.04, 20.98, 21.04, 1353]
['2019-03-29 14:47:00', 20.94, 20.98, 20.88, 21.01, 1553]
['2019-03-29 14:45:00', 21.0, 20.95, 20.95, 21.0, 1108]
['2019-03-29 14:32:00', 20.92, 20.92, 20.92, 20.92, 155]
['2019-03-29 14:31:00', 20.86, 20.96, 20.86, 20.96, 1910]
['2019-03-29 14:30:00', 20.96, 20.88, 20.72, 20.96, 1900]
['2019-03-29 14:29:00', 20.775, 20.93, 20.775, 20.94, 700]
['2019-03-29 14:28:00', 21.06, 20.88, 20.88, 21.06, 1000]
['2019-03-29 14:27:00', 20.99, 21.0, 20.97, 21.01, 1900]
['2019-03-29 14:26:00', 20.96, 20.97, 20.96, 20.97, 500]
['2019-03-29 14:25:00', 21.01, 21.01, 20.87, 21.0199, 500]
['2019-03-29 14:24:00', 20.945, 21.0156, 20.945, 21.04, 2600]
['2019-03-29 14:23:00', 21.14, 21.03, 20.9, 21.14, 1599]
['2019-03-29 14:22:00', 21.14, 21.29, 21.12, 21.29, 1500]
['2019-03-29 14:21:00', 21.13, 21.16, 21.11, 21.16, 1899]
['2019-03-29 14:20:00', 21.08, 21.08, 21.08, 21.08, 200]
['2019-03-29 14:19:00', 20.99, 21.14, 20.99, 21.14, 3400]
['2019-03-29 14:18:00', 20.99, 20.955, 20.95, 20.99, 2651]
['2019-03-29 14:17:00', 20.97, 20.91, 20.91, 21.07, 1000]
['2019-03-29 14:16:00', 21.14, 21.13, 21.13, 21.16, 1200]
['2019-03-29 14:15:00', 21.07, 21.14, 21.07, 21.15, 2750]
['2019-03-29 14:14:00', 21.16, 21.16, 21.16, 21.16, 195]
['2019-03-29 14:13:00', 21.07, 21.1024, 21.07, 21.1024, 1415]
['2019-03-29 14:12:00', 21.13, 21.09, 21.09, 21.14, 3373]
['2019-03-29 14:11:00', 21.12, 21.12, 21.12, 21.12, 410]
['2019-03-29 14:04:00', 21.12, 21.12, 21.12, 21.12, 100]
['2019-03-29 14:01:00', 21.06, 21.06, 21.06, 21.06, 100]
['2019-03-29 13:58:00', 21.084, 21.084, 21.084, 21.084, 100]
['2019-03-29 13:57:00', 21.12, 21.12, 21.12, 21.12, 100]
['2019-03-29 13:56:00', 21.0456, 21.0456, 21.0456, 21.0456, 700]
['2019-03-29 13:50:00', 21.12, 21.12, 21.12, 21.12, 100]
['2019-03-29 13:46:00', 21.06, 21.06, 21.06, 21.06, 100]
['2019-03-29 13:44:00', 21.05, 21.05, 21.05, 21.05, 100]
['2019-03-29 13:40:00', 21.0, 21.0, 21.0, 21.0, 103]
['2019-03-29 13:38:00', 21.03, 21.03, 21.03, 21.03, 100]
['2019-03-29 13:37:00', 21.09, 21.09, 21.09, 21.09, 100]
['2019-03-29 13:36:00', 20.99, 21.0462, 20.99, 21.0462, 500]
['2019-03-29 13:32:00', 21.05, 21.0, 21.0, 21.05, 309]
['2019-03-29 13:29:00', 21.22, 21.15, 21.15, 21.22, 355]
['2019-03-29 13:28:00', 21.12, 21.03, 21.03, 21.12, 555]
['2019-03-29 13:23:00', 20.945, 20.945, 20.945, 20.945, 145]
['2019-03-29 13:21:00', 21.12, 21.12, 21.12, 21.12, 100]
['2019-03-29 13:15:00', 21.12, 21.0553, 21.0553, 21.12, 600]
['2019-03-29 13:09:00', 21.2, 21.2, 21.2, 21.2, 105]
['2019-03-29 13:08:00', 21.11, 21.13, 21.06, 21.13, 1327]
['2019-03-29 13:02:00', 21.2, 21.2, 21.2, 21.2, 100]
['2019-03-29 12:55:00', 21.18, 21.19, 21.16, 21.19, 512]
['2019-03-29 12:51:00', 21.07, 21.16, 21.07, 21.16, 600]
['2019-03-29 12:47:00', 21.08, 21.08, 21.08, 21.08, 100]
['2019-03-29 12:45:00', 21.01, 21.02, 21.0, 21.02, 1124]
['2019-03-29 12:40:00', 20.99, 21.04, 20.99, 21.04, 547]
['2019-03-29 12:36:00', 20.99, 20.99, 20.99, 20.99, 200]
['2019-03-29 12:32:00', 20.955, 21.03, 20.955, 21.03, 200]
['2019-03-29 12:30:00', 20.89, 20.89, 20.89, 20.89, 100]
['2019-03-29 12:26:00', 21.02, 21.02, 21.02, 21.02, 100]
['2019-03-29 12:20:00', 20.84, 20.84, 20.84, 20.84, 100]
['2019-03-29 12:19:00', 21.02, 21.02, 21.02, 21.02, 100]
['2019-03-29 12:15:00', 20.86, 20.915, 20.805, 20.915, 400]
['2019-03-29 12:06:00', 20.77, 20.77, 20.77, 20.77, 100]
['2019-03-29 12:02:00', 20.77, 20.935, 20.77, 20.935, 220]
['2019-03-29 11:58:00', 20.98, 20.96, 20.96, 20.985, 1415]
['2019-03-29 11:46:00', 20.98, 21.0, 20.98, 21.0, 2120]
['2019-03-29 11:45:00', 20.95, 20.99, 20.94, 20.99, 2574]
['2019-03-29 11:40:00', 20.965, 20.94, 20.94, 20.965, 210]
['2019-03-29 11:38:00', 21.0, 21.0, 21.0, 21.0, 200]
['2019-03-29 11:36:00', 21.05, 21.05, 21.05, 21.05, 670]
['2019-03-29 11:35:00', 21.0974, 21.06, 21.06, 21.0974, 600]
['2019-03-29 11:33:00', 21.055, 21.055, 21.055, 21.055, 100]
['2019-03-29 11:32:00', 21.115, 21.1787, 21.115, 21.1787, 695]
['2019-03-29 11:29:00', 21.16, 21.16, 21.16, 21.16, 100]
['2019-03-29 11:22:00', 21.04, 21.04, 21.04, 21.04, 200]
['2019-03-29 11:16:00', 20.96, 20.99, 20.95, 21.17, 3211]
['2019-03-29 11:15:00', 20.88, 20.95, 20.88, 20.95, 658]
['2019-03-29 11:10:00', 20.99, 20.99, 20.99, 20.99, 105]
['2019-03-29 11:09:00', 20.88, 20.925, 20.88, 20.945, 1400]
['2019-03-29 11:08:00', 20.75, 20.75, 20.75, 20.75, 100]
['2019-03-29 11:07:00', 20.845, 20.845, 20.845, 20.845, 103]
['2019-03-29 11:06:00', 20.86, 20.93, 20.76, 20.93, 2834]
['2019-03-29 11:01:00', 20.97, 20.97, 20.97, 20.97, 79]
['2019-03-29 10:56:00', 20.99, 20.99, 20.98, 20.99, 506]
['2019-03-29 10:55:00', 20.95, 20.98, 20.93, 20.98, 703]
['2019-03-29 10:52:00', 20.94, 20.94, 20.94, 20.94, 100]
['2019-03-29 10:51:00', 20.97, 20.83, 20.83, 21.0, 3446]
['2019-03-29 10:48:00', 20.98, 20.98, 20.98, 20.98, 127]
['2019-03-29 10:47:00', 21.0547, 21.0547, 21.0547, 21.0547, 150]
['2019-03-29 10:37:00', 21.115, 21.11, 21.11, 21.115, 808]
['2019-03-29 10:36:00', 21.12, 21.1338, 21.12, 21.1338, 200]
['2019-03-29 10:29:00', 21.12, 21.14, 21.08, 21.15, 2292]
['2019-03-29 10:28:00', 21.14, 21.12, 21.11, 21.14, 700]
['2019-03-29 10:26:00', 21.12, 21.12, 21.11, 21.12, 870]
['2019-03-29 10:24:00', 21.08, 21.04, 21.04, 21.08, 300]
['2019-03-29 10:18:00', 21.2, 21.2755, 21.2, 21.2755, 1000]
['2019-03-29 10:13:00', 21.2, 21.2, 21.2, 21.2, 800]
['2019-03-29 10:12:00', 21.15, 21.15, 21.15, 21.15, 200]
['2019-03-29 10:08:00', 21.435, 21.2, 21.2, 21.435, 520]
['2019-03-29 10:06:00', 21.25, 21.22, 21.22, 21.25, 400]
['2019-03-29 10:04:00', 21.27, 21.376, 21.21, 21.376, 2000]
['2019-03-29 10:03:00', 21.45, 21.45, 21.45, 21.45, 623]
['2019-03-29 10:02:00', 21.485, 21.485, 21.485, 21.485, 100]
['2019-03-29 10:01:00', 21.29, 21.66, 21.28, 21.7599, 3004]
['2019-03-29 10:00:00', 21.14, 21.12, 21.12, 21.14, 2502]
['2019-03-29 09:59:00', 21.0, 21.09, 21.0, 21.09, 301]
['2019-03-29 09:58:00', 21.15, 20.955, 20.955, 21.18, 2205]
['2019-03-29 09:57:00', 20.98, 21.12, 20.98, 21.12, 600]
['2019-03-29 09:56:00', 20.75, 20.92, 20.75, 20.92, 500]
['2019-03-29 09:52:00', 20.7769, 20.7769, 20.7769, 20.7769, 310]
['2019-03-29 09:42:00', 20.96, 20.96, 20.96, 20.96, 469]
['2019-03-29 09:38:00', 20.9, 21.08, 20.9, 21.08, 209]
['2019-03-29 09:35:00', 21.12, 20.96, 20.96, 21.12, 1201]
['2019-03-29 09:34:00', 21.36, 21.3, 21.3, 21.36, 200]
['2019-03-29 09:31:00', 21.12, 21.12, 21.12, 21.12, 0]
['2019-03-28 16:00:00', 20.78, 20.765, 20.76, 20.85, 3245]
['2019-03-28 15:59:00', 20.75, 20.7034, 20.7034, 20.75, 1633]
['2019-03-28 15:58:00', 20.78, 20.78, 20.72, 20.78, 2277]
['2019-03-28 15:57:00', 20.8, 20.79, 20.79, 20.8, 305]
['2019-03-28 15:56:00', 20.685, 20.685, 20.685, 20.685, 210]
['2019-03-28 15:55:00', 20.66, 20.675, 20.66, 20.7254, 550]
['2019-03-28 15:54:00', 20.73, 20.71, 20.71, 20.81, 4068]
['2019-03-28 15:53:00', 20.71, 20.725, 20.66, 20.725, 808]
['2019-03-28 15:52:00', 20.7, 20.71, 20.67, 20.71, 837]
['2019-03-28 15:51:00', 20.695, 20.67, 20.67, 20.7, 663]
['2019-03-28 15:50:00', 20.69, 20.69, 20.69, 20.69, 100]
['2019-03-28 15:49:00', 20.68, 20.6, 20.6, 20.72, 2731]
['2019-03-28 15:48:00', 20.7, 20.72, 20.59, 20.72, 1208]
['2019-03-28 15:47:00', 20.56, 20.71, 20.55, 20.71, 1773]
['2019-03-28 15:46:00', 20.58, 20.6475, 20.54, 20.6475, 1150]
['2019-03-28 15:44:00', 20.485, 20.57, 20.485, 20.57, 305]
['2019-03-28 15:43:00', 20.6, 20.6, 20.6, 20.6, 100]
['2019-03-28 15:40:00', 20.6, 20.6, 20.6, 20.6, 110]
['2019-03-28 15:38:00', 20.54, 20.54, 20.54, 20.54, 103]
['2019-03-28 15:37:00', 20.53, 20.53, 20.53, 20.53, 105]
['2019-03-28 15:36:00', 20.415, 20.415, 20.415, 20.415, 100]
['2019-03-28 15:35:00', 20.31, 20.31, 20.31, 20.31, 100]
['2019-03-28 15:33:00', 20.345, 20.36, 20.33, 20.36, 324]
['2019-03-28 15:32:00', 20.4, 20.36, 20.265, 20.4, 1890]
['2019-03-28 15:26:00', 20.37, 20.37, 20.36, 20.37, 532]
['2019-03-28 15:22:00', 20.465, 20.47, 20.4501, 20.47, 402]
['2019-03-28 15:20:00', 20.54, 20.54, 20.54, 20.54, 105]
['2019-03-28 15:15:00', 20.46, 20.4, 20.4, 20.46, 1655]
['2019-03-28 15:14:00', 20.36, 20.41, 20.36, 20.4599, 1280]
['2019-03-28 15:12:00', 20.29, 20.29, 20.29, 20.29, 105]
['2019-03-28 15:10:00', 20.21, 20.21, 20.21, 20.21, 271]
['2019-03-28 15:09:00', 20.21, 20.21, 20.21, 20.21, 100]
['2019-03-28 15:08:00', 20.22, 20.215, 20.215, 20.285, 400]
['2019-03-28 15:06:00', 20.22, 20.22, 20.22, 20.22, 122]
['2019-03-28 15:05:00', 20.36, 20.36, 20.36, 20.36, 102]
['2019-03-28 15:04:00', 20.2, 20.2, 20.2, 20.2, 100]
['2019-03-28 15:02:00', 20.19, 20.19, 20.19, 20.19, 100]
['2019-03-28 14:59:00', 20.26, 20.26, 20.26, 20.26, 100]
['2019-03-28 14:56:00', 20.17, 20.18, 20.17, 20.28, 950]
['2019-03-28 14:53:00', 20.17, 20.1705, 20.14, 20.27, 2523]
['2019-03-28 14:51:00', 20.06, 20.13, 20.06, 20.13, 1856]
['2019-03-28 14:50:00', 20.05, 20.09, 20.05, 20.09, 258]
['2019-03-28 14:48:00', 20.04, 20.115, 20.025, 20.115, 800]
['2019-03-28 14:46:00', 20.04, 20.04, 20.04, 20.04, 103]
['2019-03-28 14:44:00', 20.11, 20.11, 20.04, 20.11, 300]
['2019-03-28 14:42:00', 20.06, 20.13, 20.06, 20.13, 300]
['2019-03-28 14:41:00', 20.135, 20.135, 20.135, 20.135, 100]
['2019-03-28 14:39:00', 20.06, 20.06, 20.06, 20.06, 100]
['2019-03-28 14:38:00', 20.155, 20.155, 20.06, 20.155, 304]
['2019-03-28 14:35:00', 20.29, 20.2, 20.13, 20.29, 726]
['2019-03-28 14:33:00', 20.23, 20.22, 20.21, 20.23, 403]
['2019-03-28 14:32:00', 20.29, 20.29, 20.29, 20.29, 100]
['2019-03-28 14:31:00', 20.23, 20.23, 20.23, 20.23, 195]
['2019-03-28 14:30:00', 20.3002, 20.3002, 20.3002, 20.3002, 505]
['2019-03-28 14:29:00', 20.21, 20.21, 20.21, 20.21, 100]
['2019-03-28 14:27:00', 20.23, 20.21, 20.21, 20.3, 300]
['2019-03-28 14:25:00', 20.23, 20.295, 20.21, 20.295, 507]
['2019-03-28 14:22:00', 20.38, 20.21, 20.21, 20.38, 205]
['2019-03-28 14:20:00', 20.23, 20.215, 20.21, 20.23, 400]
['2019-03-28 14:18:00', 20.3, 20.3, 20.3, 20.3, 108]
['2019-03-28 14:16:00', 20.4, 20.4, 20.4, 20.4, 105]
['2019-03-28 14:15:00', 20.38, 20.38, 20.38, 20.38, 140]
['2019-03-28 14:13:00', 20.4, 20.4, 20.4, 20.4, 100]
['2019-03-28 14:12:00', 20.23, 20.23, 20.23, 20.23, 303]
['2019-03-28 14:03:00', 20.34, 20.34, 20.34, 20.34, 203]
['2019-03-28 14:01:00', 20.245, 20.245, 20.245, 20.245, 105]
['2019-03-28 13:49:00', 20.2, 20.2, 20.2, 20.2, 465]
['2019-03-28 13:47:00', 20.29, 20.23, 20.18, 20.29, 1583]
['2019-03-28 13:46:00', 20.325, 20.3005, 20.3005, 20.325, 302]
['2019-03-28 13:41:00', 20.31, 20.31, 20.31, 20.31, 102]
['2019-03-28 13:28:00', 20.2, 20.185, 20.185, 20.2, 943]
['2019-03-28 13:26:00', 20.18, 20.19, 20.15, 20.19, 1205]
['2019-03-28 13:25:00', 20.15, 20.13, 20.13, 20.15, 849]
['2019-03-28 13:24:00', 20.25, 20.13, 20.13, 20.25, 606]
['2019-03-28 13:23:00', 20.3, 20.3, 20.3, 20.3, 900]
['2019-03-28 13:22:00', 20.2, 20.28, 20.2, 20.28, 1000]
['2019-03-28 13:21:00', 20.2, 20.2, 20.2, 20.2, 200]
['2019-03-28 13:20:00', 20.405, 20.18, 20.16, 20.405, 2631]
['2019-03-28 13:19:00', 20.32, 20.32, 20.24, 20.3663, 2852]
['2019-03-28 13:18:00', 20.23, 20.3, 20.17, 20.3, 1621]
['2019-03-28 13:17:00', 20.21, 20.23, 20.17, 20.245, 4576]
['2019-03-28 13:16:00', 20.185, 20.185, 20.185, 20.185, 200]
['2019-03-28 13:15:00', 20.25, 20.25, 20.25, 20.25, 700]
['2019-03-28 13:14:00', 20.36, 20.31, 20.31, 20.36, 1790]
['2019-03-28 13:13:00', 20.18, 20.25, 20.13, 20.25, 1215]
['2019-03-28 13:12:00', 20.12, 20.12, 20.12, 20.12, 1459]
['2019-03-28 13:11:00', 20.15, 20.15, 20.15, 20.15, 700]
['2019-03-28 13:09:00', 20.06, 20.06, 20.06, 20.06, 100]
['2019-03-28 13:07:00', 20.25, 20.16, 20.16, 20.25, 205]
['2019-03-28 13:04:00', 20.45, 20.45, 20.45, 20.45, 301]
['2019-03-28 12:58:00', 20.0501, 20.0501, 20.0501, 20.0501, 500]
['2019-03-28 12:55:00', 20.38, 20.235, 20.235, 20.38, 714]
['2019-03-28 12:52:00', 20.24, 20.24, 20.24, 20.24, 100]
['2019-03-28 12:49:00', 20.16, 20.16, 20.16, 20.16, 539]
['2019-03-28 12:48:00', 20.16, 20.16, 20.16, 20.16, 140]
['2019-03-28 12:47:00', 20.15, 20.185, 20.15, 20.185, 310]
['2019-03-28 12:46:00', 20.21, 20.2, 20.2, 20.21, 295]
['2019-03-28 12:42:00', 20.37, 20.37, 20.36, 20.37, 381]
['2019-03-28 12:41:00', 20.45, 20.38, 20.38, 20.45, 320]
['2019-03-28 12:40:00', 20.51, 20.515, 20.45, 20.515, 1191]
['2019-03-28 12:39:00', 20.51, 20.551, 20.5001, 20.57, 800]
['2019-03-28 12:38:00', 20.37, 20.655, 20.34, 20.655, 5133]
['2019-03-28 12:32:00', 20.35, 20.35, 20.35, 20.35, 213]
['2019-03-28 12:31:00', 20.2706, 20.2706, 20.2706, 20.2706, 300]
['2019-03-28 12:30:00', 20.265, 20.265, 20.265, 20.265, 100]
['2019-03-28 12:28:00', 20.4, 20.4, 20.4, 20.4, 100]
['2019-03-28 12:25:00', 20.12, 20.1534, 20.12, 20.36, 380]
['2019-03-28 12:21:00', 20.4, 20.4, 20.4, 20.4, 114]
['2019-03-28 12:19:00', 20.4, 20.4, 20.4, 20.4, 105]
['2019-03-28 12:15:00', 20.55, 20.55, 20.55, 20.55, 100]
['2019-03-28 12:09:00', 20.65, 20.65, 20.65, 20.65, 110]
['2019-03-28 12:05:00', 20.32, 20.32, 20.32, 20.32, 200]
['2019-03-28 12:03:00', 20.62, 20.4895, 20.4895, 20.62, 976]
['2019-03-28 11:58:00', 20.2, 20.31, 20.2, 20.31, 1185]
['2019-03-28 11:55:00', 20.4752, 20.26, 20.26, 20.51, 2969]
['2019-03-28 11:53:00', 20.805, 20.71, 20.71, 20.805, 620]
['2019-03-28 11:51:00', 20.805, 20.805, 20.805, 20.805, 100]
['2019-03-28 11:50:00', 20.89, 20.89, 20.89, 20.89, 146]
['2019-03-28 11:43:00', 20.9, 20.9, 20.9, 20.9, 119]
['2019-03-28 11:41:00', 20.89, 20.81, 20.81, 20.89, 580]
['2019-03-28 11:39:00', 20.66, 20.89, 20.655, 20.89, 401]
['2019-03-28 11:38:00', 20.7542, 20.7542, 20.7542, 20.7542, 100]
['2019-03-28 11:37:00', 20.82, 20.6518, 20.6518, 20.82, 500]
['2019-03-28 11:30:00', 20.88, 20.67, 20.66, 20.88, 1713]
['2019-03-28 11:27:00', 21.0848, 21.015, 21.0, 21.0848, 1014]
['2019-03-28 11:25:00', 21.075, 21.075, 21.075, 21.075, 105]
['2019-03-28 11:23:00', 21.14, 21.14, 21.14, 21.14, 100]
['2019-03-28 11:15:00', 21.07, 21.07, 21.07, 21.07, 151]
['2019-03-28 11:10:00', 21.19, 21.17, 21.13, 21.22, 1704]
['2019-03-28 11:08:00', 21.16, 21.16, 21.16, 21.16, 900]
['2019-03-28 11:04:00', 21.2, 21.2, 21.2, 21.2, 105]
['2019-03-28 11:03:00', 21.16, 21.16, 21.16, 21.16, 101]
['2019-03-28 11:02:00', 21.21, 21.0435, 21.0435, 21.21, 605]
['2019-03-28 10:59:00', 20.9741, 21.21, 20.9741, 21.21, 370]
['2019-03-28 10:55:00', 21.21, 21.21, 21.21, 21.21, 170]
['2019-03-28 10:54:00', 20.7446, 20.7446, 20.7446, 20.7446, 700]
['2019-03-28 10:52:00', 21.0749, 21.1264, 21.0749, 21.25, 4905]
['2019-03-28 10:51:00', 21.0966, 21.0585, 21.0585, 21.1, 752]
['2019-03-28 10:50:00', 20.826, 21.1, 20.826, 21.1, 215]
['2019-03-28 10:48:00', 21.19, 21.19, 21.19, 21.19, 100]
['2019-03-28 10:46:00', 21.07, 21.07, 21.07, 21.07, 105]
['2019-03-28 10:43:00', 21.0575, 21.0575, 21.0575, 21.06, 1013]
['2019-03-28 10:40:00', 20.7, 21.06, 20.7, 21.06, 1805]
['2019-03-28 10:39:00', 20.7, 20.69, 20.69, 20.7, 400]
['2019-03-28 10:38:00', 20.7, 20.6, 20.6, 20.7, 510]
['2019-03-28 10:33:00', 20.44, 20.68, 20.44, 20.84, 1916]
['2019-03-28 10:30:00', 20.33, 20.33, 20.33, 20.33, 130]
['2019-03-28 10:27:00', 20.9338, 20.9338, 20.9338, 20.9338, 200]
['2019-03-28 10:26:00', 20.665, 20.43, 20.43, 20.69, 2610]
['2019-03-28 10:24:00', 20.66, 20.66, 20.66, 20.685, 1096]
['2019-03-28 10:22:00', 20.68, 20.68, 20.68, 20.68, 167]
['2019-03-28 10:21:00', 20.74, 20.85, 20.74, 20.95, 2668]
['2019-03-28 10:18:00', 20.84, 20.62, 20.62, 20.84, 401]
['2019-03-28 10:14:00', 20.74, 20.74, 20.74, 20.74, 141]
['2019-03-28 10:11:00', 20.74, 20.74, 20.74, 20.74, 100]
['2019-03-28 10:08:00', 20.65, 20.555, 20.555, 20.69, 300]
['2019-03-28 10:05:00', 20.375, 20.375, 20.375, 20.375, 350]
['2019-03-28 10:04:00', 20.33, 20.33, 20.33, 20.33, 222]
['2019-03-28 10:01:00', 20.14, 20.195, 20.14, 20.195, 937]
['2019-03-28 09:55:00', 19.99, 19.9505, 19.9505, 19.99, 300]
['2019-03-28 09:54:00', 20.12, 19.995, 19.995, 20.15, 5975]
['2019-03-28 09:52:00', 19.935, 20.12, 19.935, 20.12, 780]
['2019-03-28 09:49:00', 20.0, 19.935, 19.935, 20.0, 303]
['2019-03-28 09:47:00', 19.875, 19.875, 19.875, 19.875, 100]
['2019-03-28 09:46:00', 20.0, 19.7525, 19.7525, 20.0, 550]
['2019-03-28 09:43:00', 19.815, 19.815, 19.815, 19.815, 200]
['2019-03-28 09:42:00', 19.98, 19.855, 19.84, 19.98, 2771]
['2019-03-28 09:40:00', 19.98, 19.985, 19.98, 19.985, 13188]
['2019-03-28 09:38:00', 20.12, 20.12, 20.12, 20.12, 348]
['2019-03-28 09:34:00', 20.0, 19.98, 19.98, 20.0, 368]
['2019-03-28 09:31:00', 19.875, 19.875, 19.875, 19.875, 1284]
['2019-03-27 16:00:00', 19.885, 19.94, 19.885, 19.94, 852]
['2019-03-27 15:59:00', 19.99, 19.9286, 19.9286, 20.005, 2784]
['2019-03-27 15:58:00', 19.97, 19.97, 19.97, 19.97, 232]
['2019-03-27 15:56:00', 20.0, 19.995, 19.99, 20.0, 2573]
['2019-03-27 15:54:00', 20.09, 20.09, 20.09, 20.09, 107]
['2019-03-27 15:52:00', 20.02, 20.0, 20.0, 20.02, 1027]
['2019-03-27 15:51:00', 19.99, 20.07, 19.94, 20.07, 3281]
['2019-03-27 15:50:00', 20.035, 20.1, 20.035, 20.1, 207]
['2019-03-27 15:49:00', 20.07, 20.07, 20.07, 20.07, 100]
['2019-03-27 15:48:00', 20.0065, 20.08, 20.0065, 20.08, 200]
['2019-03-27 15:46:00', 20.08, 20.0, 20.0, 20.08, 227]
['2019-03-27 15:45:00', 20.07, 20.07, 20.07, 20.07, 100]
['2019-03-27 15:44:00', 19.9486, 19.9566, 19.9486, 19.9566, 532]
['2019-03-27 15:38:00', 20.0, 19.94, 19.94, 20.0, 3962]
['2019-03-27 15:37:00', 20.01, 20.01, 20.0, 20.02, 1407]
['2019-03-27 15:36:00', 20.09, 20.0, 20.0, 20.09, 500]
['2019-03-27 15:33:00', 19.975, 19.975, 19.975, 19.975, 148]
['2019-03-27 15:32:00', 20.04, 19.93, 19.93, 20.04, 2775]
['2019-03-27 15:31:00', 20.0, 19.99, 19.99, 20.0, 2461]
['2019-03-27 15:27:00', 19.85, 19.85, 19.85, 19.85, 980]
['2019-03-27 15:26:00', 19.79, 19.84, 19.79, 19.85, 518]
['2019-03-27 15:25:00', 19.805, 19.805, 19.805, 19.805, 173]
['2019-03-27 15:24:00', 19.72, 19.815, 19.72, 19.815, 600]
['2019-03-27 15:23:00', 19.79, 19.72, 19.72, 19.79, 600]
['2019-03-27 15:22:00', 19.8, 19.78, 19.735, 19.92, 6146]
['2019-03-27 15:21:00', 19.85, 19.86, 19.83, 19.86, 831]
['2019-03-27 15:19:00', 19.81, 19.81, 19.81, 19.81, 114]
['2019-03-27 15:18:00', 19.8, 19.8, 19.8, 19.8, 413]
['2019-03-27 15:17:00', 19.82, 19.83, 19.82, 19.83, 502]
['2019-03-27 15:14:00', 19.7, 19.7, 19.7, 19.7, 312]
['2019-03-27 15:13:00', 19.81, 19.81, 19.81, 19.81, 132]
['2019-03-27 15:09:00', 19.65, 19.805, 19.65, 19.805, 232]
['2019-03-27 15:04:00', 19.71, 19.61, 19.61, 19.72, 528]
['2019-03-27 15:03:00', 19.785, 19.79, 19.785, 19.79, 200]
['2019-03-27 15:02:00', 19.89, 19.89, 19.89, 19.89, 187]
['2019-03-27 14:59:00', 19.85, 19.69, 19.69, 19.95, 1823]
['2019-03-27 14:58:00', 19.9, 19.845, 19.845, 19.9, 300]
['2019-03-27 14:56:00', 19.97, 19.97, 19.97, 19.97, 100]
['2019-03-27 14:53:00', 19.92, 19.93, 19.92, 19.93, 500]
['2019-03-27 14:50:00', 19.8111, 19.8111, 19.8111, 19.8111, 373]
['2019-03-27 14:47:00', 19.83, 19.83, 19.83, 19.83, 100]
['2019-03-27 14:44:00', 19.63, 19.63, 19.63, 19.63, 110]
['2019-03-27 14:43:00', 19.54, 19.54, 19.54, 19.54, 121]
['2019-03-27 14:40:00', 19.67, 19.66, 19.66, 19.73, 400]
['2019-03-27 14:36:00', 19.895, 19.93, 19.74, 19.93, 2433]
['2019-03-27 14:31:00', 19.85, 19.85, 19.85, 19.85, 433]
['2019-03-27 14:24:00', 19.7736, 19.7736, 19.7736, 19.7736, 269]
['2019-03-27 14:21:00', 19.79, 19.79, 19.79, 19.79, 102]
['2019-03-27 14:19:00', 19.91, 19.85, 19.85, 19.91, 1159]
['2019-03-27 14:17:00', 19.9, 19.96, 19.9, 19.96, 1664]
['2019-03-27 14:12:00', 19.7946, 19.86, 19.7946, 19.86, 1409]
['2019-03-27 14:09:00', 19.87, 19.7913, 19.7913, 19.8899, 708]
['2019-03-27 14:07:00', 19.77, 19.72, 19.72, 19.83, 1798]
['2019-03-27 14:02:00', 19.77, 19.77, 19.77, 19.77, 113]
['2019-03-27 14:00:00', 19.61, 19.76, 19.61, 19.76, 318]
['2019-03-27 13:53:00', 19.65, 19.63, 19.63, 19.755, 1217]
['2019-03-27 13:52:00', 19.77, 19.77, 19.77, 19.77, 100]
['2019-03-27 13:49:00', 19.7, 19.7, 19.7, 19.7, 436]
['2019-03-27 13:48:00', 19.72, 19.72, 19.72, 19.72, 105]
['2019-03-27 13:47:00', 19.56, 19.53, 19.53, 19.56, 334]
['2019-03-27 13:39:00', 19.53, 19.53, 19.53, 19.53, 482]
['2019-03-27 13:37:00', 19.54, 19.45, 19.45, 19.54, 300]
['2019-03-27 13:31:00', 19.51, 19.51, 19.51, 19.51, 117]
['2019-03-27 13:22:00', 19.47, 19.47, 19.46, 19.47, 1044]
['2019-03-27 13:21:00', 19.55, 19.47, 19.47, 19.55, 848]
['2019-03-27 13:19:00', 19.6074, 19.6074, 19.6074, 19.6074, 400]
['2019-03-27 13:16:00', 19.59, 19.59, 19.59, 19.59, 100]
['2019-03-27 13:13:00', 19.61, 19.4984, 19.46, 19.61, 1008]
['2019-03-27 13:10:00', 19.53, 19.62, 19.53, 19.62, 710]
['2019-03-27 13:02:00', 19.51, 19.51, 19.51, 19.51, 285]
['2019-03-27 13:00:00', 19.51, 19.515, 19.51, 19.515, 209]
['2019-03-27 12:59:00', 19.6, 19.505, 19.505, 19.6, 600]
['2019-03-27 12:57:00', 19.56, 19.6, 19.56, 19.6, 714]
['2019-03-27 12:53:00', 19.56, 19.56, 19.56, 19.56, 208]
['2019-03-27 12:49:00', 19.43, 19.535, 19.43, 19.535, 223]
['2019-03-27 12:47:00', 19.5, 19.5, 19.5, 19.5, 279]
['2019-03-27 12:45:00', 19.39, 19.39, 19.39, 19.39, 108]
['2019-03-27 12:39:00', 19.49, 19.43, 19.43, 19.5, 1093]
['2019-03-27 12:38:00', 19.44, 19.459, 19.3438, 19.459, 1056]
['2019-03-27 12:37:00', 19.26, 19.315, 19.26, 19.34, 2737]
['2019-03-27 12:36:00', 19.26, 19.245, 19.23, 19.26, 2292]
['2019-03-27 12:35:00', 19.36, 19.32, 19.315, 19.36, 432]
['2019-03-27 12:33:00', 19.31, 19.315, 19.31, 19.315, 208]
['2019-03-27 12:32:00', 19.305, 19.305, 19.305, 19.305, 200]
['2019-03-27 12:24:00', 19.3, 19.24, 19.22, 19.3, 3504]
['2019-03-27 12:23:00', 19.29, 19.3, 19.29, 19.3, 200]
['2019-03-27 12:19:00', 19.17, 19.18, 19.17, 19.18, 408]
['2019-03-27 12:17:00', 19.23, 19.3, 19.23, 19.3, 745]
['2019-03-27 12:16:00', 19.24, 19.17, 19.17, 19.24, 200]
['2019-03-27 12:15:00', 18.995, 19.1175, 18.995, 19.15, 2455]
['2019-03-27 12:14:00', 19.0035, 18.995, 18.995, 19.0035, 700]
['2019-03-27 12:13:00', 18.995, 18.995, 18.995, 18.995, 100]
['2019-03-27 12:11:00', 18.9747, 19.0375, 18.9747, 19.07, 1755]
['2019-03-27 12:09:00', 18.97, 18.97, 18.97, 18.97, 100]
['2019-03-27 12:08:00', 18.98, 18.96, 18.96, 18.98, 979]
['2019-03-27 12:05:00', 18.98, 18.98, 18.98, 18.98, 29402]
['2019-03-27 12:02:00', 18.98, 18.98, 18.98, 18.98, 0]
['2019-03-27 12:01:00', 18.905, 18.9174, 18.8551, 18.9174, 1896]
['2019-03-27 11:48:00', 18.77, 18.97, 18.77, 18.97, 1400]
['2019-03-27 11:47:00', 18.67, 18.75, 18.67, 18.75, 478]
['2019-03-27 11:46:00', 18.67, 18.67, 18.67, 18.67, 400]
['2019-03-27 11:41:00', 18.65, 18.65, 18.65, 18.65, 386]
['2019-03-27 11:39:00', 18.64, 18.605, 18.605, 18.64, 244]
['2019-03-27 11:37:00', 18.5, 18.5, 18.5, 18.5, 106]
['2019-03-27 11:31:00', 18.55, 18.55, 18.55, 18.55, 360]
['2019-03-27 11:29:00', 18.61, 18.535, 18.48, 18.61, 1525]
['2019-03-27 11:25:00', 18.53, 18.535, 18.53, 18.535, 1492]
['2019-03-27 11:24:00', 18.53, 18.53, 18.53, 18.53, 300]
['2019-03-27 11:23:00', 18.36, 18.36, 18.36, 18.36, 100]
['2019-03-27 11:19:00', 18.7875, 18.6772, 18.64, 18.7875, 1367]
['2019-03-27 11:17:00', 18.88, 18.87, 18.87, 18.88, 616]
['2019-03-27 11:16:00', 18.86, 18.86, 18.86, 18.86, 135]
['2019-03-27 11:12:00', 18.86, 18.86, 18.86, 18.86, 250]
['2019-03-27 11:07:00', 18.8, 18.8, 18.8, 18.8, 100]
['2019-03-27 11:06:00', 19.02, 18.9, 18.89, 19.02, 1346]
['2019-03-27 11:02:00', 19.05, 19.05, 19.05, 19.05, 208]
['2019-03-27 11:01:00', 18.99, 19.03, 18.99, 19.03, 460]
['2019-03-27 10:59:00', 18.98, 18.98, 18.98, 18.98, 649]
['2019-03-27 10:58:00', 18.98, 18.98, 18.98, 18.98, 108]
['2019-03-27 10:52:00', 18.82, 18.895, 18.82, 18.895, 2530]
['2019-03-27 10:51:00', 18.79, 18.9, 18.79, 18.9, 890]
['2019-03-27 10:47:00', 18.75, 18.7643, 18.7, 18.7643, 758]
['2019-03-27 10:46:00', 18.75, 18.75, 18.75, 18.75, 100]
['2019-03-27 10:40:00', 18.69, 18.72, 18.652, 18.72, 565]
['2019-03-27 10:39:00', 18.52, 18.54, 18.52, 18.54, 460]
['2019-03-27 10:38:00', 18.45, 18.49, 18.45, 18.49, 400]
['2019-03-27 10:37:00', 18.66, 18.66, 18.66, 18.66, 448]
['2019-03-27 10:35:00', 18.68, 18.66, 18.66, 18.68, 490]
['2019-03-27 10:34:00', 18.68, 18.65, 18.48, 18.68, 1890]
['2019-03-27 10:33:00', 18.67, 18.67, 18.67, 18.67, 418]
['2019-03-27 10:32:00', 18.72, 18.72, 18.72, 18.72, 100]
['2019-03-27 10:29:00', 18.64, 18.6057, 18.55, 18.6956, 967]
['2019-03-27 10:28:00', 18.57, 18.58, 18.57, 18.58, 706]
['2019-03-27 10:27:00', 18.55, 18.55, 18.54, 18.64, 827]
['2019-03-27 10:10:00', 18.55, 18.445, 18.445, 18.56, 1244]
['2019-03-27 10:09:00', 18.56, 18.54, 18.54, 18.585, 904]
['2019-03-27 10:08:00', 18.82, 18.8, 18.405, 18.82, 500]
['2019-03-27 10:02:00', 18.18, 18.18, 18.18, 18.18, 308]
['2019-03-27 10:01:00', 18.34, 18.34, 18.34, 18.34, 100]
['2019-03-27 09:31:00', 18.01, 18.01, 18.01, 18.01, 534]
['2019-03-26 16:00:00', 17.98, 17.98, 17.98, 17.98, 1130]
['2019-03-26 15:59:00', 18.0, 18.0, 18.0, 18.0, 1475]
['2019-03-26 15:57:00', 17.84, 17.935, 17.84, 17.935, 2104]
['2019-03-26 15:56:00', 17.78, 17.86, 17.78, 17.86, 1497]
['2019-03-26 15:54:00', 17.77, 17.77, 17.77, 17.77, 1132]
['2019-03-26 15:52:00', 17.745, 17.745, 17.745, 17.745, 657]
['2019-03-26 15:50:00', 17.705, 17.75, 17.705, 17.75, 1803]
['2019-03-26 15:49:00', 17.72, 17.72, 17.72, 17.72, 464]
['2019-03-26 15:47:00', 17.66, 17.72, 17.66, 17.72, 907]
['2019-03-26 15:45:00', 17.7202, 17.68, 17.68, 17.7202, 1058]
['2019-03-26 15:44:00', 17.74, 17.74, 17.74, 17.74, 1359]
['2019-03-26 15:40:00', 17.68, 17.68, 17.68, 17.68, 1364]
['2019-03-26 15:39:00', 17.65, 17.65, 17.65, 17.65, 905]
['2019-03-26 15:38:00', 17.64, 17.635, 17.635, 17.64, 712]
['2019-03-26 15:32:00', 17.67, 17.65, 17.65, 17.67, 1177]
['2019-03-26 15:31:00', 17.6225, 17.6225, 17.6225, 17.6225, 600]
['2019-03-26 15:29:00', 17.68, 17.68, 17.68, 17.68, 113]
['2019-03-26 15:28:00', 17.7, 17.7, 17.7, 17.7, 529]
['2019-03-26 15:26:00', 17.75, 17.67, 17.67, 17.75, 923]
['2019-03-26 15:25:00', 17.75, 17.75, 17.75, 17.75, 760]
['2019-03-26 15:23:00', 17.67, 17.67, 17.67, 17.67, 1104]
['2019-03-26 15:22:00', 17.65, 17.65, 17.65, 17.65, 799]
['2019-03-26 15:20:00', 17.73, 17.73, 17.73, 17.73, 579]
['2019-03-26 15:18:00', 17.73, 17.73, 17.73, 17.73, 276]
['2019-03-26 15:17:00', 17.74, 17.74, 17.74, 17.74, 102]
['2019-03-26 15:12:00', 17.77, 17.77, 17.77, 17.77, 287]
['2019-03-26 15:10:00', 17.86, 17.86, 17.86, 17.86, 103]
['2019-03-26 15:08:00', 17.85, 17.85, 17.85, 17.85, 301]
['2019-03-26 15:05:00', 17.95, 17.95, 17.95, 17.95, 434]
['2019-03-26 15:03:00', 17.85, 17.85, 17.85, 17.85, 167]
['2019-03-26 15:02:00', 17.86, 17.8606, 17.86, 17.8606, 1034]
['2019-03-26 14:57:00', 17.79, 17.79, 17.79, 17.79, 554]
['2019-03-26 14:53:00', 17.85, 17.85, 17.85, 17.85, 213]
['2019-03-26 14:48:00', 17.81, 17.825, 17.81, 17.845, 1449]
['2019-03-26 14:47:00', 17.83, 17.83, 17.83, 17.83, 214]
['2019-03-26 14:45:00', 17.77, 17.77, 17.77, 17.77, 705]
['2019-03-26 14:42:00', 17.815, 17.815, 17.815, 17.815, 730]
['2019-03-26 14:41:00', 17.66, 17.66, 17.66, 17.66, 101]
['2019-03-26 14:40:00', 17.71, 17.71, 17.71, 17.71, 107]
['2019-03-26 14:35:00', 17.68, 17.68, 17.68, 17.68, 1202]
['2019-03-26 14:34:00', 17.61, 17.62, 17.61, 17.62, 1155]
['2019-03-26 14:32:00', 17.8, 17.79, 17.79, 17.8, 1015]
['2019-03-26 14:27:00', 17.83, 17.83, 17.83, 17.83, 134]
['2019-03-26 14:21:00', 17.8, 17.94, 17.8, 17.94, 1008]
['2019-03-26 14:19:00', 17.75, 17.75, 17.75, 17.75, 804]
['2019-03-26 14:17:00', 17.72, 17.72, 17.72, 17.72, 130]
['2019-03-26 14:16:00', 17.7, 17.7, 17.7, 17.7, 103]
['2019-03-26 14:12:00', 17.655, 17.655, 17.655, 17.655, 137]
['2019-03-26 14:09:00', 17.68, 17.725, 17.68, 17.725, 2117]
['2019-03-26 14:04:00', 17.66, 17.725, 17.66, 17.725, 2390]
['2019-03-26 14:03:00', 17.63, 17.63, 17.63, 17.63, 429]
['2019-03-26 14:02:00', 17.74, 17.74, 17.74, 17.74, 900]
['2019-03-26 14:00:00', 17.61, 17.72, 17.61, 17.72, 1071]
['2019-03-26 13:59:00', 17.58, 17.58, 17.58, 17.58, 129]
['2019-03-26 13:58:00', 17.59, 17.59, 17.59, 17.59, 104]
['2019-03-26 13:54:00', 17.59, 17.59, 17.59, 17.59, 405]
['2019-03-26 13:51:00', 17.63, 17.68, 17.63, 17.68, 717]
['2019-03-26 13:49:00', 17.61, 17.62, 17.61, 17.62, 1308]
['2019-03-26 13:47:00', 17.58, 17.62, 17.58, 17.62, 1132]
['2019-03-26 13:46:00', 17.57, 17.57, 17.57, 17.57, 204]
['2019-03-26 13:35:00', 17.53, 17.615, 17.53, 17.615, 1388]
['2019-03-26 13:34:00', 17.5, 17.5, 17.5, 17.5, 283]
['2019-03-26 13:33:00', 17.49, 17.49, 17.49, 17.49, 129]
['2019-03-26 13:32:00', 17.44, 17.44, 17.44, 17.44, 102]
['2019-03-26 13:26:00', 17.61, 17.61, 17.61, 17.61, 156]
['2019-03-26 13:25:00', 17.49, 17.56, 17.49, 17.56, 488]
['2019-03-26 13:23:00', 17.485, 17.485, 17.485, 17.485, 327]
['2019-03-26 13:21:00', 17.6025, 17.58, 17.58, 17.6025, 598]
['2019-03-26 13:20:00', 17.67, 17.59, 17.59, 17.67, 2003]
['2019-03-26 13:16:00', 17.77, 17.77, 17.77, 17.77, 206]
['2019-03-26 13:13:00', 17.75, 17.83, 17.75, 17.83, 737]
['2019-03-26 13:10:00', 17.66, 17.66, 17.66, 17.66, 107]
['2019-03-26 13:07:00', 17.702, 17.702, 17.702, 17.702, 438]
['2019-03-26 13:05:00', 17.78, 17.78, 17.78, 17.78, 212]
['2019-03-26 13:00:00', 17.79, 17.72, 17.72, 17.79, 1403]
['2019-03-26 12:58:00', 17.8, 17.76, 17.76, 17.8, 529]
['2019-03-26 12:57:00', 17.81, 17.81, 17.81, 17.81, 783]
['2019-03-26 12:56:00', 17.8, 17.8, 17.8, 17.8, 111]
['2019-03-26 12:55:00', 17.79, 17.79, 17.79, 17.79, 373]
['2019-03-26 12:52:00', 17.855, 17.855, 17.855, 17.855, 169]
['2019-03-26 12:49:00', 17.77, 17.77, 17.77, 17.77, 306]
['2019-03-26 12:47:00', 17.97, 17.97, 17.97, 17.97, 102]
['2019-03-26 12:40:00', 18.05, 18.05, 18.05, 18.05, 218]
['2019-03-26 12:38:00', 17.9883, 17.9883, 17.9883, 17.9883, 577]
['2019-03-26 12:36:00', 17.96, 18.04, 17.96, 18.04, 841]
['2019-03-26 12:33:00', 17.96, 17.96, 17.96, 17.96, 216]
['2019-03-26 12:26:00', 17.94, 17.94, 17.94, 17.94, 348]
['2019-03-26 12:25:00', 17.905, 17.905, 17.905, 17.905, 401]
['2019-03-26 12:14:00', 18.0, 18.0, 18.0, 18.0, 249]
['2019-03-26 12:05:00', 17.942, 17.942, 17.942, 17.942, 267]
['2019-03-26 12:02:00', 17.95, 17.95, 17.95, 17.95, 341]
['2019-03-26 12:01:00', 17.955, 17.955, 17.955, 17.955, 107]
['2019-03-26 11:59:00', 17.94, 17.94, 17.94, 17.94, 400]
['2019-03-26 11:58:00', 17.9, 17.93, 17.9, 17.93, 1256]
['2019-03-26 11:57:00', 17.95, 17.95, 17.95, 17.95, 241]
['2019-03-26 11:56:00', 17.93, 17.93, 17.93, 17.93, 194]
['2019-03-26 11:52:00', 17.905, 17.905, 17.905, 17.905, 232]
['2019-03-26 11:48:00', 17.905, 17.905, 17.905, 17.905, 106]
['2019-03-26 11:47:00', 17.935, 17.935, 17.935, 17.935, 231]
['2019-03-26 11:45:00', 17.86, 17.86, 17.86, 17.86, 446]
['2019-03-26 11:33:00', 17.84, 17.91, 17.84, 17.91, 1334]
['2019-03-26 11:32:00', 17.9, 17.94, 17.9, 17.94, 1841]
['2019-03-26 11:31:00', 17.76, 17.76, 17.76, 17.76, 1213]
['2019-03-26 11:30:00', 17.74, 17.74, 17.74, 17.74, 446]
['2019-03-26 11:27:00', 17.801, 17.8, 17.8, 17.801, 1137]
['2019-03-26 11:20:00', 17.82, 17.82, 17.82, 17.82, 411]
['2019-03-26 11:14:00', 17.855, 17.855, 17.855, 17.855, 577]
['2019-03-26 11:11:00', 17.7423, 17.7423, 17.7423, 17.7423, 2008]
['2019-03-26 11:04:00', 17.875, 17.875, 17.875, 17.875, 432]
['2019-03-26 10:59:00', 17.915, 17.915, 17.915, 17.915, 416]
['2019-03-26 10:55:00', 17.91, 17.91, 17.91, 17.91, 530]
['2019-03-26 10:54:00', 17.97, 17.97, 17.97, 17.97, 1190]
['2019-03-26 10:51:00', 17.9471, 17.9471, 17.9471, 17.9471, 1239]
['2019-03-26 10:47:00', 17.71, 17.71, 17.71, 17.71, 106]
['2019-03-26 10:36:00', 17.8, 17.8, 17.8, 17.8, 1112]
['2019-03-26 10:33:00', 17.85, 17.85, 17.85, 17.85, 609]
['2019-03-26 10:30:00', 17.85, 17.85, 17.85, 17.85, 400]
['2019-03-26 10:16:00', 17.99, 17.99, 17.99, 17.99, 412]
['2019-03-26 10:08:00', 17.95, 17.95, 17.95, 17.95, 785]
['2019-03-26 10:06:00', 17.87, 17.87, 17.87, 17.87, 486]
['2019-03-26 09:59:00', 17.9, 17.9, 17.9, 17.9, 207]
['2019-03-26 09:55:00', 17.9, 17.9, 17.9, 17.9, 395]
['2019-03-26 09:51:00', 17.93, 17.93, 17.93, 17.93, 1046]
['2019-03-26 09:46:00', 17.72, 17.72, 17.72, 17.72, 100]
['2019-03-26 09:44:00', 17.43, 17.43, 17.43, 17.43, 218]
['2019-03-26 09:31:00', 17.23, 17.23, 17.23, 17.23, 1253]
['2019-03-25 16:00:00', 17.81, 17.75, 17.69, 17.81, 7758]
['2019-03-25 15:59:00', 17.81, 17.81, 17.81, 17.81, 1773]
['2019-03-25 15:58:00', 17.83, 17.83, 17.83, 17.83, 515]
['2019-03-25 15:57:00', 17.77, 17.8, 17.77, 17.8, 4001]
['2019-03-25 15:56:00', 17.85, 18.0, 17.85, 18.0, 3064]
['2019-03-25 15:55:00', 17.74, 17.74, 17.74, 17.74, 2218]
['2019-03-25 15:54:00', 17.67, 17.67, 17.67, 17.67, 742]
['2019-03-25 15:53:00', 17.7, 17.66, 17.66, 17.7, 953]
['2019-03-25 15:52:00', 17.69, 17.69, 17.69, 17.69, 1253]
['2019-03-25 15:51:00', 17.69, 17.69, 17.69, 17.69, 6056]
['2019-03-25 15:50:00', 17.67, 17.645, 17.645, 17.67, 1560]
['2019-03-25 15:49:00', 17.68, 17.72, 17.68, 17.72, 1704]
['2019-03-25 15:48:00', 17.69, 17.69, 17.69, 17.69, 750]
['2019-03-25 15:47:00', 17.625, 17.68, 17.625, 17.68, 753]
['2019-03-25 15:45:00', 17.64, 17.64, 17.64, 17.64, 604]
['2019-03-25 15:44:00', 17.67, 17.655, 17.655, 17.67, 1604]
['2019-03-25 15:43:00', 17.6725, 17.6725, 17.6725, 17.6725, 408]
['2019-03-25 15:42:00', 17.69, 17.69, 17.6725, 17.69, 3659]
['2019-03-25 15:41:00', 17.6599, 17.67, 17.6599, 17.67, 2450]
['2019-03-25 15:40:00', 17.6675, 17.6675, 17.6675, 17.6675, 1002]
['2019-03-25 15:39:00', 17.63, 17.69, 17.63, 17.69, 4147]
['2019-03-25 15:37:00', 17.69, 17.69, 17.69, 17.69, 955]
['2019-03-25 15:36:00', 17.7, 17.7, 17.7, 17.7, 356]
['2019-03-25 15:35:00', 17.71, 17.71, 17.71, 17.71, 708]
['2019-03-25 15:34:00', 17.66, 17.68, 17.66, 17.68, 1734]
['2019-03-25 15:32:00', 17.68, 17.66, 17.645, 17.68, 3377]
['2019-03-25 15:31:00', 17.75, 17.75, 17.75, 17.75, 1843]
['2019-03-25 15:24:00', 17.685, 17.71, 17.685, 17.71, 525]
['2019-03-25 15:22:00', 17.605, 17.605, 17.605, 17.605, 404]
['2019-03-25 15:21:00', 17.69, 17.63, 17.63, 17.69, 1008]
['2019-03-25 15:20:00', 17.65, 17.68, 17.65, 17.68, 1108]
['2019-03-25 15:16:00', 17.68, 17.68, 17.68, 17.68, 345]
['2019-03-25 15:13:00', 17.72, 17.72, 17.72, 17.72, 206]
['2019-03-25 15:12:00', 17.685, 17.685, 17.685, 17.685, 605]
['2019-03-25 15:11:00', 17.685, 17.685, 17.685, 17.685, 810]
['2019-03-25 15:10:00', 17.68, 17.69, 17.68, 17.69, 1621]
['2019-03-25 15:09:00', 17.68, 17.68, 17.68, 17.68, 1159]
['2019-03-25 15:07:00', 17.64, 17.66, 17.64, 17.66, 1213]
['2019-03-25 15:05:00', 17.68, 17.68, 17.68, 17.68, 507]
['2019-03-25 15:04:00', 17.67, 17.67, 17.67, 17.67, 495]
['2019-03-25 15:03:00', 17.76, 17.76, 17.76, 17.76, 388]
['2019-03-25 14:56:00', 17.76, 17.76, 17.76, 17.76, 461]
['2019-03-25 14:53:00', 17.73, 17.73, 17.73, 17.73, 108]
['2019-03-25 14:50:00', 17.68, 17.69, 17.68, 17.69, 1300]
['2019-03-25 14:48:00', 17.675, 17.675, 17.675, 17.675, 490]
['2019-03-25 14:47:00', 17.65, 17.65, 17.65, 17.65, 106]
['2019-03-25 14:45:00', 17.65, 17.65, 17.65, 17.65, 103]
['2019-03-25 14:39:00', 17.69, 17.71, 17.69, 17.71, 1120]
['2019-03-25 14:38:00', 17.69, 17.69, 17.69, 17.69, 102]
['2019-03-25 14:36:00', 17.66, 17.66, 17.66, 17.66, 104]
['2019-03-25 14:26:00', 17.7, 17.7, 17.7, 17.7, 226]
['2019-03-25 14:24:00', 17.67, 17.7, 17.67, 17.7, 1356]
['2019-03-25 14:22:00', 17.67, 17.66, 17.66, 17.67, 1409]
['2019-03-25 14:21:00', 17.735, 17.735, 17.735, 17.735, 1002]
['2019-03-25 14:19:00', 17.48, 17.48, 17.48, 17.48, 105]
['2019-03-25 14:18:00', 17.63, 17.63, 17.63, 17.63, 104]
['2019-03-25 14:14:00', 17.83, 17.83, 17.83, 17.83, 1160]
['2019-03-25 14:13:00', 17.77, 17.77, 17.77, 17.77, 803]
['2019-03-25 14:12:00', 17.8, 17.8, 17.8, 17.8, 205]
['2019-03-25 14:10:00', 17.71, 17.71, 17.71, 17.71, 802]
['2019-03-25 14:09:00', 17.69, 17.69, 17.69, 17.69, 302]
['2019-03-25 14:04:00', 17.675, 17.675, 17.675, 17.675, 718]
['2019-03-25 14:03:00', 17.69, 17.71, 17.69, 17.71, 525]
['2019-03-25 14:02:00', 17.65, 17.65, 17.65, 17.65, 110]
['2019-03-25 14:00:00', 17.63, 17.61, 17.61, 17.635, 2614]
['2019-03-25 13:59:00', 17.575, 17.575, 17.575, 17.575, 302]
['2019-03-25 13:58:00', 17.52, 17.51, 17.51, 17.52, 1182]
['2019-03-25 13:55:00', 17.505, 17.505, 17.505, 17.505, 275]
['2019-03-25 13:49:00', 17.665, 17.66, 17.66, 17.665, 1031]
['2019-03-25 13:46:00', 17.68, 17.68, 17.68, 17.68, 300]
['2019-03-25 13:45:00', 17.62, 17.62, 17.62, 17.62, 1211]
['2019-03-25 13:43:00', 17.77, 17.77, 17.77, 17.77, 102]
['2019-03-25 13:40:00', 17.55, 17.55, 17.55, 17.55, 107]
['2019-03-25 13:32:00', 17.74, 17.69, 17.69, 17.74, 1222]
['2019-03-25 13:30:00', 17.67, 17.75, 17.67, 17.75, 1402]
['2019-03-25 13:28:00', 17.74, 17.74, 17.74, 17.74, 262]
['2019-03-25 13:27:00', 17.75, 17.75, 17.75, 17.75, 205]
['2019-03-25 13:25:00', 17.88, 17.88, 17.88, 17.88, 460]
['2019-03-25 13:19:00', 17.99, 17.99, 17.99, 17.99, 405]
['2019-03-25 13:18:00', 18.0, 18.0, 18.0, 18.0, 107]
['2019-03-25 13:14:00', 18.08, 18.08, 18.08, 18.08, 435]
['2019-03-25 13:13:00', 18.01, 18.01, 18.01, 18.01, 305]
['2019-03-25 13:02:00', 18.09, 18.105, 18.09, 18.105, 1443]
['2019-03-25 13:01:00', 18.07, 18.09, 18.07, 18.09, 1148]
['2019-03-25 12:59:00', 18.06, 18.06, 18.06, 18.06, 602]
['2019-03-25 12:58:00', 18.0, 18.02, 17.95, 18.02, 3065]
['2019-03-25 12:57:00', 18.0, 18.0, 18.0, 18.0, 975]
['2019-03-25 12:56:00', 17.98, 17.98, 17.98, 17.98, 1865]
['2019-03-25 12:55:00', 17.92, 17.92, 17.92, 17.92, 1316]
['2019-03-25 12:54:00', 17.92, 17.92, 17.92, 17.92, 470]
['2019-03-25 12:53:00', 17.97, 17.97, 17.97, 17.97, 410]
['2019-03-25 12:52:00', 17.88, 17.88, 17.88, 17.88, 862]
['2019-03-25 12:50:00', 17.9, 17.9, 17.9, 17.9, 604]
['2019-03-25 12:44:00', 17.93, 17.93, 17.93, 17.93, 654]
['2019-03-25 12:43:00', 17.95, 17.95, 17.95, 17.95, 202]
['2019-03-25 12:42:00', 17.97, 17.97, 17.97, 17.97, 1205]
['2019-03-25 12:40:00', 17.82, 17.82, 17.82, 17.82, 916]
['2019-03-25 12:37:00', 17.81, 17.81, 17.81, 17.81, 214]
['2019-03-25 12:36:00', 17.75, 17.75, 17.75, 17.75, 104]
['2019-03-25 12:35:00', 17.76, 17.76, 17.76, 17.76, 604]
['2019-03-25 12:33:00', 17.77, 17.77, 17.77, 17.77, 408]
['2019-03-25 12:31:00', 17.7, 17.7, 17.7, 17.7, 612]
['2019-03-25 12:30:00', 17.635, 17.635, 17.635, 17.635, 905]
['2019-03-25 12:29:00', 17.7, 17.7, 17.7, 17.7, 504]
['2019-03-25 12:27:00', 17.76, 17.69, 17.69, 17.76, 1022]
['2019-03-25 12:26:00', 17.8, 17.8, 17.8, 17.8, 565]
['2019-03-25 12:25:00', 17.69, 17.69, 17.69, 17.69, 725]
['2019-03-25 12:24:00', 17.78, 17.66, 17.66, 17.78, 2095]
['2019-03-25 12:22:00', 17.67, 17.67, 17.67, 17.67, 251]
['2019-03-25 12:13:00', 17.785, 17.785, 17.785, 17.785, 326]
['2019-03-25 12:11:00', 17.69, 17.73, 17.69, 17.73, 1649]
['2019-03-25 12:09:00', 17.56, 17.56, 17.56, 17.56, 205]
['2019-03-25 12:05:00', 17.55, 17.55, 17.55, 17.55, 217]
['2019-03-25 12:03:00', 17.69, 17.69, 17.69, 17.69, 208]
['2019-03-25 12:02:00', 17.87, 17.87, 17.87, 17.87, 297]
['2019-03-25 11:59:00', 17.91, 17.82, 17.82, 17.91, 913]
['2019-03-25 11:58:00', 17.95, 17.95, 17.95, 17.95, 203]
['2019-03-25 11:57:00', 17.83, 17.83, 17.83, 17.83, 703]
['2019-03-25 11:56:00', 17.74, 17.81, 17.74, 17.84, 2854]
['2019-03-25 11:48:00', 17.76, 17.73, 17.73, 17.76, 2806]
['2019-03-25 11:41:00', 17.85, 17.85, 17.85, 17.85, 609]
['2019-03-25 11:39:00', 17.77, 17.77, 17.77, 17.77, 340]
['2019-03-25 11:32:00', 17.76, 17.76, 17.76, 17.76, 111]
['2019-03-25 11:29:00', 17.75, 17.75, 17.75, 17.75, 100]
['2019-03-25 11:22:00', 17.76, 17.76, 17.76, 17.76, 933]
['2019-03-25 11:20:00', 17.76, 17.76, 17.76, 17.76, 602]
['2019-03-25 11:17:00', 17.7557, 17.73, 17.73, 17.7557, 316]
['2019-03-25 11:14:00', 17.74, 17.74, 17.74, 17.74, 100]
['2019-03-25 11:11:00', 17.75, 17.75, 17.75, 17.75, 100]
['2019-03-25 11:10:00', 17.77, 17.77, 17.77, 17.77, 100]
['2019-03-25 11:05:00', 17.91, 17.91, 17.91, 17.91, 203]
['2019-03-25 10:58:00', 17.73, 17.73, 17.73, 17.73, 509]
['2019-03-25 10:56:00', 17.68, 17.68, 17.68, 17.68, 130]
['2019-03-25 10:54:00', 17.65, 17.65, 17.65, 17.65, 1092]
['2019-03-25 10:53:00', 17.8, 17.8, 17.8, 17.8, 200]
['2019-03-25 10:50:00', 17.82, 17.82, 17.82, 17.82, 1131]
['2019-03-25 10:48:00', 17.82, 17.82, 17.82, 17.82, 264]
['2019-03-25 10:45:00', 17.82, 17.82, 17.82, 17.82, 636]
['2019-03-25 10:41:00', 17.8475, 17.8475, 17.8475, 17.8475, 907]
['2019-03-25 10:40:00', 17.655, 17.655, 17.655, 17.655, 100]
['2019-03-25 10:37:00', 17.685, 17.685, 17.685, 17.685, 775]
['2019-03-25 10:36:00', 17.62, 17.62, 17.62, 17.62, 400]
['2019-03-25 10:32:00', 17.645, 17.65, 17.645, 17.65, 300]
['2019-03-25 10:30:00', 17.57, 17.57, 17.57, 17.57, 200]
['2019-03-25 10:27:00', 17.46, 17.51, 17.46, 17.51, 901]
['2019-03-25 10:25:00', 17.565, 17.47, 17.47, 17.565, 1686]
['2019-03-25 10:24:00', 17.56, 17.56, 17.56, 17.56, 1257]
['2019-03-25 10:22:00', 17.57, 17.57, 17.57, 17.57, 216]
['2019-03-25 10:20:00', 17.57, 17.57, 17.57, 17.57, 503]
['2019-03-25 10:18:00', 17.48, 17.45, 17.45, 17.48, 1411]
['2019-03-25 10:17:00', 17.3582, 17.3582, 17.3582, 17.3582, 1005]
['2019-03-25 10:15:00', 17.44, 17.45, 17.44, 17.45, 3000]
['2019-03-25 10:14:00', 17.32, 17.33, 17.32, 17.33, 1212]
['2019-03-25 10:11:00', 17.38, 17.41, 17.38, 17.41, 1314]
['2019-03-25 10:09:00', 17.34, 17.38, 17.34, 17.38, 1000]
['2019-03-25 10:07:00', 17.2725, 17.32, 17.2725, 17.32, 2115]
['2019-03-25 10:06:00', 17.33, 17.33, 17.33, 17.33, 507]
['2019-03-25 10:03:00', 17.46, 17.46, 17.46, 17.46, 266]
['2019-03-25 10:02:00', 17.56, 17.56, 17.56, 17.56, 1120]
['2019-03-25 10:00:00', 17.46, 17.655, 17.46, 17.655, 1100]
['2019-03-25 09:58:00', 17.525, 17.46, 17.46, 17.525, 2845]
['2019-03-25 09:55:00', 17.28, 17.41, 17.28, 17.41, 2611]
['2019-03-25 09:54:00', 17.23, 17.23, 17.23, 17.23, 520]
['2019-03-25 09:52:00', 17.13, 17.13, 17.13, 17.13, 610]
['2019-03-25 09:49:00', 17.645, 17.57, 17.57, 17.645, 1678]
['2019-03-25 09:43:00', 17.6, 17.6, 17.6, 17.6, 778]
['2019-03-25 09:37:00', 17.55, 17.55, 17.55, 17.55, 1107]
['2019-03-25 09:36:00', 17.45, 17.45, 17.45, 17.45, 1300]
['2019-03-25 09:34:00', 17.61, 17.61, 17.61, 17.61, 11400]
['2019-03-25 09:31:00', 17.7, 17.7, 17.7, 17.7, 0]
