AZPN
['2019-03-29 16:00:00', 104.27, 104.27, 104.24, 104.27, 10237]
['2019-03-29 15:59:00', 104.28, 104.295, 104.28, 104.3, 3049]
['2019-03-29 15:58:00', 104.275, 104.3, 104.27, 104.3, 2554]
['2019-03-29 15:57:00', 104.27, 104.285, 104.27, 104.29, 1471]
['2019-03-29 15:56:00', 104.27, 104.275, 104.26, 104.29, 5228]
['2019-03-29 15:55:00', 104.39, 104.29, 104.28, 104.39, 3772]
['2019-03-29 15:54:00', 104.42, 104.39, 104.36, 104.42, 3323]
['2019-03-29 15:53:00', 104.41, 104.4, 104.4, 104.435, 2057]
['2019-03-29 15:52:00', 104.36, 104.4, 104.36, 104.41, 2346]
['2019-03-29 15:51:00', 104.35, 104.35, 104.35, 104.35, 377]
['2019-03-29 15:50:00', 104.39, 104.38, 104.36, 104.39, 1528]
['2019-03-29 15:49:00', 104.42, 104.38, 104.37, 104.42, 1642]
['2019-03-29 15:48:00', 104.42, 104.42, 104.42, 104.44, 963]
['2019-03-29 15:47:00', 104.46, 104.435, 104.435, 104.47, 2544]
['2019-03-29 15:46:00', 104.46, 104.46, 104.46, 104.46, 896]
['2019-03-29 15:45:00', 104.45, 104.45, 104.45, 104.45, 669]
['2019-03-29 15:44:00', 104.43, 104.43, 104.43, 104.44, 1852]
['2019-03-29 15:43:00', 104.42, 104.425, 104.42, 104.425, 262]
['2019-03-29 15:42:00', 104.43, 104.405, 104.405, 104.45, 1317]
['2019-03-29 15:41:00', 104.44, 104.43, 104.43, 104.45, 385]
['2019-03-29 15:40:00', 104.45, 104.45, 104.45, 104.45, 200]
['2019-03-29 15:39:00', 104.46, 104.44, 104.43, 104.46, 677]
['2019-03-29 15:38:00', 104.48, 104.44, 104.44, 104.49, 2410]
['2019-03-29 15:37:00', 104.49, 104.48, 104.48, 104.49, 1000]
['2019-03-29 15:35:00', 104.38, 104.48, 104.38, 104.48, 793]
['2019-03-29 15:33:00', 104.4, 104.41, 104.39, 104.41, 601]
['2019-03-29 15:32:00', 104.41, 104.42, 104.41, 104.465, 2323]
['2019-03-29 15:31:00', 104.45, 104.44, 104.44, 104.495, 1996]
['2019-03-29 15:30:00', 104.5, 104.46, 104.46, 104.5, 1495]
['2019-03-29 15:29:00', 104.52, 104.47, 104.47, 104.52, 524]
['2019-03-29 15:28:00', 104.54, 104.555, 104.54, 104.555, 432]
['2019-03-29 15:27:00', 104.49, 104.555, 104.49, 104.555, 2672]
['2019-03-29 15:26:00', 104.52, 104.47, 104.47, 104.52, 923]
['2019-03-29 15:25:00', 104.52, 104.53, 104.52, 104.54, 1799]
['2019-03-29 15:24:00', 104.58, 104.53, 104.52, 104.58, 900]
['2019-03-29 15:22:00', 104.6, 104.6, 104.58, 104.6, 1030]
['2019-03-29 15:21:00', 104.58, 104.58, 104.58, 104.58, 389]
['2019-03-29 15:19:00', 104.6, 104.6, 104.59, 104.6, 736]
['2019-03-29 15:18:00', 104.61, 104.59, 104.59, 104.62, 400]
['2019-03-29 15:17:00', 104.6, 104.59, 104.55, 104.62, 2453]
['2019-03-29 15:16:00', 104.6, 104.62, 104.6, 104.63, 416]
['2019-03-29 15:14:00', 104.6, 104.6, 104.6, 104.6, 449]
['2019-03-29 15:12:00', 104.6, 104.6, 104.6, 104.6, 120]
['2019-03-29 15:10:00', 104.59, 104.59, 104.59, 104.59, 100]
['2019-03-29 15:09:00', 104.72, 104.66, 104.66, 104.72, 1317]
['2019-03-29 15:08:00', 104.75, 104.75, 104.72, 104.75, 1533]
['2019-03-29 15:07:00', 104.73, 104.72, 104.72, 104.73, 230]
['2019-03-29 15:06:00', 104.8, 104.74, 104.74, 104.8, 814]
['2019-03-29 15:05:00', 104.765, 104.765, 104.765, 104.765, 200]
['2019-03-29 15:04:00', 104.83, 104.77, 104.77, 104.83, 553]
['2019-03-29 15:03:00', 104.86, 104.86, 104.86, 104.86, 232]
['2019-03-29 15:02:00', 104.92, 104.83, 104.83, 104.935, 2099]
['2019-03-29 15:01:00', 104.88, 104.88, 104.88, 104.88, 109]
['2019-03-29 14:57:00', 104.83, 104.82, 104.82, 104.83, 1010]
['2019-03-29 14:53:00', 104.79, 104.795, 104.79, 104.795, 382]
['2019-03-29 14:52:00', 104.735, 104.765, 104.735, 104.765, 453]
['2019-03-29 14:49:00', 104.65, 104.65, 104.65, 104.65, 317]
['2019-03-29 14:48:00', 104.54, 104.635, 104.54, 104.635, 716]
['2019-03-29 14:47:00', 104.54, 104.51, 104.51, 104.54, 602]
['2019-03-29 14:46:00', 104.56, 104.56, 104.56, 104.56, 370]
['2019-03-29 14:45:00', 104.56, 104.55, 104.55, 104.56, 408]
['2019-03-29 14:44:00', 104.59, 104.59, 104.59, 104.59, 105]
['2019-03-29 14:42:00', 104.52, 104.62, 104.5, 104.62, 2022]
['2019-03-29 14:41:00', 104.59, 104.555, 104.54, 104.59, 1000]
['2019-03-29 14:40:00', 104.62, 104.62, 104.62, 104.62, 200]
['2019-03-29 14:39:00', 104.59, 104.625, 104.59, 104.63, 1037]
['2019-03-29 14:36:00', 104.57, 104.56, 104.56, 104.57, 657]
['2019-03-29 14:35:00', 104.6, 104.6, 104.6, 104.6, 137]
['2019-03-29 14:33:00', 104.6, 104.57, 104.55, 104.6, 639]
['2019-03-29 14:32:00', 104.53, 104.53, 104.53, 104.53, 341]
['2019-03-29 14:31:00', 104.62, 104.55, 104.55, 104.62, 2538]
['2019-03-29 14:30:00', 104.564, 104.595, 104.564, 104.6, 540]
['2019-03-29 14:29:00', 104.6, 104.6, 104.6, 104.6, 311]
['2019-03-29 14:27:00', 104.52, 104.53, 104.52, 104.53, 351]
['2019-03-29 14:26:00', 104.58, 104.6, 104.58, 104.6, 239]
['2019-03-29 14:25:00', 104.52, 104.52, 104.52, 104.52, 219]
['2019-03-29 14:24:00', 104.57, 104.53, 104.53, 104.57, 306]
['2019-03-29 14:23:00', 104.575, 104.575, 104.575, 104.575, 200]
['2019-03-29 14:21:00', 104.53, 104.53, 104.53, 104.53, 101]
['2019-03-29 14:18:00', 104.53, 104.53, 104.53, 104.53, 202]
['2019-03-29 14:17:00', 104.63, 104.585, 104.57, 104.63, 568]
['2019-03-29 14:15:00', 104.61, 104.635, 104.61, 104.66, 609]
['2019-03-29 14:14:00', 104.63, 104.6, 104.6, 104.63, 512]
['2019-03-29 14:13:00', 104.635, 104.67, 104.635, 104.67, 557]
['2019-03-29 14:12:00', 104.645, 104.64, 104.64, 104.65, 370]
['2019-03-29 14:11:00', 104.66, 104.615, 104.615, 104.66, 706]
['2019-03-29 14:10:00', 104.69, 104.695, 104.69, 104.695, 313]
['2019-03-29 14:09:00', 104.69, 104.69, 104.69, 104.69, 203]
['2019-03-29 14:07:00', 104.69, 104.69, 104.67, 104.69, 825]
['2019-03-29 14:06:00', 104.66, 104.64, 104.64, 104.67, 877]
['2019-03-29 14:05:00', 104.69, 104.69, 104.69, 104.69, 426]
['2019-03-29 14:03:00', 104.68, 104.68, 104.65, 104.7, 701]
['2019-03-29 14:02:00', 104.69, 104.67, 104.67, 104.69, 634]
['2019-03-29 14:01:00', 104.6757, 104.66, 104.64, 104.6757, 1056]
['2019-03-29 14:00:00', 104.69, 104.66, 104.65, 104.69, 300]
['2019-03-29 13:59:00', 104.695, 104.695, 104.695, 104.695, 757]
['2019-03-29 13:56:00', 104.68, 104.7, 104.68, 104.705, 671]
['2019-03-29 13:55:00', 104.62, 104.645, 104.62, 104.645, 306]
['2019-03-29 13:54:00', 104.67, 104.67, 104.67, 104.67, 161]
['2019-03-29 13:51:00', 104.615, 104.615, 104.615, 104.615, 611]
['2019-03-29 13:50:00', 104.615, 104.615, 104.615, 104.615, 147]
['2019-03-29 13:49:00', 104.615, 104.615, 104.6005, 104.615, 1254]
['2019-03-29 13:48:00', 104.59, 104.64, 104.53, 104.64, 1315]
['2019-03-29 13:47:00', 104.7, 104.57, 104.57, 104.7, 1328]
['2019-03-29 13:46:00', 104.665, 104.675, 104.665, 104.675, 239]
['2019-03-29 13:44:00', 104.57, 104.57, 104.55, 104.57, 843]
['2019-03-29 13:43:00', 104.52, 104.52, 104.52, 104.52, 327]
['2019-03-29 13:42:00', 104.51, 104.48, 104.48, 104.51, 500]
['2019-03-29 13:41:00', 104.505, 104.51, 104.505, 104.51, 200]
['2019-03-29 13:40:00', 104.505, 104.49, 104.49, 104.505, 276]
['2019-03-29 13:39:00', 104.55, 104.5, 104.5, 104.55, 316]
['2019-03-29 13:37:00', 104.55, 104.55, 104.55, 104.55, 100]
['2019-03-29 13:36:00', 104.58, 104.5574, 104.5574, 104.58, 730]
['2019-03-29 13:35:00', 104.57, 104.5, 104.5, 104.57, 355]
['2019-03-29 13:31:00', 104.585, 104.58, 104.58, 104.585, 343]
['2019-03-29 13:30:00', 104.57, 104.58, 104.57, 104.58, 407]
['2019-03-29 13:29:00', 104.5224, 104.5224, 104.5224, 104.5224, 152]
['2019-03-29 13:28:00', 104.51, 104.51, 104.51, 104.51, 320]
['2019-03-29 13:27:00', 104.5, 104.54, 104.5, 104.54, 284]
['2019-03-29 13:26:00', 104.5577, 104.49, 104.46, 104.5577, 651]
['2019-03-29 13:25:00', 104.6, 104.585, 104.585, 104.6, 201]
['2019-03-29 13:24:00', 104.59, 104.61, 104.59, 104.61, 303]
['2019-03-29 13:23:00', 104.58, 104.5836, 104.58, 104.5836, 3399]
['2019-03-29 13:22:00', 104.47, 104.47, 104.47, 104.47, 347]
['2019-03-29 13:21:00', 104.64, 104.51, 104.51, 104.64, 1454]
['2019-03-29 13:18:00', 104.57, 104.58, 104.57, 104.58, 357]
['2019-03-29 13:17:00', 104.63, 104.56, 104.56, 104.63, 657]
['2019-03-29 13:15:00', 104.69, 104.69, 104.69, 104.69, 152]
['2019-03-29 13:14:00', 104.68, 104.69, 104.64, 104.69, 1646]
['2019-03-29 13:13:00', 104.65, 104.705, 104.65, 104.705, 551]
['2019-03-29 13:12:00', 104.59, 104.59, 104.575, 104.63, 1475]
['2019-03-29 13:10:00', 104.53, 104.49, 104.48, 104.53, 749]
['2019-03-29 13:08:00', 104.58, 104.58, 104.57, 104.58, 584]
['2019-03-29 13:07:00', 104.585, 104.55, 104.55, 104.6, 1045]
['2019-03-29 13:06:00', 104.55, 104.58, 104.55, 104.61, 3071]
['2019-03-29 13:05:00', 104.54, 104.58, 104.5, 104.62, 1863]
['2019-03-29 13:04:00', 104.67, 104.52, 104.52, 104.67, 3700]
['2019-03-29 13:02:00', 104.59, 104.61, 104.57, 104.61, 565]
['2019-03-29 13:01:00', 104.53, 104.57, 104.53, 104.58, 2683]
['2019-03-29 13:00:00', 104.575, 104.525, 104.49, 104.635, 3731]
['2019-03-29 12:59:00', 104.62, 104.575, 104.575, 104.64, 605]
['2019-03-29 12:58:00', 104.625, 104.605, 104.49, 104.64, 3867]
['2019-03-29 12:57:00', 104.62, 104.63, 104.59, 104.64, 1503]
['2019-03-29 12:56:00', 104.6, 104.63, 104.58, 104.64, 2249]
['2019-03-29 12:53:00', 104.58, 104.58, 104.54, 104.59, 1652]
['2019-03-29 12:51:00', 104.64, 104.575, 104.575, 104.64, 706]
['2019-03-29 12:50:00', 104.6, 104.58, 104.58, 104.6, 275]
['2019-03-29 12:47:00', 104.66, 104.66, 104.66, 104.66, 104]
['2019-03-29 12:46:00', 104.64, 104.705, 104.64, 104.705, 808]
['2019-03-29 12:45:00', 104.7, 104.67, 104.67, 104.7, 583]
['2019-03-29 12:44:00', 104.795, 104.68, 104.68, 104.795, 3588]
['2019-03-29 12:43:00', 104.815, 104.79, 104.79, 104.815, 602]
['2019-03-29 12:42:00', 104.79, 104.79, 104.79, 104.79, 224]
['2019-03-29 12:41:00', 104.81, 104.81, 104.81, 104.81, 160]
['2019-03-29 12:40:00', 104.82, 104.82, 104.82, 104.82, 302]
['2019-03-29 12:39:00', 104.87, 104.845, 104.845, 104.87, 610]
['2019-03-29 12:38:00', 104.87, 104.85, 104.85, 104.87, 562]
['2019-03-29 12:37:00', 104.74, 104.88, 104.72, 104.88, 4951]
['2019-03-29 12:35:00', 104.74, 104.7, 104.7, 104.74, 3128]
['2019-03-29 12:34:00', 104.76, 104.73, 104.73, 104.76, 201]
['2019-03-29 12:33:00', 104.655, 104.735, 104.655, 104.74, 1436]
['2019-03-29 12:32:00', 104.655, 104.655, 104.655, 104.655, 813]
['2019-03-29 12:30:00', 104.7, 104.67, 104.67, 104.7, 818]
['2019-03-29 12:29:00', 104.66, 104.66, 104.66, 104.72, 1122]
['2019-03-29 12:28:00', 104.66, 104.66, 104.655, 104.675, 1523]
['2019-03-29 12:27:00', 104.6492, 104.655, 104.6492, 104.655, 258]
['2019-03-29 12:26:00', 104.6, 104.625, 104.6, 104.625, 319]
['2019-03-29 12:25:00', 104.66, 104.64, 104.64, 104.66, 603]
['2019-03-29 12:24:00', 104.7, 104.7, 104.7, 104.7, 100]
['2019-03-29 12:22:00', 104.6, 104.6, 104.6, 104.6, 229]
['2019-03-29 12:21:00', 104.6, 104.6, 104.6, 104.6, 123]
['2019-03-29 12:20:00', 104.59, 104.53, 104.53, 104.61, 1159]
['2019-03-29 12:19:00', 104.455, 104.63, 104.455, 104.63, 1413]
['2019-03-29 12:18:00', 104.49, 104.49, 104.49, 104.49, 205]
['2019-03-29 12:17:00', 104.49, 104.49, 104.49, 104.49, 140]
['2019-03-29 12:16:00', 104.45, 104.49, 104.45, 104.49, 306]
['2019-03-29 12:15:00', 104.47, 104.44, 104.44, 104.51, 1177]
['2019-03-29 12:14:00', 104.4273, 104.54, 104.4273, 104.54, 860]
['2019-03-29 12:13:00', 104.4, 104.4, 104.4, 104.4, 466]
['2019-03-29 12:12:00', 104.37, 104.36, 104.36, 104.39, 687]
['2019-03-29 12:11:00', 104.26, 104.29, 104.26, 104.34, 1359]
['2019-03-29 12:10:00', 104.18, 104.245, 104.18, 104.245, 2030]
['2019-03-29 12:09:00', 104.11, 104.17, 104.11, 104.18, 607]
['2019-03-29 12:06:00', 104.17, 104.12, 104.12, 104.17, 375]
['2019-03-29 12:05:00', 104.215, 104.21, 104.21, 104.215, 304]
['2019-03-29 12:03:00', 104.17, 104.17, 104.17, 104.17, 641]
['2019-03-29 12:02:00', 104.18, 104.19, 104.18, 104.19, 297]
['2019-03-29 12:01:00', 104.23, 104.23, 104.23, 104.23, 203]
['2019-03-29 11:59:00', 104.345, 104.345, 104.345, 104.345, 249]
['2019-03-29 11:58:00', 104.41, 104.41, 104.41, 104.41, 100]
['2019-03-29 11:54:00', 104.41, 104.3, 104.3, 104.41, 577]
['2019-03-29 11:53:00', 104.41, 104.41, 104.41, 104.41, 173]
['2019-03-29 11:52:00', 104.38, 104.38, 104.38, 104.38, 466]
['2019-03-29 11:47:00', 104.4, 104.3, 104.3, 104.4, 835]
['2019-03-29 11:46:00', 104.4, 104.4, 104.4, 104.4, 100]
['2019-03-29 11:45:00', 104.43, 104.415, 104.415, 104.43, 558]
['2019-03-29 11:43:00', 104.53, 104.53, 104.53, 104.53, 233]
['2019-03-29 11:42:00', 104.52, 104.51, 104.51, 104.52, 312]
['2019-03-29 11:41:00', 104.53, 104.53, 104.53, 104.53, 100]
['2019-03-29 11:39:00', 104.54, 104.54, 104.54, 104.54, 376]
['2019-03-29 11:38:00', 104.41, 104.47, 104.41, 104.47, 401]
['2019-03-29 11:37:00', 104.32, 104.32, 104.32, 104.32, 304]
['2019-03-29 11:36:00', 104.38, 104.38, 104.38, 104.38, 148]
['2019-03-29 11:35:00', 104.41, 104.41, 104.41, 104.41, 101]
['2019-03-29 11:34:00', 104.49, 104.43, 104.43, 104.49, 506]
['2019-03-29 11:32:00', 104.55, 104.53, 104.53, 104.55, 567]
['2019-03-29 11:31:00', 104.43, 104.43, 104.43, 104.43, 563]
['2019-03-29 11:30:00', 104.45, 104.45, 104.45, 104.45, 203]
['2019-03-29 11:28:00', 104.45, 104.45, 104.45, 104.45, 248]
['2019-03-29 11:27:00', 104.33, 104.39, 104.31, 104.39, 611]
['2019-03-29 11:26:00', 104.3127, 104.37, 104.31, 104.44, 1929]
['2019-03-29 11:24:00', 104.25, 104.18, 104.18, 104.25, 427]
['2019-03-29 11:23:00', 104.18, 104.17, 104.17, 104.18, 514]
['2019-03-29 11:22:00', 104.29, 104.29, 104.29, 104.29, 105]
['2019-03-29 11:21:00', 104.3, 104.3, 104.3, 104.3, 479]
['2019-03-29 11:20:00', 104.3, 104.3, 104.3, 104.3, 113]
['2019-03-29 11:19:00', 104.37, 104.37, 104.37, 104.37, 200]
['2019-03-29 11:18:00', 104.3773, 104.38, 104.3773, 104.38, 342]
['2019-03-29 11:17:00', 104.29, 104.3, 104.29, 104.3, 920]
['2019-03-29 11:15:00', 104.29, 104.29, 104.29, 104.29, 216]
['2019-03-29 11:14:00', 104.245, 104.245, 104.245, 104.245, 100]
['2019-03-29 11:13:00', 104.28, 104.28, 104.28, 104.28, 100]
['2019-03-29 11:12:00', 104.23, 104.322, 104.23, 104.33, 1271]
['2019-03-29 11:11:00', 104.23, 104.23, 104.23, 104.23, 245]
['2019-03-29 11:09:00', 104.13, 104.14, 104.1, 104.14, 509]
['2019-03-29 11:08:00', 104.005, 104.095, 104.005, 104.13, 1449]
['2019-03-29 11:06:00', 103.99, 103.98, 103.98, 103.99, 228]
['2019-03-29 11:05:00', 104.04, 104.04, 104.04, 104.04, 109]
['2019-03-29 11:04:00', 104.01, 104.02, 104.01, 104.06, 1023]
['2019-03-29 11:01:00', 104.03, 104.01, 104.01, 104.03, 716]
['2019-03-29 11:00:00', 104.12, 104.09, 104.02, 104.12, 826]
['2019-03-29 10:58:00', 104.04, 104.04, 104.04, 104.04, 207]
['2019-03-29 10:56:00', 103.98, 103.98, 103.98, 103.98, 219]
['2019-03-29 10:55:00', 103.99, 103.99, 103.99, 103.99, 107]
['2019-03-29 10:52:00', 103.97, 103.97, 103.97, 103.97, 361]
['2019-03-29 10:50:00', 104.11, 104.12, 104.01, 104.12, 825]
['2019-03-29 10:48:00', 104.19, 104.11, 104.11, 104.2, 1157]
['2019-03-29 10:45:00', 104.2, 104.055, 104.055, 104.2, 1061]
['2019-03-29 10:42:00', 104.23, 104.23, 104.23, 104.23, 259]
['2019-03-29 10:41:00', 104.275, 104.37, 104.275, 104.37, 794]
['2019-03-29 10:40:00', 104.3, 104.3, 104.3, 104.3, 108]
['2019-03-29 10:39:00', 104.21, 104.26, 104.21, 104.26, 1584]
['2019-03-29 10:38:00', 104.19, 104.21, 104.18, 104.21, 630]
['2019-03-29 10:37:00', 104.29, 104.22, 104.22, 104.29, 512]
['2019-03-29 10:36:00', 104.295, 104.295, 104.295, 104.295, 100]
['2019-03-29 10:32:00', 104.16, 104.16, 104.16, 104.16, 361]
['2019-03-29 10:31:00', 104.18, 104.18, 104.18, 104.18, 526]
['2019-03-29 10:30:00', 104.04, 104.1, 104.04, 104.1, 1850]
['2019-03-29 10:29:00', 104.0, 103.98, 103.98, 104.0, 415]
['2019-03-29 10:28:00', 104.05, 104.04, 104.01, 104.08, 1190]
['2019-03-29 10:27:00', 104.0, 104.0, 104.0, 104.1, 929]
['2019-03-29 10:26:00', 104.15, 104.06, 104.06, 104.19, 2148]
['2019-03-29 10:25:00', 103.99, 104.11, 103.99, 104.11, 2053]
['2019-03-29 10:24:00', 103.99, 103.9645, 103.9645, 103.99, 842]
['2019-03-29 10:23:00', 103.96, 103.91, 103.91, 103.96, 644]
['2019-03-29 10:22:00', 104.065, 103.96, 103.96, 104.065, 834]
['2019-03-29 10:21:00', 104.065, 104.065, 104.065, 104.065, 307]
['2019-03-29 10:20:00', 104.07, 104.06, 104.03, 104.12, 2081]
['2019-03-29 10:19:00', 104.06, 104.055, 103.99, 104.07, 1899]
['2019-03-29 10:18:00', 104.13, 104.08, 104.01, 104.14, 3041]
['2019-03-29 10:16:00', 104.14, 104.14, 104.14, 104.14, 291]
['2019-03-29 10:15:00', 104.09, 104.14, 104.03, 104.14, 1838]
['2019-03-29 10:13:00', 104.09, 104.09, 104.035, 104.09, 572]
['2019-03-29 10:12:00', 103.97, 104.01, 103.97, 104.01, 225]
['2019-03-29 10:11:00', 104.02, 103.98, 103.98, 104.08, 1211]
['2019-03-29 10:08:00', 103.96, 103.95, 103.93, 104.07, 3314]
['2019-03-29 10:07:00', 103.86, 103.915, 103.86, 103.915, 725]
['2019-03-29 10:06:00', 103.88, 103.88, 103.88, 103.88, 164]
['2019-03-29 10:05:00', 103.98, 103.87, 103.87, 104.0, 1478]
['2019-03-29 10:04:00', 104.005, 104.005, 104.005, 104.005, 281]
['2019-03-29 10:03:00', 103.88, 103.97, 103.88, 104.0, 1291]
['2019-03-29 10:01:00', 103.87, 103.87, 103.87, 103.87, 615]
['2019-03-29 10:00:00', 103.99, 103.86, 103.86, 103.99, 841]
['2019-03-29 09:59:00', 103.85, 103.85, 103.85, 103.85, 419]
['2019-03-29 09:58:00', 104.05, 103.92, 103.92, 104.05, 504]
['2019-03-29 09:55:00', 103.99, 104.0, 103.99, 104.02, 1122]
['2019-03-29 09:54:00', 103.82, 103.9538, 103.82, 104.06, 2592]
['2019-03-29 09:51:00', 103.93, 103.93, 103.93, 103.93, 455]
['2019-03-29 09:50:00', 103.93, 103.93, 103.93, 103.93, 100]
['2019-03-29 09:48:00', 104.08, 103.93, 103.93, 104.08, 385]
['2019-03-29 09:43:00', 104.06, 104.06, 104.06, 104.06, 353]
['2019-03-29 09:41:00', 104.22, 104.22, 104.15, 104.22, 696]
['2019-03-29 09:39:00', 104.52, 104.31, 104.29, 104.52, 1843]
['2019-03-29 09:38:00', 104.65, 104.52, 104.33, 104.65, 2825]
['2019-03-29 09:37:00', 104.57, 104.595, 104.57, 104.71, 1970]
['2019-03-29 09:34:00', 104.59, 104.59, 104.59, 104.59, 379]
['2019-03-29 09:31:00', 104.52, 104.53, 104.52, 104.53, 2133]
['2019-03-28 16:00:00', 103.87, 103.89, 103.83, 103.905, 3955]
['2019-03-28 15:59:00', 103.9, 103.87, 103.85, 103.91, 2452]
['2019-03-28 15:58:00', 103.86, 103.92, 103.86, 103.92, 1132]
['2019-03-28 15:57:00', 103.86, 103.86, 103.81, 103.86, 931]
['2019-03-28 15:56:00', 103.92, 103.84, 103.82, 103.98, 3456]
['2019-03-28 15:55:00', 104.04, 103.98, 103.98, 104.04, 2333]
['2019-03-28 15:54:00', 103.92, 103.99, 103.92, 104.02, 4270]
['2019-03-28 15:53:00', 103.86, 103.9, 103.86, 103.9, 1150]
['2019-03-28 15:52:00', 103.88, 103.86, 103.86, 103.88, 1166]
['2019-03-28 15:51:00', 103.87, 103.875, 103.85, 103.875, 1212]
['2019-03-28 15:50:00', 103.84, 103.84, 103.84, 103.84, 441]
['2019-03-28 15:49:00', 103.875, 103.86, 103.86, 103.875, 487]
['2019-03-28 15:48:00', 103.89, 103.89, 103.87, 103.89, 2039]
['2019-03-28 15:47:00', 103.9, 103.9, 103.9, 103.9, 367]
['2019-03-28 15:46:00', 103.9, 103.93, 103.87, 103.94, 1107]
['2019-03-28 15:45:00', 103.89, 103.87, 103.87, 103.89, 727]
['2019-03-28 15:44:00', 103.85, 103.87, 103.83, 103.87, 623]
['2019-03-28 15:43:00', 103.87, 103.86, 103.86, 103.89, 1230]
['2019-03-28 15:42:00', 103.81, 103.84, 103.81, 103.84, 1749]
['2019-03-28 15:40:00', 103.86, 103.825, 103.825, 103.86, 1049]
['2019-03-28 15:39:00', 103.86, 103.83, 103.83, 103.86, 796]
['2019-03-28 15:38:00', 103.82, 103.87, 103.82, 103.87, 1568]
['2019-03-28 15:37:00', 103.795, 103.795, 103.795, 103.795, 147]
['2019-03-28 15:36:00', 103.82, 103.8, 103.8, 103.82, 355]
['2019-03-28 15:35:00', 103.7, 103.82, 103.7, 103.82, 860]
['2019-03-28 15:34:00', 103.7, 103.68, 103.68, 103.7, 600]
['2019-03-28 15:33:00', 103.72, 103.72, 103.72, 103.72, 148]
['2019-03-28 15:32:00', 103.75, 103.73, 103.72, 103.75, 900]
['2019-03-28 15:30:00', 103.68, 103.7, 103.635, 103.7, 1230]
['2019-03-28 15:28:00', 103.76, 103.72, 103.72, 103.76, 810]
['2019-03-28 15:27:00', 103.76, 103.76, 103.76, 103.76, 100]
['2019-03-28 15:26:00', 103.77, 103.73, 103.72, 103.77, 1122]
['2019-03-28 15:25:00', 103.72, 103.74, 103.72, 103.74, 338]
['2019-03-28 15:23:00', 103.685, 103.685, 103.685, 103.7, 795]
['2019-03-28 15:22:00', 103.685, 103.685, 103.685, 103.685, 100]
['2019-03-28 15:21:00', 103.73, 103.69, 103.69, 103.75, 1025]
['2019-03-28 15:20:00', 103.67, 103.75, 103.67, 103.75, 1173]
['2019-03-28 15:19:00', 103.68, 103.65, 103.65, 103.68, 1322]
['2019-03-28 15:18:00', 103.68, 103.68, 103.68, 103.68, 200]
['2019-03-28 15:17:00', 103.7498, 103.7, 103.7, 103.7498, 590]
['2019-03-28 15:16:00', 103.7225, 103.74, 103.7225, 103.74, 1101]
['2019-03-28 15:15:00', 103.73, 103.73, 103.71, 103.75, 1954]
['2019-03-28 15:14:00', 103.76, 103.74, 103.74, 103.76, 513]
['2019-03-28 15:12:00', 103.74, 103.73, 103.72, 103.75, 832]
['2019-03-28 15:11:00', 103.74, 103.74, 103.74, 103.74, 118]
['2019-03-28 15:10:00', 103.68, 103.71, 103.68, 103.71, 214]
['2019-03-28 15:07:00', 103.7248, 103.7248, 103.7248, 103.7248, 306]
['2019-03-28 15:06:00', 103.73, 103.7, 103.7, 103.73, 539]
['2019-03-28 15:05:00', 103.81, 103.76, 103.76, 103.81, 1071]
['2019-03-28 15:03:00', 103.76, 103.76, 103.76, 103.76, 656]
['2019-03-28 15:02:00', 103.72, 103.72, 103.72, 103.72, 580]
['2019-03-28 15:01:00', 103.72, 103.64, 103.64, 103.72, 430]
['2019-03-28 15:00:00', 103.675, 103.72, 103.675, 103.72, 201]
['2019-03-28 14:59:00', 103.68, 103.68, 103.68, 103.68, 129]
['2019-03-28 14:58:00', 103.66, 103.66, 103.66, 103.66, 201]
['2019-03-28 14:57:00', 103.66, 103.66, 103.66, 103.66, 203]
['2019-03-28 14:56:00', 103.63, 103.63, 103.63, 103.63, 552]
['2019-03-28 14:55:00', 103.61, 103.7, 103.61, 103.7, 1684]
['2019-03-28 14:54:00', 103.55, 103.62, 103.55, 103.62, 725]
['2019-03-28 14:53:00', 103.64, 103.61, 103.61, 103.64, 326]
['2019-03-28 14:52:00', 103.68, 103.68, 103.68, 103.68, 120]
['2019-03-28 14:51:00', 103.59, 103.59, 103.59, 103.59, 115]
['2019-03-28 14:50:00', 103.57, 103.52, 103.52, 103.57, 601]
['2019-03-28 14:49:00', 103.67, 103.64, 103.64, 103.67, 202]
['2019-03-28 14:48:00', 103.68, 103.66, 103.66, 103.68, 704]
['2019-03-28 14:47:00', 103.67, 103.67, 103.64, 103.67, 411]
['2019-03-28 14:46:00', 103.62, 103.65, 103.62, 103.65, 335]
['2019-03-28 14:45:00', 103.585, 103.585, 103.585, 103.585, 203]
['2019-03-28 14:44:00', 103.67, 103.6, 103.58, 103.67, 733]
['2019-03-28 14:43:00', 103.64, 103.6, 103.6, 103.64, 239]
['2019-03-28 14:41:00', 103.62, 103.625, 103.62, 103.625, 206]
['2019-03-28 14:40:00', 103.59, 103.55, 103.55, 103.59, 973]
['2019-03-28 14:39:00', 103.565, 103.58, 103.55, 103.58, 1030]
['2019-03-28 14:38:00', 103.54, 103.58, 103.54, 103.58, 201]
['2019-03-28 14:36:00', 103.52, 103.54, 103.52, 103.54, 201]
['2019-03-28 14:35:00', 103.6, 103.59, 103.59, 103.6, 746]
['2019-03-28 14:34:00', 103.58, 103.64, 103.54, 103.64, 1218]
['2019-03-28 14:33:00', 103.64, 103.64, 103.56, 103.64, 511]
['2019-03-28 14:31:00', 103.65, 103.63, 103.63, 103.65, 648]
['2019-03-28 14:30:00', 103.73, 103.7, 103.65, 103.73, 823]
['2019-03-28 14:28:00', 103.69, 103.69, 103.69, 103.69, 125]
['2019-03-28 14:27:00', 103.74, 103.74, 103.74, 103.74, 326]
['2019-03-28 14:26:00', 103.71, 103.71, 103.71, 103.71, 103]
['2019-03-28 14:24:00', 103.66, 103.645, 103.645, 103.66, 448]
['2019-03-28 14:22:00', 103.66, 103.6, 103.6, 103.72, 3421]
['2019-03-28 14:21:00', 103.63, 103.63, 103.63, 103.63, 429]
['2019-03-28 14:19:00', 103.64, 103.64, 103.64, 103.64, 102]
['2019-03-28 14:18:00', 103.61, 103.61, 103.61, 103.61, 100]
['2019-03-28 14:17:00', 103.67, 103.65, 103.65, 103.67, 667]
['2019-03-28 14:16:00', 103.705, 103.705, 103.705, 103.705, 101]
['2019-03-28 14:13:00', 103.74, 103.74, 103.74, 103.74, 204]
['2019-03-28 14:11:00', 103.66, 103.61, 103.61, 103.67, 481]
['2019-03-28 14:10:00', 103.66, 103.66, 103.66, 103.66, 186]
['2019-03-28 14:09:00', 103.55, 103.57, 103.54, 103.58, 1048]
['2019-03-28 14:08:00', 103.63, 103.5501, 103.5501, 103.63, 635]
['2019-03-28 14:07:00', 103.6, 103.6, 103.58, 103.6, 724]
['2019-03-28 14:06:00', 103.66, 103.66, 103.66, 103.66, 100]
['2019-03-28 14:05:00', 103.63, 103.63, 103.63, 103.63, 348]
['2019-03-28 14:03:00', 103.54, 103.54, 103.54, 103.54, 338]
['2019-03-28 14:02:00', 103.62, 103.575, 103.57, 103.66, 1484]
['2019-03-28 14:00:00', 103.67, 103.68, 103.6596, 103.68, 776]
['2019-03-28 13:59:00', 103.68, 103.68, 103.68, 103.68, 100]
['2019-03-28 13:57:00', 103.685, 103.685, 103.685, 103.685, 403]
['2019-03-28 13:56:00', 103.77, 103.77, 103.77, 103.77, 147]
['2019-03-28 13:55:00', 103.8, 103.73, 103.73, 103.8, 1316]
['2019-03-28 13:54:00', 103.72, 103.72, 103.72, 103.72, 184]
['2019-03-28 13:53:00', 103.69, 103.715, 103.69, 103.715, 950]
['2019-03-28 13:52:00', 103.58, 103.72, 103.58, 103.72, 1850]
['2019-03-28 13:51:00', 103.59, 103.5813, 103.5766, 103.59, 884]
['2019-03-28 13:49:00', 103.6, 103.6, 103.6, 103.6, 277]
['2019-03-28 13:48:00', 103.47, 103.51, 103.4596, 103.51, 751]
['2019-03-28 13:47:00', 103.45, 103.45, 103.45, 103.45, 220]
['2019-03-28 13:46:00', 103.455, 103.46, 103.44, 103.485, 654]
['2019-03-28 13:45:00', 103.5, 103.455, 103.455, 103.5, 245]
['2019-03-28 13:42:00', 103.53, 103.53, 103.53, 103.53, 201]
['2019-03-28 13:40:00', 103.53, 103.53, 103.53, 103.53, 101]
['2019-03-28 13:39:00', 103.58, 103.6, 103.56, 103.6, 1312]
['2019-03-28 13:38:00', 103.64, 103.62, 103.6, 103.64, 766]
['2019-03-28 13:37:00', 103.66, 103.62, 103.62, 103.66, 1222]
['2019-03-28 13:36:00', 103.615, 103.6383, 103.615, 103.6383, 262]
['2019-03-28 13:35:00', 103.635, 103.65, 103.61, 103.65, 446]
['2019-03-28 13:34:00', 103.67, 103.73, 103.67, 103.73, 372]
['2019-03-28 13:32:00', 103.64, 103.65, 103.64, 103.65, 774]
['2019-03-28 13:31:00', 103.64, 103.67, 103.575, 103.67, 1515]
['2019-03-28 13:30:00', 103.69, 103.68, 103.68, 103.69, 506]
['2019-03-28 13:29:00', 103.72, 103.64, 103.62, 103.72, 1446]
['2019-03-28 13:28:00', 103.725, 103.76, 103.725, 103.76, 488]
['2019-03-28 13:27:00', 103.72, 103.72, 103.72, 103.72, 200]
['2019-03-28 13:26:00', 103.76, 103.76, 103.76, 103.76, 100]
['2019-03-28 13:25:00', 103.71, 103.72, 103.71, 103.72, 209]
['2019-03-28 13:24:00', 103.73, 103.75, 103.73, 103.75, 200]
['2019-03-28 13:23:00', 103.73, 103.73, 103.73, 103.73, 217]
['2019-03-28 13:22:00', 103.73, 103.71, 103.69, 103.73, 1308]
['2019-03-28 13:20:00', 103.73, 103.69, 103.69, 103.73, 307]
['2019-03-28 13:19:00', 103.74, 103.7, 103.7, 103.74, 336]
['2019-03-28 13:18:00', 103.65, 103.71, 103.65, 103.71, 623]
['2019-03-28 13:17:00', 103.595, 103.63, 103.595, 103.63, 498]
['2019-03-28 13:16:00', 103.66, 103.67, 103.65, 103.67, 833]
['2019-03-28 13:15:00', 103.66, 103.665, 103.64, 103.665, 519]
['2019-03-28 13:14:00', 103.62, 103.66, 103.59, 103.66, 833]
['2019-03-28 13:13:00', 103.605, 103.605, 103.605, 103.605, 207]
['2019-03-28 13:12:00', 103.64, 103.6, 103.6, 103.68, 1113]
['2019-03-28 13:11:00', 103.58, 103.61, 103.58, 103.61, 418]
['2019-03-28 13:10:00', 103.54, 103.54, 103.54, 103.565, 416]
['2019-03-28 13:09:00', 103.59, 103.59, 103.59, 103.59, 200]
['2019-03-28 13:08:00', 103.585, 103.58, 103.58, 103.585, 600]
['2019-03-28 13:07:00', 103.54, 103.58, 103.54, 103.59, 1609]
['2019-03-28 13:06:00', 103.6, 103.585, 103.54, 103.6, 1845]
['2019-03-28 13:05:00', 103.64, 103.675, 103.63, 103.675, 300]
['2019-03-28 13:04:00', 103.65, 103.64, 103.63, 103.65, 883]
['2019-03-28 13:03:00', 103.73, 103.73, 103.73, 103.73, 100]
['2019-03-28 13:02:00', 103.595, 103.64, 103.595, 103.64, 592]
['2019-03-28 13:01:00', 103.595, 103.595, 103.595, 103.595, 300]
['2019-03-28 13:00:00', 103.63, 103.64, 103.63, 103.64, 205]
['2019-03-28 12:59:00', 103.47, 103.54, 103.47, 103.54, 481]
['2019-03-28 12:58:00', 103.5, 103.49, 103.49, 103.5, 506]
['2019-03-28 12:57:00', 103.49, 103.46, 103.46, 103.545, 1303]
['2019-03-28 12:56:00', 103.44, 103.5, 103.44, 103.5, 413]
['2019-03-28 12:55:00', 103.45, 103.49, 103.45, 103.49, 200]
['2019-03-28 12:53:00', 103.4, 103.4, 103.4, 103.4, 112]
['2019-03-28 12:52:00', 103.44, 103.41, 103.41, 103.44, 1157]
['2019-03-28 12:51:00', 103.38, 103.38, 103.38, 103.39, 507]
['2019-03-28 12:50:00', 103.28, 103.28, 103.28, 103.28, 567]
['2019-03-28 12:49:00', 103.28, 103.28, 103.28, 103.28, 100]
['2019-03-28 12:47:00', 103.215, 103.215, 103.215, 103.215, 117]
['2019-03-28 12:46:00', 103.19, 103.28, 103.19, 103.28, 678]
['2019-03-28 12:45:00', 103.23, 103.275, 103.23, 103.28, 404]
['2019-03-28 12:44:00', 103.25, 103.24, 103.24, 103.25, 200]
['2019-03-28 12:43:00', 103.15, 103.15, 103.15, 103.15, 100]
['2019-03-28 12:42:00', 103.15, 103.1, 103.1, 103.15, 307]
['2019-03-28 12:41:00', 103.19, 103.19, 103.19, 103.19, 181]
['2019-03-28 12:40:00', 103.08, 103.08, 103.08, 103.08, 100]
['2019-03-28 12:39:00', 103.055, 103.055, 103.055, 103.055, 425]
['2019-03-28 12:38:00', 103.08, 103.08, 103.08, 103.08, 226]
['2019-03-28 12:37:00', 103.005, 103.04, 103.005, 103.04, 419]
['2019-03-28 12:36:00', 103.005, 103.005, 103.005, 103.005, 100]
['2019-03-28 12:35:00', 103.03, 103.02, 103.02, 103.03, 478]
['2019-03-28 12:33:00', 103.13, 103.08, 103.08, 103.13, 464]
['2019-03-28 12:32:00', 103.135, 103.13, 103.09, 103.135, 666]
['2019-03-28 12:31:00', 103.1375, 103.1375, 103.1375, 103.1375, 105]
['2019-03-28 12:29:00', 103.065, 103.065, 103.065, 103.065, 421]
['2019-03-28 12:28:00', 102.99, 103.015, 102.98, 103.0175, 2061]
['2019-03-28 12:27:00', 102.965, 102.99, 102.965, 102.99, 420]
['2019-03-28 12:26:00', 102.96, 103.0, 102.95, 103.0, 760]
['2019-03-28 12:24:00', 103.06, 102.96, 102.96, 103.06, 310]
['2019-03-28 12:23:00', 102.95, 102.95, 102.95, 102.95, 177]
['2019-03-28 12:22:00', 102.995, 102.99, 102.99, 102.995, 330]
['2019-03-28 12:21:00', 102.95, 103.06, 102.95, 103.06, 208]
['2019-03-28 12:20:00', 102.995, 102.95, 102.95, 102.995, 200]
['2019-03-28 12:19:00', 103.02, 102.97, 102.97, 103.02, 888]
['2019-03-28 12:18:00', 102.94, 102.98, 102.94, 102.98, 317]
['2019-03-28 12:17:00', 102.93, 102.88, 102.88, 102.93, 306]
['2019-03-28 12:16:00', 102.86, 102.86, 102.85, 102.86, 443]
['2019-03-28 12:15:00', 102.81, 102.81, 102.81, 102.86, 431]
['2019-03-28 12:14:00', 102.81, 102.81, 102.81, 102.81, 205]
['2019-03-28 12:13:00', 102.81, 102.82, 102.76, 102.82, 1137]
['2019-03-28 12:12:00', 102.865, 102.785, 102.76, 102.865, 1492]
['2019-03-28 12:11:00', 102.98, 102.76, 102.76, 102.98, 2050]
['2019-03-28 12:09:00', 102.955, 102.955, 102.955, 102.955, 100]
['2019-03-28 12:08:00', 102.96, 103.0, 102.96, 103.025, 400]
['2019-03-28 12:07:00', 102.94, 103.01, 102.94, 103.01, 282]
['2019-03-28 12:06:00', 103.0, 103.0, 103.0, 103.0, 164]
['2019-03-28 12:04:00', 102.94, 103.0, 102.94, 103.0, 404]
['2019-03-28 12:03:00', 103.01, 103.01, 103.01, 103.01, 200]
['2019-03-28 12:02:00', 103.01, 103.01, 103.01, 103.01, 200]
['2019-03-28 12:01:00', 103.01, 103.03, 102.92, 103.04, 1365]
['2019-03-28 12:00:00', 102.93, 102.995, 102.93, 102.995, 207]
['2019-03-28 11:59:00', 102.93, 102.95, 102.93, 102.95, 611]
['2019-03-28 11:58:00', 102.88, 102.925, 102.88, 102.925, 317]
['2019-03-28 11:57:00', 102.98, 102.9, 102.9, 102.98, 305]
['2019-03-28 11:56:00', 102.96, 103.0, 102.96, 103.0, 350]
['2019-03-28 11:55:00', 102.92, 102.92, 102.92, 102.92, 100]
['2019-03-28 11:54:00', 102.89, 102.9, 102.81, 102.91, 834]
['2019-03-28 11:53:00', 102.925, 102.87, 102.87, 102.925, 305]
['2019-03-28 11:52:00', 102.99, 102.925, 102.925, 102.99, 1042]
['2019-03-28 11:49:00', 103.05, 103.0, 102.99, 103.05, 718]
['2019-03-28 11:48:00', 102.86, 102.94, 102.86, 102.94, 465]
['2019-03-28 11:44:00', 102.71, 102.73, 102.71, 102.77, 848]
['2019-03-28 11:43:00', 102.72, 102.67, 102.67, 102.72, 934]
['2019-03-28 11:42:00', 102.745, 102.73, 102.73, 102.78, 552]
['2019-03-28 11:40:00', 102.7, 102.75, 102.7, 102.75, 359]
['2019-03-28 11:39:00', 102.665, 102.63, 102.63, 102.665, 417]
['2019-03-28 11:38:00', 102.62, 102.66, 102.605, 102.68, 1206]
['2019-03-28 11:37:00', 102.63, 102.63, 102.625, 102.63, 626]
['2019-03-28 11:36:00', 102.67, 102.67, 102.665, 102.67, 518]
['2019-03-28 11:34:00', 102.58, 102.66, 102.58, 102.66, 823]
['2019-03-28 11:32:00', 102.45, 102.45, 102.45, 102.45, 239]
['2019-03-28 11:31:00', 102.45, 102.38, 102.38, 102.46, 512]
['2019-03-28 11:29:00', 102.42, 102.41, 102.37, 102.42, 748]
['2019-03-28 11:28:00', 102.42, 102.46, 102.42, 102.46, 529]
['2019-03-28 11:27:00', 102.43, 102.43, 102.43, 102.43, 403]
['2019-03-28 11:26:00', 102.5102, 102.47, 102.47, 102.5102, 1510]
['2019-03-28 11:25:00', 102.48, 102.48, 102.48, 102.48, 100]
['2019-03-28 11:24:00', 102.49, 102.49, 102.49, 102.49, 339]
['2019-03-28 11:23:00', 102.7, 102.605, 102.605, 102.7599, 786]
['2019-03-28 11:22:00', 102.7, 102.7, 102.7, 102.7, 200]
['2019-03-28 11:21:00', 102.74, 102.73, 102.73, 102.74, 241]
['2019-03-28 11:20:00', 102.7, 102.7, 102.7, 102.7, 100]
['2019-03-28 11:19:00', 102.86, 102.81, 102.8, 102.86, 604]
['2019-03-28 11:18:00', 102.87, 102.87, 102.87, 102.87, 184]
['2019-03-28 11:16:00', 102.925, 102.925, 102.925, 102.925, 232]
['2019-03-28 11:15:00', 102.87, 102.93, 102.87, 102.94, 622]
['2019-03-28 11:14:00', 102.86, 102.9049, 102.86, 102.9049, 505]
['2019-03-28 11:13:00', 103.065, 102.98, 102.98, 103.065, 1149]
['2019-03-28 11:12:00', 102.96, 103.105, 102.96, 103.105, 1147]
['2019-03-28 11:11:00', 102.95, 102.91, 102.91, 102.97, 1437]
['2019-03-28 11:10:00', 102.87, 102.92, 102.87, 102.92, 921]
['2019-03-28 11:07:00', 102.72, 102.82, 102.6, 102.82, 912]
['2019-03-28 11:06:00', 102.84, 102.79, 102.79, 102.87, 770]
['2019-03-28 11:05:00', 102.77, 102.87, 102.76, 102.87, 1408]
['2019-03-28 11:04:00', 102.72, 102.72, 102.72, 102.72, 209]
['2019-03-28 11:03:00', 102.81, 102.75, 102.75, 102.81, 809]
['2019-03-28 11:02:00', 102.9, 102.83, 102.83, 102.9, 407]
['2019-03-28 11:01:00', 102.91, 102.96, 102.91, 103.03, 1204]
['2019-03-28 10:59:00', 103.14, 103.13, 103.13, 103.14, 669]
['2019-03-28 10:58:00', 103.19, 103.19, 103.19, 103.19, 129]
['2019-03-28 10:57:00', 103.25, 103.19, 103.18, 103.29, 716]
['2019-03-28 10:56:00', 103.24, 103.25, 103.24, 103.25, 913]
['2019-03-28 10:55:00', 103.33, 103.23, 103.18, 103.33, 1007]
['2019-03-28 10:54:00', 103.31, 103.31, 103.31, 103.31, 303]
['2019-03-28 10:51:00', 103.49, 103.49, 103.49, 103.49, 627]
['2019-03-28 10:50:00', 103.57, 103.56, 103.56, 103.57, 595]
['2019-03-28 10:49:00', 103.5, 103.57, 103.5, 103.57, 519]
['2019-03-28 10:48:00', 103.51, 103.555, 103.51, 103.58, 855]
['2019-03-28 10:47:00', 103.51, 103.55, 103.51, 103.55, 25421]
['2019-03-28 10:46:00', 103.51, 103.51, 103.51, 103.51, 211]
['2019-03-28 10:45:00', 103.61, 103.485, 103.485, 103.61, 633]
['2019-03-28 10:44:00', 103.665, 103.665, 103.665, 103.665, 1044]
['2019-03-28 10:42:00', 103.59, 103.61, 103.59, 103.61, 316]
['2019-03-28 10:41:00', 103.505, 103.52, 103.505, 103.52, 280]
['2019-03-28 10:39:00', 103.61, 103.54, 103.54, 103.61, 725]
['2019-03-28 10:38:00', 103.6, 103.61, 103.6, 103.61, 435]
['2019-03-28 10:37:00', 103.67, 103.63, 103.63, 103.67, 449]
['2019-03-28 10:36:00', 103.65, 103.65, 103.65, 103.65, 124]
['2019-03-28 10:35:00', 103.63, 103.67, 103.63, 103.71, 914]
['2019-03-28 10:34:00', 103.69, 103.53, 103.53, 103.69, 1517]
['2019-03-28 10:32:00', 103.59, 103.6, 103.59, 103.6, 483]
['2019-03-28 10:31:00', 103.69, 103.7, 103.69, 103.7, 338]
['2019-03-28 10:29:00', 103.73, 103.63, 103.63, 103.73, 405]
['2019-03-28 10:28:00', 103.62, 103.62, 103.62, 103.62, 107]
['2019-03-28 10:27:00', 103.53, 103.53, 103.53, 103.53, 500]
['2019-03-28 10:26:00', 103.71, 103.58, 103.58, 103.71, 303]
['2019-03-28 10:25:00', 103.86, 103.78, 103.73, 103.86, 1402]
['2019-03-28 10:24:00', 104.015, 103.88, 103.88, 104.015, 1659]
['2019-03-28 10:23:00', 103.885, 103.97, 103.885, 103.97, 501]
['2019-03-28 10:22:00', 103.84, 103.84, 103.84, 103.84, 119]
['2019-03-28 10:21:00', 103.805, 103.87, 103.78, 103.87, 1003]
['2019-03-28 10:19:00', 103.99, 103.83, 103.83, 103.99, 1229]
['2019-03-28 10:16:00', 103.94, 103.94, 103.94, 103.94, 334]
['2019-03-28 10:15:00', 104.08, 103.92, 103.92, 104.08, 431]
['2019-03-28 10:14:00', 104.11, 104.05, 104.05, 104.12, 803]
['2019-03-28 10:13:00', 104.13, 103.99, 103.99, 104.13, 1103]
['2019-03-28 10:12:00', 104.09, 104.03, 104.03, 104.09, 911]
['2019-03-28 10:11:00', 104.09, 104.09, 104.09, 104.09, 200]
['2019-03-28 10:08:00', 104.07, 104.07, 104.07, 104.07, 602]
['2019-03-28 10:07:00', 104.11, 104.11, 104.11, 104.11, 134]
['2019-03-28 10:06:00', 104.14, 104.14, 104.14, 104.14, 493]
['2019-03-28 10:04:00', 104.02, 103.92, 103.92, 104.05, 1259]
['2019-03-28 10:02:00', 103.77, 103.77, 103.77, 103.77, 499]
['2019-03-28 10:01:00', 103.77, 103.77, 103.77, 103.77, 154]
['2019-03-28 10:00:00', 103.6, 103.6, 103.6, 103.6, 147]
['2019-03-28 09:59:00', 103.64, 103.64, 103.64, 103.64, 323]
['2019-03-28 09:58:00', 103.54, 103.54, 103.54, 103.54, 159]
['2019-03-28 09:55:00', 103.8, 103.55, 103.55, 103.8, 1080]
['2019-03-28 09:54:00', 103.82, 103.82, 103.82, 103.82, 100]
['2019-03-28 09:52:00', 103.79, 103.79, 103.79, 103.79, 105]
['2019-03-28 09:51:00', 103.79, 103.79, 103.79, 103.79, 129]
['2019-03-28 09:50:00', 103.71, 103.79, 103.71, 103.79, 496]
['2019-03-28 09:48:00', 103.455, 103.625, 103.45, 103.625, 561]
['2019-03-28 09:47:00', 102.98, 102.98, 102.98, 102.98, 100]
['2019-03-28 09:45:00', 103.19, 103.445, 103.19, 103.445, 572]
['2019-03-28 09:43:00', 103.19, 103.19, 103.19, 103.19, 507]
['2019-03-28 09:41:00', 103.25, 103.19, 103.19, 103.25, 604]
['2019-03-28 09:38:00', 103.515, 103.19, 103.19, 103.57, 954]
['2019-03-28 09:36:00', 102.8, 103.32, 102.8, 103.32, 2451]
['2019-03-28 09:35:00', 103.125, 102.97, 102.55, 103.125, 2182]
['2019-03-28 09:34:00', 102.685, 102.685, 102.685, 102.685, 122]
['2019-03-28 09:33:00', 103.45, 103.5, 102.585, 103.57, 1054]
['2019-03-28 09:32:00', 102.89, 103.455, 102.89, 103.455, 200]
['2019-03-28 09:31:00', 102.87, 102.87, 102.87, 102.87, 1049]
['2019-03-27 16:00:00', 102.68, 102.72, 102.68, 102.72, 3384]
['2019-03-27 15:59:00', 102.65, 102.69, 102.65, 102.69, 2453]
['2019-03-27 15:58:00', 102.73, 102.7, 102.69, 102.73, 1966]
['2019-03-27 15:57:00', 102.74, 102.73, 102.72, 102.74, 1332]
['2019-03-27 15:56:00', 102.68, 102.72, 102.68, 102.74, 2754]
['2019-03-27 15:55:00', 102.81, 102.7, 102.7, 102.84, 3670]
['2019-03-27 15:54:00', 102.92, 102.82, 102.82, 102.92, 1814]
['2019-03-27 15:53:00', 103.0, 102.93, 102.93, 103.01, 3872]
['2019-03-27 15:52:00', 102.995, 103.0, 102.995, 103.02, 3534]
['2019-03-27 15:51:00', 102.92, 103.0, 102.89, 103.0, 5794]
['2019-03-27 15:50:00', 102.92, 102.92, 102.92, 102.94, 2966]
['2019-03-27 15:49:00', 102.9, 102.92, 102.89, 102.92, 2334]
['2019-03-27 15:48:00', 102.94, 102.89, 102.89, 102.94, 518]
['2019-03-27 15:47:00', 102.98, 102.935, 102.935, 103.0, 2279]
['2019-03-27 15:46:00', 102.95, 102.98, 102.94, 102.99, 3239]
['2019-03-27 15:45:00', 102.92, 102.96, 102.92, 102.96, 3236]
['2019-03-27 15:44:00', 102.86, 102.92, 102.86, 102.92, 1312]
['2019-03-27 15:43:00', 102.89, 102.86, 102.86, 102.89, 723]
['2019-03-27 15:42:00', 102.85, 102.86, 102.85, 102.87, 1026]
['2019-03-27 15:41:00', 102.84, 102.85, 102.84, 102.87, 1520]
['2019-03-27 15:40:00', 102.81, 102.82, 102.81, 102.85, 949]
['2019-03-27 15:38:00', 102.81, 102.81, 102.79, 102.84, 2037]
['2019-03-27 15:37:00', 102.85, 102.82, 102.82, 102.85, 671]
['2019-03-27 15:36:00', 102.83, 102.89, 102.82, 102.89, 1793]
['2019-03-27 15:35:00', 102.84, 102.83, 102.83, 102.85, 1370]
['2019-03-27 15:34:00', 102.79, 102.82, 102.78, 102.84, 1173]
['2019-03-27 15:33:00', 102.76, 102.81, 102.76, 102.81, 764]
['2019-03-27 15:32:00', 102.81, 102.81, 102.81, 102.85, 3099]
['2019-03-27 15:31:00', 102.81, 102.81, 102.78, 102.84, 3157]
['2019-03-27 15:30:00', 102.73, 102.71, 102.71, 102.74, 1089]
['2019-03-27 15:29:00', 102.68, 102.685, 102.655, 102.685, 1025]
['2019-03-27 15:28:00', 102.7, 102.7, 102.7, 102.7, 652]
['2019-03-27 15:27:00', 102.75, 102.68, 102.67, 102.76, 2143]
['2019-03-27 15:26:00', 102.68, 102.7, 102.68, 102.7, 841]
['2019-03-27 15:25:00', 102.68, 102.71, 102.68, 102.71, 612]
['2019-03-27 15:24:00', 102.69, 102.68, 102.68, 102.76, 3003]
['2019-03-27 15:23:00', 102.65, 102.66, 102.64, 102.7, 1413]
['2019-03-27 15:22:00', 102.62, 102.62, 102.62, 102.62, 359]
['2019-03-27 15:21:00', 102.66, 102.59, 102.59, 102.66, 1354]
['2019-03-27 15:20:00', 102.655, 102.68, 102.655, 102.68, 2441]
['2019-03-27 15:19:00', 102.58, 102.59, 102.58, 102.59, 353]
['2019-03-27 15:18:00', 102.64, 102.56, 102.56, 102.64, 2033]
['2019-03-27 15:16:00', 102.57, 102.56, 102.56, 102.57, 1839]
['2019-03-27 15:15:00', 102.53, 102.64, 102.53, 102.64, 410]
['2019-03-27 15:14:00', 102.5, 102.52, 102.5, 102.52, 230]
['2019-03-27 15:13:00', 102.55, 102.5, 102.5, 102.55, 644]
['2019-03-27 15:12:00', 102.57, 102.55, 102.55, 102.57, 486]
['2019-03-27 15:11:00', 102.52, 102.51, 102.51, 102.52, 257]
['2019-03-27 15:10:00', 102.52, 102.52, 102.49, 102.53, 767]
['2019-03-27 15:09:00', 102.59, 102.57, 102.57, 102.59, 1402]
['2019-03-27 15:08:00', 102.62, 102.62, 102.62, 102.62, 121]
['2019-03-27 15:07:00', 102.65, 102.61, 102.61, 102.655, 1162]
['2019-03-27 15:06:00', 102.62, 102.66, 102.615, 102.66, 2392]
['2019-03-27 15:05:00', 102.62, 102.62, 102.62, 102.62, 501]
['2019-03-27 15:03:00', 102.63, 102.63, 102.63, 102.63, 253]
['2019-03-27 15:02:00', 102.63, 102.67, 102.63, 102.67, 1560]
['2019-03-27 15:01:00', 102.65, 102.6, 102.58, 102.65, 1745]
['2019-03-27 15:00:00', 102.6, 102.66, 102.6, 102.66, 510]
['2019-03-27 14:59:00', 102.57, 102.62, 102.57, 102.65, 528]
['2019-03-27 14:58:00', 102.58, 102.59, 102.58, 102.625, 1987]
['2019-03-27 14:57:00', 102.55, 102.55, 102.55, 102.55, 325]
['2019-03-27 14:56:00', 102.61, 102.59, 102.58, 102.64, 3323]
['2019-03-27 14:55:00', 102.53, 102.6, 102.53, 102.6, 582]
['2019-03-27 14:54:00', 102.59, 102.59, 102.59, 102.59, 206]
['2019-03-27 14:53:00', 102.52, 102.54, 102.52, 102.54, 858]
['2019-03-27 14:52:00', 102.52, 102.6, 102.52, 102.6, 2009]
['2019-03-27 14:51:00', 102.4, 102.48, 102.4, 102.48, 847]
['2019-03-27 14:50:00', 102.405, 102.38, 102.38, 102.405, 202]
['2019-03-27 14:48:00', 102.3793, 102.39, 102.34, 102.39, 881]
['2019-03-27 14:46:00', 102.365, 102.36, 102.36, 102.365, 584]
['2019-03-27 14:45:00', 102.31, 102.31, 102.31, 102.31, 122]
['2019-03-27 14:43:00', 102.34, 102.37, 102.32, 102.37, 1731]
['2019-03-27 14:42:00', 102.39, 102.35, 102.35, 102.39, 582]
['2019-03-27 14:41:00', 102.38, 102.4, 102.37, 102.41, 967]
['2019-03-27 14:39:00', 102.53, 102.45, 102.45, 102.53, 2054]
['2019-03-27 14:38:00', 102.56, 102.56, 102.56, 102.56, 700]
['2019-03-27 14:37:00', 102.53, 102.55, 102.51, 102.56, 613]
['2019-03-27 14:36:00', 102.46, 102.46, 102.46, 102.46, 208]
['2019-03-27 14:35:00', 102.54, 102.54, 102.54, 102.54, 245]
['2019-03-27 14:34:00', 102.58, 102.55, 102.55, 102.58, 600]
['2019-03-27 14:33:00', 102.61, 102.61, 102.61, 102.61, 374]
['2019-03-27 14:32:00', 102.64, 102.66, 102.64, 102.67, 1067]
['2019-03-27 14:30:00', 102.64, 102.64, 102.64, 102.64, 586]
['2019-03-27 14:27:00', 102.71, 102.66, 102.66, 102.71, 567]
['2019-03-27 14:26:00', 102.48, 102.73, 102.48, 102.73, 7248]
['2019-03-27 14:25:00', 102.48, 102.46, 102.46, 102.48, 498]
['2019-03-27 14:23:00', 102.42, 102.42, 102.42, 102.42, 452]
['2019-03-27 14:22:00', 102.4, 102.4, 102.4, 102.4, 402]
['2019-03-27 14:21:00', 102.4, 102.4, 102.4, 102.41, 411]
['2019-03-27 14:19:00', 102.395, 102.4, 102.395, 102.4, 1335]
['2019-03-27 14:17:00', 102.42, 102.42, 102.42, 102.42, 296]
['2019-03-27 14:16:00', 102.46, 102.46, 102.46, 102.46, 121]
['2019-03-27 14:14:00', 102.56, 102.57, 102.56, 102.57, 434]
['2019-03-27 14:13:00', 102.58, 102.52, 102.5, 102.58, 503]
['2019-03-27 14:12:00', 102.51, 102.6, 102.51, 102.6, 1514]
['2019-03-27 14:11:00', 102.45, 102.45, 102.45, 102.45, 200]
['2019-03-27 14:10:00', 102.485, 102.485, 102.485, 102.485, 388]
['2019-03-27 14:09:00', 102.57, 102.51, 102.51, 102.57, 434]
['2019-03-27 14:08:00', 102.58, 102.6, 102.55, 102.6, 624]
['2019-03-27 14:06:00', 102.71, 102.64, 102.64, 102.71, 976]
['2019-03-27 14:05:00', 102.73, 102.72, 102.72, 102.74, 600]
['2019-03-27 14:03:00', 102.67, 102.67, 102.67, 102.67, 548]
['2019-03-27 14:02:00', 102.64, 102.64, 102.64, 102.64, 200]
['2019-03-27 14:01:00', 102.65, 102.64, 102.64, 102.65, 446]
['2019-03-27 14:00:00', 102.63, 102.66, 102.63, 102.66, 416]
['2019-03-27 13:59:00', 102.66, 102.7, 102.66, 102.7, 729]
['2019-03-27 13:54:00', 102.68, 102.67, 102.67, 102.68, 839]
['2019-03-27 13:53:00', 102.76, 102.72, 102.72, 102.76, 274]
['2019-03-27 13:52:00', 102.6974, 102.72, 102.6974, 102.72, 527]
['2019-03-27 13:51:00', 102.65, 102.65, 102.65, 102.65, 200]
['2019-03-27 13:50:00', 102.72, 102.6674, 102.65, 102.72, 1061]
['2019-03-27 13:48:00', 102.665, 102.665, 102.665, 102.665, 352]
['2019-03-27 13:47:00', 102.655, 102.69, 102.655, 102.69, 200]
['2019-03-27 13:46:00', 102.71, 102.7, 102.7, 102.71, 701]
['2019-03-27 13:44:00', 102.51, 102.48, 102.48, 102.52, 885]
['2019-03-27 13:42:00', 102.46, 102.46, 102.46, 102.46, 590]
['2019-03-27 13:39:00', 102.39, 102.39, 102.39, 102.39, 308]
['2019-03-27 13:38:00', 102.39, 102.38, 102.38, 102.39, 1984]
['2019-03-27 13:37:00', 102.41, 102.41, 102.34, 102.43, 4661]
['2019-03-27 13:36:00', 102.27, 102.4, 102.23, 102.4, 5149]
['2019-03-27 13:35:00', 102.23, 102.23, 102.23, 102.23, 400]
['2019-03-27 13:34:00', 102.21, 102.21, 102.21, 102.21, 152]
['2019-03-27 13:33:00', 102.18, 102.21, 102.18, 102.21, 573]
['2019-03-27 13:32:00', 102.26, 102.22, 102.22, 102.26, 154626]
['2019-03-27 13:31:00', 102.33, 102.33, 102.33, 102.33, 0]
['2019-03-27 13:30:00', 102.31, 102.29, 102.29, 102.31, 872]
['2019-03-27 13:28:00', 102.36, 102.36, 102.36, 102.36, 298]
['2019-03-27 13:26:00', 102.35, 102.37, 102.35, 102.37, 529]
['2019-03-27 13:25:00', 102.31, 102.31, 102.31, 102.31, 100]
['2019-03-27 13:24:00', 102.23, 102.23, 102.23, 102.23, 415]
['2019-03-27 13:23:00', 102.29, 102.19, 102.18, 102.29, 1863]
['2019-03-27 13:22:00', 102.08, 102.23, 102.08, 102.23, 3701]
['2019-03-27 13:21:00', 102.08, 102.08, 102.08, 102.08, 500]
['2019-03-27 13:20:00', 102.07, 102.07, 102.07, 102.07, 313]
['2019-03-27 13:19:00', 102.09, 102.06, 102.06, 102.09, 321]
['2019-03-27 13:18:00', 102.15, 102.14, 102.14, 102.175, 613]
['2019-03-27 13:17:00', 102.15, 102.21, 102.15, 102.22, 1292]
['2019-03-27 13:16:00', 102.09, 102.09, 102.09, 102.09, 238]
['2019-03-27 13:14:00', 102.01, 102.055, 102.01, 102.12, 1428]
['2019-03-27 13:11:00', 101.82, 101.95, 101.82, 101.95, 544]
['2019-03-27 13:10:00', 101.79, 101.79, 101.79, 101.79, 197]
['2019-03-27 13:08:00', 101.95, 101.85, 101.85, 101.95, 976]
['2019-03-27 13:07:00', 101.965, 101.89, 101.89, 101.965, 418]
['2019-03-27 13:06:00', 101.93, 101.93, 101.93, 101.93, 126]
['2019-03-27 13:05:00', 101.9, 101.9, 101.9, 101.9, 326]
['2019-03-27 13:04:00', 101.95, 101.95, 101.95, 101.95, 411]
['2019-03-27 13:02:00', 101.94, 102.0, 101.93, 102.0, 464]
['2019-03-27 13:00:00', 102.04, 102.04, 102.04, 102.04, 360]
['2019-03-27 12:58:00', 102.05, 102.05, 102.05, 102.05, 100]
['2019-03-27 12:56:00', 102.04, 102.12, 102.01, 102.27, 9642]
['2019-03-27 12:53:00', 102.02, 102.03, 102.01, 102.03, 813]
['2019-03-27 12:51:00', 102.06, 101.96, 101.96, 102.06, 740]
['2019-03-27 12:50:00', 102.06, 102.06, 102.06, 102.06, 100]
['2019-03-27 12:49:00', 102.02, 102.01, 102.01, 102.02, 325]
['2019-03-27 12:47:00', 102.04, 102.04, 102.04, 102.04, 308]
['2019-03-27 12:46:00', 101.98, 102.01, 101.98, 102.14, 2891]
['2019-03-27 12:45:00', 101.93, 101.93, 101.93, 101.93, 372]
['2019-03-27 12:44:00', 101.82, 101.92, 101.82, 101.92, 307]
['2019-03-27 12:41:00', 101.8415, 101.86, 101.8415, 101.86, 733]
['2019-03-27 12:40:00', 101.92, 101.95, 101.92, 101.95, 647]
['2019-03-27 12:39:00', 101.91, 101.945, 101.91, 101.97, 951]
['2019-03-27 12:38:00', 101.85, 101.91, 101.85, 101.91, 331]
['2019-03-27 12:37:00', 101.89, 101.87, 101.85, 101.89, 684]
['2019-03-27 12:36:00', 101.84, 101.89, 101.8, 101.89, 1212]
['2019-03-27 12:35:00', 101.845, 101.845, 101.845, 101.845, 165]
['2019-03-27 12:34:00', 101.81, 101.81, 101.8, 101.82, 2275]
['2019-03-27 12:33:00', 101.7, 101.81, 101.7, 101.82, 3255]
['2019-03-27 12:32:00', 101.72, 101.71, 101.71, 101.72, 663]
['2019-03-27 12:30:00', 101.67, 101.67, 101.67, 101.7251, 838]
['2019-03-27 12:29:00', 101.648, 101.648, 101.648, 101.648, 174]
['2019-03-27 12:28:00', 101.6, 101.6, 101.6, 101.6, 168]
['2019-03-27 12:27:00', 101.51, 101.51, 101.51, 101.51, 190]
['2019-03-27 12:24:00', 101.59, 101.59, 101.59, 101.59, 499]
['2019-03-27 12:23:00', 101.615, 101.61, 101.61, 101.615, 222]
['2019-03-27 12:22:00', 101.68, 101.68, 101.68, 101.68, 527]
['2019-03-27 12:21:00', 101.55, 101.615, 101.55, 101.615, 864]
['2019-03-27 12:20:00', 101.5, 101.45, 101.405, 101.5, 771]
['2019-03-27 12:19:00', 101.58, 101.58, 101.58, 101.58, 329]
['2019-03-27 12:18:00', 101.68, 101.58, 101.58, 101.68, 854]
['2019-03-27 12:17:00', 101.68, 101.62, 101.62, 101.73, 2034]
['2019-03-27 12:16:00', 101.67, 101.67, 101.67, 101.67, 264]
['2019-03-27 12:15:00', 101.61, 101.63, 101.61, 101.66, 981]
['2019-03-27 12:14:00', 101.59, 101.68, 101.59, 101.68, 1987]
['2019-03-27 12:10:00', 101.66, 101.6, 101.6, 101.66, 782]
['2019-03-27 12:07:00', 101.57, 101.6, 101.56, 101.6, 1172]
['2019-03-27 12:06:00', 101.56, 101.57, 101.525, 101.57, 1124]
['2019-03-27 12:04:00', 101.41, 101.41, 101.41, 101.41, 1181]
['2019-03-27 12:02:00', 101.39, 101.39, 101.39, 101.39, 1421]
['2019-03-27 12:01:00', 101.275, 101.275, 101.275, 101.275, 301]
['2019-03-27 12:00:00', 101.33, 101.26, 101.26, 101.33, 379]
['2019-03-27 11:58:00', 101.325, 101.36, 101.325, 101.38, 1373]
['2019-03-27 11:56:00', 101.22, 101.26, 101.22, 101.26, 665]
['2019-03-27 11:55:00', 101.11, 101.17, 101.11, 101.17, 615]
['2019-03-27 11:54:00', 101.07, 101.07, 101.07, 101.07, 162]
['2019-03-27 11:53:00', 101.31, 101.21, 101.21, 101.31, 546]
['2019-03-27 11:52:00', 101.35, 101.36, 101.35, 101.39, 990]
['2019-03-27 11:51:00', 101.18, 101.32, 101.18, 101.32, 543]
['2019-03-27 11:50:00', 101.17, 101.2, 101.17, 101.2, 733]
['2019-03-27 11:49:00', 101.25, 101.25, 101.25, 101.25, 234]
['2019-03-27 11:48:00', 101.26, 101.26, 101.26, 101.26, 304]
['2019-03-27 11:47:00', 101.35, 101.35, 101.35, 101.35, 360]
['2019-03-27 11:46:00', 101.29, 101.34, 101.29, 101.34, 614]
['2019-03-27 11:45:00', 101.31, 101.3, 101.3, 101.31, 206]
['2019-03-27 11:44:00', 101.345, 101.345, 101.345, 101.345, 100]
['2019-03-27 11:43:00', 101.47, 101.5, 101.47, 101.5, 798]
['2019-03-27 11:42:00', 101.6, 101.59, 101.59, 101.6, 385]
['2019-03-27 11:41:00', 101.63, 101.63, 101.63, 101.63, 117]
['2019-03-27 11:40:00', 101.42, 101.38, 101.37, 101.42, 765]
['2019-03-27 11:39:00', 101.37, 101.43, 101.33, 101.43, 1448]
['2019-03-27 11:36:00', 101.27, 101.26, 101.26, 101.3, 1196]
['2019-03-27 11:35:00', 101.315, 101.32, 101.315, 101.32, 664]
['2019-03-27 11:34:00', 101.43, 101.4577, 101.43, 101.4577, 517]
['2019-03-27 11:32:00', 101.45, 101.56, 101.45, 101.56, 1906]
['2019-03-27 11:31:00', 101.47, 101.49, 101.47, 101.49, 647]
['2019-03-27 11:30:00', 101.35, 101.45, 101.35, 101.49, 1561]
['2019-03-27 11:29:00', 101.55, 101.47, 101.47, 101.55, 438]
['2019-03-27 11:28:00', 101.705, 101.65, 101.64, 101.71, 1101]
['2019-03-27 11:27:00', 101.86, 101.815, 101.815, 101.86, 646]
['2019-03-27 11:26:00', 101.93, 101.93, 101.93, 101.93, 528]
['2019-03-27 11:25:00', 101.81, 101.92, 101.81, 101.93, 2530]
['2019-03-27 11:24:00', 101.82, 101.79, 101.79, 101.82, 469]
['2019-03-27 11:22:00', 101.89, 101.89, 101.89, 101.89, 535]
['2019-03-27 11:21:00', 101.84, 101.88, 101.84, 101.88, 333]
['2019-03-27 11:20:00', 101.87, 101.79, 101.79, 101.87, 696]
['2019-03-27 11:19:00', 101.84, 101.85, 101.84, 101.85, 422]
['2019-03-27 11:18:00', 101.86, 101.845, 101.8401, 101.91, 1303]
['2019-03-27 11:17:00', 101.91, 101.82, 101.82, 101.91, 2024]
['2019-03-27 11:16:00', 101.9, 101.9, 101.9, 101.9, 164]
['2019-03-27 11:15:00', 101.94, 101.94, 101.94, 101.94, 110]
['2019-03-27 11:14:00', 102.06, 101.94, 101.94, 102.07, 3827]
['2019-03-27 11:13:00', 102.14, 102.14, 102.14, 102.14, 306]
['2019-03-27 11:12:00', 102.3, 102.26, 102.25, 102.3, 738]
['2019-03-27 11:10:00', 102.34, 102.29, 102.29, 102.34, 1039]
['2019-03-27 11:09:00', 102.49, 102.485, 102.48, 102.49, 806]
['2019-03-27 11:08:00', 102.5, 102.49, 102.49, 102.54, 919]
['2019-03-27 11:07:00', 102.52, 102.5001, 102.5, 102.52, 2455]
['2019-03-27 11:06:00', 102.55, 102.53, 102.53, 102.55, 509]
['2019-03-27 11:05:00', 102.67, 102.66, 102.66, 102.67, 473]
['2019-03-27 11:04:00', 102.73, 102.76, 102.65, 102.76, 1449]
['2019-03-27 11:03:00', 102.78, 102.74, 102.74, 102.82, 1515]
['2019-03-27 11:02:00', 102.74, 102.74, 102.74, 102.74, 345]
['2019-03-27 11:00:00', 102.69, 102.685, 102.685, 102.69, 374]
['2019-03-27 10:59:00', 102.715, 102.69, 102.69, 102.79, 1101]
['2019-03-27 10:58:00', 102.55, 102.64, 102.55, 102.69, 2294]
['2019-03-27 10:57:00', 102.58, 102.5325, 102.52, 102.58, 1238]
['2019-03-27 10:55:00', 102.78, 102.66, 102.66, 102.78, 2059]
['2019-03-27 10:54:00', 102.76, 102.755, 102.755, 102.76, 338]
['2019-03-27 10:53:00', 102.79, 102.76, 102.72, 102.79, 932]
['2019-03-27 10:52:00', 102.85, 102.8, 102.8, 102.85, 425]
['2019-03-27 10:51:00', 102.735, 102.74, 102.735, 102.76, 1162]
['2019-03-27 10:50:00', 102.81, 102.86, 102.81, 102.86, 435]
['2019-03-27 10:48:00', 102.74, 102.74, 102.74, 102.74, 250]
['2019-03-27 10:47:00', 102.71, 102.76, 102.71, 102.8, 1068]
['2019-03-27 10:46:00', 102.85, 102.8, 102.8, 102.92, 2572]
['2019-03-27 10:45:00', 102.875, 102.96, 102.875, 102.96, 881]
['2019-03-27 10:44:00', 102.87, 102.87, 102.865, 102.87, 564]
['2019-03-27 10:43:00', 102.93, 102.935, 102.91, 102.935, 613]
['2019-03-27 10:42:00', 103.07, 103.04, 103.04, 103.08, 761]
['2019-03-27 10:41:00', 103.02, 103.02, 103.02, 103.02, 302]
['2019-03-27 10:37:00', 103.02, 103.02, 103.02, 103.02, 531]
['2019-03-27 10:36:00', 103.07, 103.14, 103.065, 103.14, 1257]
['2019-03-27 10:35:00', 102.93, 102.93, 102.93, 102.93, 100]
['2019-03-27 10:34:00', 102.98, 102.96, 102.96, 102.99, 971]
['2019-03-27 10:33:00', 103.05, 102.97, 102.97, 103.05, 988]
['2019-03-27 10:32:00', 103.05, 103.05, 103.05, 103.05, 357]
['2019-03-27 10:31:00', 103.085, 103.05, 103.05, 103.085, 444]
['2019-03-27 10:30:00', 103.18, 103.18, 103.18, 103.18, 110]
['2019-03-27 10:29:00', 103.11, 103.14, 103.11, 103.14, 314]
['2019-03-27 10:28:00', 103.01, 103.01, 103.01, 103.01, 248]
['2019-03-27 10:27:00', 103.08, 103.08, 103.08, 103.08, 713]
['2019-03-27 10:25:00', 103.2, 103.2, 103.2, 103.2, 539]
['2019-03-27 10:24:00', 103.115, 103.115, 103.115, 103.115, 110]
['2019-03-27 10:23:00', 103.09, 103.09, 103.09, 103.09, 366]
['2019-03-27 10:22:00', 103.13, 103.14, 103.13, 103.14, 422]
['2019-03-27 10:20:00', 103.04, 103.13, 103.04, 103.13, 466]
['2019-03-27 10:19:00', 103.03, 103.07, 103.03, 103.07, 748]
['2019-03-27 10:18:00', 103.03, 103.03, 103.03, 103.03, 125]
['2019-03-27 10:16:00', 102.89, 102.89, 102.89, 102.89, 254]
['2019-03-27 10:14:00', 102.98, 103.0, 102.98, 103.0, 484]
['2019-03-27 10:13:00', 102.85, 102.9, 102.83, 102.9, 558]
['2019-03-27 10:12:00', 102.95, 102.81, 102.8, 102.95, 1737]
['2019-03-27 10:11:00', 102.87, 102.86, 102.86, 102.9, 1582]
['2019-03-27 10:09:00', 103.1, 102.96, 102.928, 103.1, 1084]
['2019-03-27 10:06:00', 103.07, 103.16, 103.07, 103.16, 591]
['2019-03-27 10:05:00', 103.23, 103.15, 103.15, 103.23, 578]
['2019-03-27 10:04:00', 103.23, 103.23, 103.23, 103.23, 1126]
['2019-03-27 10:03:00', 103.27, 103.3, 103.27, 103.3, 410]
['2019-03-27 10:00:00', 103.27, 103.27, 103.27, 103.27, 144]
['2019-03-27 09:57:00', 103.27, 103.27, 103.27, 103.27, 217]
['2019-03-27 09:56:00', 103.17, 103.27, 103.135, 103.28, 924]
['2019-03-27 09:54:00', 103.41, 103.41, 103.41, 103.465, 1314]
['2019-03-27 09:52:00', 103.275, 103.39, 103.17, 103.39, 1132]
['2019-03-27 09:51:00', 103.05, 103.22, 103.05, 103.22, 775]
['2019-03-27 09:50:00', 103.07, 103.14, 103.07, 103.14, 566]
['2019-03-27 09:49:00', 103.09, 103.09, 103.09, 103.09, 200]
['2019-03-27 09:48:00', 103.55, 103.24, 103.24, 103.55, 3422]
['2019-03-27 09:47:00', 103.41, 103.46, 103.41, 103.46, 427]
['2019-03-27 09:46:00', 103.225, 103.29, 103.225, 103.32, 3998]
['2019-03-27 09:45:00', 103.53, 103.42, 103.42, 103.53, 500]
['2019-03-27 09:44:00', 103.63, 103.63, 103.63, 103.63, 203]
['2019-03-27 09:43:00', 103.63, 103.63, 103.63, 103.63, 300]
['2019-03-27 09:38:00', 103.385, 103.385, 103.385, 103.385, 342]
['2019-03-27 09:35:00', 103.97, 103.84, 103.84, 103.97, 961]
['2019-03-27 09:31:00', 103.89, 103.96, 103.89, 103.96, 900]
['2019-03-26 16:00:00', 103.84, 103.83, 103.83, 103.84, 2794]
['2019-03-26 15:59:00', 103.74, 103.73, 103.73, 103.74, 1888]
['2019-03-26 15:58:00', 103.79, 103.76, 103.76, 103.81, 3939]
['2019-03-26 15:57:00', 103.67, 103.85, 103.66, 103.85, 5901]
['2019-03-26 15:56:00', 103.63, 103.64, 103.63, 103.64, 4708]
['2019-03-26 15:55:00', 103.61, 103.61, 103.61, 103.61, 1821]
['2019-03-26 15:54:00', 103.5698, 103.59, 103.5698, 103.59, 1330]
['2019-03-26 15:53:00', 103.54, 103.55, 103.54, 103.55, 1331]
['2019-03-26 15:52:00', 103.53, 103.56, 103.53, 103.56, 1493]
['2019-03-26 15:51:00', 103.51, 103.51, 103.51, 103.51, 307]
['2019-03-26 15:50:00', 103.51, 103.47, 103.47, 103.51, 1213]
['2019-03-26 15:49:00', 103.54, 103.505, 103.505, 103.54, 1422]
['2019-03-26 15:48:00', 103.47, 103.495, 103.47, 103.495, 2391]
['2019-03-26 15:47:00', 103.44, 103.48, 103.44, 103.48, 1213]
['2019-03-26 15:46:00', 103.44, 103.44, 103.44, 103.44, 968]
['2019-03-26 15:44:00', 103.53, 103.53, 103.53, 103.53, 841]
['2019-03-26 15:43:00', 103.58, 103.55, 103.55, 103.59, 4463]
['2019-03-26 15:42:00', 103.535, 103.59, 103.535, 103.59, 1726]
['2019-03-26 15:40:00', 103.53, 103.5262, 103.5262, 103.53, 1604]
['2019-03-26 15:39:00', 103.52, 103.52, 103.52, 103.52, 538]
['2019-03-26 15:38:00', 103.57, 103.56, 103.56, 103.57, 996]
['2019-03-26 15:36:00', 103.5, 103.52, 103.5, 103.55, 1392]
['2019-03-26 15:35:00', 103.49, 103.49, 103.49, 103.49, 338]
['2019-03-26 15:34:00', 103.4725, 103.4725, 103.4725, 103.4725, 659]
['2019-03-26 15:33:00', 103.47, 103.52, 103.47, 103.52, 1767]
['2019-03-26 15:32:00', 103.53, 103.53, 103.53, 103.53, 423]
['2019-03-26 15:31:00', 103.48, 103.48, 103.48, 103.48, 1368]
['2019-03-26 15:30:00', 103.51, 103.49, 103.49, 103.51, 1159]
['2019-03-26 15:29:00', 103.56, 103.56, 103.56, 103.56, 438]
['2019-03-26 15:28:00', 103.59, 103.59, 103.59, 103.59, 427]
['2019-03-26 15:26:00', 103.55, 103.55, 103.55, 103.55, 981]
['2019-03-26 15:24:00', 103.56, 103.61, 103.56, 103.61, 1516]
['2019-03-26 15:23:00', 103.57, 103.57, 103.57, 103.57, 251]
['2019-03-26 15:22:00', 103.67, 103.59, 103.59, 103.67, 1122]
['2019-03-26 15:20:00', 103.63, 103.63, 103.63, 103.63, 460]
['2019-03-26 15:19:00', 103.69, 103.72, 103.69, 103.72, 709]
['2019-03-26 15:18:00', 103.7, 103.7, 103.7, 103.7, 1151]
['2019-03-26 15:17:00', 103.73, 103.73, 103.73, 103.73, 651]
['2019-03-26 15:16:00', 103.72, 103.72, 103.72, 103.72, 225]
['2019-03-26 15:14:00', 103.8, 103.8, 103.8, 103.8, 735]
['2019-03-26 15:13:00', 103.79, 103.79, 103.79, 103.79, 330]
['2019-03-26 15:12:00', 103.76, 103.76, 103.76, 103.76, 306]
['2019-03-26 15:11:00', 103.8, 103.8, 103.8, 103.8, 588]
['2019-03-26 15:10:00', 103.89, 103.87, 103.87, 103.89, 568]
['2019-03-26 15:09:00', 103.83, 103.85, 103.83, 103.85, 1071]
['2019-03-26 15:08:00', 103.78, 103.78, 103.78, 103.78, 338]
['2019-03-26 15:06:00', 103.77, 103.77, 103.77, 103.77, 922]
['2019-03-26 15:04:00', 103.71, 103.71, 103.71, 103.71, 452]
['2019-03-26 15:03:00', 103.71, 103.71, 103.71, 103.71, 209]
['2019-03-26 15:01:00', 103.65, 103.65, 103.65, 103.65, 264]
['2019-03-26 14:58:00', 103.52, 103.59, 103.52, 103.59, 1293]
['2019-03-26 14:56:00', 103.4, 103.4, 103.4, 103.4, 420]
['2019-03-26 14:55:00', 103.43, 103.37, 103.37, 103.43, 816]
['2019-03-26 14:54:00', 103.46, 103.46, 103.46, 103.52, 1254]
['2019-03-26 14:53:00', 103.52, 103.52, 103.52, 103.52, 241]
['2019-03-26 14:52:00', 103.55, 103.55, 103.55, 103.55, 224]
['2019-03-26 14:51:00', 103.59, 103.55, 103.55, 103.59, 772]
['2019-03-26 14:49:00', 103.55, 103.55, 103.55, 103.55, 368]
['2019-03-26 14:48:00', 103.58, 103.58, 103.58, 103.58, 348]
['2019-03-26 14:47:00', 103.6, 103.6, 103.6, 103.6, 736]
['2019-03-26 14:46:00', 103.595, 103.595, 103.595, 103.595, 208]
['2019-03-26 14:45:00', 103.53, 103.545, 103.53, 103.545, 869]
['2019-03-26 14:43:00', 103.48, 103.5, 103.48, 103.5, 738]
['2019-03-26 14:42:00', 103.4, 103.4, 103.4, 103.4, 211]
['2019-03-26 14:39:00', 103.41, 103.37, 103.37, 103.41, 782]
['2019-03-26 14:38:00', 103.41, 103.41, 103.41, 103.41, 444]
['2019-03-26 14:37:00', 103.4, 103.4, 103.4, 103.4, 213]
['2019-03-26 14:35:00', 103.35, 103.345, 103.345, 103.35, 793]
['2019-03-26 14:33:00', 103.36, 103.36, 103.36, 103.36, 557]
['2019-03-26 14:32:00', 103.36, 103.36, 103.36, 103.36, 400]
['2019-03-26 14:29:00', 103.41, 103.41, 103.41, 103.41, 539]
['2019-03-26 14:28:00', 103.49, 103.49, 103.49, 103.49, 155]
['2019-03-26 14:27:00', 103.47, 103.47, 103.47, 103.47, 530]
['2019-03-26 14:25:00', 103.48, 103.48, 103.48, 103.48, 201]
['2019-03-26 14:24:00', 103.49, 103.51, 103.49, 103.51, 1111]
['2019-03-26 14:23:00', 103.47, 103.47, 103.47, 103.47, 888]
['2019-03-26 14:21:00', 103.54, 103.54, 103.54, 103.54, 658]
['2019-03-26 14:19:00', 103.54, 103.51, 103.51, 103.54, 611]
['2019-03-26 14:18:00', 103.52, 103.52, 103.52, 103.52, 429]
['2019-03-26 14:16:00', 103.5, 103.5, 103.5, 103.5, 201]
['2019-03-26 14:15:00', 103.61, 103.515, 103.515, 103.61, 955]
['2019-03-26 14:14:00', 103.56, 103.56, 103.56, 103.56, 579]
['2019-03-26 14:13:00', 103.53, 103.53, 103.53, 103.53, 515]
['2019-03-26 14:12:00', 103.46, 103.47, 103.46, 103.47, 1077]
['2019-03-26 14:11:00', 103.42, 103.42, 103.42, 103.42, 1196]
['2019-03-26 14:10:00', 103.37, 103.37, 103.37, 103.37, 333]
['2019-03-26 14:09:00', 103.44, 103.44, 103.44, 103.44, 426]
['2019-03-26 14:06:00', 103.35, 103.35, 103.35, 103.35, 593]
['2019-03-26 14:04:00', 103.31, 103.33, 103.31, 103.38, 1348]
['2019-03-26 14:03:00', 103.38, 103.38, 103.38, 103.38, 388]
['2019-03-26 14:02:00', 103.38, 103.38, 103.38, 103.38, 560]
['2019-03-26 14:01:00', 103.44, 103.44, 103.44, 103.44, 728]
['2019-03-26 14:00:00', 103.31, 103.31, 103.31, 103.31, 272]
['2019-03-26 13:59:00', 103.37, 103.37, 103.37, 103.37, 736]
['2019-03-26 13:58:00', 103.43, 103.43, 103.43, 103.43, 306]
['2019-03-26 13:55:00', 103.47, 103.47, 103.47, 103.47, 119]
['2019-03-26 13:53:00', 103.48, 103.48, 103.48, 103.48, 896]
['2019-03-26 13:52:00', 103.56, 103.56, 103.56, 103.56, 402]
['2019-03-26 13:51:00', 103.59, 103.59, 103.59, 103.59, 314]
['2019-03-26 13:50:00', 103.6, 103.6, 103.6, 103.6, 228]
['2019-03-26 13:48:00', 103.49, 103.49, 103.49, 103.49, 1137]
['2019-03-26 13:47:00', 103.54, 103.53, 103.53, 103.54, 916]
['2019-03-26 13:45:00', 103.42, 103.42, 103.42, 103.42, 403]
['2019-03-26 13:43:00', 103.38, 103.42, 103.38, 103.42, 650]
['2019-03-26 13:42:00', 103.43, 103.43, 103.43, 103.43, 386]
['2019-03-26 13:41:00', 103.197, 103.4, 103.197, 103.4, 1185]
['2019-03-26 13:40:00', 103.25, 103.24, 103.24, 103.25, 2557]
['2019-03-26 13:38:00', 103.19, 103.21, 103.19, 103.21, 919]
['2019-03-26 13:37:00', 103.27, 103.21, 103.21, 103.27, 2170]
['2019-03-26 13:36:00', 103.38, 103.38, 103.38, 103.38, 230]
['2019-03-26 13:34:00', 103.47, 103.47, 103.47, 103.47, 401]
['2019-03-26 13:32:00', 103.56, 103.56, 103.56, 103.56, 142]
['2019-03-26 13:31:00', 103.61, 103.57, 103.57, 103.61, 1185]
['2019-03-26 13:30:00', 103.61, 103.61, 103.61, 103.61, 526]
['2019-03-26 13:29:00', 103.68, 103.68, 103.68, 103.68, 459]
['2019-03-26 13:28:00', 103.61, 103.64, 103.61, 103.64, 936]
['2019-03-26 13:26:00', 103.55, 103.57, 103.55, 103.57, 1020]
['2019-03-26 13:24:00', 103.63, 103.63, 103.63, 103.63, 245]
['2019-03-26 13:23:00', 103.68, 103.68, 103.68, 103.68, 202]
['2019-03-26 13:21:00', 103.69, 103.69, 103.69, 103.69, 1144]
['2019-03-26 13:19:00', 103.69, 103.69, 103.69, 103.69, 306]
['2019-03-26 13:18:00', 103.68, 103.68, 103.68, 103.68, 531]
['2019-03-26 13:17:00', 103.64, 103.6899, 103.64, 103.6899, 439]
['2019-03-26 13:14:00', 103.63, 103.63, 103.63, 103.63, 480]
['2019-03-26 13:13:00', 103.67, 103.67, 103.67, 103.67, 604]
['2019-03-26 13:12:00', 103.7, 103.7, 103.7, 103.7, 208]
['2019-03-26 13:10:00', 103.64, 103.64, 103.64, 103.64, 1097]
['2019-03-26 13:08:00', 103.6241, 103.66, 103.6241, 103.66, 774]
['2019-03-26 13:07:00', 103.56, 103.56, 103.56, 103.56, 222]
['2019-03-26 13:06:00', 103.55, 103.55, 103.55, 103.55, 252]
['2019-03-26 13:04:00', 103.5, 103.57, 103.5, 103.57, 1333]
['2019-03-26 13:03:00', 103.41, 103.41, 103.41, 103.41, 331]
['2019-03-26 13:02:00', 103.45, 103.45, 103.45, 103.45, 237]
['2019-03-26 13:01:00', 103.49, 103.49, 103.49, 103.49, 389]
['2019-03-26 13:00:00', 103.56, 103.56, 103.56, 103.56, 442]
['2019-03-26 12:58:00', 103.52, 103.52, 103.52, 103.52, 920]
['2019-03-26 12:57:00', 103.57, 103.57, 103.57, 103.57, 715]
['2019-03-26 12:56:00', 103.58, 103.57, 103.57, 103.58, 388]
['2019-03-26 12:54:00', 103.59, 103.59, 103.59, 103.59, 245]
['2019-03-26 12:52:00', 103.56, 103.56, 103.56, 103.56, 562]
['2019-03-26 12:51:00', 103.52, 103.52, 103.52, 103.52, 126]
['2019-03-26 12:50:00', 103.52, 103.52, 103.52, 103.52, 345]
['2019-03-26 12:49:00', 103.55, 103.59, 103.55, 103.59, 981]
['2019-03-26 12:48:00', 103.63, 103.63, 103.63, 103.63, 635]
['2019-03-26 12:47:00', 103.56, 103.56, 103.56, 103.56, 549]
['2019-03-26 12:46:00', 103.535, 103.535, 103.535, 103.535, 468]
['2019-03-26 12:43:00', 103.54, 103.56, 103.54, 103.56, 1587]
['2019-03-26 12:42:00', 103.58, 103.58, 103.58, 103.58, 559]
['2019-03-26 12:41:00', 103.61, 103.61, 103.61, 103.61, 1199]
['2019-03-26 12:40:00', 103.88, 103.75, 103.75, 103.88, 2503]
['2019-03-26 12:39:00', 103.9, 103.9, 103.9, 103.9, 446]
['2019-03-26 12:38:00', 103.92, 103.94, 103.92, 103.94, 2879]
['2019-03-26 12:37:00', 104.02, 104.02, 104.02, 104.02, 507]
['2019-03-26 12:36:00', 104.015, 104.015, 104.015, 104.015, 640]
['2019-03-26 12:35:00', 103.9875, 103.9875, 103.9875, 103.9875, 214]
['2019-03-26 12:34:00', 103.98, 103.98, 103.98, 103.98, 623]
['2019-03-26 12:33:00', 103.95, 103.95, 103.95, 103.95, 716]
['2019-03-26 12:32:00', 103.95, 103.95, 103.95, 103.95, 128]
['2019-03-26 12:29:00', 104.02, 104.02, 104.02, 104.02, 705]
['2019-03-26 12:27:00', 103.98, 103.94, 103.94, 103.98, 699]
['2019-03-26 12:26:00', 103.94, 104.04, 103.94, 104.04, 893]
['2019-03-26 12:24:00', 104.08, 104.07, 104.07, 104.08, 1016]
['2019-03-26 12:22:00', 104.24, 104.24, 104.24, 104.24, 181]
['2019-03-26 12:21:00', 104.29, 104.29, 104.29, 104.29, 918]
['2019-03-26 12:20:00', 104.27, 104.27, 104.27, 104.27, 537]
['2019-03-26 12:19:00', 104.27, 104.27, 104.27, 104.27, 318]
['2019-03-26 12:18:00', 104.25, 104.25, 104.25, 104.25, 706]
['2019-03-26 12:15:00', 104.16, 104.16, 104.16, 104.16, 3028]
['2019-03-26 12:14:00', 104.145, 104.145, 104.145, 104.145, 115]
['2019-03-26 12:11:00', 104.18, 104.18, 104.18, 104.18, 354]
['2019-03-26 12:10:00', 104.11, 104.11, 104.11, 104.11, 712]
['2019-03-26 12:09:00', 104.17, 104.17, 104.17, 104.17, 295]
['2019-03-26 12:05:00', 104.05, 104.05, 104.05, 104.05, 1108]
['2019-03-26 12:04:00', 103.93, 103.93, 103.93, 103.93, 992]
['2019-03-26 12:03:00', 103.83, 103.935, 103.83, 103.935, 529]
['2019-03-26 11:59:00', 103.75, 103.8, 103.75, 103.8, 1534]
['2019-03-26 11:57:00', 103.67, 103.67, 103.67, 103.67, 454]
['2019-03-26 11:56:00', 103.66, 103.66, 103.66, 103.66, 1401]
['2019-03-26 11:54:00', 103.7, 103.7, 103.7, 103.7, 546]
['2019-03-26 11:53:00', 103.74, 103.74, 103.74, 103.74, 132]
['2019-03-26 11:52:00', 103.75, 103.75, 103.75, 103.75, 306]
['2019-03-26 11:51:00', 103.805, 103.805, 103.805, 103.805, 625]
['2019-03-26 11:50:00', 103.87, 103.885, 103.87, 103.885, 2047]
['2019-03-26 11:48:00', 103.995, 103.77, 103.77, 103.995, 1577]
['2019-03-26 11:47:00', 103.99, 103.99, 103.99, 103.99, 766]
['2019-03-26 11:46:00', 104.02, 103.94, 103.94, 104.02, 3155]
['2019-03-26 11:45:00', 104.05, 104.05, 104.05, 104.05, 431]
['2019-03-26 11:44:00', 104.0, 104.0, 104.0, 104.0, 417]
['2019-03-26 11:42:00', 104.105, 104.105, 104.105, 104.105, 326]
['2019-03-26 11:41:00', 104.095, 104.095, 104.095, 104.095, 481]
['2019-03-26 11:39:00', 104.04, 104.04, 104.04, 104.04, 376]
['2019-03-26 11:38:00', 104.03, 104.06, 104.03, 104.06, 1050]
['2019-03-26 11:36:00', 104.11, 104.0, 104.0, 104.11, 1538]
['2019-03-26 11:34:00', 104.07, 104.07, 104.07, 104.07, 459]
['2019-03-26 11:33:00', 104.07, 104.055, 104.055, 104.07, 1503]
['2019-03-26 11:32:00', 104.18, 104.18, 104.18, 104.18, 616]
['2019-03-26 11:31:00', 104.155, 104.18, 104.155, 104.18, 2001]
['2019-03-26 11:30:00', 104.18, 104.15, 104.15, 104.18, 702]
['2019-03-26 11:28:00', 104.16, 104.16, 104.16, 104.16, 462]
['2019-03-26 11:27:00', 104.13, 104.18, 104.13, 104.18, 2137]
['2019-03-26 11:25:00', 104.12, 104.05, 104.05, 104.12, 1252]
['2019-03-26 11:24:00', 104.07, 104.07, 104.07, 104.07, 300]
['2019-03-26 11:23:00', 104.14, 104.14, 104.14, 104.14, 252]
['2019-03-26 11:22:00', 104.14, 104.14, 104.14, 104.14, 304]
['2019-03-26 11:20:00', 104.19, 104.19, 104.19, 104.19, 318]
['2019-03-26 11:19:00', 104.34, 104.34, 104.34, 104.34, 473]
['2019-03-26 11:18:00', 104.455, 104.455, 104.455, 104.455, 556]
['2019-03-26 11:15:00', 104.53, 104.53, 104.53, 104.53, 873]
['2019-03-26 11:14:00', 104.59, 104.59, 104.59, 104.59, 177]
['2019-03-26 11:13:00', 104.47, 104.47, 104.47, 104.47, 252]
['2019-03-26 11:12:00', 104.45, 104.45, 104.45, 104.45, 245]
['2019-03-26 11:10:00', 104.56, 104.5, 104.5, 104.595, 1834]
['2019-03-26 11:09:00', 104.53, 104.53, 104.53, 104.53, 403]
['2019-03-26 11:08:00', 104.57, 104.57, 104.57, 104.57, 445]
['2019-03-26 11:07:00', 104.54, 104.54, 104.54, 104.54, 369]
['2019-03-26 11:06:00', 104.6, 104.6, 104.6, 104.6, 759]
['2019-03-26 11:05:00', 104.59, 104.74, 104.59, 104.74, 2547]
['2019-03-26 11:04:00', 104.55, 104.55, 104.55, 104.55, 672]
['2019-03-26 11:03:00', 104.61, 104.61, 104.61, 104.61, 127]
['2019-03-26 11:01:00', 104.53, 104.58, 104.53, 104.58, 1054]
['2019-03-26 11:00:00', 104.55, 104.55, 104.55, 104.55, 189]
['2019-03-26 10:58:00', 104.61, 104.61, 104.61, 104.61, 606]
['2019-03-26 10:57:00', 104.7, 104.7, 104.7, 104.7, 474]
['2019-03-26 10:55:00', 104.55, 104.55, 104.55, 104.55, 147]
['2019-03-26 10:54:00', 104.62, 104.55, 104.55, 104.62, 1870]
['2019-03-26 10:53:00', 104.68, 104.68, 104.68, 104.68, 277]
['2019-03-26 10:52:00', 104.65, 104.65, 104.65, 104.65, 579]
['2019-03-26 10:51:00', 104.51, 104.51, 104.51, 104.51, 328]
['2019-03-26 10:49:00', 104.45, 104.45, 104.45, 104.45, 506]
['2019-03-26 10:48:00', 104.3, 104.3, 104.3, 104.3, 200]
['2019-03-26 10:46:00', 104.1, 104.3, 104.1, 104.3, 1930]
['2019-03-26 10:45:00', 103.975, 103.975, 103.975, 103.975, 906]
['2019-03-26 10:44:00', 104.04, 103.93, 103.93, 104.04, 1894]
['2019-03-26 10:43:00', 104.0, 104.0, 104.0, 104.0, 671]
['2019-03-26 10:42:00', 104.15, 104.15, 104.15, 104.15, 443]
['2019-03-26 10:41:00', 104.13, 104.13, 104.13, 104.13, 681]
['2019-03-26 10:40:00', 104.19, 104.19, 104.19, 104.19, 614]
['2019-03-26 10:37:00', 104.1, 104.1, 104.1, 104.1, 838]
['2019-03-26 10:36:00', 104.245, 104.2, 104.2, 104.245, 1832]
['2019-03-26 10:35:00', 104.355, 104.355, 104.355, 104.355, 817]
['2019-03-26 10:34:00', 104.35, 104.35, 104.35, 104.35, 1799]
['2019-03-26 10:33:00', 104.445, 104.445, 104.445, 104.445, 1580]
['2019-03-26 10:32:00', 104.475, 104.475, 104.475, 104.475, 601]
['2019-03-26 10:31:00', 104.61, 104.61, 104.61, 104.61, 240]
['2019-03-26 10:30:00', 104.62, 104.62, 104.62, 104.62, 441]
['2019-03-26 10:29:00', 104.69, 104.76, 104.69, 104.76, 3105]
['2019-03-26 10:27:00', 104.58, 104.64, 104.58, 104.64, 1321]
['2019-03-26 10:25:00', 104.6, 104.5958, 104.5958, 104.6, 2771]
['2019-03-26 10:24:00', 104.55, 104.55, 104.55, 104.55, 1092]
['2019-03-26 10:23:00', 104.5, 104.56, 104.5, 104.56, 2635]
['2019-03-26 10:22:00', 104.475, 104.5, 104.475, 104.5, 3958]
['2019-03-26 10:21:00', 104.41, 104.43, 104.41, 104.43, 3633]
['2019-03-26 10:19:00', 104.535, 104.535, 104.535, 104.535, 142]
['2019-03-26 10:18:00', 104.46, 104.46, 104.46, 104.46, 565]
['2019-03-26 10:17:00', 104.55, 104.65, 104.55, 104.65, 1707]
['2019-03-26 10:15:00', 104.68, 104.68, 104.68, 104.68, 745]
['2019-03-26 10:13:00', 104.52, 104.52, 104.52, 104.52, 104]
['2019-03-26 10:12:00', 104.59, 104.59, 104.59, 104.59, 402]
['2019-03-26 10:10:00', 104.59, 104.59, 104.59, 104.59, 599]
['2019-03-26 10:08:00', 104.665, 104.665, 104.665, 104.665, 600]
['2019-03-26 10:07:00', 104.82, 104.82, 104.82, 104.82, 734]
['2019-03-26 10:05:00', 104.64, 104.7, 104.64, 104.73, 2577]
['2019-03-26 10:03:00', 104.59, 104.59, 104.59, 104.59, 800]
['2019-03-26 10:02:00', 104.56, 104.56, 104.56, 104.56, 1676]
['2019-03-26 10:01:00', 104.61, 104.61, 104.61, 104.61, 904]
['2019-03-26 10:00:00', 104.47, 104.64, 104.47, 104.74, 3670]
['2019-03-26 09:57:00', 104.26, 104.26, 104.26, 104.26, 1724]
['2019-03-26 09:55:00', 104.24, 104.265, 104.24, 104.265, 1855]
['2019-03-26 09:54:00', 104.095, 104.26, 104.095, 104.26, 1870]
['2019-03-26 09:53:00', 104.03, 104.03, 104.03, 104.03, 218]
['2019-03-26 09:51:00', 104.08, 104.08, 104.08, 104.08, 1001]
['2019-03-26 09:48:00', 103.72, 103.72, 103.72, 103.72, 580]
['2019-03-26 09:47:00', 103.87, 103.87, 103.87, 103.87, 570]
['2019-03-26 09:45:00', 104.12, 103.855, 103.855, 104.12, 14108]
['2019-03-26 09:42:00', 103.82, 103.82, 103.82, 103.82, 301]
['2019-03-26 09:41:00', 104.18, 104.18, 104.18, 104.18, 101]
['2019-03-26 09:38:00', 104.18, 104.18, 104.18, 104.18, 317]
['2019-03-26 09:34:00', 104.18, 104.18, 104.18, 104.18, 863]
['2019-03-26 09:31:00', 104.25, 104.25, 104.25, 104.25, 14575]
['2019-03-25 16:00:00', 103.26, 103.23, 103.21, 103.26, 8858]
['2019-03-25 15:59:00', 103.34, 103.29, 103.29, 103.34, 4928]
['2019-03-25 15:58:00', 103.3, 103.355, 103.3, 103.375, 8328]
['2019-03-25 15:57:00', 103.21, 103.3, 103.21, 103.3, 4367]
['2019-03-25 15:56:00', 103.23, 103.225, 103.225, 103.24, 5545]
['2019-03-25 15:55:00', 103.39, 103.339, 103.33, 103.39, 3183]
['2019-03-25 15:54:00', 103.46, 103.37, 103.365, 103.46, 4250]
['2019-03-25 15:53:00', 103.33, 103.455, 103.33, 103.455, 4084]
['2019-03-25 15:52:00', 103.345, 103.335, 103.335, 103.405, 3326]
['2019-03-25 15:51:00', 103.31, 103.335, 103.31, 103.335, 1722]
['2019-03-25 15:50:00', 103.32, 103.295, 103.295, 103.33, 4869]
['2019-03-25 15:49:00', 103.46, 103.37, 103.37, 103.46, 2628]
['2019-03-25 15:48:00', 103.56, 103.485, 103.485, 103.56, 2973]
['2019-03-25 15:47:00', 103.62, 103.59, 103.59, 103.62, 2507]
['2019-03-25 15:46:00', 103.6, 103.58, 103.57, 103.6, 1737]
['2019-03-25 15:45:00', 103.63, 103.59, 103.59, 103.63, 1764]
['2019-03-25 15:44:00', 103.55, 103.58, 103.55, 103.58, 3512]
['2019-03-25 15:43:00', 103.46, 103.475, 103.46, 103.5, 2502]
['2019-03-25 15:42:00', 103.5, 103.5, 103.5, 103.5, 1337]
['2019-03-25 15:41:00', 103.45, 103.52, 103.45, 103.52, 3580]
['2019-03-25 15:40:00', 103.44, 103.445, 103.44, 103.445, 1242]
['2019-03-25 15:39:00', 103.545, 103.47, 103.47, 103.545, 2853]
['2019-03-25 15:38:00', 103.54, 103.56, 103.54, 103.56, 1330]
['2019-03-25 15:37:00', 103.46, 103.51, 103.46, 103.51, 2300]
['2019-03-25 15:36:00', 103.45, 103.45, 103.45, 103.45, 711]
['2019-03-25 15:35:00', 103.45, 103.46, 103.45, 103.46, 2589]
['2019-03-25 15:34:00', 103.55, 103.52, 103.52, 103.55, 2070]
['2019-03-25 15:33:00', 103.58, 103.57, 103.57, 103.58, 1679]
['2019-03-25 15:32:00', 103.57, 103.55, 103.55, 103.57, 1950]
['2019-03-25 15:31:00', 103.62, 103.58, 103.58, 103.625, 3175]
['2019-03-25 15:30:00', 103.625, 103.63, 103.625, 103.63, 1306]
['2019-03-25 15:29:00', 103.65, 103.64, 103.63, 103.65, 2708]
['2019-03-25 15:28:00', 103.66, 103.675, 103.645, 103.675, 2654]
['2019-03-25 15:27:00', 103.68, 103.675, 103.675, 103.68, 2866]
['2019-03-25 15:26:00', 103.64, 103.61, 103.61, 103.64, 2107]
['2019-03-25 15:25:00', 103.64, 103.64, 103.64, 103.68, 2304]
['2019-03-25 15:24:00', 103.55, 103.55, 103.55, 103.55, 459]
['2019-03-25 15:23:00', 103.53, 103.56, 103.53, 103.6, 3162]
['2019-03-25 15:22:00', 103.5, 103.53, 103.5, 103.54, 3252]
['2019-03-25 15:21:00', 103.49, 103.5, 103.48, 103.5, 2579]
['2019-03-25 15:20:00', 103.52, 103.53, 103.52, 103.53, 1711]
['2019-03-25 15:19:00', 103.51, 103.53, 103.51, 103.53, 1985]
['2019-03-25 15:18:00', 103.55, 103.48, 103.48, 103.57, 3296]
['2019-03-25 15:17:00', 103.5998, 103.5998, 103.5998, 103.5998, 290]
['2019-03-25 15:16:00', 103.62, 103.605, 103.605, 103.62, 1663]
['2019-03-25 15:15:00', 103.54, 103.61, 103.54, 103.61, 1438]
['2019-03-25 15:14:00', 103.53, 103.53, 103.53, 103.53, 997]
['2019-03-25 15:13:00', 103.53, 103.48, 103.48, 103.53, 2347]
['2019-03-25 15:12:00', 103.5, 103.52, 103.5, 103.54, 2218]
['2019-03-25 15:11:00', 103.43, 103.43, 103.43, 103.43, 591]
['2019-03-25 15:10:00', 103.42, 103.42, 103.42, 103.42, 651]
['2019-03-25 15:09:00', 103.39, 103.3848, 103.3848, 103.39, 2116]
['2019-03-25 15:08:00', 103.28, 103.28, 103.28, 103.28, 342]
['2019-03-25 15:07:00', 103.31, 103.28, 103.28, 103.31, 3454]
['2019-03-25 15:06:00', 103.23, 103.22, 103.22, 103.23, 1852]
['2019-03-25 15:05:00', 103.19, 103.2, 103.19, 103.2, 2158]
['2019-03-25 15:04:00', 103.24, 103.21, 103.21, 103.24, 2296]
['2019-03-25 15:03:00', 103.21, 103.21, 103.21, 103.21, 1235]
['2019-03-25 15:02:00', 103.21, 103.21, 103.21, 103.21, 411]
['2019-03-25 15:01:00', 103.2, 103.255, 103.2, 103.255, 2397]
['2019-03-25 15:00:00', 103.15, 103.15, 103.15, 103.15, 332]
['2019-03-25 14:59:00', 103.105, 103.105, 103.105, 103.105, 379]
['2019-03-25 14:58:00', 103.11, 103.11, 103.11, 103.11, 2061]
['2019-03-25 14:56:00', 103.03, 103.025, 103.025, 103.03, 554]
['2019-03-25 14:55:00', 103.02, 103.01, 103.01, 103.02, 1337]
['2019-03-25 14:54:00', 103.04, 103.04, 103.04, 103.04, 1049]
['2019-03-25 14:53:00', 103.05, 103.09, 103.05, 103.09, 1586]
['2019-03-25 14:51:00', 103.08, 103.05, 103.05, 103.08, 631]
['2019-03-25 14:50:00', 103.055, 103.055, 103.055, 103.055, 505]
['2019-03-25 14:49:00', 103.08, 103.08, 103.08, 103.08, 257]
['2019-03-25 14:48:00', 103.13, 103.13, 103.13, 103.13, 1099]
['2019-03-25 14:47:00', 103.11, 103.12, 103.11, 103.12, 1195]
['2019-03-25 14:46:00', 103.06, 103.06, 103.06, 103.06, 1403]
['2019-03-25 14:45:00', 103.125, 103.1, 103.1, 103.125, 1072]
['2019-03-25 14:44:00', 103.09, 103.09, 103.09, 103.09, 440]
['2019-03-25 14:43:00', 103.01, 103.09, 103.01, 103.09, 834]
['2019-03-25 14:42:00', 103.0, 103.0, 103.0, 103.0, 614]
['2019-03-25 14:41:00', 102.945, 102.945, 102.945, 102.945, 259]
['2019-03-25 14:40:00', 102.94, 102.94, 102.94, 102.94, 602]
['2019-03-25 14:39:00', 102.92, 102.92, 102.92, 102.92, 227]
['2019-03-25 14:38:00', 102.93, 102.93, 102.93, 102.93, 542]
['2019-03-25 14:37:00', 103.0, 102.98, 102.98, 103.0, 1122]
['2019-03-25 14:36:00', 103.04, 103.04, 103.04, 103.04, 315]
['2019-03-25 14:35:00', 102.92, 102.92, 102.9, 102.92, 1578]
['2019-03-25 14:33:00', 102.91, 102.89, 102.89, 102.91, 1706]
['2019-03-25 14:31:00', 102.85, 102.87, 102.85, 102.87, 1013]
['2019-03-25 14:30:00', 102.85, 102.82, 102.82, 102.85, 750]
['2019-03-25 14:29:00', 102.82, 102.82, 102.82, 102.82, 442]
['2019-03-25 14:28:00', 102.82, 102.84, 102.79, 102.84, 4531]
['2019-03-25 14:27:00', 102.75, 102.8, 102.75, 102.8, 1903]
['2019-03-25 14:26:00', 102.71, 102.71, 102.71, 102.71, 907]
['2019-03-25 14:25:00', 102.7, 102.7, 102.7, 102.7, 831]
['2019-03-25 14:24:00', 102.7, 102.72, 102.7, 102.72, 1321]
['2019-03-25 14:23:00', 102.73, 102.72, 102.72, 102.73, 1496]
['2019-03-25 14:21:00', 102.76, 102.76, 102.76, 102.76, 841]
['2019-03-25 14:20:00', 102.75, 102.71, 102.71, 102.75, 1146]
['2019-03-25 14:19:00', 102.7699, 102.74, 102.74, 102.7699, 2476]
['2019-03-25 14:18:00', 102.74, 102.715, 102.715, 102.74, 1155]
['2019-03-25 14:17:00', 102.74, 102.74, 102.74, 102.74, 1037]
['2019-03-25 14:16:00', 102.76, 102.76, 102.76, 102.76, 228]
['2019-03-25 14:15:00', 102.685, 102.685, 102.685, 102.685, 205]
['2019-03-25 14:14:00', 102.62, 102.68, 102.62, 102.68, 1584]
['2019-03-25 14:13:00', 102.65, 102.59, 102.59, 102.65, 1397]
['2019-03-25 14:12:00', 102.62, 102.62, 102.62, 102.62, 658]
['2019-03-25 14:11:00', 102.6, 102.6, 102.6, 102.6, 411]
['2019-03-25 14:10:00', 102.57, 102.57, 102.57, 102.57, 1876]
['2019-03-25 14:09:00', 102.61, 102.53, 102.53, 102.61, 2158]
['2019-03-25 14:08:00', 102.595, 102.64, 102.595, 102.64, 524]
['2019-03-25 14:07:00', 102.59, 102.59, 102.59, 102.59, 542]
['2019-03-25 14:06:00', 102.59, 102.59, 102.59, 102.59, 1315]
['2019-03-25 14:05:00', 102.61, 102.56, 102.56, 102.61, 1365]
['2019-03-25 14:03:00', 102.61, 102.62, 102.61, 102.62, 1724]
['2019-03-25 14:02:00', 102.5501, 102.59, 102.5501, 102.6, 3235]
['2019-03-25 14:01:00', 102.58, 102.58, 102.58, 102.58, 1468]
['2019-03-25 14:00:00', 102.57, 102.57, 102.57, 102.57, 898]
['2019-03-25 13:59:00', 102.6, 102.6, 102.6, 102.6, 724]
['2019-03-25 13:58:00', 102.65, 102.65, 102.65, 102.65, 1038]
['2019-03-25 13:57:00', 102.58, 102.64, 102.58, 102.64, 1771]
['2019-03-25 13:56:00', 102.52, 102.52, 102.52, 102.52, 208]
['2019-03-25 13:55:00', 102.61, 102.61, 102.61, 102.61, 532]
['2019-03-25 13:54:00', 102.61, 102.58, 102.58, 102.61, 1518]
['2019-03-25 13:53:00', 102.6025, 102.61, 102.6025, 102.61, 1617]
['2019-03-25 13:52:00', 102.62, 102.63, 102.62, 102.63, 853]
['2019-03-25 13:51:00', 102.65, 102.65, 102.65, 102.65, 451]
['2019-03-25 13:50:00', 102.645, 102.645, 102.645, 102.645, 997]
['2019-03-25 13:49:00', 102.71, 102.68, 102.68, 102.71, 4279]
['2019-03-25 13:48:00', 102.71, 102.71, 102.71, 102.71, 558]
['2019-03-25 13:47:00', 102.725, 102.72, 102.72, 102.725, 2754]
['2019-03-25 13:46:00', 102.75, 102.72, 102.72, 102.75, 1240]
['2019-03-25 13:44:00', 102.77, 102.75, 102.75, 102.77, 679]
['2019-03-25 13:43:00', 102.78, 102.78, 102.78, 102.78, 1222]
['2019-03-25 13:41:00', 102.86, 102.86, 102.86, 102.86, 583]
['2019-03-25 13:40:00', 102.89, 102.875, 102.875, 102.89, 1137]
['2019-03-25 13:39:00', 102.86, 102.86, 102.86, 102.86, 159]
['2019-03-25 13:37:00', 102.845, 102.91, 102.845, 102.91, 900]
['2019-03-25 13:35:00', 102.78, 102.81, 102.78, 102.81, 1199]
['2019-03-25 13:34:00', 102.79, 102.79, 102.79, 102.79, 796]
['2019-03-25 13:33:00', 102.74, 102.81, 102.74, 102.81, 3807]
['2019-03-25 13:32:00', 102.75, 102.75, 102.75, 102.75, 875]
['2019-03-25 13:31:00', 102.74, 102.77, 102.715, 102.77, 1768]
['2019-03-25 13:30:00', 102.75, 102.75, 102.75, 102.75, 720]
['2019-03-25 13:29:00', 102.81, 102.78, 102.78, 102.81, 1753]
['2019-03-25 13:28:00', 102.77, 102.77, 102.77, 102.77, 409]
['2019-03-25 13:27:00', 102.77, 102.7793, 102.75, 102.7793, 3118]
['2019-03-25 13:26:00', 102.78, 102.78, 102.78, 102.78, 317]
['2019-03-25 13:24:00', 102.85, 102.85, 102.85, 102.85, 1523]
['2019-03-25 13:23:00', 102.885, 102.885, 102.885, 102.885, 393]
['2019-03-25 13:22:00', 102.87, 102.9, 102.87, 102.9, 653]
['2019-03-25 13:20:00', 102.905, 102.905, 102.905, 102.905, 690]
['2019-03-25 13:17:00', 102.93, 102.93, 102.93, 102.93, 712]
['2019-03-25 13:16:00', 102.99, 102.99, 102.99, 102.99, 820]
['2019-03-25 13:15:00', 103.01, 103.0, 103.0, 103.01, 1089]
['2019-03-25 13:14:00', 102.93, 103.08, 102.93, 103.08, 910]
['2019-03-25 13:11:00', 102.84, 102.78, 102.78, 102.85, 1419]
['2019-03-25 13:07:00', 102.89, 102.89, 102.89, 102.89, 1357]
['2019-03-25 13:06:00', 102.75, 102.76, 102.73, 102.76, 5456]
['2019-03-25 13:05:00', 102.75, 102.8, 102.75, 102.8, 926]
['2019-03-25 13:04:00', 102.86, 102.75, 102.75, 102.86, 1194]
['2019-03-25 13:03:00', 102.81, 102.81, 102.81, 102.81, 150]
['2019-03-25 13:02:00', 102.82, 102.81, 102.81, 102.82, 1453]
['2019-03-25 13:01:00', 102.86, 102.87, 102.86, 102.87, 1123]
['2019-03-25 13:00:00', 102.78, 102.825, 102.78, 102.825, 672]
['2019-03-25 12:59:00', 102.89, 102.84, 102.84, 102.89, 1163]
['2019-03-25 12:58:00', 102.8, 102.82, 102.8, 102.82, 490]
['2019-03-25 12:54:00', 102.7, 102.695, 102.695, 102.7, 1191]
['2019-03-25 12:53:00', 102.69, 102.7, 102.69, 102.7, 643]
['2019-03-25 12:51:00', 102.68, 102.71, 102.68, 102.71, 1181]
['2019-03-25 12:50:00', 102.67, 102.68, 102.67, 102.68, 785]
['2019-03-25 12:48:00', 102.635, 102.67, 102.635, 102.67, 989]
['2019-03-25 12:47:00', 102.65, 102.61, 102.61, 102.65, 1169]
['2019-03-25 12:46:00', 102.6, 102.61, 102.6, 102.61, 2362]
['2019-03-25 12:45:00', 102.6, 102.6, 102.6, 102.6, 325]
['2019-03-25 12:44:00', 102.56, 102.56, 102.56, 102.56, 607]
['2019-03-25 12:43:00', 102.555, 102.555, 102.555, 102.555, 307]
['2019-03-25 12:40:00', 102.57, 102.57, 102.57, 102.58, 2972]
['2019-03-25 12:39:00', 102.62, 102.58, 102.58, 102.62, 2535]
['2019-03-25 12:38:00', 102.69, 102.64, 102.6, 102.7, 5068]
['2019-03-25 12:37:00', 102.62, 102.64, 102.62, 102.65, 2587]
['2019-03-25 12:36:00', 102.69, 102.66, 102.66, 102.69, 897]
['2019-03-25 12:34:00', 102.71, 102.62, 102.62, 102.71, 2238]
['2019-03-25 12:33:00', 102.76, 102.72, 102.72, 102.76, 3596]
['2019-03-25 12:31:00', 102.76, 102.76, 102.76, 102.76, 445]
['2019-03-25 12:29:00', 102.74, 102.8, 102.73, 102.805, 4185]
['2019-03-25 12:28:00', 102.82, 102.76, 102.75, 102.82, 2574]
['2019-03-25 12:22:00', 102.78, 102.79, 102.78, 102.79, 1705]
['2019-03-25 12:21:00', 102.88, 102.88, 102.88, 102.88, 601]
['2019-03-25 12:20:00', 102.83, 102.86, 102.83, 102.86, 1056]
['2019-03-25 12:19:00', 102.76, 102.75, 102.75, 102.76, 1256]
['2019-03-25 12:18:00', 102.79, 102.79, 102.79, 102.79, 403]
['2019-03-25 12:17:00', 102.75, 102.75, 102.75, 102.75, 526]
['2019-03-25 12:16:00', 102.7051, 102.7051, 102.7051, 102.7051, 446]
['2019-03-25 12:15:00', 102.68, 102.68, 102.68, 102.68, 508]
['2019-03-25 12:14:00', 102.66, 102.67, 102.66, 102.67, 1367]
['2019-03-25 12:13:00', 102.72, 102.72, 102.72, 102.72, 202]
['2019-03-25 12:12:00', 102.745, 102.745, 102.745, 102.745, 3281]
['2019-03-25 12:11:00', 102.64, 102.62, 102.62, 102.64, 1871]
['2019-03-25 12:09:00', 102.62, 102.59, 102.59, 102.62, 719]
['2019-03-25 12:07:00', 102.71, 102.71, 102.71, 102.71, 278]
['2019-03-25 12:05:00', 102.52, 102.59, 102.52, 102.59, 1097]
['2019-03-25 12:04:00', 102.48, 102.48, 102.48, 102.48, 689]
['2019-03-25 12:03:00', 102.53, 102.49, 102.49, 102.53, 772]
['2019-03-25 12:01:00', 102.545, 102.54, 102.54, 102.545, 1556]
['2019-03-25 12:00:00', 102.58, 102.58, 102.58, 102.58, 551]
['2019-03-25 11:59:00', 102.72, 102.62, 102.62, 102.72, 2271]
['2019-03-25 11:57:00', 102.6, 102.6, 102.6, 102.6, 497]
['2019-03-25 11:56:00', 102.6, 102.56, 102.56, 102.6, 1836]
['2019-03-25 11:55:00', 102.66, 102.66, 102.66, 102.66, 355]
['2019-03-25 11:54:00', 102.66, 102.66, 102.66, 102.66, 618]
['2019-03-25 11:53:00', 102.6, 102.6, 102.6, 102.6, 512]
['2019-03-25 11:52:00', 102.535, 102.535, 102.535, 102.535, 663]
['2019-03-25 11:51:00', 102.55, 102.55, 102.55, 102.55, 212]
['2019-03-25 11:50:00', 102.49, 102.46, 102.46, 102.51, 3724]
['2019-03-25 11:49:00', 102.52, 102.56, 102.52, 102.56, 1555]
['2019-03-25 11:48:00', 102.58, 102.58, 102.58, 102.58, 299]
['2019-03-25 11:47:00', 102.75, 102.6, 102.6, 102.75, 2985]
['2019-03-25 11:46:00', 102.83, 102.74, 102.74, 102.83, 958]
['2019-03-25 11:45:00', 102.75, 102.75, 102.75, 102.75, 1724]
['2019-03-25 11:44:00', 102.75, 102.76, 102.74, 102.76, 2582]
['2019-03-25 11:43:00', 102.77, 102.77, 102.77, 102.77, 1969]
['2019-03-25 11:42:00', 102.815, 102.815, 102.815, 102.815, 304]
['2019-03-25 11:41:00', 102.85, 102.85, 102.85, 102.85, 469]
['2019-03-25 11:40:00', 102.88, 102.88, 102.88, 102.88, 538]
['2019-03-25 11:39:00', 102.84, 102.84, 102.84, 102.84, 869]
['2019-03-25 11:38:00', 102.72, 102.75, 102.72, 102.75, 734]
['2019-03-25 11:37:00', 102.75, 102.75, 102.75, 102.75, 710]
['2019-03-25 11:36:00', 102.74, 102.71, 102.71, 102.74, 3432]
['2019-03-25 11:35:00', 102.665, 102.67, 102.665, 102.67, 3457]
['2019-03-25 11:34:00', 102.64, 102.64, 102.64, 102.65, 3057]
['2019-03-25 11:33:00', 102.69, 102.66, 102.66, 102.69, 1179]
['2019-03-25 11:32:00', 102.775, 102.685, 102.685, 102.775, 2468]
['2019-03-25 11:31:00', 102.76, 102.74, 102.74, 102.76, 7509]
['2019-03-25 11:30:00', 102.67, 102.79, 102.67, 102.79, 5645]
['2019-03-25 11:29:00', 102.61, 102.61, 102.61, 102.61, 979]
['2019-03-25 11:28:00', 102.57, 102.525, 102.525, 102.57, 1763]
['2019-03-25 11:26:00', 102.46, 102.545, 102.46, 102.545, 863]
['2019-03-25 11:25:00', 102.49, 102.49, 102.49, 102.49, 859]
['2019-03-25 11:24:00', 102.44, 102.44, 102.44, 102.44, 1206]
['2019-03-25 11:23:00', 102.36, 102.37, 102.36, 102.37, 1078]
['2019-03-25 11:22:00', 102.45, 102.41, 102.41, 102.45, 1690]
['2019-03-25 11:21:00', 102.415, 102.415, 102.415, 102.415, 358]
['2019-03-25 11:20:00', 102.27, 102.27, 102.27, 102.27, 794]
['2019-03-25 11:19:00', 102.37, 102.23, 102.23, 102.37, 2433]
['2019-03-25 11:17:00', 102.31, 102.31, 102.31, 102.31, 1031]
['2019-03-25 11:16:00', 102.31, 102.31, 102.31, 102.31, 774]
['2019-03-25 11:15:00', 102.29, 102.29, 102.29, 102.29, 692]
['2019-03-25 11:14:00', 102.07, 102.14, 102.07, 102.14, 1521]
['2019-03-25 11:13:00', 102.06, 102.06, 102.06, 102.06, 827]
['2019-03-25 11:12:00', 101.97, 101.98, 101.97, 101.98, 2151]
['2019-03-25 11:11:00', 101.97, 101.97, 101.97, 101.97, 407]
['2019-03-25 11:09:00', 102.04, 102.04, 102.04, 102.04, 1234]
['2019-03-25 11:08:00', 101.97, 101.97, 101.97, 101.97, 317]
['2019-03-25 11:07:00', 101.96, 101.9525, 101.9525, 101.96, 1535]
['2019-03-25 11:06:00', 101.97, 101.97, 101.97, 101.97, 1778]
['2019-03-25 11:05:00', 101.85, 101.87, 101.85, 101.87, 1033]
['2019-03-25 11:04:00', 101.83, 101.83, 101.83, 101.83, 582]
['2019-03-25 11:03:00', 101.94, 101.94, 101.94, 101.94, 208]
['2019-03-25 11:02:00', 101.98, 101.98, 101.98, 101.98, 767]
['2019-03-25 11:01:00', 101.89, 101.84, 101.84, 101.89, 1586]
['2019-03-25 11:00:00', 101.99, 101.91, 101.91, 101.99, 1178]
['2019-03-25 10:59:00', 102.05, 102.05, 102.05, 102.05, 121]
['2019-03-25 10:57:00', 101.99, 101.99, 101.99, 101.99, 767]
['2019-03-25 10:56:00', 101.99, 101.99, 101.99, 101.99, 130]
['2019-03-25 10:54:00', 102.0, 101.88, 101.85, 102.0, 3703]
['2019-03-25 10:53:00', 101.99, 101.99, 101.99, 101.99, 340]
['2019-03-25 10:52:00', 101.98, 101.98, 101.98, 101.98, 249]
['2019-03-25 10:51:00', 101.89, 101.89, 101.89, 101.89, 106]
['2019-03-25 10:50:00', 101.79, 101.79, 101.79, 101.79, 835]
['2019-03-25 10:49:00', 101.61, 101.67, 101.61, 101.67, 1111]
['2019-03-25 10:48:00', 101.555, 101.555, 101.555, 101.555, 1045]
['2019-03-25 10:47:00', 101.635, 101.635, 101.635, 101.635, 141]
['2019-03-25 10:45:00', 101.45, 101.56, 101.45, 101.56, 942]
['2019-03-25 10:44:00', 101.37, 101.37, 101.37, 101.37, 679]
['2019-03-25 10:43:00', 101.4, 101.4, 101.4, 101.4, 736]
['2019-03-25 10:42:00', 101.315, 101.315, 101.315, 101.315, 769]
['2019-03-25 10:41:00', 101.28, 101.28, 101.28, 101.28, 654]
['2019-03-25 10:40:00', 101.31, 101.31, 101.31, 101.31, 481]
['2019-03-25 10:39:00', 101.28, 101.28, 101.28, 101.28, 3123]
['2019-03-25 10:38:00', 101.35, 101.35, 101.35, 101.35, 837]
['2019-03-25 10:36:00', 101.53, 101.53, 101.53, 101.53, 1417]
['2019-03-25 10:34:00', 101.5795, 101.62, 101.5795, 101.62, 2078]
['2019-03-25 10:33:00', 101.16, 101.46, 101.16, 101.46, 4804]
['2019-03-25 10:32:00', 101.22, 101.2, 101.2, 101.22, 2179]
['2019-03-25 10:31:00', 101.25, 101.25, 101.25, 101.25, 535]
['2019-03-25 10:30:00', 101.21, 101.21, 101.21, 101.21, 885]
['2019-03-25 10:29:00', 101.25, 101.25, 101.25, 101.25, 1264]
['2019-03-25 10:27:00', 101.25, 101.17, 101.17, 101.25, 688]
['2019-03-25 10:25:00', 101.08, 101.08, 101.08, 101.08, 860]
['2019-03-25 10:24:00', 101.02, 101.02, 101.02, 101.02, 800]
['2019-03-25 10:22:00', 101.075, 101.075, 101.075, 101.075, 661]
['2019-03-25 10:21:00', 101.19, 101.13, 101.13, 101.19, 1757]
['2019-03-25 10:20:00', 101.16, 101.16, 101.16, 101.16, 389]
['2019-03-25 10:17:00', 101.16, 101.16, 101.16, 101.16, 1059]
['2019-03-25 10:16:00', 101.09, 101.09, 101.09, 101.09, 522]
['2019-03-25 10:15:00', 101.015, 101.015, 101.015, 101.015, 299]
['2019-03-25 10:14:00', 101.34, 101.22, 101.22, 101.34, 952]
['2019-03-25 10:12:00', 101.43, 101.43, 101.43, 101.43, 172]
['2019-03-25 10:10:00', 101.45, 101.45, 101.45, 101.45, 439]
['2019-03-25 10:08:00', 101.59, 101.59, 101.59, 101.59, 362]
['2019-03-25 10:06:00', 101.5, 101.5, 101.5, 101.5, 118]
['2019-03-25 10:05:00', 101.37, 101.37, 101.37, 101.37, 1229]
['2019-03-25 10:04:00', 101.34, 101.38, 101.34, 101.38, 1252]
['2019-03-25 10:02:00', 101.46, 101.46, 101.46, 101.46, 867]
['2019-03-25 09:59:00', 101.49, 101.49, 101.49, 101.49, 2194]
['2019-03-25 09:58:00', 101.35, 101.35, 101.35, 101.35, 1220]
['2019-03-25 09:57:00', 101.55, 101.61, 101.55, 101.61, 3687]
['2019-03-25 09:56:00', 101.4, 101.4, 101.4, 101.4, 678]
['2019-03-25 09:55:00', 101.67, 101.67, 101.67, 101.67, 418]
['2019-03-25 09:54:00', 101.78, 101.78, 101.78, 101.78, 3151]
['2019-03-25 09:53:00', 101.97, 101.97, 101.97, 101.97, 900]
['2019-03-25 09:52:00', 101.725, 101.725, 101.725, 101.725, 816]
['2019-03-25 09:51:00', 101.68, 101.68, 101.68, 101.68, 705]
['2019-03-25 09:50:00', 101.67, 101.67, 101.67, 101.67, 850]
['2019-03-25 09:49:00', 101.62, 101.62, 101.62, 101.62, 902]
['2019-03-25 09:48:00', 101.99, 101.99, 101.99, 101.99, 415]
['2019-03-25 09:46:00', 101.9, 101.9, 101.9, 101.9, 1081]
['2019-03-25 09:44:00', 102.02, 102.03, 102.02, 102.03, 2331]
['2019-03-25 09:43:00', 102.12, 102.0, 102.0, 102.12, 1321]
['2019-03-25 09:42:00', 102.16, 102.15, 102.15, 102.29, 10828]
['2019-03-25 09:41:00', 102.14, 102.455, 102.14, 102.46, 4198]
['2019-03-25 09:40:00', 102.11, 102.36, 102.11, 102.46, 5279]
['2019-03-25 09:38:00', 102.2, 102.1, 102.1, 102.2, 2156]
['2019-03-25 09:37:00', 101.93, 102.2, 101.93, 102.2, 1900]
['2019-03-25 09:34:00', 101.85, 101.85, 101.85, 101.85, 120]
['2019-03-25 09:33:00', 101.7, 101.7, 101.7, 101.7, 528]
['2019-03-25 09:32:00', 102.415, 101.8, 101.8, 102.415, 0]
