AMJL
['2019-03-29 11:54:00', 14.69, 14.9305, 14.69, 14.9305, 330]
['2019-03-29 11:04:00', 14.69, 14.69, 14.69, 14.69, 372]
['2019-03-29 10:59:00', 14.69, 14.69, 14.69, 14.69, 100]
['2019-03-29 10:55:00', 14.6899, 14.69, 14.6899, 14.69, 246]
['2019-03-29 10:21:00', 14.78, 14.82, 14.78, 14.82, 512]
['2019-03-29 10:20:00', 14.82, 14.82, 14.82, 14.82, 0]
['2019-03-28 15:33:00', 14.6848, 14.7802, 14.6848, 14.7802, 20359]
['2019-03-28 13:17:00', 14.57, 14.57, 14.57, 14.57, 1105]
['2019-03-28 13:16:00', 14.5301, 14.5701, 14.5301, 14.635, 2413]
['2019-03-28 13:15:00', 14.6027, 14.6027, 14.53, 14.6027, 600]
['2019-03-28 13:14:00', 14.6918, 14.6027, 14.57, 14.6918, 500]
['2019-03-28 13:13:00', 14.6027, 14.635, 14.57, 14.635, 601]
['2019-03-28 13:12:00', 14.53, 14.5335, 14.53, 14.635, 402]
['2019-03-28 13:11:00', 14.56, 14.55, 14.55, 14.56, 1098]
['2019-03-28 13:10:00', 14.5632, 14.5632, 14.5632, 14.5632, 600]
['2019-03-28 13:09:00', 14.6228, 14.56, 14.55, 14.6228, 900]
['2019-03-28 13:08:00', 14.57, 14.57, 14.57, 14.57, 200]
['2019-03-28 13:06:00', 14.585, 14.5099, 14.5099, 14.585, 1803]
['2019-03-28 13:05:00', 14.53, 14.49, 14.49, 14.53, 200]
['2019-03-28 13:03:00', 14.5599, 14.56, 14.5599, 14.56, 501]
['2019-03-28 13:02:00', 14.5599, 14.488, 14.488, 14.5599, 600]
['2019-03-28 13:01:00', 14.56, 14.488, 14.488, 14.56, 500]
['2019-03-28 13:00:00', 14.5458, 14.5576, 14.5458, 14.5599, 800]
['2019-03-28 12:58:00', 14.425, 14.425, 14.425, 14.425, 200]
['2019-03-28 12:57:00', 14.5299, 14.467, 14.467, 14.5299, 400]
['2019-03-28 12:56:00', 14.52, 14.53, 14.52, 14.53, 500]
['2019-03-28 12:55:00', 14.5199, 14.5178, 14.5178, 14.5199, 200]
['2019-03-28 12:54:00', 14.4763, 14.41, 14.41, 14.4799, 1600]
['2019-03-28 12:53:00', 14.529, 14.529, 14.529, 14.529, 200]
['2019-03-28 12:52:00', 14.53, 14.53, 14.53, 14.53, 300]
['2019-03-28 12:51:00', 14.53, 14.461, 14.461, 14.53, 400]
['2019-03-28 12:49:00', 14.4285, 14.5, 14.4285, 14.5, 400]
['2019-03-28 12:48:00', 14.46, 14.498, 14.46, 14.498, 400]
['2019-03-28 12:35:00', 14.52, 14.5, 14.5, 14.52, 285]
['2019-03-28 12:34:00', 14.52, 14.52, 14.52, 14.52, 472]
['2019-03-28 10:46:00', 14.65, 14.65, 14.65, 14.65, 1925]
['2019-03-28 10:03:00', 14.55, 14.55, 14.55, 14.55, 0]
['2019-03-27 15:14:00', 14.52, 14.5, 14.5, 14.52, 18990]
['2019-03-27 11:52:00', 14.5, 14.5, 14.5, 14.5, 18936]
['2019-03-27 11:17:00', 14.5501, 14.5501, 14.5501, 14.5501, 1001]
['2019-03-27 10:37:00', 14.65, 14.655, 14.65, 14.655, 748]
['2019-03-27 10:30:00', 14.7527, 14.75, 14.75, 14.7527, 1203]
['2019-03-27 10:29:00', 14.74, 14.74, 14.74, 14.75, 1200]
['2019-03-27 10:28:00', 14.7601, 14.76, 14.76, 14.7601, 2901]
['2019-03-27 10:27:00', 14.74, 14.71, 14.71, 14.9, 700]
['2019-03-27 10:26:00', 14.76, 14.978, 14.73, 14.978, 601]
['2019-03-27 10:25:00', 14.974, 14.76, 14.7505, 14.974, 601]
['2019-03-27 10:24:00', 14.75, 14.73, 14.73, 14.75, 700]
['2019-03-27 10:23:00', 14.72, 14.72, 14.72, 14.72, 1505]
['2019-03-27 10:22:00', 14.71, 14.71, 14.7099, 14.71, 1000]
['2019-03-27 10:21:00', 14.7, 14.7, 14.7, 14.7, 501]
['2019-03-27 10:20:00', 14.6699, 14.67, 14.56, 14.67, 2901]
['2019-03-27 10:19:00', 14.6999, 14.7, 14.6999, 14.7, 300]
['2019-03-27 10:18:00', 14.7, 14.622, 14.622, 14.7, 326]
['2019-03-27 10:17:00', 14.7, 14.7, 14.7, 14.7, 674]
['2019-03-27 10:16:00', 14.67, 14.68, 14.67, 14.68, 601]
['2019-03-27 10:15:00', 14.6699, 14.67, 14.6699, 14.67, 300]
['2019-03-27 10:14:00', 14.6699, 14.516, 14.516, 14.6699, 200]
['2019-03-27 10:13:00', 14.67, 14.601, 14.601, 14.67, 400]
['2019-03-27 10:12:00', 14.6078, 14.6078, 14.6078, 14.6078, 200]
['2019-03-27 10:11:00', 14.67, 14.685, 14.67, 14.685, 0]
['2019-03-26 14:10:00', 14.7, 14.6796, 14.6796, 14.7, 15339]
['2019-03-26 13:22:00', 14.68, 14.685, 14.68, 14.685, 700]
['2019-03-26 11:40:00', 14.71, 14.71, 14.71, 14.71, 210]
['2019-03-26 11:38:00', 14.748, 14.7, 14.7, 14.748, 1431]
['2019-03-26 11:34:00', 14.6601, 14.6601, 14.6601, 14.6601, 2196]
['2019-03-26 11:33:00', 14.6827, 14.6827, 14.6827, 14.6827, 900]
['2019-03-26 11:32:00', 14.7, 14.7, 14.7, 14.7, 400]
['2019-03-26 11:31:00', 14.71, 14.71, 14.71, 14.71, 1100]
['2019-03-26 11:29:00', 14.63, 14.63, 14.63, 14.63, 313]
['2019-03-26 11:27:00', 14.67, 14.67, 14.67, 14.67, 292]
['2019-03-26 11:26:00', 14.65, 14.65, 14.65, 14.65, 400]
['2019-03-26 11:24:00', 14.604, 14.604, 14.604, 14.604, 500]
['2019-03-26 11:23:00', 14.65, 14.65, 14.65, 14.65, 900]
['2019-03-26 11:21:00', 14.5999, 14.5999, 14.5999, 14.5999, 900]
['2019-03-26 11:19:00', 14.64, 14.64, 14.64, 14.64, 1134]
['2019-03-26 11:13:00', 14.7667, 14.7667, 14.7667, 14.7667, 202]
['2019-03-26 11:10:00', 14.75, 14.75, 14.75, 14.75, 100]
['2019-03-26 11:09:00', 14.85, 14.85, 14.85, 14.85, 1100]
['2019-03-26 11:08:00', 14.87, 14.87, 14.87, 14.87, 1087]
['2019-03-26 09:36:00', 14.65, 14.65, 14.65, 14.65, 337]
['2019-03-26 09:31:00', 14.6473, 14.65, 14.6473, 14.65, 1102]
['2019-03-25 14:48:00', 14.52, 14.6446, 14.52, 14.6446, 0]
['2019-03-25 14:47:00', 14.54, 14.54, 14.54, 14.54, 1200]
['2019-03-25 14:45:00', 14.5725, 14.5725, 14.5725, 14.5725, 1100]
['2019-03-25 14:44:00', 14.54, 14.54, 14.54, 14.54, 107]
['2019-03-25 14:39:00', 14.4599, 14.4599, 14.4599, 14.4599, 926]
['2019-03-25 14:38:00', 14.43, 14.43, 14.43, 14.43, 700]
['2019-03-25 14:37:00', 14.4085, 14.4085, 14.4085, 14.4085, 1200]
['2019-03-25 14:35:00', 14.47, 14.47, 14.47, 14.47, 800]
['2019-03-25 14:34:00', 14.43, 14.43, 14.43, 14.43, 226]
['2019-03-25 14:32:00', 14.45, 14.45, 14.45, 14.45, 100]
['2019-03-25 13:28:00', 14.5527, 14.555, 14.5527, 14.555, 913]
['2019-03-25 13:07:00', 14.56, 14.56, 14.56, 14.56, 100]
['2019-03-25 13:05:00', 14.5897, 14.5897, 14.5897, 14.5897, 200]
['2019-03-25 12:52:00', 14.549, 14.549, 14.549, 14.549, 100]
['2019-03-25 12:35:00', 14.57, 14.57, 14.57, 14.57, 100]
['2019-03-25 12:28:00', 14.63, 14.63, 14.63, 14.63, 1600]
['2019-03-25 12:27:00', 14.6301, 14.6301, 14.6301, 14.6301, 400]
['2019-03-25 12:23:00', 14.59, 14.59, 14.59, 14.59, 701]
['2019-03-25 12:22:00', 14.53, 14.53, 14.53, 14.53, 1001]
['2019-03-25 12:20:00', 14.5299, 14.5299, 14.5299, 14.5299, 1100]
['2019-03-25 12:19:00', 14.519, 14.519, 14.519, 14.519, 1800]
['2019-03-25 12:18:00', 14.49, 14.49, 14.49, 14.49, 700]
['2019-03-25 12:16:00', 14.49, 14.49, 14.49, 14.49, 300]
['2019-03-25 12:15:00', 14.48, 14.48, 14.48, 14.48, 301]
['2019-03-25 12:09:00', 14.4973, 14.5, 14.4973, 14.5, 1022]
['2019-03-25 10:18:00', 14.3597, 14.3597, 14.3597, 14.3597, 418]
['2019-03-25 10:13:00', 14.45, 14.45, 14.45, 14.45, 200]
['2019-03-25 10:06:00', 14.57, 14.57, 14.57, 14.57, 1501]
['2019-03-25 10:05:00', 14.45, 14.45, 14.45, 14.45, 2400]
['2019-03-25 10:04:00', 14.45, 14.45, 14.45, 14.45, 400]
['2019-03-25 10:02:00', 14.4, 14.4, 14.4, 14.4, 3400]
['2019-03-25 10:00:00', 14.5301, 14.5301, 14.5301, 14.5301, 700]
['2019-03-25 09:59:00', 14.53, 14.53, 14.53, 14.53, 200]
['2019-03-25 09:57:00', 14.55, 14.55, 14.55, 14.55, 300]
['2019-03-25 09:56:00', 14.58, 14.58, 14.58, 14.58, 1000]
['2019-03-25 09:55:00', 14.58, 14.58, 14.58, 14.58, 1400]
['2019-03-25 09:51:00', 14.45, 14.45, 14.45, 14.45, 832]
['2019-03-25 09:44:00', 14.52, 14.52, 14.52, 14.52, 953]
['2019-03-25 09:43:00', 14.54, 14.54, 14.54, 14.54, 0]
