AMOV
['2019-03-29 16:00:00', 14.27, 14.27, 14.27, 14.27, 300]
['2019-03-29 15:35:00', 14.06, 14.1302, 14.06, 14.1302, 856]
['2019-03-29 13:11:00', 13.87, 13.87, 13.87, 13.87, 347]
['2019-03-29 12:15:00', 14.0, 14.0, 14.0, 14.0, 100]
['2019-03-29 10:57:00', 14.02, 14.02, 14.02, 14.02, 100]
['2019-03-29 10:02:00', 14.09, 14.09, 14.09, 14.09, 720]
['2019-03-28 10:59:00', 13.92, 13.92, 13.92, 13.92, 0]
['2019-03-27 13:11:00', 14.48, 14.48, 14.48, 14.48, 1211]
['2019-03-27 12:41:00', 14.43, 14.43, 14.43, 14.43, 197]
['2019-03-27 12:10:00', 14.3442, 14.3442, 14.3442, 14.3442, 263]
['2019-03-27 11:14:00', 14.3186, 14.3186, 14.3186, 14.3186, 163]
['2019-03-27 10:33:00', 14.39, 14.39, 14.39, 14.39, 0]
['2019-03-26 15:20:00', 14.57, 14.57, 14.57, 14.57, 2125]
['2019-03-26 11:01:00', 14.491, 14.491, 14.491, 14.491, 445]
['2019-03-26 09:31:00', 14.47, 14.47, 14.47, 14.47, 498]
['2019-03-25 12:46:00', 14.5601, 14.5601, 14.5601, 14.5601, 461]
['2019-03-25 10:48:00', 14.73, 14.73, 14.73, 14.73, 124]
['2019-03-25 09:31:00', 14.93, 14.93, 14.93, 14.93, 0]
