ATNM
['2019-03-29 16:00:00', 0.4803, 0.48, 0.48, 0.4803, 5454]
['2019-03-29 15:58:00', 0.4856, 0.4856, 0.4856, 0.4856, 850]
['2019-03-29 15:57:00', 0.4801, 0.4822, 0.4801, 0.4822, 605]
['2019-03-29 15:53:00', 0.4801, 0.4801, 0.4801, 0.4801, 3000]
['2019-03-29 15:52:00', 0.4806, 0.4801, 0.4801, 0.4806, 5200]
['2019-03-29 15:50:00', 0.4806, 0.4806, 0.4806, 0.4806, 101]
['2019-03-29 15:49:00', 0.4806, 0.4805, 0.4805, 0.4806, 500]
['2019-03-29 15:47:00', 0.4805, 0.4805, 0.4805, 0.4805, 450]
['2019-03-29 15:46:00', 0.4805, 0.4805, 0.4805, 0.4805, 100]
['2019-03-29 15:45:00', 0.4801, 0.4801, 0.4801, 0.4801, 4100]
['2019-03-29 15:40:00', 0.4801, 0.4896, 0.4801, 0.4896, 8337]
['2019-03-29 15:39:00', 0.4801, 0.48, 0.48, 0.4801, 2800]
['2019-03-29 15:37:00', 0.4801, 0.4801, 0.4801, 0.4801, 8100]
['2019-03-29 15:35:00', 0.4802, 0.4802, 0.4802, 0.4802, 100]
['2019-03-29 15:34:00', 0.4801, 0.4801, 0.4801, 0.4801, 100]
['2019-03-29 15:32:00', 0.4835, 0.4835, 0.4835, 0.4835, 4100]
['2019-03-29 15:29:00', 0.4819, 0.4819, 0.4819, 0.4819, 4020]
['2019-03-29 15:26:00', 0.4804, 0.4801, 0.4801, 0.4804, 7034]
['2019-03-29 15:23:00', 0.4853, 0.4861, 0.4853, 0.4861, 2100]
['2019-03-29 15:22:00', 0.4861, 0.4861, 0.4861, 0.4861, 100]
['2019-03-29 15:10:00', 0.48, 0.48, 0.479, 0.48, 34198]
['2019-03-29 15:04:00', 0.4799, 0.4799, 0.4799, 0.4799, 4012]
['2019-03-29 14:56:00', 0.4755, 0.48, 0.4755, 0.48, 7224]
['2019-03-29 14:52:00', 0.4642, 0.4642, 0.4642, 0.4642, 280]
['2019-03-29 14:51:00', 0.4642, 0.4642, 0.4642, 0.4642, 1170]
['2019-03-29 14:48:00', 0.476, 0.476, 0.476, 0.476, 500]
['2019-03-29 14:47:00', 0.4641, 0.4641, 0.4641, 0.4641, 100]
['2019-03-29 14:42:00', 0.476, 0.476, 0.476, 0.476, 100]
['2019-03-29 14:40:00', 0.476, 0.476, 0.476, 0.476, 353]
['2019-03-29 14:38:00', 0.4641, 0.4641, 0.4641, 0.4641, 100]
['2019-03-29 14:37:00', 0.4737, 0.4732, 0.4732, 0.4737, 1165]
['2019-03-29 14:35:00', 0.4755, 0.4755, 0.4755, 0.4755, 100]
['2019-03-29 14:31:00', 0.47, 0.47, 0.47, 0.47, 100]
['2019-03-29 14:21:00', 0.4759, 0.476, 0.4759, 0.476, 2764]
['2019-03-29 14:14:00', 0.4759, 0.4759, 0.4759, 0.4759, 500]
['2019-03-29 14:09:00', 0.474, 0.4738, 0.4733, 0.474, 4380]
['2019-03-29 14:08:00', 0.4754, 0.4736, 0.4736, 0.4754, 400]
['2019-03-29 14:04:00', 0.477, 0.477, 0.477, 0.477, 150]
['2019-03-29 14:03:00', 0.46, 0.46, 0.46, 0.46, 420]
['2019-03-29 14:02:00', 0.4695, 0.46, 0.459, 0.48, 1500]
['2019-03-29 14:01:00', 0.4599, 0.46, 0.4599, 0.47, 3800]
['2019-03-29 14:00:00', 0.4648, 0.46, 0.46, 0.4648, 4979]
['2019-03-29 13:58:00', 0.47, 0.47, 0.47, 0.47, 5216]
['2019-03-29 13:55:00', 0.4798, 0.4783, 0.4783, 0.4798, 450]
['2019-03-29 13:48:00', 0.4762, 0.4762, 0.4762, 0.4762, 600]
['2019-03-29 13:42:00', 0.4725, 0.4725, 0.4725, 0.4725, 180]
['2019-03-29 13:40:00', 0.4702, 0.4702, 0.47, 0.4702, 400]
['2019-03-29 13:39:00', 0.47, 0.47, 0.47, 0.47, 584]
['2019-03-29 13:35:00', 0.4797, 0.4797, 0.4797, 0.4797, 160]
['2019-03-29 13:30:00', 0.475, 0.475, 0.475, 0.475, 202]
['2019-03-29 13:22:00', 0.4798, 0.4798, 0.4798, 0.4798, 190]
['2019-03-29 13:15:00', 0.48, 0.4797, 0.4797, 0.48, 300]
['2019-03-29 13:12:00', 0.47, 0.4701, 0.47, 0.4701, 5599]
['2019-03-29 13:11:00', 0.4729, 0.4701, 0.4701, 0.4757, 8000]
['2019-03-29 13:08:00', 0.4857, 0.4735, 0.4735, 0.4858, 3500]
['2019-03-29 13:07:00', 0.4836, 0.4802, 0.4802, 0.4836, 3000]
['2019-03-29 13:06:00', 0.4859, 0.4859, 0.4836, 0.4859, 400]
['2019-03-29 13:05:00', 0.484, 0.484, 0.484, 0.484, 200]
['2019-03-29 13:04:00', 0.484, 0.484, 0.484, 0.484, 200]
['2019-03-29 13:03:00', 0.484, 0.484, 0.484, 0.484, 200]
['2019-03-29 13:02:00', 0.484, 0.484, 0.4835, 0.484, 300]
['2019-03-29 12:58:00', 0.484, 0.484, 0.484, 0.484, 100]
['2019-03-29 12:55:00', 0.4872, 0.4842, 0.4842, 0.4872, 200]
['2019-03-29 12:54:00', 0.4897, 0.4897, 0.4897, 0.4897, 100]
['2019-03-29 12:53:00', 0.4855, 0.4869, 0.485, 0.4869, 13535]
['2019-03-29 12:52:00', 0.4858, 0.4858, 0.4858, 0.4858, 222]
['2019-03-29 12:51:00', 0.4751, 0.4859, 0.4751, 0.4859, 1815]
['2019-03-29 12:47:00', 0.475, 0.4799, 0.475, 0.4799, 1208]
['2019-03-29 12:46:00', 0.47, 0.47, 0.47, 0.47, 503]
['2019-03-29 12:45:00', 0.47, 0.4678, 0.4678, 0.47, 5800]
['2019-03-29 12:44:00', 0.4668, 0.4678, 0.4668, 0.4678, 700]
['2019-03-29 12:41:00', 0.465, 0.465, 0.465, 0.465, 100]
['2019-03-29 12:39:00', 0.464, 0.464, 0.464, 0.464, 1002]
['2019-03-29 12:36:00', 0.4696, 0.4696, 0.4696, 0.4696, 856]
['2019-03-29 12:35:00', 0.4624, 0.4696, 0.4624, 0.4696, 544]
['2019-03-29 12:34:00', 0.4727, 0.47, 0.47, 0.4727, 4171]
['2019-03-29 12:31:00', 0.4727, 0.4727, 0.4727, 0.475, 5082]
['2019-03-29 12:29:00', 0.4727, 0.4727, 0.4727, 0.4727, 1200]
['2019-03-29 12:27:00', 0.4736, 0.4736, 0.4736, 0.4736, 104]
['2019-03-29 12:26:00', 0.475, 0.4726, 0.4726, 0.475, 700]
['2019-03-29 12:25:00', 0.4726, 0.4726, 0.4726, 0.4726, 500]
['2019-03-29 12:24:00', 0.4726, 0.4726, 0.4726, 0.4726, 300]
['2019-03-29 12:23:00', 0.4773, 0.4726, 0.4726, 0.4773, 659]
['2019-03-29 12:22:00', 0.4726, 0.4726, 0.4726, 0.4726, 300]
['2019-03-29 12:21:00', 0.4726, 0.4726, 0.4726, 0.4726, 500]
['2019-03-29 12:20:00', 0.4773, 0.4773, 0.4773, 0.4773, 110]
['2019-03-29 12:14:00', 0.4732, 0.4726, 0.4726, 0.4732, 8006]
['2019-03-29 12:13:00', 0.4812, 0.4812, 0.4812, 0.4812, 157]
['2019-03-29 12:10:00', 0.4732, 0.4732, 0.4732, 0.4732, 100]
['2019-03-29 12:09:00', 0.49, 0.4861, 0.4861, 0.49, 6000]
['2019-03-29 12:04:00', 0.4866, 0.4814, 0.4814, 0.49, 4615]
['2019-03-29 12:02:00', 0.4885, 0.4869, 0.4869, 0.4885, 405]
['2019-03-29 12:01:00', 0.4764, 0.4889, 0.4764, 0.4889, 900]
['2019-03-29 12:00:00', 0.475, 0.4759, 0.475, 0.4759, 900]
['2019-03-29 11:58:00', 0.4735, 0.4735, 0.4735, 0.4735, 145]
['2019-03-29 11:56:00', 0.4734, 0.4734, 0.4734, 0.4735, 11270]
['2019-03-29 11:53:00', 0.4734, 0.4738, 0.4734, 0.4738, 5700]
['2019-03-29 11:52:00', 0.4795, 0.48, 0.4795, 0.48, 10000]
['2019-03-29 11:51:00', 0.478, 0.478, 0.478, 0.478, 2000]
['2019-03-29 11:49:00', 0.475, 0.48, 0.475, 0.4813, 5000]
['2019-03-29 11:48:00', 0.475, 0.475, 0.475, 0.475, 120]
['2019-03-29 11:47:00', 0.4733, 0.4738, 0.4733, 0.4778, 13200]
['2019-03-29 11:46:00', 0.4733, 0.4733, 0.4733, 0.4733, 1400]
['2019-03-29 11:45:00', 0.4801, 0.4795, 0.4795, 0.4801, 14812]
['2019-03-29 11:44:00', 0.48, 0.4801, 0.48, 0.4801, 465]
['2019-03-29 11:41:00', 0.4835, 0.4835, 0.4835, 0.4835, 250]
['2019-03-29 11:40:00', 0.4841, 0.4841, 0.4841, 0.4841, 4100]
['2019-03-29 11:29:00', 0.48, 0.4851, 0.48, 0.4851, 965]
['2019-03-29 11:28:00', 0.4815, 0.4801, 0.4801, 0.4852, 10100]
['2019-03-29 11:23:00', 0.4801, 0.48, 0.48, 0.4801, 11304]
['2019-03-29 11:20:00', 0.4869, 0.4859, 0.48, 0.4869, 3030]
['2019-03-29 11:19:00', 0.48, 0.48, 0.48, 0.48, 100]
['2019-03-29 11:18:00', 0.485, 0.48, 0.48, 0.487, 2246]
['2019-03-29 11:17:00', 0.487, 0.487, 0.487, 0.487, 12800]
['2019-03-29 11:16:00', 0.4888, 0.4888, 0.4888, 0.4888, 203]
['2019-03-29 11:14:00', 0.484, 0.4873, 0.484, 0.4873, 4940]
['2019-03-29 11:13:00', 0.4851, 0.4851, 0.4851, 0.4851, 400]
['2019-03-29 11:12:00', 0.4851, 0.485, 0.485, 0.4851, 6305]
['2019-03-29 11:11:00', 0.489, 0.4851, 0.485, 0.489, 2610]
['2019-03-29 11:10:00', 0.4893, 0.489, 0.489, 0.4893, 841]
['2019-03-29 11:05:00', 0.4828, 0.4828, 0.4828, 0.4828, 260]
['2019-03-29 11:04:00', 0.4835, 0.4886, 0.4835, 0.49, 3200]
['2019-03-29 11:00:00', 0.485, 0.485, 0.485, 0.485, 100]
['2019-03-29 10:55:00', 0.4849, 0.482, 0.482, 0.4849, 2200]
['2019-03-29 10:54:00', 0.4821, 0.4821, 0.482, 0.4821, 8700]
['2019-03-29 10:52:00', 0.483, 0.485, 0.483, 0.485, 1000]
['2019-03-29 10:47:00', 0.4849, 0.4849, 0.4849, 0.4849, 112]
['2019-03-29 10:44:00', 0.4802, 0.4802, 0.4802, 0.4802, 2222]
['2019-03-29 10:43:00', 0.4888, 0.4888, 0.4888, 0.4888, 100]
['2019-03-29 10:42:00', 0.4834, 0.4834, 0.4834, 0.4834, 1000]
['2019-03-29 10:40:00', 0.4878, 0.4878, 0.4878, 0.4878, 153]
['2019-03-29 10:39:00', 0.48, 0.4801, 0.48, 0.4801, 8635]
['2019-03-29 10:38:00', 0.4726, 0.4726, 0.4726, 0.4726, 1200]
['2019-03-29 10:36:00', 0.4723, 0.4723, 0.4723, 0.4723, 900]
['2019-03-29 10:34:00', 0.48, 0.4721, 0.4721, 0.48, 10860]
['2019-03-29 10:33:00', 0.4729, 0.475, 0.4729, 0.475, 200]
['2019-03-29 10:31:00', 0.475, 0.4731, 0.4731, 0.475, 3200]
['2019-03-29 10:30:00', 0.4728, 0.473, 0.4728, 0.473, 5700]
['2019-03-29 10:28:00', 0.4729, 0.4715, 0.4715, 0.4729, 2300]
['2019-03-29 10:27:00', 0.4729, 0.4729, 0.4729, 0.4729, 150]
['2019-03-29 10:26:00', 0.4729, 0.4729, 0.4729, 0.4729, 300]
['2019-03-29 10:23:00', 0.4733, 0.4715, 0.4715, 0.4733, 8507]
['2019-03-29 10:17:00', 0.4787, 0.48, 0.4787, 0.48, 3600]
['2019-03-29 10:16:00', 0.4745, 0.475, 0.4745, 0.475, 1000]
['2019-03-29 10:14:00', 0.4694, 0.4694, 0.4694, 0.4694, 300]
['2019-03-29 10:13:00', 0.4698, 0.4698, 0.4678, 0.47, 6710]
['2019-03-29 10:12:00', 0.47, 0.47, 0.47, 0.47, 400]
['2019-03-29 10:10:00', 0.4677, 0.4677, 0.4677, 0.4677, 1000]
['2019-03-29 10:09:00', 0.4749, 0.4749, 0.4749, 0.4749, 3100]
['2019-03-29 10:08:00', 0.4749, 0.4749, 0.4749, 0.4749, 100]
['2019-03-29 10:07:00', 0.47, 0.475, 0.47, 0.475, 875]
['2019-03-29 10:06:00', 0.47, 0.47, 0.47, 0.47, 3903]
['2019-03-29 10:05:00', 0.46, 0.46, 0.46, 0.46, 19374]
['2019-03-29 10:04:00', 0.4646, 0.46, 0.46, 0.4646, 33301]
['2019-03-29 09:59:00', 0.4776, 0.4776, 0.4776, 0.4776, 1008]
['2019-03-29 09:58:00', 0.475, 0.48, 0.47, 0.48, 13653]
['2019-03-29 09:57:00', 0.4749, 0.4749, 0.4749, 0.4749, 2222]
['2019-03-29 09:55:00', 0.4669, 0.47, 0.4669, 0.47, 3275]
['2019-03-29 09:54:00', 0.4668, 0.4669, 0.4668, 0.4669, 2900]
['2019-03-29 09:49:00', 0.4669, 0.4669, 0.4669, 0.4669, 7500]
['2019-03-29 09:47:00', 0.4604, 0.4699, 0.4604, 0.4699, 3859]
['2019-03-29 09:46:00', 0.47, 0.47, 0.47, 0.47, 245]
['2019-03-29 09:45:00', 0.4749, 0.4749, 0.4749, 0.4749, 200]
['2019-03-29 09:40:00', 0.4749, 0.4749, 0.4749, 0.4749, 9375]
['2019-03-29 09:38:00', 0.48, 0.48, 0.48, 0.48, 100]
['2019-03-29 09:37:00', 0.4799, 0.4696, 0.4696, 0.4799, 21763]
['2019-03-29 09:36:00', 0.4796, 0.4701, 0.4701, 0.4796, 6100]
['2019-03-29 09:35:00', 0.4808, 0.4897, 0.4808, 0.4897, 3404]
['2019-03-29 09:34:00', 0.48, 0.48, 0.48, 0.5, 21850]
['2019-03-29 09:33:00', 0.4776, 0.4799, 0.47, 0.4799, 9673]
['2019-03-29 09:32:00', 0.47, 0.4703, 0.47, 0.4703, 599]
['2019-03-29 09:31:00', 0.475, 0.4776, 0.475, 0.4776, 8819]
['2019-03-28 15:59:00', 0.46, 0.4595, 0.4595, 0.46, 0]
['2019-03-28 15:58:00', 0.4599, 0.4595, 0.4595, 0.4599, 10500]
['2019-03-28 15:57:00', 0.4599, 0.4599, 0.4597, 0.4599, 849]
['2019-03-28 15:56:00', 0.46, 0.4599, 0.4599, 0.46, 4666]
['2019-03-28 15:53:00', 0.4599, 0.4599, 0.4599, 0.4599, 200]
['2019-03-28 15:52:00', 0.46, 0.46, 0.46, 0.46, 800]
['2019-03-28 15:51:00', 0.4595, 0.4596, 0.4595, 0.4596, 498]
['2019-03-28 15:48:00', 0.46, 0.4595, 0.4595, 0.46, 1872]
['2019-03-28 15:47:00', 0.46, 0.46, 0.46, 0.46, 2400]
['2019-03-28 15:46:00', 0.46, 0.46, 0.46, 0.46, 7328]
['2019-03-28 15:43:00', 0.4602, 0.4602, 0.46, 0.4602, 13296]
['2019-03-28 15:42:00', 0.4603, 0.4602, 0.4602, 0.4629, 2700]
['2019-03-28 15:41:00', 0.4649, 0.4649, 0.4649, 0.4649, 600]
['2019-03-28 15:40:00', 0.465, 0.4603, 0.4603, 0.465, 10700]
['2019-03-28 15:39:00', 0.465, 0.47, 0.465, 0.47, 2700]
['2019-03-28 15:38:00', 0.465, 0.465, 0.465, 0.465, 2000]
['2019-03-28 15:37:00', 0.465, 0.465, 0.465, 0.465, 100]
['2019-03-28 15:35:00', 0.4699, 0.4699, 0.4699, 0.4699, 525]
['2019-03-28 15:33:00', 0.461, 0.4602, 0.4602, 0.461, 12000]
['2019-03-28 15:30:00', 0.47, 0.47, 0.47, 0.47, 500]
['2019-03-28 15:28:00', 0.4686, 0.4633, 0.4602, 0.4686, 2078]
['2019-03-28 15:27:00', 0.4686, 0.4686, 0.4686, 0.4686, 300]
['2019-03-28 15:26:00', 0.4695, 0.4686, 0.4686, 0.4695, 586]
['2019-03-28 15:25:00', 0.469, 0.47, 0.4602, 0.47, 1300]
['2019-03-28 15:24:00', 0.4661, 0.4602, 0.4601, 0.47, 6762]
['2019-03-28 15:23:00', 0.4602, 0.4602, 0.4602, 0.4602, 500]
['2019-03-28 15:22:00', 0.4602, 0.4602, 0.4602, 0.4602, 100]
['2019-03-28 15:16:00', 0.465, 0.465, 0.465, 0.465, 100]
['2019-03-28 15:15:00', 0.4603, 0.4603, 0.4603, 0.4603, 400]
['2019-03-28 15:14:00', 0.465, 0.465, 0.465, 0.465, 194]
['2019-03-28 15:07:00', 0.4603, 0.4603, 0.4603, 0.4603, 103]
['2019-03-28 15:03:00', 0.4603, 0.4585, 0.4585, 0.4603, 250]
['2019-03-28 14:52:00', 0.4603, 0.4602, 0.4602, 0.4603, 500]
['2019-03-28 14:51:00', 0.465, 0.465, 0.465, 0.465, 200]
['2019-03-28 14:47:00', 0.4649, 0.4649, 0.4649, 0.4649, 100]
['2019-03-28 14:41:00', 0.4619, 0.4601, 0.4601, 0.4619, 1200]
['2019-03-28 14:35:00', 0.4601, 0.4601, 0.4601, 0.4601, 15000]
['2019-03-28 14:25:00', 0.465, 0.4601, 0.4601, 0.465, 200]
['2019-03-28 14:21:00', 0.4601, 0.4601, 0.4601, 0.4601, 1600]
['2019-03-28 14:18:00', 0.4601, 0.4601, 0.4601, 0.4601, 2200]
['2019-03-28 14:06:00', 0.4625, 0.4625, 0.4625, 0.4625, 4000]
['2019-03-28 14:05:00', 0.46, 0.46, 0.46, 0.46, 8702]
['2019-03-28 14:03:00', 0.4601, 0.46, 0.4596, 0.4601, 34369]
['2019-03-28 14:02:00', 0.4601, 0.4601, 0.4601, 0.4601, 11573]
['2019-03-28 13:50:00', 0.465, 0.465, 0.465, 0.465, 100]
['2019-03-28 13:48:00', 0.4697, 0.4696, 0.4696, 0.4697, 10034]
['2019-03-28 13:44:00', 0.4699, 0.4699, 0.4699, 0.4699, 221]
['2019-03-28 13:34:00', 0.4697, 0.4697, 0.4697, 0.4697, 5000]
['2019-03-28 13:29:00', 0.4689, 0.47, 0.4689, 0.47, 5700]
['2019-03-28 13:27:00', 0.4661, 0.4679, 0.4661, 0.4679, 500]
['2019-03-28 13:17:00', 0.4662, 0.4662, 0.4662, 0.4662, 5027]
['2019-03-28 13:15:00', 0.4661, 0.4661, 0.4661, 0.4661, 100]
['2019-03-28 13:14:00', 0.4689, 0.4689, 0.4689, 0.4689, 100]
['2019-03-28 13:12:00', 0.4661, 0.4661, 0.4661, 0.4661, 200]
['2019-03-28 13:07:00', 0.4689, 0.4689, 0.4689, 0.4689, 100]
['2019-03-28 13:03:00', 0.4684, 0.4684, 0.4684, 0.4684, 100]
['2019-03-28 13:02:00', 0.4661, 0.4661, 0.4661, 0.4661, 1981]
['2019-03-28 12:57:00', 0.4661, 0.4661, 0.4661, 0.4661, 119]
['2019-03-28 12:50:00', 0.469, 0.469, 0.469, 0.469, 1020]
['2019-03-28 12:35:00', 0.4645, 0.4641, 0.4641, 0.4645, 305]
['2019-03-28 12:18:00', 0.4641, 0.4645, 0.4641, 0.4645, 206]
['2019-03-28 12:16:00', 0.469, 0.469, 0.469, 0.469, 100]
['2019-03-28 12:09:00', 0.469, 0.469, 0.469, 0.469, 2000]
['2019-03-28 12:04:00', 0.468, 0.468, 0.468, 0.468, 100]
['2019-03-28 11:59:00', 0.4605, 0.4617, 0.4603, 0.4617, 2917]
['2019-03-28 11:55:00', 0.4687, 0.461, 0.4604, 0.4687, 369]
['2019-03-28 11:52:00', 0.4601, 0.4601, 0.4601, 0.4601, 100]
['2019-03-28 11:51:00', 0.464, 0.47, 0.463, 0.47, 20483]
['2019-03-28 11:50:00', 0.464, 0.464, 0.464, 0.464, 1000]
['2019-03-28 11:44:00', 0.4655, 0.47, 0.463, 0.47, 12601]
['2019-03-28 11:41:00', 0.4691, 0.4691, 0.4691, 0.4691, 212]
['2019-03-28 11:40:00', 0.47, 0.47, 0.47, 0.47, 5000]
['2019-03-28 11:36:00', 0.465, 0.47, 0.465, 0.47, 3755]
['2019-03-28 11:35:00', 0.4631, 0.4631, 0.4631, 0.4631, 200]
['2019-03-28 11:33:00', 0.47, 0.47, 0.47, 0.47, 100]
['2019-03-28 11:30:00', 0.4655, 0.4655, 0.4655, 0.4655, 325]
['2019-03-28 11:16:00', 0.4632, 0.4632, 0.4632, 0.4632, 24844]
['2019-03-28 11:04:00', 0.4632, 0.4632, 0.4632, 0.4632, 1051]
['2019-03-28 10:57:00', 0.4676, 0.4676, 0.4676, 0.4676, 444]
['2019-03-28 10:54:00', 0.4621, 0.4621, 0.4621, 0.4621, 450]
['2019-03-28 10:53:00', 0.4676, 0.4676, 0.4676, 0.4676, 10151]
['2019-03-28 10:46:00', 0.47, 0.47, 0.47, 0.47, 200]
['2019-03-28 10:42:00', 0.46, 0.46, 0.46, 0.46, 101]
['2019-03-28 10:40:00', 0.4666, 0.4666, 0.4666, 0.4666, 3116]
['2019-03-28 10:39:00', 0.4666, 0.4665, 0.4665, 0.4666, 4912]
['2019-03-28 10:36:00', 0.4666, 0.4666, 0.4666, 0.4666, 388]
['2019-03-28 10:35:00', 0.4688, 0.4688, 0.4688, 0.4688, 512]
['2019-03-28 10:33:00', 0.47, 0.47, 0.47, 0.47, 100]
['2019-03-28 10:30:00', 0.47, 0.47, 0.47, 0.47, 200]
['2019-03-28 10:29:00', 0.4668, 0.4668, 0.4668, 0.4668, 1142]
['2019-03-28 10:26:00', 0.4662, 0.4662, 0.4662, 0.4662, 575]
['2019-03-28 10:25:00', 0.465, 0.465, 0.465, 0.465, 300]
['2019-03-28 10:23:00', 0.465, 0.465, 0.465, 0.465, 700]
['2019-03-28 10:22:00', 0.4625, 0.465, 0.4625, 0.465, 713]
['2019-03-28 10:20:00', 0.4623, 0.4623, 0.4623, 0.4623, 3003]
['2019-03-28 10:19:00', 0.465, 0.465, 0.465, 0.465, 5588]
['2019-03-28 10:18:00', 0.4649, 0.465, 0.4649, 0.465, 20749]
['2019-03-28 10:17:00', 0.4605, 0.465, 0.4601, 0.465, 25051]
['2019-03-28 10:16:00', 0.4605, 0.4605, 0.4605, 0.4605, 100]
['2019-03-28 10:13:00', 0.4601, 0.4641, 0.4601, 0.4641, 4100]
['2019-03-28 10:05:00', 0.4641, 0.4641, 0.4641, 0.4641, 1007]
['2019-03-28 10:04:00', 0.4586, 0.4586, 0.4586, 0.4586, 1000]
['2019-03-28 10:03:00', 0.4585, 0.4592, 0.4585, 0.4592, 1010]
['2019-03-28 10:02:00', 0.4642, 0.4586, 0.4586, 0.4642, 27100]
['2019-03-28 10:01:00', 0.4643, 0.4643, 0.4643, 0.4643, 100]
['2019-03-28 09:57:00', 0.465, 0.4643, 0.4643, 0.465, 1292]
['2019-03-28 09:52:00', 0.4671, 0.4671, 0.4671, 0.4671, 430]
['2019-03-28 09:49:00', 0.4667, 0.4667, 0.4667, 0.4667, 250]
['2019-03-28 09:48:00', 0.4693, 0.4691, 0.4691, 0.4693, 1889]
['2019-03-28 09:47:00', 0.4716, 0.4716, 0.4716, 0.4716, 100]
['2019-03-28 09:40:00', 0.4782, 0.4782, 0.4782, 0.4782, 1150]
['2019-03-28 09:39:00', 0.4701, 0.4701, 0.4701, 0.4701, 770]
['2019-03-28 09:37:00', 0.4692, 0.4692, 0.4692, 0.4692, 1451]
['2019-03-28 09:36:00', 0.4691, 0.4691, 0.4691, 0.4691, 1000]
['2019-03-28 09:35:00', 0.4691, 0.4691, 0.4691, 0.4691, 1000]
['2019-03-28 09:32:00', 0.4783, 0.47, 0.47, 0.4783, 3557]
['2019-03-28 09:31:00', 0.4759, 0.4759, 0.4759, 0.4759, 22880]
['2019-03-27 16:00:00', 0.4691, 0.4691, 0.4691, 0.4697, 0]
['2019-03-27 15:59:00', 0.4691, 0.4691, 0.4691, 0.4691, 100]
['2019-03-27 15:58:00', 0.4681, 0.4682, 0.4681, 0.4682, 203]
['2019-03-27 15:57:00', 0.4691, 0.4691, 0.4691, 0.4691, 500]
['2019-03-27 15:56:00', 0.4682, 0.4698, 0.4681, 0.4698, 4300]
['2019-03-27 15:55:00', 0.4681, 0.4681, 0.4681, 0.4681, 300]
['2019-03-27 15:54:00', 0.469, 0.469, 0.469, 0.469, 100]
['2019-03-27 15:53:00', 0.4695, 0.469, 0.469, 0.4695, 840]
['2019-03-27 15:52:00', 0.4698, 0.4698, 0.4698, 0.4698, 100]
['2019-03-27 15:51:00', 0.4696, 0.4695, 0.4695, 0.4696, 6800]
['2019-03-27 15:49:00', 0.4643, 0.4643, 0.4643, 0.4643, 300]
['2019-03-27 15:38:00', 0.4688, 0.4688, 0.4688, 0.4688, 5051]
['2019-03-27 15:36:00', 0.47, 0.47, 0.47, 0.47, 25000]
['2019-03-27 15:35:00', 0.4706, 0.47, 0.47, 0.4724, 16438]
['2019-03-27 15:33:00', 0.4724, 0.4724, 0.4724, 0.4724, 800]
['2019-03-27 15:32:00', 0.471, 0.4724, 0.471, 0.4724, 700]
['2019-03-27 15:31:00', 0.4755, 0.479, 0.4755, 0.479, 400]
['2019-03-27 15:29:00', 0.4789, 0.4707, 0.4707, 0.4789, 1196]
['2019-03-27 15:28:00', 0.4781, 0.4781, 0.4781, 0.4781, 1411]
['2019-03-27 15:26:00', 0.4767, 0.4779, 0.4767, 0.4779, 1100]
['2019-03-27 15:24:00', 0.4702, 0.4794, 0.4702, 0.4794, 662]
['2019-03-27 15:23:00', 0.4703, 0.4703, 0.4703, 0.4703, 500]
['2019-03-27 15:19:00', 0.4701, 0.4701, 0.4701, 0.4701, 336]
['2019-03-27 15:17:00', 0.4708, 0.4708, 0.4708, 0.4708, 464]
['2019-03-27 15:08:00', 0.4702, 0.4702, 0.4702, 0.4702, 246]
['2019-03-27 15:04:00', 0.4717, 0.4717, 0.4717, 0.4717, 400]
['2019-03-27 14:57:00', 0.4718, 0.4718, 0.4718, 0.4718, 2562]
['2019-03-27 14:42:00', 0.4716, 0.4716, 0.4716, 0.4716, 364]
['2019-03-27 14:37:00', 0.4716, 0.4716, 0.4716, 0.4716, 200]
['2019-03-27 14:36:00', 0.4715, 0.4718, 0.4715, 0.4718, 3128]
['2019-03-27 14:24:00', 0.4714, 0.4714, 0.4714, 0.4714, 100]
['2019-03-27 14:22:00', 0.4718, 0.4718, 0.4718, 0.4718, 1000]
['2019-03-27 14:17:00', 0.47, 0.47, 0.47, 0.47, 100]
['2019-03-27 14:15:00', 0.4711, 0.4711, 0.4711, 0.4711, 2000]
['2019-03-27 14:11:00', 0.47, 0.47, 0.47, 0.47, 104]
['2019-03-27 14:07:00', 0.4705, 0.47, 0.47, 0.4705, 4778]
['2019-03-27 14:04:00', 0.4707, 0.4705, 0.4705, 0.4707, 400]
['2019-03-27 13:55:00', 0.4707, 0.4707, 0.4707, 0.4707, 206]
['2019-03-27 13:50:00', 0.4717, 0.4742, 0.4717, 0.4742, 2840]
['2019-03-27 13:49:00', 0.4706, 0.4706, 0.4706, 0.4706, 100]
['2019-03-27 13:48:00', 0.4707, 0.4707, 0.4707, 0.4707, 1221]
['2019-03-27 13:30:00', 0.4701, 0.4701, 0.4701, 0.4701, 253]
['2019-03-27 13:14:00', 0.4792, 0.4778, 0.4778, 0.4792, 1831]
['2019-03-27 13:12:00', 0.48, 0.48, 0.48, 0.48, 2012]
['2019-03-27 13:11:00', 0.4802, 0.4795, 0.4795, 0.4802, 211352]
['2019-03-27 13:10:00', 0.4802, 0.4802, 0.4802, 0.4802, 100]
['2019-03-27 13:09:00', 0.4802, 0.4802, 0.4802, 0.4802, 5000]
['2019-03-27 13:03:00', 0.4817, 0.48, 0.48, 0.4817, 3379]
['2019-03-27 13:01:00', 0.4809, 0.481, 0.48, 0.481, 650]
['2019-03-27 12:58:00', 0.4802, 0.4802, 0.4802, 0.4802, 924]
['2019-03-27 12:56:00', 0.4815, 0.48, 0.48, 0.4815, 15400]
['2019-03-27 12:52:00', 0.4802, 0.4869, 0.4802, 0.4888, 2900]
['2019-03-27 12:51:00', 0.4801, 0.481, 0.48, 0.481, 1800]
['2019-03-27 12:50:00', 0.48, 0.48, 0.48, 0.48, 200]
['2019-03-27 12:46:00', 0.48, 0.48, 0.48, 0.48, 100]
['2019-03-27 12:45:00', 0.4801, 0.4801, 0.48, 0.4801, 3400]
['2019-03-27 12:37:00', 0.48, 0.48, 0.48, 0.48, 100]
['2019-03-27 12:35:00', 0.4801, 0.48, 0.48, 0.4801, 2350]
['2019-03-27 12:32:00', 0.48, 0.48, 0.48, 0.48, 401]
['2019-03-27 12:28:00', 0.48, 0.48, 0.48, 0.48, 110]
['2019-03-27 12:23:00', 0.48, 0.48, 0.48, 0.4801, 2325]
['2019-03-27 12:22:00', 0.48, 0.48, 0.48, 0.48, 2700]
['2019-03-27 12:21:00', 0.48, 0.48, 0.48, 0.48, 20800]
['2019-03-27 12:14:00', 0.48, 0.48, 0.48, 0.48, 100]
['2019-03-27 12:13:00', 0.48, 0.48, 0.48, 0.48, 200]
['2019-03-27 12:12:00', 0.48, 0.48, 0.48, 0.48, 3000]
['2019-03-27 12:10:00', 0.48, 0.48, 0.48, 0.48, 400]
['2019-03-27 12:08:00', 0.48, 0.48, 0.48, 0.4801, 2100]
['2019-03-27 12:05:00', 0.48, 0.48, 0.48, 0.48, 297]
['2019-03-27 12:03:00', 0.48, 0.48, 0.48, 0.48, 105]
['2019-03-27 12:02:00', 0.48, 0.48, 0.48, 0.48, 1300]
['2019-03-27 12:00:00', 0.48, 0.48, 0.48, 0.48, 100]
['2019-03-27 11:59:00', 0.48, 0.48, 0.48, 0.48, 12505]
['2019-03-27 11:56:00', 0.48, 0.48, 0.48, 0.48, 400]
['2019-03-27 11:55:00', 0.48, 0.48, 0.48, 0.48, 3020]
['2019-03-27 11:52:00', 0.4801, 0.48, 0.48, 0.4801, 301]
['2019-03-27 11:47:00', 0.48, 0.48, 0.48, 0.48, 110]
['2019-03-27 11:46:00', 0.48, 0.48, 0.48, 0.48, 200]
['2019-03-27 11:45:00', 0.4801, 0.4801, 0.4801, 0.4801, 119]
['2019-03-27 11:43:00', 0.4801, 0.4801, 0.4801, 0.4801, 100]
['2019-03-27 11:36:00', 0.48, 0.48, 0.48, 0.48, 100]
['2019-03-27 11:35:00', 0.48, 0.48, 0.48, 0.48, 110]
['2019-03-27 11:29:00', 0.4801, 0.48, 0.48, 0.4801, 320]
['2019-03-27 11:28:00', 0.48, 0.48, 0.48, 0.48, 275]
['2019-03-27 11:26:00', 0.48, 0.48, 0.48, 0.48, 400]
['2019-03-27 11:25:00', 0.48, 0.48, 0.48, 0.48, 13826]
['2019-03-27 11:23:00', 0.482, 0.4801, 0.4801, 0.482, 2302]
['2019-03-27 11:20:00', 0.4818, 0.4808, 0.4808, 0.4819, 1241]
['2019-03-27 11:17:00', 0.4811, 0.481, 0.481, 0.4811, 12000]
['2019-03-27 11:11:00', 0.4811, 0.4811, 0.4811, 0.4811, 150]
['2019-03-27 11:10:00', 0.4811, 0.4811, 0.4811, 0.4811, 3200]
['2019-03-27 11:01:00', 0.4811, 0.4811, 0.4811, 0.4811, 725]
['2019-03-27 11:00:00', 0.4811, 0.4811, 0.4811, 0.4811, 100]
['2019-03-27 10:59:00', 0.4828, 0.4812, 0.4812, 0.4828, 240]
['2019-03-27 10:52:00', 0.4814, 0.4814, 0.4814, 0.4814, 300]
['2019-03-27 10:49:00', 0.4846, 0.4831, 0.4831, 0.4846, 200]
['2019-03-27 10:47:00', 0.4811, 0.4811, 0.4811, 0.4811, 100]
['2019-03-27 10:46:00', 0.4814, 0.4811, 0.4811, 0.4847, 1800]
['2019-03-27 10:45:00', 0.4814, 0.4823, 0.4814, 0.4831, 10300]
['2019-03-27 10:44:00', 0.4814, 0.4814, 0.4814, 0.4814, 1200]
['2019-03-27 10:43:00', 0.4814, 0.4814, 0.4814, 0.4832, 17405]
['2019-03-27 10:42:00', 0.4816, 0.4814, 0.4814, 0.4816, 900]
['2019-03-27 10:41:00', 0.4817, 0.4817, 0.4817, 0.4817, 125]
['2019-03-27 10:40:00', 0.4814, 0.4814, 0.4814, 0.4814, 525]
['2019-03-27 10:34:00', 0.4821, 0.4812, 0.4812, 0.4822, 3402]
['2019-03-27 10:33:00', 0.4824, 0.4828, 0.4824, 0.4828, 500]
['2019-03-27 10:32:00', 0.4826, 0.4826, 0.4826, 0.4826, 100]
['2019-03-27 10:29:00', 0.4814, 0.4814, 0.4814, 0.4814, 200]
['2019-03-27 10:28:00', 0.4813, 0.4813, 0.4813, 0.4813, 400]
['2019-03-27 10:27:00', 0.48, 0.4812, 0.48, 0.4845, 4100]
['2019-03-27 10:24:00', 0.4815, 0.48, 0.48, 0.4815, 3800]
['2019-03-27 10:23:00', 0.4848, 0.4848, 0.4848, 0.4848, 115]
['2019-03-27 10:21:00', 0.481, 0.48, 0.48, 0.481, 17800]
['2019-03-27 10:18:00', 0.481, 0.481, 0.481, 0.481, 200]
['2019-03-27 10:17:00', 0.4842, 0.481, 0.481, 0.4842, 4200]
['2019-03-27 10:16:00', 0.481, 0.481, 0.481, 0.481, 600]
['2019-03-27 10:14:00', 0.481, 0.481, 0.481, 0.481, 200]
['2019-03-27 10:13:00', 0.4908, 0.481, 0.481, 0.4908, 2000]
['2019-03-27 10:12:00', 0.491, 0.481, 0.481, 0.4911, 2536]
['2019-03-27 10:11:00', 0.481, 0.481, 0.481, 0.481, 100]
['2019-03-27 10:10:00', 0.481, 0.481, 0.481, 0.481, 670]
['2019-03-27 10:09:00', 0.482, 0.481, 0.481, 0.482, 1100]
['2019-03-27 10:08:00', 0.48, 0.48, 0.48, 0.48, 609]
['2019-03-27 10:07:00', 0.4812, 0.48, 0.48, 0.4812, 5000]
['2019-03-27 10:05:00', 0.4811, 0.4818, 0.4811, 0.4818, 10500]
['2019-03-27 10:04:00', 0.4856, 0.4811, 0.4811, 0.4876, 3400]
['2019-03-27 10:03:00', 0.4829, 0.4829, 0.4829, 0.4829, 800]
['2019-03-27 10:02:00', 0.4876, 0.4811, 0.4811, 0.4876, 1910]
['2019-03-27 10:01:00', 0.4875, 0.4828, 0.4822, 0.4875, 968]
['2019-03-27 09:58:00', 0.4822, 0.4825, 0.4821, 0.4825, 6666]
['2019-03-27 09:57:00', 0.4852, 0.4811, 0.481, 0.4852, 2000]
['2019-03-27 09:50:00', 0.49, 0.49, 0.49, 0.49, 40345]
['2019-03-27 09:47:00', 0.494, 0.494, 0.494, 0.494, 2000]
['2019-03-27 09:43:00', 0.4945, 0.495, 0.4945, 0.495, 450]
['2019-03-27 09:42:00', 0.4948, 0.4948, 0.4948, 0.4948, 1000]
['2019-03-27 09:41:00', 0.4945, 0.495, 0.4945, 0.495, 800]
['2019-03-27 09:40:00', 0.4943, 0.4924, 0.4924, 0.4943, 3300]
['2019-03-27 09:39:00', 0.4948, 0.4943, 0.4915, 0.4948, 10100]
['2019-03-27 09:38:00', 0.4948, 0.492, 0.492, 0.4948, 19200]
['2019-03-27 09:37:00', 0.4922, 0.495, 0.4921, 0.495, 1590]
['2019-03-27 09:36:00', 0.4921, 0.4946, 0.4921, 0.4946, 600]
['2019-03-27 09:32:00', 0.4978, 0.4978, 0.4978, 0.4978, 2000]
['2019-03-27 09:31:00', 0.48, 0.502, 0.48, 0.502, 68675]
['2019-03-26 16:00:00', 0.48, 0.48, 0.48, 0.48, 0]
['2019-03-26 15:55:00', 0.4801, 0.4801, 0.4801, 0.4801, 6304]
['2019-03-26 15:51:00', 0.48, 0.48, 0.48, 0.48, 3850]
['2019-03-26 15:46:00', 0.4801, 0.4801, 0.4801, 0.4801, 8810]
['2019-03-26 15:45:00', 0.4801, 0.4801, 0.4801, 0.4801, 900]
['2019-03-26 15:43:00', 0.4801, 0.4801, 0.4801, 0.4801, 300]
['2019-03-26 15:42:00', 0.4801, 0.4801, 0.4801, 0.4801, 12800]
['2019-03-26 15:39:00', 0.4801, 0.4801, 0.4801, 0.4801, 1000]
['2019-03-26 15:38:00', 0.4801, 0.4801, 0.4801, 0.4801, 2500]
['2019-03-26 15:37:00', 0.4895, 0.482, 0.482, 0.4895, 7440]
['2019-03-26 15:36:00', 0.4812, 0.4812, 0.4812, 0.4812, 2100]
['2019-03-26 15:35:00', 0.4812, 0.4812, 0.4812, 0.4812, 3000]
['2019-03-26 15:33:00', 0.4811, 0.4811, 0.4811, 0.4811, 200]
['2019-03-26 15:29:00', 0.4927, 0.4927, 0.4927, 0.4927, 650]
['2019-03-26 15:27:00', 0.481, 0.481, 0.481, 0.481, 15100]
['2019-03-26 15:26:00', 0.4806, 0.4806, 0.4806, 0.4806, 500]
['2019-03-26 15:21:00', 0.49, 0.49, 0.49, 0.49, 247]
['2019-03-26 15:20:00', 0.48, 0.48, 0.48, 0.48, 553]
['2019-03-26 15:18:00', 0.4801, 0.4801, 0.4801, 0.4801, 1100]
['2019-03-26 15:17:00', 0.4884, 0.4884, 0.4884, 0.4884, 5200]
['2019-03-26 15:13:00', 0.4884, 0.4884, 0.4884, 0.4884, 701]
['2019-03-26 15:11:00', 0.4934, 0.4934, 0.4934, 0.4934, 100]
['2019-03-26 15:08:00', 0.4884, 0.4884, 0.4884, 0.4884, 600]
['2019-03-26 15:07:00', 0.4901, 0.4901, 0.4901, 0.4901, 4100]
['2019-03-26 15:05:00', 0.4909, 0.4913, 0.4909, 0.4913, 5400]
['2019-03-26 14:56:00', 0.4851, 0.4851, 0.4851, 0.4851, 200]
['2019-03-26 14:54:00', 0.4912, 0.4884, 0.4884, 0.4912, 953]
['2019-03-26 14:52:00', 0.4876, 0.4876, 0.4876, 0.4876, 12200]
['2019-03-26 14:51:00', 0.49, 0.49, 0.49, 0.49, 3603]
['2019-03-26 14:50:00', 0.4801, 0.4827, 0.4801, 0.4827, 5000]
['2019-03-26 14:47:00', 0.4802, 0.4802, 0.4802, 0.4802, 1000]
['2019-03-26 14:42:00', 0.4913, 0.4913, 0.4913, 0.4913, 100]
['2019-03-26 14:40:00', 0.4875, 0.4875, 0.4875, 0.4875, 100]
['2019-03-26 14:32:00', 0.489, 0.489, 0.489, 0.489, 1000]
['2019-03-26 14:21:00', 0.4908, 0.4908, 0.4908, 0.4908, 4263]
['2019-03-26 14:17:00', 0.4901, 0.4901, 0.4901, 0.4901, 200]
['2019-03-26 14:12:00', 0.4898, 0.4876, 0.4876, 0.4898, 3392]
['2019-03-26 14:09:00', 0.4898, 0.4898, 0.4898, 0.4898, 100]
['2019-03-26 13:47:00', 0.4876, 0.4897, 0.4876, 0.4897, 4405]
['2019-03-26 13:45:00', 0.4933, 0.4933, 0.4933, 0.4933, 10000]
['2019-03-26 13:28:00', 0.4922, 0.498, 0.4922, 0.498, 3391]
['2019-03-26 13:26:00', 0.4907, 0.4907, 0.4907, 0.4907, 1160]
['2019-03-26 13:25:00', 0.4923, 0.4923, 0.4923, 0.4923, 100]
['2019-03-26 13:14:00', 0.492, 0.492, 0.492, 0.492, 100]
['2019-03-26 13:13:00', 0.492, 0.492, 0.492, 0.492, 100]
['2019-03-26 13:08:00', 0.492, 0.492, 0.492, 0.492, 1006]
['2019-03-26 13:07:00', 0.4919, 0.4919, 0.4919, 0.4919, 126]
['2019-03-26 13:05:00', 0.49, 0.49, 0.49, 0.49, 350]
['2019-03-26 13:01:00', 0.492, 0.492, 0.492, 0.492, 3503]
['2019-03-26 12:58:00', 0.4812, 0.4812, 0.4812, 0.4812, 5565]
['2019-03-26 12:56:00', 0.4812, 0.4812, 0.4812, 0.4812, 100]
['2019-03-26 12:55:00', 0.4801, 0.4801, 0.4801, 0.4801, 100]
['2019-03-26 12:50:00', 0.4801, 0.4801, 0.4801, 0.4801, 6994]
['2019-03-26 12:48:00', 0.4801, 0.4801, 0.4801, 0.4801, 1459]
['2019-03-26 12:46:00', 0.4801, 0.4801, 0.4801, 0.4801, 6633]
['2019-03-26 12:44:00', 0.48, 0.48, 0.48, 0.48, 10176]
['2019-03-26 12:43:00', 0.4801, 0.4801, 0.4801, 0.4801, 200]
['2019-03-26 12:42:00', 0.4801, 0.4801, 0.4801, 0.4801, 20025]
['2019-03-26 12:40:00', 0.4802, 0.4802, 0.4802, 0.4802, 100]
['2019-03-26 12:38:00', 0.4801, 0.4801, 0.4801, 0.4801, 5200]
['2019-03-26 12:34:00', 0.4802, 0.4802, 0.4802, 0.4802, 20900]
['2019-03-26 12:32:00', 0.4802, 0.4802, 0.4802, 0.4802, 6981]
['2019-03-26 12:28:00', 0.49, 0.4887, 0.4887, 0.49, 16461]
['2019-03-26 12:23:00', 0.4901, 0.4901, 0.4901, 0.4901, 101]
['2019-03-26 12:20:00', 0.4901, 0.4901, 0.4901, 0.4901, 102]
['2019-03-26 12:14:00', 0.4901, 0.4901, 0.4901, 0.4901, 800]
['2019-03-26 12:10:00', 0.4902, 0.4902, 0.4902, 0.4902, 2400]
['2019-03-26 12:09:00', 0.4902, 0.4902, 0.4902, 0.4902, 800]
['2019-03-26 12:07:00', 0.4901, 0.5, 0.4901, 0.5, 10101]
['2019-03-26 11:58:00', 0.4901, 0.4901, 0.4901, 0.4901, 100]
['2019-03-26 11:47:00', 0.4901, 0.4901, 0.4901, 0.4901, 228]
['2019-03-26 11:38:00', 0.4908, 0.4908, 0.4908, 0.4908, 437]
['2019-03-26 11:33:00', 0.49, 0.49, 0.49, 0.49, 1180]
['2019-03-26 11:29:00', 0.495, 0.49, 0.49, 0.495, 11051]
['2019-03-26 11:27:00', 0.5001, 0.5001, 0.5001, 0.5001, 322]
['2019-03-26 11:26:00', 0.5001, 0.5001, 0.5001, 0.5001, 500]
['2019-03-26 11:23:00', 0.5001, 0.5001, 0.5001, 0.5001, 14000]
['2019-03-26 11:22:00', 0.5011, 0.5011, 0.5011, 0.5011, 500]
['2019-03-26 11:21:00', 0.5011, 0.5011, 0.5011, 0.5011, 1000]
['2019-03-26 11:20:00', 0.5026, 0.5026, 0.5026, 0.5026, 900]
['2019-03-26 11:19:00', 0.5001, 0.5001, 0.5001, 0.5001, 400]
['2019-03-26 11:18:00', 0.5001, 0.5001, 0.5001, 0.5001, 750]
['2019-03-26 11:16:00', 0.5001, 0.5001, 0.5001, 0.5001, 800]
['2019-03-26 11:14:00', 0.5001, 0.5001, 0.5001, 0.5001, 4500]
['2019-03-26 11:13:00', 0.5001, 0.5001, 0.5001, 0.5001, 1000]
['2019-03-26 11:12:00', 0.5001, 0.5001, 0.5001, 0.5001, 1000]
['2019-03-26 11:10:00', 0.5001, 0.5001, 0.5001, 0.5001, 1000]
['2019-03-26 11:09:00', 0.5001, 0.5001, 0.5001, 0.5001, 500]
['2019-03-26 11:08:00', 0.5, 0.5001, 0.5, 0.5001, 10516]
['2019-03-26 11:07:00', 0.4952, 0.5, 0.4952, 0.5, 23067]
['2019-03-26 11:04:00', 0.4952, 0.4952, 0.4952, 0.4952, 9500]
['2019-03-26 11:03:00', 0.4975, 0.4975, 0.4975, 0.4975, 800]
['2019-03-26 11:01:00', 0.4999, 0.4999, 0.4999, 0.4999, 20050]
['2019-03-26 10:52:00', 0.4998, 0.4998, 0.4998, 0.4998, 5062]
['2019-03-26 10:46:00', 0.495, 0.495, 0.495, 0.495, 21015]
['2019-03-26 10:42:00', 0.498, 0.498, 0.498, 0.498, 12607]
['2019-03-26 10:40:00', 0.492, 0.492, 0.492, 0.492, 3320]
['2019-03-26 10:39:00', 0.49, 0.49, 0.49, 0.49, 3939]
['2019-03-26 10:38:00', 0.4901, 0.4901, 0.4901, 0.4901, 100]
['2019-03-26 10:32:00', 0.4919, 0.4919, 0.4919, 0.4919, 500]
['2019-03-26 10:27:00', 0.49, 0.49, 0.49, 0.49, 400]
['2019-03-26 10:22:00', 0.4819, 0.4801, 0.4801, 0.4819, 11778]
['2019-03-26 10:21:00', 0.488, 0.488, 0.488, 0.488, 2000]
['2019-03-26 10:19:00', 0.4898, 0.4898, 0.4898, 0.4898, 2500]
['2019-03-26 10:13:00', 0.48, 0.48, 0.48, 0.48, 500]
['2019-03-26 10:06:00', 0.4899, 0.4899, 0.4899, 0.4899, 10000]
['2019-03-26 10:00:00', 0.48, 0.48, 0.48, 0.48, 20197]
['2019-03-26 09:56:00', 0.4919, 0.4917, 0.4917, 0.4919, 11857]
['2019-03-26 09:54:00', 0.49, 0.49, 0.49, 0.49, 100]
['2019-03-26 09:51:00', 0.49, 0.49, 0.49, 0.49, 507]
['2019-03-26 09:42:00', 0.4919, 0.492, 0.4919, 0.492, 15915]
['2019-03-26 09:37:00', 0.4919, 0.4919, 0.4919, 0.4919, 514]
['2019-03-26 09:36:00', 0.4899, 0.49, 0.4899, 0.49, 23462]
['2019-03-26 09:32:00', 0.491, 0.491, 0.491, 0.491, 5239]
['2019-03-26 09:31:00', 0.4938, 0.4938, 0.4938, 0.4938, 8139]
['2019-03-25 16:00:00', 0.47, 0.47, 0.47, 0.47, 0]
['2019-03-25 15:59:00', 0.4701, 0.4701, 0.4701, 0.4701, 903]
['2019-03-25 15:58:00', 0.47, 0.47, 0.47, 0.47, 6000]
['2019-03-25 15:56:00', 0.4646, 0.4646, 0.4646, 0.4646, 1040]
['2019-03-25 15:53:00', 0.4735, 0.4735, 0.4735, 0.4735, 920]
['2019-03-25 15:52:00', 0.4701, 0.4701, 0.4701, 0.4701, 2270]
['2019-03-25 15:50:00', 0.4646, 0.4646, 0.4646, 0.4646, 800]
['2019-03-25 15:48:00', 0.4644, 0.4644, 0.4644, 0.4644, 2600]
['2019-03-25 15:47:00', 0.4644, 0.4644, 0.4644, 0.4644, 504]
['2019-03-25 15:46:00', 0.4644, 0.4644, 0.4644, 0.4644, 6700]
['2019-03-25 15:45:00', 0.4674, 0.4674, 0.4674, 0.4674, 2500]
['2019-03-25 15:43:00', 0.4674, 0.4674, 0.4674, 0.4674, 2200]
['2019-03-25 15:41:00', 0.4698, 0.4698, 0.4698, 0.4698, 300]
['2019-03-25 15:38:00', 0.4632, 0.4644, 0.4632, 0.4644, 1800]
['2019-03-25 15:36:00', 0.4632, 0.4632, 0.4632, 0.4632, 2600]
['2019-03-25 15:35:00', 0.4631, 0.4631, 0.4631, 0.4631, 300]
['2019-03-25 15:33:00', 0.4631, 0.4631, 0.4631, 0.4631, 5436]
['2019-03-25 15:32:00', 0.4743, 0.4743, 0.4743, 0.4743, 970]
['2019-03-25 15:31:00', 0.4667, 0.4667, 0.4667, 0.4667, 770]
['2019-03-25 15:27:00', 0.4721, 0.4721, 0.4721, 0.4721, 1000]
['2019-03-25 15:21:00', 0.4742, 0.4742, 0.4742, 0.4742, 1000]
['2019-03-25 15:19:00', 0.4721, 0.4721, 0.4721, 0.4721, 3100]
['2019-03-25 15:18:00', 0.473, 0.473, 0.473, 0.473, 6050]
['2019-03-25 15:17:00', 0.4723, 0.4723, 0.4723, 0.4723, 650]
['2019-03-25 15:16:00', 0.4699, 0.4699, 0.4699, 0.4699, 3865]
['2019-03-25 15:15:00', 0.4679, 0.4751, 0.4679, 0.4751, 1369]
['2019-03-25 15:13:00', 0.4626, 0.4698, 0.4626, 0.4698, 3303]
['2019-03-25 15:12:00', 0.4626, 0.4626, 0.4626, 0.4626, 1190]
['2019-03-25 15:11:00', 0.4625, 0.4652, 0.4625, 0.4652, 5395]
['2019-03-25 15:08:00', 0.4625, 0.4625, 0.4625, 0.4625, 2425]
['2019-03-25 15:06:00', 0.4677, 0.4625, 0.4625, 0.4677, 11349]
['2019-03-25 15:05:00', 0.4625, 0.469, 0.4625, 0.469, 27305]
['2019-03-25 15:04:00', 0.4624, 0.4625, 0.4624, 0.4625, 3200]
['2019-03-25 14:59:00', 0.4624, 0.4624, 0.4624, 0.4624, 100]
['2019-03-25 14:57:00', 0.4624, 0.4624, 0.4624, 0.4624, 3496]
['2019-03-25 14:52:00', 0.4624, 0.4624, 0.4624, 0.4624, 1100]
['2019-03-25 14:51:00', 0.4624, 0.4624, 0.4624, 0.4624, 200]
['2019-03-25 14:44:00', 0.4623, 0.4623, 0.4623, 0.4623, 1100]
['2019-03-25 14:43:00', 0.4624, 0.4624, 0.4624, 0.4624, 5920]
['2019-03-25 14:40:00', 0.4624, 0.4624, 0.4624, 0.4624, 200]
['2019-03-25 14:39:00', 0.4624, 0.4624, 0.4624, 0.4624, 300]
['2019-03-25 14:38:00', 0.4624, 0.4624, 0.4624, 0.4624, 100]
['2019-03-25 14:36:00', 0.4624, 0.4624, 0.4624, 0.4624, 2375]
['2019-03-25 14:33:00', 0.4625, 0.4625, 0.4625, 0.4625, 1504]
['2019-03-25 14:30:00', 0.4624, 0.4624, 0.4624, 0.4624, 215]
['2019-03-25 14:29:00', 0.4624, 0.4624, 0.4624, 0.4624, 7415]
['2019-03-25 14:28:00', 0.4624, 0.4624, 0.4624, 0.4624, 1207]
['2019-03-25 14:27:00', 0.4624, 0.4624, 0.4624, 0.4624, 800]
['2019-03-25 14:23:00', 0.4624, 0.4624, 0.4624, 0.4624, 2300]
['2019-03-25 14:20:00', 0.4624, 0.4624, 0.4624, 0.4624, 1100]
['2019-03-25 14:16:00', 0.4624, 0.4624, 0.4624, 0.4624, 2000]
['2019-03-25 14:14:00', 0.4625, 0.4625, 0.4625, 0.4625, 1635]
['2019-03-25 14:12:00', 0.4629, 0.4629, 0.4629, 0.4629, 100]
['2019-03-25 14:08:00', 0.463, 0.463, 0.463, 0.463, 1150]
['2019-03-25 14:06:00', 0.463, 0.463, 0.463, 0.463, 150]
['2019-03-25 14:04:00', 0.463, 0.463, 0.463, 0.463, 1200]
['2019-03-25 14:03:00', 0.463, 0.463, 0.463, 0.463, 1000]
['2019-03-25 13:55:00', 0.4641, 0.4641, 0.4641, 0.4641, 4627]
['2019-03-25 13:49:00', 0.4641, 0.4641, 0.4641, 0.4641, 1820]
['2019-03-25 13:43:00', 0.4641, 0.4641, 0.4641, 0.4641, 670]
['2019-03-25 13:42:00', 0.4644, 0.4644, 0.4644, 0.4644, 600]
['2019-03-25 13:41:00', 0.4643, 0.4643, 0.4643, 0.4643, 2900]
['2019-03-25 13:40:00', 0.4627, 0.4642, 0.4627, 0.4642, 4000]
['2019-03-25 13:39:00', 0.4627, 0.4627, 0.4627, 0.4627, 569]
['2019-03-25 13:38:00', 0.4627, 0.4627, 0.4627, 0.4627, 140]
['2019-03-25 13:33:00', 0.4625, 0.4625, 0.4625, 0.4625, 4740]
['2019-03-25 13:30:00', 0.4631, 0.4631, 0.4631, 0.4631, 900]
['2019-03-25 13:29:00', 0.4624, 0.4624, 0.4624, 0.4624, 900]
['2019-03-25 13:27:00', 0.4624, 0.4624, 0.4624, 0.4624, 200]
['2019-03-25 13:25:00', 0.4624, 0.4624, 0.4624, 0.4624, 510]
['2019-03-25 13:23:00', 0.4623, 0.4623, 0.4623, 0.4623, 100]
['2019-03-25 13:22:00', 0.4624, 0.4624, 0.4624, 0.4624, 5100]
['2019-03-25 13:09:00', 0.4631, 0.4631, 0.4631, 0.4631, 295]
['2019-03-25 13:03:00', 0.4632, 0.4632, 0.4632, 0.4632, 3200]
['2019-03-25 12:57:00', 0.4632, 0.4654, 0.4632, 0.4654, 2500]
['2019-03-25 12:56:00', 0.4632, 0.4632, 0.4632, 0.4632, 300]
['2019-03-25 12:53:00', 0.4632, 0.4632, 0.4632, 0.4632, 231]
['2019-03-25 12:52:00', 0.4653, 0.4653, 0.4653, 0.4653, 2041]
['2019-03-25 12:51:00', 0.4653, 0.4653, 0.4653, 0.4653, 1130]
['2019-03-25 12:49:00', 0.4622, 0.4623, 0.4622, 0.4623, 5164]
['2019-03-25 12:47:00', 0.4622, 0.4622, 0.4622, 0.4622, 1695]
['2019-03-25 12:46:00', 0.4654, 0.4654, 0.4654, 0.4654, 8500]
['2019-03-25 12:44:00', 0.4632, 0.4632, 0.4632, 0.4632, 2000]
['2019-03-25 12:43:00', 0.4622, 0.4622, 0.4622, 0.4622, 7000]
['2019-03-25 12:41:00', 0.4622, 0.4622, 0.4622, 0.4622, 305]
['2019-03-25 12:39:00', 0.4622, 0.4622, 0.4622, 0.4622, 1600]
['2019-03-25 12:38:00', 0.4606, 0.4606, 0.4606, 0.4606, 500]
['2019-03-25 12:35:00', 0.4606, 0.4606, 0.4606, 0.4606, 24900]
['2019-03-25 12:34:00', 0.4651, 0.4651, 0.4651, 0.4651, 160]
['2019-03-25 12:31:00', 0.4651, 0.4651, 0.4651, 0.4651, 310]
['2019-03-25 12:29:00', 0.4652, 0.4652, 0.4652, 0.4652, 110]
['2019-03-25 12:25:00', 0.4651, 0.4651, 0.4651, 0.4651, 330]
['2019-03-25 12:21:00', 0.4698, 0.4698, 0.4698, 0.4698, 1035]
['2019-03-25 12:15:00', 0.469, 0.469, 0.469, 0.469, 3400]
['2019-03-25 12:11:00', 0.469, 0.469, 0.469, 0.469, 100]
['2019-03-25 12:03:00', 0.4691, 0.4691, 0.4691, 0.4691, 20730]
['2019-03-25 12:01:00', 0.4689, 0.4689, 0.4689, 0.4689, 8900]
['2019-03-25 12:00:00', 0.4659, 0.4659, 0.4659, 0.4659, 280]
['2019-03-25 11:54:00', 0.462, 0.46, 0.46, 0.462, 1686]
['2019-03-25 11:52:00', 0.4675, 0.4675, 0.4675, 0.4675, 1910]
['2019-03-25 11:51:00', 0.4601, 0.4601, 0.4601, 0.4601, 6100]
['2019-03-25 11:49:00', 0.46, 0.46, 0.46, 0.46, 200]
['2019-03-25 11:47:00', 0.4601, 0.4601, 0.4601, 0.4601, 10768]
['2019-03-25 11:45:00', 0.46, 0.46, 0.46, 0.46, 101]
['2019-03-25 11:44:00', 0.46, 0.46, 0.46, 0.46, 100]
['2019-03-25 11:43:00', 0.46, 0.46, 0.46, 0.46, 100]
['2019-03-25 11:42:00', 0.46, 0.46, 0.46, 0.46, 5238]
['2019-03-25 11:40:00', 0.46, 0.46, 0.46, 0.46, 8700]
['2019-03-25 11:39:00', 0.4601, 0.4601, 0.4601, 0.4601, 153]
['2019-03-25 11:34:00', 0.456, 0.456, 0.456, 0.456, 1501]
['2019-03-25 11:33:00', 0.456, 0.456, 0.456, 0.456, 400]
['2019-03-25 11:30:00', 0.4696, 0.4696, 0.4696, 0.4696, 900]
['2019-03-25 11:29:00', 0.459, 0.4735, 0.459, 0.4735, 9000]
['2019-03-25 11:28:00', 0.4589, 0.4589, 0.4589, 0.4589, 800]
['2019-03-25 11:27:00', 0.459, 0.459, 0.459, 0.459, 1157]
['2019-03-25 11:26:00', 0.4536, 0.4536, 0.4536, 0.4536, 910]
['2019-03-25 11:25:00', 0.4536, 0.4536, 0.4536, 0.4536, 4534]
['2019-03-25 11:24:00', 0.4536, 0.4536, 0.4536, 0.4536, 800]
['2019-03-25 11:23:00', 0.4572, 0.4536, 0.4536, 0.4572, 22767]
['2019-03-25 11:21:00', 0.4735, 0.4735, 0.4735, 0.4735, 3800]
['2019-03-25 11:20:00', 0.46, 0.46, 0.46, 0.46, 1700]
['2019-03-25 11:19:00', 0.4552, 0.4552, 0.4552, 0.4552, 2610]
['2019-03-25 11:18:00', 0.4551, 0.4551, 0.4551, 0.4551, 27510]
['2019-03-25 11:17:00', 0.4683, 0.4635, 0.4635, 0.4683, 12590]
['2019-03-25 11:16:00', 0.47, 0.4635, 0.4615, 0.47, 28700]
['2019-03-25 11:15:00', 0.4553, 0.4553, 0.4553, 0.4553, 7000]
['2019-03-25 11:14:00', 0.488, 0.488, 0.488, 0.488, 28300]
['2019-03-25 11:13:00', 0.4612, 0.48, 0.4612, 0.48, 18100]
['2019-03-25 11:12:00', 0.453, 0.453, 0.453, 0.453, 7800]
['2019-03-25 11:11:00', 0.4531, 0.4531, 0.4531, 0.4531, 11900]
['2019-03-25 11:10:00', 0.46, 0.4583, 0.4583, 0.46, 12726]
['2019-03-25 11:09:00', 0.4531, 0.46, 0.4531, 0.46, 8300]
['2019-03-25 11:08:00', 0.4531, 0.4583, 0.4531, 0.46, 11500]
['2019-03-25 11:07:00', 0.453, 0.4575, 0.453, 0.4575, 15000]
['2019-03-25 11:06:00', 0.453, 0.453, 0.453, 0.453, 10167]
['2019-03-25 11:05:00', 0.46, 0.46, 0.46, 0.46, 33320]
['2019-03-25 11:04:00', 0.4531, 0.4531, 0.4531, 0.4531, 4550]
['2019-03-25 11:03:00', 0.453, 0.453, 0.453, 0.453, 905]
['2019-03-25 11:01:00', 0.4537, 0.4537, 0.4537, 0.4537, 12295]
['2019-03-25 10:59:00', 0.4526, 0.4539, 0.4526, 0.4539, 10933]
['2019-03-25 10:57:00', 0.4535, 0.4535, 0.4535, 0.4535, 2650]
['2019-03-25 10:56:00', 0.4551, 0.4551, 0.4551, 0.4551, 1138]
['2019-03-25 10:55:00', 0.455, 0.455, 0.455, 0.455, 800]
['2019-03-25 10:52:00', 0.46, 0.455, 0.455, 0.46, 17133]
['2019-03-25 10:50:00', 0.46, 0.46, 0.46, 0.46, 13615]
['2019-03-25 10:49:00', 0.4602, 0.4601, 0.4601, 0.4602, 6202]
['2019-03-25 10:48:00', 0.4602, 0.4602, 0.4602, 0.4602, 900]
['2019-03-25 10:46:00', 0.4602, 0.4602, 0.4602, 0.4602, 11903]
['2019-03-25 10:45:00', 0.4603, 0.4603, 0.4603, 0.4603, 10900]
['2019-03-25 10:44:00', 0.4602, 0.4602, 0.4602, 0.4602, 1500]
['2019-03-25 10:43:00', 0.4604, 0.4604, 0.4604, 0.4604, 1500]
['2019-03-25 10:42:00', 0.4602, 0.4602, 0.4602, 0.4602, 1200]
['2019-03-25 10:41:00', 0.4651, 0.4651, 0.4651, 0.4651, 8768]
['2019-03-25 10:40:00', 0.4652, 0.4652, 0.4652, 0.4652, 6000]
['2019-03-25 10:38:00', 0.4652, 0.4652, 0.4652, 0.4652, 10500]
['2019-03-25 10:37:00', 0.4602, 0.4602, 0.4602, 0.4602, 2000]
['2019-03-25 10:35:00', 0.4605, 0.4605, 0.4605, 0.4605, 1800]
['2019-03-25 10:34:00', 0.4601, 0.4663, 0.4601, 0.4663, 3250]
['2019-03-25 10:32:00', 0.4602, 0.4602, 0.4602, 0.4602, 6391]
['2019-03-25 10:31:00', 0.4701, 0.4701, 0.4701, 0.4701, 3359]
['2019-03-25 10:30:00', 0.4691, 0.4691, 0.4691, 0.4691, 2964]
['2019-03-25 10:29:00', 0.4638, 0.4638, 0.4638, 0.4638, 2300]
['2019-03-25 10:28:00', 0.464, 0.464, 0.464, 0.464, 7500]
['2019-03-25 10:26:00', 0.455, 0.4635, 0.455, 0.4635, 11052]
['2019-03-25 10:25:00', 0.457, 0.457, 0.457, 0.457, 2788]
['2019-03-25 10:24:00', 0.465, 0.465, 0.465, 0.465, 2681]
['2019-03-25 10:23:00', 0.4553, 0.4553, 0.4553, 0.4553, 2500]
['2019-03-25 10:22:00', 0.4551, 0.4551, 0.4551, 0.4551, 2000]
['2019-03-25 10:21:00', 0.4518, 0.4518, 0.4518, 0.4518, 2600]
['2019-03-25 10:20:00', 0.4516, 0.4516, 0.4516, 0.4516, 1550]
['2019-03-25 10:19:00', 0.4516, 0.4516, 0.4516, 0.4516, 4000]
['2019-03-25 10:18:00', 0.4516, 0.4516, 0.4516, 0.4516, 1434]
['2019-03-25 10:17:00', 0.4599, 0.4515, 0.4515, 0.4599, 5700]
['2019-03-25 10:16:00', 0.4635, 0.46, 0.46, 0.4635, 13712]
['2019-03-25 10:15:00', 0.475, 0.4701, 0.4701, 0.475, 28457]
['2019-03-25 10:11:00', 0.4751, 0.4751, 0.4751, 0.4751, 480]
['2019-03-25 10:08:00', 0.4797, 0.4797, 0.4797, 0.4797, 1238]
['2019-03-25 10:07:00', 0.4808, 0.4808, 0.4808, 0.4808, 18050]
['2019-03-25 10:04:00', 0.4808, 0.4808, 0.4808, 0.4808, 15900]
['2019-03-25 10:03:00', 0.481, 0.481, 0.481, 0.481, 2850]
['2019-03-25 10:02:00', 0.481, 0.481, 0.481, 0.481, 2700]
['2019-03-25 10:01:00', 0.4808, 0.4808, 0.4808, 0.4808, 2632]
['2019-03-25 10:00:00', 0.4808, 0.4808, 0.4808, 0.4808, 1960]
['2019-03-25 09:57:00', 0.4895, 0.4808, 0.4808, 0.4895, 22096]
['2019-03-25 09:56:00', 0.49, 0.49, 0.49, 0.49, 6700]
['2019-03-25 09:55:00', 0.4907, 0.4907, 0.4907, 0.4907, 13256]
['2019-03-25 09:54:00', 0.4707, 0.4707, 0.4707, 0.4707, 3088]
['2019-03-25 09:53:00', 0.4699, 0.4699, 0.4699, 0.4699, 5911]
['2019-03-25 09:52:00', 0.4602, 0.4651, 0.4602, 0.4699, 21743]
['2019-03-25 09:50:00', 0.4621, 0.4621, 0.4621, 0.4621, 10410]
['2019-03-25 09:49:00', 0.4655, 0.4655, 0.4655, 0.4655, 3916]
['2019-03-25 09:48:00', 0.4701, 0.4701, 0.4701, 0.4701, 17491]
['2019-03-25 09:47:00', 0.46, 0.47, 0.46, 0.47, 23522]
['2019-03-25 09:45:00', 0.4498, 0.45, 0.4498, 0.45, 13489]
['2019-03-25 09:44:00', 0.45, 0.4549, 0.45, 0.4549, 21725]
['2019-03-25 09:43:00', 0.451, 0.451, 0.451, 0.451, 4614]
['2019-03-25 09:42:00', 0.4508, 0.4508, 0.4508, 0.4508, 16069]
['2019-03-25 09:40:00', 0.4749, 0.4479, 0.4479, 0.4749, 106041]
['2019-03-25 09:39:00', 0.4651, 0.4651, 0.4651, 0.4651, 9060]
['2019-03-25 09:38:00', 0.47, 0.47, 0.47, 0.47, 15842]
['2019-03-25 09:37:00', 0.48, 0.48, 0.48, 0.48, 14067]
['2019-03-25 09:36:00', 0.48, 0.48, 0.48, 0.48, 609]
['2019-03-25 09:31:00', 0.49, 0.4801, 0.4801, 0.49, 0]
