ASM
['2019-03-29 16:00:00', 0.6079, 0.601, 0.601, 0.6079, 200]
['2019-03-29 15:56:00', 0.6058, 0.6058, 0.6058, 0.6058, 515]
['2019-03-29 15:54:00', 0.61, 0.61, 0.61, 0.61, 1202]
['2019-03-29 15:48:00', 0.6103, 0.61, 0.61, 0.6103, 9100]
['2019-03-29 15:46:00', 0.6126, 0.6126, 0.6126, 0.6126, 1236]
['2019-03-29 15:41:00', 0.6104, 0.6104, 0.6104, 0.6104, 2003]
['2019-03-29 15:38:00', 0.6142, 0.6142, 0.6142, 0.6142, 200]
['2019-03-29 15:34:00', 0.6122, 0.6122, 0.6122, 0.6122, 210]
['2019-03-29 15:33:00', 0.61, 0.61, 0.61, 0.61, 100]
['2019-03-29 15:31:00', 0.61, 0.61, 0.61, 0.61, 100]
['2019-03-29 15:28:00', 0.61, 0.61, 0.61, 0.61, 361]
['2019-03-29 15:24:00', 0.61, 0.61, 0.61, 0.61, 1931]
['2019-03-29 15:21:00', 0.61, 0.61, 0.61, 0.61, 306]
['2019-03-29 15:20:00', 0.6056, 0.6056, 0.6056, 0.6056, 2790]
['2019-03-29 15:19:00', 0.6064, 0.6064, 0.6064, 0.6064, 1501]
['2019-03-29 15:17:00', 0.6056, 0.6056, 0.6056, 0.6056, 100]
['2019-03-29 15:15:00', 0.6056, 0.6056, 0.6056, 0.6056, 11870]
['2019-03-29 15:12:00', 0.6055, 0.6055, 0.6055, 0.6055, 1329]
['2019-03-29 15:11:00', 0.6055, 0.6055, 0.6055, 0.6055, 200]
['2019-03-29 15:06:00', 0.6012, 0.6012, 0.6012, 0.6012, 625]
['2019-03-29 14:57:00', 0.6027, 0.6, 0.6, 0.6027, 14100]
['2019-03-29 14:56:00', 0.6, 0.6, 0.6, 0.6001, 25100]
['2019-03-29 14:51:00', 0.6054, 0.6054, 0.6054, 0.6054, 1291]
['2019-03-29 14:48:00', 0.6053, 0.6053, 0.6053, 0.6053, 139]
['2019-03-29 14:34:00', 0.6052, 0.6055, 0.6052, 0.6055, 1950]
['2019-03-29 14:28:00', 0.6051, 0.6051, 0.6051, 0.6051, 675]
['2019-03-29 14:26:00', 0.6051, 0.6051, 0.6051, 0.6051, 1000]
['2019-03-29 14:20:00', 0.6054, 0.6054, 0.6054, 0.6054, 100]
['2019-03-29 14:15:00', 0.6136, 0.6136, 0.6136, 0.6136, 200]
['2019-03-29 14:10:00', 0.6136, 0.6136, 0.6136, 0.6136, 101]
['2019-03-29 14:07:00', 0.613, 0.613, 0.613, 0.613, 31326]
['2019-03-29 14:03:00', 0.61, 0.61, 0.61, 0.61, 311]
['2019-03-29 13:55:00', 0.61, 0.61, 0.61, 0.61, 705]
['2019-03-29 13:54:00', 0.6099, 0.61, 0.6099, 0.61, 19539]
['2019-03-29 13:50:00', 0.6136, 0.6136, 0.6136, 0.6136, 102]
['2019-03-29 13:45:00', 0.6136, 0.6136, 0.6136, 0.6136, 350]
['2019-03-29 13:40:00', 0.6001, 0.6002, 0.6001, 0.6002, 4700]
['2019-03-29 13:37:00', 0.6135, 0.6135, 0.6135, 0.6135, 3223]
['2019-03-29 13:35:00', 0.6, 0.6, 0.6, 0.6, 2900]
['2019-03-29 13:33:00', 0.6075, 0.6075, 0.6075, 0.6075, 300]
['2019-03-29 13:27:00', 0.6106, 0.6075, 0.6075, 0.6106, 403]
['2019-03-29 13:16:00', 0.6075, 0.6075, 0.6075, 0.6075, 450]
['2019-03-29 13:06:00', 0.6084, 0.6084, 0.6084, 0.6084, 124]
['2019-03-29 13:01:00', 0.61, 0.61, 0.61, 0.61, 2500]
['2019-03-29 12:54:00', 0.6106, 0.6106, 0.6106, 0.6106, 162]
['2019-03-29 12:43:00', 0.6076, 0.6076, 0.6076, 0.6076, 263]
['2019-03-29 12:39:00', 0.6076, 0.6076, 0.6076, 0.6076, 310]
['2019-03-29 12:35:00', 0.6076, 0.6076, 0.6076, 0.6076, 600]
['2019-03-29 12:23:00', 0.6076, 0.6076, 0.6076, 0.6076, 1919]
['2019-03-29 12:14:00', 0.6076, 0.6076, 0.6076, 0.6076, 1300]
['2019-03-29 11:55:00', 0.6126, 0.6077, 0.6077, 0.6126, 2225]
['2019-03-29 11:52:00', 0.6135, 0.6135, 0.6135, 0.6135, 230]
['2019-03-29 11:49:00', 0.6135, 0.6135, 0.6135, 0.6135, 105]
['2019-03-29 11:36:00', 0.6136, 0.6136, 0.6136, 0.6136, 184]
['2019-03-29 11:24:00', 0.6137, 0.6137, 0.6137, 0.6137, 409]
['2019-03-29 11:19:00', 0.6137, 0.6137, 0.6137, 0.6137, 319]
['2019-03-29 11:00:00', 0.603, 0.603, 0.603, 0.603, 5520]
['2019-03-29 10:58:00', 0.6139, 0.6139, 0.6139, 0.6139, 401]
['2019-03-29 10:49:00', 0.6139, 0.6139, 0.6139, 0.6139, 120]
['2019-03-29 10:44:00', 0.6138, 0.6073, 0.6073, 0.6138, 5906]
['2019-03-29 10:41:00', 0.6143, 0.6143, 0.6143, 0.6143, 270]
['2019-03-29 10:37:00', 0.6, 0.6, 0.6, 0.6, 400]
['2019-03-29 10:33:00', 0.6, 0.6, 0.6, 0.6, 636]
['2019-03-29 10:30:00', 0.6, 0.6, 0.6, 0.6, 662]
['2019-03-29 10:28:00', 0.6009, 0.6009, 0.6009, 0.6009, 7382]
['2019-03-29 10:24:00', 0.6, 0.6008, 0.6, 0.6008, 6899]
['2019-03-29 10:22:00', 0.6, 0.6, 0.6, 0.6, 10787]
['2019-03-29 10:19:00', 0.6011, 0.6011, 0.6011, 0.6011, 2720]
['2019-03-29 10:04:00', 0.6145, 0.6145, 0.6145, 0.6145, 175]
['2019-03-29 10:03:00', 0.6088, 0.6088, 0.6088, 0.6088, 250]
['2019-03-29 10:00:00', 0.6145, 0.6145, 0.6145, 0.6145, 210]
['2019-03-29 09:59:00', 0.6145, 0.6145, 0.6145, 0.6145, 400]
['2019-03-29 09:56:00', 0.6137, 0.6137, 0.6137, 0.6137, 382]
['2019-03-29 09:49:00', 0.601, 0.601, 0.601, 0.601, 5343]
['2019-03-29 09:46:00', 0.6149, 0.6149, 0.6149, 0.6149, 1001]
['2019-03-29 09:40:00', 0.6162, 0.6162, 0.6162, 0.6162, 708]
['2019-03-28 15:57:00', 0.6078, 0.6078, 0.6078, 0.6078, 0]
['2019-03-28 15:56:00', 0.609, 0.609, 0.609, 0.609, 715]
['2019-03-28 15:45:00', 0.6024, 0.6098, 0.6024, 0.6098, 759]
['2019-03-28 15:39:00', 0.6024, 0.6024, 0.6024, 0.6024, 1053]
['2019-03-28 15:34:00', 0.6097, 0.6097, 0.6097, 0.6097, 100]
['2019-03-28 15:24:00', 0.6084, 0.6084, 0.6084, 0.6084, 2996]
['2019-03-28 15:23:00', 0.6097, 0.6097, 0.6097, 0.6097, 200]
['2019-03-28 15:12:00', 0.6023, 0.6028, 0.6023, 0.6028, 2303]
['2019-03-28 15:05:00', 0.6009, 0.6009, 0.6009, 0.6009, 147]
['2019-03-28 15:01:00', 0.6009, 0.6009, 0.6009, 0.6009, 258]
['2019-03-28 15:00:00', 0.6009, 0.6009, 0.6009, 0.6009, 150]
['2019-03-28 14:57:00', 0.6008, 0.6008, 0.6008, 0.6008, 3463]
['2019-03-28 14:56:00', 0.6008, 0.6007, 0.6007, 0.6008, 1500]
['2019-03-28 14:39:00', 0.6004, 0.6004, 0.6004, 0.6004, 147]
['2019-03-28 14:25:00', 0.6001, 0.6001, 0.6001, 0.6001, 107]
['2019-03-28 14:19:00', 0.6001, 0.6001, 0.6001, 0.6001, 7450]
['2019-03-28 14:16:00', 0.6001, 0.6, 0.6, 0.6001, 51598]
['2019-03-28 14:14:00', 0.6022, 0.6, 0.6, 0.6022, 21323]
['2019-03-28 14:08:00', 0.6042, 0.6022, 0.6022, 0.6042, 697]
['2019-03-28 14:03:00', 0.6089, 0.6089, 0.6089, 0.6089, 2040]
['2019-03-28 13:41:00', 0.6057, 0.6057, 0.6057, 0.6057, 923]
['2019-03-28 13:40:00', 0.609, 0.609, 0.609, 0.609, 156]
['2019-03-28 13:33:00', 0.6023, 0.6023, 0.6023, 0.6023, 180]
['2019-03-28 13:29:00', 0.609, 0.609, 0.609, 0.609, 713]
['2019-03-28 13:27:00', 0.602, 0.602, 0.602, 0.602, 400]
['2019-03-28 13:24:00', 0.6083, 0.6083, 0.6083, 0.6083, 6001]
['2019-03-28 13:18:00', 0.6056, 0.6056, 0.6056, 0.6056, 177]
['2019-03-28 13:17:00', 0.609, 0.609, 0.609, 0.609, 100]
['2019-03-28 13:09:00', 0.6095, 0.6095, 0.6095, 0.6095, 206]
['2019-03-28 13:01:00', 0.6032, 0.602, 0.602, 0.6032, 2282]
['2019-03-28 13:00:00', 0.609, 0.609, 0.609, 0.609, 200]
['2019-03-28 12:53:00', 0.6063, 0.6063, 0.6063, 0.6063, 329]
['2019-03-28 12:52:00', 0.6048, 0.6048, 0.6048, 0.6048, 1210]
['2019-03-28 12:51:00', 0.6096, 0.6096, 0.6096, 0.6096, 3500]
['2019-03-28 12:48:00', 0.6081, 0.6081, 0.6081, 0.6081, 2500]
['2019-03-28 12:45:00', 0.6048, 0.6048, 0.6048, 0.6048, 3000]
['2019-03-28 12:39:00', 0.6135, 0.605, 0.605, 0.6135, 7423]
['2019-03-28 12:33:00', 0.6152, 0.6152, 0.6152, 0.6152, 100]
['2019-03-28 12:32:00', 0.6195, 0.6195, 0.6195, 0.6195, 100]
['2019-03-28 12:30:00', 0.6152, 0.6152, 0.6152, 0.6152, 100]
['2019-03-28 12:29:00', 0.6152, 0.6152, 0.6152, 0.6152, 3500]
['2019-03-28 12:26:00', 0.615, 0.615, 0.615, 0.615, 100]
['2019-03-28 12:20:00', 0.6196, 0.6196, 0.6196, 0.6196, 183]
['2019-03-28 12:01:00', 0.6102, 0.6102, 0.6102, 0.6102, 8307]
['2019-03-28 11:50:00', 0.6143, 0.6143, 0.6143, 0.6143, 202]
['2019-03-28 11:40:00', 0.6102, 0.6102, 0.6102, 0.6102, 200]
['2019-03-28 11:34:00', 0.6144, 0.6144, 0.6144, 0.6144, 100]
['2019-03-28 11:33:00', 0.6124, 0.6124, 0.6124, 0.6124, 500]
['2019-03-28 11:19:00', 0.6136, 0.6136, 0.6136, 0.6136, 101]
['2019-03-28 11:12:00', 0.6103, 0.6103, 0.6103, 0.6103, 502]
['2019-03-28 11:11:00', 0.6103, 0.6103, 0.6103, 0.6103, 260]
['2019-03-28 11:08:00', 0.6139, 0.6139, 0.6139, 0.6139, 100]
['2019-03-28 10:56:00', 0.6109, 0.6109, 0.6109, 0.6109, 7200]
['2019-03-28 10:52:00', 0.6141, 0.6141, 0.6141, 0.6141, 300]
['2019-03-28 10:40:00', 0.6144, 0.6144, 0.6144, 0.6144, 111]
['2019-03-28 10:39:00', 0.6117, 0.6117, 0.6117, 0.6117, 4000]
['2019-03-28 10:30:00', 0.61, 0.61, 0.61, 0.61, 423]
['2019-03-28 10:23:00', 0.619, 0.61, 0.61, 0.619, 3635]
['2019-03-28 10:17:00', 0.61, 0.61, 0.61, 0.61, 104]
['2019-03-28 10:13:00', 0.6101, 0.6101, 0.6101, 0.6101, 500]
['2019-03-28 10:05:00', 0.62, 0.6181, 0.6181, 0.62, 7505]
['2019-03-28 10:04:00', 0.602, 0.6049, 0.602, 0.6049, 22018]
['2019-03-28 09:56:00', 0.6094, 0.6094, 0.6094, 0.6094, 595]
['2019-03-28 09:50:00', 0.62, 0.62, 0.62, 0.62, 125]
['2019-03-28 09:48:00', 0.6096, 0.6087, 0.6087, 0.6096, 6822]
['2019-03-28 09:46:00', 0.61, 0.61, 0.61, 0.61, 500]
['2019-03-28 09:45:00', 0.616, 0.616, 0.616, 0.616, 6295]
['2019-03-28 09:41:00', 0.616, 0.616, 0.616, 0.616, 6671]
['2019-03-28 09:34:00', 0.62, 0.62, 0.62, 0.62, 615]
['2019-03-28 09:32:00', 0.62, 0.62, 0.62, 0.62, 14378]
['2019-03-27 15:57:00', 0.6142, 0.6143, 0.6142, 0.6143, 2998]
['2019-03-27 15:53:00', 0.6142, 0.6142, 0.6142, 0.6142, 402]
['2019-03-27 15:41:00', 0.6142, 0.6142, 0.6142, 0.6142, 100]
['2019-03-27 15:40:00', 0.6142, 0.6142, 0.6142, 0.6142, 100]
['2019-03-27 15:33:00', 0.6142, 0.6143, 0.6142, 0.6143, 1181]
['2019-03-27 15:26:00', 0.6143, 0.6143, 0.6143, 0.6143, 158]
['2019-03-27 15:20:00', 0.6143, 0.6143, 0.6143, 0.6143, 127]
['2019-03-27 15:15:00', 0.614, 0.614, 0.614, 0.614, 3000]
['2019-03-27 15:04:00', 0.6112, 0.6112, 0.6112, 0.6112, 16022]
['2019-03-27 14:52:00', 0.6144, 0.6144, 0.6144, 0.6144, 1345]
['2019-03-27 14:46:00', 0.6144, 0.6144, 0.6144, 0.6144, 100]
['2019-03-27 14:28:00', 0.6144, 0.6144, 0.6144, 0.6144, 217]
['2019-03-27 14:22:00', 0.6144, 0.6144, 0.6144, 0.6144, 241]
['2019-03-27 14:11:00', 0.6121, 0.6121, 0.6121, 0.6121, 100]
['2019-03-27 14:08:00', 0.6114, 0.6114, 0.6114, 0.6114, 1400]
['2019-03-27 14:02:00', 0.6144, 0.6144, 0.6144, 0.6144, 209]
['2019-03-27 13:56:00', 0.6127, 0.6127, 0.6127, 0.6127, 325]
['2019-03-27 13:50:00', 0.6141, 0.6141, 0.6141, 0.6141, 1200]
['2019-03-27 13:49:00', 0.6144, 0.6144, 0.6144, 0.6144, 200]
['2019-03-27 13:44:00', 0.613, 0.613, 0.613, 0.613, 1000]
['2019-03-27 13:36:00', 0.6144, 0.6144, 0.6144, 0.6144, 200]
['2019-03-27 13:32:00', 0.6144, 0.6144, 0.6144, 0.6144, 100]
['2019-03-27 13:28:00', 0.6143, 0.6143, 0.6143, 0.6143, 1069]
['2019-03-27 13:18:00', 0.6114, 0.6114, 0.6114, 0.6114, 243]
['2019-03-27 13:17:00', 0.6144, 0.6144, 0.6144, 0.6144, 125]
['2019-03-27 13:11:00', 0.6144, 0.6144, 0.6144, 0.6144, 214]
['2019-03-27 13:06:00', 0.6144, 0.6144, 0.6144, 0.6144, 148]
['2019-03-27 12:59:00', 0.6144, 0.6144, 0.6144, 0.6144, 200]
['2019-03-27 12:57:00', 0.6144, 0.6144, 0.6144, 0.6144, 800]
['2019-03-27 12:52:00', 0.6144, 0.6144, 0.6144, 0.6144, 100]
['2019-03-27 12:41:00', 0.6144, 0.6144, 0.6144, 0.6144, 218]
['2019-03-27 12:39:00', 0.6144, 0.6144, 0.6144, 0.6144, 100]
['2019-03-27 12:30:00', 0.6116, 0.6144, 0.6116, 0.6144, 2700]
['2019-03-27 12:29:00', 0.612, 0.612, 0.612, 0.612, 200]
['2019-03-27 12:25:00', 0.612, 0.612, 0.612, 0.612, 5243]
['2019-03-27 12:23:00', 0.6103, 0.6103, 0.6103, 0.6103, 1100]
['2019-03-27 12:22:00', 0.6102, 0.6102, 0.6102, 0.6102, 1500]
['2019-03-27 12:21:00', 0.6101, 0.6101, 0.6101, 0.6101, 1200]
['2019-03-27 12:19:00', 0.6102, 0.6102, 0.6102, 0.6102, 103]
['2019-03-27 12:12:00', 0.6102, 0.6102, 0.6102, 0.6102, 302]
['2019-03-27 12:03:00', 0.6102, 0.6102, 0.6102, 0.6102, 3932]
['2019-03-27 12:02:00', 0.6102, 0.6102, 0.6102, 0.6102, 319]
['2019-03-27 12:01:00', 0.6103, 0.6103, 0.6103, 0.6103, 3238]
['2019-03-27 11:59:00', 0.6112, 0.6112, 0.6112, 0.6112, 1726]
['2019-03-27 11:53:00', 0.6138, 0.6138, 0.6138, 0.6138, 350]
['2019-03-27 11:52:00', 0.6128, 0.6128, 0.6128, 0.6128, 3000]
['2019-03-27 11:46:00', 0.6139, 0.6112, 0.6112, 0.6139, 500]
['2019-03-27 11:29:00', 0.611, 0.611, 0.611, 0.611, 10695]
['2019-03-27 11:28:00', 0.6179, 0.6179, 0.6179, 0.6179, 100]
['2019-03-27 11:20:00', 0.611, 0.611, 0.611, 0.611, 4400]
['2019-03-27 11:14:00', 0.6196, 0.6196, 0.6196, 0.6196, 200]
['2019-03-27 11:02:00', 0.6194, 0.6194, 0.6194, 0.6194, 184]
['2019-03-27 10:55:00', 0.6198, 0.6198, 0.6198, 0.6198, 225]
['2019-03-27 10:44:00', 0.611, 0.611, 0.611, 0.611, 2491]
['2019-03-27 10:29:00', 0.6259, 0.6259, 0.6259, 0.6259, 805]
['2019-03-27 10:27:00', 0.6259, 0.6259, 0.6259, 0.6259, 325]
['2019-03-27 10:23:00', 0.6115, 0.6115, 0.6115, 0.6115, 100]
['2019-03-27 10:17:00', 0.626, 0.626, 0.626, 0.626, 331]
['2019-03-27 10:15:00', 0.626, 0.626, 0.626, 0.626, 2100]
['2019-03-27 10:09:00', 0.626, 0.626, 0.626, 0.626, 230]
['2019-03-27 10:08:00', 0.626, 0.626, 0.626, 0.626, 100]
['2019-03-27 10:05:00', 0.6255, 0.6255, 0.6255, 0.6255, 101]
['2019-03-27 10:02:00', 0.6259, 0.611, 0.611, 0.6259, 2111]
['2019-03-27 09:57:00', 0.6115, 0.6115, 0.6115, 0.6115, 107]
['2019-03-27 09:55:00', 0.6274, 0.6274, 0.6274, 0.6274, 7518]
['2019-03-27 09:54:00', 0.6125, 0.6125, 0.6125, 0.6125, 11966]
['2019-03-27 09:53:00', 0.6226, 0.6226, 0.6226, 0.6226, 502]
['2019-03-27 09:52:00', 0.6243, 0.6243, 0.6243, 0.6243, 699]
['2019-03-27 09:41:00', 0.6201, 0.6201, 0.6201, 0.6201, 534]
['2019-03-27 09:40:00', 0.6201, 0.6201, 0.6201, 0.6201, 163]
['2019-03-27 09:31:00', 0.6202, 0.6202, 0.6202, 0.6202, 1917]
['2019-03-26 16:00:00', 0.6165, 0.6165, 0.6165, 0.6165, 100]
['2019-03-26 15:54:00', 0.618, 0.618, 0.618, 0.618, 568]
['2019-03-26 15:51:00', 0.618, 0.618, 0.618, 0.618, 675]
['2019-03-26 15:49:00', 0.6139, 0.6139, 0.6139, 0.6139, 1313]
['2019-03-26 15:47:00', 0.615, 0.615, 0.615, 0.615, 100]
['2019-03-26 15:39:00', 0.615, 0.615, 0.615, 0.615, 906]
['2019-03-26 15:38:00', 0.6157, 0.6157, 0.6157, 0.6157, 1301]
['2019-03-26 15:37:00', 0.6195, 0.6195, 0.6195, 0.6195, 1700]
['2019-03-26 15:35:00', 0.6176, 0.6176, 0.6176, 0.6176, 805]
['2019-03-26 15:34:00', 0.6155, 0.6155, 0.6155, 0.6155, 1826]
['2019-03-26 15:30:00', 0.6155, 0.6155, 0.6155, 0.6155, 470]
['2019-03-26 15:29:00', 0.6155, 0.6155, 0.6155, 0.6155, 400]
['2019-03-26 15:27:00', 0.6155, 0.6155, 0.6155, 0.6155, 1900]
['2019-03-26 15:21:00', 0.6155, 0.6179, 0.6155, 0.6179, 900]
['2019-03-26 15:13:00', 0.6181, 0.6181, 0.6181, 0.6181, 2618]
['2019-03-26 15:12:00', 0.6153, 0.6153, 0.6153, 0.6153, 1500]
['2019-03-26 15:05:00', 0.6152, 0.6152, 0.6152, 0.6152, 400]
['2019-03-26 15:04:00', 0.6152, 0.6152, 0.6152, 0.6152, 305]
['2019-03-26 14:57:00', 0.6152, 0.6152, 0.6152, 0.6152, 428]
['2019-03-26 14:55:00', 0.618, 0.618, 0.618, 0.618, 200]
['2019-03-26 14:42:00', 0.6179, 0.6179, 0.6179, 0.6179, 933]
['2019-03-26 14:41:00', 0.618, 0.618, 0.618, 0.618, 720]
['2019-03-26 14:37:00', 0.6121, 0.6121, 0.6121, 0.6121, 300]
['2019-03-26 14:31:00', 0.613, 0.6156, 0.613, 0.6156, 1504]
['2019-03-26 14:29:00', 0.6099, 0.61, 0.6099, 0.61, 2710]
['2019-03-26 14:24:00', 0.61, 0.61, 0.61, 0.61, 149]
['2019-03-26 14:21:00', 0.61, 0.61, 0.61, 0.61, 1817]
['2019-03-26 14:19:00', 0.6099, 0.6099, 0.6099, 0.6099, 432]
['2019-03-26 14:15:00', 0.6099, 0.6099, 0.6099, 0.6099, 2022]
['2019-03-26 14:13:00', 0.61, 0.61, 0.61, 0.61, 535]
['2019-03-26 14:11:00', 0.6151, 0.61, 0.61, 0.6151, 37115]
['2019-03-26 14:09:00', 0.6169, 0.6169, 0.6169, 0.6169, 100]
['2019-03-26 14:06:00', 0.617, 0.617, 0.617, 0.617, 100]
['2019-03-26 14:00:00', 0.617, 0.617, 0.617, 0.617, 101]
['2019-03-26 13:54:00', 0.617, 0.617, 0.617, 0.617, 7300]
['2019-03-26 13:51:00', 0.617, 0.617, 0.617, 0.617, 130]
['2019-03-26 13:45:00', 0.6151, 0.6151, 0.6151, 0.6151, 337]
['2019-03-26 13:38:00', 0.6142, 0.6142, 0.6142, 0.6142, 1865]
['2019-03-26 13:37:00', 0.6113, 0.6113, 0.6113, 0.6113, 10398]
['2019-03-26 13:36:00', 0.6148, 0.6148, 0.6148, 0.6148, 4999]
['2019-03-26 13:32:00', 0.616, 0.616, 0.616, 0.616, 220]
['2019-03-26 13:31:00', 0.616, 0.616, 0.616, 0.616, 200]
['2019-03-26 13:28:00', 0.6113, 0.6113, 0.6113, 0.6113, 252]
['2019-03-26 13:20:00', 0.616, 0.616, 0.616, 0.616, 112]
['2019-03-26 13:18:00', 0.614, 0.614, 0.614, 0.614, 1000]
['2019-03-26 13:10:00', 0.6135, 0.6135, 0.6135, 0.6135, 301]
['2019-03-26 13:09:00', 0.6119, 0.6119, 0.6119, 0.6119, 200]
['2019-03-26 13:03:00', 0.6136, 0.6136, 0.6136, 0.6136, 3000]
['2019-03-26 12:58:00', 0.6142, 0.6141, 0.6141, 0.6142, 402]
['2019-03-26 12:55:00', 0.6126, 0.6126, 0.6126, 0.6126, 1314]
['2019-03-26 12:54:00', 0.6125, 0.6125, 0.6125, 0.6125, 923]
['2019-03-26 12:50:00', 0.6125, 0.6125, 0.6125, 0.6125, 100]
['2019-03-26 12:45:00', 0.6125, 0.6125, 0.6125, 0.6125, 650]
['2019-03-26 12:43:00', 0.6101, 0.6101, 0.6101, 0.6101, 955]
['2019-03-26 12:42:00', 0.6124, 0.6124, 0.6124, 0.6124, 1811]
['2019-03-26 12:41:00', 0.6101, 0.6101, 0.6101, 0.6101, 800]
['2019-03-26 12:25:00', 0.6119, 0.6119, 0.6119, 0.6119, 140]
['2019-03-26 12:20:00', 0.611, 0.611, 0.611, 0.611, 404]
['2019-03-26 12:17:00', 0.61, 0.61, 0.61, 0.61, 1483]
['2019-03-26 12:14:00', 0.61, 0.6099, 0.6099, 0.61, 2686]
['2019-03-26 12:11:00', 0.6094, 0.6094, 0.6094, 0.6094, 17418]
['2019-03-26 12:07:00', 0.61, 0.61, 0.61, 0.61, 2217]
['2019-03-26 12:05:00', 0.6199, 0.6199, 0.6199, 0.6199, 1393]
['2019-03-26 12:04:00', 0.6102, 0.6102, 0.6102, 0.6102, 101]
['2019-03-26 11:53:00', 0.6128, 0.6128, 0.6128, 0.6128, 354]
['2019-03-26 11:43:00', 0.6041, 0.6128, 0.6, 0.6128, 30142]
['2019-03-26 11:42:00', 0.61, 0.61, 0.61, 0.61, 9433]
['2019-03-26 11:41:00', 0.6196, 0.61, 0.61, 0.6196, 19270]
['2019-03-26 11:40:00', 0.629, 0.629, 0.629, 0.629, 1600]
['2019-03-26 11:38:00', 0.6194, 0.6194, 0.6194, 0.6194, 600]
['2019-03-26 11:36:00', 0.629, 0.629, 0.629, 0.629, 100]
['2019-03-26 11:35:00', 0.629, 0.629, 0.629, 0.629, 508]
['2019-03-26 11:32:00', 0.6289, 0.6289, 0.6289, 0.6289, 1720]
['2019-03-26 11:31:00', 0.6194, 0.6194, 0.6194, 0.6194, 2005]
['2019-03-26 11:21:00', 0.6163, 0.6163, 0.6163, 0.6163, 2501]
['2019-03-26 11:20:00', 0.6163, 0.6163, 0.6163, 0.6163, 200]
['2019-03-26 11:19:00', 0.6289, 0.6289, 0.6289, 0.6289, 600]
['2019-03-26 11:16:00', 0.6226, 0.6226, 0.6226, 0.6226, 100]
['2019-03-26 11:13:00', 0.6162, 0.6162, 0.6162, 0.6162, 600]
['2019-03-26 11:12:00', 0.6289, 0.6289, 0.6289, 0.6289, 700]
['2019-03-26 11:09:00', 0.6289, 0.6289, 0.6289, 0.6289, 893]
['2019-03-26 11:06:00', 0.6162, 0.6162, 0.6162, 0.6162, 400]
['2019-03-26 11:02:00', 0.6162, 0.6162, 0.6162, 0.6162, 100]
['2019-03-26 10:57:00', 0.6234, 0.6234, 0.6234, 0.6234, 422]
['2019-03-26 10:56:00', 0.6213, 0.6213, 0.6213, 0.6213, 525]
['2019-03-26 10:54:00', 0.6195, 0.6195, 0.6195, 0.6195, 2500]
['2019-03-26 10:51:00', 0.6213, 0.6187, 0.6187, 0.6213, 7846]
['2019-03-26 10:50:00', 0.6183, 0.6183, 0.6183, 0.6183, 2008]
['2019-03-26 10:49:00', 0.6196, 0.6196, 0.6196, 0.6196, 1010]
['2019-03-26 10:47:00', 0.6141, 0.6141, 0.6141, 0.6141, 3120]
['2019-03-26 10:46:00', 0.6141, 0.6141, 0.6141, 0.6141, 9425]
['2019-03-26 10:45:00', 0.6188, 0.6188, 0.6188, 0.6188, 1100]
['2019-03-26 10:43:00', 0.617, 0.617, 0.617, 0.617, 500]
['2019-03-26 10:39:00', 0.606, 0.606, 0.606, 0.606, 1054]
['2019-03-26 10:37:00', 0.617, 0.617, 0.617, 0.617, 410]
['2019-03-26 10:33:00', 0.603, 0.608, 0.603, 0.608, 22804]
['2019-03-26 10:32:00', 0.6125, 0.6, 0.6, 0.6125, 41182]
['2019-03-26 10:31:00', 0.6261, 0.62, 0.62, 0.6261, 22374]
['2019-03-26 10:30:00', 0.6377, 0.6377, 0.6377, 0.6377, 300]
['2019-03-26 10:28:00', 0.6377, 0.6377, 0.6377, 0.6377, 212]
['2019-03-26 10:25:00', 0.6377, 0.6377, 0.6377, 0.6377, 200]
['2019-03-26 10:23:00', 0.6377, 0.6377, 0.6377, 0.6377, 205]
['2019-03-26 10:20:00', 0.6377, 0.6377, 0.6377, 0.6377, 200]
['2019-03-26 10:15:00', 0.626, 0.626, 0.626, 0.626, 1084]
['2019-03-26 10:09:00', 0.6203, 0.6203, 0.6203, 0.6203, 3701]
['2019-03-26 10:08:00', 0.627, 0.627, 0.627, 0.627, 165]
['2019-03-26 10:06:00', 0.6398, 0.6398, 0.6398, 0.6398, 1542]
['2019-03-26 10:01:00', 0.638, 0.638, 0.638, 0.638, 1508]
['2019-03-26 09:51:00', 0.6487, 0.6487, 0.6487, 0.6487, 357]
['2019-03-26 09:50:00', 0.6478, 0.6478, 0.6478, 0.6478, 100]
['2019-03-26 09:47:00', 0.6487, 0.6487, 0.6487, 0.6487, 100]
['2019-03-26 09:44:00', 0.62, 0.62, 0.62, 0.62, 130]
['2019-03-26 09:41:00', 0.62, 0.6231, 0.62, 0.6231, 7718]
['2019-03-26 09:39:00', 0.6497, 0.6497, 0.6497, 0.6497, 200]
['2019-03-26 09:36:00', 0.6517, 0.6517, 0.6517, 0.6517, 1050]
['2019-03-26 09:32:00', 0.617, 0.617, 0.617, 0.617, 5072]
['2019-03-26 09:31:00', 0.65, 0.65, 0.65, 0.65, 28927]
['2019-03-25 16:00:00', 0.6239, 0.6239, 0.6239, 0.6239, 700]
['2019-03-25 15:54:00', 0.62, 0.62, 0.62, 0.62, 5208]
['2019-03-25 15:53:00', 0.6242, 0.62, 0.62, 0.6242, 14032]
['2019-03-25 15:52:00', 0.63, 0.63, 0.63, 0.63, 3530]
['2019-03-25 15:51:00', 0.6272, 0.6272, 0.6272, 0.6272, 450]
['2019-03-25 15:49:00', 0.6243, 0.6243, 0.6243, 0.6243, 240]
['2019-03-25 15:47:00', 0.63, 0.63, 0.63, 0.63, 1270]
['2019-03-25 15:45:00', 0.6243, 0.6243, 0.6243, 0.6243, 400]
['2019-03-25 15:43:00', 0.6243, 0.6243, 0.6243, 0.6243, 4800]
['2019-03-25 15:39:00', 0.63, 0.6289, 0.6289, 0.63, 7247]
['2019-03-25 15:37:00', 0.63, 0.63, 0.63, 0.63, 100]
['2019-03-25 15:35:00', 0.63, 0.63, 0.63, 0.63, 9000]
['2019-03-25 15:33:00', 0.6259, 0.6259, 0.6259, 0.6259, 1250]
['2019-03-25 15:30:00', 0.6459, 0.6459, 0.6459, 0.6459, 100]
['2019-03-25 15:27:00', 0.6257, 0.6257, 0.6257, 0.6257, 2005]
['2019-03-25 15:25:00', 0.6464, 0.6464, 0.6464, 0.6464, 199]
['2019-03-25 15:24:00', 0.6464, 0.6464, 0.6464, 0.6464, 2310]
['2019-03-25 15:19:00', 0.6468, 0.6468, 0.6468, 0.6468, 301]
['2019-03-25 15:11:00', 0.6484, 0.624, 0.6223, 0.6484, 46973]
['2019-03-25 15:05:00', 0.6487, 0.6487, 0.6487, 0.6487, 100]
['2019-03-25 14:55:00', 0.6485, 0.6487, 0.6485, 0.6487, 1756]
['2019-03-25 14:50:00', 0.6485, 0.6487, 0.6485, 0.6487, 355]
['2019-03-25 14:39:00', 0.6491, 0.6487, 0.6487, 0.6491, 801]
['2019-03-25 14:21:00', 0.6471, 0.6471, 0.6471, 0.6471, 186]
['2019-03-25 14:05:00', 0.647, 0.647, 0.647, 0.647, 275]
['2019-03-25 14:02:00', 0.6469, 0.6469, 0.6469, 0.6469, 905]
['2019-03-25 14:01:00', 0.6437, 0.6437, 0.6437, 0.6437, 105]
['2019-03-25 13:57:00', 0.6432, 0.6432, 0.6432, 0.6432, 109]
['2019-03-25 13:56:00', 0.6437, 0.6437, 0.6437, 0.6437, 100]
['2019-03-25 13:49:00', 0.6469, 0.6469, 0.6469, 0.6469, 200]
['2019-03-25 13:43:00', 0.6425, 0.643, 0.642, 0.643, 4204]
['2019-03-25 13:41:00', 0.644, 0.644, 0.644, 0.644, 400]
['2019-03-25 13:38:00', 0.6468, 0.6468, 0.6468, 0.6468, 710]
['2019-03-25 13:35:00', 0.6488, 0.6425, 0.6425, 0.6488, 1201]
['2019-03-25 13:31:00', 0.6486, 0.6486, 0.6486, 0.6486, 414]
['2019-03-25 13:16:00', 0.6486, 0.6486, 0.6486, 0.6486, 471]
['2019-03-25 13:12:00', 0.6486, 0.6486, 0.6486, 0.6486, 100]
['2019-03-25 13:07:00', 0.6435, 0.6486, 0.6435, 0.6486, 1688]
['2019-03-25 13:01:00', 0.6422, 0.6486, 0.6422, 0.6486, 705]
['2019-03-25 12:54:00', 0.6486, 0.6486, 0.6486, 0.6486, 247]
['2019-03-25 12:53:00', 0.6486, 0.6486, 0.6486, 0.6486, 200]
['2019-03-25 12:51:00', 0.6486, 0.6486, 0.6486, 0.6486, 200]
['2019-03-25 12:48:00', 0.6441, 0.6441, 0.6441, 0.6441, 100]
['2019-03-25 12:43:00', 0.6429, 0.6429, 0.6429, 0.6429, 485]
['2019-03-25 12:37:00', 0.6422, 0.6422, 0.6422, 0.6422, 280]
['2019-03-25 12:31:00', 0.6486, 0.6486, 0.6486, 0.6486, 350]
['2019-03-25 12:23:00', 0.6489, 0.6489, 0.6489, 0.6489, 132]
['2019-03-25 12:20:00', 0.6486, 0.6486, 0.6486, 0.6486, 378]
['2019-03-25 12:07:00', 0.6403, 0.6403, 0.6403, 0.6403, 2762]
['2019-03-25 12:04:00', 0.6491, 0.6491, 0.6491, 0.6491, 104]
['2019-03-25 11:58:00', 0.6401, 0.6401, 0.6401, 0.6401, 3515]
['2019-03-25 11:57:00', 0.6493, 0.6493, 0.6493, 0.6493, 1300]
['2019-03-25 11:55:00', 0.6434, 0.6434, 0.6434, 0.6434, 1350]
['2019-03-25 11:52:00', 0.6401, 0.6401, 0.6401, 0.6401, 2365]
['2019-03-25 11:51:00', 0.64, 0.64, 0.64, 0.64, 2348]
['2019-03-25 11:49:00', 0.654, 0.654, 0.654, 0.654, 5624]
['2019-03-25 11:43:00', 0.655, 0.655, 0.655, 0.655, 107]
['2019-03-25 11:40:00', 0.6538, 0.6516, 0.6516, 0.6538, 4302]
['2019-03-25 11:39:00', 0.655, 0.655, 0.655, 0.655, 1380]
['2019-03-25 11:37:00', 0.6548, 0.6548, 0.6548, 0.6548, 100]
['2019-03-25 11:34:00', 0.6548, 0.6548, 0.6548, 0.6548, 329]
['2019-03-25 11:31:00', 0.6521, 0.6521, 0.6521, 0.6521, 216]
['2019-03-25 11:28:00', 0.6534, 0.6548, 0.6534, 0.6548, 406]
['2019-03-25 11:23:00', 0.655, 0.6401, 0.6401, 0.655, 14810]
['2019-03-25 11:22:00', 0.655, 0.655, 0.655, 0.655, 100]
['2019-03-25 11:19:00', 0.65, 0.655, 0.65, 0.655, 31499]
['2019-03-25 11:17:00', 0.6498, 0.6498, 0.6498, 0.6498, 3200]
['2019-03-25 11:16:00', 0.64, 0.64, 0.64, 0.64, 4700]
['2019-03-25 11:15:00', 0.6499, 0.65, 0.6499, 0.65, 11800]
['2019-03-25 11:14:00', 0.6475, 0.6475, 0.6475, 0.6475, 400]
['2019-03-25 11:07:00', 0.648, 0.648, 0.648, 0.648, 1360]
['2019-03-25 11:05:00', 0.652, 0.65, 0.65, 0.652, 8691]
['2019-03-25 11:01:00', 0.6587, 0.6587, 0.6587, 0.6587, 132]
['2019-03-25 11:00:00', 0.652, 0.652, 0.652, 0.652, 400]
['2019-03-25 10:59:00', 0.6582, 0.6582, 0.6582, 0.6582, 3010]
['2019-03-25 10:55:00', 0.6599, 0.6599, 0.6599, 0.6599, 200]
['2019-03-25 10:48:00', 0.6519, 0.6519, 0.6519, 0.6519, 239]
['2019-03-25 10:42:00', 0.6518, 0.6599, 0.6518, 0.6599, 8816]
['2019-03-25 10:40:00', 0.65, 0.65, 0.65, 0.65, 3700]
['2019-03-25 10:39:00', 0.65, 0.65, 0.65, 0.65, 905]
['2019-03-25 10:38:00', 0.65, 0.65, 0.65, 0.65, 11364]
['2019-03-25 10:37:00', 0.641, 0.645, 0.641, 0.645, 2984]
['2019-03-25 10:34:00', 0.6409, 0.6409, 0.6409, 0.6409, 2400]
['2019-03-25 10:33:00', 0.6407, 0.6407, 0.6407, 0.6407, 173]
['2019-03-25 10:30:00', 0.64, 0.64, 0.64, 0.64, 5589]
['2019-03-25 10:25:00', 0.6376, 0.6376, 0.6376, 0.6376, 324]
['2019-03-25 10:23:00', 0.6376, 0.6376, 0.6376, 0.6376, 8444]
['2019-03-25 10:20:00', 0.639, 0.639, 0.639, 0.639, 112]
['2019-03-25 10:12:00', 0.64, 0.64, 0.64, 0.64, 234]
['2019-03-25 10:10:00', 0.6322, 0.64, 0.6322, 0.64, 6990]
['2019-03-25 10:05:00', 0.6343, 0.6343, 0.6343, 0.6343, 113]
['2019-03-25 09:59:00', 0.6378, 0.6378, 0.6378, 0.6378, 938]
['2019-03-25 09:58:00', 0.6379, 0.6379, 0.6379, 0.6379, 400]
['2019-03-25 09:56:00', 0.6378, 0.6378, 0.6378, 0.6378, 480]
['2019-03-25 09:45:00', 0.6301, 0.6301, 0.6301, 0.6301, 2687]
['2019-03-25 09:40:00', 0.6303, 0.6303, 0.6303, 0.6303, 11443]
['2019-03-25 09:39:00', 0.6339, 0.6339, 0.6339, 0.6339, 135]
['2019-03-25 09:37:00', 0.6348, 0.6348, 0.6348, 0.6348, 5000]
['2019-03-25 09:34:00', 0.6322, 0.6322, 0.6322, 0.6322, 0]
