AOD
['2019-03-29 16:00:00', 8.26, 8.26, 8.26, 8.26, 6112]
['2019-03-29 15:59:00', 8.25, 8.25, 8.25, 8.25, 1959]
['2019-03-29 15:58:00', 8.25, 8.25, 8.25, 8.25, 869]
['2019-03-29 15:55:00', 8.26, 8.26, 8.26, 8.26, 1231]
['2019-03-29 15:54:00', 8.26, 8.26, 8.26, 8.26, 1287]
['2019-03-29 15:53:00', 8.25, 8.25, 8.25, 8.25, 3620]
['2019-03-29 15:51:00', 8.24, 8.24, 8.24, 8.24, 1700]
['2019-03-29 15:48:00', 8.25, 8.2437, 8.2437, 8.25, 5186]
['2019-03-29 15:46:00', 8.24, 8.24, 8.24, 8.24, 1300]
['2019-03-29 15:45:00', 8.235, 8.235, 8.235, 8.235, 6200]
['2019-03-29 15:43:00', 8.24, 8.24, 8.24, 8.24, 2314]
['2019-03-29 15:42:00', 8.24, 8.24, 8.24, 8.24, 912]
['2019-03-29 15:41:00', 8.24, 8.24, 8.24, 8.24, 410]
['2019-03-29 15:38:00', 8.24, 8.24, 8.24, 8.24, 779]
['2019-03-29 15:36:00', 8.245, 8.245, 8.245, 8.245, 278]
['2019-03-29 15:34:00', 8.24, 8.24, 8.24, 8.24, 1500]
['2019-03-29 15:32:00', 8.24, 8.24, 8.24, 8.24, 101]
['2019-03-29 15:30:00', 8.24, 8.24, 8.24, 8.24, 833]
['2019-03-29 15:26:00', 8.24, 8.24, 8.24, 8.24, 102]
['2019-03-29 15:24:00', 8.24, 8.24, 8.24, 8.24, 1498]
['2019-03-29 15:22:00', 8.24, 8.24, 8.24, 8.24, 100]
['2019-03-29 15:21:00', 8.25, 8.25, 8.25, 8.25, 2260]
['2019-03-29 15:18:00', 8.25, 8.25, 8.25, 8.25, 201]
['2019-03-29 15:16:00', 8.25, 8.25, 8.25, 8.25, 110]
['2019-03-29 15:15:00', 8.2571, 8.2571, 8.2571, 8.2571, 363]
['2019-03-29 15:14:00', 8.25, 8.25, 8.25, 8.25, 100]
['2019-03-29 15:13:00', 8.25, 8.25, 8.25, 8.25, 500]
['2019-03-29 15:09:00', 8.25, 8.25, 8.25, 8.25, 349]
['2019-03-29 15:08:00', 8.255, 8.255, 8.255, 8.255, 2670]
['2019-03-29 15:06:00', 8.26, 8.26, 8.26, 8.26, 100]
['2019-03-29 15:05:00', 8.2544, 8.2544, 8.2544, 8.2544, 4849]
['2019-03-29 15:04:00', 8.25, 8.25, 8.25, 8.25, 5956]
['2019-03-29 15:02:00', 8.24, 8.24, 8.24, 8.24, 300]
['2019-03-29 15:00:00', 8.2405, 8.2405, 8.2405, 8.2405, 607]
['2019-03-29 14:57:00', 8.25, 8.25, 8.25, 8.25, 900]
['2019-03-29 14:56:00', 8.25, 8.25, 8.25, 8.25, 200]
['2019-03-29 14:54:00', 8.24, 8.24, 8.24, 8.24, 100]
['2019-03-29 14:52:00', 8.24, 8.24, 8.24, 8.24, 700]
['2019-03-29 14:50:00', 8.25, 8.25, 8.25, 8.25, 200]
['2019-03-29 14:47:00', 8.25, 8.25, 8.25, 8.25, 100]
['2019-03-29 14:46:00', 8.25, 8.25, 8.25, 8.25, 200]
['2019-03-29 14:45:00', 8.24, 8.24, 8.24, 8.24, 1767]
['2019-03-29 14:43:00', 8.245, 8.245, 8.245, 8.245, 3700]
['2019-03-29 14:42:00', 8.2499, 8.2499, 8.2499, 8.2499, 500]
['2019-03-29 14:40:00', 8.25, 8.25, 8.25, 8.25, 1200]
['2019-03-29 14:38:00', 8.25, 8.25, 8.25, 8.25, 3861]
['2019-03-29 14:37:00', 8.25, 8.25, 8.25, 8.25, 700]
['2019-03-29 14:34:00', 8.25, 8.25, 8.25, 8.25, 100]
['2019-03-29 14:32:00', 8.2538, 8.2538, 8.2538, 8.2538, 5400]
['2019-03-29 14:30:00', 8.25, 8.25, 8.25, 8.25, 179]
['2019-03-29 14:26:00', 8.265, 8.255, 8.255, 8.265, 2900]
['2019-03-29 14:24:00', 8.26, 8.26, 8.26, 8.26, 1200]
['2019-03-29 14:21:00', 8.26, 8.26, 8.26, 8.26, 2255]
['2019-03-29 14:18:00', 8.26, 8.26, 8.26, 8.26, 403]
['2019-03-29 14:14:00', 8.26, 8.26, 8.26, 8.26, 463]
['2019-03-29 14:11:00', 8.26, 8.26, 8.26, 8.26, 201]
['2019-03-29 14:07:00', 8.26, 8.26, 8.26, 8.26, 119]
['2019-03-29 14:03:00', 8.26, 8.26, 8.26, 8.26, 1025]
['2019-03-29 14:00:00', 8.265, 8.265, 8.265, 8.265, 300]
['2019-03-29 13:57:00', 8.27, 8.27, 8.27, 8.27, 2503]
['2019-03-29 13:56:00', 8.27, 8.275, 8.27, 8.275, 2750]
['2019-03-29 13:54:00', 8.27, 8.27, 8.27, 8.27, 100]
['2019-03-29 13:52:00', 8.27, 8.27, 8.27, 8.27, 645]
['2019-03-29 13:50:00', 8.275, 8.27, 8.27, 8.275, 300]
['2019-03-29 13:46:00', 8.275, 8.275, 8.275, 8.275, 700]
['2019-03-29 13:45:00', 8.27, 8.27, 8.27, 8.27, 2600]
['2019-03-29 13:44:00', 8.275, 8.275, 8.275, 8.275, 2140]
['2019-03-29 13:38:00', 8.28, 8.275, 8.275, 8.28, 2965]
['2019-03-29 13:37:00', 8.28, 8.28, 8.28, 8.28, 1379]
['2019-03-29 13:36:00', 8.28, 8.28, 8.28, 8.28, 367]
['2019-03-29 13:35:00', 8.2866, 8.2866, 8.2866, 8.2866, 1800]
['2019-03-29 13:32:00', 8.2856, 8.28, 8.28, 8.2856, 1609]
['2019-03-29 13:27:00', 8.28, 8.28, 8.28, 8.28, 1200]
['2019-03-29 13:25:00', 8.28, 8.28, 8.28, 8.28, 3040]
['2019-03-29 13:24:00', 8.2836, 8.2836, 8.2836, 8.2836, 200]
['2019-03-29 13:21:00', 8.28, 8.28, 8.28, 8.28, 1996]
['2019-03-29 13:20:00', 8.287, 8.287, 8.287, 8.287, 3500]
['2019-03-29 13:19:00', 8.28, 8.28, 8.28, 8.28, 154]
['2019-03-29 13:16:00', 8.28, 8.28, 8.28, 8.28, 200]
['2019-03-29 13:13:00', 8.28, 8.28, 8.28, 8.28, 400]
['2019-03-29 13:12:00', 8.28, 8.28, 8.28, 8.28, 1700]
['2019-03-29 13:10:00', 8.28, 8.28, 8.28, 8.28, 100]
['2019-03-29 13:08:00', 8.28, 8.28, 8.28, 8.28, 100]
['2019-03-29 13:07:00', 8.28, 8.28, 8.28, 8.28, 100]
['2019-03-29 13:05:00', 8.28, 8.28, 8.28, 8.28, 100]
['2019-03-29 13:04:00', 8.28, 8.28, 8.28, 8.28, 700]
['2019-03-29 13:01:00', 8.28, 8.28, 8.28, 8.28, 100]
['2019-03-29 12:59:00', 8.28, 8.28, 8.28, 8.28, 500]
['2019-03-29 12:56:00', 8.29, 8.29, 8.29, 8.29, 200]
['2019-03-29 12:55:00', 8.28, 8.28, 8.28, 8.28, 300]
['2019-03-29 12:52:00', 8.29, 8.29, 8.29, 8.29, 500]
['2019-03-29 12:50:00', 8.3, 8.3, 8.3, 8.3, 2014]
['2019-03-29 12:49:00', 8.29, 8.29, 8.29, 8.29, 900]
['2019-03-29 12:45:00', 8.29, 8.29, 8.29, 8.29, 279]
['2019-03-29 12:41:00', 8.29, 8.29, 8.29, 8.29, 102]
['2019-03-29 12:39:00', 8.3, 8.3, 8.3, 8.3, 3400]
['2019-03-29 12:38:00', 8.29, 8.3, 8.29, 8.3, 1879]
['2019-03-29 12:32:00', 8.28, 8.28, 8.28, 8.28, 100]
['2019-03-29 12:29:00', 8.275, 8.275, 8.275, 8.275, 2343]
['2019-03-29 12:25:00', 8.28, 8.28, 8.28, 8.28, 2250]
['2019-03-29 12:19:00', 8.2792, 8.27, 8.27, 8.2792, 12427]
['2019-03-29 12:13:00', 8.2833, 8.2833, 8.2833, 8.2833, 250]
['2019-03-29 12:12:00', 8.28, 8.28, 8.28, 8.28, 100]
['2019-03-29 12:06:00', 8.2901, 8.2901, 8.2901, 8.2901, 4197]
['2019-03-29 12:03:00', 8.29, 8.29, 8.29, 8.29, 1200]
['2019-03-29 12:00:00', 8.31, 8.31, 8.31, 8.31, 200]
['2019-03-29 11:58:00', 8.305, 8.305, 8.305, 8.305, 781]
['2019-03-29 11:54:00', 8.3, 8.3, 8.3, 8.3, 1966]
['2019-03-29 11:53:00', 8.2982, 8.2982, 8.2982, 8.2982, 2139]
['2019-03-29 11:45:00', 8.28, 8.275, 8.275, 8.28, 4931]
['2019-03-29 11:42:00', 8.28, 8.2778, 8.2778, 8.28, 491]
['2019-03-29 11:39:00', 8.275, 8.275, 8.275, 8.275, 1375]
['2019-03-29 11:36:00', 8.275, 8.275, 8.275, 8.275, 100]
['2019-03-29 11:26:00', 8.27, 8.27, 8.27, 8.27, 515]
['2019-03-29 11:25:00', 8.275, 8.275, 8.275, 8.275, 836]
['2019-03-29 11:24:00', 8.28, 8.28, 8.28, 8.28, 100]
['2019-03-29 11:20:00', 8.28, 8.2799, 8.2799, 8.28, 3895]
['2019-03-29 11:18:00', 8.27, 8.27, 8.27, 8.27, 100]
['2019-03-29 11:14:00', 8.27, 8.27, 8.27, 8.27, 1235]
['2019-03-29 11:12:00', 8.2731, 8.2731, 8.2731, 8.2731, 1650]
['2019-03-29 11:10:00', 8.27, 8.27, 8.27, 8.27, 800]
['2019-03-29 11:07:00', 8.27, 8.2742, 8.27, 8.2742, 2921]
['2019-03-29 11:06:00', 8.27, 8.27, 8.27, 8.27, 500]
['2019-03-29 11:05:00', 8.27, 8.27, 8.27, 8.27, 200]
['2019-03-29 11:02:00', 8.27, 8.27, 8.27, 8.27, 300]
['2019-03-29 11:00:00', 8.2785, 8.2785, 8.2785, 8.2785, 800]
['2019-03-29 10:57:00', 8.27, 8.271, 8.27, 8.271, 4500]
['2019-03-29 10:54:00', 8.28, 8.275, 8.275, 8.28, 7406]
['2019-03-29 10:53:00', 8.285, 8.285, 8.285, 8.285, 100]
['2019-03-29 10:51:00', 8.2856, 8.2856, 8.2856, 8.2856, 2600]
['2019-03-29 10:46:00', 8.285, 8.285, 8.285, 8.285, 2541]
['2019-03-29 10:45:00', 8.28, 8.28, 8.28, 8.28, 100]
['2019-03-29 10:44:00', 8.285, 8.285, 8.285, 8.285, 100]
['2019-03-29 10:38:00', 8.28, 8.28, 8.28, 8.28, 506]
['2019-03-29 10:37:00', 8.285, 8.285, 8.285, 8.285, 202]
['2019-03-29 10:35:00', 8.285, 8.285, 8.285, 8.285, 9318]
['2019-03-29 10:34:00', 8.285, 8.285, 8.285, 8.285, 10910]
['2019-03-29 10:33:00', 8.285, 8.285, 8.285, 8.285, 610]
['2019-03-29 10:32:00', 8.285, 8.285, 8.285, 8.285, 100]
['2019-03-29 10:28:00', 8.29, 8.29, 8.29, 8.29, 2982]
['2019-03-29 10:27:00', 8.285, 8.285, 8.285, 8.285, 400]
['2019-03-29 10:26:00', 8.285, 8.285, 8.285, 8.285, 700]
['2019-03-29 10:24:00', 8.28, 8.28, 8.28, 8.28, 300]
['2019-03-29 10:22:00', 8.28, 8.28, 8.28, 8.28, 1225]
['2019-03-29 10:17:00', 8.285, 8.28, 8.28, 8.285, 7315]
['2019-03-29 10:16:00', 8.285, 8.285, 8.285, 8.285, 1787]
['2019-03-29 10:14:00', 8.2861, 8.2861, 8.2861, 8.2861, 3548]
['2019-03-29 10:13:00', 8.29, 8.29, 8.29, 8.29, 5800]
['2019-03-29 10:12:00', 8.3, 8.3, 8.3, 8.3, 600]
['2019-03-29 10:11:00', 8.295, 8.295, 8.295, 8.295, 936]
['2019-03-29 10:07:00', 8.295, 8.295, 8.295, 8.295, 1002]
['2019-03-29 10:05:00', 8.295, 8.295, 8.295, 8.295, 4026]
['2019-03-29 10:04:00', 8.2935, 8.2935, 8.2935, 8.2935, 3952]
['2019-03-29 10:02:00', 8.295, 8.295, 8.295, 8.295, 1009]
['2019-03-29 10:00:00', 8.295, 8.3, 8.295, 8.3, 11141]
['2019-03-29 09:57:00', 8.298, 8.3, 8.298, 8.3, 2700]
['2019-03-29 09:56:00', 8.295, 8.295, 8.295, 8.295, 8709]
['2019-03-29 09:55:00', 8.295, 8.295, 8.295, 8.295, 3479]
['2019-03-29 09:52:00', 8.3092, 8.3092, 8.3092, 8.3092, 363]
['2019-03-29 09:49:00', 8.3, 8.305, 8.3, 8.305, 6564]
['2019-03-29 09:47:00', 8.31, 8.31, 8.31, 8.31, 1128]
['2019-03-29 09:44:00', 8.31, 8.31, 8.31, 8.31, 200]
['2019-03-29 09:40:00', 8.31, 8.31, 8.31, 8.31, 2261]
['2019-03-29 09:38:00', 8.3199, 8.3199, 8.3199, 8.3199, 365]
['2019-03-29 09:34:00', 8.3112, 8.3112, 8.3112, 8.3112, 2225]
['2019-03-28 16:00:00', 8.255, 8.255, 8.255, 8.255, 8910]
['2019-03-28 15:59:00', 8.25, 8.25, 8.25, 8.25, 1695]
['2019-03-28 15:58:00', 8.25, 8.25, 8.25, 8.25, 600]
['2019-03-28 15:57:00', 8.25, 8.25, 8.25, 8.25, 1100]
['2019-03-28 15:55:00', 8.255, 8.25, 8.25, 8.255, 1814]
['2019-03-28 15:53:00', 8.255, 8.255, 8.255, 8.255, 800]
['2019-03-28 15:51:00', 8.255, 8.255, 8.255, 8.255, 700]
['2019-03-28 15:50:00', 8.26, 8.26, 8.26, 8.26, 604]
['2019-03-28 15:48:00', 8.25, 8.25, 8.25, 8.25, 4744]
['2019-03-28 15:47:00', 8.245, 8.245, 8.245, 8.245, 1035]
['2019-03-28 15:44:00', 8.245, 8.245, 8.245, 8.245, 2466]
['2019-03-28 15:42:00', 8.245, 8.245, 8.245, 8.245, 100]
['2019-03-28 15:40:00', 8.24, 8.24, 8.24, 8.24, 800]
['2019-03-28 15:39:00', 8.245, 8.245, 8.245, 8.245, 169]
['2019-03-28 15:36:00', 8.2466, 8.2466, 8.2466, 8.2466, 2396]
['2019-03-28 15:34:00', 8.2441, 8.2441, 8.2441, 8.2441, 486]
['2019-03-28 15:31:00', 8.245, 8.245, 8.245, 8.245, 2060]
['2019-03-28 15:26:00', 8.245, 8.245, 8.245, 8.245, 100]
['2019-03-28 15:24:00', 8.24, 8.24, 8.24, 8.24, 100]
['2019-03-28 15:20:00', 8.25, 8.25, 8.25, 8.25, 100]
['2019-03-28 15:19:00', 8.24, 8.24, 8.24, 8.24, 200]
['2019-03-28 15:15:00', 8.2397, 8.2397, 8.2397, 8.2397, 708]
['2019-03-28 15:12:00', 8.23, 8.23, 8.23, 8.23, 360]
['2019-03-28 15:09:00', 8.22, 8.22, 8.22, 8.22, 1440]
['2019-03-28 15:04:00', 8.2101, 8.2101, 8.2101, 8.2101, 6424]
['2019-03-28 15:00:00', 8.218, 8.218, 8.218, 8.218, 200]
['2019-03-28 14:55:00', 8.22, 8.22, 8.22, 8.22, 4000]
['2019-03-28 14:53:00', 8.22, 8.22, 8.22, 8.22, 100]
['2019-03-28 14:44:00', 8.22, 8.22, 8.22, 8.22, 600]
['2019-03-28 14:39:00', 8.23, 8.23, 8.23, 8.23, 2309]
['2019-03-28 14:38:00', 8.2334, 8.2334, 8.2334, 8.2334, 1500]
['2019-03-28 14:32:00', 8.2354, 8.2354, 8.2354, 8.2354, 300]
['2019-03-28 14:30:00', 8.23, 8.23, 8.23, 8.23, 600]
['2019-03-28 14:27:00', 8.24, 8.24, 8.24, 8.24, 235]
['2019-03-28 14:20:00', 8.23, 8.23, 8.23, 8.23, 400]
['2019-03-28 14:19:00', 8.235, 8.235, 8.235, 8.235, 125]
['2019-03-28 14:16:00', 8.2356, 8.2356, 8.2356, 8.2356, 600]
['2019-03-28 14:08:00', 8.24, 8.24, 8.24, 8.24, 1259]
['2019-03-28 14:05:00', 8.23, 8.22, 8.22, 8.23, 1000]
['2019-03-28 14:01:00', 8.23, 8.23, 8.23, 8.23, 785]
['2019-03-28 13:56:00', 8.23, 8.23, 8.23, 8.23, 100]
['2019-03-28 13:53:00', 8.23, 8.23, 8.23, 8.23, 100]
['2019-03-28 13:52:00', 8.23, 8.23, 8.23, 8.23, 2160]
['2019-03-28 13:49:00', 8.23, 8.23, 8.23, 8.23, 527]
['2019-03-28 13:45:00', 8.2201, 8.2201, 8.2201, 8.2201, 306]
['2019-03-28 13:34:00', 8.22, 8.22, 8.22, 8.22, 21600]
['2019-03-28 13:29:00', 8.235, 8.235, 8.235, 8.235, 2100]
['2019-03-28 13:26:00', 8.239, 8.239, 8.239, 8.239, 2673]
['2019-03-28 13:21:00', 8.23, 8.239, 8.23, 8.239, 4896]
['2019-03-28 13:18:00', 8.23, 8.23, 8.23, 8.23, 101]
['2019-03-28 13:15:00', 8.23, 8.23, 8.23, 8.23, 1503]
['2019-03-28 13:13:00', 8.23, 8.23, 8.23, 8.23, 100]
['2019-03-28 13:09:00', 8.22, 8.22, 8.22, 8.22, 3017]
['2019-03-28 13:07:00', 8.23, 8.23, 8.23, 8.23, 300]
['2019-03-28 13:00:00', 8.23, 8.23, 8.23, 8.23, 100]
['2019-03-28 12:57:00', 8.22, 8.22, 8.22, 8.22, 600]
['2019-03-28 12:55:00', 8.23, 8.23, 8.23, 8.23, 331]
['2019-03-28 12:52:00', 8.23, 8.23, 8.23, 8.23, 450]
['2019-03-28 12:41:00', 8.226, 8.226, 8.226, 8.226, 1915]
['2019-03-28 12:38:00', 8.23, 8.23, 8.23, 8.23, 1200]
['2019-03-28 12:33:00', 8.2201, 8.2201, 8.2201, 8.2201, 2450]
['2019-03-28 12:27:00', 8.229, 8.229, 8.229, 8.229, 1000]
['2019-03-28 12:23:00', 8.225, 8.225, 8.225, 8.225, 2300]
['2019-03-28 12:22:00', 8.205, 8.205, 8.205, 8.205, 300]
['2019-03-28 12:21:00', 8.2065, 8.2065, 8.2065, 8.2065, 1250]
['2019-03-28 12:15:00', 8.205, 8.205, 8.205, 8.205, 4600]
['2019-03-28 12:08:00', 8.23, 8.22, 8.22, 8.23, 11159]
['2019-03-28 12:04:00', 8.2291, 8.2291, 8.2291, 8.2291, 607]
['2019-03-28 11:58:00', 8.23, 8.23, 8.23, 8.23, 6140]
['2019-03-28 11:51:00', 8.23, 8.23, 8.23, 8.23, 3960]
['2019-03-28 11:50:00', 8.225, 8.225, 8.225, 8.225, 1200]
['2019-03-28 11:48:00', 8.23, 8.23, 8.23, 8.23, 100]
['2019-03-28 11:41:00', 8.2268, 8.2268, 8.2268, 8.2268, 1851]
['2019-03-28 11:36:00', 8.23, 8.2299, 8.2264, 8.23, 9488]
['2019-03-28 11:34:00', 8.22, 8.22, 8.22, 8.22, 4500]
['2019-03-28 11:30:00', 8.215, 8.215, 8.215, 8.215, 1450]
['2019-03-28 11:28:00', 8.215, 8.215, 8.215, 8.215, 200]
['2019-03-28 11:25:00', 8.2162, 8.2162, 8.2162, 8.2162, 2722]
['2019-03-28 11:20:00', 8.22, 8.22, 8.22, 8.22, 2450]
['2019-03-28 11:16:00', 8.22, 8.22, 8.22, 8.22, 100]
['2019-03-28 11:13:00', 8.22, 8.22, 8.22, 8.22, 603]
['2019-03-28 11:08:00', 8.235, 8.23, 8.23, 8.235, 6804]
['2019-03-28 10:55:00', 8.23, 8.23, 8.23, 8.23, 602]
['2019-03-28 10:51:00', 8.24, 8.24, 8.24, 8.24, 2000]
['2019-03-28 10:49:00', 8.25, 8.25, 8.25, 8.25, 3981]
['2019-03-28 10:48:00', 8.26, 8.26, 8.26, 8.26, 102]
['2019-03-28 10:44:00', 8.25, 8.25, 8.25, 8.25, 1004]
['2019-03-28 10:37:00', 8.25, 8.25, 8.25, 8.25, 382]
['2019-03-28 10:36:00', 8.26, 8.26, 8.26, 8.26, 400]
['2019-03-28 10:35:00', 8.26, 8.26, 8.26, 8.26, 576]
['2019-03-28 10:34:00', 8.26, 8.26, 8.26, 8.26, 500]
['2019-03-28 10:32:00', 8.26, 8.26, 8.26, 8.26, 900]
['2019-03-28 10:31:00', 8.26, 8.26, 8.26, 8.26, 400]
['2019-03-28 10:30:00', 8.26, 8.26, 8.26, 8.26, 400]
['2019-03-28 10:29:00', 8.26, 8.26, 8.26, 8.26, 300]
['2019-03-28 10:28:00', 8.26, 8.26, 8.26, 8.26, 700]
['2019-03-28 10:27:00', 8.255, 8.255, 8.255, 8.255, 1400]
['2019-03-28 10:26:00', 8.26, 8.26, 8.26, 8.26, 300]
['2019-03-28 10:25:00', 8.26, 8.26, 8.26, 8.26, 500]
['2019-03-28 10:23:00', 8.26, 8.26, 8.26, 8.26, 400]
['2019-03-28 10:22:00', 8.26, 8.26, 8.26, 8.26, 500]
['2019-03-28 10:21:00', 8.26, 8.26, 8.26, 8.26, 501]
['2019-03-28 10:20:00', 8.26, 8.26, 8.26, 8.26, 500]
['2019-03-28 10:18:00', 8.26, 8.26, 8.26, 8.26, 800]
['2019-03-28 10:17:00', 8.26, 8.26, 8.26, 8.26, 2560]
['2019-03-28 10:13:00', 8.25, 8.25, 8.25, 8.25, 1500]
['2019-03-28 10:11:00', 8.26, 8.26, 8.26, 8.26, 400]
['2019-03-28 10:10:00', 8.2494, 8.26, 8.2494, 8.26, 6778]
['2019-03-28 10:08:00', 8.26, 8.26, 8.26, 8.26, 2400]
['2019-03-28 10:06:00', 8.239, 8.239, 8.239, 8.239, 200]
['2019-03-28 09:58:00', 8.235, 8.235, 8.235, 8.235, 202]
['2019-03-28 09:47:00', 8.2318, 8.22, 8.22, 8.2318, 427]
['2019-03-28 09:39:00', 8.2267, 8.2267, 8.2267, 8.2267, 252]
['2019-03-28 09:38:00', 8.22, 8.22, 8.22, 8.22, 2560]
['2019-03-28 09:36:00', 8.22, 8.22, 8.22, 8.22, 3200]
['2019-03-28 09:34:00', 8.24, 8.24, 8.24, 8.24, 0]
['2019-03-27 16:00:00', 8.21, 8.21, 8.21, 8.21, 1463]
['2019-03-27 15:57:00', 8.215, 8.215, 8.215, 8.215, 1100]
['2019-03-27 15:54:00', 8.22, 8.22, 8.22, 8.22, 9740]
['2019-03-27 15:51:00', 8.23, 8.23, 8.23, 8.23, 273]
['2019-03-27 15:50:00', 8.23, 8.23, 8.23, 8.23, 2357]
['2019-03-27 15:49:00', 8.23, 8.2299, 8.2299, 8.23, 4537]
['2019-03-27 15:48:00', 8.225, 8.225, 8.225, 8.225, 3000]
['2019-03-27 15:45:00', 8.225, 8.225, 8.225, 8.225, 135]
['2019-03-27 15:42:00', 8.2241, 8.2241, 8.2241, 8.2241, 457]
['2019-03-27 15:40:00', 8.225, 8.225, 8.225, 8.225, 2100]
['2019-03-27 15:35:00', 8.22, 8.22, 8.22, 8.22, 11600]
['2019-03-27 15:29:00', 8.2167, 8.2167, 8.2167, 8.2167, 600]
['2019-03-27 15:27:00', 8.215, 8.215, 8.215, 8.215, 100]
['2019-03-27 15:24:00', 8.22, 8.2185, 8.2185, 8.22, 4800]
['2019-03-27 15:23:00', 8.215, 8.215, 8.215, 8.215, 100]
['2019-03-27 15:21:00', 8.2199, 8.2199, 8.2199, 8.2199, 500]
['2019-03-27 15:19:00', 8.21, 8.21, 8.21, 8.21, 5374]
['2019-03-27 15:16:00', 8.2, 8.2, 8.2, 8.2, 101]
['2019-03-27 15:14:00', 8.205, 8.205, 8.205, 8.205, 134]
['2019-03-27 15:11:00', 8.2, 8.2, 8.2, 8.2, 100]
['2019-03-27 15:10:00', 8.2, 8.2, 8.2, 8.2, 700]
['2019-03-27 15:08:00', 8.2047, 8.2047, 8.2047, 8.2047, 640]
['2019-03-27 15:06:00', 8.2, 8.2093, 8.2, 8.2093, 1519]
['2019-03-27 14:59:00', 8.205, 8.205, 8.205, 8.205, 620]
['2019-03-27 14:55:00', 8.21, 8.21, 8.21, 8.21, 3666]
['2019-03-27 14:54:00', 8.205, 8.205, 8.205, 8.205, 600]
['2019-03-27 14:53:00', 8.2099, 8.2099, 8.2099, 8.2099, 200]
['2019-03-27 14:51:00', 8.205, 8.205, 8.205, 8.205, 100]
['2019-03-27 14:47:00', 8.205, 8.205, 8.205, 8.205, 100]
['2019-03-27 14:43:00', 8.205, 8.205, 8.205, 8.205, 100]
['2019-03-27 14:40:00', 8.205, 8.205, 8.205, 8.205, 2553]
['2019-03-27 14:39:00', 8.21, 8.21, 8.21, 8.21, 900]
['2019-03-27 14:36:00', 8.215, 8.215, 8.215, 8.215, 800]
['2019-03-27 14:30:00', 8.22, 8.22, 8.22, 8.22, 110]
['2019-03-27 14:28:00', 8.22, 8.2151, 8.2151, 8.22, 1881]
['2019-03-27 14:26:00', 8.22, 8.22, 8.22, 8.22, 100]
['2019-03-27 14:23:00', 8.2193, 8.2193, 8.2193, 8.2193, 100]
['2019-03-27 14:21:00', 8.22, 8.22, 8.22, 8.22, 1201]
['2019-03-27 14:20:00', 8.22, 8.22, 8.22, 8.22, 300]
['2019-03-27 14:19:00', 8.22, 8.22, 8.22, 8.22, 400]
['2019-03-27 14:18:00', 8.22, 8.22, 8.22, 8.22, 400]
['2019-03-27 14:17:00', 8.22, 8.22, 8.22, 8.22, 300]
['2019-03-27 14:15:00', 8.22, 8.22, 8.22, 8.22, 300]
['2019-03-27 14:14:00', 8.22, 8.22, 8.22, 8.22, 400]
['2019-03-27 14:13:00', 8.22, 8.22, 8.22, 8.22, 300]
['2019-03-27 14:12:00', 8.21, 8.22, 8.21, 8.22, 6537]
['2019-03-27 14:06:00', 8.2001, 8.2001, 8.2001, 8.2001, 707]
['2019-03-27 14:02:00', 8.2099, 8.2099, 8.2099, 8.2099, 3100]
['2019-03-27 13:58:00', 8.21, 8.21, 8.21, 8.21, 3000]
['2019-03-27 13:49:00', 8.2, 8.2, 8.2, 8.2, 1114]
['2019-03-27 13:46:00', 8.191, 8.191, 8.191, 8.191, 2629]
['2019-03-27 13:41:00', 8.1938, 8.1938, 8.1938, 8.1938, 544]
['2019-03-27 13:38:00', 8.2, 8.197, 8.197, 8.2, 2296]
['2019-03-27 13:35:00', 8.2001, 8.2001, 8.2001, 8.2001, 586]
['2019-03-27 13:30:00', 8.1988, 8.2, 8.1988, 8.2, 5759]
['2019-03-27 13:28:00', 8.19, 8.19, 8.19, 8.19, 100]
['2019-03-27 13:27:00', 8.1899, 8.1899, 8.1899, 8.1899, 802]
['2019-03-27 13:25:00', 8.1868, 8.1868, 8.1868, 8.1868, 200]
['2019-03-27 13:19:00', 8.175, 8.18, 8.175, 8.18, 5300]
['2019-03-27 13:15:00', 8.175, 8.175, 8.175, 8.175, 2500]
['2019-03-27 13:13:00', 8.175, 8.175, 8.175, 8.175, 100]
['2019-03-27 13:10:00', 8.17, 8.17, 8.17, 8.17, 3597]
['2019-03-27 13:08:00', 8.17, 8.17, 8.17, 8.17, 200]
['2019-03-27 13:06:00', 8.17, 8.17, 8.17, 8.17, 644]
['2019-03-27 13:03:00', 8.175, 8.175, 8.175, 8.175, 200]
['2019-03-27 13:00:00', 8.174, 8.174, 8.174, 8.174, 122]
['2019-03-27 12:56:00', 8.18, 8.175, 8.175, 8.18, 10216]
['2019-03-27 12:54:00', 8.1866, 8.1866, 8.1866, 8.1866, 122]
['2019-03-27 12:49:00', 8.1832, 8.18, 8.18, 8.1832, 4850]
['2019-03-27 12:45:00', 8.184, 8.184, 8.184, 8.184, 2822]
['2019-03-27 12:44:00', 8.195, 8.195, 8.195, 8.195, 200]
['2019-03-27 12:40:00', 8.19, 8.19, 8.19, 8.19, 1208]
['2019-03-27 12:39:00', 8.1923, 8.1923, 8.1923, 8.1923, 1345]
['2019-03-27 12:35:00', 8.19, 8.19, 8.19, 8.19, 3600]
['2019-03-27 12:34:00', 8.19, 8.19, 8.19, 8.19, 1100]
['2019-03-27 12:31:00', 8.19, 8.1877, 8.1877, 8.19, 2209]
['2019-03-27 12:24:00', 8.185, 8.185, 8.185, 8.185, 300]
['2019-03-27 12:22:00', 8.185, 8.185, 8.185, 8.185, 1219]
['2019-03-27 12:20:00', 8.1833, 8.1833, 8.1833, 8.1833, 100]
['2019-03-27 12:13:00', 8.185, 8.185, 8.185, 8.185, 1100]
['2019-03-27 12:08:00', 8.19, 8.19, 8.19, 8.19, 18372]
['2019-03-27 12:05:00', 8.19, 8.19, 8.19, 8.19, 1700]
['2019-03-27 12:04:00', 8.19, 8.19, 8.19, 8.19, 1100]
['2019-03-27 12:02:00', 8.2, 8.2, 8.2, 8.2, 2800]
['2019-03-27 12:01:00', 8.2, 8.2, 8.2, 8.2, 500]
['2019-03-27 11:58:00', 8.19, 8.19, 8.19, 8.19, 1600]
['2019-03-27 11:48:00', 8.192, 8.192, 8.192, 8.192, 1035]
['2019-03-27 11:47:00', 8.185, 8.19, 8.185, 8.19, 6565]
['2019-03-27 11:46:00', 8.19, 8.185, 8.185, 8.19, 6538]
['2019-03-27 11:42:00', 8.2063, 8.2063, 8.2063, 8.2063, 2000]
['2019-03-27 11:40:00', 8.205, 8.205, 8.205, 8.205, 500]
['2019-03-27 11:37:00', 8.2, 8.2, 8.2, 8.2, 2000]
['2019-03-27 11:34:00', 8.2139, 8.2139, 8.2139, 8.2139, 1509]
['2019-03-27 11:31:00', 8.22, 8.215, 8.215, 8.22, 900]
['2019-03-27 11:29:00', 8.22, 8.22, 8.22, 8.22, 1420]
['2019-03-27 11:24:00', 8.2308, 8.2308, 8.2308, 8.2308, 10050]
['2019-03-27 11:23:00', 8.235, 8.235, 8.235, 8.235, 3858]
['2019-03-27 11:22:00', 8.2317, 8.2317, 8.2317, 8.2317, 200]
['2019-03-27 11:20:00', 8.236, 8.236, 8.236, 8.236, 400]
['2019-03-27 11:18:00', 8.235, 8.235, 8.235, 8.235, 100]
['2019-03-27 11:16:00', 8.245, 8.24, 8.24, 8.245, 7750]
['2019-03-27 11:15:00', 8.245, 8.24, 8.24, 8.245, 1957]
['2019-03-27 11:14:00', 8.245, 8.245, 8.245, 8.245, 100]
['2019-03-27 11:10:00', 8.245, 8.245, 8.245, 8.245, 400]
['2019-03-27 11:08:00', 8.2485, 8.2485, 8.2485, 8.2485, 1004]
['2019-03-27 11:06:00', 8.25, 8.25, 8.25, 8.25, 100]
['2019-03-27 11:04:00', 8.245, 8.245, 8.245, 8.245, 300]
['2019-03-27 11:03:00', 8.2431, 8.2431, 8.2431, 8.2431, 2727]
['2019-03-27 11:01:00', 8.25, 8.25, 8.25, 8.25, 100]
['2019-03-27 10:51:00', 8.25, 8.25, 8.25, 8.25, 800]
['2019-03-27 10:46:00', 8.2586, 8.2586, 8.2586, 8.2586, 100]
['2019-03-27 10:42:00', 8.2586, 8.2586, 8.2586, 8.2586, 100]
['2019-03-27 10:40:00', 8.24, 8.24, 8.24, 8.24, 200]
['2019-03-27 10:27:00', 8.2564, 8.2564, 8.2564, 8.2564, 2354]
['2019-03-27 10:24:00', 8.245, 8.245, 8.245, 8.245, 400]
['2019-03-27 10:22:00', 8.245, 8.245, 8.245, 8.245, 4708]
['2019-03-27 10:19:00', 8.25, 8.25, 8.25, 8.25, 200]
['2019-03-27 10:16:00', 8.24, 8.24, 8.24, 8.24, 201]
['2019-03-27 10:15:00', 8.245, 8.245, 8.245, 8.245, 900]
['2019-03-27 10:14:00', 8.245, 8.245, 8.245, 8.245, 800]
['2019-03-27 10:12:00', 8.2499, 8.24, 8.24, 8.2499, 2718]
['2019-03-27 10:09:00', 8.24, 8.24, 8.24, 8.24, 300]
['2019-03-27 10:06:00', 8.245, 8.245, 8.245, 8.245, 1315]
['2019-03-27 10:03:00', 8.245, 8.245, 8.245, 8.245, 100]
['2019-03-27 10:02:00', 8.243, 8.243, 8.243, 8.243, 3310]
['2019-03-27 10:01:00', 8.255, 8.255, 8.255, 8.255, 200]
['2019-03-27 10:00:00', 8.255, 8.255, 8.255, 8.255, 200]
['2019-03-27 09:58:00', 8.255, 8.255, 8.255, 8.255, 396]
['2019-03-27 09:56:00', 8.2533, 8.2533, 8.2533, 8.2533, 600]
['2019-03-27 09:51:00', 8.255, 8.255, 8.255, 8.255, 100]
['2019-03-27 09:46:00', 8.255, 8.255, 8.255, 8.255, 400]
['2019-03-27 09:40:00', 8.2559, 8.2559, 8.2559, 8.2559, 988]
['2019-03-27 09:31:00', 8.25, 8.25, 8.25, 8.25, 0]
['2019-03-26 16:00:00', 8.21, 8.21, 8.21, 8.21, 2534]
['2019-03-26 15:59:00', 8.21, 8.21, 8.21, 8.21, 3626]
['2019-03-26 15:58:00', 8.205, 8.205, 8.205, 8.205, 603]
['2019-03-26 15:57:00', 8.205, 8.205, 8.205, 8.205, 1034]
['2019-03-26 15:56:00', 8.205, 8.205, 8.205, 8.205, 768]
['2019-03-26 15:54:00', 8.2, 8.2, 8.2, 8.2, 1282]
['2019-03-26 15:52:00', 8.2, 8.2, 8.2, 8.2, 626]
['2019-03-26 15:51:00', 8.2, 8.2, 8.2, 8.2, 225]
['2019-03-26 15:50:00', 8.2, 8.2, 8.2, 8.2, 406]
['2019-03-26 15:48:00', 8.2, 8.2, 8.2, 8.2, 802]
['2019-03-26 15:47:00', 8.2, 8.2, 8.2, 8.2, 2378]
['2019-03-26 15:45:00', 8.2, 8.2, 8.2, 8.2, 1951]
['2019-03-26 15:44:00', 8.2, 8.2, 8.2, 8.2, 316]
['2019-03-26 15:43:00', 8.2, 8.2, 8.2, 8.2, 400]
['2019-03-26 15:41:00', 8.2, 8.2, 8.2, 8.2, 300]
['2019-03-26 15:40:00', 8.2, 8.2, 8.2, 8.2, 403]
['2019-03-26 15:39:00', 8.2099, 8.2099, 8.2099, 8.2099, 500]
['2019-03-26 15:38:00', 8.2, 8.2, 8.2, 8.2, 1900]
['2019-03-26 15:37:00', 8.2, 8.2, 8.2, 8.2, 650]
['2019-03-26 15:35:00', 8.2, 8.2, 8.2, 8.2, 300]
['2019-03-26 15:33:00', 8.205, 8.2, 8.2, 8.205, 631]
['2019-03-26 15:31:00', 8.2089, 8.2089, 8.2089, 8.2089, 2800]
['2019-03-26 15:30:00', 8.21, 8.21, 8.21, 8.21, 400]
['2019-03-26 15:29:00', 8.21, 8.21, 8.21, 8.21, 1417]
['2019-03-26 15:28:00', 8.22, 8.22, 8.22, 8.22, 200]
['2019-03-26 15:26:00', 8.22, 8.22, 8.22, 8.22, 200]
['2019-03-26 15:25:00', 8.22, 8.22, 8.22, 8.22, 100]
['2019-03-26 15:24:00', 8.22, 8.22, 8.22, 8.22, 200]
['2019-03-26 15:23:00', 8.22, 8.22, 8.22, 8.22, 100]
['2019-03-26 15:22:00', 8.22, 8.22, 8.22, 8.22, 200]
['2019-03-26 15:21:00', 8.22, 8.22, 8.22, 8.22, 300]
['2019-03-26 15:19:00', 8.22, 8.22, 8.22, 8.22, 400]
['2019-03-26 15:16:00', 8.22, 8.22, 8.22, 8.22, 200]
['2019-03-26 15:15:00', 8.22, 8.22, 8.22, 8.22, 200]
['2019-03-26 15:14:00', 8.22, 8.22, 8.22, 8.22, 200]
['2019-03-26 15:13:00', 8.22, 8.22, 8.22, 8.22, 300]
['2019-03-26 15:10:00', 8.22, 8.22, 8.22, 8.22, 200]
['2019-03-26 15:09:00', 8.22, 8.22, 8.22, 8.22, 100]
['2019-03-26 15:08:00', 8.22, 8.22, 8.22, 8.22, 446]
['2019-03-26 15:06:00', 8.22, 8.22, 8.22, 8.22, 400]
['2019-03-26 15:03:00', 8.22, 8.22, 8.22, 8.22, 112]
['2019-03-26 15:02:00', 8.225, 8.225, 8.225, 8.225, 300]
['2019-03-26 15:00:00', 8.22, 8.22, 8.22, 8.22, 315]
['2019-03-26 14:59:00', 8.225, 8.225, 8.225, 8.225, 450]
['2019-03-26 14:58:00', 8.22, 8.22, 8.22, 8.22, 100]
['2019-03-26 14:57:00', 8.22, 8.22, 8.22, 8.22, 320]
['2019-03-26 14:56:00', 8.22, 8.22, 8.22, 8.22, 200]
['2019-03-26 14:55:00', 8.22, 8.22, 8.22, 8.22, 100]
['2019-03-26 14:54:00', 8.22, 8.22, 8.22, 8.22, 200]
['2019-03-26 14:53:00', 8.22, 8.22, 8.22, 8.22, 870]
['2019-03-26 14:52:00', 8.2201, 8.2201, 8.2201, 8.2201, 2448]
['2019-03-26 14:51:00', 8.23, 8.23, 8.23, 8.23, 230]
['2019-03-26 14:45:00', 8.225, 8.225, 8.225, 8.225, 906]
['2019-03-26 14:42:00', 8.235, 8.235, 8.235, 8.235, 1841]
['2019-03-26 14:39:00', 8.235, 8.235, 8.235, 8.235, 300]
['2019-03-26 14:38:00', 8.235, 8.235, 8.235, 8.235, 300]
['2019-03-26 14:34:00', 8.235, 8.235, 8.235, 8.235, 400]
['2019-03-26 14:31:00', 8.235, 8.235, 8.235, 8.235, 400]
['2019-03-26 14:28:00', 8.235, 8.235, 8.235, 8.235, 400]
['2019-03-26 14:27:00', 8.2332, 8.2332, 8.2332, 8.2332, 276]
['2019-03-26 14:19:00', 8.235, 8.235, 8.235, 8.235, 300]
['2019-03-26 14:17:00', 8.23, 8.23, 8.23, 8.23, 1887]
['2019-03-26 14:16:00', 8.2299, 8.2299, 8.2299, 8.2299, 182]
['2019-03-26 14:12:00', 8.22, 8.22, 8.22, 8.22, 1800]
['2019-03-26 14:11:00', 8.22, 8.22, 8.22, 8.22, 1500]
['2019-03-26 14:09:00', 8.225, 8.225, 8.225, 8.225, 1500]
['2019-03-26 14:06:00', 8.225, 8.225, 8.225, 8.225, 1315]
['2019-03-26 14:04:00', 8.2263, 8.2263, 8.2263, 8.2263, 1116]
['2019-03-26 13:59:00', 8.225, 8.225, 8.225, 8.225, 564]
['2019-03-26 13:57:00', 8.235, 8.23, 8.23, 8.235, 10092]
['2019-03-26 13:50:00', 8.2301, 8.2301, 8.2301, 8.2301, 3057]
['2019-03-26 13:49:00', 8.235, 8.235, 8.235, 8.235, 400]
['2019-03-26 13:47:00', 8.2319, 8.2319, 8.2319, 8.2319, 193]
['2019-03-26 13:46:00', 8.235, 8.235, 8.235, 8.235, 400]
['2019-03-26 13:42:00', 8.235, 8.235, 8.235, 8.235, 435]
['2019-03-26 13:37:00', 8.245, 8.24, 8.24, 8.245, 6557]
['2019-03-26 13:33:00', 8.24, 8.24, 8.24, 8.24, 300]
['2019-03-26 13:32:00', 8.245, 8.245, 8.245, 8.245, 600]
['2019-03-26 13:27:00', 8.245, 8.245, 8.245, 8.245, 500]
['2019-03-26 13:26:00', 8.24, 8.24, 8.24, 8.24, 107]
['2019-03-26 13:23:00', 8.25, 8.25, 8.25, 8.25, 2410]
['2019-03-26 13:22:00', 8.245, 8.245, 8.245, 8.245, 500]
['2019-03-26 13:17:00', 8.245, 8.245, 8.245, 8.245, 600]
['2019-03-26 13:14:00', 8.2428, 8.2428, 8.2428, 8.2428, 1000]
['2019-03-26 13:11:00', 8.245, 8.245, 8.245, 8.245, 600]
['2019-03-26 13:08:00', 8.243, 8.243, 8.243, 8.243, 337]
['2019-03-26 13:05:00', 8.245, 8.245, 8.245, 8.245, 600]
['2019-03-26 12:59:00', 8.25, 8.25, 8.25, 8.25, 1756]
['2019-03-26 12:56:00', 8.2544, 8.2544, 8.2544, 8.2544, 1022]
['2019-03-26 12:53:00', 8.26, 8.26, 8.26, 8.26, 600]
['2019-03-26 12:46:00', 8.255, 8.255, 8.255, 8.255, 1025]
['2019-03-26 12:45:00', 8.255, 8.255, 8.255, 8.255, 375]
['2019-03-26 12:40:00', 8.257, 8.257, 8.257, 8.257, 3030]
['2019-03-26 12:36:00', 8.2568, 8.2568, 8.2568, 8.2568, 4333]
['2019-03-26 12:35:00', 8.255, 8.255, 8.255, 8.255, 2400]
['2019-03-26 12:32:00', 8.2549, 8.2549, 8.2549, 8.2549, 1200]
['2019-03-26 12:29:00', 8.2533, 8.2533, 8.2533, 8.2533, 1126]
['2019-03-26 12:28:00', 8.255, 8.255, 8.255, 8.255, 800]
['2019-03-26 12:24:00', 8.255, 8.255, 8.255, 8.255, 1100]
['2019-03-26 12:21:00', 8.26, 8.26, 8.26, 8.26, 4100]
['2019-03-26 12:19:00', 8.25, 8.25, 8.25, 8.26, 5221]
['2019-03-26 12:17:00', 8.25, 8.25, 8.25, 8.25, 2200]
['2019-03-26 12:14:00', 8.245, 8.245, 8.245, 8.245, 1710]
['2019-03-26 12:13:00', 8.2515, 8.2515, 8.2515, 8.2515, 6200]
['2019-03-26 12:11:00', 8.25, 8.25, 8.25, 8.25, 200]
['2019-03-26 12:10:00', 8.25, 8.25, 8.25, 8.25, 100]
['2019-03-26 12:09:00', 8.25, 8.25, 8.25, 8.25, 300]
['2019-03-26 12:07:00', 8.25, 8.25, 8.25, 8.25, 481]
['2019-03-26 12:06:00', 8.25, 8.25, 8.25, 8.25, 2200]
['2019-03-26 12:04:00', 8.25, 8.25, 8.25, 8.25, 200]
['2019-03-26 12:02:00', 8.25, 8.25, 8.25, 8.25, 300]
['2019-03-26 12:00:00', 8.25, 8.25, 8.25, 8.25, 300]
['2019-03-26 11:58:00', 8.25, 8.25, 8.25, 8.25, 100]
['2019-03-26 11:57:00', 8.25, 8.25, 8.25, 8.25, 200]
['2019-03-26 11:55:00', 8.25, 8.25, 8.25, 8.25, 3300]
['2019-03-26 11:53:00', 8.25, 8.25, 8.25, 8.25, 200]
['2019-03-26 11:52:00', 8.25, 8.25, 8.25, 8.25, 450]
['2019-03-26 11:50:00', 8.25, 8.25, 8.25, 8.25, 3862]
['2019-03-26 11:49:00', 8.25, 8.25, 8.25, 8.25, 300]
['2019-03-26 11:46:00', 8.25, 8.25, 8.25, 8.25, 100]
['2019-03-26 11:45:00', 8.25, 8.25, 8.25, 8.25, 200]
['2019-03-26 11:44:00', 8.24, 8.24, 8.24, 8.24, 100]
['2019-03-26 11:43:00', 8.24, 8.24, 8.24, 8.24, 200]
['2019-03-26 11:41:00', 8.24, 8.24, 8.24, 8.24, 200]
['2019-03-26 11:40:00', 8.24, 8.24, 8.24, 8.24, 201]
['2019-03-26 11:38:00', 8.24, 8.24, 8.24, 8.24, 100]
['2019-03-26 11:37:00', 8.24, 8.24, 8.24, 8.24, 301]
['2019-03-26 11:35:00', 8.24, 8.24, 8.24, 8.24, 200]
['2019-03-26 11:33:00', 8.25, 8.25, 8.25, 8.25, 500]
['2019-03-26 11:32:00', 8.25, 8.25, 8.25, 8.25, 100]
['2019-03-26 11:31:00', 8.25, 8.25, 8.25, 8.25, 300]
['2019-03-26 11:30:00', 8.25, 8.25, 8.25, 8.25, 200]
['2019-03-26 11:28:00', 8.25, 8.25, 8.25, 8.25, 200]
['2019-03-26 11:26:00', 8.26, 8.26, 8.26, 8.26, 3100]
['2019-03-26 11:25:00', 8.25, 8.25, 8.25, 8.25, 100]
['2019-03-26 11:24:00', 8.25, 8.25, 8.25, 8.25, 550]
['2019-03-26 11:22:00', 8.25, 8.25, 8.25, 8.25, 1700]
['2019-03-26 11:20:00', 8.2599, 8.2599, 8.2599, 8.2599, 350]
['2019-03-26 11:19:00', 8.26, 8.26, 8.26, 8.26, 200]
['2019-03-26 11:17:00', 8.26, 8.26, 8.26, 8.26, 384]
['2019-03-26 11:13:00', 8.26, 8.26, 8.26, 8.26, 2500]
['2019-03-26 11:11:00', 8.2592, 8.25, 8.25, 8.2592, 5037]
['2019-03-26 11:10:00', 8.25, 8.25, 8.25, 8.25, 200]
['2019-03-26 11:08:00', 8.26, 8.26, 8.26, 8.26, 382]
['2019-03-26 11:07:00', 8.26, 8.26, 8.26, 8.26, 300]
['2019-03-26 11:06:00', 8.26, 8.26, 8.26, 8.26, 300]
['2019-03-26 11:03:00', 8.26, 8.26, 8.26, 8.26, 201]
['2019-03-26 11:02:00', 8.27, 8.27, 8.27, 8.27, 100]
['2019-03-26 11:01:00', 8.27, 8.27, 8.27, 8.27, 310]
['2019-03-26 11:00:00', 8.27, 8.27, 8.27, 8.27, 384]
['2019-03-26 10:57:00', 8.27, 8.27, 8.27, 8.27, 200]
['2019-03-26 10:56:00', 8.27, 8.27, 8.27, 8.27, 100]
['2019-03-26 10:55:00', 8.27, 8.27, 8.27, 8.27, 300]
['2019-03-26 10:54:00', 8.28, 8.28, 8.28, 8.28, 200]
['2019-03-26 10:53:00', 8.28, 8.28, 8.28, 8.28, 1250]
['2019-03-26 10:52:00', 8.2762, 8.2762, 8.2762, 8.2762, 1150]
['2019-03-26 10:49:00', 8.26, 8.26, 8.26, 8.26, 300]
['2019-03-26 10:47:00', 8.2628, 8.2628, 8.2628, 8.2628, 2000]
['2019-03-26 10:45:00', 8.27, 8.27, 8.27, 8.27, 390]
['2019-03-26 10:41:00', 8.275, 8.275, 8.275, 8.275, 530]
['2019-03-26 10:38:00', 8.275, 8.275, 8.275, 8.275, 100]
['2019-03-26 10:35:00', 8.277, 8.2701, 8.2701, 8.277, 300]
['2019-03-26 10:29:00', 8.28, 8.28, 8.28, 8.28, 2096]
['2019-03-26 10:28:00', 8.28, 8.28, 8.28, 8.28, 366]
['2019-03-26 10:27:00', 8.2801, 8.2801, 8.2801, 8.2801, 3019]
['2019-03-26 10:25:00', 8.2907, 8.29, 8.29, 8.2907, 31503]
['2019-03-26 10:22:00', 8.295, 8.295, 8.295, 8.295, 700]
['2019-03-26 10:18:00', 8.295, 8.295, 8.295, 8.295, 1003]
['2019-03-26 10:15:00', 8.295, 8.295, 8.295, 8.295, 2533]
['2019-03-26 10:14:00', 8.29, 8.29, 8.29, 8.29, 4988]
['2019-03-26 10:08:00', 8.28, 8.28, 8.28, 8.28, 100]
['2019-03-26 10:04:00', 8.28, 8.28, 8.28, 8.28, 6000]
['2019-03-26 10:00:00', 8.27, 8.29, 8.27, 8.29, 1300]
['2019-03-26 09:57:00', 8.28, 8.28, 8.28, 8.28, 2171]
['2019-03-26 09:55:00', 8.27, 8.27, 8.27, 8.27, 133]
['2019-03-26 09:53:00', 8.27, 8.27, 8.27, 8.27, 1600]
['2019-03-26 09:52:00', 8.2778, 8.2778, 8.2778, 8.2778, 2500]
['2019-03-26 09:49:00', 8.28, 8.28, 8.28, 8.28, 970]
['2019-03-26 09:48:00', 8.28, 8.28, 8.28, 8.28, 4169]
['2019-03-26 09:45:00', 8.27, 8.27, 8.27, 8.27, 700]
['2019-03-26 09:43:00', 8.255, 8.255, 8.255, 8.255, 7688]
['2019-03-26 09:40:00', 8.2635, 8.2635, 8.2635, 8.2635, 2200]
['2019-03-26 09:33:00', 8.2633, 8.2633, 8.2633, 8.2633, 12107]
['2019-03-25 16:00:00', 8.22, 8.22, 8.22, 8.22, 3772]
['2019-03-25 15:59:00', 8.21, 8.21, 8.21, 8.21, 609]
['2019-03-25 15:58:00', 8.21, 8.21, 8.21, 8.21, 901]
['2019-03-25 15:57:00', 8.2169, 8.2169, 8.2169, 8.2169, 4680]
['2019-03-25 15:56:00', 8.21, 8.21, 8.21, 8.21, 300]
['2019-03-25 15:55:00', 8.21, 8.21, 8.21, 8.21, 100]
['2019-03-25 15:51:00', 8.215, 8.2165, 8.215, 8.2165, 1086]
['2019-03-25 15:49:00', 8.22, 8.22, 8.22, 8.22, 4540]
['2019-03-25 15:48:00', 8.21, 8.21, 8.21, 8.21, 820]
['2019-03-25 15:46:00', 8.21, 8.21, 8.21, 8.21, 3986]
['2019-03-25 15:45:00', 8.2, 8.2, 8.2, 8.2, 200]
['2019-03-25 15:43:00', 8.2001, 8.2001, 8.2001, 8.2001, 450]
['2019-03-25 15:41:00', 8.2, 8.2, 8.2, 8.2, 300]
['2019-03-25 15:39:00', 8.2, 8.2, 8.2, 8.2, 100]
['2019-03-25 15:38:00', 8.2, 8.2, 8.2, 8.2, 165]
['2019-03-25 15:35:00', 8.205, 8.205, 8.205, 8.205, 2421]
['2019-03-25 15:30:00', 8.2088, 8.2088, 8.2088, 8.2088, 565]
['2019-03-25 15:28:00', 8.2, 8.2, 8.2, 8.2, 3500]
['2019-03-25 15:27:00', 8.2, 8.2, 8.2, 8.2, 297]
['2019-03-25 15:25:00', 8.195, 8.195, 8.195, 8.195, 700]
['2019-03-25 15:24:00', 8.2, 8.2, 8.2, 8.2, 1425]
['2019-03-25 15:23:00', 8.19, 8.19, 8.19, 8.19, 210]
['2019-03-25 15:21:00', 8.1901, 8.1901, 8.1901, 8.1901, 1600]
['2019-03-25 15:19:00', 8.19, 8.19, 8.19, 8.19, 980]
['2019-03-25 15:17:00', 8.19, 8.19, 8.19, 8.19, 100]
['2019-03-25 15:16:00', 8.19, 8.195, 8.19, 8.195, 1049]
['2019-03-25 15:13:00', 8.1967, 8.19, 8.19, 8.1967, 799]
['2019-03-25 15:06:00', 8.19, 8.1983, 8.19, 8.1983, 2488]
['2019-03-25 15:03:00', 8.18, 8.18, 8.18, 8.18, 100]
['2019-03-25 15:01:00', 8.18, 8.18, 8.18, 8.18, 466]
['2019-03-25 14:59:00', 8.18, 8.18, 8.18, 8.18, 200]
['2019-03-25 14:54:00', 8.1883, 8.1883, 8.1883, 8.1883, 600]
['2019-03-25 14:52:00', 8.18, 8.18, 8.18, 8.18, 156]
['2019-03-25 14:50:00', 8.19, 8.19, 8.19, 8.19, 400]
['2019-03-25 14:48:00', 8.19, 8.19, 8.19, 8.19, 810]
['2019-03-25 14:46:00', 8.19, 8.19, 8.19, 8.19, 500]
['2019-03-25 14:45:00', 8.19, 8.19, 8.19, 8.19, 600]
['2019-03-25 14:43:00', 8.18, 8.18, 8.18, 8.18, 300]
['2019-03-25 14:41:00', 8.19, 8.19, 8.19, 8.19, 300]
['2019-03-25 14:40:00', 8.19, 8.19, 8.19, 8.19, 300]
['2019-03-25 14:38:00', 8.19, 8.19, 8.19, 8.19, 300]
['2019-03-25 14:36:00', 8.19, 8.19, 8.19, 8.19, 544]
['2019-03-25 14:33:00', 8.19, 8.19, 8.19, 8.19, 100]
['2019-03-25 14:32:00', 8.19, 8.19, 8.19, 8.19, 400]
['2019-03-25 14:30:00', 8.19, 8.19, 8.19, 8.19, 100]
['2019-03-25 14:29:00', 8.185, 8.185, 8.185, 8.185, 400]
['2019-03-25 14:22:00', 8.19, 8.19, 8.19, 8.19, 503]
['2019-03-25 14:19:00', 8.19, 8.19, 8.19, 8.19, 600]
['2019-03-25 14:18:00', 8.1913, 8.19, 8.19, 8.1913, 2700]
['2019-03-25 14:16:00', 8.19, 8.19, 8.19, 8.19, 100]
['2019-03-25 14:14:00', 8.2, 8.2, 8.2, 8.2, 2110]
['2019-03-25 14:13:00', 8.19, 8.19, 8.19, 8.19, 100]
['2019-03-25 14:11:00', 8.19, 8.19, 8.19, 8.19, 100]
['2019-03-25 14:10:00', 8.1932, 8.1932, 8.1932, 8.1932, 403]
['2019-03-25 14:09:00', 8.19, 8.19, 8.19, 8.19, 178]
['2019-03-25 14:08:00', 8.19, 8.19, 8.19, 8.19, 220]
['2019-03-25 14:07:00', 8.1942, 8.1942, 8.1942, 8.1942, 1537]
['2019-03-25 14:06:00', 8.19, 8.19, 8.19, 8.19, 343]
['2019-03-25 14:04:00', 8.198, 8.198, 8.198, 8.198, 1280]
['2019-03-25 14:01:00', 8.19, 8.2, 8.19, 8.2, 2102]
['2019-03-25 14:00:00', 8.198, 8.198, 8.198, 8.198, 745]
['2019-03-25 13:56:00', 8.19, 8.19, 8.19, 8.19, 100]
['2019-03-25 13:55:00', 8.2, 8.2, 8.2, 8.2, 2959]
['2019-03-25 13:54:00', 8.2, 8.2, 8.2, 8.2, 100]
['2019-03-25 13:52:00', 8.2001, 8.2, 8.2, 8.2001, 2400]
['2019-03-25 13:47:00', 8.2101, 8.21, 8.21, 8.2101, 1270]
['2019-03-25 13:46:00', 8.215, 8.215, 8.215, 8.215, 535]
['2019-03-25 13:45:00', 8.22, 8.22, 8.22, 8.22, 200]
['2019-03-25 13:43:00', 8.22, 8.22, 8.22, 8.22, 1000]
['2019-03-25 13:41:00', 8.23, 8.23, 8.23, 8.23, 500]
['2019-03-25 13:38:00', 8.23, 8.23, 8.23, 8.23, 400]
['2019-03-25 13:36:00', 8.23, 8.23, 8.23, 8.23, 2890]
['2019-03-25 13:33:00', 8.23, 8.23, 8.23, 8.23, 10287]
['2019-03-25 13:28:00', 8.23, 8.23, 8.23, 8.23, 301]
['2019-03-25 13:23:00', 8.23, 8.23, 8.23, 8.23, 100]
['2019-03-25 13:20:00', 8.23, 8.23, 8.23, 8.23, 100]
['2019-03-25 13:19:00', 8.2333, 8.2333, 8.2333, 8.2333, 2925]
['2019-03-25 13:17:00', 8.23, 8.23, 8.23, 8.23, 100]
['2019-03-25 13:14:00', 8.23, 8.23, 8.23, 8.23, 100]
['2019-03-25 13:12:00', 8.23, 8.23, 8.23, 8.23, 1600]
['2019-03-25 13:09:00', 8.23, 8.23, 8.23, 8.23, 100]
['2019-03-25 13:07:00', 8.23, 8.23, 8.23, 8.23, 100]
['2019-03-25 13:04:00', 8.23, 8.23, 8.23, 8.23, 228]
['2019-03-25 13:01:00', 8.23, 8.23, 8.23, 8.23, 1000]
['2019-03-25 12:59:00', 8.23, 8.23, 8.23, 8.23, 100]
['2019-03-25 12:58:00', 8.23, 8.23, 8.23, 8.23, 296]
['2019-03-25 12:56:00', 8.23, 8.23, 8.23, 8.23, 300]
['2019-03-25 12:51:00', 8.23, 8.23, 8.23, 8.23, 101]
['2019-03-25 12:50:00', 8.2356, 8.2356, 8.2356, 8.2356, 200]
['2019-03-25 12:48:00', 8.23, 8.23, 8.23, 8.23, 300]
['2019-03-25 12:45:00', 8.23, 8.23, 8.23, 8.23, 7600]
['2019-03-25 12:43:00', 8.23, 8.23, 8.23, 8.23, 100]
['2019-03-25 12:41:00', 8.23, 8.23, 8.23, 8.23, 100]
['2019-03-25 12:38:00', 8.23, 8.23, 8.23, 8.23, 3805]
['2019-03-25 12:37:00', 8.23, 8.23, 8.23, 8.23, 3800]
['2019-03-25 12:36:00', 8.23, 8.23, 8.23, 8.23, 5318]
['2019-03-25 12:31:00', 8.23, 8.23, 8.23, 8.23, 200]
['2019-03-25 12:28:00', 8.24, 8.23, 8.23, 8.2425, 10729]
['2019-03-25 12:25:00', 8.24, 8.24, 8.24, 8.24, 598]
['2019-03-25 12:23:00', 8.24, 8.2401, 8.24, 8.2401, 1600]
['2019-03-25 12:20:00', 8.24, 8.24, 8.24, 8.24, 200]
['2019-03-25 12:17:00', 8.2423, 8.2423, 8.2423, 8.2423, 300]
['2019-03-25 12:15:00', 8.24, 8.24, 8.24, 8.24, 100]
['2019-03-25 12:14:00', 8.24, 8.24, 8.24, 8.24, 100]
['2019-03-25 11:51:00', 8.2456, 8.2456, 8.2456, 8.2456, 360]
['2019-03-25 11:48:00', 8.24, 8.24, 8.24, 8.24, 500]
['2019-03-25 11:46:00', 8.245, 8.245, 8.245, 8.245, 4354]
['2019-03-25 11:43:00', 8.24, 8.24, 8.24, 8.24, 4033]
['2019-03-25 11:34:00', 8.24, 8.2401, 8.24, 8.2401, 781]
['2019-03-25 11:33:00', 8.2401, 8.2401, 8.2401, 8.2401, 502]
['2019-03-25 11:30:00', 8.24, 8.24, 8.24, 8.24, 553]
['2019-03-25 11:11:00', 8.2334, 8.2334, 8.2334, 8.2334, 2832]
['2019-03-25 11:09:00', 8.24, 8.24, 8.24, 8.24, 700]
['2019-03-25 11:01:00', 8.24, 8.235, 8.235, 8.24, 2004]
['2019-03-25 10:58:00', 8.25, 8.25, 8.25, 8.25, 743]
['2019-03-25 10:54:00', 8.24, 8.245, 8.24, 8.25, 12810]
['2019-03-25 10:53:00', 8.219, 8.219, 8.219, 8.219, 2956]
['2019-03-25 10:51:00', 8.22, 8.22, 8.22, 8.22, 203]
['2019-03-25 10:49:00', 8.21, 8.2115, 8.21, 8.2115, 2650]
['2019-03-25 10:48:00', 8.21, 8.2137, 8.21, 8.2137, 3100]
['2019-03-25 10:47:00', 8.22, 8.22, 8.22, 8.22, 1025]
['2019-03-25 10:39:00', 8.2185, 8.2185, 8.2185, 8.2185, 1200]
['2019-03-25 10:34:00', 8.22, 8.22, 8.22, 8.22, 2501]
['2019-03-25 10:28:00', 8.215, 8.215, 8.215, 8.215, 400]
['2019-03-25 10:12:00', 8.2106, 8.2106, 8.2106, 8.2106, 61]
['2019-03-25 09:57:00', 8.2103, 8.2103, 8.2103, 8.2103, 1188]
['2019-03-25 09:54:00', 8.2, 8.2, 8.2, 8.2, 10000]
['2019-03-25 09:51:00', 8.22, 8.22, 8.22, 8.22, 400]
['2019-03-25 09:50:00', 8.21, 8.21, 8.21, 8.21, 1950]
['2019-03-25 09:41:00', 8.24, 8.24, 8.24, 8.24, 1075]
['2019-03-25 09:39:00', 8.25, 8.255, 8.25, 8.255, 3177]
['2019-03-25 09:31:00', 8.25, 8.25, 8.25, 8.25, 0]
