AGRO
['2019-03-29 16:00:00', 6.885, 6.89, 6.885, 6.89, 12004]
['2019-03-29 15:59:00', 6.88, 6.88, 6.88, 6.88, 3081]
['2019-03-29 15:58:00', 6.87, 6.87, 6.87, 6.87, 2970]
['2019-03-29 15:57:00', 6.88, 6.88, 6.88, 6.88, 1100]
['2019-03-29 15:56:00', 6.9, 6.9, 6.9, 6.9, 1900]
['2019-03-29 15:55:00', 6.91, 6.9, 6.9, 6.91, 6067]
['2019-03-29 15:54:00', 6.91, 6.91, 6.91, 6.91, 1151]
['2019-03-29 15:53:00', 6.9, 6.9, 6.9, 6.9, 700]
['2019-03-29 15:52:00', 6.9, 6.9, 6.9, 6.9, 1100]
['2019-03-29 15:51:00', 6.9, 6.9, 6.9, 6.9, 685]
['2019-03-29 15:49:00', 6.9, 6.9, 6.9, 6.9, 1215]
['2019-03-29 15:48:00', 6.9, 6.9, 6.9, 6.9, 2540]
['2019-03-29 15:47:00', 6.88, 6.88, 6.88, 6.88, 800]
['2019-03-29 15:46:00', 6.9, 6.9, 6.9, 6.9, 1400]
['2019-03-29 15:45:00', 6.88, 6.88, 6.88, 6.88, 840]
['2019-03-29 15:44:00', 6.86, 6.86, 6.86, 6.86, 500]
['2019-03-29 15:43:00', 6.87, 6.87, 6.87, 6.87, 1040]
['2019-03-29 15:41:00', 6.87, 6.86, 6.86, 6.87, 1050]
['2019-03-29 15:39:00', 6.87, 6.87, 6.87, 6.87, 410]
['2019-03-29 15:31:00', 6.85, 6.85, 6.85, 6.85, 149]
['2019-03-29 15:30:00', 6.87, 6.87, 6.87, 6.87, 100]
['2019-03-29 15:26:00', 6.87, 6.87, 6.87, 6.87, 100]
['2019-03-29 15:20:00', 6.87, 6.87, 6.87, 6.87, 280]
['2019-03-29 15:17:00', 6.85, 6.86, 6.85, 6.86, 1082]
['2019-03-29 15:16:00', 6.86, 6.86, 6.86, 6.86, 867]
['2019-03-29 15:15:00', 6.87, 6.87, 6.87, 6.87, 300]
['2019-03-29 15:13:00', 6.87, 6.87, 6.87, 6.87, 222]
['2019-03-29 15:12:00', 6.87, 6.87, 6.87, 6.87, 300]
['2019-03-29 15:09:00', 6.87, 6.87, 6.87, 6.87, 216]
['2019-03-29 15:06:00', 6.86, 6.86, 6.86, 6.86, 200]
['2019-03-29 15:03:00', 6.87, 6.87, 6.87, 6.87, 100]
['2019-03-29 14:59:00', 6.87, 6.87, 6.87, 6.87, 101]
['2019-03-29 14:55:00', 6.86, 6.87, 6.86, 6.87, 507]
['2019-03-29 14:47:00', 6.87, 6.85, 6.85, 6.88, 5518]
['2019-03-29 14:46:00', 6.87, 6.87, 6.87, 6.87, 7270]
['2019-03-29 14:45:00', 6.87, 6.87, 6.87, 6.87, 800]
['2019-03-29 14:43:00', 6.865, 6.865, 6.865, 6.865, 600]
['2019-03-29 14:41:00', 6.86, 6.86, 6.86, 6.86, 300]
['2019-03-29 14:38:00', 6.8427, 6.8427, 6.8427, 6.8427, 1078]
['2019-03-29 14:36:00', 6.84, 6.84, 6.84, 6.84, 200]
['2019-03-29 14:33:00', 6.86, 6.86, 6.86, 6.86, 300]
['2019-03-29 14:29:00', 6.86, 6.86, 6.86, 6.86, 200]
['2019-03-29 14:24:00', 6.86, 6.86, 6.86, 6.86, 100]
['2019-03-29 14:22:00', 6.858, 6.858, 6.858, 6.858, 100]
['2019-03-29 14:16:00', 6.85, 6.85, 6.85, 6.85, 107]
['2019-03-29 14:15:00', 6.85, 6.85, 6.85, 6.85, 130]
['2019-03-29 14:13:00', 6.87, 6.85, 6.85, 6.87, 2500]
['2019-03-29 14:11:00', 6.85, 6.85, 6.85, 6.85, 400]
['2019-03-29 14:10:00', 6.84, 6.84, 6.84, 6.84, 100]
['2019-03-29 14:07:00', 6.84, 6.84, 6.84, 6.84, 890]
['2019-03-29 14:05:00', 6.82, 6.82, 6.82, 6.82, 100]
['2019-03-29 14:04:00', 6.82, 6.82, 6.82, 6.82, 300]
['2019-03-29 14:01:00', 6.82, 6.82, 6.82, 6.82, 310]
['2019-03-29 13:58:00', 6.815, 6.815, 6.815, 6.815, 400]
['2019-03-29 13:54:00', 6.81, 6.805, 6.805, 6.81, 7152]
['2019-03-29 13:53:00', 6.82, 6.82, 6.82, 6.82, 3993]
['2019-03-29 13:51:00', 6.81, 6.81, 6.81, 6.81, 200]
['2019-03-29 13:47:00', 6.82, 6.81, 6.81, 6.82, 2162]
['2019-03-29 13:46:00', 6.82, 6.82, 6.82, 6.82, 1050]
['2019-03-29 13:43:00', 6.765, 6.79, 6.765, 6.79, 7000]
['2019-03-29 13:41:00', 6.7717, 6.77, 6.77, 6.7717, 1760]
['2019-03-29 13:39:00', 6.775, 6.775, 6.775, 6.775, 100]
['2019-03-29 13:37:00', 6.775, 6.775, 6.775, 6.775, 200]
['2019-03-29 13:35:00', 6.78, 6.78, 6.78, 6.78, 200]
['2019-03-29 13:33:00', 6.78, 6.78, 6.78, 6.78, 400]
['2019-03-29 13:31:00', 6.78, 6.78, 6.78, 6.78, 200]
['2019-03-29 13:27:00', 6.775, 6.775, 6.775, 6.775, 200]
['2019-03-29 13:25:00', 6.78, 6.78, 6.78, 6.78, 200]
['2019-03-29 13:19:00', 6.78, 6.78, 6.78, 6.78, 1550]
['2019-03-29 13:18:00', 6.785, 6.785, 6.785, 6.785, 200]
['2019-03-29 13:14:00', 6.78, 6.78, 6.78, 6.78, 180]
['2019-03-29 13:11:00', 6.785, 6.785, 6.785, 6.785, 100]
['2019-03-29 13:09:00', 6.79, 6.79, 6.79, 6.79, 100]
['2019-03-29 13:08:00', 6.78, 6.78, 6.78, 6.78, 255]
['2019-03-29 13:04:00', 6.77, 6.77, 6.77, 6.77, 251]
['2019-03-29 13:03:00', 6.77, 6.77, 6.77, 6.77, 847]
['2019-03-29 13:02:00', 6.75, 6.75, 6.75, 6.75, 300]
['2019-03-29 12:59:00', 6.75, 6.75, 6.75, 6.75, 100]
['2019-03-29 12:58:00', 6.76, 6.76, 6.76, 6.76, 887]
['2019-03-29 12:56:00', 6.75, 6.75, 6.75, 6.75, 100]
['2019-03-29 12:52:00', 6.755, 6.755, 6.755, 6.755, 200]
['2019-03-29 12:50:00', 6.75, 6.75, 6.75, 6.75, 200]
['2019-03-29 12:49:00', 6.755, 6.755, 6.755, 6.755, 5500]
['2019-03-29 12:44:00', 6.77, 6.77, 6.77, 6.77, 200]
['2019-03-29 12:43:00', 6.76, 6.76, 6.76, 6.76, 463]
['2019-03-29 12:42:00', 6.75, 6.75, 6.75, 6.75, 100]
['2019-03-29 12:41:00', 6.75, 6.75, 6.75, 6.75, 800]
['2019-03-29 12:35:00', 6.73, 6.73, 6.73, 6.73, 500]
['2019-03-29 12:32:00', 6.73, 6.73, 6.73, 6.73, 200]
['2019-03-29 12:30:00', 6.73, 6.73, 6.73, 6.73, 200]
['2019-03-29 12:29:00', 6.73, 6.73, 6.73, 6.73, 100]
['2019-03-29 12:26:00', 6.73, 6.73, 6.73, 6.73, 100]
['2019-03-29 12:25:00', 6.73, 6.73, 6.73, 6.73, 300]
['2019-03-29 12:23:00', 6.73, 6.73, 6.73, 6.73, 100]
['2019-03-29 12:17:00', 6.72, 6.72, 6.72, 6.72, 202]
['2019-03-29 12:16:00', 6.73, 6.73, 6.73, 6.73, 200]
['2019-03-29 12:15:00', 6.72, 6.72, 6.72, 6.72, 600]
['2019-03-29 12:13:00', 6.73, 6.73, 6.73, 6.73, 2646]
['2019-03-29 12:09:00', 6.73, 6.73, 6.73, 6.73, 500]
['2019-03-29 12:08:00', 6.75, 6.75, 6.75, 6.75, 201]
['2019-03-29 12:07:00', 6.75, 6.75, 6.75, 6.75, 700]
['2019-03-29 12:04:00', 6.74, 6.74, 6.74, 6.74, 4700]
['2019-03-29 12:00:00', 6.73, 6.73, 6.73, 6.73, 1900]
['2019-03-29 11:58:00', 6.73, 6.73, 6.73, 6.73, 200]
['2019-03-29 11:57:00', 6.73, 6.73, 6.73, 6.73, 100]
['2019-03-29 11:55:00', 6.73, 6.73, 6.73, 6.73, 3400]
['2019-03-29 11:54:00', 6.73, 6.73, 6.73, 6.73, 1100]
['2019-03-29 11:53:00', 6.73, 6.73, 6.73, 6.73, 1374]
['2019-03-29 11:49:00', 6.75, 6.75, 6.75, 6.75, 100]
['2019-03-29 11:48:00', 6.75, 6.75, 6.75, 6.75, 200]
['2019-03-29 11:46:00', 6.75, 6.75, 6.75, 6.75, 200]
['2019-03-29 11:41:00', 6.75, 6.75, 6.75, 6.75, 200]
['2019-03-29 11:40:00', 6.74, 6.74, 6.74, 6.74, 1000]
['2019-03-29 11:39:00', 6.73, 6.73, 6.73, 6.73, 500]
['2019-03-29 11:34:00', 6.735, 6.735, 6.735, 6.735, 1206]
['2019-03-29 11:31:00', 6.76, 6.76, 6.76, 6.76, 100]
['2019-03-29 11:30:00', 6.75, 6.75, 6.75, 6.75, 400]
['2019-03-29 11:29:00', 6.735, 6.735, 6.735, 6.735, 1500]
['2019-03-29 11:27:00', 6.72, 6.72, 6.72, 6.72, 100]
['2019-03-29 11:26:00', 6.715, 6.715, 6.715, 6.715, 349]
['2019-03-29 11:22:00', 6.72, 6.72, 6.72, 6.72, 284]
['2019-03-29 11:19:00', 6.73, 6.72, 6.72, 6.73, 1451]
['2019-03-29 11:18:00', 6.72, 6.72, 6.72, 6.72, 500]
['2019-03-29 11:16:00', 6.72, 6.72, 6.72, 6.72, 300]
['2019-03-29 11:13:00', 6.73, 6.73, 6.73, 6.73, 200]
['2019-03-29 11:12:00', 6.72, 6.72, 6.72, 6.72, 100]
['2019-03-29 11:10:00', 6.69, 6.72, 6.69, 6.72, 1801]
['2019-03-29 11:08:00', 6.69, 6.69, 6.69, 6.69, 932]
['2019-03-29 11:05:00', 6.71, 6.71, 6.71, 6.71, 300]
['2019-03-29 11:04:00', 6.73, 6.73, 6.73, 6.73, 206]
['2019-03-29 11:02:00', 6.72, 6.72, 6.72, 6.72, 1000]
['2019-03-29 11:01:00', 6.72, 6.72, 6.72, 6.72, 1000]
['2019-03-29 11:00:00', 6.715, 6.715, 6.715, 6.715, 1000]
['2019-03-29 10:58:00', 6.7, 6.7, 6.7, 6.7, 200]
['2019-03-29 10:57:00', 6.7, 6.7, 6.7, 6.7, 400]
['2019-03-29 10:55:00', 6.7, 6.7, 6.7, 6.7, 885]
['2019-03-29 10:54:00', 6.71, 6.71, 6.71, 6.71, 500]
['2019-03-29 10:52:00', 6.71, 6.71, 6.71, 6.71, 500]
['2019-03-29 10:51:00', 6.71, 6.71, 6.71, 6.71, 3900]
['2019-03-29 10:50:00', 6.73, 6.73, 6.73, 6.73, 2100]
['2019-03-29 10:46:00', 6.72, 6.71, 6.71, 6.72, 400]
['2019-03-29 10:45:00', 6.72, 6.72, 6.72, 6.72, 1000]
['2019-03-29 10:43:00', 6.71, 6.71, 6.71, 6.71, 1400]
['2019-03-29 10:42:00', 6.72, 6.705, 6.705, 6.72, 5800]
['2019-03-29 10:41:00', 6.72, 6.72, 6.72, 6.72, 100]
['2019-03-29 10:38:00', 6.7, 6.7, 6.7, 6.7, 1242]
['2019-03-29 10:34:00', 6.69, 6.69, 6.69, 6.69, 2678]
['2019-03-29 10:32:00', 6.695, 6.695, 6.695, 6.695, 1000]
['2019-03-29 10:31:00', 6.705, 6.69, 6.69, 6.705, 3238]
['2019-03-29 10:28:00', 6.72, 6.72, 6.72, 6.72, 1300]
['2019-03-29 10:27:00', 6.71, 6.71, 6.71, 6.71, 12349]
['2019-03-29 10:26:00', 6.7, 6.7, 6.7, 6.7, 200]
['2019-03-29 10:23:00', 6.71, 6.695, 6.695, 6.71, 2104]
['2019-03-29 10:21:00', 6.745, 6.73, 6.725, 6.745, 33641]
['2019-03-29 10:20:00', 6.74, 6.74, 6.74, 6.74, 4600]
['2019-03-29 10:19:00', 6.715, 6.715, 6.715, 6.715, 200]
['2019-03-29 10:17:00', 6.72, 6.72, 6.72, 6.72, 1059]
['2019-03-29 10:16:00', 6.715, 6.715, 6.715, 6.715, 100]
['2019-03-29 10:13:00', 6.71, 6.715, 6.71, 6.715, 800]
['2019-03-29 10:11:00', 6.71, 6.71, 6.71, 6.71, 100]
['2019-03-29 10:09:00', 6.71, 6.71, 6.71, 6.71, 500]
['2019-03-29 10:07:00', 6.74, 6.71, 6.71, 6.74, 3614]
['2019-03-29 10:03:00', 6.745, 6.745, 6.745, 6.745, 1113]
['2019-03-29 10:02:00', 6.74, 6.74, 6.74, 6.74, 1800]
['2019-03-29 10:00:00', 6.75, 6.75, 6.75, 6.75, 212]
['2019-03-29 09:58:00', 6.78, 6.76, 6.76, 6.78, 2671]
['2019-03-29 09:55:00', 6.77, 6.77, 6.77, 6.77, 160]
['2019-03-29 09:54:00', 6.8, 6.8, 6.8, 6.8, 100]
['2019-03-29 09:53:00', 6.77, 6.77, 6.77, 6.77, 100]
['2019-03-29 09:51:00', 6.785, 6.785, 6.785, 6.785, 1231]
['2019-03-29 09:50:00', 6.75, 6.75, 6.75, 6.75, 1561]
['2019-03-29 09:49:00', 6.76, 6.76, 6.76, 6.76, 100]
['2019-03-29 09:47:00', 6.78, 6.78, 6.78, 6.78, 1288]
['2019-03-29 09:46:00', 6.78, 6.78, 6.78, 6.78, 1450]
['2019-03-29 09:45:00', 6.78, 6.78, 6.78, 6.78, 1700]
['2019-03-29 09:40:00', 6.83, 6.83, 6.83, 6.83, 1241]
['2019-03-29 09:39:00', 6.95, 6.95, 6.95, 6.95, 100]
['2019-03-29 09:31:00', 6.84, 6.84, 6.84, 6.84, 3396]
['2019-03-28 16:00:00', 6.81, 6.805, 6.805, 6.81, 7627]
['2019-03-28 15:59:00', 6.81, 6.81, 6.81, 6.81, 1713]
['2019-03-28 15:58:00', 6.81, 6.81, 6.81, 6.81, 3450]
['2019-03-28 15:57:00', 6.81, 6.81, 6.81, 6.81, 1200]
['2019-03-28 15:56:00', 6.805, 6.81, 6.805, 6.81, 2682]
['2019-03-28 15:55:00', 6.8, 6.8, 6.8, 6.8, 611]
['2019-03-28 15:54:00', 6.805, 6.805, 6.805, 6.805, 1500]
['2019-03-28 15:53:00', 6.8, 6.8, 6.8, 6.8, 835]
['2019-03-28 15:52:00', 6.8, 6.8, 6.8, 6.8, 800]
['2019-03-28 15:50:00', 6.82, 6.805, 6.8, 6.82, 12510]
['2019-03-28 15:48:00', 6.82, 6.82, 6.82, 6.82, 300]
['2019-03-28 15:47:00', 6.82, 6.82, 6.82, 6.82, 900]
['2019-03-28 15:46:00', 6.82, 6.82, 6.82, 6.82, 1500]
['2019-03-28 15:45:00', 6.82, 6.82, 6.82, 6.82, 700]
['2019-03-28 15:44:00', 6.82, 6.82, 6.82, 6.82, 599]
['2019-03-28 15:42:00', 6.815, 6.82, 6.815, 6.82, 809]
['2019-03-28 15:39:00', 6.81, 6.81, 6.81, 6.81, 892]
['2019-03-28 15:38:00', 6.82, 6.82, 6.82, 6.82, 305]
['2019-03-28 15:37:00', 6.82, 6.82, 6.82, 6.82, 304]
['2019-03-28 15:36:00', 6.82, 6.82, 6.82, 6.82, 700]
['2019-03-28 15:34:00', 6.82, 6.82, 6.82, 6.82, 200]
['2019-03-28 15:32:00', 6.815, 6.815, 6.815, 6.815, 498]
['2019-03-28 15:28:00', 6.83, 6.81, 6.81, 6.83, 4761]
['2019-03-28 15:27:00', 6.83, 6.83, 6.83, 6.83, 3224]
['2019-03-28 15:25:00', 6.83, 6.83, 6.83, 6.83, 600]
['2019-03-28 15:23:00', 6.83, 6.83, 6.83, 6.83, 200]
['2019-03-28 15:22:00', 6.83, 6.83, 6.83, 6.83, 200]
['2019-03-28 15:20:00', 6.83, 6.83, 6.83, 6.83, 155]
['2019-03-28 15:19:00', 6.82, 6.82, 6.82, 6.82, 400]
['2019-03-28 15:17:00', 6.82, 6.82, 6.82, 6.82, 1690]
['2019-03-28 15:16:00', 6.83, 6.83, 6.83, 6.83, 300]
['2019-03-28 15:15:00', 6.83, 6.83, 6.83, 6.83, 319]
['2019-03-28 15:12:00', 6.83, 6.83, 6.83, 6.83, 281]
['2019-03-28 15:11:00', 6.83, 6.83, 6.83, 6.83, 619]
['2019-03-28 15:09:00', 6.83, 6.83, 6.83, 6.83, 300]
['2019-03-28 15:08:00', 6.83, 6.83, 6.83, 6.83, 300]
['2019-03-28 15:07:00', 6.83, 6.83, 6.83, 6.83, 300]
['2019-03-28 15:05:00', 6.83, 6.83, 6.83, 6.83, 1357]
['2019-03-28 15:04:00', 6.83, 6.83, 6.83, 6.83, 4688]
['2019-03-28 15:03:00', 6.81, 6.81, 6.81, 6.81, 300]
['2019-03-28 15:02:00', 6.81, 6.81, 6.81, 6.81, 300]
['2019-03-28 15:01:00', 6.81, 6.81, 6.81, 6.81, 176]
['2019-03-28 14:59:00', 6.805, 6.81, 6.805, 6.81, 800]
['2019-03-28 14:57:00', 6.805, 6.805, 6.805, 6.805, 400]
['2019-03-28 14:56:00', 6.805, 6.805, 6.805, 6.805, 623]
['2019-03-28 14:55:00', 6.805, 6.805, 6.805, 6.805, 400]
['2019-03-28 14:53:00', 6.805, 6.805, 6.805, 6.805, 600]
['2019-03-28 14:49:00', 6.805, 6.805, 6.805, 6.805, 650]
['2019-03-28 14:44:00', 6.8, 6.8, 6.8, 6.8, 150]
['2019-03-28 14:42:00', 6.8, 6.8, 6.7999, 6.8, 9647]
['2019-03-28 14:41:00', 6.8, 6.8, 6.8, 6.8, 10173]
['2019-03-28 14:40:00', 6.8, 6.81, 6.8, 6.81, 3900]
['2019-03-28 14:39:00', 6.795, 6.795, 6.795, 6.8, 7762]
['2019-03-28 14:38:00', 6.8, 6.79, 6.79, 6.8, 37205]
['2019-03-28 14:37:00', 6.81, 6.81, 6.81, 6.81, 400]
['2019-03-28 14:35:00', 6.8, 6.8, 6.8, 6.8, 500]
['2019-03-28 14:33:00', 6.81, 6.81, 6.81, 6.81, 418]
['2019-03-28 14:32:00', 6.8, 6.8, 6.8, 6.8, 300]
['2019-03-28 14:31:00', 6.81, 6.81, 6.81, 6.81, 300]
['2019-03-28 14:29:00', 6.81, 6.81, 6.81, 6.81, 400]
['2019-03-28 14:28:00', 6.81, 6.81, 6.81, 6.81, 318]
['2019-03-28 14:26:00', 6.805, 6.805, 6.805, 6.805, 400]
['2019-03-28 14:25:00', 6.805, 6.805, 6.805, 6.805, 300]
['2019-03-28 14:23:00', 6.805, 6.805, 6.805, 6.805, 364]
['2019-03-28 14:20:00', 6.8, 6.8, 6.8, 6.8, 300]
['2019-03-28 14:19:00', 6.8099, 6.8099, 6.8099, 6.8099, 2250]
['2019-03-28 14:17:00', 6.7799, 6.8, 6.7799, 6.8, 6494]
['2019-03-28 14:16:00', 6.775, 6.78, 6.775, 6.78, 800]
['2019-03-28 14:14:00', 6.775, 6.775, 6.775, 6.775, 822]
['2019-03-28 14:10:00', 6.75, 6.77, 6.75, 6.78, 6363]
['2019-03-28 14:09:00', 6.745, 6.745, 6.745, 6.745, 1274]
['2019-03-28 14:08:00', 6.74, 6.74, 6.74, 6.74, 300]
['2019-03-28 14:05:00', 6.74, 6.74, 6.74, 6.74, 1226]
['2019-03-28 14:04:00', 6.76, 6.76, 6.76, 6.76, 6729]
['2019-03-28 14:03:00', 6.77, 6.77, 6.77, 6.77, 201]
['2019-03-28 14:02:00', 6.78, 6.77, 6.77, 6.78, 2769]
['2019-03-28 14:01:00', 6.79, 6.79, 6.79, 6.79, 1222]
['2019-03-28 14:00:00', 6.79, 6.79, 6.79, 6.79, 564]
['2019-03-28 13:59:00', 6.79, 6.79, 6.79, 6.79, 500]
['2019-03-28 13:56:00', 6.79, 6.79, 6.79, 6.79, 100]
['2019-03-28 13:53:00', 6.79, 6.79, 6.79, 6.79, 1000]
['2019-03-28 13:52:00', 6.83, 6.82, 6.82, 6.83, 48156]
['2019-03-28 13:51:00', 6.82, 6.82, 6.82, 6.82, 4645]
['2019-03-28 13:50:00', 6.81, 6.81, 6.81, 6.81, 632]
['2019-03-28 13:49:00', 6.81, 6.81, 6.81, 6.81, 627]
['2019-03-28 13:47:00', 6.81, 6.81, 6.81, 6.81, 227]
['2019-03-28 13:42:00', 6.81, 6.81, 6.81, 6.81, 56567]
['2019-03-28 13:38:00', 6.83, 6.83, 6.83, 6.83, 721]
['2019-03-28 13:36:00', 6.83, 6.83, 6.83, 6.83, 715]
['2019-03-28 13:32:00', 6.83, 6.83, 6.83, 6.83, 100]
['2019-03-28 13:28:00', 6.82, 6.82, 6.82, 6.82, 200]
['2019-03-28 13:27:00', 6.82, 6.82, 6.82, 6.82, 100]
['2019-03-28 13:22:00', 6.83, 6.83, 6.83, 6.83, 100]
['2019-03-28 13:21:00', 6.82, 6.82, 6.82, 6.82, 1463]
['2019-03-28 13:20:00', 6.84, 6.84, 6.84, 6.84, 1198]
['2019-03-28 13:17:00', 6.845, 6.845, 6.845, 6.845, 694]
['2019-03-28 13:11:00', 6.84, 6.84, 6.84, 6.84, 121]
['2019-03-28 13:07:00', 6.845, 6.845, 6.845, 6.845, 114]
['2019-03-28 13:02:00', 6.845, 6.845, 6.845, 6.845, 216]
['2019-03-28 13:01:00', 6.845, 6.845, 6.845, 6.845, 100]
['2019-03-28 12:57:00', 6.85, 6.85, 6.85, 6.85, 1536]
['2019-03-28 12:53:00', 6.84, 6.84, 6.84, 6.84, 405]
['2019-03-28 12:52:00', 6.85, 6.85, 6.85, 6.85, 300]
['2019-03-28 12:37:00', 6.84, 6.84, 6.84, 6.84, 1392]
['2019-03-28 12:31:00', 6.85, 6.85, 6.85, 6.85, 726]
['2019-03-28 12:27:00', 6.86, 6.86, 6.86, 6.86, 756]
['2019-03-28 12:21:00', 6.85, 6.85, 6.85, 6.85, 413]
['2019-03-28 12:06:00', 6.85, 6.85, 6.85, 6.85, 800]
['2019-03-28 11:59:00', 6.85, 6.85, 6.85, 6.85, 600]
['2019-03-28 11:58:00', 6.855, 6.855, 6.855, 6.855, 325]
['2019-03-28 11:54:00', 6.855, 6.855, 6.855, 6.855, 193]
['2019-03-28 11:49:00', 6.86, 6.86, 6.86, 6.86, 300]
['2019-03-28 11:43:00', 6.85, 6.85, 6.85, 6.85, 395]
['2019-03-28 11:38:00', 6.85, 6.855, 6.85, 6.855, 276]
['2019-03-28 11:35:00', 6.85, 6.85, 6.85, 6.85, 999]
['2019-03-28 11:34:00', 6.84, 6.84, 6.84, 6.84, 100]
['2019-03-28 11:25:00', 6.84, 6.84, 6.84, 6.84, 819]
['2019-03-28 11:24:00', 6.84, 6.84, 6.84, 6.84, 2947]
['2019-03-28 11:21:00', 6.845, 6.845, 6.845, 6.845, 100]
['2019-03-28 11:19:00', 6.84, 6.84, 6.84, 6.84, 200]
['2019-03-28 11:12:00', 6.85, 6.84, 6.84, 6.85, 2401]
['2019-03-28 11:10:00', 6.845, 6.845, 6.845, 6.845, 501]
['2019-03-28 11:06:00', 6.85, 6.85, 6.85, 6.85, 765]
['2019-03-28 11:00:00', 6.87, 6.87, 6.87, 6.87, 208]
['2019-03-28 10:47:00', 6.87, 6.87, 6.87, 6.87, 202]
['2019-03-28 10:43:00', 6.875, 6.875, 6.875, 6.875, 1038]
['2019-03-28 10:42:00', 6.9, 6.9, 6.9, 6.9, 100]
['2019-03-28 10:30:00', 6.89, 6.89, 6.89, 6.89, 819]
['2019-03-28 10:29:00', 6.885, 6.885, 6.885, 6.885, 101]
['2019-03-28 10:23:00', 6.9, 6.9, 6.9, 6.9, 518]
['2019-03-28 10:21:00', 6.9, 6.9, 6.9, 6.9, 100]
['2019-03-28 10:18:00', 6.92, 6.92, 6.92, 6.92, 818]
['2019-03-28 10:15:00', 6.91, 6.91, 6.91, 6.91, 562]
['2019-03-28 10:08:00', 6.91, 6.91, 6.91, 6.91, 139]
['2019-03-28 10:05:00', 6.91, 6.91, 6.91, 6.91, 300]
['2019-03-28 10:02:00', 6.88, 6.88, 6.88, 6.88, 223]
['2019-03-28 09:59:00', 6.89, 6.89, 6.89, 6.89, 207]
['2019-03-28 09:53:00', 6.8701, 6.8701, 6.8701, 6.8701, 540]
['2019-03-28 09:48:00', 6.9, 6.9, 6.9, 6.9, 2150]
['2019-03-28 09:45:00', 6.89, 6.89, 6.89, 6.89, 540]
['2019-03-28 09:44:00', 6.8559, 6.8559, 6.8559, 6.8559, 300]
['2019-03-28 09:42:00', 6.855, 6.855, 6.855, 6.855, 100]
['2019-03-28 09:32:00', 6.86, 6.885, 6.86, 6.885, 2382]
['2019-03-27 16:00:00', 6.84, 6.84, 6.84, 6.84, 3089]
['2019-03-27 15:59:00', 6.85, 6.84, 6.84, 6.85, 5610]
['2019-03-27 15:58:00', 6.85, 6.84, 6.84, 6.85, 3301]
['2019-03-27 15:57:00', 6.85, 6.85, 6.85, 6.85, 2442]
['2019-03-27 15:56:00', 6.85, 6.85, 6.85, 6.85, 4846]
['2019-03-27 15:55:00', 6.85, 6.85, 6.85, 6.85, 804]
['2019-03-27 15:54:00', 6.855, 6.855, 6.855, 6.855, 2100]
['2019-03-27 15:53:00', 6.86, 6.86, 6.86, 6.86, 2044]
['2019-03-27 15:52:00', 6.85, 6.86, 6.85, 6.86, 4496]
['2019-03-27 15:51:00', 6.85, 6.85, 6.85, 6.85, 990]
['2019-03-27 15:50:00', 6.85, 6.85, 6.85, 6.85, 390]
['2019-03-27 15:48:00', 6.86, 6.86, 6.86, 6.86, 5049]
['2019-03-27 15:47:00', 6.85, 6.85, 6.85, 6.85, 2300]
['2019-03-27 15:46:00', 6.86, 6.86, 6.86, 6.86, 500]
['2019-03-27 15:45:00', 6.86, 6.86, 6.86, 6.86, 549]
['2019-03-27 15:43:00', 6.87, 6.87, 6.87, 6.87, 1770]
['2019-03-27 15:41:00', 6.83, 6.87, 6.83, 6.87, 14699]
['2019-03-27 15:39:00', 6.83, 6.83, 6.83, 6.83, 454]
['2019-03-27 15:37:00', 6.84, 6.84, 6.84, 6.84, 788]
['2019-03-27 15:36:00', 6.845, 6.84, 6.84, 6.845, 1400]
['2019-03-27 15:35:00', 6.85, 6.85, 6.85, 6.85, 410]
['2019-03-27 15:32:00', 6.85, 6.86, 6.85, 6.86, 2926]
['2019-03-27 15:29:00', 6.84, 6.85, 6.84, 6.85, 3115]
['2019-03-27 15:27:00', 6.84, 6.84, 6.84, 6.84, 930]
['2019-03-27 15:25:00', 6.85, 6.85, 6.85, 6.85, 220]
['2019-03-27 15:21:00', 6.84, 6.86, 6.84, 6.86, 6357]
['2019-03-27 15:20:00', 6.83, 6.83, 6.83, 6.83, 1100]
['2019-03-27 15:18:00', 6.83, 6.83, 6.83, 6.83, 400]
['2019-03-27 15:17:00', 6.83, 6.83, 6.83, 6.83, 500]
['2019-03-27 15:16:00', 6.83, 6.83, 6.83, 6.83, 400]
['2019-03-27 15:14:00', 6.83, 6.83, 6.83, 6.83, 300]
['2019-03-27 15:12:00', 6.84, 6.84, 6.84, 6.84, 439]
['2019-03-27 15:11:00', 6.83, 6.83, 6.83, 6.83, 206]
['2019-03-27 15:10:00', 6.83, 6.83, 6.83, 6.83, 578]
['2019-03-27 15:09:00', 6.82, 6.83, 6.82, 6.83, 2200]
['2019-03-27 15:08:00', 6.82, 6.82, 6.82, 6.82, 500]
['2019-03-27 15:05:00', 6.83, 6.83, 6.83, 6.83, 6159]
['2019-03-27 15:04:00', 6.83, 6.83, 6.83, 6.83, 500]
['2019-03-27 15:03:00', 6.835, 6.835, 6.835, 6.835, 643]
['2019-03-27 15:02:00', 6.83, 6.83, 6.83, 6.83, 400]
['2019-03-27 14:59:00', 6.83, 6.83, 6.83, 6.83, 953]
['2019-03-27 14:58:00', 6.83, 6.83, 6.83, 6.83, 400]
['2019-03-27 14:57:00', 6.83, 6.83, 6.83, 6.83, 1048]
['2019-03-27 14:55:00', 6.85, 6.85, 6.85, 6.85, 581]
['2019-03-27 14:54:00', 6.83, 6.84, 6.83, 6.84, 3397]
['2019-03-27 14:53:00', 6.83, 6.83, 6.83, 6.83, 600]
['2019-03-27 14:52:00', 6.84, 6.84, 6.84, 6.84, 774]
['2019-03-27 14:50:00', 6.83, 6.83, 6.83, 6.83, 226]
['2019-03-27 14:49:00', 6.83, 6.83, 6.83, 6.83, 874]
['2019-03-27 14:47:00', 6.83, 6.83, 6.83, 6.83, 300]
['2019-03-27 14:45:00', 6.83, 6.83, 6.83, 6.83, 949]
['2019-03-27 14:43:00', 6.83, 6.83, 6.83, 6.83, 500]
['2019-03-27 14:41:00', 6.83, 6.83, 6.83, 6.83, 2351]
['2019-03-27 14:40:00', 6.83, 6.83, 6.83, 6.83, 4300]
['2019-03-27 14:39:00', 6.83, 6.83, 6.83, 6.83, 2179]
['2019-03-27 14:36:00', 6.83, 6.83, 6.83, 6.83, 2581]
['2019-03-27 14:34:00', 6.83, 6.83, 6.83, 6.83, 400]
['2019-03-27 14:33:00', 6.83, 6.83, 6.83, 6.83, 500]
['2019-03-27 14:31:00', 6.83, 6.83, 6.83, 6.83, 399]
['2019-03-27 14:30:00', 6.83, 6.83, 6.83, 6.83, 700]
['2019-03-27 14:28:00', 6.84, 6.84, 6.84, 6.84, 200]
['2019-03-27 14:27:00', 6.83, 6.83, 6.83, 6.83, 300]
['2019-03-27 14:26:00', 6.84, 6.84, 6.84, 6.84, 602]
['2019-03-27 14:25:00', 6.83, 6.83, 6.83, 6.83, 511]
['2019-03-27 14:22:00', 6.84, 6.84, 6.84, 6.84, 1754]
['2019-03-27 14:21:00', 6.84, 6.84, 6.84, 6.84, 1166]
['2019-03-27 14:19:00', 6.84, 6.84, 6.84, 6.84, 410]
['2019-03-27 14:18:00', 6.84, 6.84, 6.84, 6.84, 600]
['2019-03-27 14:15:00', 6.84, 6.84, 6.84, 6.85, 5161]
['2019-03-27 14:14:00', 6.84, 6.84, 6.84, 6.84, 400]
['2019-03-27 14:13:00', 6.84, 6.84, 6.84, 6.84, 500]
['2019-03-27 14:11:00', 6.84, 6.84, 6.84, 6.84, 206]
['2019-03-27 14:10:00', 6.845, 6.845, 6.845, 6.845, 200]
['2019-03-27 14:07:00', 6.84, 6.84, 6.84, 6.84, 700]
['2019-03-27 14:06:00', 6.85, 6.85, 6.85, 6.85, 1600]
['2019-03-27 14:05:00', 6.85, 6.86, 6.85, 6.86, 28501]
['2019-03-27 14:04:00', 6.85, 6.85, 6.85, 6.85, 800]
['2019-03-27 14:03:00', 6.84, 6.84, 6.84, 6.84, 100]
['2019-03-27 14:00:00', 6.86, 6.85, 6.85, 6.86, 500]
['2019-03-27 13:55:00', 6.87, 6.87, 6.87, 6.87, 2909]
['2019-03-27 13:54:00', 6.83, 6.84, 6.83, 6.84, 3012]
['2019-03-27 13:52:00', 6.84, 6.83, 6.83, 6.84, 2449]
['2019-03-27 13:51:00', 6.84, 6.84, 6.84, 6.84, 540]
['2019-03-27 13:49:00', 6.85, 6.85, 6.85, 6.85, 1196]
['2019-03-27 13:48:00', 6.85, 6.85, 6.85, 6.85, 300]
['2019-03-27 13:47:00', 6.85, 6.85, 6.85, 6.85, 426]
['2019-03-27 13:46:00', 6.85, 6.85, 6.85, 6.85, 400]
['2019-03-27 13:44:00', 6.85, 6.855, 6.85, 6.855, 400]
['2019-03-27 13:42:00', 6.85, 6.85, 6.85, 6.85, 400]
['2019-03-27 13:36:00', 6.87, 6.87, 6.87, 6.87, 500]
['2019-03-27 13:33:00', 6.84, 6.87, 6.84, 6.87, 4862]
['2019-03-27 13:29:00', 6.85, 6.85, 6.85, 6.85, 1159]
['2019-03-27 13:26:00', 6.84, 6.85, 6.84, 6.85, 2313]
['2019-03-27 13:25:00', 6.845, 6.845, 6.845, 6.845, 900]
['2019-03-27 13:23:00', 6.85, 6.85, 6.85, 6.85, 300]
['2019-03-27 13:22:00', 6.85, 6.85, 6.85, 6.85, 700]
['2019-03-27 13:19:00', 6.87, 6.87, 6.87, 6.87, 100]
['2019-03-27 13:15:00', 6.88, 6.88, 6.88, 6.88, 498]
['2019-03-27 13:14:00', 6.85, 6.88, 6.85, 6.88, 2916]
['2019-03-27 13:12:00', 6.85, 6.85, 6.85, 6.85, 600]
['2019-03-27 13:11:00', 6.855, 6.855, 6.855, 6.855, 1378]
['2019-03-27 13:10:00', 6.85, 6.85, 6.85, 6.85, 1000]
['2019-03-27 13:09:00', 6.855, 6.85, 6.85, 6.855, 1800]
['2019-03-27 13:07:00', 6.86, 6.86, 6.86, 6.86, 500]
['2019-03-27 13:06:00', 6.84, 6.84, 6.84, 6.84, 1358]
['2019-03-27 13:05:00', 6.84, 6.84, 6.84, 6.84, 500]
['2019-03-27 13:03:00', 6.85, 6.85, 6.85, 6.85, 1900]
['2019-03-27 13:02:00', 6.85, 6.85, 6.85, 6.85, 401]
['2019-03-27 13:00:00', 6.86, 6.85, 6.85, 6.86, 2200]
['2019-03-27 12:59:00', 6.86, 6.86, 6.86, 6.86, 700]
['2019-03-27 12:57:00', 6.86, 6.86, 6.86, 6.86, 817]
['2019-03-27 12:56:00', 6.88, 6.88, 6.88, 6.88, 708]
['2019-03-27 12:55:00', 6.88, 6.88, 6.88, 6.88, 800]
['2019-03-27 12:54:00', 6.88, 6.88, 6.88, 6.88, 200]
['2019-03-27 12:53:00', 6.88, 6.88, 6.88, 6.88, 2970]
['2019-03-27 12:52:00', 6.88, 6.885, 6.88, 6.885, 2792]
['2019-03-27 12:51:00', 6.88, 6.88, 6.88, 6.88, 300]
['2019-03-27 12:50:00', 6.88, 6.88, 6.88, 6.88, 600]
['2019-03-27 12:48:00', 6.88, 6.88, 6.88, 6.88, 1082]
['2019-03-27 12:47:00', 6.89, 6.89, 6.89, 6.89, 500]
['2019-03-27 12:45:00', 6.855, 6.89, 6.855, 6.89, 30364]
['2019-03-27 12:44:00', 6.835, 6.85, 6.835, 6.85, 3700]
['2019-03-27 12:43:00', 6.85, 6.85, 6.85, 6.85, 400]
['2019-03-27 12:41:00', 6.85, 6.85, 6.85, 6.85, 281]
['2019-03-27 12:40:00', 6.87, 6.87, 6.87, 6.87, 200]
['2019-03-27 12:38:00', 6.86, 6.86, 6.86, 6.86, 600]
['2019-03-27 12:37:00', 6.86, 6.86, 6.86, 6.86, 200]
['2019-03-27 12:35:00', 6.86, 6.86, 6.86, 6.86, 300]
['2019-03-27 12:31:00', 6.87, 6.87, 6.87, 6.87, 284]
['2019-03-27 12:30:00', 6.86, 6.86, 6.86, 6.86, 1000]
['2019-03-27 12:28:00', 6.85, 6.85, 6.85, 6.85, 1523]
['2019-03-27 12:27:00', 6.82, 6.83, 6.82, 6.83, 11960]
['2019-03-27 12:26:00', 6.81, 6.81, 6.81, 6.81, 300]
['2019-03-27 12:25:00', 6.81, 6.81, 6.81, 6.81, 300]
['2019-03-27 12:23:00', 6.82, 6.82, 6.82, 6.82, 100]
['2019-03-27 12:21:00', 6.81, 6.81, 6.81, 6.81, 200]
['2019-03-27 12:20:00', 6.81, 6.81, 6.81, 6.81, 600]
['2019-03-27 12:18:00', 6.82, 6.82, 6.82, 6.82, 250]
['2019-03-27 12:17:00', 6.82, 6.82, 6.82, 6.82, 700]
['2019-03-27 12:16:00', 6.82, 6.82, 6.82, 6.82, 1600]
['2019-03-27 12:15:00', 6.82, 6.82, 6.82, 6.82, 300]
['2019-03-27 12:13:00', 6.8254, 6.8254, 6.8254, 6.8254, 381]
['2019-03-27 12:12:00', 6.83, 6.83, 6.83, 6.83, 400]
['2019-03-27 12:10:00', 6.83, 6.83, 6.83, 6.83, 100]
['2019-03-27 12:09:00', 6.83, 6.83, 6.83, 6.83, 649]
['2019-03-27 12:06:00', 6.83, 6.83, 6.83, 6.83, 1600]
['2019-03-27 12:03:00', 6.82, 6.82, 6.82, 6.82, 400]
['2019-03-27 12:00:00', 6.82, 6.82, 6.82, 6.82, 849]
['2019-03-27 11:59:00', 6.8, 6.82, 6.8, 6.82, 3402]
['2019-03-27 11:58:00', 6.81, 6.81, 6.81, 6.81, 502]
['2019-03-27 11:56:00', 6.8, 6.8, 6.8, 6.8, 300]
['2019-03-27 11:55:00', 6.81, 6.81, 6.81, 6.81, 600]
['2019-03-27 11:53:00', 6.81, 6.81, 6.81, 6.81, 300]
['2019-03-27 11:52:00', 6.8, 6.8, 6.8, 6.8, 323]
['2019-03-27 11:45:00', 6.8, 6.8, 6.8, 6.8, 800]
['2019-03-27 11:43:00', 6.815, 6.81, 6.81, 6.815, 3223]
['2019-03-27 11:39:00', 6.8, 6.8, 6.8, 6.8, 2822]
['2019-03-27 11:36:00', 6.79, 6.79, 6.79, 6.79, 1429]
['2019-03-27 11:34:00', 6.78, 6.78, 6.78, 6.78, 300]
['2019-03-27 11:33:00', 6.78, 6.78, 6.78, 6.78, 300]
['2019-03-27 11:31:00', 6.78, 6.78, 6.78, 6.78, 300]
['2019-03-27 11:29:00', 6.78, 6.78, 6.78, 6.78, 1300]
['2019-03-27 11:28:00', 6.78, 6.78, 6.78, 6.78, 200]
['2019-03-27 11:26:00', 6.78, 6.78, 6.78, 6.78, 300]
['2019-03-27 11:24:00', 6.78, 6.78, 6.78, 6.78, 300]
['2019-03-27 11:22:00', 6.78, 6.78, 6.78, 6.78, 200]
['2019-03-27 11:21:00', 6.79, 6.79, 6.79, 6.79, 200]
['2019-03-27 11:19:00', 6.79, 6.79, 6.79, 6.79, 300]
['2019-03-27 11:17:00', 6.78, 6.78, 6.78, 6.78, 1031]
['2019-03-27 11:14:00', 6.78, 6.78, 6.78, 6.78, 369]
['2019-03-27 11:13:00', 6.78, 6.78, 6.78, 6.78, 551]
['2019-03-27 11:11:00', 6.8, 6.8, 6.8, 6.8, 100]
['2019-03-27 11:09:00', 6.81, 6.81, 6.81, 6.81, 500]
['2019-03-27 11:03:00', 6.81, 6.81, 6.81, 6.81, 1850]
['2019-03-27 11:02:00', 6.79, 6.79, 6.79, 6.79, 1284]
['2019-03-27 11:01:00', 6.775, 6.78, 6.775, 6.78, 2067]
['2019-03-27 10:59:00', 6.78, 6.78, 6.78, 6.78, 1500]
['2019-03-27 10:58:00', 6.77, 6.77, 6.77, 6.77, 1500]
['2019-03-27 10:56:00', 6.77, 6.77, 6.77, 6.77, 1128]
['2019-03-27 10:54:00', 6.78, 6.78, 6.78, 6.78, 1100]
['2019-03-27 10:48:00', 6.79, 6.79, 6.79, 6.79, 428]
['2019-03-27 10:45:00', 6.765, 6.78, 6.765, 6.78, 5305]
['2019-03-27 10:44:00', 6.76, 6.76, 6.76, 6.76, 3056]
['2019-03-27 10:42:00', 6.76, 6.76, 6.76, 6.76, 400]
['2019-03-27 10:41:00', 6.765, 6.765, 6.765, 6.765, 900]
['2019-03-27 10:40:00', 6.76, 6.76, 6.76, 6.76, 1300]
['2019-03-27 10:37:00', 6.76, 6.76, 6.76, 6.76, 633]
['2019-03-27 10:36:00', 6.78, 6.78, 6.78, 6.78, 300]
['2019-03-27 10:35:00', 6.78, 6.78, 6.78, 6.78, 600]
['2019-03-27 10:33:00', 6.77, 6.77, 6.77, 6.77, 200]
['2019-03-27 10:32:00', 6.77, 6.77, 6.77, 6.77, 2000]
['2019-03-27 10:30:00', 6.79, 6.79, 6.79, 6.79, 600]
['2019-03-27 10:23:00', 6.805, 6.805, 6.805, 6.805, 1368]
['2019-03-27 10:21:00', 6.76, 6.77, 6.76, 6.77, 5890]
['2019-03-27 10:20:00', 6.76, 6.76, 6.76, 6.76, 1100]
['2019-03-27 10:19:00', 6.765, 6.76, 6.76, 6.765, 4457]
['2019-03-27 10:18:00', 6.76, 6.76, 6.76, 6.76, 24100]
['2019-03-27 10:17:00', 6.76, 6.76, 6.76, 6.76, 200]
['2019-03-27 10:16:00', 6.76, 6.76, 6.76, 6.76, 300]
['2019-03-27 10:14:00', 6.76, 6.76, 6.76, 6.76, 200]
['2019-03-27 10:12:00', 6.76, 6.76, 6.76, 6.76, 300]
['2019-03-27 10:11:00', 6.76, 6.76, 6.76, 6.76, 300]
['2019-03-27 10:09:00', 6.76, 6.76, 6.76, 6.76, 100]
['2019-03-27 10:02:00', 6.77, 6.77, 6.77, 6.77, 2310]
['2019-03-27 10:01:00', 6.74, 6.77, 6.74, 6.77, 4900]
['2019-03-27 09:57:00', 6.77, 6.77, 6.77, 6.77, 200]
['2019-03-27 09:56:00', 6.8, 6.8, 6.8, 6.8, 1500]
['2019-03-27 09:54:00', 6.82, 6.82, 6.82, 6.82, 2100]
['2019-03-27 09:53:00', 6.87, 6.87, 6.87, 6.87, 200]
['2019-03-27 09:52:00', 6.87, 6.87, 6.87, 6.87, 200]
['2019-03-27 09:50:00', 6.87, 6.87, 6.87, 6.87, 516]
['2019-03-27 09:48:00', 6.86, 6.885, 6.86, 6.885, 9745]
['2019-03-27 09:39:00', 6.8731, 6.8731, 6.8731, 6.8731, 2140]
['2019-03-27 09:36:00', 6.86, 6.86, 6.86, 6.86, 210]
['2019-03-27 09:31:00', 6.87, 6.87, 6.87, 6.87, 4211]
['2019-03-26 16:00:00', 6.95, 6.95, 6.95, 6.95, 2224]
['2019-03-26 15:59:00', 6.95, 6.95, 6.95, 6.95, 3021]
['2019-03-26 15:58:00', 6.94, 6.94, 6.94, 6.94, 873]
['2019-03-26 15:57:00', 6.94, 6.94, 6.94, 6.94, 2600]
['2019-03-26 15:56:00', 6.92, 6.93, 6.92, 6.93, 5990]
['2019-03-26 15:55:00', 6.92, 6.92, 6.92, 6.92, 1238]
['2019-03-26 15:54:00', 6.91, 6.91, 6.91, 6.91, 100]
['2019-03-26 15:53:00', 6.915, 6.915, 6.915, 6.915, 823]
['2019-03-26 15:51:00', 6.915, 6.915, 6.915, 6.915, 1203]
['2019-03-26 15:50:00', 6.91, 6.91, 6.91, 6.91, 1800]
['2019-03-26 15:49:00', 6.9, 6.9, 6.9, 6.9, 700]
['2019-03-26 15:48:00', 6.92, 6.92, 6.92, 6.92, 700]
['2019-03-26 15:46:00', 6.92, 6.92, 6.92, 6.92, 2648]
['2019-03-26 15:45:00', 6.92, 6.92, 6.92, 6.92, 619]
['2019-03-26 15:42:00', 6.925, 6.925, 6.925, 6.925, 107]
['2019-03-26 15:41:00', 6.93, 6.93, 6.93, 6.93, 100]
['2019-03-26 15:37:00', 6.93, 6.93, 6.93, 6.93, 239]
['2019-03-26 15:34:00', 6.93, 6.93, 6.93, 6.94, 2600]
['2019-03-26 15:32:00', 6.93, 6.93, 6.93, 6.93, 1913]
['2019-03-26 15:27:00', 6.93, 6.93, 6.93, 6.93, 1639]
['2019-03-26 15:26:00', 6.92, 6.92, 6.92, 6.92, 100]
['2019-03-26 15:24:00', 6.92, 6.92, 6.92, 6.92, 300]
['2019-03-26 15:23:00', 6.88, 6.92, 6.87, 6.92, 13659]
['2019-03-26 15:22:00', 6.86, 6.86, 6.86, 6.86, 907]
['2019-03-26 15:21:00', 6.87, 6.87, 6.87, 6.87, 2437]
['2019-03-26 15:19:00', 6.89, 6.89, 6.89, 6.89, 200]
['2019-03-26 15:08:00', 6.9, 6.89, 6.89, 6.9, 1902]
['2019-03-26 15:07:00', 6.91, 6.91, 6.91, 6.91, 756]
['2019-03-26 15:04:00', 6.9072, 6.9072, 6.9072, 6.9072, 529]
['2019-03-26 15:03:00', 6.9, 6.9, 6.9, 6.9, 539]
['2019-03-26 15:01:00', 6.89, 6.89, 6.89, 6.89, 463]
['2019-03-26 14:59:00', 6.89, 6.89, 6.89, 6.89, 900]
['2019-03-26 14:58:00', 6.88, 6.88, 6.88, 6.88, 1233]
['2019-03-26 14:55:00', 6.8699, 6.8699, 6.8699, 6.8699, 126]
['2019-03-26 14:50:00', 6.88, 6.88, 6.88, 6.88, 1839]
['2019-03-26 14:48:00', 6.87, 6.87, 6.87, 6.87, 139]
['2019-03-26 14:43:00', 6.86, 6.86, 6.86, 6.86, 200]
['2019-03-26 14:40:00', 6.87, 6.88, 6.87, 6.88, 2490]
['2019-03-26 14:39:00', 6.85, 6.86, 6.85, 6.86, 1657]
['2019-03-26 14:38:00', 6.86, 6.86, 6.86, 6.86, 139]
['2019-03-26 14:37:00', 6.85, 6.85, 6.85, 6.85, 900]
['2019-03-26 14:35:00', 6.86, 6.86, 6.86, 6.86, 700]
['2019-03-26 14:34:00', 6.85, 6.85, 6.85, 6.85, 739]
['2019-03-26 14:32:00', 6.85, 6.85, 6.85, 6.85, 100]
['2019-03-26 14:30:00', 6.86, 6.86, 6.86, 6.86, 800]
['2019-03-26 14:29:00', 6.86, 6.86, 6.86, 6.86, 139]
['2019-03-26 14:28:00', 6.85, 6.85, 6.85, 6.85, 100]
['2019-03-26 14:25:00', 6.85, 6.85, 6.85, 6.85, 200]
['2019-03-26 14:19:00', 6.85, 6.84, 6.84, 6.85, 678]
['2019-03-26 14:18:00', 6.85, 6.85, 6.85, 6.85, 800]
['2019-03-26 14:17:00', 6.86, 6.86, 6.86, 6.86, 200]
['2019-03-26 14:11:00', 6.85, 6.85, 6.85, 6.85, 839]
['2019-03-26 14:10:00', 6.85, 6.85, 6.85, 6.85, 133]
['2019-03-26 14:07:00', 6.85, 6.85, 6.85, 6.85, 593]
['2019-03-26 14:06:00', 6.86, 6.86, 6.86, 6.86, 413]
['2019-03-26 14:05:00', 6.85, 6.85, 6.85, 6.85, 100]
['2019-03-26 14:02:00', 6.85, 6.85, 6.85, 6.85, 739]
['2019-03-26 14:00:00', 6.86, 6.86, 6.86, 6.86, 100]
['2019-03-26 13:55:00', 6.85, 6.85, 6.85, 6.85, 255]
['2019-03-26 13:51:00', 6.85, 6.85, 6.85, 6.85, 134]
['2019-03-26 13:50:00', 6.85, 6.85, 6.85, 6.85, 204]
['2019-03-26 13:45:00', 6.85, 6.85, 6.85, 6.85, 239]
['2019-03-26 13:42:00', 6.86, 6.86, 6.86, 6.86, 145]
['2019-03-26 13:40:00', 6.84, 6.84, 6.84, 6.84, 500]
['2019-03-26 13:35:00', 6.84, 6.84, 6.84, 6.84, 1388]
['2019-03-26 13:31:00', 6.86, 6.86, 6.86, 6.86, 139]
['2019-03-26 13:28:00', 6.87, 6.87, 6.87, 6.87, 1984]
['2019-03-26 13:23:00', 6.89, 6.89, 6.89, 6.89, 1239]
['2019-03-26 13:21:00', 6.88, 6.88, 6.88, 6.88, 100]
['2019-03-26 13:15:00', 6.89, 6.89, 6.89, 6.89, 178]
['2019-03-26 13:11:00', 6.88, 6.88, 6.88, 6.88, 500]
['2019-03-26 13:09:00', 6.87, 6.87, 6.87, 6.87, 500]
['2019-03-26 13:06:00', 6.85, 6.86, 6.85, 6.86, 1078]
['2019-03-26 13:03:00', 6.86, 6.86, 6.86, 6.86, 809]
['2019-03-26 13:02:00', 6.83, 6.84, 6.83, 6.84, 3161]
['2019-03-26 13:01:00', 6.81, 6.81, 6.81, 6.81, 408]
['2019-03-26 12:59:00', 6.82, 6.82, 6.82, 6.82, 603]
['2019-03-26 12:53:00', 6.825, 6.825, 6.825, 6.825, 303]
['2019-03-26 12:52:00', 6.83, 6.83, 6.83, 6.83, 300]
['2019-03-26 12:50:00', 6.83, 6.83, 6.83, 6.83, 566]
['2019-03-26 12:44:00', 6.85, 6.85, 6.85, 6.85, 218]
['2019-03-26 12:42:00', 6.87, 6.86, 6.86, 6.87, 1770]
['2019-03-26 12:38:00', 6.86, 6.86, 6.86, 6.86, 139]
['2019-03-26 12:34:00', 6.86, 6.86, 6.86, 6.86, 127]
['2019-03-26 12:32:00', 6.88, 6.88, 6.88, 6.88, 3739]
['2019-03-26 12:25:00', 6.87, 6.87, 6.87, 6.87, 874]
['2019-03-26 12:22:00', 6.9, 6.9, 6.9, 6.9, 139]
['2019-03-26 12:12:00', 6.9, 6.9, 6.9, 6.9, 1009]
['2019-03-26 12:11:00', 6.8985, 6.8985, 6.8985, 6.8985, 800]
['2019-03-26 12:10:00', 6.89, 6.89, 6.89, 6.89, 439]
['2019-03-26 12:08:00', 6.87, 6.87, 6.87, 6.87, 100]
['2019-03-26 12:06:00', 6.87, 6.87, 6.87, 6.87, 239]
['2019-03-26 12:01:00', 6.88, 6.88, 6.88, 6.88, 100]
['2019-03-26 11:58:00', 6.88, 6.88, 6.88, 6.88, 1746]
['2019-03-26 11:57:00', 6.87, 6.88, 6.87, 6.88, 6700]
['2019-03-26 11:56:00', 6.85, 6.85, 6.85, 6.85, 239]
['2019-03-26 11:53:00', 6.86, 6.86, 6.86, 6.86, 3780]
['2019-03-26 11:52:00', 6.87, 6.86, 6.86, 6.87, 2100]
['2019-03-26 11:49:00', 6.88, 6.88, 6.88, 6.88, 139]
['2019-03-26 11:48:00', 6.89, 6.89, 6.89, 6.89, 2221]
['2019-03-26 11:47:00', 6.86, 6.87, 6.86, 6.87, 3700]
['2019-03-26 11:42:00', 6.86, 6.87, 6.86, 6.87, 1023]
['2019-03-26 11:40:00', 6.865, 6.86, 6.86, 6.865, 1800]
['2019-03-26 11:38:00', 6.8602, 6.865, 6.8602, 6.865, 1809]
['2019-03-26 11:36:00', 6.87, 6.87, 6.87, 6.87, 5751]
['2019-03-26 11:34:00', 6.87, 6.87, 6.87, 6.87, 358]
['2019-03-26 11:31:00', 6.885, 6.885, 6.885, 6.885, 808]
['2019-03-26 11:26:00', 6.9, 6.9, 6.9, 6.9, 952]
['2019-03-26 11:22:00', 6.88, 6.885, 6.88, 6.885, 3092]
['2019-03-26 11:19:00', 6.87, 6.87, 6.87, 6.87, 300]
['2019-03-26 11:18:00', 6.87, 6.87, 6.87, 6.87, 939]
['2019-03-26 11:17:00', 6.86, 6.86, 6.86, 6.86, 300]
['2019-03-26 11:16:00', 6.88, 6.88, 6.88, 6.88, 700]
['2019-03-26 11:15:00', 6.88, 6.88, 6.88, 6.88, 600]
['2019-03-26 11:13:00', 6.88, 6.88, 6.88, 6.88, 1239]
['2019-03-26 11:12:00', 6.88, 6.88, 6.88, 6.88, 3100]
['2019-03-26 11:11:00', 6.88, 6.88, 6.88, 6.88, 300]
['2019-03-26 11:09:00', 6.87, 6.88, 6.87, 6.88, 5730]
['2019-03-26 11:08:00', 6.86, 6.86, 6.86, 6.87, 6022]
['2019-03-26 11:07:00', 6.88, 6.88, 6.88, 6.88, 291]
['2019-03-26 11:04:00', 6.88, 6.88, 6.88, 6.88, 2600]
['2019-03-26 10:57:00', 6.86, 6.86, 6.86, 6.86, 139]
['2019-03-26 10:52:00', 6.87, 6.86, 6.86, 6.87, 731]
['2019-03-26 10:48:00', 6.88, 6.88, 6.88, 6.88, 200]
['2019-03-26 10:40:00', 6.88, 6.88, 6.88, 6.88, 185]
['2019-03-26 10:21:00', 6.88, 6.88, 6.88, 6.88, 905]
['2019-03-26 10:20:00', 6.88, 6.88, 6.88, 6.88, 706]
['2019-03-26 10:15:00', 6.875, 6.875, 6.875, 6.875, 104]
['2019-03-26 10:11:00', 6.88, 6.88, 6.88, 6.88, 100]
['2019-03-26 10:10:00', 6.87, 6.87, 6.87, 6.87, 1355]
['2019-03-26 10:09:00', 6.87, 6.87, 6.87, 6.87, 1714]
['2019-03-26 10:08:00', 6.86, 6.86, 6.86, 6.86, 500]
['2019-03-26 10:06:00', 6.86, 6.86, 6.86, 6.86, 1660]
['2019-03-26 10:05:00', 6.86, 6.86, 6.86, 6.86, 1428]
['2019-03-26 10:04:00', 6.88, 6.88, 6.88, 6.88, 200]
['2019-03-26 10:00:00', 6.86, 6.86, 6.86, 6.86, 100]
['2019-03-26 09:56:00', 6.875, 6.875, 6.875, 6.875, 300]
['2019-03-26 09:55:00', 6.89, 6.89, 6.89, 6.89, 1649]
['2019-03-26 09:54:00', 6.9093, 6.9093, 6.9093, 6.9093, 3010]
['2019-03-26 09:49:00', 6.94, 6.94, 6.94, 6.94, 200]
['2019-03-26 09:43:00', 6.98, 6.98, 6.98, 6.98, 100]
['2019-03-26 09:38:00', 6.9, 6.9, 6.9, 6.9, 100]
['2019-03-26 09:31:00', 6.94, 6.94, 6.94, 6.94, 2428]
['2019-03-25 16:00:00', 6.91, 6.9, 6.9, 6.91, 8318]
['2019-03-25 15:59:00', 6.91, 6.91, 6.91, 6.91, 5518]
['2019-03-25 15:58:00', 6.91, 6.91, 6.91, 6.91, 1959]
['2019-03-25 15:57:00', 6.93, 6.925, 6.925, 6.93, 2870]
['2019-03-25 15:56:00', 6.91, 6.92, 6.91, 6.92, 3675]
['2019-03-25 15:55:00', 6.9, 6.9, 6.9, 6.9, 1207]
['2019-03-25 15:54:00', 6.9, 6.9, 6.9, 6.9, 800]
['2019-03-25 15:52:00', 6.91, 6.91, 6.91, 6.91, 1465]
['2019-03-25 15:51:00', 6.92, 6.92, 6.92, 6.92, 2200]
['2019-03-25 15:50:00', 6.92, 6.915, 6.915, 6.92, 2246]
['2019-03-25 15:49:00', 6.93, 6.93, 6.93, 6.93, 910]
['2019-03-25 15:48:00', 6.93, 6.93, 6.93, 6.93, 1106]
['2019-03-25 15:47:00', 6.93, 6.93, 6.93, 6.93, 1085]
['2019-03-25 15:46:00', 6.92, 6.92, 6.92, 6.92, 2407]
['2019-03-25 15:45:00', 6.91, 6.91, 6.91, 6.91, 400]
['2019-03-25 15:44:00', 6.91, 6.91, 6.91, 6.91, 1100]
['2019-03-25 15:43:00', 6.91, 6.91, 6.91, 6.91, 1000]
['2019-03-25 15:42:00', 6.91, 6.91, 6.91, 6.91, 1140]
['2019-03-25 15:40:00', 6.925, 6.92, 6.92, 6.925, 2280]
['2019-03-25 15:38:00', 6.93, 6.93, 6.93, 6.93, 5903]
['2019-03-25 15:37:00', 6.92, 6.92, 6.92, 6.92, 700]
['2019-03-25 15:36:00', 6.925, 6.925, 6.925, 6.925, 510]
['2019-03-25 15:34:00', 6.92, 6.92, 6.92, 6.92, 610]
['2019-03-25 15:32:00', 6.925, 6.925, 6.925, 6.925, 945]
['2019-03-25 15:31:00', 6.93, 6.93, 6.93, 6.93, 1072]
['2019-03-25 15:30:00', 6.935, 6.93, 6.93, 6.935, 2059]
['2019-03-25 15:28:00', 6.935, 6.935, 6.935, 6.935, 825]
['2019-03-25 15:26:00', 6.935, 6.935, 6.935, 6.935, 1050]
['2019-03-25 15:24:00', 6.9327, 6.9327, 6.9327, 6.9327, 981]
['2019-03-25 15:23:00', 6.94, 6.94, 6.94, 6.94, 414]
['2019-03-25 15:22:00', 6.935, 6.935, 6.935, 6.935, 700]
['2019-03-25 15:20:00', 6.935, 6.935, 6.935, 6.935, 400]
['2019-03-25 15:19:00', 6.935, 6.935, 6.935, 6.935, 790]
['2019-03-25 15:17:00', 6.935, 6.935, 6.935, 6.935, 700]
['2019-03-25 15:16:00', 6.935, 6.935, 6.935, 6.935, 200]
['2019-03-25 15:15:00', 6.935, 6.935, 6.935, 6.935, 200]
['2019-03-25 15:13:00', 6.935, 6.935, 6.935, 6.935, 606]
['2019-03-25 15:11:00', 6.935, 6.935, 6.935, 6.935, 200]
['2019-03-25 15:10:00', 6.935, 6.935, 6.935, 6.935, 1076]
['2019-03-25 15:08:00', 6.935, 6.935, 6.935, 6.935, 400]
['2019-03-25 15:06:00', 6.935, 6.935, 6.935, 6.935, 400]
['2019-03-25 15:05:00', 6.935, 6.935, 6.935, 6.935, 488]
['2019-03-25 15:04:00', 6.935, 6.935, 6.935, 6.935, 300]
['2019-03-25 15:03:00', 6.935, 6.935, 6.935, 6.935, 200]
['2019-03-25 15:01:00', 6.935, 6.935, 6.935, 6.935, 307]
['2019-03-25 15:00:00', 6.9375, 6.9375, 6.9375, 6.9375, 1300]
['2019-03-25 14:59:00', 6.935, 6.935, 6.935, 6.935, 488]
['2019-03-25 14:58:00', 6.935, 6.935, 6.935, 6.935, 300]
['2019-03-25 14:56:00', 6.935, 6.935, 6.935, 6.935, 286]
['2019-03-25 14:55:00', 6.935, 6.935, 6.935, 6.935, 730]
['2019-03-25 14:53:00', 6.935, 6.935, 6.935, 6.935, 200]
['2019-03-25 14:52:00', 6.9399, 6.9399, 6.9399, 6.9399, 313]
['2019-03-25 14:47:00', 6.945, 6.94, 6.94, 6.945, 1500]
['2019-03-25 14:44:00', 6.94, 6.947, 6.9395, 6.947, 4019]
['2019-03-25 14:43:00', 6.935, 6.935, 6.935, 6.935, 134]
['2019-03-25 14:40:00', 6.94, 6.94, 6.94, 6.94, 506]
['2019-03-25 14:36:00', 6.94, 6.94, 6.94, 6.94, 598]
['2019-03-25 14:35:00', 6.94, 6.94, 6.94, 6.94, 100]
['2019-03-25 14:31:00', 6.93, 6.93, 6.93, 6.93, 1492]
['2019-03-25 14:27:00', 6.93, 6.93, 6.93, 6.93, 200]
['2019-03-25 14:26:00', 6.925, 6.925, 6.925, 6.925, 285]
['2019-03-25 14:20:00', 6.925, 6.925, 6.925, 6.925, 100]
['2019-03-25 14:19:00', 6.925, 6.925, 6.925, 6.925, 900]
['2019-03-25 14:16:00', 6.92, 6.92, 6.92, 6.92, 400]
['2019-03-25 14:14:00', 6.905, 6.905, 6.905, 6.905, 300]
['2019-03-25 14:13:00', 6.8974, 6.8974, 6.8974, 6.8974, 1869]
['2019-03-25 14:12:00', 6.88, 6.88, 6.88, 6.88, 5441]
['2019-03-25 14:11:00', 6.875, 6.875, 6.875, 6.875, 8899]
['2019-03-25 14:09:00', 6.875, 6.875, 6.875, 6.875, 2800]
['2019-03-25 14:06:00', 6.87, 6.87, 6.87, 6.87, 720]
['2019-03-25 14:04:00', 6.855, 6.86, 6.855, 6.86, 2567]
['2019-03-25 13:59:00', 6.85, 6.85, 6.85, 6.85, 632]
['2019-03-25 13:58:00', 6.85, 6.85, 6.85, 6.85, 100]
['2019-03-25 13:56:00', 6.86, 6.86, 6.86, 6.86, 1330]
['2019-03-25 13:51:00', 6.865, 6.865, 6.865, 6.865, 490]
['2019-03-25 13:48:00', 6.87, 6.87, 6.87, 6.87, 1893]
['2019-03-25 13:47:00', 6.88, 6.88, 6.88, 6.88, 212]
['2019-03-25 13:41:00', 6.87, 6.87, 6.87, 6.87, 710]
['2019-03-25 13:37:00', 6.83, 6.85, 6.83, 6.85, 2234]
['2019-03-25 13:30:00', 6.8, 6.81, 6.8, 6.81, 17987]
['2019-03-25 13:28:00', 6.81, 6.8, 6.8, 6.81, 1236]
['2019-03-25 13:25:00', 6.82, 6.815, 6.815, 6.82, 1745]
['2019-03-25 13:24:00', 6.825, 6.825, 6.825, 6.825, 300]
['2019-03-25 13:23:00', 6.82, 6.82, 6.82, 6.82, 310]
['2019-03-25 13:16:00', 6.825, 6.825, 6.825, 6.825, 100]
['2019-03-25 13:14:00', 6.825, 6.8233, 6.8233, 6.825, 7772]
['2019-03-25 13:12:00', 6.81, 6.825, 6.81, 6.825, 6215]
['2019-03-25 13:11:00', 6.8, 6.8, 6.8, 6.8, 1000]
['2019-03-25 13:08:00', 6.805, 6.805, 6.805, 6.805, 805]
['2019-03-25 13:07:00', 6.8, 6.805, 6.8, 6.81, 57420]
['2019-03-25 13:03:00', 6.835, 6.835, 6.835, 6.835, 1997]
['2019-03-25 13:02:00', 6.845, 6.845, 6.845, 6.845, 200]
['2019-03-25 13:01:00', 6.845, 6.845, 6.845, 6.845, 1271]
['2019-03-25 12:59:00', 6.85, 6.85, 6.85, 6.85, 1408]
['2019-03-25 12:58:00', 6.84, 6.835, 6.835, 6.84, 4300]
['2019-03-25 12:40:00', 6.835, 6.835, 6.835, 6.835, 1100]
['2019-03-25 12:38:00', 6.84, 6.84, 6.84, 6.84, 1030]
['2019-03-25 12:37:00', 6.84, 6.84, 6.84, 6.84, 515]
['2019-03-25 12:33:00', 6.84, 6.84, 6.84, 6.84, 300]
['2019-03-25 12:29:00', 6.85, 6.85, 6.85, 6.85, 411]
['2019-03-25 12:28:00', 6.87, 6.87, 6.87, 6.87, 1379]
['2019-03-25 12:25:00', 6.875, 6.875, 6.875, 6.875, 7800]
['2019-03-25 12:24:00', 6.85, 6.88, 6.85, 6.88, 6056]
['2019-03-25 12:23:00', 6.84, 6.84, 6.84, 6.84, 100]
['2019-03-25 12:15:00', 6.845, 6.845, 6.845, 6.845, 1325]
['2019-03-25 12:07:00', 6.86, 6.86, 6.86, 6.86, 200]
['2019-03-25 12:06:00', 6.86, 6.86, 6.86, 6.86, 1550]
['2019-03-25 12:03:00', 6.84, 6.84, 6.84, 6.84, 200]
['2019-03-25 11:58:00', 6.8375, 6.84, 6.8375, 6.84, 1200]
['2019-03-25 11:56:00', 6.835, 6.835, 6.835, 6.835, 500]
['2019-03-25 11:50:00', 6.85, 6.85, 6.85, 6.85, 898]
['2019-03-25 11:46:00', 6.86, 6.86, 6.86, 6.86, 2781]
['2019-03-25 11:42:00', 6.875, 6.875, 6.875, 6.875, 302]
['2019-03-25 11:35:00', 6.88, 6.88, 6.88, 6.88, 807]
['2019-03-25 11:30:00', 6.88, 6.88, 6.88, 6.88, 3216]
['2019-03-25 11:29:00', 6.88, 6.88, 6.88, 6.88, 100]
['2019-03-25 11:24:00', 6.88, 6.88, 6.88, 6.88, 301]
['2019-03-25 11:22:00', 6.87, 6.87, 6.87, 6.87, 600]
['2019-03-25 11:17:00', 6.88, 6.88, 6.88, 6.88, 770]
['2019-03-25 11:15:00', 6.855, 6.855, 6.855, 6.855, 800]
['2019-03-25 11:10:00', 6.85, 6.855, 6.85, 6.855, 1231]
['2019-03-25 11:07:00', 6.835, 6.835, 6.835, 6.835, 888]
['2019-03-25 11:04:00', 6.83, 6.83, 6.83, 6.83, 200]
['2019-03-25 11:02:00', 6.84, 6.835, 6.835, 6.84, 1684]
['2019-03-25 11:01:00', 6.84, 6.84, 6.84, 6.84, 1366]
['2019-03-25 10:56:00', 6.845, 6.8475, 6.845, 6.8475, 10219]
['2019-03-25 10:51:00', 6.84, 6.84, 6.84, 6.84, 936]
['2019-03-25 10:50:00', 6.81, 6.81, 6.81, 6.81, 521]
['2019-03-25 10:46:00', 6.775, 6.82, 6.775, 6.82, 13704]
['2019-03-25 10:45:00', 6.775, 6.775, 6.775, 6.775, 6829]
['2019-03-25 10:43:00', 6.78, 6.78, 6.78, 6.78, 1965]
['2019-03-25 10:31:00', 6.785, 6.785, 6.785, 6.785, 104]
['2019-03-25 10:29:00', 6.76, 6.79, 6.76, 6.79, 980]
['2019-03-25 10:28:00', 6.755, 6.755, 6.755, 6.755, 930]
['2019-03-25 10:26:00', 6.74, 6.74, 6.74, 6.74, 1640]
['2019-03-25 10:21:00', 6.74, 6.74, 6.74, 6.74, 1000]
['2019-03-25 10:18:00', 6.76, 6.76, 6.76, 6.76, 2284]
['2019-03-25 10:17:00', 6.77, 6.77, 6.77, 6.77, 100]
['2019-03-25 10:08:00', 6.75, 6.78, 6.75, 6.78, 2100]
['2019-03-25 10:07:00', 6.745, 6.745, 6.745, 6.745, 100]
['2019-03-25 10:03:00', 6.78, 6.74, 6.74, 6.78, 1984]
['2019-03-25 10:02:00', 6.82, 6.82, 6.82, 6.82, 100]
['2019-03-25 09:58:00', 6.805, 6.805, 6.805, 6.805, 301]
['2019-03-25 09:48:00', 6.77, 6.77, 6.77, 6.77, 1597]
['2019-03-25 09:44:00', 6.83, 6.83, 6.83, 6.83, 300]
['2019-03-25 09:43:00', 6.86, 6.86, 6.86, 6.86, 983]
['2019-03-25 09:38:00', 6.82, 6.82, 6.82, 6.82, 11310]
['2019-03-25 09:31:00', 6.84, 6.84, 6.84, 6.84, 0]
