ACC
['2019-03-29 16:00:00', 47.56, 47.57, 47.56, 47.58, 31751]
['2019-03-29 15:59:00', 47.53, 47.54, 47.47, 47.54, 11338]
['2019-03-29 15:58:00', 47.52, 47.54, 47.52, 47.54, 4636]
['2019-03-29 15:57:00', 47.495, 47.51, 47.48, 47.51, 6488]
['2019-03-29 15:56:00', 47.48, 47.5, 47.4732, 47.5, 6817]
['2019-03-29 15:55:00', 47.42, 47.46, 47.42, 47.46, 6652]
['2019-03-29 15:54:00', 47.45, 47.41, 47.4, 47.46, 5089]
['2019-03-29 15:53:00', 47.43, 47.455, 47.43, 47.46, 3547]
['2019-03-29 15:52:00', 47.425, 47.43, 47.41, 47.435, 6452]
['2019-03-29 15:51:00', 47.405, 47.42, 47.405, 47.425, 2661]
['2019-03-29 15:50:00', 47.445, 47.405, 47.4, 47.47, 7889]
['2019-03-29 15:49:00', 47.45, 47.45, 47.42, 47.45, 4147]
['2019-03-29 15:48:00', 47.47, 47.45, 47.44, 47.47, 3346]
['2019-03-29 15:47:00', 47.46, 47.46, 47.445, 47.47, 4208]
['2019-03-29 15:46:00', 47.435, 47.46, 47.41, 47.48, 13545]
['2019-03-29 15:45:00', 47.4277, 47.44, 47.42, 47.44, 5187]
['2019-03-29 15:44:00', 47.375, 47.43, 47.375, 47.435, 3531]
['2019-03-29 15:43:00', 47.38, 47.37, 47.37, 47.39, 3348]
['2019-03-29 15:42:00', 47.38, 47.385, 47.37, 47.39, 8254]
['2019-03-29 15:41:00', 47.41, 47.375, 47.375, 47.41, 5331]
['2019-03-29 15:40:00', 47.38, 47.41, 47.38, 47.42, 1793]
['2019-03-29 15:39:00', 47.35, 47.375, 47.345, 47.375, 2720]
['2019-03-29 15:38:00', 47.39, 47.35, 47.35, 47.39, 2262]
['2019-03-29 15:37:00', 47.41, 47.405, 47.4, 47.41, 3932]
['2019-03-29 15:36:00', 47.405, 47.41, 47.405, 47.42, 10760]
['2019-03-29 15:35:00', 47.41, 47.405, 47.405, 47.41, 6078]
['2019-03-29 15:34:00', 47.41, 47.41, 47.405, 47.42, 18749]
['2019-03-29 15:33:00', 47.43, 47.405, 47.39, 47.43, 5542]
['2019-03-29 15:32:00', 47.46, 47.43, 47.43, 47.46, 2658]
['2019-03-29 15:31:00', 47.47, 47.48, 47.46, 47.48, 5089]
['2019-03-29 15:30:00', 47.46, 47.47, 47.46, 47.48, 4271]
['2019-03-29 15:29:00', 47.46, 47.46, 47.46, 47.46, 800]
['2019-03-29 15:28:00', 47.43, 47.45, 47.395, 47.45, 4529]
['2019-03-29 15:27:00', 47.4, 47.42, 47.38, 47.42, 6123]
['2019-03-29 15:26:00', 47.33, 47.38, 47.32, 47.38, 5135]
['2019-03-29 15:25:00', 47.5, 47.35, 47.34, 47.5, 10132]
['2019-03-29 15:24:00', 47.545, 47.505, 47.5, 47.545, 16936]
['2019-03-29 15:23:00', 47.56, 47.55, 47.54, 47.565, 23523]
['2019-03-29 15:22:00', 47.52, 47.55, 47.52, 47.55, 8470]
['2019-03-29 15:21:00', 47.54, 47.525, 47.525, 47.54, 1607]
['2019-03-29 15:20:00', 47.54, 47.54, 47.53, 47.545, 2256]
['2019-03-29 15:19:00', 47.55, 47.545, 47.545, 47.555, 1808]
['2019-03-29 15:18:00', 47.56, 47.56, 47.56, 47.565, 847]
['2019-03-29 15:17:00', 47.54, 47.56, 47.54, 47.56, 3636]
['2019-03-29 15:16:00', 47.55, 47.54, 47.53, 47.55, 4503]
['2019-03-29 15:15:00', 47.54, 47.56, 47.535, 47.56, 3141]
['2019-03-29 15:14:00', 47.52, 47.54, 47.52, 47.54, 4861]
['2019-03-29 15:13:00', 47.53, 47.52, 47.52, 47.53, 1363]
['2019-03-29 15:12:00', 47.555, 47.53, 47.53, 47.555, 1637]
['2019-03-29 15:11:00', 47.57, 47.555, 47.55, 47.57, 1291]
['2019-03-29 15:10:00', 47.58, 47.57, 47.57, 47.58, 1147]
['2019-03-29 15:09:00', 47.58, 47.59, 47.58, 47.59, 221]
['2019-03-29 15:08:00', 47.555, 47.57, 47.555, 47.57, 1835]
['2019-03-29 15:07:00', 47.5425, 47.55, 47.5425, 47.55, 6126]
['2019-03-29 15:06:00', 47.535, 47.55, 47.535, 47.55, 1497]
['2019-03-29 15:05:00', 47.535, 47.535, 47.53, 47.535, 1569]
['2019-03-29 15:04:00', 47.545, 47.535, 47.535, 47.545, 1443]
['2019-03-29 15:03:00', 47.565, 47.56, 47.56, 47.565, 1133]
['2019-03-29 15:02:00', 47.565, 47.565, 47.565, 47.565, 249]
['2019-03-29 15:01:00', 47.51, 47.54, 47.51, 47.54, 6032]
['2019-03-29 15:00:00', 47.5, 47.5, 47.5, 47.505, 613]
['2019-03-29 14:59:00', 47.5, 47.505, 47.5, 47.505, 977]
['2019-03-29 14:58:00', 47.5, 47.5, 47.5, 47.5, 970]
['2019-03-29 14:57:00', 47.49, 47.5095, 47.49, 47.5095, 542]
['2019-03-29 14:56:00', 47.52, 47.5, 47.5, 47.52, 1139]
['2019-03-29 14:55:00', 47.52, 47.53, 47.52, 47.53, 921]
['2019-03-29 14:54:00', 47.5, 47.51, 47.5, 47.51, 795]
['2019-03-29 14:53:00', 47.49, 47.5, 47.49, 47.5, 2021]
['2019-03-29 14:52:00', 47.49, 47.49, 47.48, 47.5, 1918]
['2019-03-29 14:51:00', 47.5, 47.5, 47.5, 47.5, 997]
['2019-03-29 14:49:00', 47.49, 47.495, 47.49, 47.495, 1361]
['2019-03-29 14:48:00', 47.5, 47.49, 47.49, 47.5, 1455]
['2019-03-29 14:47:00', 47.49, 47.48, 47.48, 47.49, 1178]
['2019-03-29 14:46:00', 47.5, 47.495, 47.495, 47.505, 4103]
['2019-03-29 14:45:00', 47.5, 47.5, 47.5, 47.5, 708]
['2019-03-29 14:44:00', 47.495, 47.49, 47.49, 47.495, 533]
['2019-03-29 14:42:00', 47.495, 47.495, 47.49, 47.495, 3135]
['2019-03-29 14:41:00', 47.51, 47.51, 47.51, 47.51, 839]
['2019-03-29 14:40:00', 47.515, 47.515, 47.515, 47.515, 203]
['2019-03-29 14:39:00', 47.5, 47.51, 47.5, 47.51, 1281]
['2019-03-29 14:38:00', 47.508, 47.508, 47.508, 47.508, 150]
['2019-03-29 14:37:00', 47.52, 47.52, 47.52, 47.52, 211]
['2019-03-29 14:36:00', 47.51, 47.51, 47.51, 47.54, 3347]
['2019-03-29 14:35:00', 47.5, 47.5, 47.5, 47.5, 200]
['2019-03-29 14:34:00', 47.51, 47.51, 47.51, 47.51, 1282]
['2019-03-29 14:33:00', 47.52, 47.52, 47.52, 47.52, 380]
['2019-03-29 14:32:00', 47.515, 47.515, 47.515, 47.515, 188]
['2019-03-29 14:31:00', 47.51, 47.51, 47.51, 47.51, 300]
['2019-03-29 14:30:00', 47.53, 47.52, 47.52, 47.53, 546]
['2019-03-29 14:29:00', 47.53, 47.53, 47.5123, 47.53, 2249]
['2019-03-29 14:28:00', 47.55, 47.55, 47.55, 47.55, 140]
['2019-03-29 14:27:00', 47.58, 47.58, 47.58, 47.58, 342]
['2019-03-29 14:26:00', 47.61, 47.6, 47.6, 47.61, 4151]
['2019-03-29 14:25:00', 47.59, 47.61, 47.59, 47.61, 2049]
['2019-03-29 14:24:00', 47.59, 47.59, 47.59, 47.59, 208]
['2019-03-29 14:23:00', 47.59, 47.59, 47.59, 47.59, 165]
['2019-03-29 14:22:00', 47.59, 47.58, 47.58, 47.59, 546]
['2019-03-29 14:21:00', 47.57, 47.59, 47.57, 47.59, 1503]
['2019-03-29 14:20:00', 47.617, 47.605, 47.605, 47.62, 2914]
['2019-03-29 14:18:00', 47.65, 47.64, 47.64, 47.65, 1882]
['2019-03-29 14:17:00', 47.67, 47.66, 47.66, 47.695, 7218]
['2019-03-29 14:16:00', 47.66, 47.665, 47.66, 47.665, 1010]
['2019-03-29 14:15:00', 47.67, 47.67, 47.67, 47.67, 2195]
['2019-03-29 14:14:00', 47.665, 47.67, 47.665, 47.67, 2941]
['2019-03-29 14:13:00', 47.665, 47.665, 47.665, 47.67, 965]
['2019-03-29 14:12:00', 47.625, 47.665, 47.625, 47.665, 4334]
['2019-03-29 14:11:00', 47.61, 47.625, 47.61, 47.64, 2449]
['2019-03-29 14:10:00', 47.58, 47.6, 47.58, 47.6, 1707]
['2019-03-29 14:09:00', 47.54, 47.58, 47.54, 47.58, 1475]
['2019-03-29 14:07:00', 47.53, 47.53, 47.53, 47.53, 264]
['2019-03-29 14:06:00', 47.53, 47.54, 47.53, 47.54, 660]
['2019-03-29 14:05:00', 47.51, 47.52, 47.51, 47.53, 5437]
['2019-03-29 14:04:00', 47.5, 47.5, 47.5, 47.5, 210]
['2019-03-29 14:03:00', 47.51, 47.5, 47.5, 47.51, 504]
['2019-03-29 14:01:00', 47.5, 47.5, 47.5, 47.5, 601]
['2019-03-29 14:00:00', 47.51, 47.51, 47.51, 47.51, 106]
['2019-03-29 13:58:00', 47.51, 47.51, 47.51, 47.51, 140]
['2019-03-29 13:56:00', 47.52, 47.52, 47.52, 47.52, 247]
['2019-03-29 13:55:00', 47.53, 47.5322, 47.53, 47.5322, 841]
['2019-03-29 13:54:00', 47.54, 47.54, 47.54, 47.54, 106]
['2019-03-29 13:53:00', 47.56, 47.545, 47.545, 47.6, 2882]
['2019-03-29 13:52:00', 47.54, 47.55, 47.54, 47.55, 806]
['2019-03-29 13:50:00', 47.56, 47.56, 47.56, 47.56, 186]
['2019-03-29 13:48:00', 47.55, 47.56, 47.55, 47.56, 770]
['2019-03-29 13:47:00', 47.55, 47.54, 47.52, 47.56, 5701]
['2019-03-29 13:46:00', 47.56, 47.5608, 47.56, 47.5608, 571]
['2019-03-29 13:45:00', 47.59, 47.58, 47.58, 47.6, 2526]
['2019-03-29 13:44:00', 47.59, 47.59, 47.59, 47.59, 100]
['2019-03-29 13:43:00', 47.6, 47.6, 47.6, 47.6, 670]
['2019-03-29 13:42:00', 47.6, 47.6, 47.6, 47.6, 104]
['2019-03-29 13:41:00', 47.61, 47.61, 47.61, 47.61, 100]
['2019-03-29 13:38:00', 47.63, 47.63, 47.63, 47.63, 670]
['2019-03-29 13:37:00', 47.65, 47.64, 47.64, 47.655, 842]
['2019-03-29 13:36:00', 47.66, 47.66, 47.66, 47.66, 300]
['2019-03-29 13:35:00', 47.66, 47.66, 47.66, 47.66, 327]
['2019-03-29 13:34:00', 47.66, 47.66, 47.66, 47.66, 170]
['2019-03-29 13:33:00', 47.655, 47.6725, 47.655, 47.6725, 2614]
['2019-03-29 13:32:00', 47.685, 47.66, 47.66, 47.685, 2222]
['2019-03-29 13:31:00', 47.69, 47.68, 47.68, 47.69, 215]
['2019-03-29 13:30:00', 47.69, 47.69, 47.69, 47.69, 103]
['2019-03-29 13:29:00', 47.69, 47.69, 47.69, 47.69, 317]
['2019-03-29 13:28:00', 47.68, 47.68, 47.68, 47.68, 435]
['2019-03-29 13:27:00', 47.6895, 47.68, 47.68, 47.6895, 858]
['2019-03-29 13:26:00', 47.69, 47.69, 47.69, 47.69, 371]
['2019-03-29 13:25:00', 47.69, 47.69, 47.69, 47.69, 111]
['2019-03-29 13:23:00', 47.69, 47.69, 47.69, 47.69, 105]
['2019-03-29 13:22:00', 47.68, 47.69, 47.68, 47.69, 605]
['2019-03-29 13:21:00', 47.7, 47.67, 47.67, 47.7, 1393]
['2019-03-29 13:20:00', 47.7, 47.7, 47.7, 47.7, 200]
['2019-03-29 13:19:00', 47.7, 47.7, 47.7, 47.7, 245]
['2019-03-29 13:18:00', 47.68, 47.69, 47.68, 47.69, 774]
['2019-03-29 13:17:00', 47.6783, 47.6783, 47.6783, 47.6783, 2484]
['2019-03-29 13:16:00', 47.67, 47.67, 47.67, 47.67, 305]
['2019-03-29 13:13:00', 47.7, 47.695, 47.67, 47.7, 6356]
['2019-03-29 13:12:00', 47.69, 47.69, 47.69, 47.69, 225]
['2019-03-29 13:11:00', 47.66, 47.69, 47.66, 47.69, 1485]
['2019-03-29 13:09:00', 47.66, 47.66, 47.66, 47.66, 136]
['2019-03-29 13:08:00', 47.68, 47.6732, 47.6732, 47.68, 728]
['2019-03-29 13:07:00', 47.67, 47.67, 47.67, 47.67, 108]
['2019-03-29 13:06:00', 47.72, 47.72, 47.72, 47.72, 526]
['2019-03-29 13:04:00', 47.74, 47.74, 47.74, 47.74, 1013]
['2019-03-29 13:02:00', 47.74, 47.72, 47.72, 47.74, 717]
['2019-03-29 13:01:00', 47.75, 47.75, 47.75, 47.75, 708]
['2019-03-29 13:00:00', 47.75, 47.75, 47.75, 47.75, 105]
['2019-03-29 12:59:00', 47.79, 47.75, 47.75, 47.79, 960]
['2019-03-29 12:58:00', 47.7701, 47.7701, 47.7701, 47.7701, 295]
['2019-03-29 12:56:00', 47.77, 47.77, 47.77, 47.77, 480]
['2019-03-29 12:55:00', 47.79, 47.75, 47.75, 47.79, 723]
['2019-03-29 12:54:00', 47.78, 47.8, 47.78, 47.8, 1036]
['2019-03-29 12:52:00', 47.75, 47.77, 47.75, 47.77, 1089]
['2019-03-29 12:49:00', 47.74, 47.74, 47.74, 47.74, 437]
['2019-03-29 12:48:00', 47.74, 47.74, 47.74, 47.74, 265]
['2019-03-29 12:47:00', 47.76, 47.76, 47.76, 47.76, 491]
['2019-03-29 12:46:00', 47.75, 47.76, 47.75, 47.77, 871]
['2019-03-29 12:45:00', 47.74, 47.74, 47.74, 47.74, 1415]
['2019-03-29 12:44:00', 47.76, 47.76, 47.76, 47.76, 114]
['2019-03-29 12:43:00', 47.76, 47.76, 47.76, 47.76, 317]
['2019-03-29 12:41:00', 47.7515, 47.76, 47.75, 47.76, 1323]
['2019-03-29 12:40:00', 47.75, 47.75, 47.75, 47.75, 2070]
['2019-03-29 12:37:00', 47.745, 47.76, 47.745, 47.76, 2265]
['2019-03-29 12:36:00', 47.745, 47.74, 47.74, 47.745, 304]
['2019-03-29 12:35:00', 47.74, 47.74, 47.74, 47.74, 206]
['2019-03-29 12:34:00', 47.75, 47.75, 47.75, 47.76, 1060]
['2019-03-29 12:33:00', 47.77, 47.77, 47.77, 47.77, 213]
['2019-03-29 12:32:00', 47.76, 47.77, 47.76, 47.77, 901]
['2019-03-29 12:30:00', 47.77, 47.76, 47.76, 47.77, 927]
['2019-03-29 12:29:00', 47.77, 47.77, 47.77, 47.77, 120]
['2019-03-29 12:28:00', 47.77, 47.78, 47.77, 47.78, 712]
['2019-03-29 12:27:00', 47.75, 47.76, 47.75, 47.76, 896]
['2019-03-29 12:24:00', 47.77, 47.77, 47.77, 47.77, 123]
['2019-03-29 12:23:00', 47.78, 47.78, 47.78, 47.78, 298]
['2019-03-29 12:22:00', 47.7872, 47.7876, 47.7872, 47.7876, 425]
['2019-03-29 12:21:00', 47.75, 47.77, 47.75, 47.77, 915]
['2019-03-29 12:20:00', 47.75, 47.75, 47.75, 47.75, 101]
['2019-03-29 12:19:00', 47.7803, 47.75, 47.75, 47.7803, 679]
['2019-03-29 12:18:00', 47.77, 47.77, 47.77, 47.77, 100]
['2019-03-29 12:17:00', 47.77, 47.78, 47.77, 47.78, 827]
['2019-03-29 12:16:00', 47.76, 47.76, 47.76, 47.76, 107]
['2019-03-29 12:15:00', 47.76, 47.76, 47.76, 47.76, 768]
['2019-03-29 12:14:00', 47.76, 47.78, 47.76, 47.78, 903]
['2019-03-29 12:12:00', 47.79, 47.77, 47.77, 47.79, 1808]
['2019-03-29 12:11:00', 47.79, 47.79, 47.79, 47.79, 144]
['2019-03-29 12:10:00', 47.82, 47.81, 47.81, 47.82, 1521]
['2019-03-29 12:09:00', 47.8, 47.81, 47.8, 47.81, 2324]
['2019-03-29 12:08:00', 47.81, 47.815, 47.81, 47.82, 1629]
['2019-03-29 12:06:00', 47.8, 47.81, 47.795, 47.81, 4927]
['2019-03-29 12:05:00', 47.76, 47.79, 47.75, 47.79, 6914]
['2019-03-29 12:04:00', 47.8, 47.76, 47.76, 47.8, 346]
['2019-03-29 12:03:00', 47.82, 47.82, 47.82, 47.82, 227]
['2019-03-29 12:01:00', 47.83, 47.83, 47.83, 47.83, 252]
['2019-03-29 12:00:00', 47.83, 47.825, 47.825, 47.83, 701]
['2019-03-29 11:59:00', 47.85, 47.84, 47.84, 47.85, 842]
['2019-03-29 11:58:00', 47.835, 47.84, 47.835, 47.84, 824]
['2019-03-29 11:57:00', 47.85, 47.84, 47.84, 47.85, 767]
['2019-03-29 11:56:00', 47.85, 47.86, 47.8456, 47.86, 912]
['2019-03-29 11:55:00', 47.85, 47.86, 47.85, 47.86, 1081]
['2019-03-29 11:54:00', 47.84, 47.85, 47.84, 47.85, 402]
['2019-03-29 11:53:00', 47.825, 47.84, 47.825, 47.84, 1743]
['2019-03-29 11:52:00', 47.83, 47.825, 47.825, 47.83, 2310]
['2019-03-29 11:51:00', 47.83, 47.84, 47.83, 47.85, 3710]
['2019-03-29 11:50:00', 47.85, 47.82, 47.81, 47.85, 6051]
['2019-03-29 11:49:00', 47.81, 47.87, 47.81, 47.87, 6044]
['2019-03-29 11:48:00', 47.77, 47.815, 47.76, 47.83, 4634]
['2019-03-29 11:47:00', 47.76, 47.76, 47.76, 47.76, 118]
['2019-03-29 11:46:00', 47.775, 47.775, 47.775, 47.775, 215]
['2019-03-29 11:45:00', 47.755, 47.78, 47.755, 47.78, 1300]
['2019-03-29 11:44:00', 47.74, 47.77, 47.73, 47.77, 1973]
['2019-03-29 11:43:00', 47.74, 47.745, 47.74, 47.76, 500]
['2019-03-29 11:42:00', 47.78, 47.775, 47.77, 47.78, 1055]
['2019-03-29 11:39:00', 47.79, 47.8, 47.79, 47.8, 732]
['2019-03-29 11:38:00', 47.835, 47.795, 47.79, 47.835, 2613]
['2019-03-29 11:37:00', 47.82, 47.8373, 47.82, 47.84, 3312]
['2019-03-29 11:36:00', 47.8203, 47.8, 47.8, 47.83, 4017]
['2019-03-29 11:35:00', 47.876, 47.8486, 47.8486, 47.88, 1777]
['2019-03-29 11:34:00', 47.87, 47.88, 47.86, 47.88, 1020]
['2019-03-29 11:33:00', 47.88, 47.88, 47.88, 47.895, 926]
['2019-03-29 11:32:00', 47.905, 47.9, 47.89, 47.925, 4261]
['2019-03-29 11:31:00', 47.89, 47.92, 47.89, 47.92, 1654]
['2019-03-29 11:30:00', 47.91, 47.88, 47.88, 47.92, 1533]
['2019-03-29 11:29:00', 47.9, 47.91, 47.9, 47.91, 495]
['2019-03-29 11:28:00', 47.915, 47.915, 47.915, 47.915, 400]
['2019-03-29 11:26:00', 47.94, 47.94, 47.94, 47.94, 529]
['2019-03-29 11:25:00', 47.89, 47.94, 47.89, 47.94, 1044]
['2019-03-29 11:23:00', 47.93, 47.905, 47.905, 47.93, 657]
['2019-03-29 11:22:00', 47.9, 47.9, 47.9, 47.9, 515]
['2019-03-29 11:21:00', 47.895, 47.89, 47.89, 47.9, 601]
['2019-03-29 11:20:00', 47.885, 47.9, 47.885, 47.9, 1635]
['2019-03-29 11:19:00', 47.87, 47.9, 47.87, 47.9, 4294]
['2019-03-29 11:18:00', 47.88, 47.88, 47.88, 47.88, 100]
['2019-03-29 11:17:00', 47.9, 47.87, 47.87, 47.9, 429]
['2019-03-29 11:16:00', 47.87, 47.882, 47.87, 47.9, 327]
['2019-03-29 11:15:00', 47.87, 47.9, 47.87, 47.9, 953]
['2019-03-29 11:14:00', 47.87, 47.87, 47.87, 47.87, 100]
['2019-03-29 11:13:00', 47.88, 47.88, 47.88, 47.88, 208]
['2019-03-29 11:12:00', 47.89, 47.88, 47.88, 47.89, 410]
['2019-03-29 11:11:00', 47.95, 47.92, 47.92, 47.95, 339]
['2019-03-29 11:09:00', 47.98, 47.98, 47.98, 47.98, 600]
['2019-03-29 11:08:00', 47.95, 47.98, 47.95, 47.98, 300]
['2019-03-29 11:07:00', 47.95, 47.94, 47.94, 47.95, 427]
['2019-03-29 11:06:00', 47.9, 47.93, 47.885, 47.95, 1740]
['2019-03-29 11:05:00', 47.89, 47.92, 47.88, 47.92, 8098]
['2019-03-29 11:04:00', 47.86, 47.88, 47.86, 47.88, 574]
['2019-03-29 11:03:00', 47.85, 47.85, 47.85, 47.85, 287]
['2019-03-29 11:02:00', 47.88, 47.86, 47.86, 47.88, 658]
['2019-03-29 11:01:00', 47.88, 47.88, 47.88, 47.88, 128]
['2019-03-29 11:00:00', 47.9, 47.9, 47.9, 47.92, 856]
['2019-03-29 10:59:00', 47.92, 47.89, 47.88, 47.92, 1856]
['2019-03-29 10:58:00', 47.9483, 47.92, 47.92, 47.9483, 602]
['2019-03-29 10:57:00', 47.9, 47.93, 47.895, 47.93, 584]
['2019-03-29 10:56:00', 47.85, 47.89, 47.84, 47.89, 961]
['2019-03-29 10:55:00', 47.86, 47.86, 47.86, 47.86, 204]
['2019-03-29 10:54:00', 47.91, 47.9, 47.87, 47.91, 3214]
['2019-03-29 10:52:00', 47.94, 47.93, 47.93, 47.94, 522]
['2019-03-29 10:51:00', 47.93, 47.9259, 47.9259, 47.93, 419]
['2019-03-29 10:50:00', 47.97, 47.96, 47.96, 47.97, 540]
['2019-03-29 10:49:00', 47.98, 47.99, 47.98, 47.99, 252]
['2019-03-29 10:48:00', 47.985, 47.97, 47.97, 47.985, 205]
['2019-03-29 10:47:00', 47.99, 47.99, 47.99, 47.99, 134]
['2019-03-29 10:46:00', 47.96, 47.98, 47.96, 47.98, 897]
['2019-03-29 10:45:00', 48.025, 48.0, 48.0, 48.025, 630]
['2019-03-29 10:44:00', 48.01, 48.01, 48.01, 48.01, 105]
['2019-03-29 10:43:00', 48.025, 48.01, 48.01, 48.025, 300]
['2019-03-29 10:42:00', 48.01, 48.04, 48.01, 48.04, 232]
['2019-03-29 10:41:00', 48.04, 48.04, 48.04, 48.04, 100]
['2019-03-29 10:40:00', 48.07, 48.05, 48.05, 48.075, 838]
['2019-03-29 10:39:00', 48.07, 48.075, 48.07, 48.08, 1234]
['2019-03-29 10:38:00', 48.05, 48.05, 48.05, 48.05, 100]
['2019-03-29 10:36:00', 48.04, 48.05, 48.04, 48.05, 353]
['2019-03-29 10:35:00', 48.035, 48.035, 48.035, 48.035, 309]
['2019-03-29 10:34:00', 48.015, 48.03, 48.015, 48.03, 420]
['2019-03-29 10:33:00', 48.0, 48.0, 48.0, 48.0, 241]
['2019-03-29 10:31:00', 48.03, 48.03, 48.03, 48.03, 499]
['2019-03-29 10:30:00', 47.99, 48.03, 47.99, 48.03, 522]
['2019-03-29 10:28:00', 47.99, 47.98, 47.98, 47.99, 308]
['2019-03-29 10:26:00', 47.99, 47.99, 47.99, 47.99, 164]
['2019-03-29 10:25:00', 48.02, 48.02, 48.02, 48.02, 111]
['2019-03-29 10:24:00', 48.0, 48.0, 47.99, 48.005, 1165]
['2019-03-29 10:22:00', 47.97, 47.98, 47.97, 47.98, 499]
['2019-03-29 10:21:00', 47.945, 47.975, 47.945, 47.98, 1372]
['2019-03-29 10:20:00', 47.89, 47.96, 47.89, 47.96, 2191]
['2019-03-29 10:19:00', 47.91, 47.9, 47.9, 47.93, 877]
['2019-03-29 10:18:00', 47.95, 47.93, 47.93, 47.95, 548]
['2019-03-29 10:17:00', 47.91, 47.935, 47.91, 47.935, 252]
['2019-03-29 10:16:00', 47.97, 47.91, 47.91, 47.98, 507]
['2019-03-29 10:15:00', 47.995, 47.995, 47.995, 47.995, 200]
['2019-03-29 10:14:00', 47.95, 47.97, 47.95, 47.97, 735]
['2019-03-29 10:12:00', 47.89, 47.93, 47.89, 47.93, 1287]
['2019-03-29 10:11:00', 47.9467, 47.92, 47.92, 47.9467, 610]
['2019-03-29 10:10:00', 47.945, 47.945, 47.945, 47.945, 110]
['2019-03-29 10:09:00', 47.975, 47.95, 47.945, 48.0, 2743]
['2019-03-29 10:08:00', 47.92, 47.95, 47.92, 47.95, 907]
['2019-03-29 10:07:00', 47.92, 47.95, 47.92, 47.95, 800]
['2019-03-29 10:06:00', 47.92, 47.95, 47.92, 47.95, 600]
['2019-03-29 10:05:00', 47.875, 47.9, 47.875, 47.9, 705]
['2019-03-29 10:04:00', 47.89, 47.89, 47.89, 47.9, 635]
['2019-03-29 10:03:00', 47.95, 47.95, 47.95, 47.95, 100]
['2019-03-29 10:00:00', 47.98, 47.985, 47.98, 47.985, 308]
['2019-03-29 09:59:00', 48.01, 48.01, 48.01, 48.01, 341]
['2019-03-29 09:58:00', 47.94, 48.0, 47.94, 48.0, 867]
['2019-03-29 09:57:00', 47.92, 47.91, 47.89, 47.94, 1217]
['2019-03-29 09:56:00', 47.96, 47.96, 47.96, 47.96, 446]
['2019-03-29 09:54:00', 47.95, 47.95, 47.95, 47.95, 167]
['2019-03-29 09:52:00', 47.77, 47.85, 47.77, 47.85, 463]
['2019-03-29 09:51:00', 47.77, 47.77, 47.77, 47.77, 100]
['2019-03-29 09:50:00', 47.76, 47.795, 47.76, 47.84, 888]
['2019-03-29 09:48:00', 47.71, 47.71, 47.71, 47.71, 402]
['2019-03-29 09:47:00', 47.78, 47.78, 47.78, 47.78, 370]
['2019-03-29 09:42:00', 47.77, 47.72, 47.72, 47.77, 1042]
['2019-03-29 09:40:00', 47.82, 47.87, 47.82, 47.87, 916]
['2019-03-29 09:39:00', 47.7, 47.815, 47.7, 47.82, 1213]
['2019-03-29 09:36:00', 47.85, 47.78, 47.78, 47.86, 717]
['2019-03-29 09:35:00', 47.91, 47.92, 47.91, 47.92, 515]
['2019-03-29 09:34:00', 48.0617, 47.95, 47.95, 48.0617, 1035]
['2019-03-29 09:33:00', 48.03, 48.1, 48.03, 48.1, 850]
['2019-03-29 09:32:00', 48.02, 48.04, 48.02, 48.04, 7639]
['2019-03-28 16:00:00', 48.11, 48.12, 48.08, 48.12, 12441]
['2019-03-28 15:59:00', 48.09, 48.11, 48.09, 48.12, 11549]
['2019-03-28 15:58:00', 48.08, 48.1, 48.07, 48.1, 7967]
['2019-03-28 15:57:00', 48.08, 48.085, 48.065, 48.09, 3965]
['2019-03-28 15:56:00', 48.04, 48.08, 48.04, 48.085, 7827]
['2019-03-28 15:55:00', 48.03, 48.03, 48.025, 48.04, 3707]
['2019-03-28 15:54:00', 48.02, 48.02, 48.01, 48.03, 3965]
['2019-03-28 15:53:00', 48.04, 48.01, 48.01, 48.04, 2936]
['2019-03-28 15:52:00', 48.05, 48.045, 48.04, 48.05, 1479]
['2019-03-28 15:51:00', 48.03, 48.05, 48.025, 48.05, 3063]
['2019-03-28 15:50:00', 48.07, 48.04, 48.04, 48.07, 1531]
['2019-03-28 15:49:00', 48.09, 48.065, 48.065, 48.09, 3082]
['2019-03-28 15:48:00', 48.07, 48.09, 48.07, 48.09, 1637]
['2019-03-28 15:47:00', 48.045, 48.07, 48.04, 48.07, 2988]
['2019-03-28 15:46:00', 48.05, 48.05, 48.035, 48.05, 6713]
['2019-03-28 15:45:00', 48.05, 48.05, 48.045, 48.05, 1121]
['2019-03-28 15:44:00', 48.02, 48.045, 48.015, 48.05, 2948]
['2019-03-28 15:43:00', 48.01, 48.015, 48.005, 48.02, 2419]
['2019-03-28 15:42:00', 48.0, 48.015, 47.99, 48.015, 4452]
['2019-03-28 15:41:00', 48.0, 47.995, 47.99, 48.005, 1943]
['2019-03-28 15:40:00', 48.01, 48.005, 47.995, 48.01, 1478]
['2019-03-28 15:39:00', 48.07, 48.01, 48.01, 48.07, 1447]
['2019-03-28 15:38:00', 48.06, 48.07, 48.0595, 48.07, 1173]
['2019-03-28 15:37:00', 48.07, 48.05, 48.05, 48.07, 3074]
['2019-03-28 15:36:00', 48.065, 48.06, 48.05, 48.065, 2241]
['2019-03-28 15:35:00', 48.06, 48.07, 48.06, 48.07, 2163]
['2019-03-28 15:34:00', 48.05, 48.055, 48.035, 48.055, 4138]
['2019-03-28 15:33:00', 48.04, 48.05, 48.04, 48.05, 1429]
['2019-03-28 15:32:00', 48.02, 48.035, 48.02, 48.035, 854]
['2019-03-28 15:31:00', 48.0, 48.015, 48.0, 48.015, 1963]
['2019-03-28 15:30:00', 47.96, 47.99, 47.96, 47.99, 1944]
['2019-03-28 15:29:00', 47.97, 47.95, 47.95, 47.97, 2181]
['2019-03-28 15:28:00', 47.96, 47.97, 47.96, 47.97, 457]
['2019-03-28 15:27:00', 47.95, 47.96, 47.95, 47.96, 1899]
['2019-03-28 15:26:00', 47.93, 47.95, 47.93, 47.95, 1488]
['2019-03-28 15:25:00', 47.93, 47.93, 47.93, 47.93, 481]
['2019-03-28 15:24:00', 47.93, 47.93, 47.93, 47.93, 792]
['2019-03-28 15:23:00', 47.92, 47.93, 47.92, 47.93, 661]
['2019-03-28 15:22:00', 47.92, 47.92, 47.92, 47.92, 200]
['2019-03-28 15:21:00', 47.915, 47.92, 47.91, 47.92, 1169]
['2019-03-28 15:20:00', 47.9, 47.91, 47.9, 47.91, 767]
['2019-03-28 15:19:00', 47.91, 47.8972, 47.89, 47.91, 1446]
['2019-03-28 15:18:00', 47.89, 47.91, 47.89, 47.91, 1719]
['2019-03-28 15:17:00', 47.88, 47.88, 47.88, 47.88, 529]
['2019-03-28 15:16:00', 47.88, 47.88, 47.88, 47.88, 465]
['2019-03-28 15:15:00', 47.87, 47.87, 47.87, 47.88, 806]
['2019-03-28 15:14:00', 47.87, 47.87, 47.87, 47.88, 1200]
['2019-03-28 15:13:00', 47.85, 47.87, 47.85, 47.87, 410]
['2019-03-28 15:12:00', 47.86, 47.86, 47.86, 47.87, 785]
['2019-03-28 15:11:00', 47.85, 47.855, 47.85, 47.855, 237]
['2019-03-28 15:10:00', 47.87, 47.87, 47.87, 47.87, 1191]
['2019-03-28 15:09:00', 47.85, 47.87, 47.85, 47.87, 561]
['2019-03-28 15:08:00', 47.83, 47.83, 47.83, 47.85, 1225]
['2019-03-28 15:07:00', 47.805, 47.83, 47.805, 47.83, 1525]
['2019-03-28 15:06:00', 47.805, 47.8, 47.8, 47.805, 412]
['2019-03-28 15:05:00', 47.805, 47.805, 47.8, 47.805, 326]
['2019-03-28 15:04:00', 47.81, 47.8, 47.8, 47.81, 1280]
['2019-03-28 15:03:00', 47.81, 47.81, 47.81, 47.81, 557]
['2019-03-28 15:02:00', 47.79, 47.79, 47.79, 47.79, 1697]
['2019-03-28 15:01:00', 47.79, 47.79, 47.79, 47.795, 950]
['2019-03-28 15:00:00', 47.77, 47.79, 47.77, 47.79, 1643]
['2019-03-28 14:58:00', 47.79, 47.79, 47.79, 47.79, 102]
['2019-03-28 14:57:00', 47.78, 47.785, 47.78, 47.785, 418]
['2019-03-28 14:56:00', 47.78, 47.78, 47.78, 47.78, 151]
['2019-03-28 14:55:00', 47.8, 47.8, 47.8, 47.8, 128]
['2019-03-28 14:54:00', 47.78, 47.8, 47.78, 47.8, 863]
['2019-03-28 14:53:00', 47.8, 47.8, 47.8, 47.81, 1731]
['2019-03-28 14:52:00', 47.83, 47.805, 47.8, 47.83, 1864]
['2019-03-28 14:51:00', 47.83, 47.83, 47.81, 47.83, 4739]
['2019-03-28 14:50:00', 47.83, 47.84, 47.83, 47.85, 2655]
['2019-03-28 14:49:00', 47.815, 47.84, 47.815, 47.84, 5451]
['2019-03-28 14:48:00', 47.81, 47.81, 47.8, 47.81, 2372]
['2019-03-28 14:47:00', 47.8, 47.8, 47.8, 47.8, 652]
['2019-03-28 14:46:00', 47.8, 47.8, 47.8, 47.8, 118]
['2019-03-28 14:45:00', 47.8225, 47.81, 47.81, 47.8225, 513]
['2019-03-28 14:44:00', 47.805, 47.83, 47.805, 47.83, 2521]
['2019-03-28 14:43:00', 47.79, 47.8, 47.79, 47.805, 1692]
['2019-03-28 14:42:00', 47.775, 47.789, 47.775, 47.789, 1618]
['2019-03-28 14:41:00', 47.785, 47.78, 47.78, 47.785, 484]
['2019-03-28 14:40:00', 47.785, 47.78, 47.78, 47.785, 808]
['2019-03-28 14:39:00', 47.78, 47.78, 47.77, 47.78, 15747]
['2019-03-28 14:38:00', 47.78, 47.79, 47.78, 47.79, 200]
['2019-03-28 14:37:00', 47.775, 47.79, 47.775, 47.79, 501]
['2019-03-28 14:36:00', 47.74, 47.785, 47.74, 47.785, 3225]
['2019-03-28 14:34:00', 47.78, 47.77, 47.77, 47.78, 531]
['2019-03-28 14:33:00', 47.795, 47.79, 47.79, 47.795, 1261]
['2019-03-28 14:32:00', 47.8, 47.795, 47.79, 47.8, 992]
['2019-03-28 14:30:00', 47.79, 47.79, 47.79, 47.79, 289]
['2019-03-28 14:29:00', 47.79, 47.79, 47.79, 47.8, 2143]
['2019-03-28 14:28:00', 47.77, 47.78, 47.77, 47.78, 1814]
['2019-03-28 14:25:00', 47.74, 47.77, 47.74, 47.77, 1165]
['2019-03-28 14:24:00', 47.75, 47.75, 47.75, 47.75, 125]
['2019-03-28 14:23:00', 47.75, 47.75, 47.75, 47.75, 367]
['2019-03-28 14:22:00', 47.755, 47.75, 47.75, 47.755, 333]
['2019-03-28 14:21:00', 47.75, 47.75, 47.75, 47.76, 2516]
['2019-03-28 14:20:00', 47.75, 47.75, 47.75, 47.75, 220]
['2019-03-28 14:19:00', 47.75, 47.75, 47.75, 47.75, 774]
['2019-03-28 14:17:00', 47.75, 47.75, 47.75, 47.75, 401]
['2019-03-28 14:16:00', 47.75, 47.75, 47.75, 47.75, 101]
['2019-03-28 14:15:00', 47.74, 47.74, 47.74, 47.74, 468]
['2019-03-28 14:14:00', 47.74, 47.73, 47.73, 47.74, 512]
['2019-03-28 14:13:00', 47.7395, 47.74, 47.7395, 47.74, 520]
['2019-03-28 14:12:00', 47.72, 47.73, 47.72, 47.735, 807]
['2019-03-28 14:11:00', 47.72, 47.73, 47.72, 47.74, 1466]
['2019-03-28 14:09:00', 47.72, 47.72, 47.72, 47.72, 214]
['2019-03-28 14:07:00', 47.725, 47.72, 47.72, 47.73, 1451]
['2019-03-28 14:06:00', 47.72, 47.73, 47.72, 47.73, 505]
['2019-03-28 14:05:00', 47.71, 47.71, 47.71, 47.71, 200]
['2019-03-28 14:04:00', 47.7, 47.72, 47.7, 47.72, 1454]
['2019-03-28 14:03:00', 47.69, 47.69, 47.69, 47.69, 314]
['2019-03-28 14:02:00', 47.695, 47.695, 47.69, 47.7, 504]
['2019-03-28 14:01:00', 47.69, 47.6938, 47.69, 47.6938, 1453]
['2019-03-28 14:00:00', 47.705, 47.7, 47.7, 47.705, 1103]
['2019-03-28 13:59:00', 47.71, 47.71, 47.71, 47.71, 200]
['2019-03-28 13:57:00', 47.7, 47.7, 47.7, 47.7, 768]
['2019-03-28 13:56:00', 47.6929, 47.6929, 47.6929, 47.6929, 203]
['2019-03-28 13:55:00', 47.73, 47.69, 47.69, 47.73, 4604]
['2019-03-28 13:54:00', 47.73, 47.735, 47.73, 47.735, 1968]
['2019-03-28 13:53:00', 47.73, 47.72, 47.72, 47.73, 435]
['2019-03-28 13:52:00', 47.72, 47.725, 47.72, 47.725, 820]
['2019-03-28 13:51:00', 47.71, 47.71, 47.71, 47.72, 1295]
['2019-03-28 13:50:00', 47.72, 47.7, 47.7, 47.72, 744]
['2019-03-28 13:48:00', 47.695, 47.7, 47.695, 47.7, 1034]
['2019-03-28 13:46:00', 47.69, 47.69, 47.69, 47.69, 345]
['2019-03-28 13:45:00', 47.71, 47.69, 47.69, 47.71, 605]
['2019-03-28 13:44:00', 47.715, 47.71, 47.71, 47.715, 400]
['2019-03-28 13:43:00', 47.71, 47.71, 47.71, 47.715, 826]
['2019-03-28 13:42:00', 47.7, 47.705, 47.7, 47.705, 566]
['2019-03-28 13:41:00', 47.69, 47.69, 47.69, 47.69, 240]
['2019-03-28 13:40:00', 47.695, 47.69, 47.69, 47.695, 589]
['2019-03-28 13:39:00', 47.69, 47.69, 47.69, 47.69, 203]
['2019-03-28 13:38:00', 47.7, 47.7, 47.7, 47.7, 310]
['2019-03-28 13:37:00', 47.7, 47.705, 47.7, 47.705, 437]
['2019-03-28 13:36:00', 47.705, 47.7, 47.7, 47.705, 900]
['2019-03-28 13:35:00', 47.71, 47.72, 47.71, 47.72, 534]
['2019-03-28 13:34:00', 47.71, 47.72, 47.71, 47.72, 200]
['2019-03-28 13:32:00', 47.72, 47.72, 47.72, 47.73, 1010]
['2019-03-28 13:31:00', 47.71, 47.71, 47.71, 47.72, 1200]
['2019-03-28 13:30:00', 47.69, 47.72, 47.69, 47.72, 1933]
['2019-03-28 13:29:00', 47.69, 47.69, 47.69, 47.69, 200]
['2019-03-28 13:28:00', 47.69, 47.7, 47.68, 47.7, 2126]
['2019-03-28 13:27:00', 47.7, 47.695, 47.69, 47.7, 815]
['2019-03-28 13:25:00', 47.69, 47.7, 47.69, 47.7, 1729]
['2019-03-28 13:24:00', 47.65, 47.68, 47.65, 47.68, 1887]
['2019-03-28 13:23:00', 47.65, 47.64, 47.64, 47.65, 1990]
['2019-03-28 13:22:00', 47.65, 47.65, 47.65, 47.65, 700]
['2019-03-28 13:21:00', 47.645, 47.65, 47.645, 47.66, 939]
['2019-03-28 13:20:00', 47.63, 47.63, 47.62, 47.63, 887]
['2019-03-28 13:18:00', 47.625, 47.63, 47.625, 47.63, 300]
['2019-03-28 13:17:00', 47.625, 47.63, 47.625, 47.63, 308]
['2019-03-28 13:16:00', 47.63, 47.625, 47.625, 47.63, 971]
['2019-03-28 13:15:00', 47.64, 47.64, 47.64, 47.64, 201]
['2019-03-28 13:14:00', 47.62, 47.62, 47.62, 47.62, 113]
['2019-03-28 13:13:00', 47.6257, 47.64, 47.6257, 47.64, 600]
['2019-03-28 13:12:00', 47.62, 47.63, 47.61, 47.63, 486]
['2019-03-28 13:11:00', 47.58, 47.6, 47.58, 47.62, 1208]
['2019-03-28 13:10:00', 47.57, 47.57, 47.57, 47.57, 492]
['2019-03-28 13:09:00', 47.57, 47.57, 47.57, 47.57, 1201]
['2019-03-28 13:08:00', 47.57, 47.56, 47.56, 47.57, 284]
['2019-03-28 13:07:00', 47.57, 47.57, 47.57, 47.57, 898]
['2019-03-28 13:06:00', 47.57, 47.56, 47.56, 47.57, 222]
['2019-03-28 13:05:00', 47.57, 47.58, 47.565, 47.58, 1532]
['2019-03-28 13:04:00', 47.57, 47.57, 47.565, 47.57, 300]
['2019-03-28 13:03:00', 47.57, 47.575, 47.57, 47.575, 472]
['2019-03-28 13:02:00', 47.56, 47.57, 47.56, 47.58, 2806]
['2019-03-28 13:01:00', 47.56, 47.56, 47.56, 47.56, 330]
['2019-03-28 13:00:00', 47.56, 47.565, 47.56, 47.565, 621]
['2019-03-28 12:56:00', 47.55, 47.56, 47.55, 47.56, 1053]
['2019-03-28 12:55:00', 47.55, 47.55, 47.55, 47.55, 220]
['2019-03-28 12:54:00', 47.55, 47.555, 47.55, 47.555, 911]
['2019-03-28 12:53:00', 47.59, 47.56, 47.56, 47.59, 1618]
['2019-03-28 12:52:00', 47.57, 47.58, 47.57, 47.58, 1338]
['2019-03-28 12:51:00', 47.56, 47.57, 47.56, 47.57, 446]
['2019-03-28 12:50:00', 47.56, 47.56, 47.56, 47.56, 117]
['2019-03-28 12:49:00', 47.6, 47.57, 47.57, 47.6, 802]
['2019-03-28 12:48:00', 47.62, 47.615, 47.615, 47.62, 404]
['2019-03-28 12:47:00', 47.63, 47.63, 47.63, 47.63, 100]
['2019-03-28 12:46:00', 47.63, 47.64, 47.63, 47.64, 635]
['2019-03-28 12:45:00', 47.66, 47.635, 47.635, 47.66, 2040]
['2019-03-28 12:44:00', 47.67, 47.6714, 47.67, 47.6714, 332]
['2019-03-28 12:43:00', 47.67, 47.67, 47.67, 47.67, 100]
['2019-03-28 12:42:00', 47.67, 47.67, 47.67, 47.67, 990]
['2019-03-28 12:41:00', 47.67, 47.6698, 47.665, 47.67, 667]
['2019-03-28 12:39:00', 47.655, 47.655, 47.655, 47.655, 128]
['2019-03-28 12:38:00', 47.66, 47.66, 47.66, 47.66, 271]
['2019-03-28 12:37:00', 47.635, 47.66, 47.635, 47.66, 2523]
['2019-03-28 12:36:00', 47.635, 47.63, 47.63, 47.635, 1012]
['2019-03-28 12:35:00', 47.63, 47.63, 47.63, 47.63, 431]
['2019-03-28 12:34:00', 47.63, 47.63, 47.63, 47.63, 204]
['2019-03-28 12:33:00', 47.64, 47.63, 47.63, 47.64, 800]
['2019-03-28 12:32:00', 47.64, 47.64, 47.64, 47.64, 317]
['2019-03-28 12:30:00', 47.625, 47.625, 47.625, 47.63, 1087]
['2019-03-28 12:29:00', 47.61, 47.62, 47.61, 47.62, 616]
['2019-03-28 12:28:00', 47.61, 47.615, 47.61, 47.615, 201]
['2019-03-28 12:27:00', 47.61, 47.61, 47.61, 47.61, 517]
['2019-03-28 12:26:00', 47.61, 47.61, 47.61, 47.61, 103]
['2019-03-28 12:24:00', 47.63, 47.62, 47.615, 47.63, 2906]
['2019-03-28 12:23:00', 47.6125, 47.63, 47.6125, 47.63, 1862]
['2019-03-28 12:22:00', 47.58, 47.595, 47.58, 47.61, 4128]
['2019-03-28 12:21:00', 47.575, 47.57, 47.57, 47.575, 640]
['2019-03-28 12:20:00', 47.58, 47.57, 47.57, 47.58, 2017]
['2019-03-28 12:19:00', 47.6, 47.57, 47.56, 47.6, 5700]
['2019-03-28 12:18:00', 47.6, 47.605, 47.6, 47.605, 1506]
['2019-03-28 12:17:00', 47.59, 47.6, 47.59, 47.6, 2330]
['2019-03-28 12:16:00', 47.59, 47.59, 47.585, 47.59, 800]
['2019-03-28 12:15:00', 47.6, 47.59, 47.58, 47.605, 9361]
['2019-03-28 12:14:00', 47.59, 47.6, 47.59, 47.6, 4122]
['2019-03-28 12:13:00', 47.6, 47.6, 47.59, 47.6, 3704]
['2019-03-28 12:12:00', 47.59, 47.6, 47.59, 47.6, 300]
['2019-03-28 12:11:00', 47.605, 47.6, 47.59, 47.605, 3163]
['2019-03-28 12:10:00', 47.6, 47.61, 47.59, 47.61, 2107]
['2019-03-28 12:09:00', 47.6, 47.6, 47.59, 47.6, 500]
['2019-03-28 12:08:00', 47.6, 47.6, 47.59, 47.6, 2373]
['2019-03-28 12:07:00', 47.59, 47.6, 47.59, 47.605, 2370]
['2019-03-28 12:01:00', 47.6, 47.61, 47.6, 47.61, 550]
['2019-03-28 12:00:00', 47.6, 47.62, 47.6, 47.62, 517]
['2019-03-28 11:59:00', 47.58, 47.58, 47.58, 47.58, 300]
['2019-03-28 11:58:00', 47.58, 47.58, 47.58, 47.58, 100]
['2019-03-28 11:57:00', 47.58, 47.57, 47.57, 47.58, 1734]
['2019-03-28 11:56:00', 47.58, 47.58, 47.58, 47.58, 103]
['2019-03-28 11:55:00', 47.57, 47.57, 47.57, 47.57, 147]
['2019-03-28 11:54:00', 47.58, 47.5999, 47.58, 47.5999, 512]
['2019-03-28 11:53:00', 47.58, 47.58, 47.58, 47.59, 2400]
['2019-03-28 11:52:00', 47.55, 47.56, 47.545, 47.56, 798]
['2019-03-28 11:51:00', 47.55, 47.55, 47.55, 47.55, 134]
['2019-03-28 11:50:00', 47.55, 47.58, 47.55, 47.58, 531]
['2019-03-28 11:49:00', 47.54, 47.55, 47.54, 47.55, 856]
['2019-03-28 11:48:00', 47.53, 47.54, 47.53, 47.54, 431]
['2019-03-28 11:47:00', 47.54, 47.53, 47.53, 47.54, 401]
['2019-03-28 11:46:00', 47.54, 47.55, 47.54, 47.55, 301]
['2019-03-28 11:44:00', 47.55, 47.55, 47.55, 47.55, 529]
['2019-03-28 11:43:00', 47.54, 47.54, 47.54, 47.54, 311]
['2019-03-28 11:39:00', 47.55, 47.55, 47.55, 47.55, 115]
['2019-03-28 11:38:00', 47.53, 47.54, 47.53, 47.54, 210]
['2019-03-28 11:37:00', 47.54, 47.55, 47.54, 47.55, 923]
['2019-03-28 11:35:00', 47.54, 47.53, 47.52, 47.54, 402]
['2019-03-28 11:34:00', 47.53, 47.53, 47.53, 47.53, 100]
['2019-03-28 11:33:00', 47.56, 47.56, 47.56, 47.56, 753]
['2019-03-28 11:32:00', 47.59, 47.59, 47.59, 47.59, 300]
['2019-03-28 11:30:00', 47.57, 47.58, 47.56, 47.58, 1203]
['2019-03-28 11:29:00', 47.5975, 47.57, 47.57, 47.6, 2987]
['2019-03-28 11:27:00', 47.6, 47.6, 47.6, 47.6, 705]
['2019-03-28 11:26:00', 47.6, 47.6, 47.6, 47.6, 100]
['2019-03-28 11:25:00', 47.61, 47.61, 47.61, 47.615, 1160]
['2019-03-28 11:24:00', 47.6, 47.61, 47.6, 47.615, 930]
['2019-03-28 11:23:00', 47.605, 47.6, 47.595, 47.605, 3331]
['2019-03-28 11:22:00', 47.605, 47.605, 47.605, 47.605, 200]
['2019-03-28 11:20:00', 47.6, 47.62, 47.6, 47.62, 737]
['2019-03-28 11:19:00', 47.63, 47.61, 47.61, 47.63, 489]
['2019-03-28 11:18:00', 47.6, 47.63, 47.6, 47.63, 962]
['2019-03-28 11:17:00', 47.6, 47.6032, 47.6, 47.6032, 500]
['2019-03-28 11:16:00', 47.6158, 47.6, 47.6, 47.6158, 445]
['2019-03-28 11:15:00', 47.6, 47.6, 47.6, 47.6, 494]
['2019-03-28 11:14:00', 47.61, 47.6, 47.6, 47.61, 2003]
['2019-03-28 11:13:00', 47.62, 47.61, 47.6, 47.62, 301]
['2019-03-28 11:10:00', 47.6, 47.58, 47.58, 47.6, 411]
['2019-03-28 11:09:00', 47.62, 47.6, 47.6, 47.62, 506]
['2019-03-28 11:07:00', 47.6, 47.65, 47.6, 47.65, 2065]
['2019-03-28 11:06:00', 47.61, 47.61, 47.61, 47.61, 481]
['2019-03-28 11:05:00', 47.64, 47.62, 47.62, 47.64, 2094]
['2019-03-28 11:04:00', 47.61, 47.62, 47.605, 47.62, 600]
['2019-03-28 11:03:00', 47.59, 47.6, 47.59, 47.6, 1357]
['2019-03-28 11:02:00', 47.6, 47.6, 47.59, 47.61, 3929]
['2019-03-28 11:01:00', 47.59, 47.58, 47.58, 47.61, 2973]
['2019-03-28 11:00:00', 47.595, 47.585, 47.585, 47.595, 706]
['2019-03-28 10:59:00', 47.61, 47.595, 47.59, 47.62, 7651]
['2019-03-28 10:58:00', 47.6, 47.62, 47.59, 47.62, 3105]
['2019-03-28 10:56:00', 47.595, 47.605, 47.58, 47.615, 1368]
['2019-03-28 10:55:00', 47.595, 47.595, 47.595, 47.595, 698]
['2019-03-28 10:54:00', 47.6, 47.595, 47.595, 47.6, 1707]
['2019-03-28 10:53:00', 47.6, 47.59, 47.58, 47.6, 1643]
['2019-03-28 10:52:00', 47.58, 47.58, 47.58, 47.58, 100]
['2019-03-28 10:51:00', 47.55, 47.57, 47.55, 47.57, 1244]
['2019-03-28 10:50:00', 47.57, 47.56, 47.56, 47.57, 300]
['2019-03-28 10:49:00', 47.52, 47.55, 47.52, 47.5677, 4121]
['2019-03-28 10:48:00', 47.58, 47.52, 47.52, 47.58, 2021]
['2019-03-28 10:47:00', 47.62, 47.59, 47.59, 47.62, 695]
['2019-03-28 10:46:00', 47.725, 47.63, 47.63, 47.725, 5352]
['2019-03-28 10:45:00', 47.72, 47.72, 47.71, 47.73, 8429]
['2019-03-28 10:44:00', 47.725, 47.71, 47.71, 47.74, 7720]
['2019-03-28 10:43:00', 47.75, 47.72, 47.72, 47.75, 1927]
['2019-03-28 10:42:00', 47.73, 47.74, 47.73, 47.74, 679]
['2019-03-28 10:41:00', 47.72, 47.72, 47.72, 47.72, 272]
['2019-03-28 10:40:00', 47.72, 47.72, 47.71, 47.74, 2475]
['2019-03-28 10:39:00', 47.74, 47.72, 47.7, 47.75, 4434]
['2019-03-28 10:38:00', 47.735, 47.735, 47.735, 47.735, 216]
['2019-03-28 10:37:00', 47.72, 47.735, 47.72, 47.74, 3277]
['2019-03-28 10:36:00', 47.72, 47.725, 47.715, 47.725, 612]
['2019-03-28 10:35:00', 47.71, 47.725, 47.71, 47.725, 206]
['2019-03-28 10:34:00', 47.71, 47.735, 47.71, 47.735, 641]
['2019-03-28 10:33:00', 47.72, 47.715, 47.715, 47.73, 1165]
['2019-03-28 10:32:00', 47.7, 47.72, 47.7, 47.72, 1054]
['2019-03-28 10:31:00', 47.71, 47.71, 47.71, 47.72, 622]
['2019-03-28 10:30:00', 47.73, 47.72, 47.72, 47.73, 705]
['2019-03-28 10:29:00', 47.745, 47.7386, 47.7386, 47.745, 346]
['2019-03-28 10:28:00', 47.75, 47.76, 47.72, 47.77, 800]
['2019-03-28 10:27:00', 47.75, 47.75, 47.75, 47.75, 329]
['2019-03-28 10:26:00', 47.73, 47.7387, 47.72, 47.74, 1825]
['2019-03-28 10:25:00', 47.7316, 47.7316, 47.7316, 47.7316, 102]
['2019-03-28 10:21:00', 47.72, 47.72, 47.72, 47.72, 411]
['2019-03-28 10:20:00', 47.72, 47.72, 47.72, 47.72, 468]
['2019-03-28 10:19:00', 47.72, 47.72, 47.7, 47.73, 5071]
['2019-03-28 10:18:00', 47.7, 47.72, 47.7, 47.72, 2800]
['2019-03-28 10:16:00', 47.76, 47.74, 47.74, 47.76, 311]
['2019-03-28 10:15:00', 47.755, 47.765, 47.74, 47.765, 6301]
['2019-03-28 10:14:00', 47.77, 47.74, 47.74, 47.77, 1660]
['2019-03-28 10:13:00', 47.79, 47.79, 47.79, 47.79, 100]
['2019-03-28 10:12:00', 47.7, 47.79, 47.695, 47.79, 6373]
['2019-03-28 10:11:00', 47.7, 47.7, 47.7, 47.7, 200]
['2019-03-28 10:10:00', 47.7, 47.675, 47.66, 47.7, 3153]
['2019-03-28 10:09:00', 47.65, 47.68, 47.65, 47.71, 1107]
['2019-03-28 10:08:00', 47.62, 47.64, 47.62, 47.64, 791]
['2019-03-28 10:07:00', 47.62, 47.62, 47.61, 47.62, 1407]
['2019-03-28 10:05:00', 47.67, 47.67, 47.67, 47.67, 395]
['2019-03-28 10:01:00', 47.7, 47.7, 47.7, 47.7, 197]
['2019-03-28 09:59:00', 47.64, 47.66, 47.64, 47.66, 801]
['2019-03-28 09:58:00', 47.63, 47.63, 47.63, 47.63, 101]
['2019-03-28 09:56:00', 47.6067, 47.6067, 47.6067, 47.6067, 100]
['2019-03-28 09:54:00', 47.65, 47.63, 47.63, 47.65, 566]
['2019-03-28 09:53:00', 47.6401, 47.67, 47.6401, 47.67, 450]
['2019-03-28 09:52:00', 47.66, 47.69, 47.64, 47.69, 367]
['2019-03-28 09:51:00', 47.63, 47.63, 47.63, 47.63, 214]
['2019-03-28 09:48:00', 47.5702, 47.57, 47.57, 47.5702, 367]
['2019-03-28 09:45:00', 47.6, 47.6, 47.6, 47.6, 419]
['2019-03-28 09:43:00', 47.66, 47.66, 47.66, 47.66, 396]
['2019-03-28 09:42:00', 47.66, 47.66, 47.66, 47.66, 459]
['2019-03-28 09:41:00', 47.7, 47.73, 47.7, 47.73, 204]
['2019-03-28 09:38:00', 47.565, 47.565, 47.565, 47.565, 1405]
['2019-03-28 09:35:00', 47.6, 47.55, 47.55, 47.6, 1236]
['2019-03-28 09:34:00', 47.54, 47.52, 47.52, 47.54, 773]
['2019-03-28 09:33:00', 47.61, 47.61, 47.61, 47.61, 169]
['2019-03-28 09:31:00', 47.67, 47.6562, 47.64, 47.67, 8006]
['2019-03-27 16:00:00', 47.405, 47.44, 47.405, 47.46, 17749]
['2019-03-27 15:59:00', 47.42, 47.41, 47.405, 47.42, 14757]
['2019-03-27 15:58:00', 47.455, 47.41, 47.41, 47.46, 8987]
['2019-03-27 15:57:00', 47.44, 47.455, 47.42, 47.46, 11575]
['2019-03-27 15:56:00', 47.41, 47.44, 47.41, 47.44, 7902]
['2019-03-27 15:55:00', 47.43, 47.43, 47.42, 47.45, 6849]
['2019-03-27 15:54:00', 47.465, 47.43, 47.42, 47.465, 7173]
['2019-03-27 15:53:00', 47.43, 47.465, 47.425, 47.47, 6500]
['2019-03-27 15:52:00', 47.46, 47.44, 47.43, 47.46, 3839]
['2019-03-27 15:51:00', 47.47, 47.455, 47.45, 47.47, 1501]
['2019-03-27 15:50:00', 47.46, 47.475, 47.44, 47.475, 3384]
['2019-03-27 15:49:00', 47.47, 47.47, 47.46, 47.48, 2707]
['2019-03-27 15:48:00', 47.505, 47.475, 47.475, 47.51, 4847]
['2019-03-27 15:47:00', 47.505, 47.505, 47.5, 47.51, 2336]
['2019-03-27 15:46:00', 47.46, 47.5, 47.46, 47.51, 6250]
['2019-03-27 15:45:00', 47.47, 47.465, 47.465, 47.48, 4411]
['2019-03-27 15:44:00', 47.48, 47.48, 47.47, 47.49, 1661]
['2019-03-27 15:43:00', 47.495, 47.49, 47.48, 47.5, 7805]
['2019-03-27 15:42:00', 47.49, 47.49, 47.49, 47.5, 5100]
['2019-03-27 15:41:00', 47.485, 47.5, 47.48, 47.5, 3266]
['2019-03-27 15:40:00', 47.4815, 47.48, 47.46, 47.485, 1421]
['2019-03-27 15:39:00', 47.52, 47.5, 47.5, 47.52, 921]
['2019-03-27 15:38:00', 47.525, 47.52, 47.51, 47.53, 3180]
['2019-03-27 15:37:00', 47.54, 47.525, 47.525, 47.54, 1380]
['2019-03-27 15:36:00', 47.535, 47.55, 47.52, 47.55, 2304]
['2019-03-27 15:35:00', 47.53, 47.53, 47.53, 47.535, 1127]
['2019-03-27 15:34:00', 47.5, 47.525, 47.5, 47.525, 1600]
['2019-03-27 15:33:00', 47.5, 47.52, 47.5, 47.52, 1573]
['2019-03-27 15:32:00', 47.505, 47.5, 47.49, 47.505, 858]
['2019-03-27 15:31:00', 47.475, 47.5, 47.475, 47.5, 4181]
['2019-03-27 15:30:00', 47.45, 47.45, 47.45, 47.45, 1997]
['2019-03-27 15:29:00', 47.47, 47.46, 47.45, 47.475, 2085]
['2019-03-27 15:28:00', 47.48, 47.47, 47.47, 47.48, 603]
['2019-03-27 15:26:00', 47.49, 47.48, 47.48, 47.49, 710]
['2019-03-27 15:25:00', 47.5, 47.5, 47.5, 47.505, 1536]
['2019-03-27 15:24:00', 47.5, 47.495, 47.49, 47.5, 2474]
['2019-03-27 15:23:00', 47.475, 47.49, 47.47, 47.49, 1729]
['2019-03-27 15:22:00', 47.46, 47.475, 47.46, 47.475, 1040]
['2019-03-27 15:21:00', 47.49, 47.46, 47.46, 47.49, 1214]
['2019-03-27 15:20:00', 47.46, 47.485, 47.45, 47.485, 2655]
['2019-03-27 15:17:00', 47.45, 47.45, 47.45, 47.45, 651]
['2019-03-27 15:16:00', 47.43, 47.435, 47.43, 47.435, 1513]
['2019-03-27 15:15:00', 47.44, 47.44, 47.43, 47.45, 2567]
['2019-03-27 15:14:00', 47.475, 47.43, 47.43, 47.475, 1581]
['2019-03-27 15:13:00', 47.49, 47.48, 47.48, 47.49, 830]
['2019-03-27 15:12:00', 47.475, 47.485, 47.47, 47.485, 2194]
['2019-03-27 15:11:00', 47.46, 47.48, 47.46, 47.48, 886]
['2019-03-27 15:10:00', 47.45, 47.46, 47.45, 47.46, 1201]
['2019-03-27 15:09:00', 47.47, 47.44, 47.43, 47.47, 1675]
['2019-03-27 15:08:00', 47.475, 47.4725, 47.4725, 47.48, 465]
['2019-03-27 15:07:00', 47.49, 47.47, 47.47, 47.49, 3092]
['2019-03-27 15:06:00', 47.48, 47.485, 47.48, 47.49, 1639]
['2019-03-27 15:05:00', 47.48, 47.48, 47.48, 47.48, 500]
['2019-03-27 15:04:00', 47.5, 47.47, 47.46, 47.505, 2924]
['2019-03-27 15:03:00', 47.48, 47.49, 47.48, 47.5, 1936]
['2019-03-27 15:02:00', 47.48, 47.49, 47.46, 47.49, 2465]
['2019-03-27 15:01:00', 47.54, 47.48, 47.48, 47.56, 1941]
['2019-03-27 15:00:00', 47.545, 47.545, 47.545, 47.545, 194]
['2019-03-27 14:59:00', 47.575, 47.55, 47.55, 47.575, 421]
['2019-03-27 14:58:00', 47.59, 47.58, 47.58, 47.59, 430]
['2019-03-27 14:57:00', 47.575, 47.575, 47.575, 47.575, 100]
['2019-03-27 14:56:00', 47.56, 47.575, 47.56, 47.59, 2352]
['2019-03-27 14:55:00', 47.56, 47.56, 47.55, 47.56, 756]
['2019-03-27 14:54:00', 47.59, 47.57, 47.56, 47.6, 1199]
['2019-03-27 14:53:00', 47.6, 47.6, 47.6, 47.6, 383]
['2019-03-27 14:52:00', 47.595, 47.6, 47.595, 47.61, 1127]
['2019-03-27 14:51:00', 47.6, 47.61, 47.6, 47.62, 1812]
['2019-03-27 14:50:00', 47.59, 47.58, 47.58, 47.6, 415]
['2019-03-27 14:49:00', 47.57, 47.59, 47.57, 47.595, 1877]
['2019-03-27 14:48:00', 47.58, 47.57, 47.57, 47.58, 5296]
['2019-03-27 14:47:00', 47.61, 47.58, 47.58, 47.61, 1857]
['2019-03-27 14:46:00', 47.58, 47.62, 47.58, 47.62, 2312]
['2019-03-27 14:45:00', 47.56, 47.58, 47.56, 47.58, 993]
['2019-03-27 14:44:00', 47.52, 47.56, 47.5, 47.56, 2491]
['2019-03-27 14:43:00', 47.52, 47.53, 47.52, 47.53, 1018]
['2019-03-27 14:42:00', 47.53, 47.525, 47.52, 47.53, 829]
['2019-03-27 14:41:00', 47.53, 47.53, 47.53, 47.53, 305]
['2019-03-27 14:40:00', 47.51, 47.51, 47.51, 47.51, 900]
['2019-03-27 14:39:00', 47.5, 47.51, 47.5, 47.51, 2051]
['2019-03-27 14:38:00', 47.55, 47.51, 47.5, 47.55, 775]
['2019-03-27 14:37:00', 47.53, 47.55, 47.53, 47.55, 1942]
['2019-03-27 14:36:00', 47.525, 47.535, 47.52, 47.54, 5171]
['2019-03-27 14:35:00', 47.55, 47.56, 47.55, 47.58, 2007]
['2019-03-27 14:34:00', 47.54, 47.55, 47.53, 47.55, 504]
['2019-03-27 14:33:00', 47.57, 47.56, 47.56, 47.57, 400]
['2019-03-27 14:32:00', 47.56, 47.56, 47.56, 47.56, 714]
['2019-03-27 14:31:00', 47.53, 47.56, 47.53, 47.56, 2164]
['2019-03-27 14:30:00', 47.52, 47.52, 47.52, 47.52, 108]
['2019-03-27 14:29:00', 47.525, 47.51, 47.51, 47.53, 554]
['2019-03-27 14:28:00', 47.54, 47.53, 47.53, 47.545, 707]
['2019-03-27 14:27:00', 47.5254, 47.55, 47.5254, 47.55, 2292]
['2019-03-27 14:26:00', 47.53, 47.525, 47.525, 47.53, 369]
['2019-03-27 14:25:00', 47.53, 47.54, 47.53, 47.54, 656]
['2019-03-27 14:24:00', 47.51, 47.54, 47.51, 47.54, 536]
['2019-03-27 14:23:00', 47.52, 47.52, 47.52, 47.53, 962]
['2019-03-27 14:22:00', 47.52, 47.52, 47.52, 47.52, 211]
['2019-03-27 14:21:00', 47.51, 47.51, 47.51, 47.51, 138]
['2019-03-27 14:19:00', 47.53, 47.52, 47.52, 47.53, 769]
['2019-03-27 14:18:00', 47.53, 47.53, 47.525, 47.53, 400]
['2019-03-27 14:17:00', 47.53, 47.53, 47.52, 47.54, 3860]
['2019-03-27 14:16:00', 47.52, 47.52, 47.52, 47.52, 600]
['2019-03-27 14:15:00', 47.52, 47.51, 47.51, 47.52, 1404]
['2019-03-27 14:14:00', 47.49, 47.5, 47.49, 47.5, 912]
['2019-03-27 14:13:00', 47.46, 47.48, 47.46, 47.48, 971]
['2019-03-27 14:11:00', 47.47, 47.46, 47.46, 47.47, 1018]
['2019-03-27 14:10:00', 47.46, 47.465, 47.46, 47.465, 650]
['2019-03-27 14:09:00', 47.45, 47.46, 47.45, 47.46, 372]
['2019-03-27 14:08:00', 47.45, 47.45, 47.45, 47.46, 815]
['2019-03-27 14:07:00', 47.439, 47.435, 47.435, 47.439, 1241]
['2019-03-27 14:06:00', 47.46, 47.44, 47.44, 47.46, 718]
['2019-03-27 14:05:00', 47.44, 47.46, 47.44, 47.46, 584]
['2019-03-27 14:04:00', 47.44, 47.45, 47.44, 47.45, 700]
['2019-03-27 14:02:00', 47.44, 47.43, 47.43, 47.44, 419]
['2019-03-27 14:01:00', 47.46, 47.45, 47.45, 47.46, 743]
['2019-03-27 14:00:00', 47.475, 47.47, 47.47, 47.475, 360]
['2019-03-27 13:59:00', 47.48, 47.48, 47.48, 47.48, 135]
['2019-03-27 13:58:00', 47.48, 47.47, 47.47, 47.48, 300]
['2019-03-27 13:57:00', 47.5, 47.49, 47.48, 47.5, 1173]
['2019-03-27 13:56:00', 47.51, 47.495, 47.495, 47.51, 1114]
['2019-03-27 13:55:00', 47.495, 47.5, 47.495, 47.51, 600]
['2019-03-27 13:54:00', 47.5, 47.495, 47.49, 47.5, 771]
['2019-03-27 13:53:00', 47.49, 47.495, 47.49, 47.5, 1727]
['2019-03-27 13:52:00', 47.48, 47.47, 47.47, 47.48, 301]
['2019-03-27 13:51:00', 47.46, 47.47, 47.46, 47.48, 1753]
['2019-03-27 13:50:00', 47.46, 47.47, 47.46, 47.47, 1204]
['2019-03-27 13:49:00', 47.46, 47.45, 47.45, 47.47, 972]
['2019-03-27 13:47:00', 47.47, 47.47, 47.47, 47.48, 798]
['2019-03-27 13:46:00', 47.47, 47.47, 47.47, 47.47, 521]
['2019-03-27 13:45:00', 47.48, 47.465, 47.46, 47.48, 806]
['2019-03-27 13:43:00', 47.495, 47.48, 47.48, 47.5, 2021]
['2019-03-27 13:42:00', 47.51, 47.5, 47.5, 47.51, 810]
['2019-03-27 13:41:00', 47.495, 47.5, 47.495, 47.51, 1056]
['2019-03-27 13:40:00', 47.475, 47.49, 47.475, 47.49, 788]
['2019-03-27 13:39:00', 47.48, 47.47, 47.47, 47.48, 466]
['2019-03-27 13:38:00', 47.47, 47.48, 47.47, 47.48, 1027]
['2019-03-27 13:37:00', 47.46, 47.46, 47.46, 47.48, 404]
['2019-03-27 13:36:00', 47.46, 47.48, 47.46, 47.48, 319]
['2019-03-27 13:35:00', 47.47, 47.47, 47.47, 47.47, 163]
['2019-03-27 13:34:00', 47.48, 47.48, 47.48, 47.48, 410]
['2019-03-27 13:33:00', 47.49, 47.49, 47.49, 47.49, 107]
['2019-03-27 13:32:00', 47.5, 47.48, 47.48, 47.5, 1292]
['2019-03-27 13:31:00', 47.53, 47.5, 47.5, 47.53, 810]
['2019-03-27 13:30:00', 47.51, 47.53, 47.4897, 47.53, 4371]
['2019-03-27 13:29:00', 47.52, 47.52, 47.52, 47.52, 273]
['2019-03-27 13:27:00', 47.54, 47.54, 47.535, 47.54, 481]
['2019-03-27 13:26:00', 47.53, 47.53, 47.53, 47.53, 856]
['2019-03-27 13:25:00', 47.53, 47.53, 47.53, 47.53, 277]
['2019-03-27 13:24:00', 47.51, 47.54, 47.51, 47.54, 900]
['2019-03-27 13:23:00', 47.52, 47.52, 47.52, 47.52, 400]
['2019-03-27 13:22:00', 47.51, 47.53, 47.51, 47.53, 477]
['2019-03-27 13:20:00', 47.51, 47.51, 47.51, 47.51, 510]
['2019-03-27 13:19:00', 47.5, 47.5, 47.5, 47.5, 300]
['2019-03-27 13:18:00', 47.48, 47.49, 47.48, 47.49, 200]
['2019-03-27 13:17:00', 47.46, 47.48, 47.46, 47.48, 1420]
['2019-03-27 13:16:00', 47.46, 47.46, 47.46, 47.46, 200]
['2019-03-27 13:15:00', 47.44, 47.45, 47.44, 47.45, 1797]
['2019-03-27 13:14:00', 47.445, 47.45, 47.445, 47.45, 439]
['2019-03-27 13:12:00', 47.45, 47.44, 47.43, 47.45, 841]
['2019-03-27 13:11:00', 47.45, 47.44, 47.44, 47.45, 249]
['2019-03-27 13:10:00', 47.44, 47.44, 47.44, 47.44, 102]
['2019-03-27 13:07:00', 47.44, 47.45, 47.44, 47.45, 560]
['2019-03-27 13:06:00', 47.43, 47.43, 47.43, 47.43, 157]
['2019-03-27 13:05:00', 47.43, 47.44, 47.42, 47.44, 1265]
['2019-03-27 13:04:00', 47.44, 47.42, 47.42, 47.44, 514]
['2019-03-27 13:03:00', 47.45, 47.45, 47.45, 47.45, 223]
['2019-03-27 13:02:00', 47.46, 47.46, 47.46, 47.47, 415]
['2019-03-27 13:01:00', 47.475, 47.47, 47.47, 47.475, 300]
['2019-03-27 13:00:00', 47.48, 47.485, 47.48, 47.49, 300]
['2019-03-27 12:59:00', 47.48, 47.48, 47.48, 47.48, 225]
['2019-03-27 12:58:00', 47.49, 47.475, 47.475, 47.49, 1169]
['2019-03-27 12:57:00', 47.49, 47.5, 47.49, 47.5, 233]
['2019-03-27 12:55:00', 47.495, 47.5, 47.495, 47.5, 326]
['2019-03-27 12:54:00', 47.51, 47.5, 47.5, 47.51, 773]
['2019-03-27 12:53:00', 47.5, 47.51, 47.5, 47.52, 622]
['2019-03-27 12:52:00', 47.44, 47.46, 47.44, 47.46, 612]
['2019-03-27 12:51:00', 47.44, 47.45, 47.44, 47.45, 574]
['2019-03-27 12:50:00', 47.43, 47.43, 47.43, 47.43, 236]
['2019-03-27 12:48:00', 47.43, 47.43, 47.43, 47.43, 207]
['2019-03-27 12:47:00', 47.44, 47.415, 47.415, 47.44, 621]
['2019-03-27 12:46:00', 47.415, 47.44, 47.415, 47.44, 2076]
['2019-03-27 12:45:00', 47.4, 47.41, 47.4, 47.41, 313]
['2019-03-27 12:44:00', 47.37, 47.4, 47.36, 47.4, 6460]
['2019-03-27 12:43:00', 47.35, 47.365, 47.35, 47.38, 1729]
['2019-03-27 12:42:00', 47.36, 47.345, 47.34, 47.36, 1412]
['2019-03-27 12:41:00', 47.34, 47.34, 47.34, 47.34, 100]
['2019-03-27 12:40:00', 47.36, 47.37, 47.36, 47.37, 512]
['2019-03-27 12:38:00', 47.33, 47.33, 47.33, 47.33, 306]
['2019-03-27 12:37:00', 47.345, 47.34, 47.34, 47.345, 237]
['2019-03-27 12:36:00', 47.33, 47.34, 47.33, 47.34, 305]
['2019-03-27 12:35:00', 47.3443, 47.3443, 47.3443, 47.3443, 353]
['2019-03-27 12:34:00', 47.34, 47.33, 47.33, 47.34, 390]
['2019-03-27 12:33:00', 47.33, 47.32, 47.32, 47.33, 777]
['2019-03-27 12:31:00', 47.32, 47.34, 47.32, 47.34, 829]
['2019-03-27 12:30:00', 47.33, 47.33, 47.33, 47.35, 922]
['2019-03-27 12:28:00', 47.29, 47.31, 47.29, 47.32, 636]
['2019-03-27 12:27:00', 47.32, 47.3, 47.3, 47.32, 1686]
['2019-03-27 12:26:00', 47.34, 47.34, 47.34, 47.36, 400]
['2019-03-27 12:25:00', 47.36, 47.36, 47.36, 47.36, 600]
['2019-03-27 12:24:00', 47.35, 47.35, 47.35, 47.35, 589]
['2019-03-27 12:22:00', 47.38, 47.38, 47.38, 47.38, 333]
['2019-03-27 12:21:00', 47.3862, 47.36, 47.36, 47.3862, 659]
['2019-03-27 12:20:00', 47.375, 47.39, 47.375, 47.39, 663]
['2019-03-27 12:19:00', 47.38, 47.38, 47.38, 47.38, 152]
['2019-03-27 12:16:00', 47.3524, 47.3524, 47.3524, 47.3524, 426]
['2019-03-27 12:15:00', 47.36, 47.36, 47.36, 47.36, 202]
['2019-03-27 12:14:00', 47.38, 47.34, 47.34, 47.38, 1001]
['2019-03-27 12:13:00', 47.36, 47.33, 47.33, 47.36, 268]
['2019-03-27 12:11:00', 47.3211, 47.3211, 47.3211, 47.3211, 149]
['2019-03-27 12:10:00', 47.32, 47.32, 47.32, 47.32, 266]
['2019-03-27 12:08:00', 47.33, 47.33, 47.325, 47.33, 471]
['2019-03-27 12:07:00', 47.345, 47.33, 47.33, 47.345, 660]
['2019-03-27 12:06:00', 47.33, 47.33, 47.33, 47.33, 462]
['2019-03-27 12:05:00', 47.32, 47.35, 47.32, 47.35, 1054]
['2019-03-27 12:04:00', 47.28, 47.31, 47.28, 47.31, 2912]
['2019-03-27 12:00:00', 47.32, 47.32, 47.32, 47.32, 204]
['2019-03-27 11:58:00', 47.28, 47.288, 47.28, 47.288, 711]
['2019-03-27 11:57:00', 47.27, 47.27, 47.27, 47.27, 100]
['2019-03-27 11:56:00', 47.26, 47.28, 47.26, 47.28, 306]
['2019-03-27 11:54:00', 47.25, 47.27, 47.25, 47.27, 695]
['2019-03-27 11:53:00', 47.25, 47.255, 47.25, 47.255, 231]
['2019-03-27 11:52:00', 47.27, 47.26, 47.26, 47.27, 710]
['2019-03-27 11:51:00', 47.275, 47.31, 47.275, 47.31, 988]
['2019-03-27 11:50:00', 47.24, 47.275, 47.24, 47.275, 3746]
['2019-03-27 11:49:00', 47.26, 47.26, 47.26, 47.26, 358]
['2019-03-27 11:48:00', 47.275, 47.275, 47.275, 47.275, 204]
['2019-03-27 11:47:00', 47.27, 47.2606, 47.2606, 47.27, 1551]
['2019-03-27 11:46:00', 47.245, 47.27, 47.245, 47.27, 871]
['2019-03-27 11:45:00', 47.23, 47.23, 47.23, 47.23, 141]
['2019-03-27 11:44:00', 47.22, 47.22, 47.2, 47.22, 1110]
['2019-03-27 11:43:00', 47.24, 47.24, 47.24, 47.24, 280]
['2019-03-27 11:42:00', 47.23, 47.22, 47.22, 47.23, 310]
['2019-03-27 11:40:00', 47.23, 47.25, 47.22, 47.25, 1235]
['2019-03-27 11:38:00', 47.19, 47.19, 47.18, 47.19, 453]
['2019-03-27 11:37:00', 47.18, 47.17, 47.16, 47.19, 1610]
['2019-03-27 11:36:00', 47.17, 47.16, 47.13, 47.17, 1051]
['2019-03-27 11:35:00', 47.19, 47.19, 47.19, 47.19, 400]
['2019-03-27 11:34:00', 47.21, 47.2, 47.19, 47.24, 4623]
['2019-03-27 11:33:00', 47.225, 47.22, 47.22, 47.225, 612]
['2019-03-27 11:32:00', 47.22, 47.23, 47.22, 47.23, 313]
['2019-03-27 11:31:00', 47.23, 47.225, 47.21, 47.25, 1504]
['2019-03-27 11:30:00', 47.215, 47.225, 47.21, 47.24, 1852]
['2019-03-27 11:28:00', 47.21, 47.21, 47.21, 47.21, 200]
['2019-03-27 11:27:00', 47.22, 47.22, 47.22, 47.22, 162]
['2019-03-27 11:26:00', 47.2, 47.22, 47.2, 47.22, 880]
['2019-03-27 11:25:00', 47.2, 47.2, 47.18, 47.2, 500]
['2019-03-27 11:24:00', 47.18, 47.19, 47.18, 47.19, 646]
['2019-03-27 11:23:00', 47.17, 47.17, 47.17, 47.17, 208]
['2019-03-27 11:22:00', 47.2, 47.18, 47.18, 47.2, 208]
['2019-03-27 11:21:00', 47.19, 47.18, 47.175, 47.2, 500]
['2019-03-27 11:20:00', 47.18, 47.2, 47.18, 47.2, 466]
['2019-03-27 11:19:00', 47.18, 47.16, 47.16, 47.18, 349]
['2019-03-27 11:18:00', 47.19, 47.2, 47.19, 47.2, 920]
['2019-03-27 11:17:00', 47.2, 47.17, 47.17, 47.2, 337]
['2019-03-27 11:16:00', 47.23, 47.225, 47.21, 47.23, 455]
['2019-03-27 11:15:00', 47.22, 47.23, 47.21, 47.25, 2146]
['2019-03-27 11:14:00', 47.25, 47.235, 47.21, 47.25, 1168]
['2019-03-27 11:13:00', 47.25, 47.26, 47.25, 47.26, 272]
['2019-03-27 11:12:00', 47.29, 47.29, 47.29, 47.29, 150]
['2019-03-27 11:11:00', 47.33, 47.33, 47.33, 47.33, 144]
['2019-03-27 11:10:00', 47.32, 47.32, 47.32, 47.32, 799]
['2019-03-27 11:09:00', 47.35, 47.34, 47.34, 47.35, 212]
['2019-03-27 11:08:00', 47.36, 47.36, 47.36, 47.36, 103]
['2019-03-27 11:07:00', 47.36, 47.37, 47.35, 47.37, 1576]
['2019-03-27 11:05:00', 47.34, 47.343, 47.34, 47.36, 634]
['2019-03-27 11:04:00', 47.385, 47.375, 47.36, 47.385, 852]
['2019-03-27 11:03:00', 47.36, 47.4, 47.36, 47.41, 2740]
['2019-03-27 11:02:00', 47.36, 47.3795, 47.36, 47.38, 1260]
['2019-03-27 11:01:00', 47.35, 47.36, 47.35, 47.36, 400]
['2019-03-27 11:00:00', 47.35, 47.33, 47.33, 47.35, 703]
['2019-03-27 10:59:00', 47.39, 47.375, 47.37, 47.395, 2856]
['2019-03-27 10:58:00', 47.39, 47.39, 47.39, 47.39, 1402]
['2019-03-27 10:57:00', 47.39, 47.39, 47.37, 47.41, 9725]
['2019-03-27 10:56:00', 47.38, 47.3899, 47.371, 47.3899, 1599]
['2019-03-27 10:55:00', 47.4, 47.38, 47.37, 47.4, 9577]
['2019-03-27 10:54:00', 47.4, 47.4, 47.38, 47.4, 1273]
['2019-03-27 10:52:00', 47.43, 47.42, 47.42, 47.45, 585]
['2019-03-27 10:51:00', 47.47, 47.44, 47.44, 47.47, 1617]
['2019-03-27 10:50:00', 47.495, 47.51, 47.495, 47.51, 378]
['2019-03-27 10:49:00', 47.5, 47.51, 47.5, 47.51, 643]
['2019-03-27 10:48:00', 47.49, 47.49, 47.49, 47.49, 195]
['2019-03-27 10:47:00', 47.53, 47.52, 47.5, 47.53, 1172]
['2019-03-27 10:46:00', 47.54, 47.53, 47.53, 47.54, 563]
['2019-03-27 10:45:00', 47.55, 47.56, 47.545, 47.56, 1270]
['2019-03-27 10:44:00', 47.55, 47.55, 47.55, 47.58, 642]
['2019-03-27 10:42:00', 47.59, 47.59, 47.59, 47.59, 101]
['2019-03-27 10:39:00', 47.57, 47.57, 47.57, 47.57, 593]
['2019-03-27 10:38:00', 47.57, 47.57, 47.57, 47.57, 824]
['2019-03-27 10:36:00', 47.55, 47.58, 47.55, 47.58, 907]
['2019-03-27 10:35:00', 47.54, 47.555, 47.535, 47.56, 1914]
['2019-03-27 10:34:00', 47.53, 47.53, 47.53, 47.53, 200]
['2019-03-27 10:33:00', 47.535, 47.53, 47.53, 47.535, 823]
['2019-03-27 10:32:00', 47.5281, 47.54, 47.5281, 47.54, 1216]
['2019-03-27 10:30:00', 47.53, 47.51, 47.51, 47.53, 429]
['2019-03-27 10:29:00', 47.535, 47.545, 47.535, 47.545, 1473]
['2019-03-27 10:28:00', 47.51, 47.53, 47.51, 47.53, 1309]
['2019-03-27 10:27:00', 47.52, 47.5, 47.5, 47.52, 1546]
['2019-03-27 10:26:00', 47.5, 47.5, 47.5, 47.5, 353]
['2019-03-27 10:25:00', 47.49, 47.51, 47.49, 47.52, 1751]
['2019-03-27 10:24:00', 47.51, 47.51, 47.5, 47.51, 826]
['2019-03-27 10:22:00', 47.51, 47.51, 47.51, 47.51, 202]
['2019-03-27 10:21:00', 47.5, 47.5, 47.5, 47.5, 102]
['2019-03-27 10:18:00', 47.5203, 47.52, 47.51, 47.5203, 505]
['2019-03-27 10:17:00', 47.51, 47.505, 47.49, 47.51, 510]
['2019-03-27 10:14:00', 47.52, 47.52, 47.5, 47.52, 666]
['2019-03-27 10:13:00', 47.48, 47.51, 47.48, 47.53, 716]
['2019-03-27 10:11:00', 47.49, 47.49, 47.49, 47.49, 377]
['2019-03-27 10:10:00', 47.49, 47.5, 47.49, 47.5, 231]
['2019-03-27 10:08:00', 47.505, 47.5, 47.49, 47.51, 645]
['2019-03-27 10:07:00', 47.5, 47.505, 47.5, 47.53, 815]
['2019-03-27 10:06:00', 47.57, 47.5, 47.5, 47.57, 1182]
['2019-03-27 10:04:00', 47.555, 47.59, 47.555, 47.59, 966]
['2019-03-27 10:03:00', 47.53, 47.555, 47.53, 47.56, 757]
['2019-03-27 10:01:00', 47.47, 47.515, 47.47, 47.515, 573]
['2019-03-27 10:00:00', 47.47, 47.49, 47.47, 47.49, 1306]
['2019-03-27 09:58:00', 47.5, 47.5, 47.5, 47.5, 600]
['2019-03-27 09:57:00', 47.56, 47.52, 47.52, 47.57, 1920]
['2019-03-27 09:56:00', 47.54, 47.54, 47.54, 47.56, 600]
['2019-03-27 09:55:00', 47.53, 47.535, 47.53, 47.54, 1160]
['2019-03-27 09:54:00', 47.59, 47.54, 47.52, 47.59, 1401]
['2019-03-27 09:52:00', 47.54, 47.51, 47.51, 47.55, 746]
['2019-03-27 09:51:00', 47.45, 47.45, 47.45, 47.45, 100]
['2019-03-27 09:50:00', 47.49, 47.49, 47.49, 47.49, 300]
['2019-03-27 09:49:00', 47.39, 47.42, 47.39, 47.48, 1058]
['2019-03-27 09:47:00', 47.32, 47.345, 47.32, 47.345, 356]
['2019-03-27 09:46:00', 47.39, 47.36, 47.36, 47.39, 301]
['2019-03-27 09:45:00', 47.41, 47.41, 47.41, 47.42, 644]
['2019-03-27 09:44:00', 47.42, 47.42, 47.42, 47.42, 100]
['2019-03-27 09:42:00', 47.42, 47.42, 47.42, 47.42, 148]
['2019-03-27 09:41:00', 47.41, 47.45, 47.41, 47.45, 735]
['2019-03-27 09:40:00', 47.44, 47.44, 47.44, 47.44, 122]
['2019-03-27 09:39:00', 47.4824, 47.4824, 47.4824, 47.4824, 322]
['2019-03-27 09:38:00', 47.43, 47.46, 47.42, 47.54, 2687]
['2019-03-27 09:37:00', 47.555, 47.4, 47.4, 47.555, 1947]
['2019-03-27 09:36:00', 47.61, 47.61, 47.61, 47.61, 100]
['2019-03-27 09:35:00', 47.52, 47.61, 47.52, 47.61, 1539]
['2019-03-27 09:33:00', 47.49, 47.49, 47.49, 47.49, 395]
['2019-03-27 09:32:00', 47.48, 47.48, 47.48, 47.48, 804]
['2019-03-27 09:31:00', 47.48, 47.48, 47.48, 47.48, 4240]
['2019-03-26 16:00:00', 47.43, 47.45, 47.43, 47.45, 10092]
['2019-03-26 15:59:00', 47.42, 47.425, 47.41, 47.425, 12499]
['2019-03-26 15:58:00', 47.39, 47.4, 47.39, 47.4, 3571]
['2019-03-26 15:57:00', 47.39, 47.39, 47.39, 47.39, 5097]
['2019-03-26 15:56:00', 47.38, 47.38, 47.38, 47.4, 9461]
['2019-03-26 15:55:00', 47.375, 47.38, 47.375, 47.38, 4188]
['2019-03-26 15:54:00', 47.365, 47.36, 47.36, 47.365, 4760]
['2019-03-26 15:53:00', 47.36, 47.36, 47.36, 47.36, 4252]
['2019-03-26 15:52:00', 47.35, 47.36, 47.35, 47.36, 5511]
['2019-03-26 15:51:00', 47.36, 47.36, 47.36, 47.37, 4401]
['2019-03-26 15:50:00', 47.35, 47.35, 47.35, 47.36, 3788]
['2019-03-26 15:49:00', 47.34, 47.34, 47.34, 47.34, 1326]
['2019-03-26 15:48:00', 47.34, 47.34, 47.34, 47.34, 3036]
['2019-03-26 15:47:00', 47.3, 47.33, 47.3, 47.33, 7010]
['2019-03-26 15:46:00', 47.28, 47.29, 47.28, 47.29, 5103]
['2019-03-26 15:45:00', 47.27, 47.27, 47.27, 47.27, 1236]
['2019-03-26 15:44:00', 47.25, 47.26, 47.25, 47.26, 2045]
['2019-03-26 15:43:00', 47.23, 47.22, 47.22, 47.23, 1810]
['2019-03-26 15:42:00', 47.25, 47.23, 47.23, 47.25, 1671]
['2019-03-26 15:41:00', 47.26, 47.26, 47.26, 47.26, 1012]
['2019-03-26 15:40:00', 47.265, 47.25, 47.25, 47.265, 2108]
['2019-03-26 15:39:00', 47.27, 47.26, 47.26, 47.27, 2552]
['2019-03-26 15:38:00', 47.29, 47.29, 47.29, 47.29, 1106]
['2019-03-26 15:37:00', 47.22, 47.25, 47.22, 47.25, 1854]
['2019-03-26 15:36:00', 47.23, 47.23, 47.23, 47.23, 1254]
['2019-03-26 15:35:00', 47.2, 47.2, 47.2, 47.2, 1368]
['2019-03-26 15:34:00', 47.26, 47.23, 47.23, 47.26, 1830]
['2019-03-26 15:33:00', 47.28, 47.27, 47.27, 47.28, 1378]
['2019-03-26 15:32:00', 47.28, 47.28, 47.28, 47.28, 1132]
['2019-03-26 15:31:00', 47.28, 47.28, 47.28, 47.28, 2248]
['2019-03-26 15:30:00', 47.28, 47.28, 47.28, 47.28, 332]
['2019-03-26 15:29:00', 47.27, 47.27, 47.27, 47.27, 1747]
['2019-03-26 15:28:00', 47.27, 47.27, 47.27, 47.27, 784]
['2019-03-26 15:27:00', 47.26, 47.26, 47.26, 47.26, 616]
['2019-03-26 15:26:00', 47.26, 47.25, 47.25, 47.26, 1109]
['2019-03-26 15:25:00', 47.27, 47.27, 47.27, 47.27, 800]
['2019-03-26 15:24:00', 47.26, 47.27, 47.26, 47.27, 1344]
['2019-03-26 15:23:00', 47.265, 47.265, 47.265, 47.265, 448]
['2019-03-26 15:22:00', 47.27, 47.27, 47.27, 47.27, 818]
['2019-03-26 15:21:00', 47.26, 47.26, 47.26, 47.26, 246]
['2019-03-26 15:20:00', 47.27, 47.26, 47.26, 47.27, 1215]
['2019-03-26 15:18:00', 47.27, 47.27, 47.27, 47.27, 1068]
['2019-03-26 15:17:00', 47.27, 47.27, 47.27, 47.27, 1158]
['2019-03-26 15:16:00', 47.27, 47.27, 47.27, 47.27, 601]
['2019-03-26 15:15:00', 47.29, 47.29, 47.29, 47.29, 742]
['2019-03-26 15:14:00', 47.29, 47.29, 47.29, 47.29, 1568]
['2019-03-26 15:13:00', 47.25, 47.25, 47.25, 47.25, 122]
['2019-03-26 15:12:00', 47.26, 47.26, 47.26, 47.26, 600]
['2019-03-26 15:11:00', 47.25, 47.27, 47.25, 47.27, 1532]
['2019-03-26 15:10:00', 47.25, 47.25, 47.25, 47.25, 442]
['2019-03-26 15:08:00', 47.2, 47.23, 47.2, 47.23, 2005]
['2019-03-26 15:07:00', 47.19, 47.19, 47.19, 47.19, 1094]
['2019-03-26 15:06:00', 47.17, 47.17, 47.17, 47.17, 237]
['2019-03-26 15:05:00', 47.185, 47.185, 47.185, 47.185, 320]
['2019-03-26 15:04:00', 47.2, 47.2, 47.2, 47.2, 671]
['2019-03-26 15:03:00', 47.22, 47.23, 47.22, 47.23, 4567]
['2019-03-26 15:02:00', 47.24, 47.24, 47.24, 47.24, 683]
['2019-03-26 15:01:00', 47.23, 47.23, 47.23, 47.23, 902]
['2019-03-26 15:00:00', 47.2, 47.2, 47.2, 47.2, 3114]
['2019-03-26 14:59:00', 47.21, 47.21, 47.21, 47.21, 739]
['2019-03-26 14:58:00', 47.19, 47.2, 47.19, 47.2, 1497]
['2019-03-26 14:57:00', 47.17, 47.17, 47.17, 47.17, 614]
['2019-03-26 14:56:00', 47.15, 47.15, 47.15, 47.15, 677]
['2019-03-26 14:55:00', 47.165, 47.165, 47.165, 47.165, 495]
['2019-03-26 14:54:00', 47.15, 47.17, 47.15, 47.17, 1094]
['2019-03-26 14:53:00', 47.14, 47.14, 47.14, 47.14, 2810]
['2019-03-26 14:52:00', 47.17, 47.17, 47.17, 47.17, 752]
['2019-03-26 14:50:00', 47.17, 47.18, 47.17, 47.18, 1647]
['2019-03-26 14:49:00', 47.155, 47.155, 47.155, 47.155, 202]
['2019-03-26 14:47:00', 47.16, 47.16, 47.16, 47.16, 527]
['2019-03-26 14:46:00', 47.155, 47.15, 47.15, 47.155, 2372]
['2019-03-26 14:44:00', 47.16, 47.16, 47.16, 47.16, 841]
['2019-03-26 14:43:00', 47.14, 47.14, 47.14, 47.14, 861]
['2019-03-26 14:42:00', 47.11, 47.11, 47.11, 47.11, 880]
['2019-03-26 14:41:00', 47.1, 47.1, 47.1, 47.1, 752]
['2019-03-26 14:40:00', 47.11, 47.11, 47.11, 47.11, 602]
['2019-03-26 14:39:00', 47.1, 47.1, 47.1, 47.1, 927]
['2019-03-26 14:38:00', 47.1, 47.11, 47.1, 47.11, 1296]
['2019-03-26 14:36:00', 47.09, 47.09, 47.09, 47.09, 872]
['2019-03-26 14:35:00', 47.06, 47.06, 47.06, 47.06, 101]
['2019-03-26 14:33:00', 47.08, 47.08, 47.08, 47.08, 521]
['2019-03-26 14:32:00', 47.09, 47.09, 47.09, 47.09, 930]
['2019-03-26 14:31:00', 47.1, 47.11, 47.1, 47.11, 1743]
['2019-03-26 14:29:00', 47.11, 47.11, 47.11, 47.11, 1376]
['2019-03-26 14:28:00', 47.08, 47.1, 47.08, 47.1, 1898]
['2019-03-26 14:27:00', 47.0702, 47.0702, 47.0702, 47.0702, 1445]
['2019-03-26 14:26:00', 47.06, 47.06, 47.06, 47.06, 1118]
['2019-03-26 14:25:00', 47.05, 47.05, 47.05, 47.05, 602]
['2019-03-26 14:23:00', 47.04, 47.04, 47.04, 47.04, 803]
['2019-03-26 14:22:00', 47.06, 47.06, 47.06, 47.06, 451]
['2019-03-26 14:21:00', 47.08, 47.08, 47.08, 47.08, 732]
['2019-03-26 14:20:00', 47.1, 47.1, 47.1, 47.1, 600]
['2019-03-26 14:18:00', 47.07, 47.1, 47.07, 47.1, 1028]
['2019-03-26 14:16:00', 47.08, 47.0794, 47.0794, 47.08, 989]
['2019-03-26 14:15:00', 47.08, 47.095, 47.08, 47.095, 1805]
['2019-03-26 14:14:00', 47.07, 47.07, 47.07, 47.07, 2287]
['2019-03-26 14:13:00', 47.06, 47.06, 47.06, 47.06, 610]
['2019-03-26 14:12:00', 47.0701, 47.0701, 47.0701, 47.0701, 411]
['2019-03-26 14:11:00', 47.04, 47.06, 47.04, 47.06, 1617]
['2019-03-26 14:10:00', 47.05, 47.05, 47.05, 47.05, 537]
['2019-03-26 14:09:00', 47.1, 47.1, 47.1, 47.1, 720]
['2019-03-26 14:08:00', 47.11, 47.11, 47.11, 47.11, 2647]
['2019-03-26 14:07:00', 47.11, 47.11, 47.11, 47.11, 301]
['2019-03-26 14:06:00', 47.1, 47.1, 47.1, 47.1, 601]
['2019-03-26 14:04:00', 47.1, 47.1, 47.1, 47.1, 1216]
['2019-03-26 14:03:00', 47.11, 47.11, 47.11, 47.11, 365]
['2019-03-26 14:01:00', 47.08, 47.1, 47.08, 47.1, 2785]
['2019-03-26 14:00:00', 47.06, 47.09, 47.06, 47.09, 1047]
['2019-03-26 13:59:00', 47.0667, 47.0667, 47.0667, 47.0667, 374]
['2019-03-26 13:57:00', 47.06, 47.06, 47.06, 47.06, 697]
['2019-03-26 13:56:00', 47.05, 47.05, 47.05, 47.05, 1352]
['2019-03-26 13:53:00', 47.06, 47.06, 47.06, 47.06, 602]
['2019-03-26 13:52:00', 47.035, 47.05, 47.035, 47.05, 1455]
['2019-03-26 13:51:00', 47.04, 47.04, 47.04, 47.04, 328]
['2019-03-26 13:50:00', 47.05, 47.05, 47.05, 47.05, 1070]
['2019-03-26 13:49:00', 47.055, 47.05, 47.05, 47.055, 820]
['2019-03-26 13:48:00', 47.05, 47.05, 47.05, 47.05, 203]
['2019-03-26 13:46:00', 47.06, 47.05, 47.05, 47.06, 746]
['2019-03-26 13:44:00', 47.07, 47.07, 47.07, 47.07, 255]
['2019-03-26 13:40:00', 47.08, 47.087, 47.08, 47.087, 911]
['2019-03-26 13:39:00', 47.07, 47.07, 47.07, 47.07, 900]
['2019-03-26 13:37:00', 47.0934, 47.09, 47.09, 47.0934, 1720]
['2019-03-26 13:36:00', 47.05, 47.07, 47.05, 47.07, 4516]
['2019-03-26 13:34:00', 47.05, 47.05, 47.05, 47.05, 774]
['2019-03-26 13:33:00', 47.05, 47.049, 47.049, 47.05, 1280]
['2019-03-26 13:31:00', 47.05, 47.05, 47.05, 47.05, 1670]
['2019-03-26 13:29:00', 47.05, 47.04, 47.04, 47.05, 1066]
['2019-03-26 13:27:00', 47.05, 47.05, 47.05, 47.05, 367]
['2019-03-26 13:26:00', 47.06, 47.06, 47.06, 47.06, 536]
['2019-03-26 13:25:00', 47.05, 47.06, 47.05, 47.06, 1462]
['2019-03-26 13:23:00', 47.05, 47.03, 47.03, 47.05, 690]
['2019-03-26 13:22:00', 47.03, 47.03, 47.03, 47.03, 379]
['2019-03-26 13:20:00', 47.0322, 47.0322, 47.0322, 47.0322, 372]
['2019-03-26 13:17:00', 47.03, 47.03, 47.03, 47.03, 465]
['2019-03-26 13:15:00', 47.04, 47.04, 47.04, 47.04, 690]
['2019-03-26 13:14:00', 47.04, 47.04, 47.04, 47.04, 295]
['2019-03-26 13:12:00', 47.04, 47.04, 47.04, 47.04, 108]
['2019-03-26 13:10:00', 47.03, 47.03, 47.03, 47.03, 420]
['2019-03-26 13:09:00', 47.02, 47.035, 47.02, 47.035, 1107]
['2019-03-26 13:08:00', 47.0262, 47.0262, 47.0262, 47.0262, 692]
['2019-03-26 13:06:00', 47.0, 47.0, 47.0, 47.0, 214]
['2019-03-26 13:04:00', 46.98, 46.99, 46.98, 46.99, 883]
['2019-03-26 13:02:00', 46.97, 46.97, 46.97, 46.97, 578]
['2019-03-26 13:00:00', 46.95, 46.95, 46.95, 46.95, 987]
['2019-03-26 12:59:00', 46.99, 46.96, 46.96, 46.99, 3730]
['2019-03-26 12:58:00', 47.0, 47.0, 47.0, 47.0, 810]
['2019-03-26 12:57:00', 46.98, 47.01, 46.98, 47.01, 1384]
['2019-03-26 12:56:00', 47.055, 47.03, 47.03, 47.055, 1475]
['2019-03-26 12:55:00', 47.07, 47.07, 47.07, 47.07, 669]
['2019-03-26 12:54:00', 47.06, 47.06, 47.06, 47.06, 710]
['2019-03-26 12:53:00', 47.06, 47.06, 47.06, 47.06, 699]
['2019-03-26 12:52:00', 47.07, 47.07, 47.07, 47.07, 290]
['2019-03-26 12:51:00', 47.08, 47.08, 47.08, 47.08, 702]
['2019-03-26 12:50:00', 47.07, 47.07, 47.07, 47.07, 601]
['2019-03-26 12:49:00', 47.06, 47.06, 47.06, 47.06, 1408]
['2019-03-26 12:47:00', 47.08, 47.06, 47.06, 47.08, 1738]
['2019-03-26 12:46:00', 47.1, 47.1, 47.1, 47.1, 400]
['2019-03-26 12:45:00', 47.09, 47.09, 47.09, 47.09, 907]
['2019-03-26 12:44:00', 47.11, 47.11, 47.11, 47.11, 506]
['2019-03-26 12:41:00', 47.11, 47.11, 47.11, 47.11, 606]
['2019-03-26 12:39:00', 47.13, 47.13, 47.13, 47.13, 315]
['2019-03-26 12:38:00', 47.12, 47.12, 47.12, 47.12, 200]
['2019-03-26 12:36:00', 47.14, 47.14, 47.14, 47.14, 330]
['2019-03-26 12:33:00', 47.13, 47.13, 47.13, 47.13, 670]
['2019-03-26 12:32:00', 47.13, 47.13, 47.13, 47.13, 1299]
['2019-03-26 12:31:00', 47.13, 47.13, 47.13, 47.13, 349]
['2019-03-26 12:29:00', 47.12, 47.12, 47.12, 47.12, 339]
['2019-03-26 12:28:00', 47.11, 47.11, 47.11, 47.11, 855]
['2019-03-26 12:27:00', 47.1, 47.09, 47.09, 47.1, 2212]
['2019-03-26 12:26:00', 47.09, 47.09, 47.09, 47.09, 633]
['2019-03-26 12:25:00', 47.09, 47.09, 47.09, 47.09, 449]
['2019-03-26 12:24:00', 47.03, 47.05, 47.03, 47.05, 2077]
['2019-03-26 12:22:00', 47.075, 47.075, 47.075, 47.075, 652]
['2019-03-26 12:21:00', 47.09, 47.09, 47.09, 47.09, 464]
['2019-03-26 12:20:00', 47.11, 47.11, 47.11, 47.11, 207]
['2019-03-26 12:19:00', 47.14, 47.14, 47.14, 47.14, 660]
['2019-03-26 12:17:00', 47.15, 47.15, 47.15, 47.15, 1169]
['2019-03-26 12:16:00', 47.12, 47.12, 47.12, 47.12, 359]
['2019-03-26 12:15:00', 47.12, 47.12, 47.12, 47.12, 460]
['2019-03-26 12:14:00', 47.11, 47.11, 47.11, 47.11, 350]
['2019-03-26 12:13:00', 47.11, 47.11, 47.11, 47.11, 890]
['2019-03-26 12:12:00', 47.13, 47.125, 47.125, 47.13, 630]
['2019-03-26 12:09:00', 47.13, 47.13, 47.13, 47.13, 1140]
['2019-03-26 12:06:00', 47.15, 47.15, 47.15, 47.15, 475]
['2019-03-26 12:05:00', 47.16, 47.16, 47.16, 47.16, 1089]
['2019-03-26 12:04:00', 47.11, 47.11, 47.11, 47.11, 962]
['2019-03-26 12:02:00', 47.09, 47.09, 47.09, 47.09, 558]
['2019-03-26 11:59:00', 47.06, 47.08, 47.06, 47.08, 1308]
['2019-03-26 11:58:00', 47.1, 47.08, 47.08, 47.1, 2148]
['2019-03-26 11:57:00', 47.15, 47.15, 47.15, 47.15, 530]
['2019-03-26 11:55:00', 47.16, 47.16, 47.16, 47.16, 419]
['2019-03-26 11:54:00', 47.21, 47.18, 47.18, 47.21, 1539]
['2019-03-26 11:53:00', 47.23, 47.23, 47.23, 47.23, 1206]
['2019-03-26 11:51:00', 47.25, 47.25, 47.25, 47.25, 100]
['2019-03-26 11:48:00', 47.25, 47.25, 47.25, 47.25, 1225]
['2019-03-26 11:46:00', 47.23, 47.23, 47.23, 47.23, 239]
['2019-03-26 11:45:00', 47.24, 47.24, 47.24, 47.24, 579]
['2019-03-26 11:44:00', 47.22, 47.22, 47.22, 47.22, 392]
['2019-03-26 11:40:00', 47.21, 47.22, 47.21, 47.22, 1097]
['2019-03-26 11:38:00', 47.23, 47.23, 47.23, 47.23, 252]
['2019-03-26 11:36:00', 47.22, 47.22, 47.22, 47.22, 749]
['2019-03-26 11:35:00', 47.23, 47.23, 47.23, 47.23, 150]
['2019-03-26 11:33:00', 47.22, 47.22, 47.22, 47.22, 658]
['2019-03-26 11:32:00', 47.22, 47.22, 47.22, 47.22, 123]
['2019-03-26 11:31:00', 47.22, 47.22, 47.22, 47.22, 1015]
['2019-03-26 11:30:00', 47.2, 47.2, 47.2, 47.2, 494]
['2019-03-26 11:29:00', 47.19, 47.19, 47.19, 47.19, 526]
['2019-03-26 11:27:00', 47.21, 47.19, 47.19, 47.21, 1476]
['2019-03-26 11:24:00', 47.23, 47.23, 47.23, 47.23, 1134]
['2019-03-26 11:23:00', 47.23, 47.23, 47.23, 47.23, 508]
['2019-03-26 11:21:00', 47.2, 47.2, 47.2, 47.2, 274]
['2019-03-26 11:20:00', 47.19, 47.19, 47.19, 47.19, 522]
['2019-03-26 11:19:00', 47.18, 47.18, 47.18, 47.18, 1343]
['2019-03-26 11:18:00', 47.16, 47.19, 47.16, 47.19, 2016]
['2019-03-26 11:17:00', 47.15, 47.15, 47.15, 47.15, 1080]
['2019-03-26 11:15:00', 47.155, 47.155, 47.155, 47.155, 413]
['2019-03-26 11:12:00', 47.18, 47.18, 47.18, 47.18, 1705]
['2019-03-26 11:10:00', 47.13, 47.13, 47.13, 47.13, 841]
['2019-03-26 11:09:00', 47.12, 47.12, 47.12, 47.12, 1000]
['2019-03-26 11:07:00', 47.17, 47.17, 47.17, 47.17, 126]
['2019-03-26 11:05:00', 47.19, 47.19, 47.19, 47.19, 849]
['2019-03-26 11:04:00', 47.17, 47.17, 47.17, 47.17, 1189]
['2019-03-26 11:03:00', 47.13, 47.13, 47.13, 47.13, 733]
['2019-03-26 11:02:00', 47.14, 47.15, 47.14, 47.15, 1305]
['2019-03-26 11:01:00', 47.125, 47.125, 47.125, 47.125, 246]
['2019-03-26 10:59:00', 47.11, 47.11, 47.11, 47.11, 2316]
['2019-03-26 10:57:00', 47.1, 47.1, 47.1, 47.1, 511]
['2019-03-26 10:56:00', 47.1, 47.1, 47.1, 47.1, 306]
['2019-03-26 10:55:00', 47.09, 47.09, 47.09, 47.09, 417]
['2019-03-26 10:54:00', 47.05, 47.05, 47.05, 47.05, 1495]
['2019-03-26 10:52:00', 47.07, 47.07, 47.07, 47.07, 607]
['2019-03-26 10:51:00', 47.04, 47.04, 47.04, 47.04, 607]
['2019-03-26 10:50:00', 47.03, 47.03, 47.03, 47.03, 452]
['2019-03-26 10:47:00', 47.02, 47.0, 46.99, 47.02, 2523]
['2019-03-26 10:45:00', 47.07, 47.07, 47.07, 47.07, 401]
['2019-03-26 10:44:00', 47.085, 47.085, 47.085, 47.085, 872]
['2019-03-26 10:43:00', 47.13, 47.1, 47.1, 47.13, 1131]
['2019-03-26 10:41:00', 47.15, 47.15, 47.15, 47.15, 544]
['2019-03-26 10:39:00', 47.15, 47.15, 47.15, 47.15, 359]
['2019-03-26 10:38:00', 47.14, 47.16, 47.14, 47.16, 1596]
['2019-03-26 10:36:00', 47.11, 47.13, 47.11, 47.13, 930]
['2019-03-26 10:35:00', 47.1, 47.1, 47.1, 47.1, 1735]
['2019-03-26 10:34:00', 47.0758, 47.0758, 47.0758, 47.0758, 1954]
['2019-03-26 10:31:00', 47.04, 47.04, 47.04, 47.04, 480]
['2019-03-26 10:30:00', 47.04, 47.04, 47.04, 47.04, 604]
['2019-03-26 10:29:00', 47.06, 47.06, 47.06, 47.06, 3659]
['2019-03-26 10:28:00', 47.04, 47.04, 47.04, 47.04, 939]
['2019-03-26 10:27:00', 47.06, 47.04, 47.04, 47.06, 1553]
['2019-03-26 10:25:00', 47.035, 47.035, 47.035, 47.035, 767]
['2019-03-26 10:24:00', 47.0, 47.0, 47.0, 47.0, 202]
['2019-03-26 10:22:00', 46.99, 46.99, 46.99, 46.99, 968]
['2019-03-26 10:20:00', 46.9797, 46.9797, 46.9797, 46.9797, 490]
['2019-03-26 10:17:00', 47.01, 47.0, 47.0, 47.01, 1128]
['2019-03-26 10:16:00', 47.03, 47.03, 47.03, 47.03, 1334]
['2019-03-26 10:14:00', 46.9779, 47.01, 46.9779, 47.01, 1788]
['2019-03-26 10:11:00', 46.99, 46.99, 46.99, 46.99, 264]
['2019-03-26 10:10:00', 47.01, 47.01, 47.01, 47.01, 753]
['2019-03-26 10:08:00', 46.99, 46.99, 46.99, 46.99, 327]
['2019-03-26 10:06:00', 46.95, 46.97, 46.95, 46.97, 847]
['2019-03-26 10:03:00', 46.94, 46.94, 46.94, 46.94, 161]
['2019-03-26 10:02:00', 46.94, 46.94, 46.94, 46.94, 979]
['2019-03-26 10:00:00', 46.92, 46.92, 46.92, 46.92, 610]
['2019-03-26 09:59:00', 46.91, 46.91, 46.91, 46.91, 710]
['2019-03-26 09:57:00', 46.93, 46.91, 46.91, 46.93, 1269]
['2019-03-26 09:55:00', 46.985, 46.91, 46.91, 46.985, 1349]
['2019-03-26 09:53:00', 46.95, 46.97, 46.95, 46.97, 1637]
['2019-03-26 09:52:00', 46.9, 46.9, 46.9, 46.9, 315]
['2019-03-26 09:49:00', 46.9, 46.92, 46.9, 46.92, 1937]
['2019-03-26 09:47:00', 46.86, 46.86, 46.86, 46.86, 400]
['2019-03-26 09:43:00', 46.87, 46.87, 46.87, 46.87, 283]
['2019-03-26 09:41:00', 46.78, 46.925, 46.78, 46.925, 1731]
['2019-03-26 09:38:00', 46.8061, 46.8061, 46.8061, 46.8061, 400]
['2019-03-26 09:36:00', 46.73, 46.73, 46.73, 46.73, 254]
['2019-03-26 09:35:00', 46.81, 46.81, 46.81, 46.81, 632]
['2019-03-26 09:34:00', 46.64, 46.64, 46.64, 46.64, 100]
['2019-03-26 09:32:00', 46.6837, 46.6837, 46.6837, 46.6837, 5663]
['2019-03-25 16:00:00', 46.71, 46.71, 46.71, 46.71, 15894]
['2019-03-25 15:59:00', 46.71, 46.7, 46.7, 46.71, 20379]
['2019-03-25 15:58:00', 46.71, 46.695, 46.695, 46.71, 5146]
['2019-03-25 15:57:00', 46.68, 46.705, 46.68, 46.705, 9949]
['2019-03-25 15:56:00', 46.7, 46.7, 46.68, 46.7, 13697]
['2019-03-25 15:55:00', 46.71, 46.71, 46.71, 46.725, 4944]
['2019-03-25 15:54:00', 46.725, 46.71, 46.71, 46.725, 12745]
['2019-03-25 15:53:00', 46.72, 46.72, 46.72, 46.72, 2966]
['2019-03-25 15:52:00', 46.7, 46.71, 46.7, 46.71, 4168]
['2019-03-25 15:51:00', 46.71, 46.71, 46.71, 46.71, 3078]
['2019-03-25 15:50:00', 46.68, 46.68, 46.68, 46.68, 6518]
['2019-03-25 15:49:00', 46.7, 46.7, 46.7, 46.7, 1758]
['2019-03-25 15:48:00', 46.725, 46.71, 46.71, 46.725, 3603]
['2019-03-25 15:47:00', 46.725, 46.73, 46.725, 46.73, 2516]
['2019-03-25 15:46:00', 46.76, 46.71, 46.71, 46.76, 3850]
['2019-03-25 15:45:00', 46.75, 46.75, 46.75, 46.75, 986]
['2019-03-25 15:44:00', 46.705, 46.72, 46.705, 46.74, 5171]
['2019-03-25 15:43:00', 46.7, 46.71, 46.7, 46.71, 1528]
['2019-03-25 15:42:00', 46.7, 46.7, 46.7, 46.7, 1578]
['2019-03-25 15:41:00', 46.69, 46.72, 46.69, 46.72, 1066]
['2019-03-25 15:40:00', 46.685, 46.685, 46.685, 46.685, 1610]
['2019-03-25 15:39:00', 46.71, 46.69, 46.69, 46.71, 2918]
['2019-03-25 15:38:00', 46.71, 46.72, 46.71, 46.72, 1231]
['2019-03-25 15:37:00', 46.7, 46.7, 46.7, 46.7, 665]
['2019-03-25 15:36:00', 46.69, 46.69, 46.69, 46.69, 752]
['2019-03-25 15:35:00', 46.68, 46.68, 46.68, 46.69, 3761]
['2019-03-25 15:34:00', 46.68, 46.68, 46.68, 46.68, 410]
['2019-03-25 15:33:00', 46.7, 46.7, 46.7, 46.7, 712]
['2019-03-25 15:32:00', 46.7, 46.7, 46.7, 46.7, 803]
['2019-03-25 15:31:00', 46.7, 46.68, 46.68, 46.7, 2122]
['2019-03-25 15:30:00', 46.71, 46.7, 46.7, 46.71, 1463]
['2019-03-25 15:29:00', 46.77, 46.75, 46.75, 46.77, 2770]
['2019-03-25 15:28:00', 46.775, 46.775, 46.775, 46.775, 1215]
['2019-03-25 15:27:00', 46.78, 46.78, 46.78, 46.78, 1457]
['2019-03-25 15:26:00', 46.77, 46.77, 46.77, 46.77, 889]
['2019-03-25 15:25:00', 46.78, 46.78, 46.78, 46.78, 480]
['2019-03-25 15:24:00', 46.78, 46.78, 46.78, 46.78, 1193]
['2019-03-25 15:23:00', 46.76, 46.77, 46.76, 46.77, 1904]
['2019-03-25 15:22:00', 46.75, 46.75, 46.75, 46.75, 504]
['2019-03-25 15:20:00', 46.77, 46.77, 46.77, 46.77, 1491]
['2019-03-25 15:19:00', 46.78, 46.78, 46.78, 46.78, 900]
['2019-03-25 15:18:00', 46.77, 46.77, 46.77, 46.77, 1162]
['2019-03-25 15:17:00', 46.78, 46.78, 46.78, 46.78, 642]
['2019-03-25 15:16:00', 46.77, 46.79, 46.77, 46.79, 2922]
['2019-03-25 15:15:00', 46.77, 46.77, 46.77, 46.77, 383]
['2019-03-25 15:14:00', 46.78, 46.78, 46.78, 46.78, 1701]
['2019-03-25 15:13:00', 46.75, 46.77, 46.75, 46.77, 2378]
['2019-03-25 15:12:00', 46.76, 46.76, 46.76, 46.76, 404]
['2019-03-25 15:11:00', 46.75, 46.75, 46.75, 46.75, 515]
['2019-03-25 15:10:00', 46.75, 46.75, 46.75, 46.75, 528]
['2019-03-25 15:09:00', 46.74, 46.74, 46.74, 46.74, 600]
['2019-03-25 15:08:00', 46.74, 46.74, 46.74, 46.74, 457]
['2019-03-25 15:07:00', 46.75, 46.75, 46.75, 46.75, 1012]
['2019-03-25 15:06:00', 46.72, 46.72, 46.72, 46.72, 802]
['2019-03-25 15:05:00', 46.72, 46.72, 46.72, 46.72, 615]
['2019-03-25 15:04:00', 46.75, 46.75, 46.75, 46.75, 468]
['2019-03-25 15:03:00', 46.78, 46.76, 46.76, 46.78, 1773]
['2019-03-25 15:02:00', 46.8, 46.78, 46.78, 46.8, 1667]
['2019-03-25 15:01:00', 46.79, 46.79, 46.79, 46.79, 702]
['2019-03-25 15:00:00', 46.78, 46.78, 46.78, 46.78, 539]
['2019-03-25 14:59:00', 46.8, 46.78, 46.78, 46.8, 1686]
['2019-03-25 14:58:00', 46.8, 46.8, 46.8, 46.8, 597]
['2019-03-25 14:56:00', 46.8, 46.78, 46.78, 46.8, 3502]
['2019-03-25 14:55:00', 46.79, 46.79, 46.79, 46.79, 602]
['2019-03-25 14:53:00', 46.78, 46.8, 46.78, 46.81, 2056]
['2019-03-25 14:52:00', 46.77, 46.77, 46.77, 46.77, 1370]
['2019-03-25 14:51:00', 46.77, 46.77, 46.77, 46.77, 630]
['2019-03-25 14:50:00', 46.77, 46.77, 46.77, 46.77, 292]
['2019-03-25 14:49:00', 46.8, 46.8, 46.8, 46.8, 456]
['2019-03-25 14:48:00', 46.8, 46.8, 46.8, 46.8, 1009]
['2019-03-25 14:46:00', 46.8, 46.8, 46.8, 46.8, 307]
['2019-03-25 14:45:00', 46.78, 46.78, 46.78, 46.78, 514]
['2019-03-25 14:44:00', 46.77, 46.77, 46.77, 46.77, 1357]
['2019-03-25 14:43:00', 46.79, 46.79, 46.79, 46.79, 422]
['2019-03-25 14:42:00', 46.78, 46.78, 46.78, 46.78, 910]
['2019-03-25 14:41:00', 46.79, 46.79, 46.79, 46.79, 142]
['2019-03-25 14:40:00', 46.8, 46.8, 46.8, 46.8, 401]
['2019-03-25 14:39:00', 46.79, 46.79, 46.79, 46.79, 411]
['2019-03-25 14:38:00', 46.8, 46.8, 46.8, 46.8, 612]
['2019-03-25 14:37:00', 46.8, 46.8, 46.8, 46.8, 1132]
['2019-03-25 14:36:00', 46.8, 46.8, 46.8, 46.8, 350]
['2019-03-25 14:35:00', 46.79, 46.79, 46.79, 46.79, 396]
['2019-03-25 14:34:00', 46.8, 46.79, 46.79, 46.8, 1498]
['2019-03-25 14:33:00', 46.81, 46.81, 46.81, 46.81, 1173]
['2019-03-25 14:32:00', 46.82, 46.82, 46.82, 46.82, 959]
['2019-03-25 14:31:00', 46.82, 46.81, 46.81, 46.82, 2344]
['2019-03-25 14:30:00', 46.81, 46.81, 46.81, 46.81, 312]
['2019-03-25 14:29:00', 46.8064, 46.8064, 46.8064, 46.8064, 569]
['2019-03-25 14:28:00', 46.81, 46.8, 46.8, 46.81, 1165]
['2019-03-25 14:27:00', 46.8, 46.8, 46.8, 46.8, 359]
['2019-03-25 14:26:00', 46.7957, 46.7957, 46.7957, 46.7957, 931]
['2019-03-25 14:24:00', 46.79, 46.8, 46.79, 46.8, 3877]
['2019-03-25 14:23:00', 46.79, 46.79, 46.79, 46.79, 1307]
['2019-03-25 14:21:00', 46.8, 46.8, 46.8, 46.8, 2752]
['2019-03-25 14:20:00', 46.8, 46.8, 46.8, 46.8, 1407]
['2019-03-25 14:19:00', 46.76, 46.76, 46.76, 46.76, 690]
['2019-03-25 14:18:00', 46.78, 46.78, 46.78, 46.78, 791]
['2019-03-25 14:17:00', 46.79, 46.78, 46.78, 46.79, 1477]
['2019-03-25 14:16:00', 46.8, 46.8, 46.8, 46.8, 4801]
['2019-03-25 14:15:00', 46.8, 46.8, 46.8, 46.8, 484]
['2019-03-25 14:14:00', 46.78, 46.8, 46.78, 46.8, 1755]
['2019-03-25 14:13:00', 46.79, 46.79, 46.79, 46.79, 1419]
['2019-03-25 14:12:00', 46.7951, 46.8, 46.7951, 46.8, 2015]
['2019-03-25 14:11:00', 46.79, 46.79, 46.79, 46.79, 980]
['2019-03-25 14:09:00', 46.7699, 46.7699, 46.7699, 46.7699, 374]
['2019-03-25 14:08:00', 46.77, 46.77, 46.77, 46.77, 600]
['2019-03-25 14:07:00', 46.77, 46.77, 46.77, 46.77, 1600]
['2019-03-25 14:06:00', 46.765, 46.77, 46.765, 46.77, 4694]
['2019-03-25 14:05:00', 46.77, 46.77, 46.77, 46.77, 12492]
['2019-03-25 14:04:00', 46.78, 46.77, 46.77, 46.78, 1648]
['2019-03-25 14:03:00', 46.73, 46.74, 46.73, 46.74, 1033]
['2019-03-25 14:01:00', 46.74, 46.73, 46.73, 46.74, 1626]
['2019-03-25 14:00:00', 46.7, 46.7, 46.7, 46.7, 453]
['2019-03-25 13:59:00', 46.69, 46.69, 46.69, 46.69, 645]
['2019-03-25 13:58:00', 46.69, 46.69, 46.69, 46.69, 1129]
['2019-03-25 13:56:00', 46.68, 46.68, 46.68, 46.68, 234]
['2019-03-25 13:54:00', 46.68, 46.7, 46.68, 46.7, 732]
['2019-03-25 13:52:00', 46.705, 46.69, 46.69, 46.705, 2336]
['2019-03-25 13:50:00', 46.68, 46.68, 46.68, 46.68, 615]
['2019-03-25 13:49:00', 46.67, 46.67, 46.67, 46.67, 2142]
['2019-03-25 13:47:00', 46.65, 46.66, 46.65, 46.66, 1729]
['2019-03-25 13:46:00', 46.66, 46.66, 46.66, 46.66, 850]
['2019-03-25 13:43:00', 46.7, 46.69, 46.69, 46.7, 979]
['2019-03-25 13:42:00', 46.695, 46.695, 46.695, 46.695, 728]
['2019-03-25 13:40:00', 46.7, 46.7, 46.7, 46.7, 1546]
['2019-03-25 13:39:00', 46.69, 46.68, 46.68, 46.69, 929]
['2019-03-25 13:36:00', 46.71, 46.71, 46.71, 46.71, 401]
['2019-03-25 13:35:00', 46.7095, 46.7095, 46.7095, 46.7095, 495]
['2019-03-25 13:34:00', 46.7, 46.7, 46.7, 46.7, 329]
['2019-03-25 13:33:00', 46.7, 46.7, 46.7, 46.7, 1901]
['2019-03-25 13:32:00', 46.69, 46.69, 46.69, 46.69, 380]
['2019-03-25 13:31:00', 46.72, 46.72, 46.72, 46.72, 760]
['2019-03-25 13:29:00', 46.72, 46.72, 46.72, 46.72, 1573]
['2019-03-25 13:28:00', 46.7, 46.7, 46.7, 46.7, 586]
['2019-03-25 13:27:00', 46.7, 46.7, 46.7, 46.7, 903]
['2019-03-25 13:26:00', 46.72, 46.71, 46.71, 46.72, 3067]
['2019-03-25 13:25:00', 46.68, 46.7, 46.68, 46.7, 2213]
['2019-03-25 13:23:00', 46.7, 46.7, 46.7, 46.7, 844]
['2019-03-25 13:22:00', 46.72, 46.72, 46.72, 46.72, 776]
['2019-03-25 13:20:00', 46.73, 46.73, 46.73, 46.73, 999]
['2019-03-25 13:19:00', 46.73, 46.73, 46.73, 46.73, 528]
['2019-03-25 13:17:00', 46.72, 46.72, 46.72, 46.72, 509]
['2019-03-25 13:16:00', 46.74, 46.74, 46.74, 46.74, 1525]
['2019-03-25 13:14:00', 46.735, 46.735, 46.735, 46.735, 749]
['2019-03-25 13:13:00', 46.7, 46.72, 46.7, 46.72, 3711]
['2019-03-25 13:12:00', 46.71, 46.7, 46.7, 46.71, 1618]
['2019-03-25 13:11:00', 46.72, 46.725, 46.72, 46.725, 807]
['2019-03-25 13:10:00', 46.73, 46.73, 46.73, 46.73, 401]
['2019-03-25 13:09:00', 46.73, 46.73, 46.73, 46.73, 614]
['2019-03-25 13:08:00', 46.75, 46.75, 46.75, 46.75, 1532]
['2019-03-25 13:07:00', 46.74, 46.74, 46.74, 46.74, 251]
['2019-03-25 13:06:00', 46.73, 46.73, 46.73, 46.73, 589]
['2019-03-25 13:04:00', 46.72, 46.72, 46.72, 46.72, 1040]
['2019-03-25 13:02:00', 46.72, 46.72, 46.72, 46.72, 407]
['2019-03-25 13:00:00', 46.74, 46.74, 46.74, 46.74, 403]
['2019-03-25 12:59:00', 46.74, 46.74, 46.74, 46.74, 1255]
['2019-03-25 12:58:00', 46.75, 46.75, 46.75, 46.75, 571]
['2019-03-25 12:57:00', 46.75, 46.75, 46.75, 46.75, 220]
['2019-03-25 12:56:00', 46.75, 46.75, 46.75, 46.75, 330]
['2019-03-25 12:54:00', 46.74, 46.74, 46.74, 46.74, 906]
['2019-03-25 12:53:00', 46.73, 46.73, 46.73, 46.73, 640]
['2019-03-25 12:52:00', 46.745, 46.745, 46.745, 46.745, 116]
['2019-03-25 12:51:00', 46.75, 46.75, 46.75, 46.75, 420]
['2019-03-25 12:50:00', 46.73, 46.73, 46.73, 46.73, 416]
['2019-03-25 12:49:00', 46.72, 46.72, 46.72, 46.72, 1212]
['2019-03-25 12:48:00', 46.72, 46.72, 46.72, 46.72, 30366]
['2019-03-25 12:46:00', 46.72, 46.72, 46.72, 46.72, 230]
['2019-03-25 12:45:00', 46.71, 46.73, 46.71, 46.73, 1955]
['2019-03-25 12:43:00', 46.7, 46.7, 46.7, 46.7, 352]
['2019-03-25 12:42:00', 46.73, 46.71, 46.71, 46.73, 1109]
['2019-03-25 12:40:00', 46.73, 46.73, 46.73, 46.73, 489]
['2019-03-25 12:39:00', 46.73, 46.73, 46.73, 46.73, 2827]
['2019-03-25 12:38:00', 46.71, 46.71, 46.71, 46.71, 272]
['2019-03-25 12:37:00', 46.69, 46.69, 46.69, 46.69, 322]
['2019-03-25 12:36:00', 46.71, 46.71, 46.71, 46.71, 890]
['2019-03-25 12:35:00', 46.71, 46.71, 46.71, 46.71, 909]
['2019-03-25 12:34:00', 46.73, 46.72, 46.72, 46.73, 3507]
['2019-03-25 12:33:00', 46.73, 46.73, 46.73, 46.73, 1030]
['2019-03-25 12:32:00', 46.73, 46.73, 46.73, 46.73, 1250]
['2019-03-25 12:31:00', 46.75, 46.73, 46.73, 46.75, 1655]
['2019-03-25 12:29:00', 46.74, 46.74, 46.74, 46.74, 1008]
['2019-03-25 12:28:00', 46.74, 46.74, 46.74, 46.74, 857]
['2019-03-25 12:27:00', 46.72, 46.72, 46.72, 46.72, 322]
['2019-03-25 12:26:00', 46.74, 46.74, 46.74, 46.74, 192]
['2019-03-25 12:25:00', 46.74, 46.74, 46.74, 46.74, 667]
['2019-03-25 12:22:00', 46.73, 46.73, 46.73, 46.73, 1470]
['2019-03-25 12:21:00', 46.73, 46.73, 46.73, 46.73, 271]
['2019-03-25 12:20:00', 46.71, 46.72, 46.71, 46.72, 1547]
['2019-03-25 12:19:00', 46.6986, 46.6986, 46.6986, 46.6986, 868]
['2019-03-25 12:18:00', 46.71, 46.71, 46.71, 46.71, 443]
['2019-03-25 12:16:00', 46.69, 46.7, 46.69, 46.7, 1164]
['2019-03-25 12:15:00', 46.73, 46.73, 46.73, 46.73, 1140]
['2019-03-25 12:14:00', 46.71, 46.71, 46.71, 46.71, 430]
['2019-03-25 12:12:00', 46.72, 46.72, 46.72, 46.72, 1347]
['2019-03-25 12:11:00', 46.7, 46.69, 46.69, 46.7, 1376]
['2019-03-25 12:10:00', 46.73, 46.71, 46.71, 46.73, 1259]
['2019-03-25 12:09:00', 46.74, 46.74, 46.74, 46.74, 616]
['2019-03-25 12:08:00', 46.74, 46.74, 46.74, 46.74, 1312]
['2019-03-25 12:07:00', 46.74, 46.74, 46.74, 46.74, 1628]
['2019-03-25 12:06:00', 46.75, 46.75, 46.75, 46.75, 2487]
['2019-03-25 12:05:00', 46.74, 46.74, 46.74, 46.74, 839]
['2019-03-25 12:04:00', 46.74, 46.75, 46.74, 46.75, 3385]
['2019-03-25 12:03:00', 46.75, 46.75, 46.75, 46.75, 1175]
['2019-03-25 12:02:00', 46.74, 46.74, 46.74, 46.74, 1823]
['2019-03-25 12:01:00', 46.71, 46.7, 46.7, 46.71, 1572]
['2019-03-25 11:59:00', 46.69, 46.69, 46.69, 46.69, 466]
['2019-03-25 11:58:00', 46.7, 46.7, 46.7, 46.7, 358]
['2019-03-25 11:57:00', 46.73, 46.73, 46.73, 46.73, 392]
['2019-03-25 11:56:00', 46.72, 46.71, 46.71, 46.72, 2521]
['2019-03-25 11:55:00', 46.74, 46.74, 46.74, 46.74, 1373]
['2019-03-25 11:54:00', 46.74, 46.74, 46.74, 46.74, 515]
['2019-03-25 11:53:00', 46.73, 46.73, 46.73, 46.73, 1000]
['2019-03-25 11:52:00', 46.72, 46.71, 46.71, 46.72, 2138]
['2019-03-25 11:51:00', 46.74, 46.74, 46.74, 46.74, 755]
['2019-03-25 11:50:00', 46.7468, 46.7468, 46.7468, 46.7468, 723]
['2019-03-25 11:49:00', 46.76, 46.76, 46.76, 46.76, 501]
['2019-03-25 11:47:00', 46.77, 46.77, 46.77, 46.77, 832]
['2019-03-25 11:46:00', 46.78, 46.78, 46.78, 46.78, 311]
['2019-03-25 11:45:00', 46.78, 46.78, 46.78, 46.78, 531]
['2019-03-25 11:44:00', 46.77, 46.77, 46.77, 46.77, 747]
['2019-03-25 11:43:00', 46.77, 46.77, 46.77, 46.77, 605]
['2019-03-25 11:42:00', 46.75, 46.75, 46.75, 46.75, 764]
['2019-03-25 11:40:00', 46.75, 46.78, 46.75, 46.78, 1744]
['2019-03-25 11:39:00', 46.75, 46.75, 46.75, 46.75, 1992]
['2019-03-25 11:38:00', 46.76, 46.75, 46.75, 46.76, 5704]
['2019-03-25 11:37:00', 46.75, 46.75, 46.75, 46.75, 1100]
['2019-03-25 11:36:00', 46.725, 46.75, 46.72, 46.75, 10693]
['2019-03-25 11:35:00', 46.75, 46.72, 46.72, 46.75, 4290]
['2019-03-25 11:34:00', 46.74, 46.72, 46.72, 46.74, 957]
['2019-03-25 11:32:00', 46.74, 46.74, 46.74, 46.74, 1326]
['2019-03-25 11:31:00', 46.75, 46.73, 46.73, 46.75, 3042]
['2019-03-25 11:30:00', 46.75, 46.75, 46.75, 46.75, 1053]
['2019-03-25 11:29:00', 46.75, 46.75, 46.75, 46.75, 453]
['2019-03-25 11:27:00', 46.75, 46.75, 46.75, 46.75, 1100]
['2019-03-25 11:26:00', 46.72, 46.72, 46.72, 46.72, 803]
['2019-03-25 11:25:00', 46.72, 46.72, 46.72, 46.72, 813]
['2019-03-25 11:24:00', 46.73, 46.73, 46.73, 46.73, 400]
['2019-03-25 11:22:00', 46.76, 46.72, 46.72, 46.76, 1593]
['2019-03-25 11:21:00', 46.78, 46.78, 46.78, 46.78, 1098]
['2019-03-25 11:20:00', 46.77, 46.77, 46.77, 46.77, 1700]
['2019-03-25 11:19:00', 46.78, 46.77, 46.77, 46.78, 1190]
['2019-03-25 11:18:00', 46.77, 46.77, 46.77, 46.77, 1032]
['2019-03-25 11:17:00', 46.76, 46.76, 46.76, 46.76, 551]
['2019-03-25 11:16:00', 46.73, 46.73, 46.73, 46.73, 1469]
['2019-03-25 11:15:00', 46.74, 46.74, 46.74, 46.74, 3031]
['2019-03-25 11:14:00', 46.74, 46.74, 46.74, 46.74, 8492]
['2019-03-25 11:13:00', 46.74, 46.74, 46.74, 46.74, 700]
['2019-03-25 11:12:00', 46.74, 46.74, 46.74, 46.74, 655]
['2019-03-25 11:11:00', 46.75, 46.75, 46.75, 46.75, 556]
['2019-03-25 11:10:00', 46.76, 46.76, 46.76, 46.76, 1152]
['2019-03-25 11:09:00', 46.77, 46.78, 46.77, 46.78, 2028]
['2019-03-25 11:08:00', 46.78, 46.78, 46.78, 46.78, 2048]
['2019-03-25 11:07:00', 46.68, 46.75, 46.68, 46.75, 5439]
['2019-03-25 11:06:00', 46.66, 46.67, 46.66, 46.67, 2696]
['2019-03-25 11:04:00', 46.66, 46.65, 46.65, 46.66, 4762]
['2019-03-25 11:03:00', 46.66, 46.67, 46.66, 46.67, 1702]
['2019-03-25 11:02:00', 46.66, 46.66, 46.66, 46.66, 2378]
['2019-03-25 11:01:00', 46.68, 46.66, 46.66, 46.68, 2762]
['2019-03-25 11:00:00', 46.69, 46.69, 46.69, 46.69, 950]
['2019-03-25 10:59:00', 46.7, 46.7, 46.7, 46.7, 3388]
['2019-03-25 10:58:00', 46.69, 46.69, 46.69, 46.69, 1541]
['2019-03-25 10:57:00', 46.7, 46.7, 46.7, 46.7, 745]
['2019-03-25 10:56:00', 46.69, 46.71, 46.69, 46.71, 6124]
['2019-03-25 10:55:00', 46.69, 46.69, 46.69, 46.69, 1150]
['2019-03-25 10:54:00', 46.7, 46.7, 46.7, 46.7, 1892]
['2019-03-25 10:53:00', 46.65, 46.7, 46.65, 46.72, 7223]
['2019-03-25 10:52:00', 46.64, 46.63, 46.63, 46.64, 8615]
['2019-03-25 10:51:00', 46.63, 46.64, 46.63, 46.64, 7043]
['2019-03-25 10:50:00', 46.63, 46.63, 46.63, 46.63, 1541]
['2019-03-25 10:49:00', 46.63, 46.63, 46.63, 46.63, 1400]
['2019-03-25 10:48:00', 46.62, 46.62, 46.62, 46.62, 405]
['2019-03-25 10:47:00', 46.61, 46.61, 46.61, 46.61, 2082]
['2019-03-25 10:46:00', 46.63, 46.63, 46.63, 46.63, 2939]
['2019-03-25 10:45:00', 46.63, 46.63, 46.63, 46.63, 841]
['2019-03-25 10:44:00', 46.62, 46.62, 46.62, 46.62, 350]
['2019-03-25 10:43:00', 46.62, 46.62, 46.62, 46.62, 635]
['2019-03-25 10:42:00', 46.63, 46.63, 46.63, 46.63, 439]
['2019-03-25 10:41:00', 46.62, 46.62, 46.62, 46.62, 1395]
['2019-03-25 10:40:00', 46.62, 46.6, 46.6, 46.62, 1934]
['2019-03-25 10:38:00', 46.63, 46.63, 46.63, 46.63, 4033]
['2019-03-25 10:37:00', 46.65, 46.63, 46.63, 46.65, 2566]
['2019-03-25 10:36:00', 46.6, 46.6, 46.6, 46.6, 725]
['2019-03-25 10:34:00', 46.59, 46.58, 46.58, 46.61, 6415]
['2019-03-25 10:33:00', 46.6, 46.6, 46.6, 46.6, 1176]
['2019-03-25 10:32:00', 46.56, 46.59, 46.56, 46.59, 2827]
['2019-03-25 10:31:00', 46.55, 46.55, 46.55, 46.55, 1209]
['2019-03-25 10:30:00', 46.535, 46.54, 46.535, 46.54, 2585]
['2019-03-25 10:29:00', 46.56, 46.56, 46.56, 46.56, 809]
['2019-03-25 10:28:00', 46.56, 46.56, 46.56, 46.56, 1055]
['2019-03-25 10:27:00', 46.54, 46.54, 46.54, 46.54, 1243]
['2019-03-25 10:26:00', 46.52, 46.52, 46.52, 46.52, 2814]
['2019-03-25 10:25:00', 46.48, 46.48, 46.48, 46.48, 910]
['2019-03-25 10:24:00', 46.49, 46.49, 46.49, 46.49, 1002]
['2019-03-25 10:23:00', 46.51, 46.51, 46.51, 46.51, 697]
['2019-03-25 10:22:00', 46.52, 46.52, 46.52, 46.52, 416]
['2019-03-25 10:20:00', 46.6299, 46.6299, 46.6299, 46.6299, 501]
['2019-03-25 10:19:00', 46.615, 46.615, 46.615, 46.615, 660]
['2019-03-25 10:18:00', 46.6, 46.6, 46.6, 46.6, 452]
['2019-03-25 10:16:00', 46.59, 46.59, 46.59, 46.59, 501]
['2019-03-25 10:15:00', 46.6, 46.6, 46.6, 46.6, 1944]
['2019-03-25 10:14:00', 46.65, 46.65, 46.65, 46.65, 510]
['2019-03-25 10:13:00', 46.64, 46.64, 46.64, 46.64, 564]
['2019-03-25 10:11:00', 46.68, 46.68, 46.68, 46.68, 584]
['2019-03-25 10:09:00', 46.71, 46.71, 46.71, 46.71, 113]
['2019-03-25 10:08:00', 46.7175, 46.7, 46.7, 46.7175, 2642]
['2019-03-25 10:06:00', 46.71, 46.75, 46.71, 46.75, 2487]
['2019-03-25 10:03:00', 46.61, 46.61, 46.61, 46.61, 1415]
['2019-03-25 10:02:00', 46.66, 46.66, 46.66, 46.66, 754]
['2019-03-25 10:00:00', 46.72, 46.67, 46.67, 46.72, 1072]
['2019-03-25 09:59:00', 46.78, 46.73, 46.73, 46.78, 3935]
['2019-03-25 09:58:00', 46.72, 46.72, 46.72, 46.72, 300]
['2019-03-25 09:56:00', 46.7, 46.7, 46.7, 46.7, 931]
['2019-03-25 09:55:00', 46.74, 46.74, 46.74, 46.74, 1521]
['2019-03-25 09:54:00', 46.68, 46.7, 46.68, 46.7, 3581]
['2019-03-25 09:53:00', 46.7, 46.69, 46.69, 46.7, 2848]
['2019-03-25 09:51:00', 46.74, 46.73, 46.73, 46.74, 3819]
['2019-03-25 09:50:00', 46.75, 46.75, 46.75, 46.75, 3095]
['2019-03-25 09:49:00', 46.73, 46.73, 46.73, 46.73, 344]
['2019-03-25 09:47:00', 46.72, 46.72, 46.72, 46.72, 322]
['2019-03-25 09:46:00', 46.66, 46.66, 46.66, 46.66, 899]
['2019-03-25 09:43:00', 46.64, 46.66, 46.64, 46.66, 1859]
['2019-03-25 09:42:00', 46.65, 46.65, 46.65, 46.65, 2259]
['2019-03-25 09:41:00', 46.65, 46.65, 46.65, 46.65, 835]
['2019-03-25 09:38:00', 46.67, 46.765, 46.67, 46.765, 5042]
['2019-03-25 09:37:00', 46.59, 46.59, 46.59, 46.59, 1809]
['2019-03-25 09:36:00', 46.73, 46.73, 46.73, 46.73, 963]
['2019-03-25 09:35:00', 46.7, 46.7, 46.7, 46.7, 1358]
['2019-03-25 09:33:00', 46.865, 46.865, 46.865, 46.865, 304]
['2019-03-25 09:32:00', 46.86, 46.86, 46.86, 46.86, 1203]
['2019-03-25 09:31:00', 46.83, 46.83, 46.83, 46.83, 0]
