AOSL
['2019-03-29 16:00:00', 11.49, 11.51, 11.49, 11.51, 8391]
['2019-03-29 15:59:00', 11.52, 11.55, 11.52, 11.55, 5899]
['2019-03-29 15:58:00', 11.52, 11.52, 11.51, 11.53, 3205]
['2019-03-29 15:57:00', 11.51, 11.52, 11.505, 11.52, 3284]
['2019-03-29 15:56:00', 11.44, 11.51, 11.385, 11.52, 31396]
['2019-03-29 15:55:00', 11.38, 11.38, 11.37, 11.38, 1583]
['2019-03-29 15:54:00', 11.37, 11.37, 11.37, 11.38, 400]
['2019-03-29 15:53:00', 11.38, 11.38, 11.38, 11.38, 431]
['2019-03-29 15:52:00', 11.36, 11.38, 11.36, 11.38, 1265]
['2019-03-29 15:51:00', 11.37, 11.35, 11.35, 11.37, 592]
['2019-03-29 15:50:00', 11.38, 11.39, 11.38, 11.39, 594]
['2019-03-29 15:48:00', 11.39, 11.39, 11.39, 11.39, 303]
['2019-03-29 15:47:00', 11.4, 11.39, 11.39, 11.4, 414]
['2019-03-29 15:46:00', 11.4, 11.4, 11.4, 11.4, 106]
['2019-03-29 15:45:00', 11.43, 11.41, 11.41, 11.43, 494]
['2019-03-29 15:44:00', 11.45, 11.44, 11.44, 11.45, 486]
['2019-03-29 15:43:00', 11.46, 11.46, 11.46, 11.46, 149]
['2019-03-29 15:42:00', 11.45, 11.45, 11.45, 11.45, 201]
['2019-03-29 15:38:00', 11.465, 11.46, 11.46, 11.465, 1125]
['2019-03-29 15:37:00', 11.46, 11.46, 11.46, 11.46, 300]
['2019-03-29 15:36:00', 11.45, 11.46, 11.45, 11.46, 1491]
['2019-03-29 15:35:00', 11.44, 11.44, 11.44, 11.45, 400]
['2019-03-29 15:34:00', 11.44, 11.44, 11.44, 11.44, 700]
['2019-03-29 15:32:00', 11.44, 11.44, 11.44, 11.44, 100]
['2019-03-29 15:31:00', 11.45, 11.445, 11.43, 11.45, 1809]
['2019-03-29 15:30:00', 11.46, 11.45, 11.45, 11.46, 244]
['2019-03-29 15:28:00', 11.46, 11.46, 11.46, 11.46, 200]
['2019-03-29 15:23:00', 11.47, 11.47, 11.47, 11.47, 900]
['2019-03-29 15:21:00', 11.47, 11.47, 11.47, 11.47, 100]
['2019-03-29 15:19:00', 11.48, 11.47, 11.47, 11.48, 805]
['2019-03-29 15:17:00', 11.45, 11.46, 11.45, 11.46, 529]
['2019-03-29 15:16:00', 11.43, 11.44, 11.43, 11.44, 1017]
['2019-03-29 15:14:00', 11.425, 11.425, 11.425, 11.425, 100]
['2019-03-29 15:13:00', 11.48, 11.4105, 11.38, 11.486, 4139]
['2019-03-29 15:11:00', 11.5, 11.48, 11.48, 11.5, 300]
['2019-03-29 15:10:00', 11.49, 11.49, 11.49, 11.49, 100]
['2019-03-29 15:09:00', 11.49, 11.48, 11.48, 11.49, 740]
['2019-03-29 15:05:00', 11.5, 11.5, 11.49, 11.5, 1314]
['2019-03-29 15:04:00', 11.49, 11.5, 11.49, 11.51, 532]
['2019-03-29 15:03:00', 11.49, 11.49, 11.49, 11.49, 118]
['2019-03-29 15:02:00', 11.49, 11.49, 11.485, 11.49, 630]
['2019-03-29 14:58:00', 11.48, 11.48, 11.48, 11.48, 100]
['2019-03-29 14:55:00', 11.48, 11.48, 11.48, 11.48, 245]
['2019-03-29 14:54:00', 11.47, 11.45, 11.45, 11.47, 1072]
['2019-03-29 14:52:00', 11.46, 11.46, 11.46, 11.46, 300]
['2019-03-29 14:50:00', 11.45, 11.45, 11.45, 11.45, 100]
['2019-03-29 14:48:00', 11.43, 11.44, 11.43, 11.44, 1235]
['2019-03-29 14:47:00', 11.43, 11.43, 11.43, 11.43, 100]
['2019-03-29 14:46:00', 11.43, 11.43, 11.43, 11.43, 115]
['2019-03-29 14:43:00', 11.42, 11.42, 11.42, 11.42, 346]
['2019-03-29 14:41:00', 11.41, 11.41, 11.41, 11.415, 869]
['2019-03-29 14:38:00', 11.41, 11.41, 11.405, 11.41, 439]
['2019-03-29 14:36:00', 11.3964, 11.3964, 11.3964, 11.3964, 140]
['2019-03-29 14:35:00', 11.4, 11.4, 11.4, 11.4, 100]
['2019-03-29 14:31:00', 11.37, 11.38, 11.37, 11.38, 535]
['2019-03-29 14:30:00', 11.38, 11.38, 11.38, 11.38, 240]
['2019-03-29 14:27:00', 11.37, 11.38, 11.37, 11.38, 500]
['2019-03-29 14:26:00', 11.37, 11.37, 11.37, 11.37, 100]
['2019-03-29 14:24:00', 11.4, 11.37, 11.37, 11.4, 1111]
['2019-03-29 14:23:00', 11.4, 11.4, 11.39, 11.4, 1409]
['2019-03-29 14:20:00', 11.37, 11.37, 11.37, 11.37, 1136]
['2019-03-29 14:19:00', 11.37, 11.37, 11.37, 11.37, 101]
['2019-03-29 14:16:00', 11.35, 11.35, 11.35, 11.35, 100]
['2019-03-29 14:15:00', 11.36, 11.36, 11.36, 11.36, 100]
['2019-03-29 14:13:00', 11.34, 11.36, 11.34, 11.36, 200]
['2019-03-29 14:10:00', 11.32, 11.32, 11.32, 11.32, 504]
['2019-03-29 14:09:00', 11.315, 11.32, 11.315, 11.32, 200]
['2019-03-29 14:08:00', 11.32, 11.32, 11.32, 11.32, 111]
['2019-03-29 14:05:00', 11.3, 11.3, 11.3, 11.3, 354]
['2019-03-29 14:04:00', 11.29, 11.29, 11.28, 11.3, 1013]
['2019-03-29 14:01:00', 11.28, 11.28, 11.28, 11.28, 100]
['2019-03-29 13:54:00', 11.28, 11.28, 11.28, 11.28, 1250]
['2019-03-29 13:53:00', 11.29, 11.3, 11.29, 11.3, 3501]
['2019-03-29 13:52:00', 11.3, 11.3, 11.3, 11.31, 746]
['2019-03-29 13:51:00', 11.225, 11.2593, 11.225, 11.2593, 2550]
['2019-03-29 13:50:00', 11.23, 11.23, 11.23, 11.23, 200]
['2019-03-29 13:48:00', 11.26, 11.26, 11.26, 11.27, 522]
['2019-03-29 13:47:00', 11.29, 11.245, 11.245, 11.29, 1385]
['2019-03-29 13:40:00', 11.2859, 11.2859, 11.2859, 11.2859, 1000]
['2019-03-29 13:37:00', 11.31, 11.29, 11.26, 11.31, 1480]
['2019-03-29 13:36:00', 11.32, 11.32, 11.32, 11.32, 100]
['2019-03-29 13:35:00', 11.32, 11.32, 11.32, 11.32, 200]
['2019-03-29 13:32:00', 11.3, 11.32, 11.3, 11.32, 2075]
['2019-03-29 13:31:00', 11.33, 11.3, 11.3, 11.36, 3624]
['2019-03-29 13:30:00', 11.36, 11.34, 11.33, 11.36, 3620]
['2019-03-29 13:29:00', 11.36, 11.36, 11.36, 11.36, 718]
['2019-03-29 13:28:00', 11.36, 11.36, 11.36, 11.36, 100]
['2019-03-29 13:27:00', 11.33, 11.34, 11.32, 11.34, 1334]
['2019-03-29 13:26:00', 11.29, 11.32, 11.28, 11.32, 2321]
['2019-03-29 13:25:00', 11.35, 11.34, 11.34, 11.35, 475]
['2019-03-29 13:24:00', 11.36, 11.36, 11.34, 11.36, 871]
['2019-03-29 13:23:00', 11.34, 11.36, 11.33, 11.36, 806]
['2019-03-29 13:21:00', 11.33, 11.33, 11.315, 11.33, 563]
['2019-03-29 13:16:00', 11.285, 11.3, 11.28, 11.31, 2330]
['2019-03-29 13:15:00', 11.2971, 11.28, 11.26, 11.2971, 3424]
['2019-03-29 13:14:00', 11.17, 11.3, 11.17, 11.3, 13141]
['2019-03-29 13:13:00', 11.11, 11.16, 11.11, 11.16, 4596]
['2019-03-29 13:12:00', 11.09, 11.12, 11.09, 11.12, 11251]
['2019-03-29 13:11:00', 11.09, 11.09, 11.09, 11.1, 1300]
['2019-03-29 13:10:00', 11.09, 11.1, 11.09, 11.1, 700]
['2019-03-29 13:09:00', 11.11, 11.1, 11.1, 11.11, 5800]
['2019-03-29 13:08:00', 11.1, 11.11, 11.09, 11.11, 1403]
['2019-03-29 13:07:00', 11.1, 11.1, 11.1, 11.1, 630]
['2019-03-29 13:06:00', 11.115, 11.1, 11.1, 11.115, 365]
['2019-03-29 13:03:00', 11.11, 11.11, 11.11, 11.11, 100]
['2019-03-29 13:00:00', 11.07, 11.07, 11.07, 11.07, 100]
['2019-03-29 12:58:00', 11.09, 11.09, 11.09, 11.09, 300]
['2019-03-29 12:55:00', 11.055, 11.07, 11.055, 11.07, 5858]
['2019-03-29 12:54:00', 11.06, 11.06, 11.06, 11.06, 125]
['2019-03-29 12:52:00', 11.0798, 11.0798, 11.0798, 11.0798, 1400]
['2019-03-29 12:50:00', 11.06, 11.06, 11.06, 11.06, 100]
['2019-03-29 12:48:00', 11.02, 11.02, 11.02, 11.02, 100]
['2019-03-29 12:46:00', 11.07, 11.045, 11.045, 11.07, 540]
['2019-03-29 12:42:00', 11.07, 11.07, 11.07, 11.07, 100]
['2019-03-29 12:41:00', 11.04, 11.04, 11.04, 11.04, 150]
['2019-03-29 12:39:00', 11.03, 11.03, 11.03, 11.03, 428]
['2019-03-29 12:34:00', 10.98, 11.01, 10.98, 11.01, 210]
['2019-03-29 12:32:00', 10.96, 10.96, 10.96, 10.96, 230]
['2019-03-29 12:31:00', 10.97, 10.95, 10.95, 10.97, 700]
['2019-03-29 12:29:00', 11.0, 11.01, 11.0, 11.01, 1100]
['2019-03-29 12:27:00', 10.98, 10.98, 10.98, 10.98, 140]
['2019-03-29 12:24:00', 10.96, 10.97, 10.96, 10.97, 599]
['2019-03-29 12:23:00', 10.94, 10.95, 10.94, 10.95, 1116]
['2019-03-29 12:22:00', 10.91, 10.94, 10.91, 10.94, 1226]
['2019-03-29 12:21:00', 10.97, 10.93, 10.92, 10.97, 6801]
['2019-03-29 12:20:00', 10.97, 10.97, 10.95, 10.97, 2910]
['2019-03-29 12:19:00', 10.96, 10.97, 10.96, 10.98, 1044]
['2019-03-29 12:18:00', 10.94, 10.96, 10.94, 10.96, 680]
['2019-03-29 12:12:00', 10.9, 10.94, 10.9, 10.94, 1821]
['2019-03-29 12:11:00', 10.91, 10.9, 10.9, 10.91, 300]
['2019-03-29 12:10:00', 10.91, 10.91, 10.91, 10.91, 100]
['2019-03-29 12:09:00', 10.9, 10.9, 10.9, 10.9, 500]
['2019-03-29 12:08:00', 10.89, 10.9, 10.89, 10.9, 950]
['2019-03-29 12:07:00', 10.9, 10.895, 10.895, 10.9, 873]
['2019-03-29 12:06:00', 10.915, 10.93, 10.9, 10.93, 5600]
['2019-03-29 12:01:00', 10.92, 10.92, 10.92, 10.92, 380]
['2019-03-29 11:57:00', 10.9001, 10.9001, 10.9001, 10.9001, 360]
['2019-03-29 11:55:00', 10.91, 10.91, 10.91, 10.91, 220]
['2019-03-29 11:49:00', 10.94, 10.93, 10.93, 10.94, 220]
['2019-03-29 11:46:00', 10.95, 10.95, 10.95, 10.95, 100]
['2019-03-29 11:43:00', 11.01, 11.01, 11.01, 11.01, 340]
['2019-03-29 11:38:00', 11.01, 11.01, 11.01, 11.01, 270]
['2019-03-29 11:37:00', 11.02, 11.01, 11.01, 11.02, 200]
['2019-03-29 11:36:00', 11.06, 11.04, 11.04, 11.06, 2445]
['2019-03-29 11:35:00', 11.06, 11.06, 11.06, 11.06, 300]
['2019-03-29 11:30:00', 11.02, 11.02, 11.02, 11.05, 716]
['2019-03-29 11:25:00', 11.035, 11.03, 11.03, 11.035, 435]
['2019-03-29 11:22:00', 11.05, 11.05, 11.05, 11.05, 300]
['2019-03-29 11:21:00', 11.05, 11.05, 11.05, 11.05, 140]
['2019-03-29 11:15:00', 11.08, 11.08, 11.08, 11.08, 100]
['2019-03-29 11:13:00', 11.1, 11.1, 11.1, 11.1, 230]
['2019-03-29 11:09:00', 11.06, 11.07, 11.06, 11.07, 548]
['2019-03-29 11:08:00', 11.06, 11.075, 11.04, 11.08, 1894]
['2019-03-29 11:07:00', 11.05, 11.05, 11.05, 11.05, 100]
['2019-03-29 11:06:00', 11.05, 11.05, 11.05, 11.05, 105]
['2019-03-29 11:04:00', 11.08, 11.07, 11.07, 11.08, 505]
['2019-03-29 11:02:00', 11.08, 11.08, 11.08, 11.08, 100]
['2019-03-29 10:58:00', 11.08, 11.08, 11.08, 11.08, 100]
['2019-03-29 10:55:00', 11.045, 11.07, 11.045, 11.07, 448]
['2019-03-29 10:51:00', 11.1, 11.07, 11.07, 11.1, 515]
['2019-03-29 10:49:00', 11.09, 11.1, 11.09, 11.1, 400]
['2019-03-29 10:45:00', 11.09, 11.07, 11.07, 11.09, 412]
['2019-03-29 10:42:00', 11.09, 11.09, 11.09, 11.09, 370]
['2019-03-29 10:41:00', 11.09, 11.08, 11.08, 11.09, 200]
['2019-03-29 10:40:00', 11.105, 11.0805, 11.08, 11.105, 1000]
['2019-03-29 10:39:00', 11.055, 11.08, 11.055, 11.095, 2691]
['2019-03-29 10:38:00', 11.06, 11.05, 11.05, 11.06, 330]
['2019-03-29 10:36:00', 11.08, 11.08, 11.08, 11.08, 400]
['2019-03-29 10:32:00', 11.11, 11.1, 11.1, 11.11, 300]
['2019-03-29 10:27:00', 11.06, 11.11, 11.045, 11.13, 2883]
['2019-03-29 10:26:00', 11.025, 11.04, 11.025, 11.04, 646]
['2019-03-29 10:25:00', 11.02, 11.025, 11.02, 11.04, 423]
['2019-03-29 10:23:00', 11.07, 11.06, 11.06, 11.07, 834]
['2019-03-29 10:22:00', 11.11, 11.11, 11.11, 11.11, 192]
['2019-03-29 10:21:00', 11.13, 11.13, 11.13, 11.13, 100]
['2019-03-29 10:15:00', 11.11, 11.09, 11.05, 11.11, 3398]
['2019-03-29 10:14:00', 11.1, 11.1, 11.1, 11.1, 100]
['2019-03-29 10:11:00', 11.1, 11.09, 11.09, 11.1, 300]
['2019-03-29 10:10:00', 11.1, 11.1, 11.1, 11.1, 100]
['2019-03-29 10:09:00', 11.09, 11.11, 11.09, 11.11, 200]
['2019-03-29 10:08:00', 11.09, 11.09, 11.09, 11.09, 100]
['2019-03-29 10:07:00', 11.1, 11.1, 11.1, 11.1, 130]
['2019-03-29 10:05:00', 11.155, 11.13, 11.13, 11.155, 1015]
['2019-03-29 10:04:00', 11.155, 11.155, 11.155, 11.155, 100]
['2019-03-29 10:02:00', 11.18, 11.18, 11.18, 11.18, 133]
['2019-03-29 09:59:00', 11.17, 11.145, 11.145, 11.17, 321]
['2019-03-29 09:56:00', 11.18, 11.17, 11.17, 11.18, 200]
['2019-03-29 09:55:00', 11.15, 11.15, 11.15, 11.15, 392]
['2019-03-29 09:54:00', 11.11, 11.11, 11.11, 11.11, 100]
['2019-03-29 09:53:00', 11.13, 11.13, 11.13, 11.13, 210]
['2019-03-29 09:52:00', 11.14, 11.145, 11.13, 11.145, 2384]
['2019-03-29 09:51:00', 11.1592, 11.2, 11.1592, 11.2, 1416]
['2019-03-29 09:50:00', 11.09, 11.16, 11.09, 11.16, 368]
['2019-03-29 09:49:00', 11.08, 11.1, 11.08, 11.1, 278]
['2019-03-29 09:48:00', 11.0, 11.05, 11.0, 11.05, 8328]
['2019-03-29 09:47:00', 11.0, 11.0, 11.0, 11.0, 300]
['2019-03-29 09:46:00', 11.0, 11.0, 11.0, 11.0, 121]
['2019-03-29 09:45:00', 10.855, 11.0, 10.855, 11.0, 1419]
['2019-03-29 09:44:00', 10.9, 10.9, 10.9, 10.9, 100]
['2019-03-29 09:42:00', 10.86, 10.86, 10.86, 10.86, 103]
['2019-03-29 09:40:00', 10.835, 10.835, 10.835, 10.835, 210]
['2019-03-29 09:39:00', 10.79, 10.9, 10.76, 10.9, 2810]
['2019-03-29 09:37:00', 10.9, 10.9, 10.9, 10.9, 103]
['2019-03-29 09:31:00', 10.9, 10.9, 10.9, 10.9, 0]
['2019-03-28 16:00:00', 10.82, 10.85, 10.82, 10.85, 1839]
['2019-03-28 15:59:00', 10.79, 10.81, 10.78, 10.82, 2510]
['2019-03-28 15:58:00', 10.8, 10.805, 10.77, 10.81, 1043]
['2019-03-28 15:57:00', 10.8, 10.78, 10.78, 10.8, 1411]
['2019-03-28 15:56:00', 10.805, 10.805, 10.805, 10.805, 100]
['2019-03-28 15:55:00', 10.78, 10.8, 10.77, 10.8, 3535]
['2019-03-28 15:54:00', 10.795, 10.795, 10.795, 10.8, 1215]
['2019-03-28 15:52:00', 10.8, 10.8, 10.8, 10.8, 205]
['2019-03-28 15:51:00', 10.8, 10.8, 10.79, 10.8, 800]
['2019-03-28 15:50:00', 10.81, 10.81, 10.81, 10.81, 100]
['2019-03-28 15:49:00', 10.81, 10.81, 10.81, 10.81, 626]
['2019-03-28 15:48:00', 10.8, 10.8, 10.8, 10.8, 320]
['2019-03-28 15:47:00', 10.8, 10.8, 10.79, 10.8, 338]
['2019-03-28 15:45:00', 10.81, 10.81, 10.81, 10.81, 130]
['2019-03-28 15:44:00', 10.81, 10.81, 10.81, 10.81, 205]
['2019-03-28 15:43:00', 10.8, 10.8, 10.8, 10.8, 145]
['2019-03-28 15:42:00', 10.8, 10.8, 10.8, 10.8, 365]
['2019-03-28 15:41:00', 10.795, 10.795, 10.795, 10.795, 150]
['2019-03-28 15:40:00', 10.81, 10.81, 10.81, 10.81, 100]
['2019-03-28 15:39:00', 10.8, 10.795, 10.795, 10.805, 300]
['2019-03-28 15:34:00', 10.82, 10.82, 10.82, 10.82, 153]
['2019-03-28 15:32:00', 10.8, 10.79, 10.78, 10.8, 827]
['2019-03-28 15:29:00', 10.81, 10.81, 10.81, 10.81, 220]
['2019-03-28 15:26:00', 10.81, 10.825, 10.81, 10.825, 752]
['2019-03-28 15:25:00', 10.81, 10.81, 10.81, 10.81, 300]
['2019-03-28 15:24:00', 10.8, 10.8, 10.8, 10.8, 110]
['2019-03-28 15:20:00', 10.81, 10.81, 10.81, 10.81, 105]
['2019-03-28 15:19:00', 10.82, 10.82, 10.82, 10.82, 100]
['2019-03-28 15:14:00', 10.84, 10.84, 10.84, 10.84, 210]
['2019-03-28 15:08:00', 10.86, 10.86, 10.86, 10.86, 147]
['2019-03-28 15:05:00', 10.85, 10.85, 10.85, 10.85, 310]
['2019-03-28 15:04:00', 10.84, 10.84, 10.84, 10.84, 200]
['2019-03-28 15:01:00', 10.815, 10.815, 10.815, 10.815, 491]
['2019-03-28 15:00:00', 10.81, 10.81, 10.81, 10.81, 437]
['2019-03-28 14:57:00', 10.785, 10.785, 10.785, 10.785, 178]
['2019-03-28 14:54:00', 10.81, 10.81, 10.81, 10.81, 200]
['2019-03-28 14:53:00', 10.8, 10.785, 10.785, 10.8, 1399]
['2019-03-28 14:52:00', 10.8, 10.8, 10.8, 10.8, 232]
['2019-03-28 14:50:00', 10.8, 10.8, 10.8, 10.8, 468]
['2019-03-28 14:48:00', 10.8, 10.8, 10.8, 10.8, 200]
['2019-03-28 14:46:00', 10.8, 10.8, 10.8, 10.8, 232]
['2019-03-28 14:45:00', 10.8, 10.81, 10.8, 10.81, 200]
['2019-03-28 14:43:00', 10.8, 10.8, 10.8, 10.8, 105]
['2019-03-28 14:39:00', 10.8, 10.8, 10.8, 10.8, 100]
['2019-03-28 14:37:00', 10.81, 10.81, 10.81, 10.81, 100]
['2019-03-28 14:34:00', 10.8, 10.8, 10.8, 10.8, 245]
['2019-03-28 14:33:00', 10.81, 10.81, 10.81, 10.81, 100]
['2019-03-28 14:30:00', 10.8, 10.81, 10.8, 10.81, 200]
['2019-03-28 14:29:00', 10.8, 10.8, 10.8, 10.8, 300]
['2019-03-28 14:27:00', 10.82, 10.82, 10.81, 10.82, 410]
['2019-03-28 14:25:00', 10.83, 10.82, 10.82, 10.83, 324]
['2019-03-28 14:22:00', 10.84, 10.84, 10.84, 10.84, 408]
['2019-03-28 14:20:00', 10.84, 10.84, 10.84, 10.84, 205]
['2019-03-28 14:15:00', 10.84, 10.84, 10.84, 10.84, 100]
['2019-03-28 14:12:00', 10.85, 10.85, 10.85, 10.85, 100]
['2019-03-28 14:10:00', 10.84, 10.84, 10.84, 10.84, 100]
['2019-03-28 14:06:00', 10.84, 10.84, 10.84, 10.84, 110]
['2019-03-28 14:05:00', 10.84, 10.84, 10.84, 10.84, 115]
['2019-03-28 14:04:00', 10.85, 10.85, 10.85, 10.85, 100]
['2019-03-28 13:56:00', 10.85, 10.85, 10.85, 10.85, 104]
['2019-03-28 13:55:00', 10.84, 10.84, 10.84, 10.84, 1095]
['2019-03-28 13:52:00', 10.825, 10.825, 10.825, 10.825, 100]
['2019-03-28 13:50:00', 10.82, 10.82, 10.82, 10.82, 166]
['2019-03-28 13:47:00', 10.825, 10.825, 10.825, 10.825, 110]
['2019-03-28 13:46:00', 10.84, 10.84, 10.84, 10.84, 100]
['2019-03-28 13:45:00', 10.83, 10.82, 10.82, 10.85, 710]
['2019-03-28 13:40:00', 10.84, 10.84, 10.84, 10.84, 100]
['2019-03-28 13:36:00', 10.87, 10.87, 10.87, 10.87, 100]
['2019-03-28 13:30:00', 10.885, 10.885, 10.885, 10.885, 100]
['2019-03-28 13:28:00', 10.9, 10.9, 10.9, 10.9, 100]
['2019-03-28 13:26:00', 10.9, 10.9, 10.9, 10.9, 200]
['2019-03-28 13:24:00', 10.89, 10.905, 10.89, 10.905, 215]
['2019-03-28 13:17:00', 10.86, 10.86, 10.86, 10.86, 160]
['2019-03-28 13:15:00', 10.86, 10.86, 10.86, 10.86, 451]
['2019-03-28 13:14:00', 10.84, 10.84, 10.84, 10.84, 467]
['2019-03-28 13:13:00', 10.84, 10.84, 10.84, 10.84, 100]
['2019-03-28 13:09:00', 10.84, 10.84, 10.84, 10.84, 190]
['2019-03-28 13:03:00', 10.82, 10.85, 10.82, 10.85, 283]
['2019-03-28 13:02:00', 10.85, 10.85, 10.85, 10.85, 100]
['2019-03-28 12:54:00', 10.81, 10.81, 10.81, 10.81, 974]
['2019-03-28 12:51:00', 10.8, 10.8, 10.8, 10.8, 400]
['2019-03-28 12:49:00', 10.8, 10.8, 10.8, 10.8, 245]
['2019-03-28 12:48:00', 10.8, 10.8, 10.8, 10.8, 200]
['2019-03-28 12:47:00', 10.8, 10.8, 10.8, 10.81, 1518]
['2019-03-28 12:45:00', 10.81, 10.81, 10.81, 10.81, 405]
['2019-03-28 12:43:00', 10.815, 10.815, 10.815, 10.815, 100]
['2019-03-28 12:40:00', 10.83, 10.83, 10.83, 10.83, 144]
['2019-03-28 12:27:00', 10.82, 10.82, 10.82, 10.82, 357]
['2019-03-28 12:18:00', 10.81, 10.81, 10.81, 10.81, 636]
['2019-03-28 12:17:00', 10.81, 10.82, 10.81, 10.82, 400]
['2019-03-28 12:13:00', 10.81, 10.83, 10.81, 10.83, 282]
['2019-03-28 12:12:00', 10.82, 10.82, 10.82, 10.82, 300]
['2019-03-28 12:11:00', 10.81, 10.81, 10.81, 10.81, 224]
['2019-03-28 12:10:00', 10.81, 10.81, 10.81, 10.81, 101]
['2019-03-28 12:09:00', 10.8, 10.8, 10.8, 10.8, 100]
['2019-03-28 12:08:00', 10.81, 10.81, 10.81, 10.81, 100]
['2019-03-28 12:05:00', 10.84, 10.84, 10.84, 10.84, 334]
['2019-03-28 12:03:00', 10.87, 10.8502, 10.8502, 10.87, 500]
['2019-03-28 11:58:00', 10.89, 10.89, 10.89, 10.89, 205]
['2019-03-28 11:53:00', 10.91, 10.91, 10.91, 10.91, 105]
['2019-03-28 11:45:00', 10.925, 10.925, 10.925, 10.925, 100]
['2019-03-28 11:44:00', 10.9, 10.96, 10.9, 10.96, 600]
['2019-03-28 11:43:00', 10.92, 10.92, 10.92, 10.92, 105]
['2019-03-28 11:42:00', 10.92, 10.92, 10.92, 10.92, 1676]
['2019-03-28 11:41:00', 10.94, 10.92, 10.92, 10.94, 1400]
['2019-03-28 11:40:00', 10.9202, 10.97, 10.9202, 10.97, 1596]
['2019-03-28 11:39:00', 10.86, 10.92, 10.86, 10.92, 1680]
['2019-03-28 11:38:00', 10.89, 10.89, 10.89, 10.89, 1605]
['2019-03-28 11:37:00', 10.87, 10.89, 10.87, 10.89, 1610]
['2019-03-28 11:36:00', 10.94, 10.89, 10.89, 10.95, 2496]
['2019-03-28 11:35:00', 10.88, 10.94, 10.88, 10.94, 1320]
['2019-03-28 11:34:00', 10.85, 10.87, 10.85, 10.88, 2300]
['2019-03-28 11:33:00', 10.81, 10.85, 10.81, 10.85, 770]
['2019-03-28 11:32:00', 10.85, 10.85, 10.85, 10.855, 810]
['2019-03-28 11:31:00', 10.84, 10.85, 10.84, 10.85, 340]
['2019-03-28 11:30:00', 10.83, 10.84, 10.81, 10.84, 1845]
['2019-03-28 11:29:00', 10.84, 10.8, 10.8, 10.84, 3445]
['2019-03-28 11:28:00', 10.84, 10.84, 10.84, 10.84, 420]
['2019-03-28 11:26:00', 10.86, 10.86, 10.86, 10.86, 239]
['2019-03-28 11:25:00', 10.85, 10.85, 10.85, 10.85, 347]
['2019-03-28 11:24:00', 10.81, 10.85, 10.81, 10.85, 2032]
['2019-03-28 11:23:00', 10.8, 10.8, 10.8, 10.81, 680]
['2019-03-28 11:22:00', 10.81, 10.81, 10.81, 10.81, 100]
['2019-03-28 11:20:00', 10.8, 10.81, 10.8, 10.81, 200]
['2019-03-28 11:16:00', 10.82, 10.82, 10.82, 10.82, 100]
['2019-03-28 11:15:00', 10.81, 10.815, 10.81, 10.82, 821]
['2019-03-28 11:14:00', 10.8, 10.805, 10.77, 10.805, 800]
['2019-03-28 11:13:00', 10.795, 10.795, 10.795, 10.795, 100]
['2019-03-28 11:10:00', 10.8, 10.8, 10.8, 10.8, 302]
['2019-03-28 11:09:00', 10.8, 10.8, 10.8, 10.8, 503]
['2019-03-28 11:07:00', 10.8, 10.8, 10.8, 10.805, 600]
['2019-03-28 11:06:00', 10.78, 10.8, 10.78, 10.8, 500]
['2019-03-28 11:05:00', 10.8, 10.8, 10.8, 10.8, 574]
['2019-03-28 11:02:00', 10.81, 10.81, 10.81, 10.81, 253]
['2019-03-28 11:01:00', 10.8, 10.8, 10.8, 10.8, 1526]
['2019-03-28 11:00:00', 10.825, 10.8, 10.79, 10.825, 500]
['2019-03-28 10:58:00', 10.825, 10.825, 10.825, 10.825, 100]
['2019-03-28 10:55:00', 10.82, 10.82, 10.82, 10.82, 100]
['2019-03-28 10:51:00', 10.85, 10.85, 10.85, 10.85, 170]
['2019-03-28 10:46:00', 10.85, 10.86, 10.85, 10.86, 460]
['2019-03-28 10:45:00', 10.88, 10.88, 10.88, 10.88, 140]
['2019-03-28 10:43:00', 10.84, 10.84, 10.84, 10.84, 444]
['2019-03-28 10:42:00', 10.84, 10.825, 10.825, 10.84, 310]
['2019-03-28 10:41:00', 10.81, 10.81, 10.81, 10.83, 1092]
['2019-03-28 10:40:00', 10.805, 10.805, 10.805, 10.805, 291]
['2019-03-28 10:37:00', 10.795, 10.8, 10.78, 10.8, 1151]
['2019-03-28 10:35:00', 10.795, 10.795, 10.795, 10.795, 130]
['2019-03-28 10:33:00', 10.795, 10.795, 10.795, 10.8, 300]
['2019-03-28 10:31:00', 10.8, 10.8, 10.8, 10.8, 105]
['2019-03-28 10:27:00', 10.795, 10.795, 10.795, 10.795, 150]
['2019-03-28 10:26:00', 10.8, 10.8, 10.8, 10.8, 220]
['2019-03-28 10:23:00', 10.795, 10.795, 10.795, 10.795, 243]
['2019-03-28 10:20:00', 10.8, 10.79, 10.79, 10.8, 265]
['2019-03-28 10:17:00', 10.81, 10.81, 10.81, 10.81, 196]
['2019-03-28 10:14:00', 10.8, 10.8, 10.8, 10.8, 1907]
['2019-03-28 10:13:00', 10.81, 10.81, 10.81, 10.81, 100]
['2019-03-28 10:09:00', 10.815, 10.815, 10.815, 10.815, 160]
['2019-03-28 10:01:00', 10.81, 10.81, 10.81, 10.81, 1177]
['2019-03-28 10:00:00', 10.8, 10.8, 10.8, 10.815, 1359]
['2019-03-28 09:58:00', 10.82, 10.82, 10.82, 10.82, 100]
['2019-03-28 09:57:00', 10.8, 10.8, 10.8, 10.8, 100]
['2019-03-28 09:54:00', 10.81, 10.81, 10.81, 10.81, 200]
['2019-03-28 09:51:00', 10.8, 10.8, 10.8, 10.8, 100]
['2019-03-28 09:48:00', 10.835, 10.86, 10.81, 10.86, 400]
['2019-03-28 09:47:00', 10.88, 10.81, 10.81, 10.88, 200]
['2019-03-28 09:45:00', 10.84, 10.84, 10.84, 10.84, 100]
['2019-03-28 09:43:00', 10.88, 10.845, 10.8, 10.88, 3867]
['2019-03-28 09:40:00', 10.885, 10.88, 10.88, 10.885, 8132]
['2019-03-27 16:00:00', 10.89, 10.84, 10.84, 10.92, 3531]
['2019-03-27 15:59:00', 10.81, 10.88, 10.8, 10.92, 9603]
['2019-03-27 15:58:00', 10.775, 10.8, 10.775, 10.8, 1277]
['2019-03-27 15:57:00', 10.77, 10.78, 10.77, 10.78, 333]
['2019-03-27 15:56:00', 10.77, 10.77, 10.77, 10.77, 200]
['2019-03-27 15:54:00', 10.78, 10.77, 10.77, 10.78, 770]
['2019-03-27 15:53:00', 10.77, 10.77, 10.77, 10.77, 359]
['2019-03-27 15:51:00', 10.82, 10.79, 10.79, 10.82, 2131]
['2019-03-27 15:50:00', 10.82, 10.82, 10.82, 10.82, 100]
['2019-03-27 15:43:00', 10.825, 10.825, 10.825, 10.825, 136]
['2019-03-27 15:39:00', 10.82, 10.84, 10.82, 10.84, 650]
['2019-03-27 15:36:00', 10.81, 10.81, 10.81, 10.81, 220]
['2019-03-27 15:32:00', 10.82, 10.82, 10.82, 10.82, 110]
['2019-03-27 15:27:00', 10.765, 10.78, 10.765, 10.78, 210]
['2019-03-27 15:22:00', 10.75, 10.75, 10.75, 10.75, 300]
['2019-03-27 15:20:00', 10.72, 10.72, 10.72, 10.72, 100]
['2019-03-27 15:18:00', 10.715, 10.715, 10.715, 10.715, 100]
['2019-03-27 15:17:00', 10.72, 10.72, 10.72, 10.72, 100]
['2019-03-27 15:16:00', 10.69, 10.7, 10.69, 10.7, 742]
['2019-03-27 15:15:00', 10.7, 10.69, 10.69, 10.7, 324]
['2019-03-27 15:13:00', 10.7, 10.7, 10.7, 10.7, 200]
['2019-03-27 15:12:00', 10.72, 10.72, 10.72, 10.72, 226]
['2019-03-27 15:11:00', 10.72, 10.72, 10.72, 10.72, 100]
['2019-03-27 15:09:00', 10.73, 10.72, 10.72, 10.73, 400]
['2019-03-27 15:08:00', 10.73, 10.73, 10.73, 10.73, 100]
['2019-03-27 15:06:00', 10.75, 10.75, 10.75, 10.75, 405]
['2019-03-27 15:05:00', 10.75, 10.75, 10.75, 10.75, 205]
['2019-03-27 15:02:00', 10.77, 10.76, 10.76, 10.77, 200]
['2019-03-27 15:00:00', 10.77, 10.76, 10.76, 10.77, 200]
['2019-03-27 14:56:00', 10.7623, 10.7623, 10.7623, 10.7623, 211]
['2019-03-27 14:51:00', 10.79, 10.78, 10.78, 10.79, 415]
['2019-03-27 14:47:00', 10.8, 10.8, 10.8, 10.8, 100]
['2019-03-27 14:39:00', 10.8, 10.81, 10.79, 10.81, 669]
['2019-03-27 14:36:00', 10.81, 10.81, 10.81, 10.81, 182]
['2019-03-27 14:33:00', 10.82, 10.82, 10.82, 10.82, 300]
['2019-03-27 14:32:00', 10.79, 10.82, 10.79, 10.82, 286]
['2019-03-27 14:31:00', 10.79, 10.79, 10.79, 10.79, 100]
['2019-03-27 14:25:00', 10.75, 10.75, 10.75, 10.75, 412]
['2019-03-27 14:24:00', 10.735, 10.735, 10.735, 10.735, 192]
['2019-03-27 14:20:00', 10.76, 10.755, 10.755, 10.77, 384]
['2019-03-27 14:19:00', 10.78, 10.78, 10.78, 10.78, 249]
['2019-03-27 14:17:00', 10.78, 10.78, 10.78, 10.78, 100]
['2019-03-27 14:12:00', 10.77, 10.77, 10.77, 10.77, 105]
['2019-03-27 14:11:00', 10.75, 10.75, 10.75, 10.75, 570]
['2019-03-27 14:10:00', 10.73, 10.73, 10.73, 10.73, 100]
['2019-03-27 14:08:00', 10.75, 10.75, 10.75, 10.75, 355]
['2019-03-27 14:06:00', 10.72, 10.74, 10.72, 10.74, 420]
['2019-03-27 14:04:00', 10.71, 10.71, 10.71, 10.71, 245]
['2019-03-27 14:03:00', 10.71, 10.71, 10.71, 10.71, 120]
['2019-03-27 14:01:00', 10.7, 10.7, 10.7, 10.7, 546]
['2019-03-27 14:00:00', 10.7, 10.7, 10.7, 10.7, 270]
['2019-03-27 13:55:00', 10.72, 10.72, 10.72, 10.72, 100]
['2019-03-27 13:45:00', 10.74, 10.74, 10.74, 10.74, 173]
['2019-03-27 13:44:00', 10.72, 10.72, 10.72, 10.72, 180]
['2019-03-27 13:36:00', 10.75, 10.74, 10.74, 10.75, 305]
['2019-03-27 13:33:00', 10.78, 10.78, 10.78, 10.78, 276]
['2019-03-27 13:32:00', 10.8, 10.8, 10.8, 10.8, 185]
['2019-03-27 13:28:00', 10.8, 10.79, 10.79, 10.8, 300]
['2019-03-27 13:22:00', 10.78, 10.78, 10.78, 10.78, 418]
['2019-03-27 13:19:00', 10.78, 10.78, 10.78, 10.78, 156]
['2019-03-27 13:15:00', 10.78, 10.81, 10.78, 10.81, 688]
['2019-03-27 13:12:00', 10.745, 10.745, 10.745, 10.745, 204]
['2019-03-27 13:09:00', 10.745, 10.76, 10.745, 10.76, 476]
['2019-03-27 13:05:00', 10.73, 10.74, 10.73, 10.74, 700]
['2019-03-27 13:04:00', 10.7, 10.73, 10.67, 10.73, 10463]
['2019-03-27 13:02:00', 10.72, 10.72, 10.72, 10.72, 160]
['2019-03-27 12:59:00', 10.72, 10.72, 10.72, 10.72, 240]
['2019-03-27 12:53:00', 10.74, 10.74, 10.74, 10.74, 700]
['2019-03-27 12:51:00', 10.745, 10.745, 10.745, 10.745, 200]
['2019-03-27 12:50:00', 10.76, 10.76, 10.76, 10.76, 200]
['2019-03-27 12:49:00', 10.755, 10.76, 10.755, 10.76, 1200]
['2019-03-27 12:48:00', 10.77, 10.77, 10.77, 10.77, 314]
['2019-03-27 12:46:00', 10.77, 10.77, 10.77, 10.77, 100]
['2019-03-27 12:45:00', 10.76, 10.76, 10.76, 10.76, 200]
['2019-03-27 12:42:00', 10.75, 10.75, 10.75, 10.75, 210]
['2019-03-27 12:40:00', 10.78, 10.78, 10.78, 10.78, 122]
['2019-03-27 12:39:00', 10.76, 10.78, 10.76, 10.78, 1661]
['2019-03-27 12:38:00', 10.76, 10.76, 10.76, 10.76, 100]
['2019-03-27 12:37:00', 10.76, 10.76, 10.76, 10.76, 126]
['2019-03-27 12:34:00', 10.79, 10.79, 10.79, 10.79, 127]
['2019-03-27 12:33:00', 10.785, 10.785, 10.785, 10.785, 100]
['2019-03-27 12:32:00', 10.8, 10.8, 10.8, 10.8, 295]
['2019-03-27 12:28:00', 10.8, 10.79, 10.79, 10.8, 470]
['2019-03-27 12:27:00', 10.79, 10.79, 10.79, 10.79, 230]
['2019-03-27 12:25:00', 10.78, 10.78, 10.78, 10.78, 138]
['2019-03-27 12:24:00', 10.8, 10.78, 10.77, 10.8, 300]
['2019-03-27 12:22:00', 10.81, 10.81, 10.81, 10.81, 134]
['2019-03-27 12:17:00', 10.76, 10.75, 10.75, 10.76, 310]
['2019-03-27 12:15:00', 10.73, 10.73, 10.73, 10.73, 254]
['2019-03-27 12:14:00', 10.77, 10.76, 10.76, 10.77, 1199]
['2019-03-27 12:11:00', 10.76, 10.76, 10.76, 10.76, 100]
['2019-03-27 12:06:00', 10.73, 10.73, 10.73, 10.73, 205]
['2019-03-27 12:05:00', 10.71, 10.71, 10.71, 10.71, 28852]
['2019-03-27 12:04:00', 10.685, 10.685, 10.685, 10.685, 0]
['2019-03-27 11:53:00', 10.65, 10.65, 10.65, 10.66, 1482]
['2019-03-27 11:50:00', 10.66, 10.66, 10.66, 10.66, 532]
['2019-03-27 11:48:00', 10.66, 10.66, 10.66, 10.66, 258]
['2019-03-27 11:41:00', 10.65, 10.65, 10.65, 10.65, 423]
['2019-03-27 11:40:00', 10.67, 10.67, 10.67, 10.67, 312]
['2019-03-27 11:39:00', 10.67, 10.67, 10.67, 10.67, 550]
['2019-03-27 11:37:00', 10.65, 10.66, 10.65, 10.66, 722]
['2019-03-27 11:36:00', 10.64, 10.65, 10.63, 10.65, 343]
['2019-03-27 11:35:00', 10.66, 10.65, 10.65, 10.66, 425]
['2019-03-27 11:34:00', 10.68, 10.68, 10.68, 10.68, 109]
['2019-03-27 11:33:00', 10.68, 10.68, 10.68, 10.68, 100]
['2019-03-27 11:30:00', 10.65, 10.65, 10.65, 10.65, 255]
['2019-03-27 11:29:00', 10.66, 10.67, 10.66, 10.67, 200]
['2019-03-27 11:28:00', 10.7, 10.68, 10.68, 10.7, 1005]
['2019-03-27 11:25:00', 10.69, 10.69, 10.69, 10.69, 135]
['2019-03-27 11:19:00', 10.635, 10.65, 10.635, 10.65, 660]
['2019-03-27 11:17:00', 10.6, 10.6, 10.6, 10.6, 330]
['2019-03-27 11:15:00', 10.62, 10.6248, 10.62, 10.6248, 200]
['2019-03-27 11:13:00', 10.65, 10.66, 10.65, 10.66, 300]
['2019-03-27 11:09:00', 10.651, 10.651, 10.651, 10.651, 105]
['2019-03-27 11:07:00', 10.655, 10.655, 10.655, 10.655, 100]
['2019-03-27 11:06:00', 10.66, 10.65, 10.65, 10.66, 244]
['2019-03-27 11:05:00', 10.66, 10.66, 10.66, 10.66, 684]
['2019-03-27 11:04:00', 10.66, 10.65, 10.65, 10.66, 231]
['2019-03-27 10:58:00', 10.68, 10.68, 10.68, 10.68, 173]
['2019-03-27 10:57:00', 10.69, 10.68, 10.67, 10.69, 505]
['2019-03-27 10:56:00', 10.665, 10.69, 10.665, 10.69, 593]
['2019-03-27 10:51:00', 10.66, 10.66, 10.66, 10.66, 105]
['2019-03-27 10:46:00', 10.67, 10.67, 10.67, 10.67, 105]
['2019-03-27 10:44:00', 10.67, 10.67, 10.67, 10.68, 500]
['2019-03-27 10:43:00', 10.68, 10.68, 10.68, 10.68, 800]
['2019-03-27 10:42:00', 10.67, 10.68, 10.67, 10.68, 200]
['2019-03-27 10:41:00', 10.67, 10.67, 10.67, 10.67, 100]
['2019-03-27 10:38:00', 10.69, 10.69, 10.69, 10.69, 105]
['2019-03-27 10:36:00', 10.72, 10.72, 10.72, 10.72, 445]
['2019-03-27 10:33:00', 10.695, 10.7, 10.695, 10.7, 450]
['2019-03-27 10:32:00', 10.72, 10.72, 10.72, 10.72, 100]
['2019-03-27 10:28:00', 10.77, 10.77, 10.77, 10.77, 301]
['2019-03-27 10:24:00', 10.78, 10.79, 10.78, 10.79, 200]
['2019-03-27 10:23:00', 10.7412, 10.7712, 10.7412, 10.7712, 1560]
['2019-03-27 10:21:00', 10.75, 10.75, 10.75, 10.75, 100]
['2019-03-27 10:20:00', 10.68, 10.74, 10.68, 10.74, 2259]
['2019-03-27 10:17:00', 10.63, 10.65, 10.63, 10.65, 600]
['2019-03-27 10:16:00', 10.63, 10.63, 10.63, 10.63, 407]
['2019-03-27 10:13:00', 10.6237, 10.6237, 10.6237, 10.6237, 104]
['2019-03-27 10:11:00', 10.67, 10.65, 10.64, 10.67, 650]
['2019-03-27 10:08:00', 10.68, 10.68, 10.68, 10.68, 200]
['2019-03-27 10:03:00', 10.53, 10.68, 10.53, 10.68, 2556]
['2019-03-27 10:02:00', 10.53, 10.54, 10.53, 10.54, 200]
['2019-03-27 10:01:00', 10.54, 10.54, 10.54, 10.54, 305]
['2019-03-27 09:58:00', 10.63, 10.59, 10.59, 10.63, 330]
['2019-03-27 09:57:00', 10.67, 10.66, 10.6169, 10.68, 2400]
['2019-03-27 09:55:00', 10.659, 10.68, 10.659, 10.68, 1988]
['2019-03-27 09:50:00', 10.78, 10.75, 10.75, 10.78, 315]
['2019-03-27 09:33:00', 10.93, 10.93, 10.93, 10.93, 120]
['2019-03-27 09:31:00', 10.78, 10.78, 10.78, 10.78, 171]
['2019-03-26 16:00:00', 10.8, 10.8, 10.8, 10.8, 4180]
['2019-03-26 15:59:00', 10.77, 10.8, 10.77, 10.8, 1282]
['2019-03-26 15:58:00', 10.74, 10.74, 10.74, 10.74, 404]
['2019-03-26 15:56:00', 10.76, 10.76, 10.76, 10.76, 1110]
['2019-03-26 15:55:00', 10.75, 10.75, 10.75, 10.75, 1786]
['2019-03-26 15:54:00', 10.73, 10.73, 10.73, 10.73, 768]
['2019-03-26 15:53:00', 10.755, 10.755, 10.755, 10.755, 137]
['2019-03-26 15:51:00', 10.77, 10.77, 10.77, 10.77, 260]
['2019-03-26 15:49:00', 10.71, 10.76, 10.71, 10.76, 3299]
['2019-03-26 15:46:00', 10.7, 10.7, 10.7, 10.7, 463]
['2019-03-26 15:44:00', 10.71, 10.71, 10.71, 10.71, 403]
['2019-03-26 15:43:00', 10.72, 10.72, 10.72, 10.72, 213]
['2019-03-26 15:42:00', 10.73, 10.73, 10.73, 10.73, 511]
['2019-03-26 15:41:00', 10.74, 10.74, 10.74, 10.74, 890]
['2019-03-26 15:39:00', 10.72, 10.74, 10.72, 10.74, 1366]
['2019-03-26 15:38:00', 10.75, 10.75, 10.75, 10.75, 525]
['2019-03-26 15:37:00', 10.75, 10.75, 10.75, 10.75, 615]
['2019-03-26 15:34:00', 10.745, 10.745, 10.745, 10.745, 104]
['2019-03-26 15:32:00', 10.74, 10.74, 10.74, 10.74, 264]
['2019-03-26 15:31:00', 10.72, 10.73, 10.72, 10.73, 1194]
['2019-03-26 15:29:00', 10.73, 10.73, 10.73, 10.73, 209]
['2019-03-26 15:28:00', 10.75, 10.75, 10.75, 10.75, 222]
['2019-03-26 15:21:00', 10.72, 10.72, 10.72, 10.72, 614]
['2019-03-26 15:17:00', 10.735, 10.735, 10.735, 10.735, 423]
['2019-03-26 15:15:00', 10.75, 10.75, 10.75, 10.75, 207]
['2019-03-26 15:12:00', 10.76, 10.76, 10.76, 10.76, 120]
['2019-03-26 15:10:00', 10.77, 10.77, 10.77, 10.77, 317]
['2019-03-26 15:08:00', 10.78, 10.78, 10.78, 10.78, 106]
['2019-03-26 15:05:00', 10.775, 10.775, 10.775, 10.775, 105]
['2019-03-26 15:00:00', 10.76, 10.76, 10.76, 10.76, 379]
['2019-03-26 14:54:00', 10.71, 10.71, 10.71, 10.71, 1136]
['2019-03-26 14:52:00', 10.68, 10.68, 10.68, 10.68, 325]
['2019-03-26 14:46:00', 10.65, 10.65, 10.65, 10.65, 212]
['2019-03-26 14:39:00', 10.65, 10.65, 10.65, 10.65, 315]
['2019-03-26 14:38:00', 10.63, 10.63, 10.63, 10.63, 422]
['2019-03-26 14:34:00', 10.62, 10.62, 10.62, 10.62, 620]
['2019-03-26 14:32:00', 10.635, 10.635, 10.635, 10.635, 106]
['2019-03-26 14:28:00', 10.64, 10.64, 10.64, 10.64, 426]
['2019-03-26 14:24:00', 10.64, 10.64, 10.64, 10.64, 106]
['2019-03-26 14:23:00', 10.62, 10.62, 10.62, 10.62, 104]
['2019-03-26 14:17:00', 10.63, 10.63, 10.63, 10.63, 330]
['2019-03-26 14:16:00', 10.63, 10.63, 10.63, 10.63, 423]
['2019-03-26 14:14:00', 10.64, 10.64, 10.64, 10.64, 204]
['2019-03-26 14:08:00', 10.65, 10.65, 10.65, 10.65, 264]
['2019-03-26 14:07:00', 10.65, 10.65, 10.65, 10.65, 481]
['2019-03-26 14:06:00', 10.63, 10.63, 10.63, 10.63, 204]
['2019-03-26 14:04:00', 10.61, 10.61, 10.61, 10.61, 204]
['2019-03-26 14:02:00', 10.62, 10.62, 10.62, 10.62, 204]
['2019-03-26 14:00:00', 10.61, 10.61, 10.61, 10.61, 102]
['2019-03-26 13:50:00', 10.61, 10.61, 10.61, 10.61, 120]
['2019-03-26 13:43:00', 10.63, 10.63, 10.63, 10.63, 112]
['2019-03-26 13:42:00', 10.61, 10.61, 10.61, 10.61, 529]
['2019-03-26 13:37:00', 10.61, 10.605, 10.605, 10.61, 724]
['2019-03-26 13:36:00', 10.62, 10.62, 10.62, 10.62, 284]
['2019-03-26 13:33:00', 10.63, 10.63, 10.63, 10.63, 745]
['2019-03-26 13:32:00', 10.635, 10.635, 10.635, 10.635, 202]
['2019-03-26 13:28:00', 10.645, 10.645, 10.645, 10.645, 206]
['2019-03-26 13:27:00', 10.645, 10.645, 10.645, 10.645, 108]
['2019-03-26 13:10:00', 10.62, 10.62, 10.62, 10.62, 852]
['2019-03-26 13:09:00', 10.6, 10.6, 10.6, 10.6, 304]
['2019-03-26 13:06:00', 10.61, 10.62, 10.61, 10.62, 443]
['2019-03-26 13:03:00', 10.62, 10.62, 10.62, 10.62, 507]
['2019-03-26 12:59:00', 10.65, 10.6325, 10.6325, 10.65, 543]
['2019-03-26 12:50:00', 10.66, 10.66, 10.66, 10.66, 120]
['2019-03-26 12:48:00', 10.655, 10.655, 10.655, 10.655, 102]
['2019-03-26 12:45:00', 10.66, 10.66, 10.66, 10.66, 106]
['2019-03-26 12:39:00', 10.66, 10.66, 10.66, 10.66, 908]
['2019-03-26 12:38:00', 10.69, 10.69, 10.69, 10.69, 165]
['2019-03-26 12:36:00', 10.7, 10.7, 10.7, 10.7, 104]
['2019-03-26 12:30:00', 10.69, 10.69, 10.69, 10.69, 310]
['2019-03-26 12:24:00', 10.67, 10.67, 10.67, 10.67, 112]
['2019-03-26 12:23:00', 10.685, 10.685, 10.685, 10.685, 206]
['2019-03-26 12:21:00', 10.7, 10.7, 10.7, 10.7, 104]
['2019-03-26 12:19:00', 10.71, 10.71, 10.71, 10.71, 104]
['2019-03-26 12:16:00', 10.7, 10.72, 10.7, 10.72, 1010]
['2019-03-26 12:12:00', 10.7, 10.7, 10.7, 10.7, 209]
['2019-03-26 12:11:00', 10.7, 10.7, 10.7, 10.7, 102]
['2019-03-26 12:05:00', 10.73, 10.73, 10.73, 10.73, 387]
['2019-03-26 12:04:00', 10.73, 10.73, 10.73, 10.73, 156]
['2019-03-26 11:55:00', 10.67, 10.67, 10.67, 10.67, 1220]
['2019-03-26 11:52:00', 10.67, 10.67, 10.67, 10.67, 205]
['2019-03-26 11:50:00', 10.7, 10.7099, 10.7, 10.7099, 704]
['2019-03-26 11:48:00', 10.71, 10.71, 10.71, 10.71, 243]
['2019-03-26 11:47:00', 10.71, 10.71, 10.71, 10.71, 273]
['2019-03-26 11:46:00', 10.74, 10.74, 10.74, 10.74, 505]
['2019-03-26 11:42:00', 10.75, 10.75, 10.75, 10.75, 202]
['2019-03-26 11:39:00', 10.74, 10.74, 10.74, 10.74, 306]
['2019-03-26 11:37:00', 10.72, 10.72, 10.72, 10.72, 104]
['2019-03-26 11:33:00', 10.7, 10.7, 10.7, 10.7, 260]
['2019-03-26 11:30:00', 10.725, 10.725, 10.725, 10.725, 206]
['2019-03-26 11:26:00', 10.72, 10.72, 10.72, 10.72, 232]
['2019-03-26 11:24:00', 10.715, 10.71, 10.71, 10.715, 1238]
['2019-03-26 11:21:00', 10.7, 10.7, 10.7, 10.7, 213]
['2019-03-26 11:19:00', 10.74, 10.74, 10.74, 10.74, 302]
['2019-03-26 11:18:00', 10.75, 10.75, 10.75, 10.75, 943]
['2019-03-26 11:16:00', 10.71, 10.71, 10.71, 10.71, 114]
['2019-03-26 11:13:00', 10.7, 10.7, 10.7, 10.7, 308]
['2019-03-26 11:11:00', 10.71, 10.71, 10.71, 10.71, 205]
['2019-03-26 11:06:00', 10.71, 10.71, 10.71, 10.71, 708]
['2019-03-26 11:05:00', 10.74, 10.74, 10.74, 10.74, 265]
['2019-03-26 11:00:00', 10.76, 10.76, 10.76, 10.76, 175]
['2019-03-26 10:58:00', 10.74, 10.74, 10.74, 10.74, 776]
['2019-03-26 10:57:00', 10.775, 10.775, 10.775, 10.775, 242]
['2019-03-26 10:56:00', 10.77, 10.77, 10.77, 10.77, 690]
['2019-03-26 10:55:00', 10.77, 10.77, 10.77, 10.77, 586]
['2019-03-26 10:54:00', 10.75, 10.75, 10.75, 10.75, 202]
['2019-03-26 10:51:00', 10.72, 10.72, 10.72, 10.72, 697]
['2019-03-26 10:47:00', 10.63, 10.63, 10.63, 10.63, 414]
['2019-03-26 10:46:00', 10.59, 10.59, 10.59, 10.59, 578]
['2019-03-26 10:43:00', 10.5999, 10.5999, 10.5999, 10.5999, 464]
['2019-03-26 10:40:00', 10.57, 10.57, 10.57, 10.57, 106]
['2019-03-26 10:37:00', 10.55, 10.5699, 10.55, 10.5699, 609]
['2019-03-26 10:34:00', 10.565, 10.5699, 10.565, 10.5699, 1323]
['2019-03-26 10:19:00', 10.59, 10.59, 10.59, 10.59, 972]
['2019-03-26 10:16:00', 10.57, 10.57, 10.57, 10.57, 108]
['2019-03-26 10:13:00', 10.57, 10.57, 10.57, 10.57, 630]
['2019-03-26 10:09:00', 10.57, 10.61, 10.57, 10.61, 1008]
['2019-03-26 10:06:00', 10.6099, 10.6099, 10.6099, 10.6099, 1106]
['2019-03-26 10:00:00', 10.61, 10.61, 10.61, 10.61, 579]
['2019-03-26 09:53:00', 10.6097, 10.6097, 10.6097, 10.6097, 225]
['2019-03-26 09:52:00', 10.63, 10.63, 10.63, 10.63, 192]
['2019-03-26 09:44:00', 10.68, 10.68, 10.68, 10.68, 1047]
['2019-03-26 09:39:00', 10.505, 10.505, 10.505, 10.505, 125]
['2019-03-26 09:35:00', 10.6, 10.6, 10.6, 10.6, 108]
['2019-03-26 09:31:00', 10.52, 10.52, 10.52, 10.52, 746]
['2019-03-25 16:00:00', 10.48, 10.48, 10.48, 10.48, 1607]
['2019-03-25 15:59:00', 10.48, 10.48, 10.48, 10.48, 1073]
['2019-03-25 15:58:00', 10.455, 10.45, 10.45, 10.47, 2166]
['2019-03-25 15:57:00', 10.455, 10.455, 10.455, 10.455, 200]
['2019-03-25 15:54:00', 10.455, 10.455, 10.455, 10.455, 404]
['2019-03-25 15:53:00', 10.43, 10.43, 10.43, 10.43, 568]
['2019-03-25 15:51:00', 10.42, 10.42, 10.42, 10.42, 101]
['2019-03-25 15:48:00', 10.43, 10.43, 10.43, 10.43, 200]
['2019-03-25 15:46:00', 10.43, 10.43, 10.43, 10.43, 110]
['2019-03-25 15:45:00', 10.41, 10.41, 10.41, 10.41, 800]
['2019-03-25 15:44:00', 10.42, 10.42, 10.42, 10.42, 499]
['2019-03-25 15:39:00', 10.42, 10.42, 10.42, 10.42, 201]
['2019-03-25 15:38:00', 10.42, 10.42, 10.42, 10.42, 100]
['2019-03-25 15:32:00', 10.43, 10.43, 10.43, 10.43, 620]
['2019-03-25 15:27:00', 10.42, 10.43, 10.42, 10.43, 320]
['2019-03-25 15:26:00', 10.405, 10.405, 10.405, 10.405, 335]
['2019-03-25 15:23:00', 10.41, 10.41, 10.41, 10.41, 100]
['2019-03-25 15:20:00', 10.395, 10.395, 10.395, 10.395, 533]
['2019-03-25 15:13:00', 10.4, 10.4, 10.4, 10.4, 749]
['2019-03-25 15:09:00', 10.35, 10.36, 10.35, 10.36, 301]
['2019-03-25 15:08:00', 10.36, 10.36, 10.36, 10.36, 813]
['2019-03-25 15:00:00', 10.38, 10.38, 10.38, 10.38, 520]
['2019-03-25 14:50:00', 10.39, 10.39, 10.39, 10.39, 500]
['2019-03-25 14:49:00', 10.39, 10.39, 10.39, 10.39, 200]
['2019-03-25 14:44:00', 10.4, 10.4, 10.4, 10.4, 305]
['2019-03-25 14:43:00', 10.38, 10.38, 10.38, 10.38, 724]
['2019-03-25 14:42:00', 10.38, 10.38, 10.38, 10.38, 100]
['2019-03-25 14:31:00', 10.37, 10.37, 10.37, 10.37, 350]
['2019-03-25 14:29:00', 10.36, 10.36, 10.36, 10.36, 200]
['2019-03-25 14:24:00', 10.34, 10.34, 10.34, 10.34, 474]
['2019-03-25 14:16:00', 10.39, 10.39, 10.39, 10.39, 1270]
['2019-03-25 14:10:00', 10.36, 10.36, 10.36, 10.36, 200]
['2019-03-25 14:04:00', 10.385, 10.385, 10.385, 10.385, 300]
['2019-03-25 13:57:00', 10.37, 10.37, 10.37, 10.37, 100]
['2019-03-25 13:55:00', 10.39, 10.4, 10.39, 10.4, 400]
['2019-03-25 13:50:00', 10.37, 10.37, 10.37, 10.37, 600]
['2019-03-25 13:48:00', 10.41, 10.41, 10.41, 10.41, 300]
['2019-03-25 13:47:00', 10.4, 10.4, 10.4, 10.4, 980]
['2019-03-25 13:40:00', 10.45, 10.45, 10.45, 10.45, 664]
['2019-03-25 13:37:00', 10.42, 10.42, 10.42, 10.42, 805]
['2019-03-25 13:32:00', 10.402, 10.402, 10.402, 10.402, 408]
['2019-03-25 13:30:00', 10.4, 10.4, 10.4, 10.4, 100]
['2019-03-25 13:25:00', 10.41, 10.41, 10.41, 10.41, 300]
['2019-03-25 13:22:00', 10.42, 10.42, 10.42, 10.42, 310]
['2019-03-25 13:21:00', 10.4, 10.4, 10.4, 10.4, 100]
['2019-03-25 13:14:00', 10.43, 10.43, 10.43, 10.43, 300]
['2019-03-25 13:07:00', 10.45, 10.45, 10.45, 10.45, 210]
['2019-03-25 13:02:00', 10.45, 10.45, 10.45, 10.45, 200]
['2019-03-25 12:58:00', 10.43, 10.43, 10.43, 10.43, 750]
['2019-03-25 12:53:00', 10.4, 10.4, 10.4, 10.4, 126]
['2019-03-25 12:50:00', 10.43, 10.41, 10.41, 10.43, 415]
['2019-03-25 12:44:00', 10.43, 10.43, 10.43, 10.43, 537]
['2019-03-25 12:42:00', 10.45, 10.45, 10.45, 10.45, 200]
['2019-03-25 12:40:00', 10.46, 10.46, 10.46, 10.46, 105]
['2019-03-25 12:37:00', 10.45, 10.45, 10.45, 10.45, 314]
['2019-03-25 12:35:00', 10.43, 10.45, 10.43, 10.45, 540]
['2019-03-25 12:34:00', 10.4, 10.4, 10.4, 10.4, 1720]
['2019-03-25 12:30:00', 10.41, 10.41, 10.41, 10.41, 1200]
['2019-03-25 12:29:00', 10.4, 10.4, 10.4, 10.4, 424]
['2019-03-25 12:28:00', 10.39, 10.39, 10.39, 10.39, 1111]
['2019-03-25 12:27:00', 10.4, 10.4, 10.4, 10.4, 200]
['2019-03-25 12:23:00', 10.41, 10.41, 10.41, 10.41, 100]
['2019-03-25 12:21:00', 10.395, 10.395, 10.395, 10.395, 300]
['2019-03-25 12:20:00', 10.4, 10.4, 10.4, 10.4, 690]
['2019-03-25 12:16:00', 10.4, 10.4, 10.4, 10.4, 330]
['2019-03-25 12:14:00', 10.4, 10.4, 10.4, 10.4, 440]
['2019-03-25 12:12:00', 10.41, 10.41, 10.41, 10.41, 100]
['2019-03-25 12:08:00', 10.42, 10.42, 10.42, 10.42, 120]
['2019-03-25 12:05:00', 10.43, 10.43, 10.43, 10.43, 200]
['2019-03-25 12:02:00', 10.38, 10.4, 10.38, 10.4, 1775]
['2019-03-25 11:59:00', 10.38, 10.385, 10.38, 10.385, 963]
['2019-03-25 11:57:00', 10.39, 10.39, 10.39, 10.39, 100]
['2019-03-25 11:55:00', 10.385, 10.385, 10.385, 10.385, 258]
['2019-03-25 11:52:00', 10.39, 10.39, 10.39, 10.39, 421]
['2019-03-25 11:50:00', 10.4, 10.4, 10.4, 10.4, 160]
['2019-03-25 11:49:00', 10.4, 10.4, 10.4, 10.4, 250]
['2019-03-25 11:48:00', 10.4, 10.4, 10.4, 10.4, 610]
['2019-03-25 11:47:00', 10.38, 10.38, 10.38, 10.38, 1011]
['2019-03-25 11:46:00', 10.4, 10.4, 10.4, 10.4, 600]
['2019-03-25 11:32:00', 10.5, 10.5, 10.5, 10.5, 329]
['2019-03-25 11:30:00', 10.46, 10.46, 10.46, 10.46, 510]
['2019-03-25 11:26:00', 10.45, 10.45, 10.45, 10.45, 182]
['2019-03-25 11:23:00', 10.44, 10.44, 10.44, 10.44, 201]
['2019-03-25 11:22:00', 10.48, 10.48, 10.48, 10.48, 936]
['2019-03-25 11:21:00', 10.5, 10.5, 10.5, 10.5, 1210]
['2019-03-25 11:09:00', 10.44, 10.44, 10.44, 10.44, 104]
['2019-03-25 11:08:00', 10.4, 10.4, 10.4, 10.4, 790]
['2019-03-25 11:03:00', 10.41, 10.4, 10.4, 10.41, 1440]
['2019-03-25 11:02:00', 10.395, 10.395, 10.395, 10.395, 610]
['2019-03-25 11:01:00', 10.4, 10.4, 10.4, 10.4, 710]
['2019-03-25 11:00:00', 10.39, 10.39, 10.39, 10.39, 1072]
['2019-03-25 10:56:00', 10.4, 10.4, 10.4, 10.4, 182]
['2019-03-25 10:54:00', 10.415, 10.415, 10.415, 10.415, 530]
['2019-03-25 10:53:00', 10.43, 10.43, 10.43, 10.43, 1018]
['2019-03-25 10:51:00', 10.42, 10.42, 10.42, 10.42, 200]
['2019-03-25 10:50:00', 10.42, 10.42, 10.42, 10.42, 1511]
['2019-03-25 10:49:00', 10.42, 10.42, 10.42, 10.42, 1232]
['2019-03-25 10:48:00', 10.36, 10.36, 10.36, 10.36, 1452]
['2019-03-25 10:47:00', 10.38, 10.38, 10.38, 10.38, 630]
['2019-03-25 10:45:00', 10.38, 10.395, 10.38, 10.395, 2011]
['2019-03-25 10:44:00', 10.37, 10.37, 10.37, 10.37, 1622]
['2019-03-25 10:43:00', 10.35, 10.35, 10.35, 10.35, 630]
['2019-03-25 10:39:00', 10.37, 10.37, 10.37, 10.37, 630]
['2019-03-25 10:37:00', 10.38, 10.4, 10.38, 10.4, 1270]
['2019-03-25 10:34:00', 10.36, 10.4, 10.36, 10.4, 1821]
['2019-03-25 10:33:00', 10.35, 10.35, 10.35, 10.35, 695]
['2019-03-25 10:26:00', 10.35, 10.35, 10.35, 10.35, 500]
['2019-03-25 10:25:00', 10.295, 10.295, 10.295, 10.295, 300]
['2019-03-25 10:24:00', 10.31, 10.31, 10.31, 10.31, 2320]
['2019-03-25 10:23:00', 10.25, 10.25, 10.25, 10.25, 2520]
['2019-03-25 10:13:00', 10.23, 10.23, 10.23, 10.23, 316]
['2019-03-25 10:11:00', 10.23, 10.23, 10.23, 10.23, 220]
['2019-03-25 10:06:00', 10.25, 10.25, 10.25, 10.25, 587]
['2019-03-25 10:05:00', 10.25, 10.25, 10.25, 10.25, 5722]
['2019-03-25 10:04:00', 10.27, 10.27, 10.27, 10.27, 2498]
['2019-03-25 10:01:00', 10.29, 10.29, 10.29, 10.29, 631]
['2019-03-25 10:00:00', 10.31, 10.31, 10.31, 10.31, 878]
['2019-03-25 09:57:00', 10.27, 10.27, 10.27, 10.27, 423]
['2019-03-25 09:47:00', 10.38, 10.38, 10.38, 10.38, 501]
['2019-03-25 09:42:00', 10.48, 10.48, 10.48, 10.48, 106]
['2019-03-25 09:31:00', 10.38, 10.37, 10.37, 10.38, 0]
