ABG
['2019-03-29 16:00:00', 69.28, 69.28, 69.28, 69.28, 4733]
['2019-03-29 15:59:00', 69.33, 69.36, 69.33, 69.36, 4706]
['2019-03-29 15:58:00', 69.38, 69.38, 69.38, 69.38, 2118]
['2019-03-29 15:57:00', 69.39, 69.37, 69.37, 69.39, 3816]
['2019-03-29 15:56:00', 69.32, 69.36, 69.32, 69.36, 3746]
['2019-03-29 15:54:00', 69.45, 69.42, 69.42, 69.45, 2381]
['2019-03-29 15:53:00', 69.47, 69.52, 69.47, 69.52, 2874]
['2019-03-29 15:52:00', 69.425, 69.425, 69.425, 69.425, 1330]
['2019-03-29 15:51:00', 69.405, 69.405, 69.405, 69.405, 1406]
['2019-03-29 15:49:00', 69.43, 69.46, 69.43, 69.46, 1780]
['2019-03-29 15:48:00', 69.45, 69.47, 69.45, 69.47, 3115]
['2019-03-29 15:46:00', 69.4, 69.45, 69.4, 69.45, 1522]
['2019-03-29 15:44:00', 69.385, 69.36, 69.36, 69.385, 2194]
['2019-03-29 15:43:00', 69.4, 69.345, 69.345, 69.4, 1440]
['2019-03-29 15:42:00', 69.35, 69.35, 69.35, 69.35, 608]
['2019-03-29 15:41:00', 69.3, 69.37, 69.3, 69.37, 1698]
['2019-03-29 15:40:00', 69.24, 69.33, 69.24, 69.33, 1159]
['2019-03-29 15:38:00', 69.15, 69.15, 69.15, 69.15, 144]
['2019-03-29 15:37:00', 69.195, 69.17, 69.17, 69.195, 2269]
['2019-03-29 15:36:00', 69.21, 69.21, 69.21, 69.21, 735]
['2019-03-29 15:35:00', 69.21, 69.24, 69.21, 69.24, 1415]
['2019-03-29 15:33:00', 69.205, 69.205, 69.205, 69.205, 1000]
['2019-03-29 15:32:00', 69.18, 69.18, 69.18, 69.18, 267]
['2019-03-29 15:31:00', 69.18, 69.18, 69.18, 69.18, 470]
['2019-03-29 15:30:00', 69.22, 69.22, 69.22, 69.22, 344]
['2019-03-29 15:28:00', 69.16, 69.16, 69.16, 69.16, 417]
['2019-03-29 15:27:00', 69.155, 69.155, 69.155, 69.155, 315]
['2019-03-29 15:26:00', 69.04, 69.04, 69.04, 69.04, 323]
['2019-03-29 15:23:00', 69.15, 69.15, 69.15, 69.15, 695]
['2019-03-29 15:21:00', 69.2725, 69.2725, 69.2725, 69.2725, 800]
['2019-03-29 15:20:00', 69.31, 69.31, 69.31, 69.31, 193]
['2019-03-29 15:17:00', 69.35, 69.35, 69.35, 69.35, 140]
['2019-03-29 15:12:00', 69.36, 69.36, 69.36, 69.36, 836]
['2019-03-29 15:11:00', 69.41, 69.41, 69.41, 69.41, 375]
['2019-03-29 15:09:00', 69.35, 69.35, 69.35, 69.35, 144]
['2019-03-29 15:08:00', 69.365, 69.365, 69.365, 69.365, 400]
['2019-03-29 15:07:00', 69.325, 69.325, 69.325, 69.325, 240]
['2019-03-29 15:06:00', 69.355, 69.355, 69.355, 69.355, 313]
['2019-03-29 15:03:00', 69.34, 69.34, 69.34, 69.34, 337]
['2019-03-29 15:01:00', 69.375, 69.375, 69.375, 69.375, 300]
['2019-03-29 14:59:00', 69.38, 69.38, 69.38, 69.38, 615]
['2019-03-29 14:58:00', 69.38, 69.44, 69.38, 69.44, 319]
['2019-03-29 14:54:00', 69.345, 69.35, 69.345, 69.35, 735]
['2019-03-29 14:50:00', 69.3, 69.3, 69.3, 69.3, 118]
['2019-03-29 14:48:00', 69.325, 69.325, 69.325, 69.325, 122]
['2019-03-29 14:45:00', 69.28, 69.28, 69.28, 69.28, 317]
['2019-03-29 14:44:00', 69.31, 69.34, 69.31, 69.34, 701]
['2019-03-29 14:42:00', 69.29, 69.245, 69.245, 69.29, 579]
['2019-03-29 14:40:00', 69.35, 69.35, 69.35, 69.35, 404]
['2019-03-29 14:38:00', 69.36, 69.36, 69.36, 69.36, 300]
['2019-03-29 14:37:00', 69.375, 69.39, 69.37, 69.39, 2180]
['2019-03-29 14:34:00', 69.485, 69.485, 69.485, 69.485, 107]
['2019-03-29 14:33:00', 69.43, 69.43, 69.43, 69.43, 611]
['2019-03-29 14:26:00', 69.42, 69.42, 69.42, 69.42, 103]
['2019-03-29 14:25:00', 69.46, 69.46, 69.46, 69.46, 200]
['2019-03-29 14:22:00', 69.34, 69.34, 69.34, 69.34, 446]
['2019-03-29 14:19:00', 69.41, 69.41, 69.41, 69.41, 501]
['2019-03-29 14:15:00', 69.38, 69.38, 69.38, 69.38, 157]
['2019-03-29 14:12:00', 69.29, 69.29, 69.29, 69.29, 601]
['2019-03-29 14:10:00', 69.375, 69.375, 69.375, 69.375, 119]
['2019-03-29 14:07:00', 69.35, 69.35, 69.35, 69.35, 172]
['2019-03-29 14:05:00', 69.235, 69.235, 69.235, 69.235, 300]
['2019-03-29 14:03:00', 69.27, 69.27, 69.27, 69.27, 345]
['2019-03-29 14:01:00', 69.22, 69.22, 69.22, 69.22, 183]
['2019-03-29 14:00:00', 69.23, 69.23, 69.23, 69.23, 101]
['2019-03-29 13:52:00', 69.3, 69.3, 69.3, 69.3, 303]
['2019-03-29 13:47:00', 69.57, 69.1, 69.1, 69.57, 3496]
['2019-03-29 13:46:00', 69.59, 69.59, 69.59, 69.59, 101]
['2019-03-29 13:43:00', 69.61, 69.635, 69.61, 69.635, 1016]
['2019-03-29 13:41:00', 69.51, 69.51, 69.51, 69.51, 124]
['2019-03-29 13:39:00', 69.51, 69.51, 69.51, 69.51, 102]
['2019-03-29 13:38:00', 69.43, 69.43, 69.43, 69.43, 201]
['2019-03-29 13:37:00', 69.51, 69.51, 69.51, 69.51, 292]
['2019-03-29 13:36:00', 69.47, 69.47, 69.47, 69.47, 403]
['2019-03-29 13:33:00', 69.44, 69.44, 69.44, 69.44, 377]
['2019-03-29 13:30:00', 69.33, 69.33, 69.33, 69.33, 143]
['2019-03-29 13:27:00', 69.345, 69.345, 69.345, 69.345, 407]
['2019-03-29 13:25:00', 69.28, 69.35, 69.28, 69.35, 202]
['2019-03-29 13:22:00', 69.35, 69.35, 69.35, 69.35, 140]
['2019-03-29 13:21:00', 69.31, 69.31, 69.31, 69.31, 100]
['2019-03-29 13:19:00', 69.37, 69.37, 69.37, 69.37, 301]
['2019-03-29 13:16:00', 69.47, 69.47, 69.47, 69.47, 905]
['2019-03-29 13:15:00', 69.53, 69.53, 69.53, 69.53, 716]
['2019-03-29 13:14:00', 69.58, 69.58, 69.58, 69.58, 164]
['2019-03-29 13:10:00', 69.54, 69.54, 69.54, 69.54, 333]
['2019-03-29 13:09:00', 69.39, 69.39, 69.39, 69.39, 501]
['2019-03-29 13:08:00', 69.44, 69.44, 69.44, 69.44, 802]
['2019-03-29 13:07:00', 69.435, 69.44, 69.435, 69.44, 1926]
['2019-03-29 13:05:00', 69.54, 69.49, 69.49, 69.54, 978]
['2019-03-29 13:00:00', 69.46, 69.46, 69.46, 69.46, 104]
['2019-03-29 12:57:00', 69.41, 69.43, 69.41, 69.43, 838]
['2019-03-29 12:54:00', 69.31, 69.33, 69.31, 69.33, 1212]
['2019-03-29 12:49:00', 69.28, 69.28, 69.28, 69.28, 104]
['2019-03-29 12:47:00', 69.19, 69.19, 69.19, 69.19, 101]
['2019-03-29 12:45:00', 69.215, 69.27, 69.215, 69.27, 709]
['2019-03-29 12:43:00', 69.22, 69.22, 69.22, 69.22, 102]
['2019-03-29 12:41:00', 69.18, 69.26, 69.18, 69.26, 503]
['2019-03-29 12:39:00', 69.16, 69.16, 69.16, 69.16, 207]
['2019-03-29 12:37:00', 69.11, 69.11, 69.11, 69.11, 650]
['2019-03-29 12:35:00', 69.11, 69.11, 69.11, 69.11, 536]
['2019-03-29 12:33:00', 69.155, 69.155, 69.155, 69.155, 106]
['2019-03-29 12:30:00', 69.06, 69.05, 69.05, 69.06, 1349]
['2019-03-29 12:27:00', 69.12, 69.12, 69.12, 69.12, 514]
['2019-03-29 12:26:00', 69.05, 69.05, 69.05, 69.05, 1343]
['2019-03-29 12:22:00', 69.03, 69.03, 69.03, 69.03, 103]
['2019-03-29 12:21:00', 68.955, 68.955, 68.955, 68.955, 785]
['2019-03-29 12:16:00', 68.98, 68.98, 68.98, 68.98, 608]
['2019-03-29 12:14:00', 68.93, 68.93, 68.93, 68.93, 372]
['2019-03-29 12:12:00', 68.99, 68.99, 68.99, 68.99, 527]
['2019-03-29 12:10:00', 68.95, 68.97, 68.95, 68.97, 1272]
['2019-03-29 12:09:00', 68.9, 68.9, 68.9, 68.9, 601]
['2019-03-29 12:07:00', 68.89, 68.95, 68.89, 68.95, 1122]
['2019-03-29 12:05:00', 68.9872, 68.9872, 68.9872, 68.9872, 118]
['2019-03-29 12:02:00', 69.04, 69.04, 69.04, 69.04, 241]
['2019-03-29 12:00:00', 69.1, 69.1, 69.1, 69.1, 238]
['2019-03-29 11:59:00', 69.0, 69.0, 69.0, 69.0, 498]
['2019-03-29 11:56:00', 69.19, 69.19, 69.19, 69.19, 396]
['2019-03-29 11:53:00', 69.09, 69.09, 69.09, 69.09, 300]
['2019-03-29 11:52:00', 69.04, 69.04, 69.04, 69.04, 328]
['2019-03-29 11:51:00', 69.01, 69.01, 69.01, 69.01, 527]
['2019-03-29 11:49:00', 69.1, 69.03, 69.03, 69.1, 1737]
['2019-03-29 11:47:00', 68.97, 69.0, 68.97, 69.0, 1022]
['2019-03-29 11:46:00', 68.97, 68.97, 68.97, 68.97, 118]
['2019-03-29 11:45:00', 68.96, 68.96, 68.96, 68.96, 700]
['2019-03-29 11:43:00', 69.05, 69.05, 69.05, 69.05, 200]
['2019-03-29 11:42:00', 69.1, 69.1, 69.1, 69.1, 929]
['2019-03-29 11:40:00', 69.14, 69.09, 69.09, 69.14, 1688]
['2019-03-29 11:39:00', 69.15, 69.15, 69.15, 69.15, 400]
['2019-03-29 11:37:00', 69.095, 69.095, 69.095, 69.095, 301]
['2019-03-29 11:36:00', 69.11, 69.11, 69.11, 69.11, 274]
['2019-03-29 11:34:00', 69.12, 69.12, 69.12, 69.12, 956]
['2019-03-29 11:32:00', 69.19, 69.19, 69.19, 69.19, 392]
['2019-03-29 11:31:00', 69.13, 69.13, 69.13, 69.13, 100]
['2019-03-29 11:30:00', 69.13, 69.13, 69.13, 69.13, 161]
['2019-03-29 11:29:00', 69.125, 69.125, 69.125, 69.125, 100]
['2019-03-29 11:26:00', 69.12, 69.12, 69.12, 69.12, 220]
['2019-03-29 11:24:00', 69.03, 69.05, 69.03, 69.05, 1054]
['2019-03-29 11:22:00', 69.13, 69.13, 69.13, 69.13, 750]
['2019-03-29 11:20:00', 69.22, 69.22, 69.22, 69.22, 118]
['2019-03-29 11:18:00', 69.18, 69.18, 69.18, 69.18, 450]
['2019-03-29 11:17:00', 69.17, 69.17, 69.17, 69.17, 425]
['2019-03-29 11:15:00', 69.11, 69.11, 69.11, 69.11, 523]
['2019-03-29 11:14:00', 69.11, 69.11, 69.11, 69.11, 310]
['2019-03-29 11:13:00', 69.21, 69.21, 69.21, 69.21, 272]
['2019-03-29 11:12:00', 69.23, 69.205, 69.205, 69.23, 1894]
['2019-03-29 11:08:00', 69.26, 69.26, 69.26, 69.26, 273]
['2019-03-29 11:06:00', 69.21, 69.21, 69.21, 69.21, 803]
['2019-03-29 11:05:00', 69.22, 69.22, 69.22, 69.22, 689]
['2019-03-29 11:04:00', 69.27, 69.27, 69.27, 69.27, 706]
['2019-03-29 11:01:00', 69.32, 69.32, 69.32, 69.32, 100]
['2019-03-29 11:00:00', 69.27, 69.27, 69.27, 69.27, 261]
['2019-03-29 10:58:00', 69.2, 69.2, 69.2, 69.2, 201]
['2019-03-29 10:56:00', 69.27, 69.27, 69.27, 69.27, 100]
['2019-03-29 10:54:00', 69.25, 69.24, 69.24, 69.25, 1003]
['2019-03-29 10:50:00', 69.22, 69.22, 69.22, 69.22, 460]
['2019-03-29 10:48:00', 69.28, 69.28, 69.28, 69.28, 630]
['2019-03-29 10:47:00', 69.13, 69.13, 69.13, 69.13, 326]
['2019-03-29 10:45:00', 69.17, 69.17, 69.17, 69.17, 402]
['2019-03-29 10:43:00', 69.26, 69.26, 69.26, 69.26, 595]
['2019-03-29 10:41:00', 69.27, 69.27, 69.27, 69.27, 244]
['2019-03-29 10:40:00', 69.26, 69.26, 69.26, 69.26, 679]
['2019-03-29 10:39:00', 69.35, 69.35, 69.35, 69.35, 1325]
['2019-03-29 10:38:00', 69.19, 69.19, 69.19, 69.19, 604]
['2019-03-29 10:34:00', 69.35, 69.35, 69.35, 69.35, 302]
['2019-03-29 10:33:00', 69.32, 69.32, 69.32, 69.32, 1190]
['2019-03-29 10:32:00', 69.375, 69.375, 69.375, 69.375, 300]
['2019-03-29 10:30:00', 69.29, 69.29, 69.29, 69.29, 470]
['2019-03-29 10:29:00', 69.28, 69.28, 69.28, 69.28, 636]
['2019-03-29 10:27:00', 69.2, 69.2, 69.2, 69.2, 401]
['2019-03-29 10:26:00', 69.07, 69.07, 69.07, 69.07, 401]
['2019-03-29 10:24:00', 69.01, 69.02, 69.01, 69.02, 1344]
['2019-03-29 10:21:00', 69.145, 69.14, 69.14, 69.145, 982]
['2019-03-29 10:20:00', 69.12, 69.12, 69.12, 69.12, 747]
['2019-03-29 10:19:00', 69.22, 69.13, 69.13, 69.22, 1655]
['2019-03-29 10:17:00', 69.325, 69.39, 69.325, 69.39, 1190]
['2019-03-29 10:15:00', 69.35, 69.35, 69.35, 69.35, 417]
['2019-03-29 10:14:00', 69.51, 69.51, 69.51, 69.51, 570]
['2019-03-29 10:13:00', 69.37, 69.37, 69.37, 69.37, 1101]
['2019-03-29 10:12:00', 69.52, 69.52, 69.52, 69.52, 470]
['2019-03-29 10:11:00', 69.65, 69.65, 69.65, 69.65, 990]
['2019-03-29 10:10:00', 69.67, 69.67, 69.67, 69.67, 791]
['2019-03-29 10:08:00', 69.59, 69.58, 69.58, 69.59, 701]
['2019-03-29 10:06:00', 69.55, 69.6, 69.55, 69.6, 2437]
['2019-03-29 10:04:00', 69.75, 69.75, 69.75, 69.75, 1024]
['2019-03-29 10:02:00', 69.56, 69.56, 69.56, 69.56, 432]
['2019-03-29 10:00:00', 69.62, 69.62, 69.62, 69.62, 458]
['2019-03-29 09:57:00', 69.77, 69.77, 69.77, 69.77, 211]
['2019-03-29 09:55:00', 69.655, 69.655, 69.655, 69.655, 746]
['2019-03-29 09:53:00', 69.6, 69.6, 69.6, 69.6, 503]
['2019-03-29 09:51:00', 69.68, 69.68, 69.68, 69.68, 464]
['2019-03-29 09:50:00', 69.84, 69.82, 69.82, 69.84, 1444]
['2019-03-29 09:49:00', 69.96, 69.96, 69.96, 69.96, 123]
['2019-03-29 09:47:00', 69.95, 69.95, 69.95, 69.95, 625]
['2019-03-29 09:45:00', 69.89, 69.89, 69.89, 69.89, 291]
['2019-03-29 09:44:00', 69.89, 69.89, 69.89, 69.89, 909]
['2019-03-29 09:42:00', 69.68, 69.635, 69.635, 69.68, 1627]
['2019-03-29 09:41:00', 69.13, 69.13, 69.13, 69.13, 825]
['2019-03-29 09:39:00', 68.86, 68.9175, 68.86, 68.9175, 443]
['2019-03-29 09:36:00', 69.0, 69.0, 69.0, 69.0, 628]
['2019-03-29 09:35:00', 68.94, 68.94, 68.94, 68.94, 490]
['2019-03-29 09:33:00', 69.12, 69.12, 69.12, 69.12, 701]
['2019-03-29 09:31:00', 68.89, 68.89, 68.89, 68.89, 2507]
['2019-03-28 16:00:00', 68.58, 68.6, 68.58, 68.6, 6344]
['2019-03-28 15:59:00', 68.58, 68.58, 68.57, 68.58, 5755]
['2019-03-28 15:58:00', 68.54, 68.585, 68.53, 68.585, 5907]
['2019-03-28 15:57:00', 68.5, 68.54, 68.5, 68.54, 2635]
['2019-03-28 15:56:00', 68.54, 68.54, 68.54, 68.54, 1549]
['2019-03-28 15:55:00', 68.545, 68.545, 68.545, 68.545, 1737]
['2019-03-28 15:54:00', 68.45, 68.5, 68.45, 68.5, 2614]
['2019-03-28 15:53:00', 68.47, 68.49, 68.47, 68.49, 2339]
['2019-03-28 15:52:00', 68.46, 68.47, 68.46, 68.47, 2380]
['2019-03-28 15:51:00', 68.5, 68.5, 68.5, 68.5, 1102]
['2019-03-28 15:50:00', 68.44, 68.44, 68.44, 68.44, 999]
['2019-03-28 15:49:00', 68.49, 68.49, 68.49, 68.49, 1025]
['2019-03-28 15:48:00', 68.56, 68.56, 68.56, 68.56, 930]
['2019-03-28 15:47:00', 68.63, 68.565, 68.565, 68.63, 2531]
['2019-03-28 15:46:00', 68.625, 68.625, 68.625, 68.625, 914]
['2019-03-28 15:45:00', 68.61, 68.61, 68.61, 68.61, 227]
['2019-03-28 15:43:00', 68.61, 68.61, 68.61, 68.61, 500]
['2019-03-28 15:42:00', 68.53, 68.58, 68.53, 68.58, 1431]
['2019-03-28 15:41:00', 68.55, 68.55, 68.55, 68.55, 1745]
['2019-03-28 15:40:00', 68.56, 68.56, 68.56, 68.56, 1124]
['2019-03-28 15:39:00', 68.71, 68.7, 68.7, 68.71, 1068]
['2019-03-28 15:38:00', 68.73, 68.72, 68.72, 68.73, 1527]
['2019-03-28 15:37:00', 68.715, 68.715, 68.715, 68.715, 362]
['2019-03-28 15:36:00', 68.705, 68.705, 68.705, 68.705, 668]
['2019-03-28 15:35:00', 68.73, 68.73, 68.73, 68.73, 510]
['2019-03-28 15:33:00', 68.83, 68.77, 68.77, 68.83, 1323]
['2019-03-28 15:31:00', 68.89, 68.89, 68.89, 68.89, 835]
['2019-03-28 15:29:00', 68.94, 68.94, 68.94, 68.94, 730]
['2019-03-28 15:28:00', 68.97, 68.97, 68.97, 68.97, 373]
['2019-03-28 15:27:00', 68.99, 68.99, 68.99, 68.99, 791]
['2019-03-28 15:26:00', 68.92, 68.92, 68.92, 68.92, 200]
['2019-03-28 15:24:00', 68.92, 68.92, 68.92, 68.92, 458]
['2019-03-28 15:23:00', 68.92, 68.91, 68.91, 68.92, 939]
['2019-03-28 15:21:00', 68.94, 68.94, 68.94, 68.94, 205]
['2019-03-28 15:20:00', 68.955, 68.955, 68.955, 68.955, 676]
['2019-03-28 15:19:00', 68.975, 68.975, 68.975, 68.975, 463]
['2019-03-28 15:16:00', 69.0, 69.0, 69.0, 69.0, 573]
['2019-03-28 15:15:00', 68.955, 68.955, 68.955, 68.955, 453]
['2019-03-28 15:14:00', 68.99, 68.99, 68.99, 68.99, 952]
['2019-03-28 15:13:00', 68.96, 68.96, 68.96, 68.96, 227]
['2019-03-28 15:12:00', 68.94, 68.94, 68.94, 68.94, 496]
['2019-03-28 15:11:00', 68.955, 68.955, 68.955, 68.955, 442]
['2019-03-28 15:07:00', 69.03, 69.03, 69.03, 69.03, 739]
['2019-03-28 15:06:00', 69.075, 69.075, 69.075, 69.075, 157]
['2019-03-28 15:04:00', 69.02, 69.02, 69.02, 69.02, 699]
['2019-03-28 15:03:00', 68.91, 68.985, 68.91, 68.985, 1576]
['2019-03-28 15:01:00', 68.84, 68.84, 68.84, 68.84, 1119]
['2019-03-28 14:58:00', 68.86, 68.86, 68.86, 68.86, 173]
['2019-03-28 14:57:00', 68.71, 68.81, 68.71, 68.81, 924]
['2019-03-28 14:56:00', 68.7395, 68.7395, 68.7395, 68.7395, 552]
['2019-03-28 14:55:00', 68.73, 68.73, 68.73, 68.73, 209]
['2019-03-28 14:54:00', 68.66, 68.66, 68.66, 68.66, 461]
['2019-03-28 14:53:00', 68.645, 68.645, 68.645, 68.645, 710]
['2019-03-28 14:52:00', 68.745, 68.735, 68.735, 68.745, 1276]
['2019-03-28 14:49:00', 68.73, 68.76, 68.73, 68.76, 3879]
['2019-03-28 14:47:00', 68.695, 68.695, 68.695, 68.695, 305]
['2019-03-28 14:46:00', 68.73, 68.69, 68.69, 68.73, 1349]
['2019-03-28 14:43:00', 68.725, 68.725, 68.725, 68.725, 347]
['2019-03-28 14:42:00', 68.71, 68.71, 68.71, 68.71, 1339]
['2019-03-28 14:41:00', 68.695, 68.695, 68.695, 68.695, 286]
['2019-03-28 14:40:00', 68.695, 68.695, 68.695, 68.695, 300]
['2019-03-28 14:35:00', 68.69, 68.7, 68.69, 68.7, 1001]
['2019-03-28 14:30:00', 68.71, 68.71, 68.71, 68.71, 727]
['2019-03-28 14:27:00', 68.69, 68.69, 68.69, 68.69, 1259]
['2019-03-28 14:26:00', 68.68, 68.68, 68.68, 68.68, 518]
['2019-03-28 14:24:00', 68.67, 68.63, 68.63, 68.68, 2483]
['2019-03-28 14:22:00', 68.59, 68.59, 68.59, 68.59, 881]
['2019-03-28 14:20:00', 68.53, 68.53, 68.53, 68.53, 200]
['2019-03-28 14:19:00', 68.57, 68.565, 68.565, 68.57, 578]
['2019-03-28 14:16:00', 68.64, 68.64, 68.64, 68.64, 251]
['2019-03-28 14:15:00', 68.56, 68.56, 68.56, 68.56, 520]
['2019-03-28 14:13:00', 68.6, 68.6, 68.6, 68.6, 217]
['2019-03-28 14:12:00', 68.555, 68.555, 68.555, 68.555, 447]
['2019-03-28 14:11:00', 68.55, 68.55, 68.55, 68.55, 210]
['2019-03-28 14:09:00', 68.59, 68.59, 68.59, 68.59, 124]
['2019-03-28 14:07:00', 68.615, 68.615, 68.615, 68.615, 518]
['2019-03-28 14:06:00', 68.63, 68.63, 68.63, 68.63, 398]
['2019-03-28 14:04:00', 68.58, 68.58, 68.58, 68.58, 671]
['2019-03-28 14:03:00', 68.55, 68.55, 68.55, 68.55, 613]
['2019-03-28 14:02:00', 68.62, 68.56, 68.56, 68.62, 1190]
['2019-03-28 14:01:00', 68.67, 68.67, 68.67, 68.67, 710]
['2019-03-28 14:00:00', 68.58, 68.58, 68.58, 68.58, 100]
['2019-03-28 13:58:00', 68.58, 68.62, 68.58, 68.62, 418]
['2019-03-28 13:56:00', 68.62, 68.62, 68.62, 68.62, 570]
['2019-03-28 13:55:00', 68.6, 68.6, 68.6, 68.6, 900]
['2019-03-28 13:54:00', 68.635, 68.635, 68.635, 68.635, 925]
['2019-03-28 13:53:00', 68.57, 68.625, 68.57, 68.645, 1766]
['2019-03-28 13:51:00', 68.57, 68.57, 68.57, 68.57, 528]
['2019-03-28 13:48:00', 68.56, 68.52, 68.52, 68.56, 962]
['2019-03-28 13:47:00', 68.51, 68.51, 68.51, 68.51, 233]
['2019-03-28 13:46:00', 68.5, 68.5, 68.5, 68.5, 234]
['2019-03-28 13:43:00', 68.595, 68.595, 68.595, 68.595, 200]
['2019-03-28 13:41:00', 68.63, 68.63, 68.63, 68.63, 1170]
['2019-03-28 13:39:00', 68.62, 68.62, 68.62, 68.62, 709]
['2019-03-28 13:38:00', 68.63, 68.63, 68.63, 68.63, 408]
['2019-03-28 13:37:00', 68.63, 68.63, 68.63, 68.63, 205]
['2019-03-28 13:36:00', 68.63, 68.63, 68.63, 68.63, 502]
['2019-03-28 13:35:00', 68.6, 68.6, 68.6, 68.6, 420]
['2019-03-28 13:32:00', 68.68, 68.67, 68.655, 68.69, 1894]
['2019-03-28 13:31:00', 68.65, 68.65, 68.65, 68.65, 600]
['2019-03-28 13:29:00', 68.62, 68.62, 68.62, 68.62, 332]
['2019-03-28 13:28:00', 68.63, 68.63, 68.63, 68.63, 206]
['2019-03-28 13:26:00', 68.61, 68.61, 68.61, 68.61, 244]
['2019-03-28 13:23:00', 68.63, 68.655, 68.63, 68.69, 1281]
['2019-03-28 13:20:00', 68.58, 68.58, 68.58, 68.58, 573]
['2019-03-28 13:18:00', 68.66, 68.61, 68.61, 68.66, 1950]
['2019-03-28 13:17:00', 68.65, 68.64, 68.6, 68.65, 4049]
['2019-03-28 13:16:00', 68.645, 68.645, 68.645, 68.645, 500]
['2019-03-28 13:14:00', 68.645, 68.645, 68.645, 68.645, 320]
['2019-03-28 13:13:00', 68.69, 68.645, 68.645, 68.69, 1587]
['2019-03-28 13:11:00', 68.64, 68.64, 68.64, 68.64, 602]
['2019-03-28 13:09:00', 68.63, 68.64, 68.63, 68.64, 1382]
['2019-03-28 13:07:00', 68.575, 68.575, 68.575, 68.575, 320]
['2019-03-28 13:06:00', 68.575, 68.575, 68.575, 68.575, 100]
['2019-03-28 13:03:00', 68.59, 68.59, 68.59, 68.59, 100]
['2019-03-28 13:02:00', 68.48, 68.56, 68.48, 68.56, 1661]
['2019-03-28 13:01:00', 68.425, 68.52, 68.425, 68.52, 3958]
['2019-03-28 13:00:00', 68.42, 68.42, 68.42, 68.42, 2201]
['2019-03-28 12:59:00', 68.36, 68.36, 68.36, 68.36, 212]
['2019-03-28 12:58:00', 68.43, 68.43, 68.43, 68.43, 300]
['2019-03-28 12:55:00', 68.43, 68.38, 68.38, 68.5, 2118]
['2019-03-28 12:54:00', 68.31, 68.31, 68.31, 68.31, 105]
['2019-03-28 12:51:00', 68.365, 68.31, 68.31, 68.365, 516]
['2019-03-28 12:49:00', 68.36, 68.375, 68.36, 68.375, 944]
['2019-03-28 12:48:00', 68.44, 68.44, 68.44, 68.44, 600]
['2019-03-28 12:47:00', 68.44, 68.44, 68.44, 68.44, 100]
['2019-03-28 12:45:00', 68.44, 68.44, 68.44, 68.44, 1042]
['2019-03-28 12:44:00', 68.33, 68.33, 68.33, 68.33, 100]
['2019-03-28 12:39:00', 68.33, 68.33, 68.33, 68.33, 500]
['2019-03-28 12:38:00', 68.28, 68.395, 68.28, 68.395, 2162]
['2019-03-28 12:37:00', 68.215, 68.215, 68.215, 68.215, 940]
['2019-03-28 12:34:00', 68.22, 68.22, 68.22, 68.22, 310]
['2019-03-28 12:31:00', 68.28, 68.24, 68.24, 68.28, 865]
['2019-03-28 12:29:00', 68.29, 68.29, 68.29, 68.29, 958]
['2019-03-28 12:27:00', 68.45, 68.45, 68.45, 68.45, 409]
['2019-03-28 12:26:00', 68.415, 68.415, 68.415, 68.415, 100]
['2019-03-28 12:25:00', 68.415, 68.415, 68.415, 68.415, 500]
['2019-03-28 12:23:00', 68.44, 68.45, 68.44, 68.45, 957]
['2019-03-28 12:20:00', 68.3, 68.3, 68.3, 68.3, 200]
['2019-03-28 12:16:00', 68.39, 68.39, 68.39, 68.39, 646]
['2019-03-28 12:15:00', 68.29, 68.29, 68.29, 68.29, 377]
['2019-03-28 12:12:00', 68.37, 68.37, 68.37, 68.37, 114]
['2019-03-28 12:10:00', 68.505, 68.46, 68.46, 68.505, 660]
['2019-03-28 12:08:00', 68.62, 68.62, 68.62, 68.62, 1412]
['2019-03-28 12:06:00', 68.55, 68.55, 68.55, 68.55, 100]
['2019-03-28 12:04:00', 68.5, 68.5, 68.5, 68.5, 100]
['2019-03-28 12:01:00', 68.495, 68.495, 68.495, 68.495, 282]
['2019-03-28 12:00:00', 68.48, 68.48, 68.48, 68.48, 376]
['2019-03-28 11:58:00', 68.305, 68.48, 68.305, 68.48, 815]
['2019-03-28 11:55:00', 68.25, 68.25, 68.25, 68.25, 421]
['2019-03-28 11:54:00', 68.31, 68.31, 68.31, 68.31, 900]
['2019-03-28 11:51:00', 68.16, 68.25, 68.16, 68.25, 1649]
['2019-03-28 11:50:00', 68.16, 68.22, 68.16, 68.22, 1723]
['2019-03-28 11:49:00', 68.265, 68.265, 68.265, 68.265, 504]
['2019-03-28 11:48:00', 68.235, 68.235, 68.235, 68.235, 883]
['2019-03-28 11:45:00', 68.21, 68.21, 68.21, 68.21, 300]
['2019-03-28 11:43:00', 68.195, 68.195, 68.195, 68.195, 288]
['2019-03-28 11:41:00', 68.17, 68.17, 68.17, 68.17, 823]
['2019-03-28 11:40:00', 68.16, 68.16, 68.16, 68.16, 1048]
['2019-03-28 11:39:00', 68.1, 68.1, 68.1, 68.1, 413]
['2019-03-28 11:38:00', 68.14, 68.14, 68.14, 68.14, 469]
['2019-03-28 11:37:00', 68.25, 68.25, 68.25, 68.25, 255]
['2019-03-28 11:35:00', 68.34, 68.32, 68.32, 68.34, 2916]
['2019-03-28 11:34:00', 68.28, 68.28, 68.28, 68.28, 570]
['2019-03-28 11:31:00', 68.365, 68.365, 68.365, 68.365, 120]
['2019-03-28 11:30:00', 68.38, 68.38, 68.38, 68.38, 406]
['2019-03-28 11:28:00', 68.53, 68.465, 68.465, 68.53, 999]
['2019-03-28 11:27:00', 68.55, 68.56, 68.55, 68.56, 1090]
['2019-03-28 11:25:00', 68.47, 68.47, 68.47, 68.47, 610]
['2019-03-28 11:23:00', 68.67, 68.52, 68.52, 68.67, 818]
['2019-03-28 11:21:00', 68.67, 68.67, 68.67, 68.67, 170]
['2019-03-28 11:20:00', 68.71, 68.71, 68.71, 68.71, 583]
['2019-03-28 11:19:00', 68.845, 68.77, 68.77, 68.845, 2383]
['2019-03-28 11:17:00', 68.835, 68.74, 68.74, 68.835, 326]
['2019-03-28 11:15:00', 68.83, 68.83, 68.83, 68.83, 399]
['2019-03-28 11:11:00', 68.5, 68.72, 68.5, 68.72, 1786]
['2019-03-28 11:10:00', 68.55, 68.55, 68.55, 68.55, 795]
['2019-03-28 11:09:00', 68.67, 68.67, 68.67, 68.67, 332]
['2019-03-28 11:08:00', 68.755, 68.755, 68.755, 68.755, 232]
['2019-03-28 11:06:00', 68.78, 68.78, 68.78, 68.78, 889]
['2019-03-28 11:04:00', 68.79, 68.845, 68.79, 68.845, 847]
['2019-03-28 11:03:00', 68.82, 68.82, 68.82, 68.82, 642]
['2019-03-28 11:01:00', 69.02, 69.02, 69.02, 69.02, 535]
['2019-03-28 11:00:00', 69.03, 69.03, 69.03, 69.03, 794]
['2019-03-28 10:59:00', 69.08, 69.08, 69.08, 69.08, 1966]
['2019-03-28 10:58:00', 69.18, 69.1645, 69.1645, 69.18, 3373]
['2019-03-28 10:57:00', 69.25, 69.13, 69.1205, 69.25, 4170]
['2019-03-28 10:56:00', 69.1, 69.1, 69.1, 69.1, 510]
['2019-03-28 10:54:00', 69.15, 69.15, 69.15, 69.15, 1130]
['2019-03-28 10:53:00', 69.09, 69.13, 69.09, 69.13, 2536]
['2019-03-28 10:52:00', 69.09, 69.09, 69.09, 69.09, 270]
['2019-03-28 10:51:00', 69.15, 69.15, 69.15, 69.15, 1310]
['2019-03-28 10:49:00', 69.02, 69.02, 69.02, 69.02, 305]
['2019-03-28 10:47:00', 68.89, 68.88, 68.88, 68.89, 918]
['2019-03-28 10:46:00', 68.94, 68.94, 68.94, 68.94, 967]
['2019-03-28 10:45:00', 69.02, 69.02, 69.02, 69.02, 550]
['2019-03-28 10:44:00', 69.25, 69.12, 69.12, 69.25, 1755]
['2019-03-28 10:41:00', 69.245, 69.265, 69.245, 69.265, 1092]
['2019-03-28 10:40:00', 69.17, 69.17, 69.17, 69.17, 758]
['2019-03-28 10:39:00', 69.215, 69.215, 69.215, 69.215, 910]
['2019-03-28 10:38:00', 69.15, 69.15, 69.15, 69.15, 1074]
['2019-03-28 10:36:00', 69.08, 69.08, 69.08, 69.08, 260]
['2019-03-28 10:35:00', 69.05, 69.05, 69.05, 69.05, 280]
['2019-03-28 10:34:00', 69.075, 69.075, 69.075, 69.075, 210]
['2019-03-28 10:33:00', 68.97, 68.97, 68.97, 68.97, 529]
['2019-03-28 10:31:00', 68.99, 69.02, 68.99, 69.02, 998]
['2019-03-28 10:30:00', 68.96, 68.96, 68.96, 68.96, 321]
['2019-03-28 10:28:00', 69.11, 69.11, 69.11, 69.11, 400]
['2019-03-28 10:27:00', 69.16, 69.16, 69.16, 69.16, 550]
['2019-03-28 10:25:00', 69.25, 69.25, 69.25, 69.25, 730]
['2019-03-28 10:23:00', 69.35, 69.29, 69.29, 69.35, 1268]
['2019-03-28 10:22:00', 69.43, 69.43, 69.43, 69.43, 969]
['2019-03-28 10:21:00', 69.45, 69.45, 69.45, 69.45, 357]
['2019-03-28 10:20:00', 69.43, 69.43, 69.43, 69.43, 310]
['2019-03-28 10:19:00', 69.43, 69.43, 69.43, 69.43, 703]
['2019-03-28 10:16:00', 69.32, 69.32, 69.32, 69.32, 218]
['2019-03-28 10:15:00', 69.34, 69.34, 69.34, 69.34, 474]
['2019-03-28 10:12:00', 69.49, 69.49, 69.49, 69.49, 792]
['2019-03-28 10:11:00', 69.64, 69.64, 69.64, 69.64, 711]
['2019-03-28 10:10:00', 69.725, 69.725, 69.725, 69.725, 267]
['2019-03-28 10:09:00', 69.77, 69.77, 69.77, 69.77, 1080]
['2019-03-28 10:08:00', 69.77, 69.77, 69.77, 69.77, 160]
['2019-03-28 10:06:00', 69.92, 69.86, 69.86, 69.92, 1778]
['2019-03-28 10:04:00', 69.99, 69.99, 69.99, 69.99, 736]
['2019-03-28 10:02:00', 70.2, 70.2, 70.2, 70.2, 359]
['2019-03-28 10:01:00', 70.37, 70.37, 70.37, 70.37, 2600]
['2019-03-28 10:00:00', 70.4, 70.4, 70.4, 70.4, 1552]
['2019-03-28 09:59:00', 70.32, 70.32, 70.32, 70.32, 715]
['2019-03-28 09:58:00', 70.4, 70.4, 70.4, 70.4, 335]
['2019-03-28 09:56:00', 70.31, 70.31, 70.31, 70.31, 523]
['2019-03-28 09:55:00', 70.17, 70.17, 70.17, 70.17, 260]
['2019-03-28 09:54:00', 70.3, 70.3, 70.3, 70.3, 300]
['2019-03-28 09:52:00', 70.25, 70.25, 70.25, 70.25, 600]
['2019-03-28 09:51:00', 70.56, 70.56, 70.56, 70.56, 869]
['2019-03-28 09:50:00', 70.7, 70.7, 70.7, 70.7, 472]
['2019-03-28 09:47:00', 70.74, 70.88, 70.74, 70.88, 791]
['2019-03-28 09:45:00', 70.78, 70.78, 70.78, 70.78, 172]
['2019-03-28 09:38:00', 70.57, 70.57, 70.57, 70.57, 409]
['2019-03-28 09:37:00', 70.2, 70.2, 70.2, 70.2, 560]
['2019-03-28 09:32:00', 69.87, 69.87, 69.87, 69.87, 102]
['2019-03-28 09:31:00', 69.91, 69.91, 69.91, 69.91, 183]
['2019-03-27 16:00:00', 69.65, 69.65, 69.65, 69.65, 1689]
['2019-03-27 15:59:00', 69.7, 69.7, 69.7, 69.7, 1099]
['2019-03-27 15:58:00', 69.73, 69.73, 69.73, 69.73, 829]
['2019-03-27 15:57:00', 69.71, 69.71, 69.71, 69.71, 1460]
['2019-03-27 15:56:00', 69.69, 69.69, 69.69, 69.69, 938]
['2019-03-27 15:55:00', 69.69, 69.69, 69.69, 69.69, 936]
['2019-03-27 15:54:00', 69.66, 69.66, 69.66, 69.66, 2069]
['2019-03-27 15:52:00', 69.73, 69.73, 69.73, 69.73, 856]
['2019-03-27 15:51:00', 69.72, 69.72, 69.72, 69.72, 1048]
['2019-03-27 15:50:00', 69.76, 69.76, 69.76, 69.76, 1076]
['2019-03-27 15:49:00', 69.84, 69.84, 69.84, 69.84, 111]
['2019-03-27 15:47:00', 69.88, 69.83, 69.83, 69.88, 14311]
['2019-03-27 15:46:00', 69.79, 69.92, 69.79, 69.92, 1357]
['2019-03-27 15:44:00', 69.79, 69.79, 69.79, 69.79, 502]
['2019-03-27 15:43:00', 69.76, 69.785, 69.76, 69.785, 1035]
['2019-03-27 15:41:00', 69.74, 69.74, 69.74, 69.74, 937]
['2019-03-27 15:40:00', 69.79, 69.79, 69.79, 69.79, 502]
['2019-03-27 15:37:00', 69.82, 69.82, 69.82, 69.82, 500]
['2019-03-27 15:36:00', 69.87, 69.85, 69.85, 69.87, 969]
['2019-03-27 15:35:00', 69.89, 69.89, 69.89, 69.89, 634]
['2019-03-27 15:32:00', 69.835, 69.835, 69.835, 69.835, 908]
['2019-03-27 15:31:00', 69.92, 69.92, 69.92, 69.92, 382]
['2019-03-27 15:30:00', 69.81, 69.81, 69.81, 69.81, 423]
['2019-03-27 15:28:00', 69.75, 69.775, 69.75, 69.775, 501]
['2019-03-27 15:25:00', 69.745, 69.745, 69.745, 69.745, 493]
['2019-03-27 15:23:00', 69.62, 69.67, 69.62, 69.67, 719]
['2019-03-27 15:21:00', 69.71, 69.71, 69.71, 69.71, 512]
['2019-03-27 15:19:00', 69.74, 69.7, 69.7, 69.74, 519]
['2019-03-27 15:18:00', 69.79, 69.79, 69.79, 69.79, 329]
['2019-03-27 15:14:00', 69.63, 69.63, 69.63, 69.63, 340]
['2019-03-27 15:13:00', 69.72, 69.72, 69.72, 69.72, 634]
['2019-03-27 15:12:00', 69.74, 69.74, 69.74, 69.74, 224]
['2019-03-27 15:10:00', 69.67, 69.67, 69.67, 69.67, 205]
['2019-03-27 15:09:00', 69.63, 69.63, 69.63, 69.63, 620]
['2019-03-27 15:07:00', 69.66, 69.66, 69.66, 69.66, 203]
['2019-03-27 15:06:00', 69.61, 69.61, 69.61, 69.61, 420]
['2019-03-27 15:02:00', 69.62, 69.62, 69.62, 69.62, 439]
['2019-03-27 15:01:00', 69.61, 69.61, 69.61, 69.61, 304]
['2019-03-27 14:57:00', 69.6, 69.6, 69.6, 69.6, 206]
['2019-03-27 14:56:00', 69.63, 69.63, 69.63, 69.63, 323]
['2019-03-27 14:51:00', 69.62, 69.66, 69.62, 69.66, 1198]
['2019-03-27 14:49:00', 69.59, 69.59, 69.59, 69.59, 113]
['2019-03-27 14:46:00', 69.58, 69.58, 69.58, 69.58, 366]
['2019-03-27 14:41:00', 69.48, 69.51, 69.48, 69.51, 902]
['2019-03-27 14:38:00', 69.58, 69.58, 69.58, 69.58, 206]
['2019-03-27 14:36:00', 69.52, 69.52, 69.52, 69.52, 102]
['2019-03-27 14:34:00', 69.63, 69.63, 69.63, 69.63, 281]
['2019-03-27 14:30:00', 69.685, 69.685, 69.685, 69.685, 402]
['2019-03-27 14:29:00', 69.625, 69.68, 69.625, 69.68, 826]
['2019-03-27 14:28:00', 69.68, 69.68, 69.68, 69.68, 423]
['2019-03-27 14:23:00', 69.64, 69.64, 69.64, 69.64, 482]
['2019-03-27 14:21:00', 69.66, 69.66, 69.66, 69.66, 142]
['2019-03-27 14:19:00', 69.75, 69.75, 69.75, 69.75, 347]
['2019-03-27 14:18:00', 69.77, 69.77, 69.77, 69.77, 609]
['2019-03-27 14:16:00', 69.72, 69.72, 69.72, 69.72, 450]
['2019-03-27 14:12:00', 69.7, 69.7, 69.7, 69.7, 700]
['2019-03-27 14:11:00', 69.52, 69.52, 69.52, 69.52, 434]
['2019-03-27 14:10:00', 69.45, 69.45, 69.45, 69.45, 107]
['2019-03-27 14:02:00', 69.54, 69.5, 69.5, 69.54, 1903]
['2019-03-27 14:01:00', 69.51, 69.47, 69.47, 69.51, 801]
['2019-03-27 14:00:00', 69.51, 69.5, 69.5, 69.51, 1001]
['2019-03-27 13:58:00', 69.52, 69.52, 69.52, 69.52, 209]
['2019-03-27 13:53:00', 69.6, 69.6, 69.6, 69.6, 507]
['2019-03-27 13:49:00', 69.52, 69.52, 69.52, 69.52, 207]
['2019-03-27 13:48:00', 69.5, 69.5, 69.5, 69.5, 309]
['2019-03-27 13:46:00', 69.58, 69.58, 69.58, 69.58, 202]
['2019-03-27 13:45:00', 69.49, 69.49, 69.49, 69.49, 202]
['2019-03-27 13:43:00', 69.48, 69.48, 69.48, 69.48, 423]
['2019-03-27 13:41:00', 69.37, 69.38, 69.37, 69.38, 576]
['2019-03-27 13:37:00', 69.3, 69.3, 69.3, 69.3, 213]
['2019-03-27 13:34:00', 69.34, 69.37, 69.34, 69.37, 2078]
['2019-03-27 13:33:00', 69.35, 69.38, 69.35, 69.38, 1605]
['2019-03-27 13:31:00', 69.335, 69.335, 69.335, 69.335, 704]
['2019-03-27 13:29:00', 69.34, 69.34, 69.34, 69.34, 251]
['2019-03-27 13:23:00', 69.39, 69.36, 69.36, 69.39, 965]
['2019-03-27 13:22:00', 69.29, 69.41, 69.29, 69.41, 1384]
['2019-03-27 13:18:00', 69.275, 69.275, 69.275, 69.275, 101]
['2019-03-27 13:16:00', 69.305, 69.305, 69.305, 69.305, 716]
['2019-03-27 13:15:00', 69.27, 69.34, 69.27, 69.34, 832]
['2019-03-27 13:10:00', 69.07, 69.07, 69.07, 69.07, 123]
['2019-03-27 13:07:00', 69.13, 69.13, 69.13, 69.13, 276]
['2019-03-27 13:06:00', 69.07, 69.07, 69.07, 69.07, 301]
['2019-03-27 13:05:00', 69.07, 69.07, 69.07, 69.07, 453]
['2019-03-27 13:04:00', 69.0, 69.0, 69.0, 69.0, 102]
['2019-03-27 13:02:00', 69.0, 69.0, 69.0, 69.0, 601]
['2019-03-27 13:01:00', 69.08, 69.08, 69.08, 69.08, 472]
['2019-03-27 12:54:00', 69.1, 69.1, 69.1, 69.1, 394]
['2019-03-27 12:53:00', 69.08, 69.08, 69.08, 69.08, 103]
['2019-03-27 12:49:00', 69.0, 69.01, 69.0, 69.01, 412]
['2019-03-27 12:46:00', 69.04, 69.04, 69.04, 69.04, 102]
['2019-03-27 12:43:00', 69.06, 69.06, 69.06, 69.06, 102]
['2019-03-27 12:41:00', 69.08, 69.04, 69.04, 69.08, 615]
['2019-03-27 12:39:00', 69.06, 69.06, 69.06, 69.06, 319]
['2019-03-27 12:35:00', 69.13, 69.13, 69.13, 69.13, 330]
['2019-03-27 12:34:00', 69.14, 69.14, 69.14, 69.14, 260]
['2019-03-27 12:33:00', 69.08, 69.08, 69.08, 69.08, 425]
['2019-03-27 12:32:00', 69.17, 69.17, 69.17, 69.17, 100]
['2019-03-27 12:30:00', 69.125, 69.125, 69.125, 69.125, 228]
['2019-03-27 12:27:00', 69.11, 69.11, 69.11, 69.11, 448]
['2019-03-27 12:25:00', 69.15, 69.15, 69.15, 69.15, 349]
['2019-03-27 12:22:00', 69.01, 69.01, 69.01, 69.01, 524]
['2019-03-27 12:20:00', 68.9, 68.9, 68.9, 68.9, 1457]
['2019-03-27 12:14:00', 68.98, 68.94, 68.94, 68.98, 632]
['2019-03-27 12:11:00', 68.89, 68.89, 68.89, 68.89, 634]
['2019-03-27 12:09:00', 68.94, 68.94, 68.94, 68.94, 386]
['2019-03-27 12:04:00', 68.67, 68.67, 68.67, 68.67, 340]
['2019-03-27 12:03:00', 68.69, 68.69, 68.69, 68.69, 801]
['2019-03-27 12:02:00', 68.61, 68.61, 68.61, 68.61, 270]
['2019-03-27 11:57:00', 68.68, 68.68, 68.68, 68.68, 411]
['2019-03-27 11:55:00', 68.7275, 68.74, 68.59, 68.74, 2708]
['2019-03-27 11:54:00', 68.8, 68.8, 68.8, 68.8, 1794]
['2019-03-27 11:53:00', 68.6, 68.6326, 68.6, 68.6326, 2384]
['2019-03-27 11:51:00', 68.75, 68.75, 68.75, 68.75, 313]
['2019-03-27 11:46:00', 68.74, 68.74, 68.74, 68.74, 261]
['2019-03-27 11:43:00', 68.75, 68.74, 68.74, 68.75, 911]
['2019-03-27 11:40:00', 68.86, 68.86, 68.86, 68.86, 102]
['2019-03-27 11:36:00', 68.81, 68.81, 68.81, 68.81, 111]
['2019-03-27 11:35:00', 68.85, 68.85, 68.85, 68.85, 333]
['2019-03-27 11:33:00', 69.035, 69.035, 69.035, 69.035, 203]
['2019-03-27 11:32:00', 68.94, 68.94, 68.94, 68.94, 434]
['2019-03-27 11:29:00', 68.845, 68.845, 68.845, 68.845, 415]
['2019-03-27 11:27:00', 68.86, 68.86, 68.86, 68.86, 600]
['2019-03-27 11:23:00', 68.88, 68.88, 68.88, 68.88, 142]
['2019-03-27 11:20:00', 68.91, 68.91, 68.91, 68.91, 104]
['2019-03-27 11:18:00', 68.87, 68.87, 68.87, 68.87, 202]
['2019-03-27 11:13:00', 68.96, 68.9, 68.9, 68.96, 1217]
['2019-03-27 11:09:00', 69.02, 69.02, 69.02, 69.02, 307]
['2019-03-27 11:08:00', 69.02, 69.02, 69.02, 69.02, 291]
['2019-03-27 11:01:00', 68.875, 68.875, 68.875, 68.875, 566]
['2019-03-27 10:57:00', 68.96, 68.96, 68.96, 68.96, 472]
['2019-03-27 10:53:00', 68.93, 68.93, 68.93, 68.93, 339]
['2019-03-27 10:52:00', 69.07, 69.07, 69.07, 69.07, 165]
['2019-03-27 10:47:00', 68.9, 68.9, 68.9, 68.9, 212]
['2019-03-27 10:44:00', 68.79, 68.79, 68.79, 68.79, 537]
['2019-03-27 10:40:00', 68.98, 68.98, 68.98, 68.98, 365]
['2019-03-27 10:35:00', 69.03, 69.03, 69.03, 69.03, 455]
['2019-03-27 10:34:00', 69.08, 69.08, 69.08, 69.08, 301]
['2019-03-27 10:33:00', 69.02, 69.02, 69.02, 69.02, 4524]
['2019-03-27 10:32:00', 69.19, 69.19, 69.19, 69.19, 1923]
['2019-03-27 10:31:00', 69.21, 69.14, 69.14, 69.21, 3385]
['2019-03-27 10:30:00', 69.28, 69.36, 69.28, 69.36, 4267]
['2019-03-27 10:29:00', 69.36, 69.36, 69.36, 69.36, 2143]
['2019-03-27 10:25:00', 69.58, 69.58, 69.58, 69.58, 814]
['2019-03-27 10:24:00', 69.44, 69.44, 69.44, 69.44, 571]
['2019-03-27 10:22:00', 69.29, 69.29, 69.29, 69.29, 585]
['2019-03-27 10:18:00', 69.13, 69.13, 69.13, 69.13, 280]
['2019-03-27 10:17:00', 69.17, 69.17, 69.17, 69.17, 101]
['2019-03-27 10:16:00', 69.16, 69.16, 69.16, 69.16, 103]
['2019-03-27 10:14:00', 69.15, 69.15, 69.15, 69.15, 187]
['2019-03-27 10:12:00', 69.025, 69.025, 69.025, 69.025, 450]
['2019-03-27 10:10:00', 69.05, 69.05, 69.05, 69.05, 452]
['2019-03-27 10:09:00', 69.0, 69.0, 69.0, 69.0, 686]
['2019-03-27 10:07:00', 69.21, 69.21, 69.21, 69.21, 244]
['2019-03-27 10:03:00', 68.93, 68.93, 68.93, 68.93, 709]
['2019-03-27 09:59:00', 69.16, 68.96, 68.96, 69.16, 468]
['2019-03-27 09:52:00', 69.23, 69.23, 69.23, 69.23, 295]
['2019-03-27 09:49:00', 69.18, 69.18, 69.18, 69.18, 104]
['2019-03-27 09:47:00', 69.1, 69.1, 69.1, 69.1, 261]
['2019-03-27 09:45:00', 69.08, 69.17, 69.08, 69.17, 1301]
['2019-03-27 09:44:00', 69.29, 69.29, 69.29, 69.29, 629]
['2019-03-27 09:41:00', 69.44, 69.44, 69.44, 69.44, 131]
['2019-03-27 09:37:00', 68.925, 68.925, 68.925, 68.925, 648]
['2019-03-27 09:31:00', 68.54, 68.54, 68.54, 68.54, 416]
['2019-03-26 16:00:00', 68.59, 68.59, 68.59, 68.59, 3585]
['2019-03-26 15:59:00', 68.52, 68.52, 68.52, 68.52, 3838]
['2019-03-26 15:58:00', 68.5, 68.5, 68.5, 68.5, 3073]
['2019-03-26 15:57:00', 68.5, 68.5, 68.5, 68.5, 1555]
['2019-03-26 15:56:00', 68.495, 68.495, 68.495, 68.495, 869]
['2019-03-26 15:55:00', 68.46, 68.46, 68.46, 68.46, 899]
['2019-03-26 15:54:00', 68.51, 68.51, 68.51, 68.51, 222]
['2019-03-26 15:53:00', 68.5, 68.5, 68.5, 68.5, 700]
['2019-03-26 15:52:00', 68.53, 68.49, 68.49, 68.53, 1798]
['2019-03-26 15:49:00', 68.47, 68.47, 68.47, 68.47, 911]
['2019-03-26 15:48:00', 68.385, 68.385, 68.385, 68.385, 571]
['2019-03-26 15:47:00', 68.34, 68.34, 68.34, 68.34, 4435]
['2019-03-26 15:46:00', 68.44, 68.38, 68.38, 68.44, 1064]
['2019-03-26 15:45:00', 68.465, 68.465, 68.465, 68.465, 316]
['2019-03-26 15:44:00', 68.45, 68.45, 68.45, 68.45, 313]
['2019-03-26 15:39:00', 68.48, 68.48, 68.48, 68.48, 802]
['2019-03-26 15:38:00', 68.57, 68.57, 68.57, 68.57, 124]
['2019-03-26 15:37:00', 68.505, 68.505, 68.505, 68.505, 145]
['2019-03-26 15:36:00', 68.5, 68.5, 68.5, 68.5, 1075]
['2019-03-26 15:35:00', 68.48, 68.48, 68.48, 68.48, 488]
['2019-03-26 15:32:00', 68.515, 68.515, 68.515, 68.515, 109]
['2019-03-26 15:31:00', 68.53, 68.53, 68.53, 68.53, 693]
['2019-03-26 15:26:00', 68.47, 68.47, 68.47, 68.47, 146]
['2019-03-26 15:25:00', 68.58, 68.58, 68.58, 68.58, 217]
['2019-03-26 15:22:00', 68.58, 68.58, 68.58, 68.58, 225]
['2019-03-26 15:20:00', 68.51, 68.51, 68.51, 68.51, 312]
['2019-03-26 15:19:00', 68.6, 68.6, 68.6, 68.6, 172]
['2019-03-26 15:16:00', 68.61, 68.61, 68.61, 68.61, 418]
['2019-03-26 15:14:00', 68.63, 68.63, 68.63, 68.63, 115]
['2019-03-26 15:13:00', 68.61, 68.61, 68.61, 68.61, 308]
['2019-03-26 15:11:00', 68.59, 68.59, 68.59, 68.59, 700]
['2019-03-26 15:05:00', 68.63, 68.63, 68.63, 68.63, 264]
['2019-03-26 15:03:00', 68.67, 68.63, 68.6, 68.68, 1792]
['2019-03-26 14:58:00', 68.53, 68.53, 68.53, 68.53, 507]
['2019-03-26 14:53:00', 68.335, 68.335, 68.335, 68.335, 553]
['2019-03-26 14:52:00', 68.29, 68.29, 68.29, 68.29, 459]
['2019-03-26 14:45:00', 68.3, 68.3, 68.3, 68.3, 444]
['2019-03-26 14:42:00', 68.26, 68.26, 68.26, 68.26, 388]
['2019-03-26 14:40:00', 68.16, 68.2, 68.16, 68.2, 909]
['2019-03-26 14:37:00', 68.115, 68.115, 68.115, 68.115, 126]
['2019-03-26 14:32:00', 68.13, 68.13, 68.13, 68.13, 213]
['2019-03-26 14:31:00', 68.13, 68.13, 68.13, 68.13, 524]
['2019-03-26 14:27:00', 68.141, 68.141, 68.141, 68.141, 1509]
['2019-03-26 14:24:00', 68.15, 68.15, 68.15, 68.15, 318]
['2019-03-26 14:23:00', 68.125, 68.125, 68.125, 68.125, 201]
['2019-03-26 14:21:00', 68.17, 68.17, 68.17, 68.17, 123]
['2019-03-26 14:20:00', 68.19, 68.19, 68.19, 68.19, 101]
['2019-03-26 14:17:00', 68.09, 68.09, 68.09, 68.09, 210]
['2019-03-26 14:16:00', 68.13, 68.13, 68.13, 68.13, 322]
['2019-03-26 14:14:00', 68.04, 68.04, 68.04, 68.04, 733]
['2019-03-26 14:11:00', 68.085, 68.13, 68.085, 68.13, 710]
['2019-03-26 14:10:00', 68.14, 68.14, 68.14, 68.14, 393]
['2019-03-26 14:08:00', 68.14, 68.14, 68.14, 68.14, 469]
['2019-03-26 14:07:00', 68.12, 68.09, 68.09, 68.12, 487]
['2019-03-26 14:05:00', 68.07, 68.07, 68.07, 68.07, 111]
['2019-03-26 14:00:00', 68.075, 68.075, 68.075, 68.075, 228]
['2019-03-26 13:57:00', 68.115, 68.115, 68.115, 68.115, 412]
['2019-03-26 13:55:00', 68.165, 68.165, 68.165, 68.165, 102]
['2019-03-26 13:52:00', 68.15, 68.13, 68.13, 68.15, 1005]
['2019-03-26 13:51:00', 68.075, 68.075, 68.075, 68.075, 105]
['2019-03-26 13:48:00', 68.01, 68.01, 68.01, 68.01, 361]
['2019-03-26 13:45:00', 68.07, 68.07, 68.07, 68.07, 419]
['2019-03-26 13:41:00', 68.06, 68.06, 68.06, 68.06, 390]
['2019-03-26 13:40:00', 68.07, 68.07, 68.07, 68.07, 295]
['2019-03-26 13:38:00', 68.06, 68.06, 68.06, 68.06, 584]
['2019-03-26 13:37:00', 68.06, 68.06, 68.06, 68.06, 452]
['2019-03-26 13:35:00', 68.11, 68.11, 68.11, 68.11, 277]
['2019-03-26 13:33:00', 68.17, 68.17, 68.17, 68.17, 167]
['2019-03-26 13:31:00', 68.22, 68.22, 68.22, 68.22, 780]
['2019-03-26 13:26:00', 68.25, 68.25, 68.25, 68.25, 194]
['2019-03-26 13:23:00', 68.315, 68.315, 68.315, 68.315, 101]
['2019-03-26 13:21:00', 68.31, 68.31, 68.31, 68.31, 701]
['2019-03-26 13:19:00', 68.45, 68.45, 68.45, 68.45, 207]
['2019-03-26 13:18:00', 68.38, 68.38, 68.38, 68.38, 347]
['2019-03-26 13:17:00', 68.33, 68.33, 68.33, 68.33, 218]
['2019-03-26 13:13:00', 68.26, 68.26, 68.26, 68.26, 171]
['2019-03-26 13:12:00', 68.27, 68.27, 68.27, 68.27, 100]
['2019-03-26 13:09:00', 68.295, 68.295, 68.295, 68.295, 210]
['2019-03-26 13:07:00', 68.22, 68.22, 68.22, 68.22, 381]
['2019-03-26 13:06:00', 68.2575, 68.2575, 68.2575, 68.2575, 463]
['2019-03-26 13:04:00', 68.2, 68.2, 68.2, 68.2, 133]
['2019-03-26 13:01:00', 68.25, 68.25, 68.25, 68.25, 105]
['2019-03-26 12:55:00', 68.29, 68.29, 68.29, 68.29, 209]
['2019-03-26 12:47:00', 68.325, 68.325, 68.325, 68.325, 414]
['2019-03-26 12:42:00', 68.27, 68.27, 68.27, 68.27, 1079]
['2019-03-26 12:40:00', 68.43, 68.38, 68.38, 68.43, 653]
['2019-03-26 12:32:00', 68.49, 68.49, 68.49, 68.49, 221]
['2019-03-26 12:29:00', 68.47, 68.47, 68.47, 68.47, 420]
['2019-03-26 12:24:00', 68.39, 68.39, 68.39, 68.39, 214]
['2019-03-26 12:23:00', 68.4, 68.4, 68.4, 68.4, 303]
['2019-03-26 12:17:00', 68.475, 68.475, 68.475, 68.475, 301]
['2019-03-26 12:14:00', 68.605, 68.605, 68.605, 68.605, 310]
['2019-03-26 12:13:00', 68.67, 68.66, 68.66, 68.67, 437]
['2019-03-26 12:11:00', 68.67, 68.67, 68.67, 68.67, 663]
['2019-03-26 12:09:00', 68.79, 68.79, 68.79, 68.79, 213]
['2019-03-26 12:02:00', 68.72, 68.72, 68.72, 68.72, 167]
['2019-03-26 11:58:00', 68.7, 68.7, 68.7, 68.7, 115]
['2019-03-26 11:56:00', 68.73, 68.73, 68.73, 68.73, 326]
['2019-03-26 11:53:00', 68.755, 68.755, 68.755, 68.755, 108]
['2019-03-26 11:48:00', 68.8, 68.8, 68.8, 68.8, 260]
['2019-03-26 11:46:00', 68.885, 68.885, 68.885, 68.885, 456]
['2019-03-26 11:43:00', 68.83, 68.83, 68.83, 68.83, 242]
['2019-03-26 11:40:00', 68.72, 68.72, 68.72, 68.72, 200]
['2019-03-26 11:39:00', 68.79, 68.79, 68.79, 68.79, 3004]
['2019-03-26 11:36:00', 68.66, 68.66, 68.66, 68.66, 101]
['2019-03-26 11:34:00', 68.77, 68.77, 68.77, 68.77, 106]
['2019-03-26 11:33:00', 68.77, 68.77, 68.77, 68.77, 435]
['2019-03-26 11:32:00', 68.92, 68.92, 68.92, 68.92, 100]
['2019-03-26 11:28:00', 68.87, 68.87, 68.87, 68.87, 421]
['2019-03-26 11:24:00', 68.8, 68.8, 68.8, 68.8, 199]
['2019-03-26 11:21:00', 68.7, 68.7, 68.7, 68.7, 104]
['2019-03-26 11:18:00', 68.72, 68.72, 68.72, 68.72, 632]
['2019-03-26 11:15:00', 68.5, 68.5, 68.5, 68.5, 299]
['2019-03-26 11:13:00', 68.62, 68.62, 68.62, 68.62, 441]
['2019-03-26 11:12:00', 68.805, 68.805, 68.805, 68.805, 203]
['2019-03-26 11:11:00', 68.86, 68.86, 68.86, 68.86, 1809]
['2019-03-26 11:10:00', 69.03, 69.03, 69.03, 69.03, 950]
['2019-03-26 11:09:00', 68.99, 69.08, 68.99, 69.09, 2420]
['2019-03-26 11:05:00', 69.16, 69.16, 69.16, 69.16, 215]
['2019-03-26 11:03:00', 69.16, 69.16, 69.16, 69.16, 134]
['2019-03-26 10:59:00', 69.27, 69.27, 69.27, 69.27, 261]
['2019-03-26 10:56:00', 69.33, 69.33, 69.33, 69.33, 201]
['2019-03-26 10:55:00', 69.4, 69.4, 69.4, 69.4, 1048]
['2019-03-26 10:51:00', 69.27, 69.27, 69.27, 69.27, 419]
['2019-03-26 10:50:00', 69.15, 69.15, 69.15, 69.15, 300]
['2019-03-26 10:47:00', 68.82, 68.82, 68.82, 68.82, 200]
['2019-03-26 10:46:00', 68.86, 68.86, 68.86, 68.86, 257]
['2019-03-26 10:39:00', 68.71, 68.71, 68.71, 68.71, 703]
['2019-03-26 10:33:00', 68.79, 68.79, 68.79, 68.79, 783]
['2019-03-26 10:32:00', 68.72, 68.72, 68.72, 68.72, 313]
['2019-03-26 10:31:00', 68.69, 68.69, 68.69, 68.69, 1113]
['2019-03-26 10:30:00', 68.7, 68.7, 68.7, 68.7, 441]
['2019-03-26 10:27:00', 68.795, 68.795, 68.795, 68.795, 505]
['2019-03-26 10:26:00', 68.86, 68.77, 68.77, 68.86, 2594]
['2019-03-26 10:25:00', 68.78, 68.78, 68.78, 68.78, 2363]
['2019-03-26 10:24:00', 68.62, 68.62, 68.62, 68.62, 928]
['2019-03-26 10:17:00', 68.58, 68.58, 68.58, 68.58, 262]
['2019-03-26 10:16:00', 68.6, 68.6, 68.6, 68.6, 198]
['2019-03-26 10:14:00', 68.72, 68.72, 68.72, 68.72, 300]
['2019-03-26 10:13:00', 68.62, 68.62, 68.62, 68.62, 397]
['2019-03-26 10:10:00', 68.51, 68.51, 68.51, 68.51, 438]
['2019-03-26 10:06:00', 68.43, 68.43, 68.43, 68.43, 500]
['2019-03-26 10:04:00', 68.47, 68.72, 68.47, 68.72, 1288]
['2019-03-26 10:01:00', 68.45, 68.45, 68.45, 68.45, 825]
['2019-03-26 09:48:00', 68.78, 68.78, 68.78, 68.78, 456]
['2019-03-26 09:44:00', 68.84, 68.84, 68.84, 68.84, 893]
['2019-03-26 09:42:00', 68.85, 68.85, 68.85, 68.85, 600]
['2019-03-26 09:40:00', 68.09, 68.5, 68.09, 68.5, 1993]
['2019-03-26 09:32:00', 67.33, 67.33, 67.33, 67.33, 7100]
['2019-03-26 09:31:00', 67.27, 67.27, 67.27, 67.27, 1551]
['2019-03-25 16:00:00', 68.05, 68.0, 68.0, 68.05, 4876]
['2019-03-25 15:59:00', 68.06, 68.06, 68.06, 68.06, 1598]
['2019-03-25 15:58:00', 67.99, 68.01, 67.98, 68.01, 4181]
['2019-03-25 15:57:00', 67.89, 67.95, 67.89, 67.95, 5505]
['2019-03-25 15:56:00', 67.85, 67.85, 67.85, 67.85, 926]
['2019-03-25 15:55:00', 67.89, 67.89, 67.89, 67.89, 1026]
['2019-03-25 15:54:00', 67.97, 67.97, 67.97, 67.97, 1129]
['2019-03-25 15:53:00', 67.94, 67.96, 67.94, 67.96, 1167]
['2019-03-25 15:52:00', 67.99, 67.99, 67.99, 67.99, 527]
['2019-03-25 15:50:00', 67.98, 67.98, 67.98, 67.98, 2247]
['2019-03-25 15:49:00', 67.98, 67.98, 67.98, 67.98, 2163]
['2019-03-25 15:48:00', 68.01, 67.99, 67.99, 68.01, 2473]
['2019-03-25 15:46:00', 68.03, 68.06, 68.03, 68.06, 1840]
['2019-03-25 15:45:00', 68.12, 68.12, 68.12, 68.12, 571]
['2019-03-25 15:44:00', 68.075, 68.075, 68.075, 68.075, 431]
['2019-03-25 15:42:00', 67.99, 68.0, 67.99, 68.0, 217]
['2019-03-25 15:40:00', 68.01, 68.01, 68.01, 68.01, 667]
['2019-03-25 15:37:00', 68.02, 68.0, 68.0, 68.02, 1320]
['2019-03-25 15:36:00', 67.99, 67.99, 67.99, 67.99, 239]
['2019-03-25 15:34:00', 68.04, 68.04, 68.04, 68.04, 409]
['2019-03-25 15:33:00', 68.06, 68.06, 68.06, 68.06, 610]
['2019-03-25 15:32:00', 68.02, 68.02, 68.02, 68.02, 103]
['2019-03-25 15:31:00', 68.12, 68.12, 68.12, 68.12, 234]
['2019-03-25 15:29:00', 68.12, 68.12, 68.12, 68.12, 200]
['2019-03-25 15:27:00', 68.25, 68.25, 68.25, 68.25, 301]
['2019-03-25 15:26:00', 68.09, 68.09, 68.09, 68.09, 301]
['2019-03-25 15:24:00', 68.13, 68.13, 68.13, 68.13, 443]
['2019-03-25 15:23:00', 68.01, 68.01, 68.01, 68.01, 386]
['2019-03-25 15:21:00', 67.99, 67.99, 67.99, 67.99, 212]
['2019-03-25 15:20:00', 68.0, 68.0, 68.0, 68.0, 899]
['2019-03-25 15:19:00', 68.06, 68.06, 68.06, 68.06, 203]
['2019-03-25 15:18:00', 68.04, 68.04, 68.04, 68.04, 1028]
['2019-03-25 15:15:00', 68.3, 68.3, 68.3, 68.3, 442]
['2019-03-25 15:14:00', 68.27, 68.24, 68.24, 68.27, 438]
['2019-03-25 15:13:00', 68.205, 68.205, 68.205, 68.205, 248]
['2019-03-25 15:11:00', 68.18, 68.18, 68.18, 68.18, 127]
['2019-03-25 15:09:00', 68.18, 68.15, 68.15, 68.18, 651]
['2019-03-25 15:05:00', 68.06, 68.06, 68.06, 68.06, 337]
['2019-03-25 15:03:00', 68.16, 68.135, 68.135, 68.16, 789]
['2019-03-25 15:02:00', 68.2, 68.2, 68.2, 68.2, 145]
['2019-03-25 15:01:00', 68.19, 68.19, 68.19, 68.19, 155]
['2019-03-25 15:00:00', 68.07, 68.07, 68.07, 68.07, 307]
['2019-03-25 14:59:00', 68.13, 68.13, 68.13, 68.13, 202]
['2019-03-25 14:56:00', 68.03, 68.03, 68.03, 68.03, 397]
['2019-03-25 14:55:00', 68.06, 68.06, 68.06, 68.06, 155]
['2019-03-25 14:51:00', 68.06, 68.06, 68.06, 68.06, 350]
['2019-03-25 14:48:00', 68.1, 68.1, 68.1, 68.1, 269]
['2019-03-25 14:46:00', 68.245, 68.08, 68.08, 68.245, 1025]
['2019-03-25 14:44:00', 68.3, 68.3, 68.3, 68.3, 508]
['2019-03-25 14:42:00', 68.2, 68.22, 68.2, 68.22, 599]
['2019-03-25 14:41:00', 68.11, 68.11, 68.11, 68.11, 412]
['2019-03-25 14:38:00', 68.19, 68.19, 68.19, 68.19, 402]
['2019-03-25 14:37:00', 68.17, 68.17, 68.17, 68.17, 212]
['2019-03-25 14:36:00', 68.08, 68.08, 68.08, 68.08, 201]
['2019-03-25 14:33:00', 68.12, 68.12, 68.12, 68.12, 111]
['2019-03-25 14:32:00', 68.15, 68.15, 68.15, 68.15, 108]
['2019-03-25 14:29:00', 67.92, 67.92, 67.92, 67.92, 844]
['2019-03-25 14:26:00', 67.89, 67.9, 67.89, 67.9, 389]
['2019-03-25 14:25:00', 67.82, 67.82, 67.82, 67.82, 131]
['2019-03-25 14:24:00', 67.9, 67.8, 67.8, 67.9, 848]
['2019-03-25 14:20:00', 67.97, 67.97, 67.97, 67.97, 503]
['2019-03-25 14:18:00', 68.04, 68.04, 68.04, 68.04, 324]
['2019-03-25 14:16:00', 68.13, 68.13, 68.13, 68.13, 130]
['2019-03-25 14:13:00', 67.98, 67.98, 67.98, 67.98, 399]
['2019-03-25 14:10:00', 67.89, 67.89, 67.89, 67.89, 753]
['2019-03-25 14:09:00', 68.035, 68.035, 68.035, 68.035, 111]
['2019-03-25 14:07:00', 67.99, 67.99, 67.99, 67.99, 254]
['2019-03-25 14:04:00', 68.03, 68.04, 68.03, 68.04, 1036]
['2019-03-25 14:02:00', 68.12, 68.12, 68.12, 68.12, 1057]
['2019-03-25 14:00:00', 68.14, 68.14, 68.14, 68.14, 522]
['2019-03-25 13:57:00', 68.1, 68.1, 68.1, 68.1, 1018]
['2019-03-25 13:55:00', 68.16, 68.16, 68.16, 68.16, 101]
['2019-03-25 13:54:00', 68.19, 68.19, 68.19, 68.19, 334]
['2019-03-25 13:52:00', 68.23, 68.23, 68.23, 68.23, 417]
['2019-03-25 13:49:00', 68.19, 68.19, 68.19, 68.19, 438]
['2019-03-25 13:47:00', 68.27, 68.27, 68.27, 68.27, 141]
['2019-03-25 13:45:00', 68.24, 68.24, 68.24, 68.24, 198]
['2019-03-25 13:44:00', 68.25, 68.25, 68.25, 68.25, 325]
['2019-03-25 13:42:00', 68.3, 68.3, 68.3, 68.3, 599]
['2019-03-25 13:38:00', 68.26, 68.28, 68.26, 68.28, 1109]
['2019-03-25 13:35:00', 68.2, 68.15, 68.15, 68.2, 721]
['2019-03-25 13:34:00', 68.16, 68.16, 68.16, 68.16, 201]
['2019-03-25 13:32:00', 68.2, 68.2, 68.2, 68.2, 184]
['2019-03-25 13:30:00', 68.16, 68.16, 68.16, 68.16, 111]
['2019-03-25 13:29:00', 68.13, 68.13, 68.13, 68.13, 129]
['2019-03-25 13:26:00', 68.14, 68.155, 68.14, 68.155, 626]
['2019-03-25 13:23:00', 68.11, 68.11, 68.11, 68.11, 328]
['2019-03-25 13:21:00', 68.12, 68.12, 68.12, 68.12, 224]
['2019-03-25 13:18:00', 68.19, 68.19, 68.19, 68.19, 104]
['2019-03-25 13:15:00', 68.31, 68.31, 68.31, 68.31, 414]
['2019-03-25 13:14:00', 68.27, 68.27, 68.27, 68.27, 263]
['2019-03-25 13:13:00', 68.22, 68.22, 68.22, 68.22, 205]
['2019-03-25 13:11:00', 68.2, 68.2, 68.2, 68.2, 422]
['2019-03-25 13:08:00', 68.145, 68.145, 68.145, 68.145, 202]
['2019-03-25 13:07:00', 68.15, 68.15, 68.15, 68.15, 461]
['2019-03-25 13:06:00', 68.13, 68.13, 68.13, 68.13, 358]
['2019-03-25 13:03:00', 68.195, 68.195, 68.195, 68.195, 214]
['2019-03-25 13:02:00', 68.22, 68.22, 68.22, 68.22, 235]
['2019-03-25 13:01:00', 68.25, 68.25, 68.25, 68.25, 273]
['2019-03-25 12:59:00', 68.22, 68.3, 68.22, 68.3, 920]
['2019-03-25 12:57:00', 68.16, 68.16, 68.16, 68.16, 352]
['2019-03-25 12:54:00', 68.13, 68.15, 68.13, 68.15, 710]
['2019-03-25 12:53:00', 68.15, 68.15, 68.15, 68.15, 283]
['2019-03-25 12:51:00', 68.19, 68.19, 68.19, 68.19, 436]
['2019-03-25 12:48:00', 68.05, 68.05, 68.05, 68.05, 385]
['2019-03-25 12:47:00', 67.98, 67.98, 67.98, 67.98, 203]
['2019-03-25 12:45:00', 68.01, 68.01, 68.01, 68.01, 697]
['2019-03-25 12:42:00', 68.06, 68.06, 68.06, 68.06, 506]
['2019-03-25 12:41:00', 68.04, 68.0, 68.0, 68.04, 828]
['2019-03-25 12:40:00', 67.99, 67.99, 67.99, 67.99, 311]
['2019-03-25 12:33:00', 68.16, 68.16, 68.16, 68.16, 341]
['2019-03-25 12:30:00', 68.27, 68.27, 68.27, 68.27, 302]
['2019-03-25 12:26:00', 68.375, 68.375, 68.375, 68.375, 317]
['2019-03-25 12:20:00', 68.3, 68.3, 68.3, 68.3, 329]
['2019-03-25 12:16:00', 68.26, 68.26, 68.26, 68.26, 110]
['2019-03-25 12:14:00', 68.32, 68.32, 68.32, 68.32, 202]
['2019-03-25 12:12:00', 68.27, 68.27, 68.27, 68.27, 159]
['2019-03-25 12:11:00', 68.19, 68.19, 68.19, 68.19, 273]
['2019-03-25 12:06:00', 68.31, 68.31, 68.31, 68.31, 992]
['2019-03-25 12:05:00', 68.23, 68.23, 68.23, 68.23, 111]
['2019-03-25 12:01:00', 68.13, 68.13, 68.13, 68.13, 399]
['2019-03-25 11:59:00', 68.17, 68.17, 68.17, 68.17, 101]
['2019-03-25 11:58:00', 68.23, 68.23, 68.23, 68.23, 126]
['2019-03-25 11:56:00', 68.065, 68.12, 68.065, 68.12, 598]
['2019-03-25 11:55:00', 68.26, 68.26, 68.26, 68.26, 216]
['2019-03-25 11:54:00', 68.25, 68.25, 68.25, 68.25, 338]
['2019-03-25 11:52:00', 68.16, 68.16, 68.16, 68.16, 222]
['2019-03-25 11:49:00', 68.27, 68.27, 68.27, 68.27, 123]
['2019-03-25 11:44:00', 68.27, 68.27, 68.27, 68.27, 103]
['2019-03-25 11:42:00', 68.25, 68.25, 68.25, 68.25, 354]
['2019-03-25 11:41:00', 68.42, 68.42, 68.42, 68.42, 101]
['2019-03-25 11:39:00', 68.43, 68.43, 68.43, 68.43, 202]
['2019-03-25 11:37:00', 68.43, 68.43, 68.43, 68.43, 101]
['2019-03-25 11:36:00', 68.5, 68.5, 68.5, 68.5, 205]
['2019-03-25 11:35:00', 68.59, 68.59, 68.59, 68.59, 225]
['2019-03-25 11:33:00', 68.76, 68.76, 68.76, 68.76, 462]
['2019-03-25 11:32:00', 68.76, 68.76, 68.76, 68.76, 111]
['2019-03-25 11:31:00', 68.62, 68.62, 68.62, 68.62, 723]
['2019-03-25 11:30:00', 68.75, 68.75, 68.75, 68.75, 258]
['2019-03-25 11:26:00', 68.65, 68.59, 68.59, 68.65, 807]
['2019-03-25 11:23:00', 68.35, 68.44, 68.35, 68.44, 826]
['2019-03-25 11:21:00', 68.44, 68.44, 68.44, 68.44, 1104]
['2019-03-25 11:20:00', 68.28, 68.28, 68.28, 68.28, 1206]
['2019-03-25 11:19:00', 68.29, 68.29, 68.29, 68.29, 412]
['2019-03-25 11:18:00', 68.15, 68.15, 68.15, 68.15, 310]
['2019-03-25 11:16:00', 68.06, 68.06, 68.06, 68.06, 406]
['2019-03-25 11:15:00', 68.03, 68.03, 68.03, 68.03, 113]
['2019-03-25 11:13:00', 67.9, 67.9, 67.9, 67.9, 420]
['2019-03-25 11:12:00', 67.95, 67.95, 67.95, 67.95, 117]
['2019-03-25 11:09:00', 67.995, 67.99, 67.99, 67.995, 464]
['2019-03-25 11:08:00', 67.81, 67.81, 67.81, 67.81, 211]
['2019-03-25 11:03:00', 67.66, 67.72, 67.66, 67.72, 1462]
['2019-03-25 11:02:00', 67.69, 67.69, 67.69, 67.69, 721]
['2019-03-25 11:01:00', 67.74, 67.8, 67.74, 67.8, 908]
['2019-03-25 10:59:00', 67.79, 67.79, 67.79, 67.79, 528]
['2019-03-25 10:55:00', 67.78, 67.78, 67.78, 67.78, 805]
['2019-03-25 10:53:00', 67.82, 67.82, 67.82, 67.82, 222]
['2019-03-25 10:52:00', 67.68, 67.68, 67.68, 67.68, 202]
['2019-03-25 10:49:00', 67.56, 67.56, 67.56, 67.56, 362]
['2019-03-25 10:48:00', 67.46, 67.46, 67.46, 67.46, 513]
['2019-03-25 10:46:00', 67.26, 67.26, 67.26, 67.26, 455]
['2019-03-25 10:43:00', 67.25, 67.25, 67.25, 67.25, 318]
['2019-03-25 10:39:00', 67.285, 67.285, 67.285, 67.285, 501]
['2019-03-25 10:38:00', 67.205, 67.205, 67.205, 67.205, 201]
['2019-03-25 10:35:00', 67.42, 67.27, 67.27, 67.42, 1993]
['2019-03-25 10:34:00', 67.26, 67.43, 67.26, 67.43, 2314]
['2019-03-25 10:33:00', 67.21, 67.21, 67.21, 67.21, 301]
['2019-03-25 10:25:00', 67.01, 67.01, 67.01, 67.01, 406]
['2019-03-25 10:20:00', 67.03, 67.03, 67.03, 67.03, 831]
['2019-03-25 10:17:00', 66.96, 66.96, 66.96, 66.96, 102]
['2019-03-25 10:12:00', 66.93, 66.93, 66.93, 66.93, 607]
['2019-03-25 10:10:00', 66.99, 66.99, 66.99, 66.99, 201]
['2019-03-25 10:09:00', 67.03, 67.03, 67.03, 67.03, 301]
['2019-03-25 10:07:00', 66.98, 66.98, 66.98, 66.98, 315]
['2019-03-25 10:04:00', 66.97, 66.97, 66.97, 66.97, 499]
['2019-03-25 10:00:00', 67.02, 67.02, 67.02, 67.02, 127]
['2019-03-25 09:58:00', 67.0, 67.0, 67.0, 67.0, 101]
['2019-03-25 09:55:00', 67.02, 67.02, 67.02, 67.02, 563]
['2019-03-25 09:54:00', 67.06, 67.06, 67.06, 67.06, 1104]
['2019-03-25 09:45:00', 67.14, 67.14, 67.14, 67.14, 904]
['2019-03-25 09:44:00', 67.28, 67.28, 67.28, 67.28, 525]
['2019-03-25 09:43:00', 67.28, 67.35, 67.28, 67.35, 1378]
['2019-03-25 09:38:00', 66.74, 66.74, 66.74, 66.74, 636]
['2019-03-25 09:33:00', 66.46, 66.46, 66.46, 66.46, 0]
