APTX
['2019-03-29 16:00:00', 4.05, 4.06, 4.05, 4.06, 1513]
['2019-03-29 15:59:00', 4.04, 4.05, 4.04, 4.05, 991]
['2019-03-29 15:58:00', 4.05, 4.05, 4.05, 4.05, 500]
['2019-03-29 15:57:00', 4.06, 4.05, 4.05, 4.06, 1401]
['2019-03-29 15:56:00', 4.05, 4.06, 4.03, 4.06, 2522]
['2019-03-29 15:54:00', 4.07, 4.06, 4.06, 4.07, 2345]
['2019-03-29 15:53:00', 4.07, 4.075, 4.07, 4.075, 200]
['2019-03-29 15:52:00', 4.05, 4.06, 4.05, 4.06, 1115]
['2019-03-29 15:51:00', 4.04, 4.04, 4.03, 4.04, 2021]
['2019-03-29 15:50:00', 4.04, 4.04, 4.04, 4.04, 200]
['2019-03-29 15:49:00', 4.04, 4.04, 4.04, 4.04, 200]
['2019-03-29 15:48:00', 4.05, 4.04, 4.04, 4.05, 500]
['2019-03-29 15:46:00', 4.06, 4.05, 4.05, 4.06, 1294]
['2019-03-29 15:43:00', 4.05, 4.06, 4.05, 4.06, 1812]
['2019-03-29 15:41:00', 4.06, 4.07, 4.06, 4.07, 3404]
['2019-03-29 15:40:00', 4.07, 4.06, 4.06, 4.07, 1396]
['2019-03-29 15:39:00', 4.05, 4.075, 4.05, 4.075, 4050]
['2019-03-29 15:38:00', 4.04, 4.04, 4.03, 4.0485, 15928]
['2019-03-29 15:37:00', 4.06, 4.04, 4.04, 4.06, 200]
['2019-03-29 15:36:00', 4.04, 4.04, 4.04, 4.04, 100]
['2019-03-29 15:35:00', 4.04, 4.055, 4.04, 4.06, 1746]
['2019-03-29 15:32:00', 4.06, 4.06, 4.06, 4.06, 1135]
['2019-03-29 15:31:00', 4.05, 4.05, 4.05, 4.05, 160]
['2019-03-29 15:29:00', 4.055, 4.055, 4.055, 4.055, 305]
['2019-03-29 15:22:00', 4.055, 4.055, 4.04, 4.055, 1000]
['2019-03-29 15:21:00', 4.07, 4.07, 4.07, 4.07, 100]
['2019-03-29 15:19:00', 4.08, 4.08, 4.08, 4.08, 1125]
['2019-03-29 15:18:00', 4.07, 4.07, 4.07, 4.07, 200]
['2019-03-29 15:17:00', 4.07, 4.07, 4.07, 4.07, 211]
['2019-03-29 15:16:00', 4.07, 4.07, 4.07, 4.07, 300]
['2019-03-29 15:14:00', 4.0843, 4.0843, 4.0843, 4.0843, 1000]
['2019-03-29 15:11:00', 4.07, 4.07, 4.07, 4.07, 200]
['2019-03-29 15:10:00', 4.0949, 4.0949, 4.0949, 4.0949, 750]
['2019-03-29 15:06:00', 4.1, 4.095, 4.09, 4.1, 801]
['2019-03-29 15:05:00', 4.115, 4.115, 4.115, 4.115, 400]
['2019-03-29 15:01:00', 4.12, 4.1, 4.1, 4.12, 700]
['2019-03-29 14:58:00', 4.105, 4.1, 4.1, 4.105, 401]
['2019-03-29 14:56:00', 4.105, 4.105, 4.105, 4.105, 100]
['2019-03-29 14:55:00', 4.1, 4.1, 4.1, 4.1, 100]
['2019-03-29 14:48:00', 4.09, 4.09, 4.09, 4.09, 1200]
['2019-03-29 14:45:00', 4.08, 4.08, 4.07, 4.08, 1132]
['2019-03-29 14:41:00', 4.08, 4.08, 4.08, 4.08, 128]
['2019-03-29 14:40:00', 4.0695, 4.0695, 4.0695, 4.0695, 1100]
['2019-03-29 14:39:00', 4.0599, 4.05, 4.05, 4.06, 2064]
['2019-03-29 14:36:00', 4.06, 4.05, 4.05, 4.06, 600]
['2019-03-29 14:35:00', 4.04, 4.04, 4.0399, 4.04, 3700]
['2019-03-29 14:34:00', 4.03, 4.03, 4.03, 4.03, 300]
['2019-03-29 14:31:00', 4.03, 4.03, 4.03, 4.03, 100]
['2019-03-29 14:30:00', 4.03, 4.03, 4.03, 4.03, 300]
['2019-03-29 14:29:00', 4.0381, 4.025, 4.01, 4.04, 2420]
['2019-03-29 14:19:00', 4.04, 4.04, 4.04, 4.04, 200]
['2019-03-29 14:16:00', 4.03, 4.0332, 4.03, 4.0332, 2300]
['2019-03-29 14:14:00', 4.04, 4.04, 4.04, 4.04, 100]
['2019-03-29 14:11:00', 4.04, 4.04, 4.04, 4.04, 100]
['2019-03-29 14:10:00', 4.04, 4.05, 4.04, 4.05, 231]
['2019-03-29 14:09:00', 4.04, 4.04, 4.04, 4.04, 301]
['2019-03-29 14:07:00', 4.04, 4.04, 4.04, 4.04, 100]
['2019-03-29 14:05:00', 4.03, 4.03, 4.03, 4.03, 422]
['2019-03-29 13:58:00', 4.02, 4.005, 4.005, 4.02, 903]
['2019-03-29 13:57:00', 4.02, 4.02, 4.02, 4.02, 100]
['2019-03-29 13:50:00', 4.02, 4.005, 4.005, 4.02, 305]
['2019-03-29 13:49:00', 4.005, 4.005, 4.005, 4.005, 400]
['2019-03-29 13:47:00', 4.03, 4.01, 4.01, 4.03, 1659]
['2019-03-29 13:39:00', 4.03, 4.04, 4.03, 4.04, 500]
['2019-03-29 13:26:00', 4.03, 4.03, 4.03, 4.03, 461]
['2019-03-29 13:18:00', 4.03, 4.03, 4.03, 4.03, 200]
['2019-03-29 13:16:00', 4.03, 4.03, 4.03, 4.03, 401]
['2019-03-29 13:15:00', 4.04, 4.03, 4.03, 4.04, 346]
['2019-03-29 13:13:00', 4.03, 4.03, 4.03, 4.03, 100]
['2019-03-29 13:12:00', 4.03, 4.03, 4.03, 4.03, 154]
['2019-03-29 13:07:00', 4.02, 4.025, 4.02, 4.025, 1348]
['2019-03-29 13:05:00', 4.03, 4.03, 4.03, 4.03, 200]
['2019-03-29 13:01:00', 4.02, 4.02, 4.02, 4.02, 100]
['2019-03-29 13:00:00', 4.01, 4.03, 4.01, 4.03, 359]
['2019-03-29 12:55:00', 4.01, 4.01, 4.01, 4.01, 210]
['2019-03-29 12:54:00', 4.005, 4.005, 4.005, 4.005, 100]
['2019-03-29 12:53:00', 4.01, 4.01, 4.01, 4.01, 100]
['2019-03-29 12:52:00', 4.0075, 4.005, 4.005, 4.01, 6596]
['2019-03-29 12:45:00', 4.01, 4.0099, 4.005, 4.01, 650]
['2019-03-29 12:44:00', 4.015, 4.01, 4.01, 4.015, 700]
['2019-03-29 12:43:00', 4.02, 4.02, 4.02, 4.02, 100]
['2019-03-29 12:42:00', 4.01, 4.01, 4.01, 4.01, 300]
['2019-03-29 12:41:00', 4.02, 4.01, 4.01, 4.02, 800]
['2019-03-29 12:39:00', 4.02, 4.02, 4.02, 4.02, 200]
['2019-03-29 12:37:00', 4.02, 4.015, 4.015, 4.03, 1600]
['2019-03-29 12:35:00', 4.01, 4.01, 4.01, 4.01, 200]
['2019-03-29 12:28:00', 4.005, 4.005, 4.005, 4.005, 100]
['2019-03-29 12:27:00', 4.005, 4.005, 4.005, 4.005, 100]
['2019-03-29 12:18:00', 3.99, 3.99, 3.99, 4.0, 3900]
['2019-03-29 12:14:00', 3.99, 3.99, 3.99, 3.99, 126]
['2019-03-29 12:00:00', 4.0, 3.99, 3.99, 4.0, 500]
['2019-03-29 11:59:00', 4.01, 4.0, 3.99, 4.01, 1300]
['2019-03-29 11:53:00', 4.005, 4.005, 4.005, 4.005, 300]
['2019-03-29 11:48:00', 3.99, 3.99, 3.99, 3.99, 500]
['2019-03-29 11:46:00', 4.0, 4.0, 4.0, 4.0, 100]
['2019-03-29 11:42:00', 4.0, 4.0, 4.0, 4.0, 200]
['2019-03-29 11:41:00', 3.99, 3.99, 3.99, 3.99, 100]
['2019-03-29 11:39:00', 3.98, 3.99, 3.98, 3.99, 400]
['2019-03-29 11:33:00', 3.96, 3.96, 3.96, 3.96, 965]
['2019-03-29 11:32:00', 3.96, 3.96, 3.96, 3.96, 700]
['2019-03-29 11:31:00', 3.95, 3.95, 3.95, 3.95, 100]
['2019-03-29 11:28:00', 3.96, 3.96, 3.96, 3.96, 200]
['2019-03-29 11:25:00', 3.9521, 3.95, 3.95, 3.9521, 460]
['2019-03-29 11:23:00', 3.96, 3.96, 3.96, 3.96, 100]
['2019-03-29 11:21:00', 3.93, 3.9399, 3.93, 3.94, 325]
['2019-03-29 11:20:00', 3.92, 3.94, 3.915, 3.94, 700]
['2019-03-29 11:15:00', 3.92, 3.92, 3.92, 3.92, 1135]
['2019-03-29 11:14:00', 3.92, 3.92, 3.92, 3.92, 400]
['2019-03-29 11:13:00', 3.9204, 3.9204, 3.9204, 3.9204, 300]
['2019-03-29 11:12:00', 3.9278, 3.9278, 3.9278, 3.9278, 1003]
['2019-03-29 11:08:00', 3.925, 3.925, 3.925, 3.925, 300]
['2019-03-29 11:06:00', 3.96, 3.92, 3.92, 3.96, 1200]
['2019-03-29 11:03:00', 3.96, 3.96, 3.96, 3.96, 100]
['2019-03-29 11:02:00', 3.96, 3.96, 3.96, 3.96, 100]
['2019-03-29 11:00:00', 3.96, 3.96, 3.96, 3.96, 100]
['2019-03-29 10:55:00', 3.9519, 3.9519, 3.9519, 3.9519, 125]
['2019-03-29 10:54:00', 3.95, 3.94, 3.94, 3.959, 995]
['2019-03-29 10:53:00', 3.96, 3.95, 3.935, 3.96, 6089]
['2019-03-29 10:52:00', 3.97, 3.97, 3.97, 3.98, 875]
['2019-03-29 10:51:00', 3.98, 3.98, 3.98, 3.98, 200]
['2019-03-29 10:50:00', 3.98, 3.98, 3.98, 3.98, 100]
['2019-03-29 10:46:00', 3.99, 3.99, 3.99, 3.99, 500]
['2019-03-29 10:45:00', 4.0, 4.0, 4.0, 4.0, 100]
['2019-03-29 10:44:00', 4.0, 4.0, 4.0, 4.0, 4465]
['2019-03-29 10:43:00', 4.0, 3.99, 3.99, 4.0, 600]
['2019-03-29 10:40:00', 4.02, 4.01, 4.01, 4.02, 800]
['2019-03-29 10:39:00', 4.0174, 4.02, 4.0174, 4.02, 400]
['2019-03-29 10:35:00', 4.015, 4.015, 4.015, 4.03, 400]
['2019-03-29 10:34:00', 4.0, 4.01, 3.99, 4.01, 3833]
['2019-03-29 10:33:00', 4.0, 4.0, 4.0, 4.0, 114]
['2019-03-29 10:31:00', 4.0, 4.0, 4.0, 4.0, 109]
['2019-03-29 10:25:00', 3.99, 3.99, 3.99, 3.99, 324]
['2019-03-29 10:22:00', 3.99, 3.9885, 3.9885, 3.99, 1003]
['2019-03-29 10:04:00', 4.0, 4.0, 4.0, 4.0, 207]
['2019-03-29 10:03:00', 4.04, 3.995, 3.995, 4.04, 1100]
['2019-03-29 10:02:00', 4.05, 4.05, 4.05, 4.05, 1000]
['2019-03-29 10:01:00', 4.03, 4.03, 4.03, 4.03, 200]
['2019-03-29 09:59:00', 4.0252, 4.0268, 4.0252, 4.0268, 410]
['2019-03-29 09:58:00', 4.0126, 4.0252, 4.0, 4.0252, 2150]
['2019-03-29 09:56:00', 3.99, 3.99, 3.99, 3.99, 400]
['2019-03-29 09:52:00', 3.9899, 3.9899, 3.9899, 3.9899, 250]
['2019-03-29 09:50:00', 3.9658, 3.9658, 3.9658, 3.9658, 150]
['2019-03-29 09:44:00', 3.96, 3.9803, 3.96, 3.9803, 1888]
['2019-03-29 09:41:00', 3.96, 3.96, 3.96, 3.96, 330]
['2019-03-29 09:40:00', 4.02, 3.96, 3.96, 4.02, 1981]
['2019-03-29 09:36:00', 4.03, 4.01, 4.01, 4.03, 2720]
['2019-03-29 09:31:00', 4.03, 4.03, 4.03, 4.03, 0]
['2019-03-28 16:00:00', 3.99, 4.005, 3.98, 4.005, 4060]
['2019-03-28 15:58:00', 3.98, 3.98, 3.98, 3.98, 361]
['2019-03-28 15:57:00', 4.0, 4.0, 4.0, 4.0, 107]
['2019-03-28 15:55:00', 3.99, 4.0, 3.99, 4.0, 1242]
['2019-03-28 15:54:00', 3.985, 3.995, 3.985, 3.995, 720]
['2019-03-28 15:53:00', 4.01, 3.99, 3.99, 4.01, 4043]
['2019-03-28 15:52:00', 4.01, 4.01, 4.01, 4.01, 200]
['2019-03-28 15:51:00', 4.01, 4.01, 4.01, 4.01, 100]
['2019-03-28 15:49:00', 4.0214, 4.0214, 4.0214, 4.0214, 512]
['2019-03-28 15:48:00', 4.01, 4.02, 4.01, 4.02, 600]
['2019-03-28 15:46:00', 4.02, 4.02, 4.02, 4.02, 700]
['2019-03-28 15:45:00', 4.02, 4.02, 4.02, 4.02, 555]
['2019-03-28 15:44:00', 4.03, 4.03, 4.03, 4.03, 105]
['2019-03-28 15:42:00', 4.02, 4.02, 4.02, 4.02, 120]
['2019-03-28 15:39:00', 4.02, 4.02, 4.02, 4.02, 212]
['2019-03-28 15:38:00', 4.03, 4.03, 4.03, 4.03, 100]
['2019-03-28 15:34:00', 4.02, 4.02, 4.02, 4.02, 296]
['2019-03-28 15:32:00', 4.0335, 4.0335, 4.0335, 4.0335, 1000]
['2019-03-28 15:30:00', 4.0399, 4.0399, 4.0399, 4.0399, 700]
['2019-03-28 15:27:00', 4.03, 4.03, 4.03, 4.03, 275]
['2019-03-28 15:25:00', 4.03, 4.03, 4.03, 4.03, 104]
['2019-03-28 15:24:00', 4.02, 4.025, 4.015, 4.025, 1913]
['2019-03-28 15:22:00', 4.015, 4.015, 4.015, 4.015, 328]
['2019-03-28 15:21:00', 4.01, 4.01, 4.01, 4.01, 200]
['2019-03-28 15:19:00', 4.005, 4.01, 4.005, 4.01, 609]
['2019-03-28 15:18:00', 4.01, 4.01, 4.01, 4.01, 1001]
['2019-03-28 15:13:00', 4.015, 4.015, 4.015, 4.015, 1012]
['2019-03-28 15:10:00', 4.01, 4.01, 4.01, 4.01, 167]
['2019-03-28 15:09:00', 4.01, 4.01, 4.01, 4.01, 100]
['2019-03-28 15:08:00', 4.01, 4.01, 4.01, 4.01, 307]
['2019-03-28 15:05:00', 4.01, 4.01, 4.01, 4.01, 100]
['2019-03-28 15:04:00', 4.02, 4.015, 4.015, 4.02, 500]
['2019-03-28 15:03:00', 4.015, 4.015, 4.015, 4.015, 201]
['2019-03-28 15:02:00', 4.015, 4.015, 4.015, 4.015, 1000]
['2019-03-28 15:01:00', 4.03, 4.015, 4.01, 4.03, 2448]
['2019-03-28 14:58:00', 4.03, 4.03, 4.03, 4.03, 155]
['2019-03-28 14:56:00', 4.02, 4.02, 4.015, 4.02, 733]
['2019-03-28 14:55:00', 4.01, 4.0, 4.0, 4.01, 1000]
['2019-03-28 14:54:00', 4.02, 4.01, 4.01, 4.02, 1207]
['2019-03-28 14:53:00', 4.025, 4.025, 4.025, 4.025, 1912]
['2019-03-28 14:52:00', 4.03, 4.03, 4.03, 4.035, 5200]
['2019-03-28 14:51:00', 4.04, 4.03, 4.03, 4.04, 4615]
['2019-03-28 14:50:00', 4.045, 4.045, 4.045, 4.045, 655]
['2019-03-28 14:48:00', 4.04, 4.04, 4.04, 4.04, 100]
['2019-03-28 14:47:00', 4.045, 4.045, 4.045, 4.045, 100]
['2019-03-28 14:46:00', 4.05, 4.05, 4.05, 4.05, 100]
['2019-03-28 14:45:00', 4.04, 4.04, 4.04, 4.04, 100]
['2019-03-28 14:43:00', 4.05, 4.04, 4.04, 4.05, 400]
['2019-03-28 14:42:00', 4.04, 4.04, 4.04, 4.04, 100]
['2019-03-28 14:38:00', 4.05, 4.04, 4.04, 4.05, 700]
['2019-03-28 14:37:00', 4.05, 4.05, 4.05, 4.05, 254]
['2019-03-28 14:36:00', 4.06, 4.06, 4.06, 4.06, 1647]
['2019-03-28 14:34:00', 4.06, 4.06, 4.06, 4.06, 200]
['2019-03-28 14:32:00', 4.06, 4.06, 4.06, 4.06, 100]
['2019-03-28 14:31:00', 4.06, 4.06, 4.06, 4.06, 100]
['2019-03-28 14:27:00', 4.065, 4.065, 4.065, 4.065, 300]
['2019-03-28 14:26:00', 4.07, 4.07, 4.065, 4.07, 1486]
['2019-03-28 14:21:00', 4.0704, 4.0704, 4.0704, 4.0704, 2500]
['2019-03-28 14:17:00', 4.08, 4.08, 4.08, 4.08, 4890]
['2019-03-28 14:11:00', 4.085, 4.085, 4.085, 4.085, 400]
['2019-03-28 14:05:00', 4.09, 4.09, 4.09, 4.09, 100]
['2019-03-28 13:57:00', 4.1, 4.08, 4.08, 4.1, 1322]
['2019-03-28 13:48:00', 4.08, 4.08, 4.08, 4.08, 227]
['2019-03-28 13:35:00', 4.09, 4.09, 4.09, 4.09, 555]
['2019-03-28 13:32:00', 4.1, 4.1, 4.1, 4.1, 500]
['2019-03-28 13:30:00', 4.1, 4.1, 4.1, 4.1, 100]
['2019-03-28 13:29:00', 4.1, 4.1, 4.1, 4.1, 100]
['2019-03-28 13:19:00', 4.085, 4.09, 4.085, 4.09, 605]
['2019-03-28 13:13:00', 4.08, 4.08, 4.08, 4.08, 415]
['2019-03-28 13:12:00', 4.085, 4.09, 4.08, 4.09, 690]
['2019-03-28 13:07:00', 4.08, 4.08, 4.08, 4.08, 200]
['2019-03-28 13:06:00', 4.09, 4.09, 4.09, 4.09, 59211]
['2019-03-28 12:59:00', 4.075, 4.075, 4.075, 4.075, 0]
['2019-03-28 12:46:00', 4.0601, 4.0601, 4.0601, 4.0601, 1000]
['2019-03-28 12:34:00', 4.07, 4.07, 4.07, 4.07, 810]
['2019-03-28 12:32:00', 4.07, 4.075, 4.07, 4.09, 712]
['2019-03-28 12:31:00', 4.08, 4.08, 4.08, 4.08, 100]
['2019-03-28 12:29:00', 4.08, 4.08, 4.08, 4.08, 200]
['2019-03-28 12:28:00', 4.08, 4.08, 4.08, 4.08, 200]
['2019-03-28 12:27:00', 4.075, 4.08, 4.07, 4.08, 320]
['2019-03-28 12:26:00', 4.07, 4.08, 4.07, 4.08, 1059]
['2019-03-28 12:25:00', 4.06, 4.06, 4.06, 4.06, 610]
['2019-03-28 12:23:00', 4.05, 4.05, 4.05, 4.05, 200]
['2019-03-28 12:17:00', 4.05, 4.05, 4.05, 4.05, 2000]
['2019-03-28 12:14:00', 4.05, 4.05, 4.05, 4.05, 100]
['2019-03-28 12:06:00', 4.05, 4.045, 4.045, 4.05, 601]
['2019-03-28 12:03:00', 4.04, 4.04, 4.04, 4.04, 250]
['2019-03-28 12:01:00', 4.045, 4.045, 4.045, 4.045, 100]
['2019-03-28 12:00:00', 4.05, 4.05, 4.05, 4.05, 1300]
['2019-03-28 11:55:00', 4.055, 4.055, 4.055, 4.055, 386]
['2019-03-28 11:54:00', 4.0701, 4.05, 4.05, 4.0701, 2751]
['2019-03-28 11:53:00', 4.0801, 4.07, 4.07, 4.0801, 1000]
['2019-03-28 11:50:00', 4.085, 4.08, 4.08, 4.085, 400]
['2019-03-28 11:48:00', 4.08, 4.08, 4.08, 4.08, 233]
['2019-03-28 11:44:00', 4.08, 4.08, 4.08, 4.08, 505]
['2019-03-28 11:41:00', 4.09, 4.09, 4.09, 4.09, 765]
['2019-03-28 11:39:00', 4.08, 4.08, 4.08, 4.08, 100]
['2019-03-28 11:36:00', 4.085, 4.085, 4.085, 4.085, 100]
['2019-03-28 11:32:00', 4.1, 4.09, 4.09, 4.1, 1155]
['2019-03-28 11:15:00', 4.105, 4.105, 4.105, 4.105, 267]
['2019-03-28 11:11:00', 4.105, 4.105, 4.105, 4.105, 200]
['2019-03-28 11:01:00', 4.09, 4.09, 4.09, 4.09, 542]
['2019-03-28 11:00:00', 4.09, 4.09, 4.09, 4.09, 645]
['2019-03-28 10:59:00', 4.08, 4.0831, 4.08, 4.0831, 500]
['2019-03-28 10:58:00', 4.09, 4.09, 4.09, 4.09, 503]
['2019-03-28 10:56:00', 4.1, 4.09, 4.09, 4.1, 916]
['2019-03-28 10:55:00', 4.1, 4.1, 4.1, 4.1, 1500]
['2019-03-28 10:54:00', 4.129, 4.11, 4.11, 4.13, 7176]
['2019-03-28 10:50:00', 4.125, 4.125, 4.125, 4.125, 200]
['2019-03-28 10:47:00', 4.125, 4.125, 4.125, 4.125, 100]
['2019-03-28 10:46:00', 4.12, 4.12, 4.12, 4.12, 300]
['2019-03-28 10:44:00', 4.13, 4.13, 4.12, 4.13, 1305]
['2019-03-28 10:43:00', 4.125, 4.125, 4.125, 4.125, 170]
['2019-03-28 10:42:00', 4.13, 4.13, 4.13, 4.13, 497]
['2019-03-28 10:39:00', 4.12, 4.12, 4.12, 4.12, 805]
['2019-03-28 10:32:00', 4.135, 4.135, 4.135, 4.135, 1000]
['2019-03-28 10:31:00', 4.15, 4.11, 4.11, 4.15, 3896]
['2019-03-28 10:27:00', 4.16, 4.16, 4.16, 4.16, 200]
['2019-03-28 10:16:00', 4.16, 4.16, 4.16, 4.16, 509]
['2019-03-28 10:15:00', 4.16, 4.16, 4.16, 4.16, 300]
['2019-03-28 10:14:00', 4.16, 4.16, 4.16, 4.16, 400]
['2019-03-28 10:12:00', 4.16, 4.16, 4.16, 4.16, 100]
['2019-03-28 10:10:00', 4.16, 4.16, 4.16, 4.16, 100]
['2019-03-28 10:09:00', 4.17, 4.15, 4.15, 4.17, 658]
['2019-03-28 10:07:00', 4.15, 4.14, 4.14, 4.15, 901]
['2019-03-28 10:06:00', 4.16, 4.16, 4.15, 4.16, 9200]
['2019-03-28 10:00:00', 4.16, 4.16, 4.16, 4.16, 200]
['2019-03-28 09:59:00', 4.1501, 4.1501, 4.1501, 4.1501, 158]
['2019-03-28 09:52:00', 4.135, 4.135, 4.135, 4.135, 189]
['2019-03-28 09:45:00', 4.15, 4.13, 4.13, 4.15, 949]
['2019-03-28 09:42:00', 4.17, 4.15, 4.15, 4.1705, 2605]
['2019-03-28 09:40:00', 4.1899, 4.17, 4.17, 4.1899, 223]
['2019-03-28 09:31:00', 4.14, 4.14, 4.14, 4.14, 4840]
['2019-03-27 16:00:00', 4.13, 4.14, 4.12, 4.15, 7611]
['2019-03-27 15:59:00', 4.15, 4.13, 4.13, 4.15, 2356]
['2019-03-27 15:58:00', 4.15, 4.15, 4.15, 4.15, 100]
['2019-03-27 15:56:00', 4.15, 4.15, 4.15, 4.15, 100]
['2019-03-27 15:54:00', 4.15, 4.14, 4.14, 4.1575, 15958]
['2019-03-27 15:53:00', 4.14, 4.14, 4.12, 4.14, 2870]
['2019-03-27 15:52:00', 4.16, 4.14, 4.14, 4.165, 10426]
['2019-03-27 15:50:00', 4.16, 4.16, 4.16, 4.16, 449]
['2019-03-27 15:49:00', 4.165, 4.165, 4.165, 4.165, 100]
['2019-03-27 15:47:00', 4.17, 4.16, 4.16, 4.17, 400]
['2019-03-27 15:46:00', 4.165, 4.165, 4.165, 4.165, 800]
['2019-03-27 15:45:00', 4.16, 4.16, 4.16, 4.16, 100]
['2019-03-27 15:44:00', 4.165, 4.165, 4.165, 4.165, 312]
['2019-03-27 15:42:00', 4.165, 4.165, 4.165, 4.165, 200]
['2019-03-27 15:40:00', 4.17, 4.17, 4.17, 4.17, 210]
['2019-03-27 15:39:00', 4.16, 4.16, 4.16, 4.16, 100]
['2019-03-27 15:38:00', 4.16, 4.16, 4.16, 4.16, 3574]
['2019-03-27 15:37:00', 4.17, 4.17, 4.17, 4.17, 266]
['2019-03-27 15:33:00', 4.18, 4.17, 4.17, 4.18, 310]
['2019-03-27 15:32:00', 4.18, 4.185, 4.17, 4.19, 4510]
['2019-03-27 15:31:00', 4.18, 4.18, 4.18, 4.18, 195]
['2019-03-27 15:29:00', 4.17, 4.17, 4.17, 4.17, 1030]
['2019-03-27 15:22:00', 4.145, 4.17, 4.145, 4.17, 3290]
['2019-03-27 15:20:00', 4.14, 4.155, 4.14, 4.16, 4034]
['2019-03-27 15:19:00', 4.1368, 4.1368, 4.1368, 4.1368, 220]
['2019-03-27 15:18:00', 4.15, 4.15, 4.15, 4.15, 4344]
['2019-03-27 15:17:00', 4.1496, 4.155, 4.1496, 4.155, 1600]
['2019-03-27 15:13:00', 4.16, 4.14, 4.13, 4.16, 2197]
['2019-03-27 15:12:00', 4.18, 4.16, 4.155, 4.18, 2853]
['2019-03-27 15:04:00', 4.19, 4.19, 4.19, 4.19, 100]
['2019-03-27 15:02:00', 4.19, 4.19, 4.19, 4.19, 100]
['2019-03-27 15:01:00', 4.185, 4.18, 4.18, 4.185, 320]
['2019-03-27 14:46:00', 4.17, 4.17, 4.17, 4.17, 125]
['2019-03-27 14:31:00', 4.1925, 4.1925, 4.1925, 4.1925, 143]
['2019-03-27 14:28:00', 4.185, 4.185, 4.185, 4.185, 100]
['2019-03-27 14:20:00', 4.17, 4.17, 4.17, 4.17, 100]
['2019-03-27 14:13:00', 4.185, 4.185, 4.185, 4.185, 500]
['2019-03-27 14:08:00', 4.2, 4.2, 4.2, 4.2, 331]
['2019-03-27 14:07:00', 4.19, 4.19, 4.19, 4.19, 100]
['2019-03-27 14:00:00', 4.17, 4.17, 4.17, 4.17, 100]
['2019-03-27 13:58:00', 4.165, 4.17, 4.165, 4.17, 200]
['2019-03-27 13:57:00', 4.1952, 4.18, 4.18, 4.1954, 733]
['2019-03-27 13:55:00', 4.18, 4.175, 4.175, 4.18, 200]
['2019-03-27 13:52:00', 4.17, 4.17, 4.17, 4.17, 900]
['2019-03-27 13:51:00', 4.165, 4.165, 4.165, 4.165, 110]
['2019-03-27 13:49:00', 4.17, 4.17, 4.17, 4.17, 620]
['2019-03-27 13:47:00', 4.165, 4.17, 4.165, 4.17, 800]
['2019-03-27 13:40:00', 4.165, 4.165, 4.165, 4.165, 101]
['2019-03-27 13:34:00', 4.165, 4.165, 4.165, 4.165, 197]
['2019-03-27 13:30:00', 4.15, 4.15, 4.15, 4.15, 100]
['2019-03-27 13:28:00', 4.1799, 4.16, 4.16, 4.1799, 1120]
['2019-03-27 13:27:00', 4.165, 4.17, 4.165, 4.17, 407]
['2019-03-27 13:23:00', 4.15, 4.1494, 4.1494, 4.15, 500]
['2019-03-27 13:22:00', 4.155, 4.16, 4.155, 4.16, 400]
['2019-03-27 13:21:00', 4.18, 4.1594, 4.15, 4.18, 600]
['2019-03-27 13:20:00', 4.165, 4.165, 4.165, 4.165, 232]
['2019-03-27 13:19:00', 4.18, 4.18, 4.18, 4.18, 305]
['2019-03-27 13:18:00', 4.2, 4.18, 4.18, 4.2, 1100]
['2019-03-27 13:17:00', 4.22, 4.22, 4.22, 4.22, 100]
['2019-03-27 13:01:00', 4.21, 4.21, 4.21, 4.21, 200]
['2019-03-27 12:54:00', 4.2, 4.2, 4.2, 4.2, 100]
['2019-03-27 12:53:00', 4.2, 4.2, 4.2, 4.2, 100]
['2019-03-27 12:49:00', 4.171, 4.171, 4.171, 4.171, 341]
['2019-03-27 12:40:00', 4.2, 4.2, 4.2, 4.2, 110]
['2019-03-27 12:35:00', 4.16, 4.16, 4.16, 4.16, 100]
['2019-03-27 12:15:00', 4.18, 4.18, 4.18, 4.18, 200]
['2019-03-27 12:10:00', 4.18, 4.18, 4.16, 4.18, 1007]
['2019-03-27 12:09:00', 4.2, 4.2, 4.2, 4.2, 120]
['2019-03-27 12:06:00', 4.185, 4.19, 4.185, 4.2, 1400]
['2019-03-27 12:05:00', 4.18, 4.18, 4.18, 4.18, 2254]
['2019-03-27 11:56:00', 4.19, 4.19, 4.19, 4.19, 200]
['2019-03-27 11:54:00', 4.14, 4.13, 4.13, 4.14, 400]
['2019-03-27 11:53:00', 4.18, 4.18, 4.18, 4.18, 100]
['2019-03-27 11:52:00', 4.17, 4.17, 4.17, 4.17, 135]
['2019-03-27 11:51:00', 4.1392, 4.1392, 4.1392, 4.1392, 200]
['2019-03-27 11:49:00', 4.15, 4.14, 4.14, 4.15, 400]
['2019-03-27 11:46:00', 4.19, 4.19, 4.19, 4.19, 550]
['2019-03-27 11:43:00', 4.18, 4.18, 4.18, 4.18, 100]
['2019-03-27 11:39:00', 4.15, 4.15, 4.15, 4.15, 503]
['2019-03-27 11:37:00', 4.13, 4.13, 4.13, 4.13, 100]
['2019-03-27 11:36:00', 4.1101, 4.1101, 4.1101, 4.1101, 502]
['2019-03-27 11:34:00', 4.16, 4.17, 4.16, 4.17, 205]
['2019-03-27 11:30:00', 4.16, 4.125, 4.125, 4.16, 900]
['2019-03-27 11:28:00', 4.13, 4.14, 4.13, 4.14, 810]
['2019-03-27 11:18:00', 4.18, 4.17, 4.17, 4.18, 1145]
['2019-03-27 11:17:00', 4.17, 4.18, 4.17, 4.18, 300]
['2019-03-27 11:16:00', 4.185, 4.185, 4.185, 4.185, 200]
['2019-03-27 11:15:00', 4.16, 4.16, 4.16, 4.16, 100]
['2019-03-27 11:11:00', 4.21, 4.185, 4.185, 4.21, 200]
['2019-03-27 11:10:00', 4.1501, 4.1501, 4.1501, 4.1501, 280]
['2019-03-27 10:50:00', 4.21, 4.21, 4.21, 4.22, 630]
['2019-03-27 10:48:00', 4.27, 4.27, 4.27, 4.27, 217]
['2019-03-27 10:47:00', 4.27, 4.27, 4.27, 4.27, 100]
['2019-03-27 10:44:00', 4.25, 4.21, 4.21, 4.25, 200]
['2019-03-27 10:40:00', 4.25, 4.22, 4.22, 4.25, 1405]
['2019-03-27 10:38:00', 4.26, 4.265, 4.26, 4.265, 436]
['2019-03-27 10:36:00', 4.28, 4.28, 4.28, 4.28, 100]
['2019-03-27 10:33:00', 4.27, 4.255, 4.255, 4.27, 548]
['2019-03-27 10:31:00', 4.24, 4.27, 4.24, 4.27, 440]
['2019-03-27 10:30:00', 4.22, 4.22, 4.22, 4.22, 100]
['2019-03-27 10:26:00', 4.2, 4.22, 4.2, 4.22, 300]
['2019-03-27 10:25:00', 4.15, 4.2, 4.15, 4.2, 5910]
['2019-03-27 10:23:00', 4.15, 4.15, 4.15, 4.15, 103]
['2019-03-27 10:19:00', 4.15, 4.15, 4.15, 4.15, 103]
['2019-03-27 10:17:00', 4.1414, 4.14, 4.135, 4.15, 1900]
['2019-03-27 10:10:00', 4.15, 4.15, 4.15, 4.15, 100]
['2019-03-27 10:08:00', 4.13, 4.12, 4.12, 4.13, 300]
['2019-03-27 10:05:00', 4.16, 4.16, 4.16, 4.16, 2403]
['2019-03-27 10:04:00', 4.17, 4.17, 4.17, 4.17, 100]
['2019-03-27 09:59:00', 4.18, 4.185, 4.18, 4.185, 330]
['2019-03-27 09:55:00', 4.19, 4.24, 4.19, 4.24, 300]
['2019-03-27 09:52:00', 4.2, 4.19, 4.19, 4.2, 216]
['2019-03-27 09:48:00', 4.14, 4.23, 4.14, 4.23, 500]
['2019-03-27 09:47:00', 4.1361, 4.12, 4.12, 4.2, 2300]
['2019-03-27 09:46:00', 4.17, 4.17, 4.17, 4.17, 400]
['2019-03-27 09:45:00', 4.16, 4.16, 4.15, 4.1659, 1203]
['2019-03-27 09:44:00', 4.1401, 4.1401, 4.1401, 4.1401, 1000]
['2019-03-27 09:42:00', 4.25, 4.15, 4.15, 4.25, 10450]
['2019-03-27 09:41:00', 4.25, 4.25, 4.25, 4.25, 100]
['2019-03-27 09:38:00', 4.24, 4.25, 4.24, 4.25, 320]
['2019-03-27 09:35:00', 4.23, 4.22, 4.22, 4.23, 1375]
['2019-03-27 09:33:00', 4.2, 4.2112, 4.2, 4.2112, 1415]
['2019-03-27 09:32:00', 4.1745, 4.1745, 4.1745, 4.1745, 250]
['2019-03-27 09:31:00', 4.28, 4.28, 4.28, 4.28, 2510]
['2019-03-26 16:00:00', 4.27, 4.27, 4.27, 4.27, 3375]
['2019-03-26 15:58:00', 4.275, 4.275, 4.275, 4.275, 145]
['2019-03-26 15:57:00', 4.27, 4.27, 4.27, 4.27, 577]
['2019-03-26 15:56:00', 4.27, 4.28, 4.27, 4.28, 2005]
['2019-03-26 15:55:00', 4.27, 4.27, 4.27, 4.27, 723]
['2019-03-26 15:54:00', 4.27, 4.27, 4.27, 4.27, 409]
['2019-03-26 15:53:00', 4.275, 4.275, 4.275, 4.275, 306]
['2019-03-26 15:52:00', 4.27, 4.27, 4.27, 4.27, 2723]
['2019-03-26 15:51:00', 4.28, 4.28, 4.28, 4.28, 1200]
['2019-03-26 15:49:00', 4.28, 4.28, 4.28, 4.28, 2100]
['2019-03-26 15:48:00', 4.27, 4.27, 4.27, 4.27, 1800]
['2019-03-26 15:47:00', 4.28, 4.28, 4.28, 4.28, 1192]
['2019-03-26 15:46:00', 4.27, 4.27, 4.27, 4.27, 524]
['2019-03-26 15:45:00', 4.28, 4.28, 4.28, 4.28, 2726]
['2019-03-26 15:44:00', 4.28, 4.285, 4.28, 4.285, 4702]
['2019-03-26 15:41:00', 4.29, 4.29, 4.29, 4.29, 434]
['2019-03-26 15:40:00', 4.285, 4.285, 4.285, 4.285, 234]
['2019-03-26 15:38:00', 4.285, 4.285, 4.285, 4.285, 213]
['2019-03-26 15:36:00', 4.29, 4.29, 4.29, 4.29, 400]
['2019-03-26 15:35:00', 4.28, 4.28, 4.28, 4.28, 100]
['2019-03-26 15:28:00', 4.31, 4.28, 4.28, 4.31, 200]
['2019-03-26 15:15:00', 4.31, 4.3, 4.3, 4.31, 1313]
['2019-03-26 15:13:00', 4.31, 4.31, 4.31, 4.31, 597]
['2019-03-26 15:12:00', 4.3, 4.3, 4.3, 4.3, 219]
['2019-03-26 15:09:00', 4.3, 4.3, 4.3, 4.3, 600]
['2019-03-26 15:06:00', 4.33, 4.33, 4.33, 4.33, 100]
['2019-03-26 15:04:00', 4.315, 4.315, 4.315, 4.315, 202]
['2019-03-26 15:00:00', 4.3027, 4.32, 4.3027, 4.32, 1939]
['2019-03-26 14:56:00', 4.305, 4.305, 4.305, 4.305, 100]
['2019-03-26 14:54:00', 4.305, 4.305, 4.305, 4.305, 105]
['2019-03-26 14:46:00', 4.28, 4.28, 4.28, 4.28, 100]
['2019-03-26 14:42:00', 4.28, 4.28, 4.28, 4.28, 100]
['2019-03-26 14:34:00', 4.31, 4.295, 4.295, 4.31, 431]
['2019-03-26 14:25:00', 4.32, 4.32, 4.32, 4.32, 300]
['2019-03-26 14:23:00', 4.32, 4.32, 4.32, 4.32, 200]
['2019-03-26 14:16:00', 4.31, 4.31, 4.31, 4.31, 100]
['2019-03-26 14:14:00', 4.31, 4.31, 4.31, 4.31, 100]
['2019-03-26 14:12:00', 4.31, 4.31, 4.31, 4.31, 100]
['2019-03-26 14:01:00', 4.31, 4.3, 4.3, 4.31, 3562]
['2019-03-26 13:59:00', 4.31, 4.31, 4.31, 4.31, 300]
['2019-03-26 13:58:00', 4.315, 4.315, 4.315, 4.315, 208]
['2019-03-26 13:56:00', 4.31, 4.31, 4.31, 4.31, 376]
['2019-03-26 13:55:00', 4.295, 4.31, 4.295, 4.31, 4818]
['2019-03-26 13:53:00', 4.3, 4.3, 4.3, 4.3, 1700]
['2019-03-26 13:52:00', 4.295, 4.295, 4.295, 4.295, 100]
['2019-03-26 13:50:00', 4.3, 4.3, 4.3, 4.3, 100]
['2019-03-26 13:48:00', 4.295, 4.295, 4.295, 4.295, 200]
['2019-03-26 13:45:00', 4.295, 4.295, 4.295, 4.295, 100]
['2019-03-26 13:42:00', 4.295, 4.295, 4.295, 4.295, 2196]
['2019-03-26 13:39:00', 4.294, 4.294, 4.294, 4.294, 720]
['2019-03-26 13:34:00', 4.3, 4.3, 4.3, 4.3, 755]
['2019-03-26 13:30:00', 4.305, 4.305, 4.305, 4.305, 207]
['2019-03-26 13:26:00', 4.305, 4.305, 4.305, 4.305, 1724]
['2019-03-26 13:15:00', 4.29, 4.29, 4.29, 4.29, 200]
['2019-03-26 13:11:00', 4.29, 4.29, 4.29, 4.29, 400]
['2019-03-26 13:10:00', 4.31, 4.31, 4.31, 4.31, 1591]
['2019-03-26 13:04:00', 4.31, 4.31, 4.31, 4.31, 417]
['2019-03-26 13:02:00', 4.31, 4.31, 4.31, 4.31, 162]
['2019-03-26 13:01:00', 4.32, 4.32, 4.32, 4.32, 550]
['2019-03-26 12:42:00', 4.31, 4.31, 4.31, 4.31, 576]
['2019-03-26 12:41:00', 4.31, 4.31, 4.31, 4.31, 105]
['2019-03-26 12:39:00', 4.32, 4.32, 4.32, 4.32, 100]
['2019-03-26 12:25:00', 4.31, 4.31, 4.31, 4.31, 110]
['2019-03-26 12:22:00', 4.31, 4.31, 4.31, 4.31, 100]
['2019-03-26 12:14:00', 4.3161, 4.3161, 4.3161, 4.3161, 258]
['2019-03-26 12:08:00', 4.31, 4.31, 4.31, 4.31, 293]
['2019-03-26 12:06:00', 4.31, 4.31, 4.31, 4.31, 160]
['2019-03-26 12:04:00', 4.31, 4.31, 4.31, 4.31, 200]
['2019-03-26 12:00:00', 4.31, 4.31, 4.31, 4.31, 300]
['2019-03-26 11:58:00', 4.31, 4.31, 4.31, 4.31, 100]
['2019-03-26 11:56:00', 4.33, 4.33, 4.33, 4.33, 100]
['2019-03-26 11:55:00', 4.31, 4.31, 4.31, 4.31, 100]
['2019-03-26 11:53:00', 4.31, 4.31, 4.31, 4.31, 131]
['2019-03-26 11:49:00', 4.31, 4.31, 4.31, 4.31, 1928]
['2019-03-26 11:47:00', 4.31, 4.31, 4.31, 4.31, 300]
['2019-03-26 11:46:00', 4.33, 4.33, 4.33, 4.33, 400]
['2019-03-26 11:43:00', 4.34, 4.34, 4.34, 4.34, 300]
['2019-03-26 11:41:00', 4.34, 4.34, 4.34, 4.34, 200]
['2019-03-26 11:40:00', 4.34, 4.34, 4.34, 4.34, 300]
['2019-03-26 11:38:00', 4.325, 4.325, 4.325, 4.325, 200]
['2019-03-26 11:34:00', 4.34, 4.34, 4.34, 4.34, 100]
['2019-03-26 11:33:00', 4.34, 4.34, 4.34, 4.34, 260]
['2019-03-26 11:32:00', 4.33, 4.34, 4.33, 4.34, 2840]
['2019-03-26 11:31:00', 4.34, 4.33, 4.33, 4.34, 2810]
['2019-03-26 11:30:00', 4.34, 4.34, 4.34, 4.34, 300]
['2019-03-26 11:29:00', 4.345, 4.345, 4.345, 4.345, 400]
['2019-03-26 11:28:00', 4.345, 4.345, 4.345, 4.345, 400]
['2019-03-26 11:26:00', 4.345, 4.345, 4.345, 4.345, 400]
['2019-03-26 11:25:00', 4.345, 4.345, 4.345, 4.345, 608]
['2019-03-26 11:24:00', 4.34, 4.34, 4.34, 4.34, 805]
['2019-03-26 11:22:00', 4.34, 4.34, 4.34, 4.34, 400]
['2019-03-26 11:21:00', 4.345, 4.345, 4.345, 4.345, 1400]
['2019-03-26 11:20:00', 4.345, 4.345, 4.345, 4.345, 500]
['2019-03-26 11:19:00', 4.345, 4.345, 4.345, 4.345, 650]
['2019-03-26 11:18:00', 4.345, 4.345, 4.345, 4.345, 500]
['2019-03-26 11:16:00', 4.35, 4.35, 4.35, 4.35, 700]
['2019-03-26 11:15:00', 4.345, 4.345, 4.345, 4.345, 600]
['2019-03-26 11:14:00', 4.345, 4.345, 4.345, 4.345, 927]
['2019-03-26 11:13:00', 4.345, 4.345, 4.345, 4.345, 1581]
['2019-03-26 11:12:00', 4.34, 4.35, 4.34, 4.35, 3419]
['2019-03-26 11:11:00', 4.345, 4.345, 4.345, 4.345, 500]
['2019-03-26 11:10:00', 4.345, 4.345, 4.345, 4.345, 1000]
['2019-03-26 11:09:00', 4.35, 4.35, 4.35, 4.35, 5700]
['2019-03-26 11:08:00', 4.345, 4.345, 4.345, 4.345, 300]
['2019-03-26 11:07:00', 4.345, 4.345, 4.345, 4.345, 600]
['2019-03-26 11:05:00', 4.34, 4.34, 4.34, 4.34, 612]
['2019-03-26 11:04:00', 4.34, 4.34, 4.34, 4.34, 600]
['2019-03-26 11:03:00', 4.345, 4.345, 4.345, 4.345, 4200]
['2019-03-26 11:02:00', 4.345, 4.345, 4.345, 4.345, 1915]
['2019-03-26 11:00:00', 4.345, 4.345, 4.345, 4.345, 200]
['2019-03-26 10:59:00', 4.345, 4.345, 4.345, 4.345, 300]
['2019-03-26 10:57:00', 4.345, 4.345, 4.345, 4.345, 200]
['2019-03-26 10:56:00', 4.345, 4.345, 4.345, 4.345, 1600]
['2019-03-26 10:55:00', 4.345, 4.345, 4.345, 4.345, 9200]
['2019-03-26 10:53:00', 4.345, 4.345, 4.345, 4.345, 700]
['2019-03-26 10:52:00', 4.325, 4.3499, 4.325, 4.3499, 2410]
['2019-03-26 10:50:00', 4.325, 4.325, 4.325, 4.325, 700]
['2019-03-26 10:49:00', 4.325, 4.325, 4.325, 4.325, 200]
['2019-03-26 10:47:00', 4.325, 4.325, 4.325, 4.325, 400]
['2019-03-26 10:45:00', 4.325, 4.325, 4.325, 4.325, 300]
['2019-03-26 10:43:00', 4.33, 4.33, 4.33, 4.33, 704]
['2019-03-26 10:42:00', 4.31, 4.315, 4.31, 4.315, 3305]
['2019-03-26 10:40:00', 4.3101, 4.3101, 4.3101, 4.3101, 1100]
['2019-03-26 10:39:00', 4.31, 4.31, 4.31, 4.31, 600]
['2019-03-26 10:35:00', 4.32, 4.32, 4.32, 4.32, 724]
['2019-03-26 10:33:00', 4.32, 4.32, 4.32, 4.32, 1380]
['2019-03-26 10:32:00', 4.31, 4.31, 4.31, 4.3101, 3049]
['2019-03-26 10:31:00', 4.315, 4.315, 4.315, 4.315, 400]
['2019-03-26 10:29:00', 4.315, 4.315, 4.315, 4.315, 100]
['2019-03-26 10:28:00', 4.315, 4.315, 4.315, 4.315, 515]
['2019-03-26 10:26:00', 4.32, 4.32, 4.32, 4.32, 524]
['2019-03-26 10:24:00', 4.33, 4.33, 4.33, 4.33, 205]
['2019-03-26 10:23:00', 4.335, 4.33, 4.33, 4.335, 9200]
['2019-03-26 10:21:00', 4.335, 4.335, 4.335, 4.335, 592]
['2019-03-26 10:20:00', 4.33, 4.33, 4.33, 4.33, 100]
['2019-03-26 10:18:00', 4.34, 4.34, 4.34, 4.34, 200]
['2019-03-26 10:17:00', 4.34, 4.34, 4.34, 4.34, 600]
['2019-03-26 10:16:00', 4.325, 4.325, 4.325, 4.325, 506]
['2019-03-26 10:15:00', 4.33, 4.33, 4.33, 4.33, 200]
['2019-03-26 10:14:00', 4.325, 4.325, 4.325, 4.325, 300]
['2019-03-26 10:12:00', 4.325, 4.325, 4.325, 4.325, 489]
['2019-03-26 10:09:00', 4.33, 4.33, 4.33, 4.33, 847]
['2019-03-26 10:08:00', 4.32, 4.32, 4.32, 4.32, 2312]
['2019-03-26 10:00:00', 4.36, 4.37, 4.36, 4.37, 1894]
['2019-03-26 09:59:00', 4.3726, 4.3726, 4.3726, 4.3726, 202]
['2019-03-26 09:54:00', 4.36, 4.36, 4.36, 4.36, 2651]
['2019-03-26 09:47:00', 4.33, 4.33, 4.33, 4.33, 101]
['2019-03-26 09:46:00', 4.33, 4.33, 4.33, 4.33, 2493]
['2019-03-26 09:40:00', 4.3155, 4.3155, 4.3155, 4.3155, 188]
['2019-03-26 09:32:00', 4.4172, 4.4172, 4.4172, 4.4172, 2788]
['2019-03-25 16:00:00', 4.28, 4.3, 4.27, 4.3, 9102]
['2019-03-25 15:59:00', 4.29, 4.27, 4.27, 4.29, 2621]
['2019-03-25 15:58:00', 4.29, 4.29, 4.29, 4.29, 1910]
['2019-03-25 15:56:00', 4.31, 4.31, 4.31, 4.31, 5162]
['2019-03-25 15:55:00', 4.31, 4.32, 4.31, 4.32, 8670]
['2019-03-25 15:53:00', 4.31, 4.31, 4.31, 4.31, 500]
['2019-03-25 15:52:00', 4.29, 4.31, 4.29, 4.31, 3463]
['2019-03-25 15:50:00', 4.28, 4.31, 4.28, 4.31, 7674]
['2019-03-25 15:49:00', 4.28, 4.28, 4.28, 4.28, 500]
['2019-03-25 15:48:00', 4.28, 4.28, 4.28, 4.28, 2589]
['2019-03-25 15:47:00', 4.27, 4.27, 4.27, 4.27, 600]
['2019-03-25 15:45:00', 4.26, 4.26, 4.26, 4.26, 210]
['2019-03-25 15:44:00', 4.28, 4.28, 4.28, 4.28, 200]
['2019-03-25 15:41:00', 4.28, 4.28, 4.28, 4.28, 385]
['2019-03-25 15:40:00', 4.26, 4.27, 4.26, 4.27, 2040]
['2019-03-25 15:36:00', 4.25, 4.25, 4.25, 4.25, 600]
['2019-03-25 15:33:00', 4.27, 4.27, 4.27, 4.27, 1300]
['2019-03-25 15:32:00', 4.25, 4.25, 4.25, 4.25, 1653]
['2019-03-25 15:31:00', 4.25, 4.23, 4.23, 4.26, 4089]
['2019-03-25 15:30:00', 4.26, 4.24, 4.24, 4.26, 3803]
['2019-03-25 15:28:00', 4.28, 4.26, 4.26, 4.28, 1622]
['2019-03-25 15:27:00', 4.28, 4.28, 4.28, 4.28, 600]
['2019-03-25 15:26:00', 4.27, 4.27, 4.27, 4.27, 210]
['2019-03-25 15:20:00', 4.29, 4.29, 4.29, 4.29, 1132]
['2019-03-25 15:19:00', 4.305, 4.305, 4.305, 4.305, 700]
['2019-03-25 15:18:00', 4.305, 4.305, 4.305, 4.305, 600]
['2019-03-25 15:16:00', 4.305, 4.305, 4.305, 4.305, 300]
['2019-03-25 15:14:00', 4.29, 4.305, 4.29, 4.305, 2278]
['2019-03-25 15:10:00', 4.28, 4.28, 4.28, 4.28, 370]
['2019-03-25 15:03:00', 4.28, 4.28, 4.28, 4.28, 500]
['2019-03-25 14:56:00', 4.28, 4.28, 4.28, 4.28, 200]
['2019-03-25 14:53:00', 4.29, 4.29, 4.29, 4.29, 700]
['2019-03-25 14:50:00', 4.27, 4.27, 4.27, 4.27, 100]
['2019-03-25 14:44:00', 4.3, 4.3, 4.3, 4.3, 401]
['2019-03-25 14:43:00', 4.27, 4.27, 4.27, 4.28, 2868]
['2019-03-25 14:42:00', 4.27, 4.27, 4.27, 4.27, 100]
['2019-03-25 14:41:00', 4.25, 4.25, 4.25, 4.25, 300]
['2019-03-25 14:37:00', 4.25, 4.25, 4.25, 4.25, 200]
['2019-03-25 14:34:00', 4.25, 4.25, 4.25, 4.25, 100]
['2019-03-25 14:33:00', 4.25, 4.25, 4.25, 4.25, 100]
['2019-03-25 14:31:00', 4.25, 4.25, 4.25, 4.25, 300]
['2019-03-25 14:30:00', 4.25, 4.25, 4.25, 4.25, 100]
['2019-03-25 14:28:00', 4.25, 4.25, 4.25, 4.25, 200]
['2019-03-25 14:26:00', 4.25, 4.25, 4.25, 4.25, 100]
['2019-03-25 14:24:00', 4.25, 4.25, 4.25, 4.25, 300]
['2019-03-25 14:20:00', 4.265, 4.265, 4.265, 4.265, 115]
['2019-03-25 14:19:00', 4.25, 4.25, 4.25, 4.25, 700]
['2019-03-25 14:14:00', 4.24, 4.24, 4.24, 4.24, 260]
['2019-03-25 14:10:00', 4.26, 4.26, 4.26, 4.26, 105]
['2019-03-25 14:04:00', 4.26, 4.26, 4.26, 4.26, 500]
['2019-03-25 14:02:00', 4.25, 4.25, 4.25, 4.25, 1120]
['2019-03-25 13:59:00', 4.22, 4.22, 4.22, 4.22, 4367]
['2019-03-25 13:58:00', 4.23, 4.23, 4.23, 4.23, 4600]
['2019-03-25 13:54:00', 4.27, 4.2699, 4.2699, 4.27, 3365]
['2019-03-25 13:53:00', 4.2803, 4.26, 4.26, 4.2803, 3201]
['2019-03-25 13:48:00', 4.3046, 4.3, 4.3, 4.3046, 2890]
['2019-03-25 13:46:00', 4.3, 4.3, 4.3, 4.3, 100]
['2019-03-25 13:44:00', 4.31, 4.31, 4.31, 4.31, 100]
['2019-03-25 13:43:00', 4.34, 4.34, 4.34, 4.34, 300]
['2019-03-25 13:42:00', 4.35, 4.35, 4.35, 4.35, 1334]
['2019-03-25 13:40:00', 4.36, 4.36, 4.36, 4.36, 120]
['2019-03-25 13:36:00', 4.36, 4.36, 4.36, 4.36, 420]
['2019-03-25 13:35:00', 4.36, 4.36, 4.36, 4.36, 100]
['2019-03-25 13:33:00', 4.3601, 4.3601, 4.3601, 4.3601, 541]
['2019-03-25 13:29:00', 4.36, 4.36, 4.36, 4.36, 394]
['2019-03-25 13:27:00', 4.3735, 4.3735, 4.3735, 4.3735, 1600]
['2019-03-25 13:25:00', 4.36, 4.36, 4.36, 4.36, 100]
['2019-03-25 13:23:00', 4.36, 4.36, 4.36, 4.36, 100]
['2019-03-25 13:21:00', 4.38, 4.38, 4.38, 4.38, 710]
['2019-03-25 13:20:00', 4.37, 4.37, 4.37, 4.37, 2563]
['2019-03-25 13:16:00', 4.3769, 4.3769, 4.3769, 4.3769, 580]
['2019-03-25 13:15:00', 4.36, 4.36, 4.36, 4.36, 200]
['2019-03-25 13:14:00', 4.36, 4.36, 4.36, 4.36, 100]
['2019-03-25 13:12:00', 4.36, 4.36, 4.36, 4.36, 105]
['2019-03-25 13:10:00', 4.36, 4.36, 4.36, 4.36, 200]
['2019-03-25 13:08:00', 4.36, 4.36, 4.36, 4.36, 623]
['2019-03-25 13:04:00', 4.37, 4.37, 4.37, 4.37, 310]
['2019-03-25 13:02:00', 4.36, 4.36, 4.36, 4.36, 400]
['2019-03-25 13:00:00', 4.36, 4.36, 4.36, 4.36, 630]
['2019-03-25 12:58:00', 4.36, 4.36, 4.36, 4.36, 240]
['2019-03-25 12:56:00', 4.36, 4.36, 4.36, 4.36, 200]
['2019-03-25 12:54:00', 4.36, 4.36, 4.36, 4.36, 100]
['2019-03-25 12:52:00', 4.36, 4.36, 4.36, 4.36, 100]
['2019-03-25 12:50:00', 4.36, 4.36, 4.36, 4.36, 450]
['2019-03-25 12:49:00', 4.36, 4.36, 4.36, 4.36, 200]
['2019-03-25 12:45:00', 4.36, 4.37, 4.36, 4.37, 375]
['2019-03-25 12:43:00', 4.36, 4.36, 4.36, 4.36, 300]
['2019-03-25 12:39:00', 4.37, 4.37, 4.37, 4.37, 150]
['2019-03-25 12:33:00', 4.42, 4.42, 4.42, 4.42, 1960]
['2019-03-25 12:30:00', 4.42, 4.42, 4.42, 4.42, 103]
['2019-03-25 12:28:00', 4.435, 4.435, 4.435, 4.435, 110]
['2019-03-25 12:27:00', 4.4407, 4.4407, 4.4407, 4.4407, 200]
['2019-03-25 12:25:00', 4.435, 4.435, 4.435, 4.435, 281]
['2019-03-25 12:21:00', 4.45, 4.45, 4.45, 4.45, 300]
['2019-03-25 12:20:00', 4.45, 4.45, 4.45, 4.45, 400]
['2019-03-25 12:17:00', 4.44, 4.44, 4.44, 4.44, 700]
['2019-03-25 12:15:00', 4.44, 4.44, 4.44, 4.44, 430]
['2019-03-25 12:14:00', 4.44, 4.44, 4.44, 4.44, 410]
['2019-03-25 12:13:00', 4.44, 4.44, 4.44, 4.44, 430]
['2019-03-25 12:11:00', 4.45, 4.45, 4.45, 4.45, 1600]
['2019-03-25 12:10:00', 4.44, 4.44, 4.44, 4.44, 1100]
['2019-03-25 12:09:00', 4.42, 4.42, 4.42, 4.42, 500]
['2019-03-25 12:08:00', 4.42, 4.42, 4.42, 4.42, 800]
['2019-03-25 12:07:00', 4.43, 4.43, 4.43, 4.43, 600]
['2019-03-25 12:06:00', 4.41, 4.41, 4.41, 4.41, 1800]
['2019-03-25 12:05:00', 4.4, 4.4, 4.4, 4.4, 1703]
['2019-03-25 12:04:00', 4.4, 4.4, 4.4, 4.4, 629]
['2019-03-25 12:03:00', 4.39, 4.39, 4.39, 4.39, 300]
['2019-03-25 12:02:00', 4.38, 4.38, 4.38, 4.38, 200]
['2019-03-25 12:01:00', 4.385, 4.385, 4.385, 4.385, 400]
['2019-03-25 11:56:00', 4.41, 4.39, 4.38, 4.41, 13840]
['2019-03-25 11:55:00', 4.41, 4.4, 4.4, 4.41, 15822]
['2019-03-25 11:54:00', 4.39, 4.4, 4.39, 4.4, 2400]
['2019-03-25 11:53:00', 4.3869, 4.39, 4.3869, 4.39, 2336]
['2019-03-25 11:52:00', 4.35, 4.365, 4.35, 4.365, 3698]
['2019-03-25 11:51:00', 4.3401, 4.35, 4.3401, 4.35, 2690]
['2019-03-25 11:50:00', 4.35, 4.35, 4.35, 4.35, 630]
['2019-03-25 11:49:00', 4.33, 4.32, 4.29, 4.33, 10849]
['2019-03-25 11:48:00', 4.33, 4.33, 4.33, 4.33, 600]
['2019-03-25 11:47:00', 4.33, 4.33, 4.33, 4.33, 4390]
['2019-03-25 11:46:00', 4.35, 4.35, 4.35, 4.35, 2160]
['2019-03-25 11:45:00', 4.385, 4.385, 4.385, 4.385, 510]
['2019-03-25 11:44:00', 4.39, 4.39, 4.39, 4.39, 500]
['2019-03-25 11:39:00', 4.4, 4.4, 4.4, 4.4, 161]
['2019-03-25 11:37:00', 4.3725, 4.3725, 4.3725, 4.3725, 1550]
['2019-03-25 11:34:00', 4.39, 4.39, 4.39, 4.39, 1125]
['2019-03-25 11:33:00', 4.41, 4.41, 4.41, 4.41, 100]
['2019-03-25 11:31:00', 4.41, 4.41, 4.41, 4.41, 980]
['2019-03-25 11:30:00', 4.41, 4.41, 4.41, 4.41, 104]
['2019-03-25 11:25:00', 4.4, 4.4, 4.4, 4.4, 241]
['2019-03-25 11:23:00', 4.41, 4.41, 4.41, 4.41, 932]
['2019-03-25 11:22:00', 4.405, 4.405, 4.405, 4.405, 170]
['2019-03-25 11:20:00', 4.405, 4.41, 4.405, 4.41, 888]
['2019-03-25 11:19:00', 4.41, 4.41, 4.41, 4.41, 1142]
['2019-03-25 11:16:00', 4.4, 4.4, 4.4, 4.4, 2300]
['2019-03-25 11:15:00', 4.38, 4.38, 4.38, 4.38, 569]
['2019-03-25 11:14:00', 4.39, 4.39, 4.39, 4.39, 1170]
['2019-03-25 11:12:00', 4.385, 4.39, 4.385, 4.39, 2000]
['2019-03-25 11:11:00', 4.4, 4.4, 4.4, 4.4, 2000]
['2019-03-25 11:10:00', 4.415, 4.415, 4.415, 4.415, 1900]
['2019-03-25 11:04:00', 4.41, 4.41, 4.41, 4.41, 800]
['2019-03-25 11:00:00', 4.42, 4.42, 4.42, 4.42, 1678]
['2019-03-25 10:58:00', 4.45, 4.44, 4.44, 4.45, 2910]
['2019-03-25 10:57:00', 4.45, 4.45, 4.45, 4.45, 1236]
['2019-03-25 10:56:00', 4.44, 4.44, 4.44, 4.44, 100]
['2019-03-25 10:55:00', 4.44, 4.44, 4.44, 4.44, 700]
['2019-03-25 10:53:00', 4.44, 4.44, 4.44, 4.44, 800]
['2019-03-25 10:52:00', 4.45, 4.45, 4.45, 4.45, 500]
['2019-03-25 10:51:00', 4.44, 4.44, 4.44, 4.44, 1200]
['2019-03-25 10:50:00', 4.41, 4.41, 4.41, 4.41, 300]
['2019-03-25 10:49:00', 4.41, 4.41, 4.41, 4.41, 106]
['2019-03-25 10:47:00', 4.42, 4.42, 4.42, 4.42, 548]
['2019-03-25 10:46:00', 4.42, 4.42, 4.42, 4.42, 620]
['2019-03-25 10:44:00', 4.43, 4.43, 4.43, 4.43, 100]
['2019-03-25 10:43:00', 4.44, 4.45, 4.44, 4.45, 5020]
['2019-03-25 10:42:00', 4.46, 4.46, 4.46, 4.46, 500]
['2019-03-25 10:38:00', 4.45, 4.45, 4.45, 4.45, 418]
['2019-03-25 10:37:00', 4.445, 4.445, 4.445, 4.445, 1505]
['2019-03-25 10:36:00', 4.47, 4.44, 4.44, 4.47, 9824]
['2019-03-25 10:33:00', 4.49, 4.49, 4.49, 4.49, 1141]
['2019-03-25 10:32:00', 4.5, 4.51, 4.5, 4.51, 8524]
['2019-03-25 10:31:00', 4.501, 4.501, 4.501, 4.501, 1114]
['2019-03-25 10:28:00', 4.52, 4.52, 4.52, 4.52, 2667]
['2019-03-25 10:27:00', 4.5325, 4.5325, 4.5325, 4.5325, 2300]
['2019-03-25 10:26:00', 4.53, 4.53, 4.53, 4.53, 1285]
['2019-03-25 10:25:00', 4.525, 4.54, 4.525, 4.54, 17035]
['2019-03-25 10:24:00', 4.53, 4.53, 4.53, 4.53, 4692]
['2019-03-25 10:23:00', 4.53, 4.53, 4.53, 4.53, 1309]
['2019-03-25 10:22:00', 4.53, 4.53, 4.53, 4.53, 5401]
['2019-03-25 10:21:00', 4.51, 4.52, 4.51, 4.52, 6895]
['2019-03-25 10:20:00', 4.5, 4.5, 4.5, 4.5, 1705]
['2019-03-25 10:19:00', 4.495, 4.5, 4.495, 4.5, 13187]
['2019-03-25 10:18:00', 4.49, 4.49, 4.49, 4.49, 2000]
['2019-03-25 10:17:00', 4.49, 4.49, 4.49, 4.49, 1030]
['2019-03-25 10:16:00', 4.49, 4.49, 4.49, 4.49, 7274]
['2019-03-25 10:15:00', 4.49, 4.49, 4.49, 4.49, 1237]
['2019-03-25 10:14:00', 4.4775, 4.4775, 4.4775, 4.4775, 6200]
['2019-03-25 10:13:00', 4.48, 4.48, 4.48, 4.48, 7867]
['2019-03-25 10:12:00', 4.48, 4.48, 4.48, 4.48, 1100]
['2019-03-25 10:11:00', 4.45, 4.465, 4.45, 4.465, 4580]
['2019-03-25 10:08:00', 4.4438, 4.4438, 4.4438, 4.4438, 5031]
['2019-03-25 10:03:00', 4.46, 4.45, 4.43, 4.46, 5636]
['2019-03-25 10:02:00', 4.44, 4.44, 4.44, 4.44, 900]
['2019-03-25 10:01:00', 4.45, 4.45, 4.45, 4.45, 1200]
['2019-03-25 10:00:00', 4.45, 4.45, 4.45, 4.45, 1306]
['2019-03-25 09:59:00', 4.425, 4.425, 4.425, 4.425, 594]
['2019-03-25 09:58:00', 4.41, 4.41, 4.41, 4.41, 907]
['2019-03-25 09:57:00', 4.4, 4.4, 4.4, 4.4, 1049]
['2019-03-25 09:53:00', 4.4, 4.4, 4.4, 4.4, 2343]
['2019-03-25 09:51:00', 4.38, 4.41, 4.38, 4.41, 6274]
['2019-03-25 09:50:00', 4.45, 4.375, 4.375, 4.46, 10775]
['2019-03-25 09:49:00', 4.38, 4.4, 4.38, 4.4, 8308]
['2019-03-25 09:48:00', 4.48, 4.4, 4.35, 4.48, 25508]
['2019-03-25 09:47:00', 4.4, 4.42, 4.39, 4.43, 30647]
['2019-03-25 09:45:00', 4.3487, 4.37, 4.3487, 4.37, 2662]
['2019-03-25 09:44:00', 4.3, 4.32, 4.3, 4.32, 10018]
['2019-03-25 09:38:00', 4.33, 4.33, 4.33, 4.33, 1570]
['2019-03-25 09:36:00', 4.36, 4.36, 4.36, 4.36, 210]
['2019-03-25 09:33:00', 4.3401, 4.34, 4.34, 4.3401, 8738]
