ALX
['2019-03-29 15:55:00', 379.15, 379.55, 379.15, 379.55, 396]
['2019-03-29 15:54:00', 377.5, 377.512, 376.49, 377.74, 681]
['2019-03-29 15:45:00', 379.39, 379.39, 379.39, 379.39, 109]
['2019-03-29 14:01:00', 376.96, 376.96, 376.96, 376.96, 532]
['2019-03-29 13:56:00', 378.75, 378.75, 378.75, 378.75, 373]
['2019-03-29 09:31:00', 376.54, 376.54, 376.54, 376.54, 471]
['2019-03-28 16:00:00', 377.25, 376.44, 376.44, 377.25, 964]
['2019-03-28 11:22:00', 373.05, 372.46, 372.46, 373.05, 779]
['2019-03-28 09:36:00', 375.0, 375.0, 375.0, 375.0, 304]
['2019-03-27 16:00:00', 375.08, 375.08, 375.08, 375.08, 650]
['2019-03-27 15:41:00', 374.0, 374.18, 374.0, 374.18, 609]
['2019-03-27 14:49:00', 372.9, 372.9, 372.9, 372.9, 353]
['2019-03-27 14:44:00', 372.9, 372.9, 372.9, 372.9, 100]
['2019-03-27 14:42:00', 372.76, 372.76, 372.76, 372.76, 215]
['2019-03-27 14:40:00', 374.9, 374.01, 374.01, 374.9, 296]
['2019-03-27 13:32:00', 372.0, 372.0, 372.0, 372.0, 487]
['2019-03-27 13:16:00', 370.25, 371.5, 370.25, 371.5, 1126]
['2019-03-27 12:43:00', 371.51, 371.51, 371.51, 371.51, 506]
['2019-03-27 11:51:00', 370.5, 370.5, 370.5, 370.5, 410]
['2019-03-27 11:50:00', 370.5, 370.5, 370.5, 370.5, 200]
['2019-03-27 11:10:00', 372.0, 372.01, 372.0, 372.01, 555]
['2019-03-27 10:54:00', 372.03, 372.03, 372.03, 372.03, 191]
['2019-03-27 10:28:00', 376.04, 376.04, 376.04, 376.04, 393]
['2019-03-27 10:26:00', 376.3, 376.01, 376.01, 376.3, 740]
['2019-03-27 10:25:00', 380.71, 377.0, 377.0, 380.71, 471]
['2019-03-27 09:31:00', 373.5, 373.5, 373.5, 373.5, 365]
['2019-03-26 15:59:00', 371.8, 371.8, 371.8, 371.8, 265]
['2019-03-26 15:56:00', 371.88, 371.88, 371.88, 371.88, 319]
['2019-03-26 15:54:00', 370.1, 370.1, 370.1, 370.1, 464]
['2019-03-26 15:52:00', 371.055, 371.055, 371.055, 371.055, 201]
['2019-03-26 15:43:00', 372.8, 372.8, 372.8, 372.8, 135]
['2019-03-26 15:34:00', 370.4, 370.4, 370.4, 370.4, 609]
['2019-03-26 15:32:00', 371.75, 371.75, 371.75, 371.75, 216]
['2019-03-26 15:31:00', 373.0, 373.0, 373.0, 373.0, 150]
['2019-03-26 14:28:00', 368.0, 368.0, 368.0, 368.0, 1503]
['2019-03-26 14:26:00', 366.5, 366.5, 366.5, 366.5, 424]
['2019-03-26 14:25:00', 365.96, 365.96, 365.96, 365.96, 228]
['2019-03-26 13:51:00', 366.0, 366.0, 366.0, 366.0, 438]
['2019-03-26 13:50:00', 366.02, 366.02, 366.02, 366.02, 860]
['2019-03-26 13:49:00', 367.0, 367.0, 367.0, 367.0, 219]
['2019-03-26 13:11:00', 365.21, 365.21, 365.21, 365.21, 762]
['2019-03-26 12:52:00', 365.31, 365.31, 365.31, 365.31, 974]
['2019-03-26 12:44:00', 364.99, 364.99, 364.99, 364.99, 598]
['2019-03-26 12:27:00', 358.62, 358.62, 358.62, 358.62, 190]
['2019-03-26 12:11:00', 365.1, 364.85, 364.85, 365.1, 200]
['2019-03-26 11:53:00', 366.51, 366.5, 366.5, 366.51, 1049]
['2019-03-26 11:32:00', 366.1, 366.02, 366.02, 366.1, 969]
['2019-03-26 11:30:00', 366.99, 366.99, 366.99, 366.99, 100]
['2019-03-26 11:20:00', 367.0, 367.0, 367.0, 367.0, 540]
['2019-03-26 11:14:00', 369.34, 369.34, 369.34, 369.34, 600]
['2019-03-26 11:12:00', 366.0, 366.74, 366.0, 366.74, 1372]
['2019-03-26 11:11:00', 366.75, 366.75, 366.75, 366.75, 550]
['2019-03-26 11:10:00', 365.01, 365.01, 365.01, 365.01, 331]
['2019-03-26 11:09:00', 365.5, 365.5, 365.5, 365.5, 582]
['2019-03-26 10:57:00', 363.41, 363.41, 363.41, 363.41, 512]
['2019-03-26 10:49:00', 364.5, 364.5, 364.5, 364.5, 509]
['2019-03-26 10:44:00', 363.15, 363.15, 363.15, 363.15, 582]
['2019-03-26 10:39:00', 364.35, 364.35, 364.35, 364.35, 483]
['2019-03-26 10:38:00', 365.03, 365.03, 365.03, 365.03, 1064]
['2019-03-26 10:37:00', 365.0, 365.4, 365.0, 365.4, 1725]
['2019-03-26 10:24:00', 364.3, 364.3, 364.3, 364.3, 330]
['2019-03-26 10:20:00', 364.89, 364.89, 364.89, 364.89, 240]
['2019-03-26 10:13:00', 364.54, 364.54, 364.54, 364.54, 618]
['2019-03-26 10:12:00', 366.0, 366.0, 366.0, 366.0, 222]
['2019-03-26 10:00:00', 366.0, 366.0, 366.0, 366.0, 305]
['2019-03-26 09:55:00', 365.005, 365.005, 365.005, 365.005, 890]
['2019-03-26 09:53:00', 367.1, 367.1, 367.1, 367.1, 573]
['2019-03-26 09:49:00', 368.7, 368.7, 368.7, 368.7, 497]
['2019-03-26 09:46:00', 370.01, 370.01, 370.01, 370.01, 100]
['2019-03-26 09:43:00', 370.0, 370.0, 370.0, 370.0, 433]
['2019-03-26 09:37:00', 371.65, 371.65, 371.65, 371.65, 1132]
['2019-03-26 09:31:00', 369.71, 369.71, 369.71, 369.71, 0]
['2019-03-25 15:56:00', 368.81, 368.81, 368.81, 368.81, 188]
['2019-03-25 15:18:00', 367.05, 367.05, 367.05, 367.05, 437]
['2019-03-25 15:12:00', 370.0, 370.0, 370.0, 370.0, 693]
['2019-03-25 15:09:00', 370.5, 370.5, 370.5, 370.5, 241]
['2019-03-25 15:07:00', 370.51, 370.51, 370.51, 370.51, 577]
['2019-03-25 15:06:00', 370.0, 370.0, 370.0, 370.0, 645]
['2019-03-25 15:01:00', 370.0, 370.0, 370.0, 370.0, 573]
['2019-03-25 14:59:00', 369.5, 369.5, 369.5, 369.5, 351]
['2019-03-25 14:56:00', 368.82, 368.78, 368.78, 368.82, 820]
['2019-03-25 14:55:00', 367.5, 367.5, 367.5, 367.5, 800]
['2019-03-25 14:54:00', 367.0, 368.0, 367.0, 368.0, 1256]
['2019-03-25 14:53:00', 364.97, 366.0, 364.97, 366.0, 1492]
['2019-03-25 14:18:00', 362.71, 362.71, 362.71, 362.71, 359]
['2019-03-25 13:57:00', 362.8, 362.8, 362.8, 362.8, 200]
['2019-03-25 13:56:00', 362.6, 362.6, 362.6, 362.6, 274]
['2019-03-25 13:55:00', 363.5, 362.93, 362.93, 363.5, 785]
['2019-03-25 13:41:00', 361.895, 361.895, 361.895, 361.895, 326]
['2019-03-25 12:07:00', 355.83, 355.83, 355.83, 355.83, 0]
