AXGN
['2019-03-29 16:00:00', 21.07, 21.06, 21.06, 21.07, 5677]
['2019-03-29 15:59:00', 21.07, 21.06, 21.06, 21.08, 2095]
['2019-03-29 15:58:00', 21.09, 21.065, 21.05, 21.1, 4813]
['2019-03-29 15:57:00', 21.12, 21.1, 21.09, 21.13, 10075]
['2019-03-29 15:56:00', 21.08, 21.1, 21.08, 21.13, 5425]
['2019-03-29 15:55:00', 21.12, 21.05, 21.03, 21.12, 3164]
['2019-03-29 15:54:00', 21.11, 21.09, 21.09, 21.11, 1826]
['2019-03-29 15:53:00', 21.04, 21.1, 21.04, 21.1, 2920]
['2019-03-29 15:52:00', 21.03, 21.01, 21.01, 21.04, 556]
['2019-03-29 15:51:00', 21.03, 21.02, 20.99, 21.03, 1242]
['2019-03-29 15:50:00', 21.005, 21.0, 21.0, 21.04, 1875]
['2019-03-29 15:49:00', 21.01, 21.01, 20.99, 21.02, 1111]
['2019-03-29 15:48:00', 21.055, 21.03, 21.03, 21.055, 1123]
['2019-03-29 15:47:00', 21.06, 21.05, 21.03, 21.06, 1442]
['2019-03-29 15:46:00', 21.08, 21.05, 21.05, 21.09, 990]
['2019-03-29 15:45:00', 21.09, 21.08, 21.07, 21.1, 795]
['2019-03-29 15:44:00', 21.02, 21.0697, 21.02, 21.0697, 1253]
['2019-03-29 15:43:00', 21.05, 21.02, 21.02, 21.05, 807]
['2019-03-29 15:42:00', 21.02, 21.03, 21.02, 21.03, 328]
['2019-03-29 15:41:00', 21.03, 21.04, 21.02, 21.04, 307]
['2019-03-29 15:40:00', 21.04, 21.04, 21.03, 21.08, 1890]
['2019-03-29 15:39:00', 20.98, 21.0, 20.98, 21.0, 637]
['2019-03-29 15:38:00', 21.0, 20.98, 20.98, 21.0, 476]
['2019-03-29 15:37:00', 21.05, 20.98, 20.98, 21.05, 2221]
['2019-03-29 15:35:00', 21.05, 21.02, 21.02, 21.06, 1402]
['2019-03-29 15:34:00', 21.035, 21.0298, 21.02, 21.035, 751]
['2019-03-29 15:33:00', 21.0, 21.0, 21.0, 21.0, 189]
['2019-03-29 15:32:00', 20.99, 21.03, 20.98, 21.03, 1642]
['2019-03-29 15:31:00', 21.0, 21.0, 20.99, 21.0, 684]
['2019-03-29 15:30:00', 20.96, 20.99, 20.96, 20.99, 484]
['2019-03-29 15:27:00', 20.9, 20.92, 20.9, 20.92, 333]
['2019-03-29 15:26:00', 20.88, 20.885, 20.87, 20.885, 1118]
['2019-03-29 15:25:00', 20.88, 20.87, 20.87, 20.88, 556]
['2019-03-29 15:23:00', 20.9, 20.89, 20.89, 20.9, 1002]
['2019-03-29 15:21:00', 20.91, 20.905, 20.905, 20.92, 500]
['2019-03-29 15:20:00', 20.94, 20.92, 20.9, 20.94, 1310]
['2019-03-29 15:19:00', 20.89, 20.915, 20.89, 20.915, 531]
['2019-03-29 15:18:00', 20.89, 20.8716, 20.87, 20.89, 409]
['2019-03-29 15:16:00', 20.89, 20.88, 20.88, 20.89, 544]
['2019-03-29 15:13:00', 20.95, 20.9, 20.9, 20.95, 2703]
['2019-03-29 15:10:00', 20.97, 20.95, 20.95, 20.97, 300]
['2019-03-29 15:09:00', 20.96, 20.99, 20.96, 20.99, 200]
['2019-03-29 15:08:00', 20.955, 20.955, 20.955, 20.955, 200]
['2019-03-29 15:07:00', 21.0, 20.95, 20.95, 21.01, 1388]
['2019-03-29 15:06:00', 21.0, 21.03, 21.0, 21.03, 314]
['2019-03-29 15:05:00', 21.03, 21.0, 21.0, 21.03, 899]
['2019-03-29 15:04:00', 21.02, 21.03, 21.01, 21.03, 871]
['2019-03-29 15:02:00', 20.99, 21.015, 20.99, 21.015, 258]
['2019-03-29 15:01:00', 20.94, 20.97, 20.94, 20.98, 818]
['2019-03-29 15:00:00', 20.94, 20.94, 20.94, 20.94, 110]
['2019-03-29 14:59:00', 20.96, 20.96, 20.96, 20.96, 200]
['2019-03-29 14:58:00', 20.96, 20.96, 20.96, 20.96, 510]
['2019-03-29 14:57:00', 20.96, 20.98, 20.96, 20.98, 200]
['2019-03-29 14:56:00', 20.98, 20.96, 20.96, 20.98, 200]
['2019-03-29 14:55:00', 20.98, 20.98, 20.98, 20.98, 200]
['2019-03-29 14:53:00', 20.94, 20.94, 20.94, 20.94, 217]
['2019-03-29 14:52:00', 20.91, 20.9, 20.9, 20.91, 300]
['2019-03-29 14:51:00', 20.96, 20.925, 20.925, 20.96, 1281]
['2019-03-29 14:50:00', 20.96, 20.96, 20.96, 20.96, 100]
['2019-03-29 14:49:00', 20.96, 20.96, 20.96, 20.98, 500]
['2019-03-29 14:48:00', 20.99, 20.99, 20.99, 20.99, 300]
['2019-03-29 14:47:00', 21.03, 20.98, 20.96, 21.03, 944]
['2019-03-29 14:46:00', 21.04, 21.04, 21.02, 21.065, 1186]
['2019-03-29 14:44:00', 21.09, 21.09, 21.09, 21.09, 100]
['2019-03-29 14:42:00', 21.015, 21.0, 21.0, 21.015, 460]
['2019-03-29 14:41:00', 21.04, 21.02, 20.995, 21.065, 2563]
['2019-03-29 14:40:00', 21.0596, 21.0596, 21.0596, 21.0596, 500]
['2019-03-29 14:39:00', 20.9677, 21.015, 20.9677, 21.02, 3063]
['2019-03-29 14:38:00', 20.98, 20.98, 20.98, 20.98, 300]
['2019-03-29 14:37:00', 20.95, 20.98, 20.95, 20.99, 4288]
['2019-03-29 14:36:00', 20.93, 20.97, 20.921, 20.97, 1724]
['2019-03-29 14:34:00', 20.95, 20.93, 20.93, 20.955, 1809]
['2019-03-29 14:33:00', 20.935, 20.95, 20.935, 20.95, 200]
['2019-03-29 14:32:00', 20.95, 20.95, 20.95, 20.95, 230]
['2019-03-29 14:30:00', 20.905, 20.93, 20.905, 20.93, 726]
['2019-03-29 14:27:00', 20.91, 20.91, 20.91, 20.91, 320]
['2019-03-29 14:26:00', 20.8999, 20.89, 20.89, 20.8999, 1200]
['2019-03-29 14:25:00', 20.89, 20.89, 20.89, 20.89, 100]
['2019-03-29 14:24:00', 20.87, 20.87, 20.87, 20.87, 100]
['2019-03-29 14:23:00', 20.81, 20.81, 20.81, 20.81, 435]
['2019-03-29 14:22:00', 20.8, 20.81, 20.8, 20.81, 300]
['2019-03-29 14:21:00', 20.81, 20.81, 20.81, 20.81, 100]
['2019-03-29 14:17:00', 20.81, 20.81, 20.81, 20.81, 201]
['2019-03-29 14:15:00', 20.8, 20.8, 20.785, 20.82, 1615]
['2019-03-29 14:14:00', 20.76, 20.8, 20.76, 20.8, 435]
['2019-03-29 14:13:00', 20.76, 20.76, 20.76, 20.76, 115]
['2019-03-29 14:12:00', 20.75, 20.75, 20.74, 20.75, 428]
['2019-03-29 14:09:00', 20.74, 20.74, 20.74, 20.74, 166]
['2019-03-29 14:08:00', 20.74, 20.75, 20.74, 20.75, 1039]
['2019-03-29 14:07:00', 20.73, 20.74, 20.73, 20.74, 818]
['2019-03-29 14:06:00', 20.735, 20.72, 20.72, 20.735, 300]
['2019-03-29 14:04:00', 20.75, 20.74, 20.73, 20.75, 4447]
['2019-03-29 14:02:00', 20.75, 20.75, 20.7367, 20.75, 996]
['2019-03-29 14:00:00', 20.75, 20.75, 20.75, 20.75, 500]
['2019-03-29 13:59:00', 20.75, 20.75, 20.75, 20.75, 100]
['2019-03-29 13:58:00', 20.7, 20.75, 20.7, 20.75, 305]
['2019-03-29 13:57:00', 20.71, 20.71, 20.69, 20.71, 600]
['2019-03-29 13:56:00', 20.74, 20.75, 20.74, 20.75, 2314]
['2019-03-29 13:55:00', 20.74, 20.74, 20.74, 20.74, 100]
['2019-03-29 13:54:00', 20.74, 20.74, 20.74, 20.74, 100]
['2019-03-29 13:53:00', 20.7292, 20.7278, 20.7278, 20.7292, 268]
['2019-03-29 13:52:00', 20.73, 20.74, 20.73, 20.74, 300]
['2019-03-29 13:50:00', 20.7, 20.7, 20.7, 20.7, 100]
['2019-03-29 13:49:00', 20.715, 20.715, 20.715, 20.715, 200]
['2019-03-29 13:48:00', 20.68, 20.715, 20.68, 20.715, 1602]
['2019-03-29 13:47:00', 20.7, 20.63, 20.6, 20.7, 8331]
['2019-03-29 13:46:00', 20.68, 20.69, 20.67, 20.69, 1429]
['2019-03-29 13:45:00', 20.7, 20.7, 20.7, 20.7, 405]
['2019-03-29 13:44:00', 20.7, 20.7, 20.7, 20.7, 100]
['2019-03-29 13:43:00', 20.7, 20.7, 20.7, 20.7, 300]
['2019-03-29 13:42:00', 20.69, 20.69, 20.69, 20.69, 200]
['2019-03-29 13:41:00', 20.65, 20.69, 20.65, 20.7, 1379]
['2019-03-29 13:40:00', 20.67, 20.67, 20.67, 20.67, 100]
['2019-03-29 13:39:00', 20.67, 20.67, 20.67, 20.67, 120]
['2019-03-29 13:38:00', 20.65, 20.65, 20.65, 20.65, 1000]
['2019-03-29 13:37:00', 20.68, 20.67, 20.67, 20.7, 3665]
['2019-03-29 13:36:00', 20.68, 20.68, 20.68, 20.68, 100]
['2019-03-29 13:35:00', 20.68, 20.68, 20.68, 20.68, 129]
['2019-03-29 13:34:00', 20.64, 20.64, 20.64, 20.64, 114]
['2019-03-29 13:33:00', 20.65, 20.65, 20.65, 20.68, 423]
['2019-03-29 13:32:00', 20.7, 20.7, 20.7, 20.7, 300]
['2019-03-29 13:30:00', 20.69, 20.67, 20.67, 20.69, 200]
['2019-03-29 13:29:00', 20.69, 20.69, 20.69, 20.69, 300]
['2019-03-29 13:27:00', 20.67, 20.67, 20.67, 20.67, 179]
['2019-03-29 13:26:00', 20.7, 20.7, 20.7, 20.7, 147]
['2019-03-29 13:25:00', 20.7, 20.7, 20.68, 20.7, 300]
['2019-03-29 13:24:00', 20.67, 20.67, 20.67, 20.67, 180]
['2019-03-29 13:23:00', 20.62, 20.67, 20.62, 20.67, 635]
['2019-03-29 13:21:00', 20.6, 20.6, 20.6, 20.6, 500]
['2019-03-29 13:20:00', 20.628, 20.628, 20.628, 20.628, 614]
['2019-03-29 13:19:00', 20.635, 20.635, 20.635, 20.635, 500]
['2019-03-29 13:18:00', 20.6412, 20.66, 20.6412, 20.66, 300]
['2019-03-29 13:17:00', 20.63, 20.61, 20.61, 20.63, 500]
['2019-03-29 13:16:00', 20.7, 20.65, 20.65, 20.7, 704]
['2019-03-29 13:14:00', 20.68, 20.68, 20.68, 20.68, 200]
['2019-03-29 13:13:00', 20.66, 20.7, 20.66, 20.7, 454]
['2019-03-29 13:12:00', 20.635, 20.66, 20.635, 20.66, 379]
['2019-03-29 13:11:00', 20.7, 20.635, 20.61, 20.71, 9941]
['2019-03-29 13:09:00', 20.7, 20.7, 20.7, 20.7, 135]
['2019-03-29 13:08:00', 20.7, 20.67, 20.67, 20.7136, 4106]
['2019-03-29 13:07:00', 20.72, 20.7, 20.7, 20.72, 638]
['2019-03-29 13:06:00', 20.74, 20.73, 20.73, 20.74, 682]
['2019-03-29 13:05:00', 20.72, 20.74, 20.72, 20.74, 372]
['2019-03-29 13:01:00', 20.7, 20.72, 20.7, 20.72, 300]
['2019-03-29 13:00:00', 20.74, 20.74, 20.74, 20.74, 748]
['2019-03-29 12:59:00', 20.7625, 20.7625, 20.7625, 20.7625, 109]
['2019-03-29 12:58:00', 20.74, 20.74, 20.74, 20.74, 200]
['2019-03-29 12:57:00', 20.74, 20.75, 20.74, 20.75, 209]
['2019-03-29 12:55:00', 20.74, 20.7201, 20.7201, 20.74, 2930]
['2019-03-29 12:54:00', 20.74, 20.74, 20.74, 20.74, 100]
['2019-03-29 12:52:00', 20.71, 20.71, 20.71, 20.71, 100]
['2019-03-29 12:51:00', 20.74, 20.73, 20.73, 20.75, 1680]
['2019-03-29 12:48:00', 20.71, 20.74, 20.71, 20.74, 412]
['2019-03-29 12:47:00', 20.75, 20.74, 20.73, 20.75, 314]
['2019-03-29 12:46:00', 20.75, 20.75, 20.75, 20.75, 100]
['2019-03-29 12:45:00', 20.76, 20.76, 20.76, 20.76, 116]
['2019-03-29 12:43:00', 20.77, 20.8, 20.77, 20.8, 200]
['2019-03-29 12:42:00', 20.88, 20.78, 20.78, 20.88, 3086]
['2019-03-29 12:37:00', 20.83, 20.83, 20.83, 20.83, 237]
['2019-03-29 12:34:00', 20.77, 20.8, 20.77, 20.8, 201]
['2019-03-29 12:32:00', 20.74, 20.74, 20.72, 20.74, 365]
['2019-03-29 12:31:00', 20.7144, 20.7144, 20.7144, 20.7144, 781]
['2019-03-29 12:29:00', 20.72, 20.7, 20.7, 20.72, 800]
['2019-03-29 12:28:00', 20.73, 20.73, 20.72, 20.73, 734]
['2019-03-29 12:27:00', 20.7, 20.72, 20.7, 20.72, 815]
['2019-03-29 12:22:00', 20.71, 20.71, 20.71, 20.71, 203]
['2019-03-29 12:21:00', 20.68, 20.66, 20.66, 20.69, 800]
['2019-03-29 12:20:00', 20.66, 20.67, 20.66, 20.67, 530]
['2019-03-29 12:19:00', 20.695, 20.695, 20.695, 20.695, 100]
['2019-03-29 12:15:00', 20.72, 20.7, 20.7, 20.72, 523]
['2019-03-29 12:11:00', 20.72, 20.72, 20.72, 20.72, 300]
['2019-03-29 12:10:00', 20.69, 20.69, 20.69, 20.69, 100]
['2019-03-29 12:09:00', 20.67, 20.67, 20.67, 20.67, 362]
['2019-03-29 12:08:00', 20.69, 20.67, 20.67, 20.69, 541]
['2019-03-29 12:06:00', 20.71, 20.7, 20.7, 20.71, 716]
['2019-03-29 12:04:00', 20.74, 20.735, 20.735, 20.74, 300]
['2019-03-29 12:02:00', 20.68, 20.69, 20.68, 20.69, 459]
['2019-03-29 12:01:00', 20.67, 20.66, 20.66, 20.67, 1388]
['2019-03-29 11:55:00', 20.69, 20.67, 20.67, 20.69, 713]
['2019-03-29 11:51:00', 20.72, 20.72, 20.72, 20.72, 220]
['2019-03-29 11:50:00', 20.75, 20.72, 20.72, 20.75, 1116]
['2019-03-29 11:48:00', 20.75, 20.75, 20.75, 20.75, 100]
['2019-03-29 11:47:00', 20.75, 20.74, 20.74, 20.77, 311]
['2019-03-29 11:46:00', 20.79, 20.79, 20.78, 20.79, 731]
['2019-03-29 11:45:00', 20.81, 20.79, 20.79, 20.81, 1615]
['2019-03-29 11:44:00', 20.83, 20.83, 20.83, 20.83, 100]
['2019-03-29 11:43:00', 20.82, 20.81, 20.79, 20.82, 400]
['2019-03-29 11:42:00', 20.85, 20.85, 20.85, 20.85, 100]
['2019-03-29 11:39:00', 20.79, 20.82, 20.79, 20.82, 722]
['2019-03-29 11:37:00', 20.77, 20.77, 20.77, 20.77, 280]
['2019-03-29 11:36:00', 20.8, 20.79, 20.79, 20.8, 414]
['2019-03-29 11:35:00', 20.83, 20.82, 20.82, 20.84, 1015]
['2019-03-29 11:34:00', 20.8, 20.8, 20.8, 20.8, 118]
['2019-03-29 11:31:00', 20.83, 20.83, 20.83, 20.83, 222]
['2019-03-29 11:30:00', 20.8, 20.8, 20.8, 20.8, 300]
['2019-03-29 11:29:00', 20.78, 20.78, 20.78, 20.78, 100]
['2019-03-29 11:27:00', 20.805, 20.805, 20.805, 20.805, 100]
['2019-03-29 11:26:00', 20.77, 20.825, 20.77, 20.825, 300]
['2019-03-29 11:23:00', 20.82, 20.82, 20.82, 20.82, 100]
['2019-03-29 11:22:00', 20.84, 20.84, 20.84, 20.84, 1416]
['2019-03-29 11:21:00', 20.84, 20.84, 20.84, 20.84, 100]
['2019-03-29 11:19:00', 20.88, 20.87, 20.86, 20.88, 1139]
['2019-03-29 11:18:00', 20.95, 20.95, 20.95, 20.95, 200]
['2019-03-29 11:17:00', 20.83, 20.8899, 20.83, 20.8899, 337]
['2019-03-29 11:16:00', 20.83, 20.89, 20.83, 20.89, 707]
['2019-03-29 11:15:00', 20.795, 20.805, 20.795, 20.805, 1545]
['2019-03-29 11:14:00', 20.76, 20.805, 20.76, 20.805, 800]
['2019-03-29 11:13:00', 20.76, 20.76, 20.76, 20.76, 100]
['2019-03-29 11:12:00', 20.8063, 20.8063, 20.8063, 20.8063, 600]
['2019-03-29 11:11:00', 20.81, 20.81, 20.81, 20.81, 100]
['2019-03-29 11:08:00', 20.82, 20.805, 20.76, 20.82, 2023]
['2019-03-29 11:06:00', 20.8271, 20.785, 20.74, 20.8271, 2688]
['2019-03-29 11:04:00', 20.86, 20.86, 20.86, 20.86, 100]
['2019-03-29 10:59:00', 20.84, 20.84, 20.84, 20.84, 152]
['2019-03-29 10:58:00', 20.79, 20.84, 20.79, 20.91, 2440]
['2019-03-29 10:57:00', 20.8, 20.8, 20.8, 20.8, 105]
['2019-03-29 10:55:00', 20.79, 20.79, 20.79, 20.79, 595]
['2019-03-29 10:52:00', 20.79, 20.79, 20.79, 20.79, 1014]
['2019-03-29 10:51:00', 20.86, 20.86, 20.86, 20.86, 100]
['2019-03-29 10:50:00', 20.93, 20.93, 20.93, 20.93, 100]
['2019-03-29 10:48:00', 20.9, 20.93, 20.9, 20.93, 200]
['2019-03-29 10:45:00', 20.95, 20.93, 20.93, 20.95, 636]
['2019-03-29 10:44:00', 21.0, 21.0, 21.0, 21.0, 100]
['2019-03-29 10:43:00', 20.99, 21.0, 20.99, 21.0, 300]
['2019-03-29 10:42:00', 21.0, 21.0, 21.0, 21.0, 125]
['2019-03-29 10:40:00', 21.0, 21.0, 21.0, 21.0, 200]
['2019-03-29 10:39:00', 20.93, 20.93, 20.93, 20.93, 100]
['2019-03-29 10:37:00', 21.02, 20.99, 20.99, 21.08, 2404]
['2019-03-29 10:35:00', 21.0, 20.97, 20.97, 21.01, 300]
['2019-03-29 10:34:00', 21.0, 20.97, 20.96, 21.0, 444]
['2019-03-29 10:33:00', 21.0, 21.0, 21.0, 21.0, 100]
['2019-03-29 10:31:00', 20.985, 20.985, 20.985, 20.985, 205]
['2019-03-29 10:30:00', 20.96, 20.96, 20.96, 20.96, 100]
['2019-03-29 10:29:00', 21.01, 21.0, 21.0, 21.01, 772]
['2019-03-29 10:28:00', 21.0, 21.045, 21.0, 21.07, 500]
['2019-03-29 10:27:00', 21.005, 21.0, 21.0, 21.01, 1000]
['2019-03-29 10:26:00', 21.01, 21.045, 21.0, 21.045, 700]
['2019-03-29 10:24:00', 21.01, 20.97, 20.97, 21.02, 1812]
['2019-03-29 10:23:00', 21.045, 21.01, 21.01, 21.045, 900]
['2019-03-29 10:22:00', 21.045, 21.045, 21.045, 21.045, 500]
['2019-03-29 10:21:00', 21.045, 21.045, 21.045, 21.045, 400]
['2019-03-29 10:20:00', 21.045, 21.045, 21.045, 21.045, 100]
['2019-03-29 10:19:00', 21.05, 21.05, 21.0, 21.05, 1685]
['2019-03-29 10:18:00', 21.03, 21.05, 21.03, 21.05, 2052]
['2019-03-29 10:17:00', 21.02, 21.06, 21.02, 21.06, 310]
['2019-03-29 10:16:00', 21.0, 21.0, 21.0, 21.0, 100]
['2019-03-29 10:15:00', 21.045, 21.045, 21.045, 21.045, 100]
['2019-03-29 10:13:00', 20.98, 20.99, 20.98, 20.99, 400]
['2019-03-29 10:12:00', 21.03, 20.97, 20.97, 21.03, 1400]
['2019-03-29 10:10:00', 21.03, 21.03, 21.03, 21.03, 200]
['2019-03-29 10:09:00', 20.99, 21.04, 20.99, 21.05, 2300]
['2019-03-29 10:08:00', 20.96, 20.965, 20.96, 20.99, 500]
['2019-03-29 10:07:00', 21.0, 20.96, 20.96, 21.0, 1401]
['2019-03-29 10:06:00', 20.995, 21.0, 20.992, 21.01, 1773]
['2019-03-29 10:05:00', 21.0, 21.0, 20.99, 21.025, 1025]
['2019-03-29 10:04:00', 21.0, 21.025, 20.97, 21.025, 900]
['2019-03-29 10:03:00', 20.99, 21.06, 20.99, 21.06, 600]
['2019-03-29 10:02:00', 20.99, 20.98, 20.98, 20.99, 1300]
['2019-03-29 09:59:00', 20.97, 21.0195, 20.97, 21.0195, 506]
['2019-03-29 09:57:00', 20.97, 20.9429, 20.9429, 21.0, 2592]
['2019-03-29 09:55:00', 21.0, 21.18, 21.0, 21.18, 666]
['2019-03-29 09:52:00', 20.85, 20.94, 20.85, 20.94, 1280]
['2019-03-29 09:51:00', 20.785, 20.8487, 20.7802, 20.8487, 619]
['2019-03-29 09:50:00', 20.77, 20.77, 20.77, 20.77, 332]
['2019-03-29 09:49:00', 20.83, 20.84, 20.83, 20.84, 810]
['2019-03-29 09:48:00', 20.7103, 20.7799, 20.67, 20.7799, 1410]
['2019-03-29 09:47:00', 20.68, 20.79, 20.68, 20.79, 2468]
['2019-03-29 09:46:00', 20.67, 20.85, 20.67, 20.85, 2206]
['2019-03-29 09:45:00', 20.5067, 20.64, 20.5067, 20.64, 1121]
['2019-03-29 09:43:00', 20.59, 20.6, 20.5118, 20.68, 11140]
['2019-03-29 09:42:00', 20.64, 20.656, 20.49, 20.74, 20040]
['2019-03-29 09:41:00', 20.53, 20.64, 20.53, 20.67, 2273]
['2019-03-29 09:38:00', 20.49, 20.47, 20.47, 20.5, 704]
['2019-03-29 09:37:00', 20.41, 20.41, 20.41, 20.42, 800]
['2019-03-29 09:36:00', 20.485, 20.4501, 20.4501, 20.485, 400]
['2019-03-29 09:34:00', 20.4819, 20.4819, 20.4819, 20.4819, 271]
['2019-03-29 09:32:00', 20.41, 20.41, 20.41, 20.41, 121]
['2019-03-29 09:31:00', 20.47, 20.49, 20.3, 20.73, 36242]
['2019-03-28 16:00:00', 20.48, 20.47, 20.46, 20.49, 7568]
['2019-03-28 15:59:00', 20.49, 20.48, 20.46, 20.5, 4248]
['2019-03-28 15:58:00', 20.49, 20.49, 20.48, 20.5, 1464]
['2019-03-28 15:57:00', 20.45, 20.46, 20.45, 20.47, 2366]
['2019-03-28 15:56:00', 20.41, 20.44, 20.41, 20.46, 4779]
['2019-03-28 15:55:00', 20.385, 20.4, 20.38, 20.4, 1075]
['2019-03-28 15:54:00', 20.35, 20.38, 20.35, 20.4, 2305]
['2019-03-28 15:53:00', 20.35, 20.35, 20.35, 20.35, 505]
['2019-03-28 15:52:00', 20.38, 20.35, 20.35, 20.38, 2676]
['2019-03-28 15:51:00', 20.4, 20.39, 20.39, 20.4, 469]
['2019-03-28 15:50:00', 20.38, 20.39, 20.38, 20.39, 378]
['2019-03-28 15:49:00', 20.39, 20.37, 20.36, 20.39, 1755]
['2019-03-28 15:48:00', 20.41, 20.41, 20.41, 20.41, 200]
['2019-03-28 15:47:00', 20.4, 20.4, 20.39, 20.4, 977]
['2019-03-28 15:46:00', 20.39, 20.36, 20.34, 20.39, 2641]
['2019-03-28 15:45:00', 20.45, 20.39, 20.39, 20.45, 2471]
['2019-03-28 15:44:00', 20.44, 20.44, 20.435, 20.44, 443]
['2019-03-28 15:43:00', 20.44, 20.44, 20.44, 20.44, 397]
['2019-03-28 15:42:00', 20.43, 20.43, 20.43, 20.43, 111]
['2019-03-28 15:41:00', 20.41, 20.41, 20.41, 20.41, 103]
['2019-03-28 15:40:00', 20.43, 20.42, 20.42, 20.44, 1100]
['2019-03-28 15:39:00', 20.42, 20.395, 20.395, 20.42, 722]
['2019-03-28 15:38:00', 20.42, 20.43, 20.42, 20.43, 579]
['2019-03-28 15:37:00', 20.44, 20.41, 20.405, 20.45, 4176]
['2019-03-28 15:36:00', 20.41, 20.43, 20.41, 20.45, 593]
['2019-03-28 15:35:00', 20.395, 20.39, 20.39, 20.395, 505]
['2019-03-28 15:34:00', 20.4, 20.4, 20.39, 20.4, 793]
['2019-03-28 15:33:00', 20.39, 20.4, 20.39, 20.4, 1379]
['2019-03-28 15:32:00', 20.375, 20.375, 20.375, 20.375, 109]
['2019-03-28 15:31:00', 20.375, 20.375, 20.375, 20.375, 404]
['2019-03-28 15:30:00', 20.37, 20.375, 20.36, 20.375, 718]
['2019-03-28 15:29:00', 20.39, 20.38, 20.38, 20.39, 640]
['2019-03-28 15:28:00', 20.39, 20.4, 20.39, 20.4, 1000]
['2019-03-28 15:27:00', 20.4, 20.395, 20.395, 20.4, 2374]
['2019-03-28 15:26:00', 20.4, 20.39, 20.39, 20.41, 1608]
['2019-03-28 15:23:00', 20.38, 20.38, 20.38, 20.39, 1866]
['2019-03-28 15:20:00', 20.4, 20.39, 20.39, 20.4, 1700]
['2019-03-28 15:19:00', 20.38, 20.38, 20.38, 20.38, 379]
['2019-03-28 15:18:00', 20.38, 20.38, 20.38, 20.38, 141]
['2019-03-28 15:17:00', 20.4, 20.38, 20.38, 20.4, 1897]
['2019-03-28 15:16:00', 20.38, 20.4, 20.38, 20.4, 304]
['2019-03-28 15:15:00', 20.38, 20.385, 20.37, 20.39, 1795]
['2019-03-28 15:14:00', 20.36, 20.36, 20.36, 20.36, 304]
['2019-03-28 15:13:00', 20.34, 20.35, 20.31, 20.35, 1427]
['2019-03-28 15:12:00', 20.3818, 20.36, 20.36, 20.4, 2162]
['2019-03-28 15:08:00', 20.39, 20.36, 20.36, 20.4, 492]
['2019-03-28 15:07:00', 20.35, 20.35, 20.35, 20.35, 203]
['2019-03-28 15:06:00', 20.3616, 20.37, 20.3616, 20.37, 215]
['2019-03-28 15:05:00', 20.38, 20.38, 20.38, 20.38, 705]
['2019-03-28 15:04:00', 20.35, 20.395, 20.3346, 20.4, 2662]
['2019-03-28 15:03:00', 20.385, 20.37, 20.35, 20.4, 2398]
['2019-03-28 15:02:00', 20.38, 20.39, 20.38, 20.4, 1112]
['2019-03-28 15:01:00', 20.37, 20.38, 20.36, 20.38, 348]
['2019-03-28 15:00:00', 20.4, 20.4, 20.4, 20.4, 202]
['2019-03-28 14:58:00', 20.4, 20.4, 20.4, 20.4, 347]
['2019-03-28 14:56:00', 20.41, 20.38, 20.38, 20.41, 645]
['2019-03-28 14:55:00', 20.44, 20.44, 20.44, 20.44, 1266]
['2019-03-28 14:54:00', 20.415, 20.44, 20.415, 20.45, 1433]
['2019-03-28 14:53:00', 20.43, 20.42, 20.405, 20.43, 1004]
['2019-03-28 14:52:00', 20.44, 20.4299, 20.4, 20.475, 7395]
['2019-03-28 14:51:00', 20.465, 20.48, 20.465, 20.48, 332]
['2019-03-28 14:50:00', 20.49, 20.49, 20.48, 20.49, 818]
['2019-03-28 14:48:00', 20.51, 20.51, 20.51, 20.51, 145]
['2019-03-28 14:47:00', 20.54, 20.48, 20.48, 20.56, 1604]
['2019-03-28 14:46:00', 20.53, 20.54, 20.53, 20.54, 205]
['2019-03-28 14:44:00', 20.57, 20.505, 20.46, 20.57, 1133]
['2019-03-28 14:43:00', 20.57, 20.58, 20.56, 20.58, 2412]
['2019-03-28 14:42:00', 20.59, 20.56, 20.56, 20.59, 1009]
['2019-03-28 14:40:00', 20.66, 20.605, 20.605, 20.66, 1266]
['2019-03-28 14:37:00', 20.63, 20.63, 20.63, 20.63, 116]
['2019-03-28 14:36:00', 20.63, 20.63, 20.62, 20.63, 1160]
['2019-03-28 14:34:00', 20.69, 20.64, 20.64, 20.7, 1359]
['2019-03-28 14:29:00', 20.73, 20.73, 20.73, 20.73, 411]
['2019-03-28 14:26:00', 20.71, 20.75, 20.71, 20.75, 427]
['2019-03-28 14:25:00', 20.69, 20.7, 20.66, 20.7, 698]
['2019-03-28 14:24:00', 20.73, 20.69, 20.69, 20.73, 1142]
['2019-03-28 14:21:00', 20.63, 20.665, 20.63, 20.665, 1272]
['2019-03-28 14:20:00', 20.62, 20.62, 20.62, 20.62, 648]
['2019-03-28 14:19:00', 20.62, 20.595, 20.595, 20.62, 1819]
['2019-03-28 14:18:00', 20.615, 20.615, 20.615, 20.615, 203]
['2019-03-28 14:15:00', 20.61, 20.61, 20.61, 20.61, 221]
['2019-03-28 14:14:00', 20.635, 20.62, 20.62, 20.635, 200]
['2019-03-28 14:13:00', 20.665, 20.64, 20.64, 20.665, 826]
['2019-03-28 14:11:00', 20.68, 20.665, 20.65, 20.71, 1101]
['2019-03-28 14:10:00', 20.68, 20.68, 20.68, 20.68, 103]
['2019-03-28 14:09:00', 20.65, 20.65, 20.65, 20.65, 101]
['2019-03-28 14:08:00', 20.765, 20.68, 20.68, 20.765, 1142]
['2019-03-28 14:06:00', 20.75, 20.74, 20.74, 20.75, 312]
['2019-03-28 14:04:00', 20.785, 20.78, 20.78, 20.785, 538]
['2019-03-28 14:02:00', 20.79, 20.79, 20.79, 20.79, 153]
['2019-03-28 14:01:00', 20.77, 20.77, 20.77, 20.77, 343]
['2019-03-28 14:00:00', 20.87, 20.79, 20.79, 20.87, 1533]
['2019-03-28 13:59:00', 20.87, 20.87, 20.87, 20.87, 137]
['2019-03-28 13:58:00', 20.89, 20.88, 20.88, 20.91, 1128]
['2019-03-28 13:53:00', 20.88, 20.88, 20.88, 20.88, 328]
['2019-03-28 13:52:00', 20.82, 20.82, 20.82, 20.82, 110]
['2019-03-28 13:46:00', 20.85, 20.85, 20.85, 20.85, 429]
['2019-03-28 13:43:00', 20.8, 20.84, 20.8, 20.84, 392]
['2019-03-28 13:38:00', 20.83, 20.83, 20.83, 20.83, 444]
['2019-03-28 13:35:00', 20.81, 20.81, 20.81, 20.81, 237]
['2019-03-28 13:33:00', 20.84, 20.84, 20.84, 20.84, 100]
['2019-03-28 13:31:00', 20.795, 20.795, 20.795, 20.795, 101]
['2019-03-28 13:30:00', 20.83, 20.79, 20.79, 20.83, 1018]
['2019-03-28 13:29:00', 20.83, 20.83, 20.83, 20.83, 100]
['2019-03-28 13:25:00', 20.8, 20.8, 20.8, 20.8, 139]
['2019-03-28 13:23:00', 20.81, 20.81, 20.8, 20.81, 1030]
['2019-03-28 13:22:00', 20.78, 20.78, 20.78, 20.78, 410]
['2019-03-28 13:20:00', 20.74, 20.74, 20.74, 20.74, 201]
['2019-03-28 13:07:00', 20.77, 20.7647, 20.7647, 20.77, 812]
['2019-03-28 13:05:00', 20.87, 20.81, 20.81, 20.87, 654]
['2019-03-28 13:02:00', 20.75, 20.79, 20.75, 20.79, 335]
['2019-03-28 13:00:00', 20.73, 20.73, 20.73, 20.73, 114]
['2019-03-28 12:59:00', 20.7, 20.7, 20.7, 20.7, 189]
['2019-03-28 12:57:00', 20.675, 20.675, 20.675, 20.675, 100]
['2019-03-28 12:53:00', 20.65, 20.65, 20.65, 20.65, 598]
['2019-03-28 12:52:00', 20.645, 20.645, 20.645, 20.645, 229]
['2019-03-28 12:50:00', 20.6, 20.6, 20.6, 20.6, 255]
['2019-03-28 12:49:00', 20.6, 20.6, 20.6, 20.6, 100]
['2019-03-28 12:48:00', 20.6, 20.6, 20.6, 20.6, 100]
['2019-03-28 12:47:00', 20.56, 20.59, 20.56, 20.59, 4411]
['2019-03-28 12:40:00', 20.54, 20.54, 20.54, 20.54, 270]
['2019-03-28 12:36:00', 20.49, 20.51, 20.46, 20.52, 674]
['2019-03-28 12:34:00', 20.495, 20.495, 20.495, 20.495, 213]
['2019-03-28 12:32:00', 20.55, 20.5, 20.5, 20.55, 500]
['2019-03-28 12:31:00', 20.495, 20.495, 20.495, 20.495, 101]
['2019-03-28 12:30:00', 20.495, 20.52, 20.495, 20.52, 400]
['2019-03-28 12:28:00', 20.55, 20.53, 20.53, 20.55, 300]
['2019-03-28 12:27:00', 20.495, 20.485, 20.485, 20.495, 623]
['2019-03-28 12:26:00', 20.52, 20.495, 20.495, 20.52, 400]
['2019-03-28 12:24:00', 20.495, 20.495, 20.495, 20.495, 145]
['2019-03-28 12:22:00', 20.5, 20.5, 20.5, 20.5, 201]
['2019-03-28 12:21:00', 20.5, 20.5, 20.5, 20.5, 100]
['2019-03-28 12:17:00', 20.42, 20.47, 20.42, 20.47, 715]
['2019-03-28 12:16:00', 20.43, 20.48, 20.41, 20.48, 590]
['2019-03-28 12:15:00', 20.44, 20.44, 20.44, 20.44, 100]
['2019-03-28 12:14:00', 20.45, 20.45, 20.45, 20.45, 400]
['2019-03-28 12:12:00', 20.45, 20.45, 20.45, 20.45, 301]
['2019-03-28 12:11:00', 20.44, 20.47, 20.44, 20.47, 429]
['2019-03-28 12:10:00', 20.48, 20.47, 20.47, 20.51, 390]
['2019-03-28 12:09:00', 20.49, 20.49, 20.49, 20.49, 110]
['2019-03-28 12:08:00', 20.54, 20.54, 20.54, 20.54, 101]
['2019-03-28 12:07:00', 20.54, 20.49, 20.49, 20.54, 300]
['2019-03-28 12:05:00', 20.49, 20.49, 20.46, 20.49, 1184]
['2019-03-28 12:04:00', 20.5, 20.5, 20.5, 20.5, 172]
['2019-03-28 12:03:00', 20.51, 20.51, 20.51, 20.51, 1100]
['2019-03-28 12:02:00', 20.54, 20.52, 20.52, 20.54, 400]
['2019-03-28 12:01:00', 20.54, 20.53, 20.53, 20.54, 353]
['2019-03-28 12:00:00', 20.53, 20.53, 20.53, 20.53, 400]
['2019-03-28 11:59:00', 20.57, 20.55, 20.55, 20.57, 355]
['2019-03-28 11:58:00', 20.57, 20.57, 20.57, 20.57, 301]
['2019-03-28 11:56:00', 20.58, 20.6131, 20.58, 20.6131, 330]
['2019-03-28 11:55:00', 20.62, 20.57, 20.57, 20.62, 431]
['2019-03-28 11:53:00', 20.7, 20.62, 20.61, 20.71, 3021]
['2019-03-28 11:52:00', 20.7, 20.7, 20.7, 20.7, 300]
['2019-03-28 11:51:00', 20.64, 20.7, 20.64, 20.7, 670]
['2019-03-28 11:50:00', 20.7, 20.7, 20.7, 20.7, 100]
['2019-03-28 11:49:00', 20.72, 20.72, 20.695, 20.72, 1517]
['2019-03-28 11:48:00', 20.7, 20.705, 20.7, 20.705, 357]
['2019-03-28 11:47:00', 20.6653, 20.6653, 20.6653, 20.6653, 151]
['2019-03-28 11:44:00', 20.65, 20.665, 20.64, 20.665, 401]
['2019-03-28 11:43:00', 20.7, 20.7, 20.7, 20.7, 200]
['2019-03-28 11:41:00', 20.7, 20.7, 20.7, 20.7, 197]
['2019-03-28 11:40:00', 20.74, 20.74, 20.74, 20.74, 439]
['2019-03-28 11:39:00', 20.73, 20.73, 20.73, 20.73, 115]
['2019-03-28 11:38:00', 20.745, 20.705, 20.705, 20.745, 847]
['2019-03-28 11:33:00', 20.73, 20.68, 20.67, 20.73, 736]
['2019-03-28 11:32:00', 20.67, 20.67, 20.67, 20.67, 505]
['2019-03-28 11:31:00', 20.59, 20.66, 20.59, 20.68, 1810]
['2019-03-28 11:30:00', 20.6, 20.5956, 20.5956, 20.6, 505]
['2019-03-28 11:29:00', 20.59, 20.63, 20.59, 20.63, 269]
['2019-03-28 11:28:00', 20.63, 20.6205, 20.6205, 20.65, 811]
['2019-03-28 11:27:00', 20.68, 20.66, 20.63, 20.68, 1610]
['2019-03-28 11:26:00', 20.74, 20.71, 20.71, 20.74, 597]
['2019-03-28 11:25:00', 20.71, 20.74, 20.69, 20.83, 8848]
['2019-03-28 11:24:00', 20.695, 20.71, 20.66, 20.73, 1906]
['2019-03-28 11:23:00', 20.72, 20.7, 20.7, 20.72, 1010]
['2019-03-28 11:22:00', 20.67, 20.67, 20.67, 20.67, 523]
['2019-03-28 11:21:00', 20.66, 20.69, 20.66, 20.75, 3527]
['2019-03-28 11:20:00', 20.655, 20.68, 20.6, 20.69, 4262]
['2019-03-28 11:19:00', 20.61, 20.655, 20.575, 20.66, 5627]
['2019-03-28 11:18:00', 20.58, 20.59, 20.55, 20.59, 911]
['2019-03-28 11:13:00', 20.63, 20.6, 20.6, 20.63, 760]
['2019-03-28 11:11:00', 20.63, 20.63, 20.63, 20.63, 571]
['2019-03-28 11:10:00', 20.67, 20.67, 20.67, 20.67, 106]
['2019-03-28 11:09:00', 20.6, 20.6, 20.6, 20.6, 221]
['2019-03-28 11:08:00', 20.625, 20.625, 20.625, 20.625, 200]
['2019-03-28 11:06:00', 20.59, 20.5863, 20.58, 20.61, 1946]
['2019-03-28 11:03:00', 20.66, 20.625, 20.625, 20.66, 775]
['2019-03-28 11:01:00', 20.7145, 20.69, 20.69, 20.7145, 1027]
['2019-03-28 11:00:00', 20.74, 20.695, 20.695, 20.74, 301]
['2019-03-28 10:56:00', 20.7, 20.7, 20.7, 20.7, 1041]
['2019-03-28 10:55:00', 20.735, 20.735, 20.735, 20.735, 185]
['2019-03-28 10:52:00', 20.77, 20.77, 20.77, 20.77, 205]
['2019-03-28 10:51:00', 20.78, 20.78, 20.78, 20.78, 552]
['2019-03-28 10:49:00', 20.84, 20.85, 20.83, 20.85, 1121]
['2019-03-28 10:48:00', 20.8, 20.815, 20.8, 20.815, 300]
['2019-03-28 10:47:00', 20.815, 20.815, 20.815, 20.815, 100]
['2019-03-28 10:46:00', 20.79, 20.78, 20.78, 20.79, 211]
['2019-03-28 10:45:00', 20.83, 20.77, 20.77, 20.85, 744]
['2019-03-28 10:43:00', 20.88, 20.86, 20.84, 20.88, 2424]
['2019-03-28 10:42:00', 20.86, 20.87, 20.86, 20.88, 709]
['2019-03-28 10:41:00', 20.81, 20.81, 20.81, 20.83, 317]
['2019-03-28 10:39:00', 20.83, 20.83, 20.8, 20.83, 1205]
['2019-03-28 10:38:00', 20.82, 20.82, 20.82, 20.82, 197]
['2019-03-28 10:37:00', 20.84, 20.84, 20.84, 20.84, 119]
['2019-03-28 10:35:00', 20.88, 20.87, 20.87, 20.88, 731]
['2019-03-28 10:31:00', 20.87, 20.87, 20.87, 20.87, 102]
['2019-03-28 10:30:00', 20.87, 20.86, 20.84, 20.87, 1256]
['2019-03-28 10:29:00', 20.865, 20.88, 20.865, 20.88, 400]
['2019-03-28 10:27:00', 20.86, 20.85, 20.82, 20.86, 404]
['2019-03-28 10:26:00', 20.88, 20.85, 20.85, 20.88, 423]
['2019-03-28 10:25:00', 20.98, 20.92, 20.92, 20.98, 850]
['2019-03-28 10:24:00', 20.94, 20.94, 20.94, 20.94, 110]
['2019-03-28 10:22:00', 20.91, 20.91, 20.91, 20.946, 372]
['2019-03-28 10:21:00', 20.97, 20.97, 20.97, 20.97, 113]
['2019-03-28 10:20:00', 20.91, 20.9261, 20.89, 20.9261, 705]
['2019-03-28 10:17:00', 20.89, 20.95, 20.89, 20.95, 305]
['2019-03-28 10:14:00', 20.93, 20.88, 20.88, 20.93, 908]
['2019-03-28 10:13:00', 20.92, 20.92, 20.92, 20.92, 105]
['2019-03-28 10:11:00', 20.9417, 20.9417, 20.9417, 20.9417, 109]
['2019-03-28 10:10:00', 20.84, 20.95, 20.83, 20.95, 2216]
['2019-03-28 10:09:00', 20.83, 20.87, 20.83, 20.87, 511]
['2019-03-28 10:08:00', 20.97, 20.885, 20.885, 20.97, 1707]
['2019-03-28 10:07:00', 20.975, 20.975, 20.975, 20.975, 280]
['2019-03-28 10:06:00', 21.0, 21.005, 21.0, 21.005, 505]
['2019-03-28 10:04:00', 20.9012, 21.01, 20.9012, 21.01, 675]
['2019-03-28 10:01:00', 20.98, 20.99, 20.89, 20.99, 2238]
['2019-03-28 10:00:00', 20.97, 20.99, 20.97, 20.99, 654]
['2019-03-28 09:58:00', 20.95, 20.95, 20.95, 20.95, 115]
['2019-03-28 09:56:00', 20.94, 20.94, 20.94, 20.94, 164]
['2019-03-28 09:55:00', 20.9042, 20.9042, 20.9042, 20.9042, 100]
['2019-03-28 09:50:00', 20.75, 20.76, 20.75, 20.76, 402]
['2019-03-28 09:49:00', 20.7, 20.8, 20.7, 20.8, 721]
['2019-03-28 09:48:00', 20.745, 20.745, 20.745, 20.745, 163]
['2019-03-28 09:47:00', 20.69, 20.69, 20.69, 20.7, 501]
['2019-03-28 09:45:00', 20.63, 20.63, 20.63, 20.63, 1133]
['2019-03-28 09:43:00', 20.525, 20.525, 20.525, 20.525, 103]
['2019-03-28 09:31:00', 20.63, 20.85, 20.63, 20.85, 1656]
['2019-03-27 16:00:00', 20.54, 20.5, 20.5, 20.54, 29320]
['2019-03-27 15:59:00', 20.55, 20.55, 20.54, 20.55, 5336]
['2019-03-27 15:58:00', 20.53, 20.55, 20.525, 20.55, 4077]
['2019-03-27 15:57:00', 20.53, 20.53, 20.525, 20.53, 7381]
['2019-03-27 15:56:00', 20.55, 20.53, 20.51, 20.56, 9421]
['2019-03-27 15:55:00', 20.51, 20.55, 20.5, 20.55, 4861]
['2019-03-27 15:54:00', 20.54, 20.515, 20.505, 20.54, 5591]
['2019-03-27 15:53:00', 20.55, 20.54, 20.52, 20.55, 3681]
['2019-03-27 15:52:00', 20.53, 20.55, 20.525, 20.55, 1693]
['2019-03-27 15:51:00', 20.52, 20.53, 20.52, 20.55, 4823]
['2019-03-27 15:50:00', 20.49, 20.5, 20.49, 20.5, 950]
['2019-03-27 15:49:00', 20.49, 20.5, 20.48, 20.5, 1577]
['2019-03-27 15:48:00', 20.49, 20.5, 20.49, 20.5, 3489]
['2019-03-27 15:47:00', 20.49, 20.49, 20.49, 20.5, 1893]
['2019-03-27 15:46:00', 20.48, 20.5, 20.48, 20.5, 1424]
['2019-03-27 15:45:00', 20.49, 20.48, 20.48, 20.49, 2570]
['2019-03-27 15:44:00', 20.5, 20.49, 20.49, 20.5, 1743]
['2019-03-27 15:43:00', 20.48, 20.49, 20.48, 20.49, 747]
['2019-03-27 15:42:00', 20.47, 20.45, 20.45, 20.47, 718]
['2019-03-27 15:41:00', 20.445, 20.46, 20.445, 20.47, 1322]
['2019-03-27 15:40:00', 20.41, 20.44, 20.4073, 20.44, 2120]
['2019-03-27 15:39:00', 20.41, 20.4, 20.395, 20.41, 1204]
['2019-03-27 15:38:00', 20.42, 20.41, 20.41, 20.43, 1293]
['2019-03-27 15:37:00', 20.47, 20.42, 20.42, 20.47, 2334]
['2019-03-27 15:36:00', 20.45, 20.47, 20.45, 20.47, 2113]
['2019-03-27 15:35:00', 20.46, 20.45, 20.45, 20.46, 671]
['2019-03-27 15:34:00', 20.475, 20.46, 20.44, 20.475, 2535]
['2019-03-27 15:33:00', 20.47, 20.46, 20.46, 20.48, 1892]
['2019-03-27 15:32:00', 20.49, 20.46, 20.46, 20.5, 2371]
['2019-03-27 15:31:00', 20.5, 20.5, 20.5, 20.5, 2451]
['2019-03-27 15:30:00', 20.49, 20.5, 20.47, 20.5, 3568]
['2019-03-27 15:29:00', 20.475, 20.49, 20.475, 20.49, 523]
['2019-03-27 15:28:00', 20.46, 20.48, 20.46, 20.48, 911]
['2019-03-27 15:27:00', 20.46, 20.46, 20.46, 20.46, 102]
['2019-03-27 15:26:00', 20.46, 20.46, 20.46, 20.46, 155]
['2019-03-27 15:25:00', 20.46, 20.45, 20.45, 20.47, 807]
['2019-03-27 15:24:00', 20.48, 20.46, 20.46, 20.5, 1971]
['2019-03-27 15:23:00', 20.46, 20.48, 20.45, 20.48, 1468]
['2019-03-27 15:22:00', 20.46, 20.46, 20.46, 20.465, 994]
['2019-03-27 15:21:00', 20.49, 20.46, 20.46, 20.49, 1415]
['2019-03-27 15:20:00', 20.47, 20.47, 20.47, 20.47, 265]
['2019-03-27 15:19:00', 20.45, 20.46, 20.45, 20.46, 1178]
['2019-03-27 15:18:00', 20.445, 20.43, 20.43, 20.445, 403]
['2019-03-27 15:17:00', 20.42, 20.43, 20.41, 20.43, 800]
['2019-03-27 15:16:00', 20.45, 20.43, 20.42, 20.45, 2566]
['2019-03-27 15:15:00', 20.45, 20.47, 20.45, 20.47, 1629]
['2019-03-27 15:14:00', 20.515, 20.43, 20.43, 20.515, 6117]
['2019-03-27 15:13:00', 20.58, 20.51, 20.51, 20.58, 1296]
['2019-03-27 15:12:00', 20.61, 20.58, 20.57, 20.61, 4924]
['2019-03-27 15:11:00', 20.6, 20.6, 20.6, 20.6, 802]
['2019-03-27 15:10:00', 20.6, 20.6, 20.6, 20.6, 202]
['2019-03-27 15:09:00', 20.64, 20.6, 20.6, 20.64, 610]
['2019-03-27 15:08:00', 20.66, 20.66, 20.66, 20.66, 192]
['2019-03-27 15:06:00', 20.65, 20.65, 20.65, 20.65, 239]
['2019-03-27 15:05:00', 20.64, 20.64, 20.64, 20.64, 203]
['2019-03-27 15:04:00', 20.65, 20.61, 20.61, 20.65, 804]
['2019-03-27 15:03:00', 20.66, 20.64, 20.64, 20.66, 400]
['2019-03-27 15:02:00', 20.65, 20.65, 20.65, 20.65, 107]
['2019-03-27 15:01:00', 20.67, 20.65, 20.65, 20.67, 608]
['2019-03-27 14:59:00', 20.65, 20.66, 20.64, 20.66, 1137]
['2019-03-27 14:58:00', 20.68, 20.665, 20.66, 20.68, 1662]
['2019-03-27 14:57:00', 20.66, 20.68, 20.66, 20.68, 749]
['2019-03-27 14:56:00', 20.75, 20.71, 20.71, 20.75, 922]
['2019-03-27 14:55:00', 20.72, 20.73, 20.72, 20.73, 238]
['2019-03-27 14:54:00', 20.73, 20.72, 20.72, 20.74, 801]
['2019-03-27 14:53:00', 20.73, 20.73, 20.73, 20.73, 101]
['2019-03-27 14:52:00', 20.74, 20.73, 20.73, 20.74, 205]
['2019-03-27 14:51:00', 20.69, 20.72, 20.69, 20.7303, 1145]
['2019-03-27 14:50:00', 20.67, 20.67, 20.67, 20.67, 424]
['2019-03-27 14:49:00', 20.71, 20.69, 20.68, 20.71, 571]
['2019-03-27 14:48:00', 20.7, 20.69, 20.69, 20.7, 307]
['2019-03-27 14:47:00', 20.71, 20.73, 20.7, 20.73, 605]
['2019-03-27 14:46:00', 20.74, 20.74, 20.74, 20.74, 390]
['2019-03-27 14:45:00', 20.7, 20.7, 20.7, 20.7, 587]
['2019-03-27 14:43:00', 20.67, 20.67, 20.67, 20.67, 390]
['2019-03-27 14:42:00', 20.6836, 20.67, 20.67, 20.6836, 800]
['2019-03-27 14:41:00', 20.65, 20.65, 20.65, 20.65, 321]
['2019-03-27 14:40:00', 20.64, 20.65, 20.63, 20.65, 1716]
['2019-03-27 14:39:00', 20.66, 20.62, 20.62, 20.66, 215]
['2019-03-27 14:38:00', 20.7, 20.71, 20.7, 20.71, 410]
['2019-03-27 14:37:00', 20.72, 20.69, 20.69, 20.73, 304]
['2019-03-27 14:36:00', 20.73, 20.74, 20.73, 20.75, 600]
['2019-03-27 14:35:00', 20.81, 20.77, 20.77, 20.82, 1539]
['2019-03-27 14:33:00', 20.8, 20.8, 20.79, 20.8, 508]
['2019-03-27 14:32:00', 20.81, 20.83, 20.8, 20.83, 503]
['2019-03-27 14:31:00', 20.81, 20.81, 20.81, 20.81, 356]
['2019-03-27 14:30:00', 20.77, 20.79, 20.77, 20.79, 422]
['2019-03-27 14:27:00', 20.77, 20.78, 20.77, 20.78, 572]
['2019-03-27 14:26:00', 20.75, 20.77, 20.75, 20.77, 302]
['2019-03-27 14:24:00', 20.77, 20.78, 20.77, 20.78, 1225]
['2019-03-27 14:23:00', 20.75, 20.77, 20.75, 20.77, 838]
['2019-03-27 14:22:00', 20.75, 20.75, 20.72, 20.77, 3477]
['2019-03-27 14:21:00', 20.81, 20.77, 20.75, 20.81, 2389]
['2019-03-27 14:20:00', 20.79, 20.81, 20.79, 20.81, 345]
['2019-03-27 14:19:00', 20.79, 20.78, 20.78, 20.79, 1217]
['2019-03-27 14:18:00', 20.81, 20.82, 20.81, 20.825, 2083]
['2019-03-27 14:17:00', 20.84, 20.81, 20.81, 20.84, 1897]
['2019-03-27 14:16:00', 20.85, 20.85, 20.85, 20.85, 837]
['2019-03-27 14:15:00', 20.88, 20.88, 20.88, 20.88, 232]
['2019-03-27 14:14:00', 20.9, 20.89, 20.89, 20.91, 2762]
['2019-03-27 14:13:00', 20.91, 20.9, 20.9, 20.91, 1610]
['2019-03-27 14:12:00', 20.92, 20.89, 20.89, 20.93, 4597]
['2019-03-27 14:11:00', 20.9, 20.9002, 20.87, 20.905, 6587]
['2019-03-27 14:10:00', 20.88, 20.89, 20.88, 20.9, 1651]
['2019-03-27 14:09:00', 20.94, 20.9, 20.89, 20.95, 1990]
['2019-03-27 14:08:00', 20.885, 20.94, 20.8802, 20.94, 945]
['2019-03-27 14:07:00', 20.9, 20.9, 20.9, 20.9, 239]
['2019-03-27 14:06:00', 20.93, 20.88, 20.88, 20.93, 2737]
['2019-03-27 14:05:00', 20.95, 20.96, 20.95, 20.96, 500]
['2019-03-27 14:04:00', 20.94, 20.94, 20.93, 20.95, 2679]
['2019-03-27 14:03:00', 20.925, 20.95, 20.925, 20.95, 603]
['2019-03-27 14:02:00', 20.92, 20.91, 20.91, 20.95, 1703]
['2019-03-27 14:01:00', 20.91, 20.9, 20.9, 20.94, 1277]
['2019-03-27 14:00:00', 20.9, 20.8961, 20.89, 20.9, 615]
['2019-03-27 13:59:00', 20.93, 20.91, 20.89, 20.93, 1392]
['2019-03-27 13:58:00', 20.93, 20.94, 20.92, 20.96, 4823]
['2019-03-27 13:57:00', 20.9, 20.92, 20.9, 20.935, 1965]
['2019-03-27 13:56:00', 20.9, 20.9, 20.9, 20.9, 2274]
['2019-03-27 13:55:00', 20.87, 20.88, 20.86, 20.88, 2117]
['2019-03-27 13:53:00', 20.89, 20.88, 20.87, 20.89, 2967]
['2019-03-27 13:52:00', 20.87, 20.92, 20.87, 20.92, 7684]
['2019-03-27 13:51:00', 20.88, 20.87, 20.87, 20.89, 1938]
['2019-03-27 13:50:00', 20.85, 20.91, 20.8457, 20.91, 3206]
['2019-03-27 13:49:00', 20.84, 20.84, 20.84, 20.84, 202]
['2019-03-27 13:48:00', 20.88, 20.89, 20.88, 20.89, 518]
['2019-03-27 13:47:00', 20.98, 20.87, 20.87, 20.98, 1111]
['2019-03-27 13:46:00', 20.96, 20.99, 20.96, 21.0, 1447]
['2019-03-27 13:45:00', 20.92, 20.96, 20.92, 20.96, 487]
['2019-03-27 13:44:00', 20.89, 20.91, 20.89, 20.91, 1025]
['2019-03-27 13:43:00', 20.93, 20.91, 20.91, 20.969, 7423]
['2019-03-27 13:42:00', 20.91, 20.93, 20.91, 20.93, 445]
['2019-03-27 13:41:00', 20.9, 20.91, 20.9, 20.91, 1061]
['2019-03-27 13:40:00', 20.9, 20.9, 20.9, 20.9, 885]
['2019-03-27 13:39:00', 20.88, 20.9, 20.86, 20.9, 2416]
['2019-03-27 13:38:00', 20.9, 20.9, 20.88, 20.9, 2040]
['2019-03-27 13:37:00', 20.86, 20.86, 20.86, 20.86, 971]
['2019-03-27 13:36:00', 20.87, 20.85, 20.85, 20.87, 2041]
['2019-03-27 13:35:00', 20.88, 20.88, 20.88, 20.88, 140]
['2019-03-27 13:34:00', 20.87, 20.89, 20.87, 20.91, 6246]
['2019-03-27 13:33:00', 20.85, 20.87, 20.85, 20.87, 2421]
['2019-03-27 13:32:00', 20.89, 20.86, 20.86, 20.89, 1106]
['2019-03-27 13:31:00', 20.82, 20.86, 20.82, 20.88, 1598]
['2019-03-27 13:30:00', 20.79, 20.81, 20.79, 20.81, 2064]
['2019-03-27 13:29:00', 20.84, 20.82, 20.82, 20.84, 3723]
['2019-03-27 13:28:00', 20.83, 20.85, 20.82, 20.85, 2986]
['2019-03-27 13:27:00', 20.8, 20.82, 20.75, 20.84, 2999]
['2019-03-27 13:26:00', 20.84, 20.81, 20.79, 20.85, 1770]
['2019-03-27 13:25:00', 20.83, 20.83, 20.79, 20.83, 2809]
['2019-03-27 13:24:00', 20.82, 20.82, 20.79, 20.82, 1593]
['2019-03-27 13:23:00', 20.82, 20.86, 20.82, 20.86, 3953]
['2019-03-27 13:22:00', 20.81, 20.81, 20.81, 20.81, 420]
['2019-03-27 13:21:00', 20.8142, 20.79, 20.77, 20.815, 3310]
['2019-03-27 13:20:00', 20.84, 20.815, 20.8, 20.85, 2796]
['2019-03-27 13:19:00', 20.86, 20.815, 20.815, 20.86, 620]
['2019-03-27 13:18:00', 20.85, 20.86, 20.85, 20.87, 2051]
['2019-03-27 13:17:00', 20.9, 20.88, 20.88, 20.9, 902]
['2019-03-27 13:16:00', 20.93, 20.93, 20.93, 20.93, 434]
['2019-03-27 13:15:00', 20.94, 20.95, 20.91, 20.96, 2729]
['2019-03-27 13:14:00', 20.96, 20.94, 20.94, 20.97, 3335]
['2019-03-27 13:13:00', 20.91, 20.91, 20.91, 20.91, 1104]
['2019-03-27 13:12:00', 20.88, 20.92, 20.88, 20.92, 759]
['2019-03-27 13:11:00', 20.86, 20.86, 20.86, 20.86, 110]
['2019-03-27 13:10:00', 20.88, 20.85, 20.85, 20.91, 3234]
['2019-03-27 13:09:00', 20.88, 20.89, 20.88, 20.89, 913]
['2019-03-27 13:08:00', 20.92, 20.89, 20.89, 20.92, 401]
['2019-03-27 13:07:00', 20.9, 20.9, 20.9, 20.92, 1630]
['2019-03-27 13:06:00', 20.87, 20.86, 20.855, 20.87, 1897]
['2019-03-27 13:05:00', 20.87, 20.89, 20.87, 20.9, 3622]
['2019-03-27 13:04:00', 20.85, 20.83, 20.83, 20.85, 1332]
['2019-03-27 13:03:00', 20.85, 20.85, 20.84, 20.85, 5087]
['2019-03-27 13:02:00', 20.83, 20.85, 20.83, 20.85, 734]
['2019-03-27 13:01:00', 20.87, 20.84, 20.82, 20.87, 2533]
['2019-03-27 13:00:00', 20.87, 20.89, 20.86, 20.89, 3077]
['2019-03-27 12:59:00', 20.9, 20.88, 20.86, 20.91, 3097]
['2019-03-27 12:58:00', 20.89, 20.89, 20.86, 20.89, 1810]
['2019-03-27 12:57:00', 20.92, 20.93, 20.87, 20.935, 1630]
['2019-03-27 12:56:00', 20.82, 20.92, 20.81, 20.96, 11317]
['2019-03-27 12:55:00', 20.83, 20.82, 20.82, 20.84, 1317]
['2019-03-27 12:54:00', 20.83, 20.85, 20.83, 20.86, 902]
['2019-03-27 12:53:00', 20.81, 20.84, 20.76, 20.84, 3092]
['2019-03-27 12:52:00', 20.83, 20.81, 20.81, 20.83, 537]
['2019-03-27 12:51:00', 20.84, 20.83, 20.83, 20.85, 2443]
['2019-03-27 12:50:00', 20.85, 20.83, 20.83, 20.85, 1702]
['2019-03-27 12:49:00', 20.83, 20.83, 20.83, 20.86, 1615]
['2019-03-27 12:48:00', 20.83, 20.86, 20.83, 20.87, 2546]
['2019-03-27 12:47:00', 20.77, 20.85, 20.77, 20.85, 7503]
['2019-03-27 12:46:00', 20.83, 20.79, 20.79, 20.87, 2894]
['2019-03-27 12:45:00', 20.8, 20.78, 20.78, 20.8, 508]
['2019-03-27 12:44:00', 20.76, 20.8, 20.76, 20.8, 1116]
['2019-03-27 12:43:00', 20.66, 20.74, 20.66, 20.74, 789]
['2019-03-27 12:42:00', 20.65, 20.65, 20.58, 20.72, 11439]
['2019-03-27 12:41:00', 20.72, 20.68, 20.67, 20.72, 1758]
['2019-03-27 12:40:00', 20.75, 20.72, 20.685, 20.755, 5325]
['2019-03-27 12:39:00', 20.74, 20.76, 20.73, 20.79, 4089]
['2019-03-27 12:38:00', 20.76, 20.73, 20.73, 20.76, 1356]
['2019-03-27 12:37:00', 20.795, 20.77, 20.77, 20.795, 1934]
['2019-03-27 12:36:00', 20.78, 20.78, 20.78, 20.78, 203]
['2019-03-27 12:34:00', 20.84, 20.84, 20.84, 20.84, 417]
['2019-03-27 12:31:00', 20.76, 20.81, 20.76, 20.81, 409]
['2019-03-27 12:30:00', 20.8, 20.8, 20.8, 20.8, 142]
['2019-03-27 12:28:00', 20.8, 20.82, 20.8, 20.82, 667]
['2019-03-27 12:25:00', 20.73, 20.765, 20.73, 20.765, 417]
['2019-03-27 12:24:00', 20.73, 20.73, 20.73, 20.73, 108]
['2019-03-27 12:22:00', 20.76, 20.76, 20.76, 20.76, 202]
['2019-03-27 12:21:00', 20.76, 20.76, 20.76, 20.76, 491]
['2019-03-27 12:20:00', 20.73, 20.715, 20.715, 20.73, 705]
['2019-03-27 12:16:00', 20.75, 20.69, 20.69, 20.75, 318]
['2019-03-27 12:15:00', 20.74, 20.75, 20.74, 20.75, 202]
['2019-03-27 12:14:00', 20.79, 20.78, 20.78, 20.79, 653]
['2019-03-27 12:13:00', 20.78, 20.815, 20.76, 20.815, 2074]
['2019-03-27 12:12:00', 20.76, 20.76, 20.76, 20.76, 305]
['2019-03-27 12:11:00', 20.6919, 20.71, 20.6919, 20.71, 754]
['2019-03-27 12:10:00', 20.62, 20.69, 20.62, 20.69, 592]
['2019-03-27 12:09:00', 20.64, 20.6, 20.6, 20.64, 906]
['2019-03-27 12:07:00', 20.665, 20.66, 20.66, 20.68, 628]
['2019-03-27 12:06:00', 20.61, 20.665, 20.61, 20.665, 603]
['2019-03-27 12:05:00', 20.55, 20.58, 20.55, 20.58, 2091]
['2019-03-27 11:59:00', 20.53, 20.5, 20.5, 20.53, 636]
['2019-03-27 11:58:00', 20.5, 20.54, 20.5, 20.54, 350]
['2019-03-27 11:57:00', 20.475, 20.475, 20.475, 20.475, 424]
['2019-03-27 11:56:00', 20.43, 20.43, 20.43, 20.43, 108]
['2019-03-27 11:55:00', 20.475, 20.475, 20.475, 20.475, 196]
['2019-03-27 11:54:00', 20.515, 20.49, 20.49, 20.515, 372]
['2019-03-27 11:53:00', 20.51, 20.5, 20.5, 20.51, 303]
['2019-03-27 11:52:00', 20.6, 20.61, 20.6, 20.61, 606]
['2019-03-27 11:51:00', 20.53, 20.56, 20.53, 20.57, 805]
['2019-03-27 11:50:00', 20.4984, 20.505, 20.4984, 20.505, 561]
['2019-03-27 11:49:00', 20.51, 20.52, 20.497, 20.52, 870]
['2019-03-27 11:48:00', 20.505, 20.52, 20.505, 20.52, 1361]
['2019-03-27 11:46:00', 20.49, 20.52, 20.49, 20.53, 1126]
['2019-03-27 11:45:00', 20.5, 20.49, 20.45, 20.5, 545]
['2019-03-27 11:44:00', 20.45, 20.47, 20.44, 20.47, 1000]
['2019-03-27 11:43:00', 20.49, 20.49, 20.49, 20.49, 319]
['2019-03-27 11:42:00', 20.52, 20.5202, 20.508, 20.56, 1019]
['2019-03-27 11:39:00', 20.54, 20.48, 20.48, 20.54, 617]
['2019-03-27 11:38:00', 20.49, 20.57, 20.49, 20.57, 2271]
['2019-03-27 11:37:00', 20.47, 20.47, 20.44, 20.47, 1073]
['2019-03-27 11:36:00', 20.53, 20.5, 20.5, 20.53, 1285]
['2019-03-27 11:35:00', 20.55, 20.55, 20.55, 20.55, 333]
['2019-03-27 11:34:00', 20.65, 20.61, 20.565, 20.65, 2774]
['2019-03-27 11:33:00', 20.65, 20.64, 20.64, 20.655, 431]
['2019-03-27 11:32:00', 20.64, 20.65, 20.64, 20.65, 217]
['2019-03-27 11:30:00', 20.68, 20.61, 20.61, 20.68, 505]
['2019-03-27 11:28:00', 20.73, 20.69, 20.69, 20.73, 606]
['2019-03-27 11:27:00', 20.75, 20.74, 20.74, 20.75, 377]
['2019-03-27 11:26:00', 20.76, 20.8, 20.76, 20.8, 501]
['2019-03-27 11:25:00', 20.78, 20.78, 20.78, 20.78, 200]
['2019-03-27 11:24:00', 20.81, 20.77, 20.76, 20.81, 788]
['2019-03-27 11:23:00', 20.81, 20.83, 20.81, 20.83, 820]
['2019-03-27 11:21:00', 20.82, 20.83, 20.82, 20.83, 1505]
['2019-03-27 11:19:00', 20.8, 20.81, 20.8, 20.81, 200]
['2019-03-27 11:18:00', 20.795, 20.8, 20.77, 20.85, 6405]
['2019-03-27 11:17:00', 20.8, 20.83, 20.7365, 20.83, 2558]
['2019-03-27 11:15:00', 20.74, 20.78, 20.74, 20.78, 786]
['2019-03-27 11:14:00', 20.76, 20.76, 20.76, 20.76, 449]
['2019-03-27 11:13:00', 20.798, 20.798, 20.798, 20.798, 1000]
['2019-03-27 11:12:00', 20.88, 20.83, 20.83, 20.89, 877]
['2019-03-27 11:11:00', 20.9, 20.9, 20.88, 20.9, 800]
['2019-03-27 11:10:00', 20.8, 20.85, 20.8, 20.88, 913]
['2019-03-27 11:09:00', 20.895, 20.89, 20.89, 20.895, 200]
['2019-03-27 11:08:00', 20.88, 20.88, 20.88, 20.92, 797]
['2019-03-27 11:07:00', 20.8326, 20.89, 20.8326, 20.89, 1526]
['2019-03-27 11:04:00', 20.96, 20.935, 20.935, 20.96, 408]
['2019-03-27 11:03:00', 21.01, 21.01, 21.01, 21.01, 101]
['2019-03-27 11:02:00', 21.04, 21.04, 21.04, 21.04, 100]
['2019-03-27 11:00:00', 21.02, 21.02, 21.02, 21.03, 598]
['2019-03-27 10:59:00', 21.0, 21.0, 21.0, 21.0, 217]
['2019-03-27 10:58:00', 20.97, 20.97, 20.97, 20.99, 1505]
['2019-03-27 10:57:00', 20.9719, 20.98, 20.97, 21.02, 10414]
['2019-03-27 10:54:00', 20.99, 20.98, 20.94, 20.99, 820]
['2019-03-27 10:53:00', 21.0, 21.0, 21.0, 21.0, 135]
['2019-03-27 10:52:00', 21.02, 21.05, 21.02, 21.05, 382]
['2019-03-27 10:51:00', 20.985, 20.99, 20.98, 20.99, 612]
['2019-03-27 10:50:00', 20.97, 20.99, 20.965, 20.99, 1310]
['2019-03-27 10:49:00', 20.95, 20.95, 20.93, 20.985, 5013]
['2019-03-27 10:48:00', 20.9, 20.91, 20.9, 20.91, 1200]
['2019-03-27 10:47:00', 20.85, 20.86, 20.85, 20.87, 610]
['2019-03-27 10:46:00', 20.82, 20.85, 20.82, 20.85, 800]
['2019-03-27 10:45:00', 20.8, 20.84, 20.8, 20.84, 300]
['2019-03-27 10:44:00', 20.88, 20.79, 20.79, 20.88, 4291]
['2019-03-27 10:42:00', 20.9, 20.9, 20.9, 20.9, 210]
['2019-03-27 10:40:00', 20.975, 20.91, 20.91, 20.975, 300]
['2019-03-27 10:39:00', 21.01, 21.0, 20.98, 21.01, 2420]
['2019-03-27 10:38:00', 21.06, 21.04, 21.04, 21.06, 1100]
['2019-03-27 10:37:00', 21.06, 21.0888, 21.06, 21.1, 823]
['2019-03-27 10:36:00', 21.1, 21.1, 21.1, 21.1, 511]
['2019-03-27 10:35:00', 21.13, 21.13, 21.13, 21.13, 400]
['2019-03-27 10:34:00', 21.13, 21.13, 21.13, 21.13, 100]
['2019-03-27 10:33:00', 21.2, 21.14, 21.14, 21.2, 757]
['2019-03-27 10:32:00', 21.21, 21.21, 21.21, 21.21, 100]
['2019-03-27 10:31:00', 21.22, 21.23, 21.14, 21.23, 2709]
['2019-03-27 10:29:00', 21.25, 21.25, 21.25, 21.25, 300]
['2019-03-27 10:28:00', 21.28, 21.28, 21.28, 21.28, 100]
['2019-03-27 10:27:00', 21.22, 21.22, 21.22, 21.22, 100]
['2019-03-27 10:24:00', 21.32, 21.27, 21.27, 21.32, 746]
['2019-03-27 10:23:00', 21.28, 21.28, 21.28, 21.28, 100]
['2019-03-27 10:21:00', 21.3295, 21.3295, 21.3295, 21.3295, 110]
['2019-03-27 10:20:00', 21.295, 21.2602, 21.2602, 21.295, 210]
['2019-03-27 10:19:00', 21.4, 21.32, 21.32, 21.41, 2447]
['2019-03-27 10:18:00', 21.3, 21.37, 21.28, 21.4, 3247]
['2019-03-27 10:17:00', 21.3, 21.3, 21.3, 21.3, 103]
['2019-03-27 10:14:00', 21.26, 21.28, 21.25, 21.28, 506]
['2019-03-27 10:10:00', 21.215, 21.215, 21.215, 21.215, 206]
['2019-03-27 10:09:00', 21.23, 21.2209, 21.2209, 21.23, 200]
['2019-03-27 10:07:00', 21.18, 21.19, 21.18, 21.23, 599]
['2019-03-27 10:06:00', 21.2, 21.2101, 21.2, 21.2101, 200]
['2019-03-27 10:05:00', 21.14, 21.208, 21.14, 21.208, 200]
['2019-03-27 10:04:00', 21.14, 21.14, 21.14, 21.14, 110]
['2019-03-27 10:03:00', 21.1, 21.17, 21.1, 21.17, 1357]
['2019-03-27 10:01:00', 21.09, 21.1, 21.09, 21.1, 307]
['2019-03-27 09:58:00', 21.05, 21.03, 21.03, 21.06, 1400]
['2019-03-27 09:57:00', 21.14, 21.14, 21.14, 21.14, 237]
['2019-03-27 09:56:00', 21.16, 21.21, 21.15, 21.21, 408]
['2019-03-27 09:54:00', 21.34, 21.28, 21.27, 21.34, 1517]
['2019-03-27 09:52:00', 21.35, 21.33, 21.33, 21.35, 1572]
['2019-03-27 09:51:00', 21.4, 21.35, 21.35, 21.41, 2342]
['2019-03-27 09:50:00', 21.35, 21.4, 21.35, 21.4, 400]
['2019-03-27 09:47:00', 21.46, 21.48, 21.45, 21.48, 790]
['2019-03-27 09:45:00', 21.55, 21.49, 21.49, 21.58, 1644]
['2019-03-27 09:44:00', 21.56, 21.56, 21.56, 21.56, 100]
['2019-03-27 09:37:00', 21.565, 21.565, 21.565, 21.565, 152]
['2019-03-27 09:36:00', 21.6227, 21.7, 21.595, 21.7, 7900]
['2019-03-27 09:34:00', 21.6, 21.6, 21.6, 21.6, 450]
['2019-03-27 09:31:00', 21.49, 21.49, 21.49, 21.49, 3104]
['2019-03-26 16:00:00', 21.56, 21.54, 21.54, 21.56, 4543]
['2019-03-26 15:59:00', 21.55, 21.55, 21.55, 21.55, 5235]
['2019-03-26 15:58:00', 21.555, 21.55, 21.54, 21.56, 20709]
['2019-03-26 15:57:00', 21.555, 21.55, 21.55, 21.555, 3399]
['2019-03-26 15:56:00', 21.56, 21.55, 21.55, 21.56, 5047]
['2019-03-26 15:55:00', 21.55, 21.55, 21.55, 21.55, 2612]
['2019-03-26 15:54:00', 21.55, 21.55, 21.55, 21.55, 7043]
['2019-03-26 15:53:00', 21.57, 21.56, 21.54, 21.575, 9021]
['2019-03-26 15:52:00', 21.575, 21.575, 21.575, 21.575, 841]
['2019-03-26 15:51:00', 21.57, 21.5717, 21.57, 21.575, 3492]
['2019-03-26 15:50:00', 21.575, 21.57, 21.57, 21.575, 1305]
['2019-03-26 15:49:00', 21.575, 21.575, 21.575, 21.575, 769]
['2019-03-26 15:48:00', 21.57, 21.575, 21.57, 21.575, 1882]
['2019-03-26 15:47:00', 21.57, 21.57, 21.57, 21.57, 930]
['2019-03-26 15:46:00', 21.57, 21.57, 21.57, 21.57, 583]
['2019-03-26 15:45:00', 21.595, 21.58, 21.58, 21.595, 3829]
['2019-03-26 15:44:00', 21.6, 21.6, 21.6, 21.6, 1356]
['2019-03-26 15:43:00', 21.63, 21.63, 21.63, 21.63, 1191]
['2019-03-26 15:41:00', 21.63, 21.63, 21.63, 21.63, 883]
['2019-03-26 15:40:00', 21.65, 21.6501, 21.65, 21.6501, 1344]
['2019-03-26 15:39:00', 21.65, 21.65, 21.65, 21.65, 816]
['2019-03-26 15:38:00', 21.665, 21.67, 21.665, 21.67, 2246]
['2019-03-26 15:37:00', 21.65, 21.67, 21.65, 21.67, 2674]
['2019-03-26 15:36:00', 21.63, 21.67, 21.63, 21.67, 1407]
['2019-03-26 15:35:00', 21.63, 21.63, 21.63, 21.63, 100]
['2019-03-26 15:33:00', 21.59, 21.63, 21.59, 21.65, 4152]
['2019-03-26 15:32:00', 21.59, 21.59, 21.59, 21.59, 400]
['2019-03-26 15:31:00', 21.54, 21.57, 21.54, 21.57, 3291]
['2019-03-26 15:30:00', 21.534, 21.534, 21.534, 21.534, 930]
['2019-03-26 15:29:00', 21.54, 21.54, 21.54, 21.54, 1420]
['2019-03-26 15:28:00', 21.53, 21.53, 21.53, 21.53, 800]
['2019-03-26 15:27:00', 21.52, 21.52, 21.52, 21.52, 500]
['2019-03-26 15:26:00', 21.57, 21.57, 21.57, 21.57, 1003]
['2019-03-26 15:25:00', 21.58, 21.58, 21.58, 21.58, 1100]
['2019-03-26 15:24:00', 21.58, 21.59, 21.58, 21.59, 1257]
['2019-03-26 15:23:00', 21.59, 21.59, 21.59, 21.59, 106]
['2019-03-26 15:21:00', 21.6, 21.6, 21.6, 21.6, 441]
['2019-03-26 15:20:00', 21.635, 21.635, 21.635, 21.635, 1054]
['2019-03-26 15:19:00', 21.615, 21.615, 21.615, 21.615, 220]
['2019-03-26 15:18:00', 21.61, 21.61, 21.61, 21.61, 1151]
['2019-03-26 15:16:00', 21.65, 21.65, 21.65, 21.65, 204]
['2019-03-26 15:15:00', 21.63, 21.63, 21.63, 21.63, 534]
['2019-03-26 15:14:00', 21.64, 21.64, 21.64, 21.64, 529]
['2019-03-26 15:13:00', 21.66, 21.66, 21.66, 21.66, 200]
['2019-03-26 15:11:00', 21.61, 21.61, 21.61, 21.61, 784]
['2019-03-26 15:07:00', 21.62, 21.62, 21.62, 21.62, 446]
['2019-03-26 15:05:00', 21.63, 21.63, 21.63, 21.63, 400]
['2019-03-26 15:04:00', 21.64, 21.64, 21.64, 21.64, 507]
['2019-03-26 15:03:00', 21.67, 21.67, 21.67, 21.67, 701]
['2019-03-26 15:02:00', 21.65, 21.65, 21.65, 21.65, 450]
['2019-03-26 15:01:00', 21.61, 21.62, 21.61, 21.62, 1683]
['2019-03-26 14:59:00', 21.55, 21.57, 21.55, 21.57, 1100]
['2019-03-26 14:57:00', 21.51, 21.51, 21.51, 21.51, 408]
['2019-03-26 14:55:00', 21.5, 21.5, 21.5, 21.5, 210]
['2019-03-26 14:54:00', 21.505, 21.505, 21.505, 21.505, 310]
['2019-03-26 14:52:00', 21.57, 21.54, 21.54, 21.57, 1334]
['2019-03-26 14:51:00', 21.585, 21.585, 21.585, 21.585, 100]
['2019-03-26 14:49:00', 21.6, 21.6, 21.6, 21.6, 1000]
['2019-03-26 14:48:00', 21.58, 21.58, 21.58, 21.58, 426]
['2019-03-26 14:46:00', 21.57, 21.57, 21.57, 21.57, 650]
['2019-03-26 14:45:00', 21.535, 21.535, 21.535, 21.535, 801]
['2019-03-26 14:40:00', 21.505, 21.505, 21.505, 21.505, 351]
['2019-03-26 14:39:00', 21.5, 21.5, 21.5, 21.5, 352]
['2019-03-26 14:37:00', 21.5, 21.5, 21.5, 21.5, 355]
['2019-03-26 14:35:00', 21.46, 21.46, 21.46, 21.46, 599]
['2019-03-26 14:34:00', 21.445, 21.47, 21.445, 21.47, 2933]
['2019-03-26 14:32:00', 21.45, 21.45, 21.45, 21.45, 2325]
['2019-03-26 14:31:00', 21.45, 21.45, 21.45, 21.45, 2212]
['2019-03-26 14:30:00', 21.49, 21.47, 21.47, 21.49, 1310]
['2019-03-26 14:29:00', 21.48, 21.48, 21.48, 21.48, 1413]
['2019-03-26 14:28:00', 21.49, 21.49, 21.49, 21.49, 401]
['2019-03-26 14:24:00', 21.51, 21.51, 21.51, 21.51, 316]
['2019-03-26 14:23:00', 21.5, 21.5, 21.5, 21.5, 443]
['2019-03-26 14:22:00', 21.515, 21.515, 21.515, 21.515, 224]
['2019-03-26 14:21:00', 21.51, 21.51, 21.51, 21.51, 400]
['2019-03-26 14:19:00', 21.5, 21.5, 21.5, 21.5, 204]
['2019-03-26 14:18:00', 21.48, 21.48, 21.48, 21.48, 650]
['2019-03-26 14:17:00', 21.49, 21.49, 21.49, 21.49, 307]
['2019-03-26 14:16:00', 21.485, 21.485, 21.485, 21.485, 608]
['2019-03-26 14:14:00', 21.5, 21.5, 21.5, 21.5, 222]
['2019-03-26 14:13:00', 21.5, 21.5, 21.5, 21.5, 105]
['2019-03-26 14:11:00', 21.475, 21.475, 21.475, 21.475, 230]
['2019-03-26 14:09:00', 21.525, 21.525, 21.525, 21.525, 300]
['2019-03-26 14:07:00', 21.5, 21.5, 21.5, 21.5, 531]
['2019-03-26 14:05:00', 21.47, 21.47, 21.47, 21.47, 533]
['2019-03-26 14:03:00', 21.5, 21.49, 21.49, 21.5, 1911]
['2019-03-26 14:01:00', 21.515, 21.54, 21.515, 21.54, 1642]
['2019-03-26 13:58:00', 21.51, 21.51, 21.51, 21.51, 1726]
['2019-03-26 13:56:00', 21.545, 21.545, 21.545, 21.545, 103]
['2019-03-26 13:55:00', 21.55, 21.55, 21.55, 21.55, 200]
['2019-03-26 13:53:00', 21.5152, 21.56, 21.5152, 21.56, 3369]
['2019-03-26 13:52:00', 21.515, 21.5199, 21.5, 21.5199, 4984]
['2019-03-26 13:51:00', 21.51, 21.51, 21.51, 21.51, 1130]
['2019-03-26 13:49:00', 21.48, 21.48, 21.48, 21.48, 705]
['2019-03-26 13:48:00', 21.47, 21.47, 21.47, 21.47, 100]
['2019-03-26 13:47:00', 21.51, 21.51, 21.51, 21.51, 315]
['2019-03-26 13:45:00', 21.48, 21.48, 21.48, 21.48, 162]
['2019-03-26 13:44:00', 21.52, 21.49, 21.49, 21.52, 775]
['2019-03-26 13:42:00', 21.55, 21.55, 21.55, 21.55, 353]
['2019-03-26 13:41:00', 21.54, 21.54, 21.54, 21.54, 349]
['2019-03-26 13:39:00', 21.5, 21.5, 21.5, 21.5, 893]
['2019-03-26 13:38:00', 21.51, 21.51, 21.51, 21.51, 1125]
['2019-03-26 13:37:00', 21.5, 21.49, 21.49, 21.51, 2758]
['2019-03-26 13:36:00', 21.48, 21.51, 21.48, 21.51, 1745]
['2019-03-26 13:32:00', 21.48, 21.48, 21.48, 21.48, 574]
['2019-03-26 13:31:00', 21.48, 21.48, 21.48, 21.48, 100]
['2019-03-26 13:29:00', 21.51, 21.51, 21.51, 21.51, 518]
['2019-03-26 13:26:00', 21.49, 21.49, 21.49, 21.49, 1553]
['2019-03-26 13:25:00', 21.4839, 21.4839, 21.4839, 21.4839, 200]
['2019-03-26 13:24:00', 21.45, 21.45, 21.45, 21.45, 800]
['2019-03-26 13:22:00', 21.45, 21.48, 21.45, 21.5, 6001]
['2019-03-26 13:21:00', 21.42, 21.46, 21.42, 21.46, 1317]
['2019-03-26 13:18:00', 21.46, 21.45, 21.45, 21.46, 1322]
['2019-03-26 13:12:00', 21.46, 21.44, 21.44, 21.46, 770]
['2019-03-26 13:11:00', 21.44, 21.44, 21.44, 21.44, 602]
['2019-03-26 13:09:00', 21.39, 21.39, 21.39, 21.39, 421]
['2019-03-26 13:06:00', 21.36, 21.36, 21.36, 21.36, 632]
['2019-03-26 13:05:00', 21.4, 21.4, 21.4, 21.4, 906]
['2019-03-26 13:04:00', 21.37, 21.37, 21.37, 21.37, 505]
['2019-03-26 13:02:00', 21.36, 21.36, 21.36, 21.36, 405]
['2019-03-26 12:59:00', 21.32, 21.34, 21.32, 21.35, 3720]
['2019-03-26 12:58:00', 21.32, 21.32, 21.32, 21.32, 326]
['2019-03-26 12:57:00', 21.32, 21.32, 21.32, 21.32, 603]
['2019-03-26 12:52:00', 21.345, 21.32, 21.32, 21.345, 3647]
['2019-03-26 12:51:00', 21.31, 21.31, 21.31, 21.31, 2705]
['2019-03-26 12:49:00', 21.27, 21.27, 21.27, 21.27, 100]
['2019-03-26 12:47:00', 21.29, 21.29, 21.29, 21.29, 212]
['2019-03-26 12:46:00', 21.355, 21.275, 21.275, 21.355, 1385]
['2019-03-26 12:43:00', 21.34, 21.34, 21.34, 21.34, 100]
['2019-03-26 12:42:00', 21.36, 21.36, 21.36, 21.36, 148]
['2019-03-26 12:40:00', 21.365, 21.365, 21.365, 21.365, 136]
['2019-03-26 12:39:00', 21.365, 21.365, 21.365, 21.365, 336]
['2019-03-26 12:38:00', 21.38, 21.38, 21.38, 21.38, 306]
['2019-03-26 12:37:00', 21.38, 21.36, 21.36, 21.38, 3831]
['2019-03-26 12:34:00', 21.39, 21.41, 21.39, 21.41, 731]
['2019-03-26 12:30:00', 21.39, 21.39, 21.39, 21.39, 467]
['2019-03-26 12:29:00', 21.39, 21.39, 21.39, 21.39, 205]
['2019-03-26 12:28:00', 21.4, 21.4, 21.4, 21.4, 100]
['2019-03-26 12:27:00', 21.37, 21.37, 21.37, 21.37, 210]
['2019-03-26 12:21:00', 21.45, 21.45, 21.45, 21.45, 447]
['2019-03-26 12:20:00', 21.5, 21.5, 21.5, 21.5, 475]
['2019-03-26 12:18:00', 21.56, 21.55, 21.55, 21.56, 1611]
['2019-03-26 12:16:00', 21.51, 21.53, 21.51, 21.53, 735]
['2019-03-26 12:15:00', 21.52, 21.52, 21.52, 21.52, 700]
['2019-03-26 12:14:00', 21.47, 21.5, 21.47, 21.5, 3084]
['2019-03-26 12:11:00', 21.51, 21.51, 21.51, 21.51, 295]
['2019-03-26 12:09:00', 21.5, 21.5, 21.5, 21.5, 324]
['2019-03-26 12:08:00', 21.515, 21.515, 21.515, 21.515, 725]
['2019-03-26 12:05:00', 21.4755, 21.4755, 21.4755, 21.4755, 205]
['2019-03-26 12:04:00', 21.46, 21.46, 21.46, 21.46, 492]
['2019-03-26 12:01:00', 21.43, 21.43, 21.43, 21.43, 488]
['2019-03-26 12:00:00', 21.42, 21.42, 21.42, 21.42, 100]
['2019-03-26 11:59:00', 21.4, 21.4, 21.4, 21.4, 1115]
['2019-03-26 11:58:00', 21.4, 21.4, 21.4, 21.4, 950]
['2019-03-26 11:57:00', 21.41, 21.41, 21.41, 21.41, 678]
['2019-03-26 11:56:00', 21.4, 21.4, 21.4, 21.4, 500]
['2019-03-26 11:53:00', 21.35, 21.38, 21.35, 21.38, 2300]
['2019-03-26 11:52:00', 21.34, 21.34, 21.34, 21.34, 1841]
['2019-03-26 11:51:00', 21.33, 21.33, 21.33, 21.33, 1241]
['2019-03-26 11:47:00', 21.36, 21.36, 21.36, 21.36, 903]
['2019-03-26 11:46:00', 21.41, 21.41, 21.41, 21.41, 417]
['2019-03-26 11:45:00', 21.435, 21.435, 21.435, 21.435, 910]
['2019-03-26 11:43:00', 21.49, 21.49, 21.49, 21.49, 200]
['2019-03-26 11:41:00', 21.48, 21.48, 21.48, 21.48, 526]
['2019-03-26 11:40:00', 21.49, 21.49, 21.49, 21.49, 701]
['2019-03-26 11:39:00', 21.4825, 21.4825, 21.4825, 21.4825, 315]
['2019-03-26 11:34:00', 21.41, 21.41, 21.41, 21.41, 791]
['2019-03-26 11:33:00', 21.42, 21.42, 21.42, 21.42, 327]
['2019-03-26 11:30:00', 21.51, 21.518, 21.51, 21.518, 960]
['2019-03-26 11:29:00', 21.5, 21.5, 21.5, 21.5, 1062]
['2019-03-26 11:28:00', 21.58, 21.56, 21.56, 21.58, 1977]
['2019-03-26 11:26:00', 21.59, 21.59, 21.59, 21.59, 400]
['2019-03-26 11:24:00', 21.54, 21.54, 21.54, 21.54, 424]
['2019-03-26 11:23:00', 21.56, 21.55, 21.55, 21.56, 483]
['2019-03-26 11:19:00', 21.55, 21.55, 21.55, 21.55, 903]
['2019-03-26 11:18:00', 21.62, 21.63, 21.62, 21.63, 2232]
['2019-03-26 11:16:00', 21.59, 21.59, 21.59, 21.59, 200]
['2019-03-26 11:15:00', 21.61, 21.61, 21.61, 21.61, 831]
['2019-03-26 11:14:00', 21.61, 21.63, 21.61, 21.63, 1137]
['2019-03-26 11:13:00', 21.56, 21.59, 21.56, 21.59, 1810]
['2019-03-26 11:10:00', 21.65, 21.65, 21.65, 21.65, 205]
['2019-03-26 11:09:00', 21.69, 21.62, 21.62, 21.69, 1851]
['2019-03-26 11:08:00', 21.71, 21.71, 21.71, 21.71, 800]
['2019-03-26 11:06:00', 21.73, 21.73, 21.73, 21.73, 250]
['2019-03-26 11:01:00', 21.68, 21.68, 21.68, 21.68, 303]
['2019-03-26 10:58:00', 21.71, 21.71, 21.71, 21.71, 1196]
['2019-03-26 10:57:00', 21.75, 21.75, 21.75, 21.75, 1115]
['2019-03-26 10:54:00', 21.73, 21.73, 21.73, 21.73, 400]
['2019-03-26 10:51:00', 21.73, 21.7, 21.7, 21.73, 2242]
['2019-03-26 10:50:00', 21.72, 21.72, 21.72, 21.72, 1805]
['2019-03-26 10:49:00', 21.62, 21.65, 21.62, 21.65, 851]
['2019-03-26 10:46:00', 21.58, 21.58, 21.58, 21.58, 856]
['2019-03-26 10:44:00', 21.49, 21.5, 21.49, 21.5, 2524]
['2019-03-26 10:41:00', 21.49, 21.49, 21.49, 21.49, 1286]
['2019-03-26 10:40:00', 21.52, 21.52, 21.52, 21.52, 1165]
['2019-03-26 10:37:00', 21.495, 21.495, 21.495, 21.495, 596]
['2019-03-26 10:33:00', 21.57, 21.57, 21.57, 21.57, 1948]
['2019-03-26 10:31:00', 21.58, 21.58, 21.58, 21.58, 1387]
['2019-03-26 10:30:00', 21.56, 21.56, 21.56, 21.56, 234]
['2019-03-26 10:29:00', 21.62, 21.62, 21.62, 21.62, 1459]
['2019-03-26 10:28:00', 21.585, 21.585, 21.585, 21.585, 101]
['2019-03-26 10:26:00', 21.54, 21.575, 21.54, 21.575, 1505]
['2019-03-26 10:24:00', 21.52, 21.52, 21.52, 21.52, 500]
['2019-03-26 10:21:00', 21.54, 21.57, 21.54, 21.57, 801]
['2019-03-26 10:17:00', 21.57, 21.5, 21.5, 21.57, 2233]
['2019-03-26 10:16:00', 21.59, 21.61, 21.59, 21.61, 1920]
['2019-03-26 10:14:00', 21.56, 21.56, 21.56, 21.56, 723]
['2019-03-26 10:13:00', 21.53, 21.53, 21.53, 21.53, 400]
['2019-03-26 10:12:00', 21.5, 21.5, 21.5, 21.5, 500]
['2019-03-26 10:10:00', 21.515, 21.515, 21.515, 21.515, 1001]
['2019-03-26 10:09:00', 21.43, 21.43, 21.43, 21.43, 200]
['2019-03-26 10:08:00', 21.41, 21.41, 21.41, 21.41, 320]
['2019-03-26 10:06:00', 21.44, 21.44, 21.44, 21.44, 1248]
['2019-03-26 10:04:00', 21.36, 21.36, 21.36, 21.36, 551]
['2019-03-26 10:03:00', 21.37, 21.32, 21.32, 21.37, 3560]
['2019-03-26 10:01:00', 21.36, 21.36, 21.36, 21.36, 795]
['2019-03-26 10:00:00', 21.37, 21.37, 21.37, 21.37, 1244]
['2019-03-26 09:59:00', 21.4115, 21.4115, 21.4115, 21.4115, 753]
['2019-03-26 09:57:00', 21.35, 21.44, 21.35, 21.44, 2184]
['2019-03-26 09:53:00', 21.295, 21.35, 21.295, 21.35, 1551]
['2019-03-26 09:52:00', 21.32, 21.32, 21.32, 21.32, 1088]
['2019-03-26 09:51:00', 21.46, 21.36, 21.36, 21.46, 4058]
['2019-03-26 09:46:00', 21.4711, 21.4711, 21.4711, 21.4711, 1000]
['2019-03-26 09:43:00', 21.4672, 21.4672, 21.4672, 21.4672, 405]
['2019-03-26 09:41:00', 21.575, 21.5531, 21.5531, 21.575, 1468]
['2019-03-26 09:36:00', 21.565, 21.565, 21.565, 21.565, 348]
['2019-03-26 09:33:00', 21.6575, 21.6575, 21.6575, 21.6575, 1000]
['2019-03-26 09:31:00', 21.55, 21.55, 21.55, 21.55, 4653]
['2019-03-25 16:00:00', 21.47, 21.46, 21.44, 21.47, 15614]
['2019-03-25 15:59:00', 21.47, 21.49, 21.44, 21.49, 9731]
['2019-03-25 15:58:00', 21.41, 21.45, 21.41, 21.45, 8366]
['2019-03-25 15:57:00', 21.39, 21.42, 21.39, 21.42, 6489]
['2019-03-25 15:56:00', 21.36, 21.37, 21.36, 21.37, 2446]
['2019-03-25 15:55:00', 21.39, 21.38, 21.38, 21.39, 2460]
['2019-03-25 15:54:00', 21.395, 21.38, 21.38, 21.4, 5389]
['2019-03-25 15:52:00', 21.41, 21.38, 21.38, 21.41, 2180]
['2019-03-25 15:51:00', 21.4, 21.4, 21.4, 21.4, 2153]
['2019-03-25 15:50:00', 21.41, 21.39, 21.39, 21.41, 1990]
['2019-03-25 15:49:00', 21.49, 21.45, 21.45, 21.49, 4203]
['2019-03-25 15:48:00', 21.49, 21.48, 21.48, 21.49, 2600]
['2019-03-25 15:47:00', 21.47, 21.47, 21.47, 21.47, 611]
['2019-03-25 15:46:00', 21.44, 21.46, 21.44, 21.46, 2566]
['2019-03-25 15:45:00', 21.41, 21.41, 21.41, 21.41, 1700]
['2019-03-25 15:44:00', 21.4, 21.4, 21.4, 21.4, 2158]
['2019-03-25 15:43:00', 21.44, 21.4, 21.4, 21.44, 2970]
['2019-03-25 15:42:00', 21.42, 21.43, 21.42, 21.43, 3892]
['2019-03-25 15:41:00', 21.39, 21.38, 21.38, 21.39, 2610]
['2019-03-25 15:40:00', 21.39, 21.39, 21.39, 21.39, 1205]
['2019-03-25 15:39:00', 21.42, 21.39, 21.39, 21.42, 2272]
['2019-03-25 15:37:00', 21.41, 21.41, 21.41, 21.41, 409]
['2019-03-25 15:35:00', 21.41, 21.41, 21.41, 21.41, 717]
['2019-03-25 15:34:00', 21.42, 21.42, 21.42, 21.42, 1074]
['2019-03-25 15:32:00', 21.42, 21.39, 21.39, 21.42, 1140]
['2019-03-25 15:31:00', 21.46, 21.445, 21.445, 21.46, 1139]
['2019-03-25 15:30:00', 21.43, 21.43, 21.43, 21.43, 335]
['2019-03-25 15:29:00', 21.44, 21.44, 21.44, 21.44, 531]
['2019-03-25 15:28:00', 21.47, 21.47, 21.47, 21.47, 714]
['2019-03-25 15:27:00', 21.52, 21.52, 21.52, 21.52, 1903]
['2019-03-25 15:26:00', 21.45, 21.45, 21.45, 21.45, 633]
['2019-03-25 15:24:00', 21.44, 21.46, 21.44, 21.46, 552]
['2019-03-25 15:23:00', 21.44, 21.44, 21.44, 21.44, 1277]
['2019-03-25 15:22:00', 21.41, 21.42, 21.41, 21.42, 3872]
['2019-03-25 15:21:00', 21.435, 21.435, 21.435, 21.435, 256]
['2019-03-25 15:19:00', 21.43, 21.43, 21.43, 21.43, 351]
['2019-03-25 15:18:00', 21.426, 21.426, 21.426, 21.426, 712]
['2019-03-25 15:14:00', 21.37, 21.38, 21.37, 21.38, 2858]
['2019-03-25 15:13:00', 21.36, 21.36, 21.36, 21.36, 1338]
['2019-03-25 15:12:00', 21.34, 21.34, 21.34, 21.34, 500]
['2019-03-25 15:11:00', 21.34, 21.34, 21.34, 21.34, 300]
['2019-03-25 15:09:00', 21.32, 21.33, 21.32, 21.33, 525]
['2019-03-25 15:07:00', 21.29, 21.29, 21.29, 21.29, 721]
['2019-03-25 15:06:00', 21.27, 21.27, 21.27, 21.27, 623]
['2019-03-25 15:05:00', 21.27, 21.27, 21.27, 21.27, 500]
['2019-03-25 15:04:00', 21.32, 21.29, 21.29, 21.32, 2249]
['2019-03-25 15:01:00', 21.35, 21.35, 21.35, 21.35, 714]
['2019-03-25 15:00:00', 21.34, 21.34, 21.34, 21.34, 200]
['2019-03-25 14:58:00', 21.33, 21.33, 21.33, 21.33, 500]
['2019-03-25 14:57:00', 21.31, 21.31, 21.31, 21.31, 800]
['2019-03-25 14:54:00', 21.27, 21.27, 21.27, 21.27, 510]
['2019-03-25 14:53:00', 21.25, 21.25, 21.25, 21.25, 727]
['2019-03-25 14:52:00', 21.24, 21.24, 21.24, 21.24, 630]
['2019-03-25 14:51:00', 21.26, 21.26, 21.26, 21.26, 705]
['2019-03-25 14:50:00', 21.26, 21.3, 21.26, 21.3, 1610]
['2019-03-25 14:49:00', 21.26, 21.26, 21.26, 21.26, 120]
['2019-03-25 14:48:00', 21.26, 21.26, 21.26, 21.26, 400]
['2019-03-25 14:47:00', 21.215, 21.215, 21.215, 21.215, 705]
['2019-03-25 14:44:00', 21.27, 21.28, 21.27, 21.2808, 4308]
['2019-03-25 14:43:00', 21.29, 21.29, 21.29, 21.29, 938]
['2019-03-25 14:41:00', 21.25, 21.25, 21.25, 21.25, 1981]
['2019-03-25 14:40:00', 21.2, 21.21, 21.2, 21.21, 400]
['2019-03-25 14:38:00', 21.18, 21.18, 21.18, 21.18, 355]
['2019-03-25 14:36:00', 21.22, 21.205, 21.205, 21.22, 1732]
['2019-03-25 14:35:00', 21.21, 21.21, 21.21, 21.21, 1114]
['2019-03-25 14:32:00', 21.2, 21.2, 21.2, 21.2, 435]
['2019-03-25 14:31:00', 21.15, 21.13, 21.13, 21.15, 908]
['2019-03-25 14:30:00', 21.12, 21.12, 21.12, 21.12, 800]
['2019-03-25 14:28:00', 21.16, 21.13, 21.13, 21.16, 1036]
['2019-03-25 14:25:00', 21.1, 21.1, 21.1, 21.1, 300]
['2019-03-25 14:22:00', 21.12, 21.14, 21.12, 21.14, 1235]
['2019-03-25 14:21:00', 21.13, 21.11, 21.11, 21.13, 1340]
['2019-03-25 14:20:00', 21.19, 21.19, 21.19, 21.19, 3100]
['2019-03-25 14:19:00', 21.11, 21.11, 21.11, 21.11, 462]
['2019-03-25 14:18:00', 21.13, 21.13, 21.13, 21.13, 314]
['2019-03-25 14:17:00', 21.2, 21.15, 21.15, 21.2, 647]
['2019-03-25 14:16:00', 21.18, 21.2, 21.18, 21.2, 5539]
['2019-03-25 14:15:00', 21.17, 21.17, 21.17, 21.17, 407]
['2019-03-25 14:14:00', 21.155, 21.155, 21.155, 21.155, 660]
['2019-03-25 14:12:00', 21.165, 21.18, 21.165, 21.18, 1214]
['2019-03-25 14:11:00', 21.16, 21.16, 21.16, 21.16, 247]
['2019-03-25 14:09:00', 21.165, 21.165, 21.165, 21.165, 315]
['2019-03-25 14:08:00', 21.17, 21.17, 21.17, 21.17, 634]
['2019-03-25 14:06:00', 21.2, 21.2, 21.2, 21.2, 562]
['2019-03-25 14:04:00', 21.25, 21.25, 21.25, 21.25, 221]
['2019-03-25 14:02:00', 21.2385, 21.2385, 21.2385, 21.2385, 541]
['2019-03-25 14:00:00', 21.22, 21.17, 21.17, 21.22, 501]
['2019-03-25 13:58:00', 21.195, 21.195, 21.195, 21.195, 242]
['2019-03-25 13:57:00', 21.18, 21.18, 21.18, 21.18, 1035]
['2019-03-25 13:56:00', 21.17, 21.17, 21.17, 21.17, 1919]
['2019-03-25 13:52:00', 21.225, 21.225, 21.225, 21.225, 603]
['2019-03-25 13:50:00', 21.21, 21.205, 21.205, 21.21, 1015]
['2019-03-25 13:49:00', 21.21, 21.21, 21.21, 21.21, 1147]
['2019-03-25 13:48:00', 21.21, 21.21, 21.21, 21.21, 610]
['2019-03-25 13:47:00', 21.21, 21.21, 21.21, 21.21, 447]
['2019-03-25 13:44:00', 21.2559, 21.2559, 21.2559, 21.2559, 350]
['2019-03-25 13:43:00', 21.26, 21.26, 21.26, 21.26, 250]
['2019-03-25 13:42:00', 21.29, 21.29, 21.29, 21.29, 916]
['2019-03-25 13:40:00', 21.32, 21.32, 21.32, 21.32, 415]
['2019-03-25 13:37:00', 21.29, 21.32, 21.29, 21.32, 685]
['2019-03-25 13:35:00', 21.25, 21.25, 21.25, 21.25, 794]
['2019-03-25 13:34:00', 21.27, 21.27, 21.27, 21.27, 942]
['2019-03-25 13:32:00', 21.25, 21.26, 21.25, 21.26, 922]
['2019-03-25 13:28:00', 21.24, 21.24, 21.24, 21.24, 130]
['2019-03-25 13:27:00', 21.26, 21.29, 21.25, 21.29, 3790]
['2019-03-25 13:24:00', 21.2364, 21.2364, 21.2364, 21.2364, 243]
['2019-03-25 13:23:00', 21.23, 21.23, 21.23, 21.23, 447]
['2019-03-25 13:22:00', 21.26, 21.26, 21.26, 21.26, 417]
['2019-03-25 13:19:00', 21.25, 21.25, 21.25, 21.25, 341]
['2019-03-25 13:17:00', 21.3, 21.3, 21.3, 21.3, 150]
['2019-03-25 13:15:00', 21.31, 21.31, 21.31, 21.31, 653]
['2019-03-25 13:14:00', 21.37, 21.37, 21.37, 21.37, 531]
['2019-03-25 13:12:00', 21.26, 21.29, 21.26, 21.29, 1102]
['2019-03-25 13:10:00', 21.24, 21.24, 21.24, 21.24, 340]
['2019-03-25 13:09:00', 21.23, 21.23, 21.23, 21.23, 364]
['2019-03-25 13:08:00', 21.2366, 21.2366, 21.2366, 21.2366, 1287]
['2019-03-25 13:07:00', 21.235, 21.235, 21.235, 21.235, 792]
['2019-03-25 13:05:00', 21.17, 21.17, 21.17, 21.17, 800]
['2019-03-25 13:04:00', 21.18, 21.2, 21.18, 21.2, 5166]
['2019-03-25 13:02:00', 21.24, 21.24, 21.24, 21.24, 361]
['2019-03-25 13:00:00', 21.19, 21.19, 21.19, 21.19, 509]
['2019-03-25 12:58:00', 21.225, 21.2, 21.2, 21.225, 1675]
['2019-03-25 12:57:00', 21.14, 21.14, 21.14, 21.14, 100]
['2019-03-25 12:55:00', 21.1102, 21.15, 21.1102, 21.15, 1115]
['2019-03-25 12:52:00', 21.11, 21.11, 21.11, 21.11, 310]
['2019-03-25 12:51:00', 21.07, 21.07, 21.07, 21.07, 300]
['2019-03-25 12:50:00', 21.08, 21.08, 21.08, 21.08, 421]
['2019-03-25 12:49:00', 21.04, 21.04, 21.04, 21.0882, 4822]
['2019-03-25 12:47:00', 21.05, 21.05, 21.05, 21.05, 469]
['2019-03-25 12:46:00', 21.06, 21.08, 21.06, 21.08, 3422]
['2019-03-25 12:41:00', 21.065, 21.065, 21.065, 21.065, 200]
['2019-03-25 12:40:00', 21.03, 21.03, 21.03, 21.03, 200]
['2019-03-25 12:38:00', 21.0529, 21.0529, 21.0529, 21.0529, 857]
['2019-03-25 12:37:00', 21.0736, 21.0736, 21.0736, 21.0736, 1169]
['2019-03-25 12:36:00', 21.06, 21.06, 21.06, 21.06, 1195]
['2019-03-25 12:33:00', 21.13, 21.08, 21.08, 21.13, 1633]
['2019-03-25 12:28:00', 21.13, 21.13, 21.13, 21.13, 228]
['2019-03-25 12:27:00', 21.14, 21.14, 21.14, 21.14, 626]
['2019-03-25 12:26:00', 21.125, 21.125, 21.125, 21.125, 1819]
['2019-03-25 12:24:00', 21.11, 21.1, 21.1, 21.11, 1761]
['2019-03-25 12:21:00', 21.0648, 21.0648, 21.0648, 21.0648, 609]
['2019-03-25 12:20:00', 21.05, 21.05, 21.05, 21.05, 206]
['2019-03-25 12:18:00', 21.02, 21.02, 21.02, 21.02, 805]
['2019-03-25 12:16:00', 21.02, 21.02, 21.02, 21.02, 656]
['2019-03-25 12:15:00', 21.04, 21.04, 21.04, 21.04, 275]
['2019-03-25 12:14:00', 21.05, 21.04, 21.04, 21.05, 1818]
['2019-03-25 12:13:00', 21.105, 21.105, 21.105, 21.105, 600]
['2019-03-25 12:12:00', 21.09, 21.09, 21.09, 21.09, 550]
['2019-03-25 12:10:00', 21.095, 21.095, 21.095, 21.095, 1400]
['2019-03-25 12:08:00', 21.11, 21.1, 21.1, 21.11, 822]
['2019-03-25 12:06:00', 21.11, 21.11, 21.11, 21.11, 853]
['2019-03-25 12:05:00', 21.05, 21.05, 21.05, 21.05, 424]
['2019-03-25 12:02:00', 21.04, 21.04, 21.04, 21.04, 1300]
['2019-03-25 12:01:00', 21.01, 21.01, 21.01, 21.01, 528]
['2019-03-25 11:58:00', 21.04, 21.08, 21.04, 21.08, 916]
['2019-03-25 11:56:00', 21.0072, 21.0072, 21.0072, 21.0072, 578]
['2019-03-25 11:55:00', 21.1, 21.1, 21.1, 21.1, 461]
['2019-03-25 11:49:00', 21.06, 21.05, 21.05, 21.06, 616]
['2019-03-25 11:47:00', 21.09, 21.09, 21.09, 21.09, 724]
['2019-03-25 11:43:00', 21.1, 21.13, 21.1, 21.13, 1476]
['2019-03-25 11:37:00', 21.18, 21.07, 21.07, 21.18, 2972]
['2019-03-25 11:36:00', 21.235, 21.235, 21.235, 21.235, 400]
['2019-03-25 11:35:00', 21.2102, 21.2102, 21.2102, 21.2102, 806]
['2019-03-25 11:34:00', 21.243, 21.243, 21.243, 21.243, 742]
['2019-03-25 11:32:00', 21.24, 21.23, 21.23, 21.24, 1602]
['2019-03-25 11:30:00', 21.17, 21.17, 21.17, 21.17, 1250]
['2019-03-25 11:29:00', 21.13, 21.13, 21.13, 21.13, 100]
['2019-03-25 11:28:00', 21.12, 21.12, 21.12, 21.12, 400]
['2019-03-25 11:25:00', 21.11, 21.11, 21.11, 21.11, 100]
['2019-03-25 11:24:00', 21.06, 21.06, 21.06, 21.06, 774]
['2019-03-25 11:22:00', 21.06, 21.06, 21.06, 21.06, 1305]
['2019-03-25 11:21:00', 21.03, 21.03, 21.03, 21.03, 695]
['2019-03-25 11:20:00', 20.96, 20.96, 20.96, 20.96, 825]
['2019-03-25 11:19:00', 21.015, 21.015, 21.015, 21.015, 868]
['2019-03-25 11:18:00', 21.0, 21.0, 21.0, 21.0, 1828]
['2019-03-25 11:17:00', 20.95, 21.0, 20.95, 21.0, 2400]
['2019-03-25 11:13:00', 20.9382, 20.9382, 20.9382, 20.9382, 800]
['2019-03-25 11:11:00', 20.95, 20.95, 20.95, 20.95, 300]
['2019-03-25 11:10:00', 20.94, 20.94, 20.94, 20.94, 1224]
['2019-03-25 11:08:00', 20.98, 20.98, 20.98, 20.98, 600]
['2019-03-25 11:06:00', 20.9, 20.91, 20.9, 20.91, 1122]
['2019-03-25 11:04:00', 20.81, 20.81, 20.81, 20.81, 100]
['2019-03-25 11:02:00', 20.88, 20.88, 20.88, 20.88, 1198]
['2019-03-25 11:01:00', 20.85, 20.84, 20.8, 20.85, 3860]
['2019-03-25 11:00:00', 20.855, 20.86, 20.855, 20.86, 2613]
['2019-03-25 10:57:00', 20.8977, 20.8977, 20.8977, 20.8977, 807]
['2019-03-25 10:56:00', 20.92, 20.92, 20.92, 20.92, 500]
['2019-03-25 10:55:00', 20.88, 20.88, 20.88, 20.88, 613]
['2019-03-25 10:53:00', 20.8933, 20.8933, 20.8933, 20.8933, 2900]
['2019-03-25 10:51:00', 20.87, 20.87, 20.87, 20.87, 1618]
['2019-03-25 10:50:00', 20.82, 20.82, 20.82, 20.82, 366]
['2019-03-25 10:48:00', 20.79, 20.79, 20.79, 20.79, 513]
['2019-03-25 10:46:00', 20.9, 20.9, 20.9, 20.9, 893]
['2019-03-25 10:42:00', 20.8, 20.8, 20.8, 20.8, 514]
['2019-03-25 10:40:00', 20.84, 20.79, 20.79, 20.84, 2549]
['2019-03-25 10:36:00', 20.86, 20.86, 20.86, 20.86, 1409]
['2019-03-25 10:35:00', 20.98, 20.98, 20.98, 20.98, 392]
['2019-03-25 10:33:00', 21.0, 21.0, 21.0, 21.0, 1533]
['2019-03-25 10:32:00', 20.925, 20.99, 20.925, 21.0, 5680]
['2019-03-25 10:31:00', 20.91, 20.91, 20.91, 20.91, 1210]
['2019-03-25 10:30:00', 20.92, 20.92, 20.92, 20.92, 400]
['2019-03-25 10:29:00', 20.85, 20.85, 20.85, 20.85, 1101]
['2019-03-25 10:28:00', 20.83, 20.83, 20.83, 20.83, 743]
['2019-03-25 10:27:00', 20.9, 20.9, 20.9, 20.9, 571]
['2019-03-25 10:26:00', 20.87, 20.87, 20.87, 20.87, 1751]
['2019-03-25 10:25:00', 20.8, 20.85, 20.8, 20.85, 2200]
['2019-03-25 10:24:00', 20.79, 20.835, 20.79, 20.835, 4866]
['2019-03-25 10:22:00', 20.83, 20.83, 20.83, 20.83, 355]
['2019-03-25 10:21:00', 20.81, 20.81, 20.81, 20.81, 507]
['2019-03-25 10:18:00', 20.91, 20.8598, 20.8, 20.94, 4577]
['2019-03-25 10:16:00', 20.9399, 20.9399, 20.9399, 20.9399, 704]
['2019-03-25 10:13:00', 20.85, 20.85, 20.85, 20.85, 602]
['2019-03-25 10:10:00', 20.91, 20.91, 20.91, 20.91, 704]
['2019-03-25 10:09:00', 20.84, 20.87, 20.84, 20.87, 2797]
['2019-03-25 10:07:00', 20.905, 20.905, 20.905, 20.905, 1200]
['2019-03-25 10:05:00', 20.845, 20.9, 20.81, 20.9, 3776]
['2019-03-25 10:00:00', 20.89, 20.89, 20.89, 20.89, 1560]
['2019-03-25 09:59:00', 20.94, 20.84, 20.84, 20.94, 12344]
['2019-03-25 09:58:00', 20.92, 20.95, 20.92, 20.95, 10103]
['2019-03-25 09:57:00', 20.91, 21.0, 20.91, 21.0, 9025]
['2019-03-25 09:56:00', 20.85, 20.85, 20.85, 20.85, 9199]
['2019-03-25 09:55:00', 21.0, 20.94, 20.94, 21.0, 1552]
['2019-03-25 09:54:00', 21.07, 21.02, 21.02, 21.07, 1745]
['2019-03-25 09:53:00', 21.065, 21.065, 21.065, 21.065, 187]
['2019-03-25 09:52:00', 21.155, 21.155, 21.155, 21.155, 225]
['2019-03-25 09:51:00', 21.14, 21.14, 21.14, 21.14, 1494]
['2019-03-25 09:49:00', 21.15, 21.105, 21.105, 21.15, 2840]
['2019-03-25 09:48:00', 21.2602, 21.25, 21.25, 21.2602, 4958]
['2019-03-25 09:47:00', 21.43, 21.43, 21.43, 21.43, 1400]
['2019-03-25 09:44:00', 21.58, 21.4847, 21.4847, 21.58, 2735]
['2019-03-25 09:43:00', 21.78, 21.78, 21.78, 21.78, 12110]
['2019-03-25 09:42:00', 21.6123, 21.6, 21.6, 21.65, 15833]
['2019-03-25 09:41:00', 21.2, 21.38, 21.2, 21.38, 7138]
['2019-03-25 09:40:00', 21.21, 21.21, 21.21, 21.21, 1980]
['2019-03-25 09:39:00', 21.01, 21.109, 21.01, 21.109, 17675]
['2019-03-25 09:38:00', 20.99, 20.99, 20.99, 20.99, 520]
['2019-03-25 09:35:00', 21.09, 20.825, 20.825, 21.09, 14208]
['2019-03-25 09:34:00', 21.115, 21.1, 21.1, 21.115, 1575]
['2019-03-25 09:31:00', 21.399, 21.399, 21.399, 21.399, 10936]
