AZUL
['2019-03-29 16:00:00', 29.22, 29.22, 29.22, 29.22, 6922]
['2019-03-29 15:59:00', 29.22, 29.21, 29.21, 29.25, 2420]
['2019-03-29 15:58:00', 29.21, 29.22, 29.21, 29.22, 1194]
['2019-03-29 15:57:00', 29.17, 29.21, 29.17, 29.23, 3028]
['2019-03-29 15:56:00', 29.13, 29.17, 29.13, 29.17, 2230]
['2019-03-29 15:55:00', 29.13, 29.125, 29.11, 29.13, 2081]
['2019-03-29 15:54:00', 29.11, 29.11, 29.1, 29.11, 1764]
['2019-03-29 15:53:00', 29.09, 29.12, 29.09, 29.13, 2047]
['2019-03-29 15:52:00', 29.08, 29.08, 29.08, 29.08, 432]
['2019-03-29 15:51:00', 29.09, 29.08, 29.08, 29.09, 1425]
['2019-03-29 15:50:00', 29.08, 29.09, 29.08, 29.09, 1409]
['2019-03-29 15:49:00', 29.08, 29.08, 29.08, 29.09, 2632]
['2019-03-29 15:48:00', 29.1, 29.08, 29.08, 29.1, 1867]
['2019-03-29 15:47:00', 29.14, 29.13, 29.13, 29.15, 2024]
['2019-03-29 15:46:00', 29.1, 29.13, 29.1, 29.13, 1561]
['2019-03-29 15:45:00', 29.12, 29.11, 29.1, 29.12, 850]
['2019-03-29 15:44:00', 29.1, 29.14, 29.1, 29.14, 2402]
['2019-03-29 15:43:00', 29.08, 29.095, 29.08, 29.1, 1530]
['2019-03-29 15:42:00', 29.079, 29.079, 29.079, 29.079, 179]
['2019-03-29 15:41:00', 29.08, 29.08, 29.065, 29.09, 1205]
['2019-03-29 15:40:00', 29.04, 29.065, 29.04, 29.065, 1412]
['2019-03-29 15:39:00', 29.08, 29.04, 29.04, 29.08, 1834]
['2019-03-29 15:38:00', 29.07, 29.07, 29.06, 29.07, 1568]
['2019-03-29 15:37:00', 29.09, 29.07, 29.07, 29.09, 481]
['2019-03-29 15:36:00', 29.11, 29.095, 29.09, 29.11, 1484]
['2019-03-29 15:35:00', 29.11, 29.115, 29.11, 29.12, 700]
['2019-03-29 15:34:00', 29.08, 29.09, 29.0754, 29.1, 2400]
['2019-03-29 15:33:00', 29.0401, 29.08, 29.0401, 29.08, 1120]
['2019-03-29 15:31:00', 29.07, 29.06, 29.06, 29.07, 987]
['2019-03-29 15:30:00', 29.08, 29.11, 29.06, 29.11, 4534]
['2019-03-29 15:29:00', 29.13, 29.13, 29.13, 29.13, 313]
['2019-03-29 15:28:00', 29.12, 29.13, 29.12, 29.13, 352]
['2019-03-29 15:27:00', 29.14, 29.15, 29.14, 29.15, 716]
['2019-03-29 15:26:00', 29.17, 29.13, 29.13, 29.17, 854]
['2019-03-29 15:25:00', 29.21, 29.2, 29.2, 29.23, 1523]
['2019-03-29 15:24:00', 29.18, 29.19, 29.17, 29.2, 2586]
['2019-03-29 15:23:00', 29.16, 29.17, 29.16, 29.17, 587]
['2019-03-29 15:22:00', 29.14, 29.14, 29.14, 29.14, 151]
['2019-03-29 15:21:00', 29.13, 29.13, 29.13, 29.13, 548]
['2019-03-29 15:20:00', 29.15, 29.12, 29.11, 29.15, 819]
['2019-03-29 15:19:00', 29.17, 29.17, 29.155, 29.17, 805]
['2019-03-29 15:18:00', 29.13, 29.17, 29.13, 29.17, 1181]
['2019-03-29 15:17:00', 29.13, 29.13, 29.13, 29.13, 544]
['2019-03-29 15:15:00', 29.1, 29.12, 29.1, 29.12, 1387]
['2019-03-29 15:14:00', 29.03, 29.08, 29.03, 29.08, 682]
['2019-03-29 15:13:00', 29.02, 29.03, 29.02, 29.03, 625]
['2019-03-29 15:12:00', 29.07, 29.02, 29.02, 29.07, 2806]
['2019-03-29 15:11:00', 29.15, 29.13, 29.13, 29.15, 1092]
['2019-03-29 15:10:00', 29.17, 29.154, 29.154, 29.17, 1208]
['2019-03-29 15:09:00', 29.25, 29.2, 29.2, 29.25, 401]
['2019-03-29 15:08:00', 29.26, 29.25, 29.24, 29.26, 1200]
['2019-03-29 15:07:00', 29.21, 29.21, 29.21, 29.22, 1370]
['2019-03-29 15:06:00', 29.18, 29.19, 29.17, 29.19, 1359]
['2019-03-29 15:05:00', 29.19, 29.195, 29.19, 29.195, 351]
['2019-03-29 15:03:00', 29.18, 29.18, 29.18, 29.18, 1115]
['2019-03-29 15:02:00', 29.17, 29.18, 29.15, 29.18, 1937]
['2019-03-29 15:01:00', 29.21, 29.17, 29.17, 29.24, 4052]
['2019-03-29 15:00:00', 29.19, 29.2, 29.19, 29.2, 705]
['2019-03-29 14:59:00', 29.16, 29.19, 29.16, 29.19, 636]
['2019-03-29 14:58:00', 29.08, 29.15, 29.08, 29.15, 2730]
['2019-03-29 14:57:00', 29.08, 29.08, 29.08, 29.09, 700]
['2019-03-29 14:56:00', 29.07, 29.07, 29.05, 29.07, 922]
['2019-03-29 14:55:00', 29.07, 29.07, 29.07, 29.07, 831]
['2019-03-29 14:54:00', 29.03, 29.0699, 29.03, 29.0699, 517]
['2019-03-29 14:53:00', 29.04, 29.03, 29.03, 29.04, 323]
['2019-03-29 14:52:00', 29.04, 29.03, 29.03, 29.04, 516]
['2019-03-29 14:51:00', 29.04, 29.04, 29.04, 29.04, 114]
['2019-03-29 14:49:00', 29.01, 29.02, 29.01, 29.02, 1020]
['2019-03-29 14:48:00', 29.01, 29.01, 29.01, 29.01, 100]
['2019-03-29 14:46:00', 29.0, 29.0, 29.0, 29.0, 431]
['2019-03-29 14:45:00', 28.96, 29.0, 28.96, 29.01, 800]
['2019-03-29 14:44:00', 28.97, 28.97, 28.97, 28.97, 278]
['2019-03-29 14:43:00', 28.94, 28.98, 28.94, 28.98, 1156]
['2019-03-29 14:42:00', 28.95, 28.95, 28.95, 28.95, 500]
['2019-03-29 14:41:00', 28.94, 28.94, 28.94, 28.94, 965]
['2019-03-29 14:40:00', 28.97, 28.97, 28.97, 29.0, 1054]
['2019-03-29 14:39:00', 29.0, 28.99, 28.98, 29.0, 1705]
['2019-03-29 14:38:00', 29.01, 28.99, 28.99, 29.01, 1032]
['2019-03-29 14:37:00', 29.0, 29.0, 29.0, 29.0, 170]
['2019-03-29 14:36:00', 29.0, 29.01, 29.0, 29.05, 1477]
['2019-03-29 14:35:00', 29.0, 29.01, 29.0, 29.02, 876]
['2019-03-29 14:34:00', 29.02, 28.98, 28.98, 29.02, 1442]
['2019-03-29 14:33:00', 29.06, 29.06, 29.06, 29.06, 388]
['2019-03-29 14:31:00', 29.05, 29.05, 29.05, 29.05, 273]
['2019-03-29 14:30:00', 29.02, 29.02, 29.02, 29.02, 126]
['2019-03-29 14:29:00', 28.97, 29.0, 28.97, 29.0, 538]
['2019-03-29 14:28:00', 28.96, 28.96, 28.96, 28.96, 345]
['2019-03-29 14:27:00', 28.98, 28.99, 28.98, 28.99, 600]
['2019-03-29 14:26:00', 28.99, 28.99, 28.99, 29.01, 1170]
['2019-03-29 14:25:00', 29.01, 29.01, 29.01, 29.01, 412]
['2019-03-29 14:24:00', 29.04, 29.04, 29.04, 29.04, 599]
['2019-03-29 14:23:00', 29.08, 29.08, 29.08, 29.08, 234]
['2019-03-29 14:22:00', 29.09, 29.09, 29.09, 29.09, 142]
['2019-03-29 14:21:00', 29.06, 29.075, 29.06, 29.075, 324]
['2019-03-29 14:18:00', 29.05, 29.09, 29.05, 29.09, 1350]
['2019-03-29 14:17:00', 29.04, 29.03, 29.03, 29.05, 1158]
['2019-03-29 14:16:00', 29.07, 29.07, 29.07, 29.07, 234]
['2019-03-29 14:15:00', 29.08, 29.09, 29.08, 29.09, 795]
['2019-03-29 14:14:00', 29.03, 29.11, 29.025, 29.11, 3073]
['2019-03-29 14:13:00', 28.99, 29.02, 28.99, 29.02, 1145]
['2019-03-29 14:12:00', 28.97, 28.99, 28.97, 28.99, 400]
['2019-03-29 14:11:00', 28.98, 28.99, 28.98, 28.99, 566]
['2019-03-29 14:10:00', 28.99, 28.99, 28.99, 28.99, 166]
['2019-03-29 14:09:00', 28.97, 28.99, 28.97, 28.99, 1098]
['2019-03-29 14:08:00', 28.99, 28.99, 28.99, 28.99, 630]
['2019-03-29 14:07:00', 28.98, 28.97, 28.97, 28.98, 1801]
['2019-03-29 14:06:00', 28.98, 28.98, 28.96, 28.98, 891]
['2019-03-29 14:05:00', 28.98, 28.99, 28.98, 28.99, 1474]
['2019-03-29 14:04:00', 28.98, 28.99, 28.96, 28.99, 1617]
['2019-03-29 14:03:00', 28.99, 28.98, 28.96, 28.99, 1366]
['2019-03-29 14:02:00', 28.99, 28.99, 28.99, 28.99, 584]
['2019-03-29 14:01:00', 28.99, 28.98, 28.98, 28.99, 384]
['2019-03-29 14:00:00', 28.95, 28.95, 28.95, 28.96, 992]
['2019-03-29 13:58:00', 28.93, 28.95, 28.93, 28.95, 1125]
['2019-03-29 13:57:00', 28.9, 28.89, 28.88, 28.9, 2129]
['2019-03-29 13:56:00', 28.95, 28.94, 28.94, 28.95, 600]
['2019-03-29 13:55:00', 29.02, 29.0, 29.0, 29.02, 1065]
['2019-03-29 13:54:00', 29.03, 29.03, 29.03, 29.03, 334]
['2019-03-29 13:53:00', 29.02, 29.04, 29.01, 29.04, 2164]
['2019-03-29 13:52:00', 29.01, 29.01, 29.0, 29.01, 1678]
['2019-03-29 13:51:00', 29.0, 29.01, 29.0, 29.01, 1872]
['2019-03-29 13:50:00', 29.03, 29.01, 29.01, 29.04, 1709]
['2019-03-29 13:49:00', 29.0, 29.01, 29.0, 29.03, 3145]
['2019-03-29 13:48:00', 29.01, 29.01, 29.01, 29.01, 3288]
['2019-03-29 13:47:00', 29.0, 29.02, 29.0, 29.03, 4279]
['2019-03-29 13:46:00', 29.0, 29.01, 29.0, 29.02, 6211]
['2019-03-29 13:45:00', 29.01, 29.01, 29.0, 29.01, 1765]
['2019-03-29 13:44:00', 28.98, 28.99, 28.98, 28.99, 866]
['2019-03-29 13:43:00', 28.93, 28.99, 28.93, 28.99, 972]
['2019-03-29 13:42:00', 28.93, 28.92, 28.91, 28.94, 4761]
['2019-03-29 13:41:00', 28.91, 28.92, 28.9, 28.92, 1459]
['2019-03-29 13:40:00', 28.9, 28.9, 28.9, 28.9, 1016]
['2019-03-29 13:39:00', 28.88, 28.88, 28.88, 28.89, 491]
['2019-03-29 13:38:00', 28.89, 28.91, 28.8815, 28.91, 1564]
['2019-03-29 13:37:00', 28.87, 28.9, 28.87, 28.9, 1063]
['2019-03-29 13:36:00', 28.88, 28.87, 28.86, 28.88, 2350]
['2019-03-29 13:35:00', 28.88, 28.89, 28.88, 28.93, 5008]
['2019-03-29 13:34:00', 28.91, 28.85, 28.85, 28.91, 12988]
['2019-03-29 13:33:00', 28.92, 28.93, 28.92, 28.93, 874]
['2019-03-29 13:32:00', 28.92, 28.92, 28.91, 28.92, 1937]
['2019-03-29 13:31:00', 28.93, 28.91, 28.9, 28.93, 1151]
['2019-03-29 13:30:00', 28.93, 28.93, 28.93, 28.93, 219]
['2019-03-29 13:29:00', 28.99, 28.93, 28.93, 28.99, 2000]
['2019-03-29 13:28:00', 28.96, 29.0, 28.96, 29.0, 1045]
['2019-03-29 13:27:00', 28.99, 28.97, 28.97, 28.99, 818]
['2019-03-29 13:26:00', 28.98, 28.99, 28.98, 28.99, 1140]
['2019-03-29 13:25:00', 29.0, 28.97, 28.97, 29.0, 829]
['2019-03-29 13:23:00', 28.99, 28.99, 28.99, 28.99, 641]
['2019-03-29 13:22:00', 28.98, 29.0, 28.98, 29.0, 317]
['2019-03-29 13:21:00', 29.0, 28.99, 28.99, 29.01, 3572]
['2019-03-29 13:20:00', 29.02, 29.0, 29.0, 29.02, 858]
['2019-03-29 13:19:00', 29.0, 29.01, 29.0, 29.01, 445]
['2019-03-29 13:18:00', 29.01, 29.01, 29.01, 29.01, 333]
['2019-03-29 13:17:00', 29.02, 29.015, 29.01, 29.035, 2180]
['2019-03-29 13:16:00', 29.015, 29.015, 29.015, 29.015, 262]
['2019-03-29 13:15:00', 29.025, 29.02, 29.02, 29.025, 492]
['2019-03-29 13:14:00', 29.03, 29.03, 29.03, 29.03, 796]
['2019-03-29 13:13:00', 29.02, 29.02, 29.02, 29.02, 618]
['2019-03-29 13:12:00', 29.02, 29.02, 29.02, 29.02, 233]
['2019-03-29 13:11:00', 29.02, 29.02, 29.02, 29.02, 291]
['2019-03-29 13:10:00', 29.03, 29.03, 29.03, 29.03, 521]
['2019-03-29 13:09:00', 29.09, 29.05, 29.05, 29.09, 1674]
['2019-03-29 13:06:00', 29.13, 29.1, 29.1, 29.14, 1626]
['2019-03-29 13:04:00', 29.145, 29.145, 29.145, 29.145, 256]
['2019-03-29 13:03:00', 29.11, 29.14, 29.11, 29.14, 623]
['2019-03-29 13:02:00', 29.09, 29.12, 29.09, 29.12, 401]
['2019-03-29 13:01:00', 29.085, 29.085, 29.085, 29.085, 174]
['2019-03-29 12:59:00', 29.04, 29.08, 29.04, 29.08, 518]
['2019-03-29 12:58:00', 29.04, 29.04, 29.04, 29.04, 324]
['2019-03-29 12:56:00', 29.01, 29.01, 28.99, 29.01, 1121]
['2019-03-29 12:55:00', 29.065, 29.06, 29.06, 29.065, 893]
['2019-03-29 12:54:00', 29.055, 29.07, 29.055, 29.07, 1728]
['2019-03-29 12:53:00', 29.06, 29.05, 29.05, 29.065, 867]
['2019-03-29 12:52:00', 29.12, 29.08, 29.06, 29.12, 2884]
['2019-03-29 12:51:00', 29.09, 29.1, 29.08, 29.1, 804]
['2019-03-29 12:50:00', 29.1, 29.09, 29.09, 29.1, 536]
['2019-03-29 12:49:00', 29.08, 29.08, 29.08, 29.08, 409]
['2019-03-29 12:48:00', 29.09, 29.09, 29.09, 29.09, 167]
['2019-03-29 12:47:00', 29.08, 29.1, 29.08, 29.1, 759]
['2019-03-29 12:46:00', 29.09, 29.1, 29.09, 29.1, 667]
['2019-03-29 12:45:00', 29.09, 29.105, 29.09, 29.105, 200]
['2019-03-29 12:43:00', 29.1, 29.09, 29.0898, 29.1, 1059]
['2019-03-29 12:41:00', 29.06, 29.06, 29.06, 29.06, 200]
['2019-03-29 12:40:00', 29.08, 29.05, 29.05, 29.08, 600]
['2019-03-29 12:39:00', 29.07, 29.07, 29.07, 29.07, 183]
['2019-03-29 12:38:00', 29.0802, 29.07, 29.07, 29.0802, 847]
['2019-03-29 12:37:00', 29.04, 29.04, 29.04, 29.04, 133]
['2019-03-29 12:36:00', 29.06, 29.02, 29.02, 29.06, 568]
['2019-03-29 12:35:00', 29.02, 29.01, 29.01, 29.02, 466]
['2019-03-29 12:34:00', 29.02, 29.02, 29.02, 29.02, 100]
['2019-03-29 12:33:00', 28.99, 28.99, 28.99, 28.99, 134]
['2019-03-29 12:32:00', 28.98, 28.98, 28.98, 28.98, 400]
['2019-03-29 12:31:00', 28.96, 28.92, 28.92, 28.96, 962]
['2019-03-29 12:30:00', 28.885, 28.95, 28.88, 28.95, 1497]
['2019-03-29 12:29:00', 29.01, 28.88, 28.88, 29.01, 1941]
['2019-03-29 12:28:00', 29.06, 29.055, 29.055, 29.06, 583]
['2019-03-29 12:27:00', 29.06, 29.05, 29.05, 29.06, 300]
['2019-03-29 12:25:00', 29.03, 29.03, 29.03, 29.03, 200]
['2019-03-29 12:24:00', 29.01, 29.03, 29.01, 29.03, 841]
['2019-03-29 12:23:00', 29.015, 29.01, 29.01, 29.015, 200]
['2019-03-29 12:22:00', 29.03, 29.02, 29.02, 29.03, 753]
['2019-03-29 12:21:00', 29.03, 29.02, 29.02, 29.04, 646]
['2019-03-29 12:20:00', 29.06, 29.04, 29.04, 29.06, 632]
['2019-03-29 12:19:00', 29.09, 29.08, 29.08, 29.12, 1964]
['2019-03-29 12:18:00', 29.1, 29.1, 29.09, 29.1, 653]
['2019-03-29 12:17:00', 29.1, 29.1, 29.09, 29.12, 1527]
['2019-03-29 12:16:00', 29.1, 29.1, 29.1, 29.1, 100]
['2019-03-29 12:14:00', 29.1, 29.11, 29.1, 29.11, 434]
['2019-03-29 12:13:00', 29.1, 29.1, 29.1, 29.1, 301]
['2019-03-29 12:12:00', 29.1, 29.1, 29.1, 29.1, 584]
['2019-03-29 12:11:00', 29.1, 29.11, 29.1, 29.11, 430]
['2019-03-29 12:08:00', 29.08, 29.08, 29.08, 29.08, 211]
['2019-03-29 12:07:00', 29.04, 29.05, 29.04, 29.05, 302]
['2019-03-29 12:05:00', 29.04, 29.02, 29.02, 29.04, 1526]
['2019-03-29 12:03:00', 29.06, 29.05, 29.05, 29.06, 808]
['2019-03-29 12:01:00', 29.08, 29.06, 29.06, 29.08, 291]
['2019-03-29 12:00:00', 29.07, 29.07, 29.07, 29.07, 253]
['2019-03-29 11:59:00', 29.04, 29.06, 29.04, 29.06, 490]
['2019-03-29 11:58:00', 29.05, 29.05, 29.05, 29.05, 100]
['2019-03-29 11:57:00', 29.06, 29.06, 29.06, 29.06, 315]
['2019-03-29 11:56:00', 29.06, 29.06, 29.06, 29.06, 105]
['2019-03-29 11:55:00', 29.07, 29.07, 29.07, 29.07, 100]
['2019-03-29 11:54:00', 29.07, 29.03, 29.01, 29.07, 2690]
['2019-03-29 11:52:00', 29.08, 29.11, 29.08, 29.11, 671]
['2019-03-29 11:51:00', 29.06, 29.1, 29.06, 29.1, 733]
['2019-03-29 11:50:00', 29.07, 29.07, 29.07, 29.07, 314]
['2019-03-29 11:49:00', 29.01, 29.0, 29.0, 29.01, 207]
['2019-03-29 11:48:00', 29.0, 29.04, 29.0, 29.04, 352]
['2019-03-29 11:46:00', 29.04, 29.05, 29.04, 29.06, 744]
['2019-03-29 11:45:00', 29.0, 29.0, 29.0, 29.0, 143]
['2019-03-29 11:44:00', 29.07, 29.04, 29.04, 29.07, 1454]
['2019-03-29 11:41:00', 29.07, 29.1, 29.07, 29.1, 238]
['2019-03-29 11:40:00', 29.035, 29.04, 29.02, 29.04, 945]
['2019-03-29 11:39:00', 29.03, 29.04, 29.015, 29.04, 3046]
['2019-03-29 11:38:00', 29.015, 29.015, 29.015, 29.015, 200]
['2019-03-29 11:37:00', 29.0, 29.0, 29.0, 29.0, 100]
['2019-03-29 11:36:00', 29.035, 29.02, 29.02, 29.035, 1061]
['2019-03-29 11:35:00', 29.05, 29.04, 29.04, 29.05, 422]
['2019-03-29 11:34:00', 29.06, 29.04, 29.04, 29.07, 698]
['2019-03-29 11:33:00', 29.02, 29.03, 29.02, 29.04, 1300]
['2019-03-29 11:31:00', 28.98, 28.98, 28.98, 28.98, 114]
['2019-03-29 11:30:00', 28.995, 28.97, 28.97, 29.02, 1433]
['2019-03-29 11:29:00', 28.98, 28.98, 28.98, 28.98, 222]
['2019-03-29 11:28:00', 28.98, 28.98, 28.98, 28.98, 104]
['2019-03-29 11:26:00', 29.0, 28.975, 28.975, 29.03, 1238]
['2019-03-29 11:25:00', 28.97, 28.985, 28.97, 28.985, 600]
['2019-03-29 11:24:00', 28.94, 28.94, 28.94, 28.94, 2658]
['2019-03-29 11:23:00', 28.97, 28.96, 28.96, 28.98, 710]
['2019-03-29 11:22:00', 28.98, 28.99, 28.98, 28.99, 725]
['2019-03-29 11:21:00', 28.95, 28.95, 28.95, 28.95, 286]
['2019-03-29 11:18:00', 28.94, 28.92, 28.92, 28.94, 568]
['2019-03-29 11:16:00', 28.955, 28.955, 28.955, 28.955, 396]
['2019-03-29 11:15:00', 28.91, 28.9, 28.9, 28.93, 1033]
['2019-03-29 11:14:00', 28.905, 28.9, 28.9, 28.905, 500]
['2019-03-29 11:13:00', 28.9, 28.9, 28.9, 28.9, 220]
['2019-03-29 11:12:00', 28.89, 28.9, 28.88, 28.9, 834]
['2019-03-29 11:10:00', 28.87, 28.87, 28.87, 28.87, 363]
['2019-03-29 11:09:00', 28.89, 28.875, 28.875, 28.89, 1018]
['2019-03-29 11:08:00', 28.86, 28.89, 28.86, 28.91, 2749]
['2019-03-29 11:07:00', 28.87, 28.86, 28.86, 28.87, 392]
['2019-03-29 11:06:00', 28.88, 28.88, 28.88, 28.88, 502]
['2019-03-29 11:05:00', 28.9, 28.9, 28.9, 28.9, 298]
['2019-03-29 11:02:00', 28.85, 28.84, 28.84, 28.85, 300]
['2019-03-29 10:59:00', 28.85, 28.83, 28.83, 28.85, 638]
['2019-03-29 10:58:00', 28.84, 28.84, 28.84, 28.84, 220]
['2019-03-29 10:56:00', 28.8, 28.82, 28.8, 28.82, 833]
['2019-03-29 10:55:00', 28.8, 28.8, 28.78, 28.8, 960]
['2019-03-29 10:54:00', 28.84, 28.83, 28.83, 28.84, 1300]
['2019-03-29 10:53:00', 28.86, 28.85, 28.85, 28.86, 416]
['2019-03-29 10:51:00', 28.87, 28.86, 28.86, 28.87, 720]
['2019-03-29 10:50:00', 28.9, 28.87, 28.87, 28.9, 520]
['2019-03-29 10:48:00', 28.88, 28.88, 28.87, 28.89, 921]
['2019-03-29 10:47:00', 28.85, 28.87, 28.85, 28.87, 578]
['2019-03-29 10:46:00', 28.85, 28.85, 28.85, 28.85, 181]
['2019-03-29 10:45:00', 28.905, 28.84, 28.84, 28.91, 1514]
['2019-03-29 10:44:00', 28.92, 28.9, 28.9, 28.92, 1868]
['2019-03-29 10:43:00', 28.915, 28.91, 28.91, 28.915, 698]
['2019-03-29 10:42:00', 28.93, 28.94, 28.93, 28.94, 1418]
['2019-03-29 10:41:00', 28.93, 28.93, 28.93, 28.93, 100]
['2019-03-29 10:40:00', 28.93, 28.92, 28.92, 28.93, 207]
['2019-03-29 10:39:00', 28.91, 28.94, 28.91, 28.94, 311]
['2019-03-29 10:38:00', 28.9, 28.92, 28.89, 28.92, 781]
['2019-03-29 10:37:00', 28.93, 28.93, 28.93, 28.93, 100]
['2019-03-29 10:36:00', 28.92, 28.93, 28.92, 28.93, 311]
['2019-03-29 10:35:00', 28.9, 28.91, 28.9, 28.91, 511]
['2019-03-29 10:34:00', 28.9, 28.9, 28.9, 28.9, 300]
['2019-03-29 10:33:00', 28.94, 28.92, 28.92, 28.94, 520]
['2019-03-29 10:32:00', 28.94, 28.92, 28.92, 28.94, 733]
['2019-03-29 10:30:00', 28.95, 29.0, 28.95, 29.0, 1467]
['2019-03-29 10:29:00', 28.95, 28.95, 28.95, 28.95, 300]
['2019-03-29 10:28:00', 28.9, 28.9, 28.9, 28.9, 397]
['2019-03-29 10:27:00', 28.91, 28.9, 28.9, 28.925, 1066]
['2019-03-29 10:26:00', 28.82, 28.855, 28.82, 28.855, 2119]
['2019-03-29 10:25:00', 28.825, 28.84, 28.825, 28.84, 10320]
['2019-03-29 10:24:00', 28.82, 28.82, 28.82, 28.82, 200]
['2019-03-29 10:23:00', 28.8666, 28.86, 28.84, 28.8666, 1335]
['2019-03-29 10:21:00', 28.86, 28.84, 28.82, 28.88, 1863]
['2019-03-29 10:19:00', 28.91, 28.9, 28.88, 28.91, 531]
['2019-03-29 10:18:00', 28.96, 28.93, 28.93, 28.96, 999]
['2019-03-29 10:17:00', 28.97, 28.96, 28.96, 28.98, 2049]
['2019-03-29 10:16:00', 28.98, 28.96, 28.96, 28.98, 1234]
['2019-03-29 10:15:00', 29.0, 29.0, 29.0, 29.0, 300]
['2019-03-29 10:14:00', 28.9944, 29.01, 28.9944, 29.01, 320]
['2019-03-29 10:13:00', 28.99, 28.98, 28.98, 28.99, 594]
['2019-03-29 10:11:00', 28.96, 28.97, 28.96, 28.97, 303]
['2019-03-29 10:10:00', 28.94, 28.945, 28.94, 28.945, 400]
['2019-03-29 10:09:00', 28.9631, 28.9631, 28.9631, 28.9631, 504]
['2019-03-29 10:06:00', 28.93, 28.93, 28.91, 28.93, 405]
['2019-03-29 10:05:00', 28.95, 28.94, 28.94, 28.95, 616]
['2019-03-29 10:04:00', 28.9096, 28.96, 28.9096, 28.96, 784]
['2019-03-29 10:03:00', 28.9, 28.9, 28.9, 28.9, 400]
['2019-03-29 09:59:00', 28.9199, 28.9002, 28.9002, 28.9199, 1176]
['2019-03-29 09:58:00', 28.93, 28.92, 28.92, 28.93, 500]
['2019-03-29 09:57:00', 28.97, 28.94, 28.94, 28.98, 500]
['2019-03-29 09:56:00', 28.9282, 28.91, 28.91, 28.9282, 888]
['2019-03-29 09:55:00', 28.85, 28.9, 28.85, 28.9, 771]
['2019-03-29 09:53:00', 28.78, 28.81, 28.77, 28.81, 1524]
['2019-03-29 09:52:00', 28.8, 28.79, 28.78, 28.8, 561]
['2019-03-29 09:51:00', 28.77, 28.78, 28.7625, 28.8, 1996]
['2019-03-29 09:50:00', 28.77, 28.78, 28.77, 28.78, 663]
['2019-03-29 09:49:00', 28.78, 28.79, 28.77, 28.79, 631]
['2019-03-29 09:47:00', 28.74, 28.77, 28.74, 28.8, 1934]
['2019-03-29 09:44:00', 28.67, 28.7, 28.67, 28.73, 963]
['2019-03-29 09:43:00', 28.65, 28.72, 28.65, 28.72, 1080]
['2019-03-29 09:42:00', 28.63, 28.68, 28.63, 28.68, 1222]
['2019-03-29 09:41:00', 28.61, 28.61, 28.61, 28.61, 700]
['2019-03-29 09:40:00', 28.61, 28.645, 28.61, 28.645, 207]
['2019-03-29 09:39:00', 28.73, 28.69, 28.65, 28.73, 738]
['2019-03-29 09:38:00', 28.79, 28.79, 28.79, 28.79, 217]
['2019-03-29 09:37:00', 28.76, 28.81, 28.71, 28.81, 532]
['2019-03-29 09:36:00', 28.66, 28.78, 28.66, 28.78, 946]
['2019-03-29 09:35:00', 28.64, 28.66, 28.63, 28.66, 500]
['2019-03-29 09:34:00', 28.61, 28.65, 28.61, 28.65, 507]
['2019-03-29 09:33:00', 28.58, 28.68, 28.58, 28.74, 3893]
['2019-03-29 09:31:00', 28.61, 28.52, 28.52, 28.61, 11425]
['2019-03-28 16:00:00', 28.31, 28.34, 28.29, 28.34, 4763]
['2019-03-28 15:59:00', 28.35, 28.31, 28.31, 28.35, 1553]
['2019-03-28 15:58:00', 28.39, 28.37, 28.35, 28.41, 1791]
['2019-03-28 15:57:00', 28.4, 28.4, 28.4, 28.41, 1105]
['2019-03-28 15:56:00', 28.45, 28.415, 28.415, 28.45, 1576]
['2019-03-28 15:55:00', 28.47, 28.45, 28.45, 28.47, 645]
['2019-03-28 15:54:00', 28.5, 28.45, 28.45, 28.5, 2378]
['2019-03-28 15:53:00', 28.46, 28.48, 28.41, 28.48, 5295]
['2019-03-28 15:52:00', 28.39, 28.44, 28.38, 28.44, 5808]
['2019-03-28 15:51:00', 28.49, 28.41, 28.41, 28.51, 7586]
['2019-03-28 15:50:00', 28.45, 28.485, 28.45, 28.49, 3618]
['2019-03-28 15:49:00', 28.42, 28.43, 28.4, 28.46, 4788]
['2019-03-28 15:48:00', 28.47, 28.41, 28.405, 28.47, 9079]
['2019-03-28 15:47:00', 28.39, 28.47, 28.39, 28.47, 7592]
['2019-03-28 15:46:00', 28.34, 28.37, 28.34, 28.37, 2899]
['2019-03-28 15:45:00', 28.33, 28.345, 28.33, 28.35, 1994]
['2019-03-28 15:44:00', 28.32, 28.32, 28.32, 28.33, 2554]
['2019-03-28 15:43:00', 28.32, 28.33, 28.32, 28.33, 1317]
['2019-03-28 15:42:00', 28.31, 28.32, 28.31, 28.32, 5792]
['2019-03-28 15:41:00', 28.3, 28.31, 28.29, 28.31, 4902]
['2019-03-28 15:40:00', 28.3, 28.3, 28.3, 28.3, 1177]
['2019-03-28 15:39:00', 28.31, 28.305, 28.305, 28.31, 1562]
['2019-03-28 15:38:00', 28.31, 28.31, 28.31, 28.31, 1349]
['2019-03-28 15:37:00', 28.31, 28.31, 28.31, 28.31, 994]
['2019-03-28 15:36:00', 28.31, 28.32, 28.28, 28.32, 13320]
['2019-03-28 15:35:00', 28.31, 28.3, 28.3, 28.31, 6963]
['2019-03-28 15:34:00', 28.2952, 28.31, 28.2952, 28.31, 6523]
['2019-03-28 15:33:00', 28.3, 28.29, 28.29, 28.3, 820]
['2019-03-28 15:32:00', 28.3, 28.3, 28.3, 28.3, 134]
['2019-03-28 15:31:00', 28.3, 28.29, 28.29, 28.3, 6104]
['2019-03-28 15:30:00', 28.29, 28.3, 28.29, 28.3, 2969]
['2019-03-28 15:29:00', 28.29, 28.29, 28.28, 28.29, 8000]
['2019-03-28 15:28:00', 28.28, 28.29, 28.28, 28.29, 1992]
['2019-03-28 15:27:00', 28.28, 28.28, 28.28, 28.28, 2555]
['2019-03-28 15:26:00', 28.27, 28.27, 28.27, 28.27, 1230]
['2019-03-28 15:25:00', 28.28, 28.28, 28.28, 28.28, 6922]
['2019-03-28 15:24:00', 28.28, 28.26, 28.26, 28.29, 2178]
['2019-03-28 15:22:00', 28.3, 28.29, 28.29, 28.3, 1810]
['2019-03-28 15:21:00', 28.29, 28.3, 28.29, 28.3, 4568]
['2019-03-28 15:20:00', 28.29, 28.29, 28.29, 28.29, 2600]
['2019-03-28 15:19:00', 28.3, 28.29, 28.29, 28.3, 1194]
['2019-03-28 15:17:00', 28.29, 28.31, 28.29, 28.31, 10168]
['2019-03-28 15:16:00', 28.3, 28.29, 28.29, 28.3, 2291]
['2019-03-28 15:15:00', 28.32, 28.3, 28.3, 28.32, 400]
['2019-03-28 15:14:00', 28.3, 28.31, 28.3, 28.31, 1567]
['2019-03-28 15:13:00', 28.29, 28.31, 28.29, 28.31, 2294]
['2019-03-28 15:12:00', 28.29, 28.29, 28.29, 28.29, 200]
['2019-03-28 15:11:00', 28.32, 28.28, 28.28, 28.32, 1600]
['2019-03-28 15:08:00', 28.33, 28.33, 28.33, 28.33, 255]
['2019-03-28 15:07:00', 28.33, 28.335, 28.33, 28.335, 259]
['2019-03-28 15:06:00', 28.36, 28.36, 28.36, 28.36, 147]
['2019-03-28 15:05:00', 28.37, 28.37, 28.37, 28.37, 444]
['2019-03-28 15:04:00', 28.36, 28.38, 28.36, 28.39, 1101]
['2019-03-28 15:03:00', 28.36, 28.36, 28.34, 28.36, 1570]
['2019-03-28 15:01:00', 28.34, 28.35, 28.33, 28.35, 400]
['2019-03-28 15:00:00', 28.32, 28.34, 28.31, 28.34, 568]
['2019-03-28 14:59:00', 28.31, 28.3, 28.3, 28.32, 314]
['2019-03-28 14:57:00', 28.34, 28.34, 28.34, 28.34, 334]
['2019-03-28 14:56:00', 28.36, 28.35, 28.35, 28.36, 400]
['2019-03-28 14:55:00', 28.36, 28.37, 28.36, 28.37, 895]
['2019-03-28 14:54:00', 28.34, 28.34, 28.34, 28.34, 103]
['2019-03-28 14:52:00', 28.37, 28.37, 28.37, 28.37, 300]
['2019-03-28 14:50:00', 28.39, 28.39, 28.39, 28.39, 563]
['2019-03-28 14:49:00', 28.33, 28.38, 28.33, 28.38, 1250]
['2019-03-28 14:47:00', 28.27, 28.33, 28.27, 28.33, 1204]
['2019-03-28 14:46:00', 28.26, 28.25, 28.25, 28.26, 1033]
['2019-03-28 14:45:00', 28.31, 28.29, 28.29, 28.31, 200]
['2019-03-28 14:43:00', 28.32, 28.32, 28.32, 28.32, 134]
['2019-03-28 14:42:00', 28.33, 28.32, 28.32, 28.33, 574]
['2019-03-28 14:41:00', 28.35, 28.34, 28.33, 28.35, 2291]
['2019-03-28 14:40:00', 28.3515, 28.34, 28.34, 28.3515, 650]
['2019-03-28 14:39:00', 28.36, 28.36, 28.35, 28.36, 1060]
['2019-03-28 14:37:00', 28.38, 28.38, 28.38, 28.38, 577]
['2019-03-28 14:36:00', 28.37, 28.37, 28.37, 28.37, 501]
['2019-03-28 14:34:00', 28.38, 28.34, 28.34, 28.4, 692]
['2019-03-28 14:33:00', 28.33, 28.38, 28.33, 28.38, 1333]
['2019-03-28 14:30:00', 28.37, 28.37, 28.37, 28.37, 826]
['2019-03-28 14:29:00', 28.36, 28.365, 28.35, 28.38, 6934]
['2019-03-28 14:28:00', 28.41, 28.38, 28.38, 28.41, 1315]
['2019-03-28 14:27:00', 28.46, 28.41, 28.41, 28.46, 2584]
['2019-03-28 14:26:00', 28.35, 28.46, 28.35, 28.4908, 3587]
['2019-03-28 14:25:00', 28.33, 28.35, 28.33, 28.36, 3412]
['2019-03-28 14:24:00', 28.3, 28.325, 28.3, 28.33, 2586]
['2019-03-28 14:23:00', 28.29, 28.3, 28.29, 28.3, 365]
['2019-03-28 14:22:00', 28.29, 28.3, 28.29, 28.3, 200]
['2019-03-28 14:20:00', 28.28, 28.3, 28.27, 28.3, 2081]
['2019-03-28 14:19:00', 28.26, 28.26, 28.26, 28.26, 200]
['2019-03-28 14:18:00', 28.23, 28.25, 28.225, 28.25, 968]
['2019-03-28 14:17:00', 28.22, 28.21, 28.21, 28.22, 214]
['2019-03-28 14:15:00', 28.22, 28.22, 28.21, 28.22, 1071]
['2019-03-28 14:14:00', 28.22, 28.22, 28.22, 28.22, 233]
['2019-03-28 14:13:00', 28.1902, 28.21, 28.1902, 28.21, 1220]
['2019-03-28 14:12:00', 28.2, 28.2, 28.2, 28.2, 300]
['2019-03-28 14:11:00', 28.22, 28.22, 28.22, 28.22, 100]
['2019-03-28 14:07:00', 28.22, 28.25, 28.22, 28.25, 886]
['2019-03-28 14:06:00', 28.28, 28.21, 28.2, 28.28, 1108]
['2019-03-28 14:05:00', 28.33, 28.285, 28.285, 28.33, 892]
['2019-03-28 14:04:00', 28.28, 28.33, 28.28, 28.33, 636]
['2019-03-28 14:03:00', 28.23, 28.27, 28.23, 28.27, 1058]
['2019-03-28 14:02:00', 28.24, 28.23, 28.23, 28.24, 538]
['2019-03-28 14:00:00', 28.15, 28.15, 28.15, 28.15, 890]
['2019-03-28 13:59:00', 28.1, 28.16, 28.09, 28.18, 1523]
['2019-03-28 13:58:00', 27.99, 28.08, 27.99, 28.08, 966]
['2019-03-28 13:57:00', 28.0, 27.985, 27.98, 28.0, 102552]
['2019-03-28 13:56:00', 27.9488, 27.98, 27.9488, 27.98, 906]
['2019-03-28 13:55:00', 27.95, 27.95, 27.94, 27.95, 323]
['2019-03-28 13:54:00', 27.92, 27.94, 27.92, 27.94, 710]
['2019-03-28 13:53:00', 27.91, 27.92, 27.91, 27.92, 820]
['2019-03-28 13:51:00', 27.93, 27.91, 27.9, 27.93, 1531]
['2019-03-28 13:50:00', 27.91, 27.91, 27.91, 27.91, 500]
['2019-03-28 13:48:00', 27.87, 27.88, 27.87, 27.88, 503]
['2019-03-28 13:47:00', 27.86, 27.86, 27.86, 27.87, 462]
['2019-03-28 13:46:00', 27.85, 27.87, 27.85, 27.87, 698]
['2019-03-28 13:45:00', 27.86, 27.835, 27.83, 27.87, 1085]
['2019-03-28 13:44:00', 27.89, 27.8762, 27.8762, 27.89, 400]
['2019-03-28 13:43:00', 27.88, 27.88, 27.85, 27.88, 1000]
['2019-03-28 13:42:00', 27.95, 27.91, 27.9, 27.95, 806]
['2019-03-28 13:41:00', 27.96, 27.95, 27.9, 27.97, 3594]
['2019-03-28 13:40:00', 27.97, 27.97, 27.97, 27.97, 306]
['2019-03-28 13:39:00', 28.01, 27.99, 27.99, 28.01, 614]
['2019-03-28 13:38:00', 28.02, 28.0, 27.99, 28.02, 514]
['2019-03-28 13:37:00', 28.0, 28.03, 27.99, 28.03, 886]
['2019-03-28 13:36:00', 28.0, 28.01, 28.0, 28.02, 3234]
['2019-03-28 13:34:00', 27.99, 28.0, 27.99, 28.0, 300]
['2019-03-28 13:32:00', 27.98, 27.98, 27.98, 27.98, 502]
['2019-03-28 13:31:00', 27.98, 27.99, 27.98, 28.0, 633]
['2019-03-28 13:30:00', 27.98, 27.98, 27.98, 28.01, 845]
['2019-03-28 13:29:00', 27.98, 27.98, 27.98, 27.98, 399]
['2019-03-28 13:28:00', 28.01, 27.97, 27.97, 28.01, 2084]
['2019-03-28 13:27:00', 28.04, 28.01, 28.01, 28.04, 1755]
['2019-03-28 13:26:00', 28.04, 28.03, 28.03, 28.04, 2259]
['2019-03-28 13:25:00', 28.02, 28.03, 28.02, 28.03, 431]
['2019-03-28 13:24:00', 28.045, 28.03, 28.03, 28.045, 1416]
['2019-03-28 13:23:00', 28.08, 28.05, 28.05, 28.085, 1311]
['2019-03-28 13:22:00', 28.04, 28.09, 28.04, 28.09, 1861]
['2019-03-28 13:21:00', 27.98, 28.04, 27.98, 28.04, 2784]
['2019-03-28 13:20:00', 27.98, 27.98, 27.98, 27.99, 420]
['2019-03-28 13:19:00', 27.94, 27.98, 27.94, 28.0, 2566]
['2019-03-28 13:18:00', 27.94, 27.95, 27.94, 27.95, 836]
['2019-03-28 13:17:00', 27.94, 27.94, 27.9293, 27.95, 2825]
['2019-03-28 13:16:00', 27.94, 27.94, 27.94, 27.94, 200]
['2019-03-28 13:15:00', 27.94, 27.94, 27.94, 27.94, 337]
['2019-03-28 13:14:00', 27.94, 27.94, 27.94, 27.94, 148]
['2019-03-28 13:13:00', 27.92, 27.94, 27.92, 27.94, 400]
['2019-03-28 13:12:00', 27.94, 27.92, 27.915, 27.94, 796]
['2019-03-28 13:11:00', 27.93, 27.94, 27.93, 27.97, 2427]
['2019-03-28 13:10:00', 27.9, 27.93, 27.9, 27.93, 1533]
['2019-03-28 13:09:00', 27.87, 27.88, 27.87, 27.88, 966]
['2019-03-28 13:08:00', 27.85, 27.86, 27.85, 27.87, 1899]
['2019-03-28 13:07:00', 27.82, 27.84, 27.82, 27.85, 2080]
['2019-03-28 13:06:00', 27.81, 27.84, 27.81, 27.84, 517]
['2019-03-28 13:05:00', 27.82, 27.82, 27.82, 27.82, 115]
['2019-03-28 13:04:00', 27.84, 27.84, 27.84, 27.84, 100]
['2019-03-28 13:03:00', 27.84, 27.85, 27.84, 27.86, 805]
['2019-03-28 13:02:00', 27.83, 27.82, 27.8, 27.83, 941]
['2019-03-28 13:01:00', 27.83, 27.82, 27.82, 27.83, 456054]
['2019-03-28 12:59:00', 27.83, 27.83, 27.83, 27.83, 0]
['2019-03-28 12:58:00', 27.815, 27.82, 27.815, 27.82, 1107]
['2019-03-28 12:57:00', 27.85, 27.83, 27.83, 27.85, 901]
['2019-03-28 12:56:00', 27.85, 27.86, 27.84, 27.86, 1694]
['2019-03-28 12:55:00', 27.81, 27.84, 27.81, 27.85, 2210]
['2019-03-28 12:54:00', 27.8, 27.8, 27.8, 27.81, 1446]
['2019-03-28 12:53:00', 27.82, 27.8, 27.8, 27.825, 1250]
['2019-03-28 12:52:00', 27.82, 27.83, 27.82, 27.84, 2869]
['2019-03-28 12:51:00', 27.81, 27.805, 27.8, 27.81, 600]
['2019-03-28 12:50:00', 27.8, 27.8, 27.8, 27.8, 900]
['2019-03-28 12:49:00', 27.8, 27.8, 27.8, 27.8, 600]
['2019-03-28 12:48:00', 27.77, 27.79, 27.77, 27.79, 1815]
['2019-03-28 12:47:00', 27.71, 27.73, 27.71, 27.73, 650]
['2019-03-28 12:46:00', 27.7, 27.71, 27.7, 27.71, 631]
['2019-03-28 12:45:00', 27.66, 27.69, 27.66, 27.69, 1182]
['2019-03-28 12:44:00', 27.65, 27.67, 27.65, 27.68, 1461]
['2019-03-28 12:43:00', 27.61, 27.64, 27.61, 27.64, 3599]
['2019-03-28 12:42:00', 27.585, 27.6, 27.585, 27.6, 540]
['2019-03-28 12:41:00', 27.58, 27.57, 27.57, 27.58, 1147]
['2019-03-28 12:40:00', 27.56, 27.57, 27.56, 27.57, 200]
['2019-03-28 12:39:00', 27.57, 27.57, 27.57, 27.57, 100]
['2019-03-28 12:38:00', 27.57, 27.555, 27.555, 27.57, 400]
['2019-03-28 12:37:00', 27.54, 27.54, 27.53, 27.54, 800]
['2019-03-28 12:36:00', 27.52, 27.53, 27.5, 27.53, 900]
['2019-03-28 12:35:00', 27.54, 27.54, 27.54, 27.54, 202]
['2019-03-28 12:34:00', 27.53, 27.55, 27.53, 27.56, 664]
['2019-03-28 12:33:00', 27.54, 27.54, 27.54, 27.54, 100]
['2019-03-28 12:31:00', 27.58, 27.58, 27.58, 27.58, 100]
['2019-03-28 12:30:00', 27.62, 27.6, 27.6, 27.62, 1825]
['2019-03-28 12:29:00', 27.61, 27.61, 27.61, 27.61, 944]
['2019-03-28 12:28:00', 27.61, 27.61, 27.61, 27.61, 251]
['2019-03-28 12:27:00', 27.6, 27.6, 27.6, 27.6, 134]
['2019-03-28 12:26:00', 27.58, 27.59, 27.58, 27.6, 933]
['2019-03-28 12:25:00', 27.57, 27.58, 27.57, 27.58, 400]
['2019-03-28 12:24:00', 27.56, 27.56, 27.56, 27.56, 102]
['2019-03-28 12:23:00', 27.52, 27.55, 27.52, 27.55, 976]
['2019-03-28 12:22:00', 27.5, 27.5, 27.5, 27.5, 754]
['2019-03-28 12:21:00', 27.51, 27.5, 27.5, 27.51, 376]
['2019-03-28 12:20:00', 27.47, 27.48, 27.47, 27.48, 433]
['2019-03-28 12:19:00', 27.45, 27.45, 27.45, 27.45, 567]
['2019-03-28 12:18:00', 27.42, 27.45, 27.42, 27.45, 901]
['2019-03-28 12:17:00', 27.43, 27.42, 27.42, 27.43, 433]
['2019-03-28 12:16:00', 27.37, 27.37, 27.37, 27.37, 458]
['2019-03-28 12:15:00', 27.33, 27.37, 27.33, 27.37, 1916]
['2019-03-28 12:14:00', 27.35, 27.35, 27.35, 27.35, 501]
['2019-03-28 12:13:00', 27.3499, 27.35, 27.3499, 27.35, 700]
['2019-03-28 12:12:00', 27.34, 27.34, 27.34, 27.34, 650]
['2019-03-28 12:11:00', 27.37, 27.3602, 27.36, 27.37, 800]
['2019-03-28 12:10:00', 27.33, 27.34, 27.33, 27.34, 610]
['2019-03-28 12:09:00', 27.36, 27.32, 27.3, 27.36, 2001]
['2019-03-28 12:07:00', 27.36, 27.37, 27.36, 27.37, 1384]
['2019-03-28 12:06:00', 27.39, 27.38, 27.38, 27.39, 2036]
['2019-03-28 12:04:00', 27.4, 27.39, 27.39, 27.4, 514]
['2019-03-28 12:03:00', 27.38, 27.39, 27.38, 27.39, 918]
['2019-03-28 12:02:00', 27.39, 27.39, 27.39, 27.39, 114]
['2019-03-28 12:01:00', 27.41, 27.41, 27.41, 27.42, 1038]
['2019-03-28 12:00:00', 27.405, 27.42, 27.405, 27.42, 900]
['2019-03-28 11:59:00', 27.41, 27.39, 27.39, 27.41, 1076]
['2019-03-28 11:57:00', 27.42, 27.42, 27.42, 27.43, 1486]
['2019-03-28 11:56:00', 27.48, 27.425, 27.425, 27.48, 1804]
['2019-03-28 11:55:00', 27.4847, 27.49, 27.4847, 27.5, 650]
['2019-03-28 11:54:00', 27.49, 27.4866, 27.4866, 27.49, 1100]
['2019-03-28 11:53:00', 27.57, 27.55, 27.55, 27.57, 406]
['2019-03-28 11:52:00', 27.6, 27.59, 27.59, 27.6, 824]
['2019-03-28 11:51:00', 27.6, 27.6, 27.6, 27.6, 102]
['2019-03-28 11:50:00', 27.58, 27.6, 27.58, 27.6, 3827]
['2019-03-28 11:49:00', 27.57, 27.58, 27.56, 27.58, 5254]
['2019-03-28 11:48:00', 27.54, 27.55, 27.54, 27.55, 700]
['2019-03-28 11:47:00', 27.51, 27.51, 27.51, 27.51, 325]
['2019-03-28 11:46:00', 27.51, 27.51, 27.51, 27.51, 344]
['2019-03-28 11:45:00', 27.5, 27.5, 27.5, 27.5, 490]
['2019-03-28 11:44:00', 27.49, 27.4984, 27.49, 27.5, 1448]
['2019-03-28 11:43:00', 27.48, 27.48, 27.48, 27.49, 624]
['2019-03-28 11:42:00', 27.5, 27.48, 27.48, 27.5, 470]
['2019-03-28 11:41:00', 27.52, 27.51, 27.51, 27.52, 600]
['2019-03-28 11:40:00', 27.535, 27.535, 27.535, 27.535, 100]
['2019-03-28 11:39:00', 27.55, 27.535, 27.535, 27.55, 4200]
['2019-03-28 11:37:00', 27.65, 27.59, 27.59, 27.66, 2659]
['2019-03-28 11:36:00', 27.59, 27.66, 27.59, 27.66, 3860]
['2019-03-28 11:35:00', 27.57, 27.59, 27.57, 27.59, 700]
['2019-03-28 11:34:00', 27.55, 27.55, 27.55, 27.55, 200]
['2019-03-28 11:33:00', 27.55, 27.55, 27.55, 27.55, 200]
['2019-03-28 11:32:00', 27.49, 27.55, 27.49, 27.55, 1327]
['2019-03-28 11:31:00', 27.46, 27.48, 27.46, 27.49, 3430]
['2019-03-28 11:30:00', 27.46, 27.47, 27.46, 27.47, 1107]
['2019-03-28 11:29:00', 27.46, 27.46, 27.46, 27.46, 108]
['2019-03-28 11:28:00', 27.475, 27.48, 27.475, 27.48, 600]
['2019-03-28 11:27:00', 27.47, 27.48, 27.47, 27.48, 481]
['2019-03-28 11:26:00', 27.47, 27.47, 27.47, 27.47, 102]
['2019-03-28 11:25:00', 27.46, 27.49, 27.46, 27.49, 708]
['2019-03-28 11:24:00', 27.49, 27.47, 27.47, 27.49, 484]
['2019-03-28 11:23:00', 27.49, 27.48, 27.48, 27.49, 1014]
['2019-03-28 11:22:00', 27.54, 27.53, 27.53, 27.54, 1032]
['2019-03-28 11:21:00', 27.52, 27.54, 27.5, 27.56, 3869]
['2019-03-28 11:20:00', 27.55, 27.52, 27.49, 27.55, 5096]
['2019-03-28 11:19:00', 27.56, 27.56, 27.56, 27.56, 200]
['2019-03-28 11:18:00', 27.56, 27.56, 27.56, 27.56, 395]
['2019-03-28 11:17:00', 27.55, 27.56, 27.55, 27.56, 1629]
['2019-03-28 11:16:00', 27.55, 27.55, 27.53, 27.55, 3214]
['2019-03-28 11:15:00', 27.57, 27.555, 27.555, 27.57, 800]
['2019-03-28 11:14:00', 27.62, 27.58, 27.58, 27.62, 1533]
['2019-03-28 11:13:00', 27.6, 27.6, 27.6, 27.6, 500]
['2019-03-28 11:12:00', 27.55, 27.6107, 27.55, 27.6107, 8933]
['2019-03-28 11:11:00', 27.56, 27.55, 27.55, 27.56, 614]
['2019-03-28 11:09:00', 27.61, 27.59, 27.58, 27.61, 734]
['2019-03-28 11:08:00', 27.59, 27.59, 27.57, 27.59, 1454]
['2019-03-28 11:07:00', 27.55, 27.6, 27.55, 27.6, 1964]
['2019-03-28 11:06:00', 27.55, 27.54, 27.53, 27.55, 1994]
['2019-03-28 11:05:00', 27.56, 27.55, 27.54, 27.57, 2509]
['2019-03-28 11:04:00', 27.66, 27.56, 27.56, 27.66, 3898]
['2019-03-28 11:03:00', 27.7, 27.6594, 27.64, 27.7, 2878]
['2019-03-28 11:02:00', 27.71, 27.64, 27.61, 27.76, 9923]
['2019-03-28 11:01:00', 27.88, 27.71, 27.57, 27.88, 41701]
['2019-03-28 11:00:00', 27.87, 27.895, 27.87, 27.895, 546]
['2019-03-28 10:59:00', 27.85, 27.86, 27.85, 27.86, 812]
['2019-03-28 10:58:00', 27.89, 27.89, 27.89, 27.89, 221]
['2019-03-28 10:57:00', 27.93, 27.9, 27.9, 27.93, 1100]
['2019-03-28 10:56:00', 27.879, 27.95, 27.879, 27.95, 2247]
['2019-03-28 10:55:00', 27.87, 27.88, 27.87, 27.88, 505]
['2019-03-28 10:54:00', 27.86, 27.86, 27.86, 27.86, 248]
['2019-03-28 10:53:00', 27.91, 27.87, 27.87, 27.94, 2730]
['2019-03-28 10:52:00', 27.89, 27.9, 27.89, 27.91, 825]
['2019-03-28 10:51:00', 27.89, 27.89, 27.89, 27.89, 949]
['2019-03-28 10:50:00', 27.9, 27.89, 27.88, 27.95, 6374]
['2019-03-28 10:49:00', 27.86, 27.88, 27.86, 27.89, 1217]
['2019-03-28 10:48:00', 27.87, 27.88, 27.86, 27.88, 994]
['2019-03-28 10:47:00', 27.86, 27.86, 27.86, 27.86, 1046]
['2019-03-28 10:46:00', 27.84, 27.87, 27.84, 27.88, 3250]
['2019-03-28 10:45:00', 27.84, 27.83, 27.83, 27.88, 4236]
['2019-03-28 10:44:00', 27.82, 27.83, 27.82, 27.83, 600]
['2019-03-28 10:43:00', 27.84, 27.83, 27.83, 27.84, 1626]
['2019-03-28 10:42:00', 27.8, 27.84, 27.79, 27.86, 2881]
['2019-03-28 10:41:00', 27.81, 27.8, 27.8, 27.82, 1340]
['2019-03-28 10:40:00', 27.83, 27.825, 27.825, 27.83, 523]
['2019-03-28 10:39:00', 27.84, 27.83, 27.83, 27.84, 603]
['2019-03-28 10:38:00', 27.82, 27.84, 27.82, 27.85, 1919]
['2019-03-28 10:37:00', 27.81, 27.8, 27.8, 27.82, 895]
['2019-03-28 10:36:00', 27.81, 27.81, 27.81, 27.81, 181]
['2019-03-28 10:35:00', 27.8, 27.81, 27.8, 27.82, 2439]
['2019-03-28 10:34:00', 27.775, 27.79, 27.775, 27.79, 604]
['2019-03-28 10:33:00', 27.79, 27.78, 27.78, 27.81, 1963]
['2019-03-28 10:32:00', 27.8, 27.79, 27.79, 27.8, 796]
['2019-03-28 10:31:00', 27.81, 27.8, 27.8, 27.825, 4807]
['2019-03-28 10:30:00', 27.8, 27.84, 27.8, 27.84, 1104]
['2019-03-28 10:29:00', 27.79, 27.81, 27.77, 27.82, 1537]
['2019-03-28 10:28:00', 27.87, 27.82, 27.82, 27.87, 11846]
['2019-03-28 10:27:00', 27.87, 27.8991, 27.87, 27.92, 2298]
['2019-03-28 10:26:00', 27.85, 27.85, 27.85, 27.88, 1996]
['2019-03-28 10:25:00', 27.87, 27.87, 27.85, 27.89, 3179]
['2019-03-28 10:24:00', 27.81, 27.85, 27.79, 27.86, 2078]
['2019-03-28 10:23:00', 27.83, 27.81, 27.8, 27.83, 1698]
['2019-03-28 10:22:00', 27.84, 27.81, 27.81, 27.86, 1728]
['2019-03-28 10:21:00', 27.79, 27.84, 27.79, 27.89, 4943]
['2019-03-28 10:20:00', 27.76, 27.78, 27.76, 27.79, 1001]
['2019-03-28 10:19:00', 27.755, 27.78, 27.755, 27.8, 5739]
['2019-03-28 10:18:00', 27.76, 27.77, 27.76, 27.77, 500]
['2019-03-28 10:17:00', 27.77, 27.76, 27.76, 27.77, 780]
['2019-03-28 10:16:00', 27.75, 27.77, 27.75, 27.78, 1737]
['2019-03-28 10:15:00', 27.72, 27.76, 27.72, 27.82, 7379]
['2019-03-28 10:14:00', 27.75, 27.73, 27.73, 27.76, 1927]
['2019-03-28 10:13:00', 27.74, 27.75, 27.74, 27.79, 5071]
['2019-03-28 10:12:00', 27.73, 27.74, 27.73, 27.75, 1050]
['2019-03-28 10:11:00', 27.7, 27.7, 27.7, 27.7, 100]
['2019-03-28 10:10:00', 27.69, 27.69, 27.69, 27.69, 300]
['2019-03-28 10:09:00', 27.69, 27.67, 27.67, 27.71, 2569]
['2019-03-28 10:08:00', 27.75, 27.69, 27.69, 27.76, 5930]
['2019-03-28 10:07:00', 27.73, 27.74, 27.71, 27.8, 4817]
['2019-03-28 10:06:00', 27.78, 27.73, 27.73, 27.78, 6292]
['2019-03-28 10:05:00', 27.72, 27.7783, 27.67, 27.7783, 7521]
['2019-03-28 10:04:00', 27.68, 27.73, 27.68, 27.75, 7733]
['2019-03-28 10:03:00', 27.74, 27.72, 27.67, 27.75, 8391]
['2019-03-28 10:02:00', 27.67, 27.72, 27.67, 27.73, 3371]
['2019-03-28 10:01:00', 27.63, 27.66, 27.63, 27.66, 200]
['2019-03-28 10:00:00', 27.71, 27.63, 27.61, 27.71, 2432]
['2019-03-28 09:59:00', 27.64, 27.7, 27.64, 27.71, 1770]
['2019-03-28 09:58:00', 27.62, 27.65, 27.59, 27.65, 8037]
['2019-03-28 09:57:00', 27.63, 27.62, 27.62, 27.63, 350]
['2019-03-28 09:56:00', 27.63, 27.64, 27.63, 27.64, 266]
['2019-03-28 09:55:00', 27.66, 27.66, 27.66, 27.66, 684]
['2019-03-28 09:54:00', 27.64, 27.67, 27.63, 27.67, 688]
['2019-03-28 09:53:00', 27.6555, 27.63, 27.63, 27.68, 3764]
['2019-03-28 09:52:00', 27.66, 27.63, 27.63, 27.66, 1068]
['2019-03-28 09:51:00', 27.64, 27.645, 27.64, 27.66, 1299]
['2019-03-28 09:50:00', 27.64, 27.63, 27.62, 27.64, 1869]
['2019-03-28 09:49:00', 27.6, 27.64, 27.6, 27.64, 420]
['2019-03-28 09:48:00', 27.56, 27.58, 27.56, 27.58, 751]
['2019-03-28 09:47:00', 27.5, 27.5, 27.5, 27.5, 277]
['2019-03-28 09:46:00', 27.5, 27.5, 27.5, 27.5136, 2330]
['2019-03-28 09:45:00', 27.67, 27.58, 27.58, 27.67, 767]
['2019-03-28 09:44:00', 27.63, 27.625, 27.62, 27.64, 857]
['2019-03-28 09:43:00', 27.5, 27.61, 27.47, 27.61, 8484]
['2019-03-28 09:42:00', 27.44, 27.55, 27.44, 27.6, 5672]
['2019-03-28 09:41:00', 27.57, 27.49, 27.48, 27.58, 6325]
['2019-03-28 09:40:00', 27.57, 27.58, 27.57, 27.59, 1135]
['2019-03-28 09:39:00', 27.6, 27.57, 27.57, 27.61, 4288]
['2019-03-28 09:38:00', 27.69, 27.63, 27.62, 27.69, 913]
['2019-03-28 09:37:00', 27.69, 27.71, 27.68, 27.77, 6726]
['2019-03-28 09:36:00', 27.71, 27.71, 27.65, 27.72, 1822]
['2019-03-28 09:35:00', 27.59, 27.64, 27.52, 27.64, 11710]
['2019-03-28 09:34:00', 27.7087, 27.63, 27.62, 27.7087, 4087]
['2019-03-28 09:33:00', 27.66, 27.66, 27.6062, 27.66, 3426]
['2019-03-28 09:32:00', 27.66, 27.66, 27.66, 27.6938, 1520]
['2019-03-28 09:31:00', 27.64, 27.71, 27.61, 27.73, 28185]
['2019-03-27 16:00:00', 28.46, 28.51, 28.45, 28.52, 10212]
['2019-03-27 15:59:00', 28.43, 28.46, 28.42, 28.46, 5566]
['2019-03-27 15:58:00', 28.48, 28.42, 28.41, 28.48, 7384]
['2019-03-27 15:57:00', 28.485, 28.48, 28.48, 28.49, 3179]
['2019-03-27 15:56:00', 28.48, 28.485, 28.48, 28.49, 1893]
['2019-03-27 15:55:00', 28.48, 28.485, 28.48, 28.53, 3816]
['2019-03-27 15:54:00', 28.55, 28.48, 28.48, 28.55, 4019]
['2019-03-27 15:53:00', 28.52, 28.54, 28.51, 28.54, 3155]
['2019-03-27 15:52:00', 28.54, 28.51, 28.48, 28.54, 8698]
['2019-03-27 15:51:00', 28.54, 28.53, 28.53, 28.55, 3160]
['2019-03-27 15:50:00', 28.505, 28.54, 28.5, 28.54, 2643]
['2019-03-27 15:49:00', 28.52, 28.51, 28.49, 28.52, 3228]
['2019-03-27 15:48:00', 28.51, 28.51, 28.51, 28.52, 1122]
['2019-03-27 15:47:00', 28.5, 28.51, 28.49, 28.515, 11374]
['2019-03-27 15:46:00', 28.5, 28.49, 28.48, 28.5, 5873]
['2019-03-27 15:45:00', 28.45, 28.48, 28.45, 28.48, 1215]
['2019-03-27 15:44:00', 28.42, 28.45, 28.42, 28.45, 1896]
['2019-03-27 15:43:00', 28.46, 28.44, 28.44, 28.465, 3486]
['2019-03-27 15:42:00', 28.45, 28.47, 28.45, 28.48, 1791]
['2019-03-27 15:41:00', 28.43, 28.45, 28.43, 28.45, 600]
['2019-03-27 15:40:00', 28.42, 28.42, 28.42, 28.42, 1777]
['2019-03-27 15:39:00', 28.39, 28.42, 28.39, 28.42, 1630]
['2019-03-27 15:38:00', 28.48, 28.39, 28.39, 28.49, 7678]
['2019-03-27 15:37:00', 28.455, 28.47, 28.455, 28.5, 5667]
['2019-03-27 15:36:00', 28.43, 28.45, 28.43, 28.45, 500]
['2019-03-27 15:35:00', 28.4, 28.43, 28.4, 28.43, 2813]
['2019-03-27 15:34:00', 28.46, 28.405, 28.39, 28.49, 5750]
['2019-03-27 15:33:00', 28.41, 28.46, 28.41, 28.46, 2086]
['2019-03-27 15:32:00', 28.42, 28.42, 28.42, 28.4201, 1393]
['2019-03-27 15:31:00', 28.38, 28.42, 28.38, 28.42, 1889]
['2019-03-27 15:30:00', 28.32, 28.36, 28.32, 28.36, 2739]
['2019-03-27 15:29:00', 28.38, 28.32, 28.32, 28.38, 2452]
['2019-03-27 15:28:00', 28.37, 28.38, 28.37, 28.38, 886]
['2019-03-27 15:27:00', 28.375, 28.37, 28.36, 28.375, 921]
['2019-03-27 15:26:00', 28.43, 28.39, 28.37, 28.43, 2382]
['2019-03-27 15:25:00', 28.42, 28.44, 28.41, 28.44, 2559]
['2019-03-27 15:24:00', 28.43, 28.43, 28.42, 28.43, 3302]
['2019-03-27 15:23:00', 28.44, 28.42, 28.42, 28.44, 1140]
['2019-03-27 15:22:00', 28.44, 28.44, 28.44, 28.44, 1200]
['2019-03-27 15:21:00', 28.44, 28.45, 28.44, 28.45, 400]
['2019-03-27 15:20:00', 28.46, 28.45, 28.45, 28.46, 879]
['2019-03-27 15:19:00', 28.44, 28.4798, 28.44, 28.4798, 1084]
['2019-03-27 15:18:00', 28.45, 28.44, 28.44, 28.45, 1100]
['2019-03-27 15:17:00', 28.47, 28.45, 28.45, 28.47, 1110]
['2019-03-27 15:16:00', 28.4594, 28.47, 28.4594, 28.47, 834]
['2019-03-27 15:15:00', 28.44, 28.46, 28.44, 28.46, 1486]
['2019-03-27 15:14:00', 28.47, 28.46, 28.46, 28.47, 616]
['2019-03-27 15:13:00', 28.48, 28.48, 28.47, 28.48, 1250]
['2019-03-27 15:12:00', 28.48, 28.5, 28.48, 28.5, 1346]
['2019-03-27 15:11:00', 28.44, 28.49, 28.44, 28.49, 1664]
['2019-03-27 15:10:00', 28.4, 28.46, 28.37, 28.46, 2401]
['2019-03-27 15:09:00', 28.46, 28.42, 28.42, 28.46, 3117]
['2019-03-27 15:08:00', 28.46, 28.47, 28.46, 28.48, 1598]
['2019-03-27 15:07:00', 28.51, 28.48, 28.46, 28.51, 4099]
['2019-03-27 15:06:00', 28.47, 28.51, 28.47, 28.51, 2503]
['2019-03-27 15:05:00', 28.52, 28.47, 28.47, 28.53, 5272]
['2019-03-27 15:04:00', 28.54, 28.53, 28.53, 28.54, 650]
['2019-03-27 15:03:00', 28.56, 28.55, 28.55, 28.56, 616]
['2019-03-27 15:02:00', 28.58, 28.57, 28.56, 28.58, 2372]
['2019-03-27 15:01:00', 28.59, 28.58, 28.58, 28.59, 667]
['2019-03-27 15:00:00', 28.64, 28.59, 28.585, 28.64, 1428]
['2019-03-27 14:59:00', 28.64, 28.63, 28.61, 28.64, 1742]
['2019-03-27 14:58:00', 28.68, 28.65, 28.65, 28.68, 1632]
['2019-03-27 14:57:00', 28.69, 28.69, 28.69, 28.69, 1134]
['2019-03-27 14:56:00', 28.72, 28.7, 28.7, 28.72, 650]
['2019-03-27 14:55:00', 28.705, 28.73, 28.705, 28.73, 1044]
['2019-03-27 14:54:00', 28.71, 28.72, 28.71, 28.72, 752]
['2019-03-27 14:53:00', 28.7, 28.71, 28.7, 28.71, 335]
['2019-03-27 14:52:00', 28.69, 28.7, 28.69, 28.7, 1538]
['2019-03-27 14:51:00', 28.68, 28.69, 28.68, 28.7, 738]
['2019-03-27 14:50:00', 28.69, 28.7, 28.69, 28.7, 664]
['2019-03-27 14:49:00', 28.69, 28.69, 28.69, 28.69, 507]
['2019-03-27 14:48:00', 28.7, 28.7, 28.7, 28.7, 301]
['2019-03-27 14:47:00', 28.73, 28.73, 28.73, 28.73, 895]
['2019-03-27 14:46:00', 28.71, 28.71, 28.71, 28.71, 233]
['2019-03-27 14:45:00', 28.75, 28.71, 28.71, 28.75, 540]
['2019-03-27 14:44:00', 28.75, 28.75, 28.75, 28.75, 1200]
['2019-03-27 14:43:00', 28.75, 28.75, 28.75, 28.75, 442]
['2019-03-27 14:42:00', 28.76, 28.76, 28.76, 28.76, 600]
['2019-03-27 14:41:00', 28.73, 28.74, 28.73, 28.74, 1276]
['2019-03-27 14:40:00', 28.78, 28.72, 28.7, 28.78, 7558]
['2019-03-27 14:39:00', 28.85, 28.8, 28.8, 28.85, 619]
['2019-03-27 14:38:00', 28.85, 28.855, 28.84, 28.855, 633]
['2019-03-27 14:37:00', 28.86, 28.86, 28.86, 28.87, 1466]
['2019-03-27 14:36:00', 28.87, 28.87, 28.865, 28.87, 4647]
['2019-03-27 14:35:00', 28.89, 28.87, 28.87, 28.89, 712]
['2019-03-27 14:34:00', 28.93, 28.91, 28.91, 28.93, 2270]
['2019-03-27 14:33:00', 28.94, 28.94, 28.94, 28.94, 233]
['2019-03-27 14:32:00', 28.98, 28.96, 28.96, 28.98, 1583]
['2019-03-27 14:31:00', 28.97, 28.98, 28.97, 28.98, 600]
['2019-03-27 14:30:00', 28.96, 28.96, 28.96, 28.96, 1210]
['2019-03-27 14:29:00', 28.97, 28.96, 28.96, 28.97, 366]
['2019-03-27 14:28:00', 28.99, 28.98, 28.98, 28.99, 899]
['2019-03-27 14:27:00', 28.98, 28.99, 28.98, 28.99, 600]
['2019-03-27 14:26:00', 28.96, 28.97, 28.96, 28.97, 716]
['2019-03-27 14:25:00', 28.95, 28.97, 28.95, 28.97, 1172]
['2019-03-27 14:24:00', 28.94, 28.94, 28.94, 28.94, 588]
['2019-03-27 14:22:00', 28.93, 28.93, 28.93, 28.93, 1057]
['2019-03-27 14:21:00', 28.97, 28.95, 28.95, 28.98, 2640]
['2019-03-27 14:20:00', 28.97, 28.965, 28.965, 28.97, 647]
['2019-03-27 14:19:00', 28.99, 28.97, 28.97, 28.99, 1655]
['2019-03-27 14:18:00', 29.03, 29.03, 29.03, 29.03, 543]
['2019-03-27 14:17:00', 29.05, 29.05, 29.05, 29.05, 661]
['2019-03-27 14:16:00', 29.05, 29.06, 29.05, 29.06, 615]
['2019-03-27 14:15:00', 29.12, 29.05, 29.05, 29.12, 1906]
['2019-03-27 14:14:00', 29.12, 29.12, 29.12, 29.12, 415]
['2019-03-27 14:13:00', 29.14, 29.12, 29.12, 29.14, 690]
['2019-03-27 14:12:00', 29.11, 29.13, 29.11, 29.13, 1388]
['2019-03-27 14:11:00', 29.12, 29.1, 29.1, 29.12, 409]
['2019-03-27 14:10:00', 29.08, 29.1, 29.08, 29.1, 808]
['2019-03-27 14:09:00', 29.09, 29.08, 29.08, 29.1, 1134]
['2019-03-27 14:08:00', 29.13, 29.09, 29.09, 29.13, 540]
['2019-03-27 14:06:00', 29.19, 29.14, 29.14, 29.2, 2405]
['2019-03-27 14:05:00', 29.18, 29.18, 29.18, 29.18, 1785]
['2019-03-27 14:04:00', 29.2, 29.19, 29.19, 29.21, 914]
['2019-03-27 14:03:00', 29.19, 29.19, 29.19, 29.19, 620]
['2019-03-27 14:02:00', 29.19, 29.21, 29.19, 29.21, 710]
['2019-03-27 14:01:00', 29.22, 29.19, 29.19, 29.22, 880]
['2019-03-27 14:00:00', 29.22, 29.22, 29.22, 29.22, 300]
['2019-03-27 13:59:00', 29.19, 29.22, 29.19, 29.22, 733]
['2019-03-27 13:57:00', 29.19, 29.19, 29.19, 29.19, 402]
['2019-03-27 13:56:00', 29.18, 29.19, 29.17, 29.215, 4863]
['2019-03-27 13:55:00', 29.13, 29.17, 29.13, 29.17, 1666]
['2019-03-27 13:48:00', 29.19, 29.19, 29.19, 29.19, 802]
['2019-03-27 13:46:00', 29.21, 29.2, 29.2, 29.22, 964]
['2019-03-27 13:45:00', 29.23, 29.23, 29.22, 29.23, 575]
['2019-03-27 13:44:00', 29.2, 29.22, 29.2, 29.22, 439]
['2019-03-27 13:43:00', 29.22, 29.22, 29.21, 29.23, 1043]
['2019-03-27 13:41:00', 29.19, 29.2, 29.18, 29.2, 700]
['2019-03-27 13:40:00', 29.19, 29.19, 29.19, 29.19, 100]
['2019-03-27 13:39:00', 29.195, 29.19, 29.18, 29.2, 1484]
['2019-03-27 13:38:00', 29.19, 29.19, 29.19, 29.19, 200]
['2019-03-27 13:37:00', 29.19, 29.19, 29.19, 29.19, 107]
['2019-03-27 13:35:00', 29.19, 29.19, 29.19, 29.19, 100]
['2019-03-27 13:34:00', 29.23, 29.21, 29.21, 29.23, 780]
['2019-03-27 13:31:00', 29.22, 29.22, 29.22, 29.22, 533]
['2019-03-27 13:30:00', 29.2, 29.22, 29.2, 29.22, 500]
['2019-03-27 13:29:00', 29.23, 29.23, 29.23, 29.23, 333]
['2019-03-27 13:28:00', 29.24, 29.24, 29.24, 29.24, 134]
['2019-03-27 13:27:00', 29.23, 29.23, 29.23, 29.23, 166]
['2019-03-27 13:26:00', 29.23, 29.23, 29.23, 29.28, 2871]
['2019-03-27 13:25:00', 29.23, 29.23, 29.23, 29.23, 100]
['2019-03-27 13:24:00', 29.25, 29.25, 29.25, 29.25, 613]
['2019-03-27 13:23:00', 29.24, 29.26, 29.24, 29.27, 1124]
['2019-03-27 13:22:00', 29.25, 29.24, 29.24, 29.25, 2765]
['2019-03-27 13:21:00', 29.22, 29.26, 29.22, 29.26, 316]
['2019-03-27 13:19:00', 29.18, 29.22, 29.18, 29.22, 830]
['2019-03-27 13:18:00', 29.16, 29.16, 29.16, 29.16, 150]
['2019-03-27 13:16:00', 29.23, 29.18, 29.18, 29.23, 1350]
['2019-03-27 13:15:00', 29.22, 29.22, 29.22, 29.22, 333]
['2019-03-27 13:14:00', 29.19, 29.21, 29.19, 29.21, 367]
['2019-03-27 13:12:00', 29.16, 29.15, 29.15, 29.16, 467]
['2019-03-27 13:11:00', 29.12, 29.14, 29.12, 29.14, 799]
['2019-03-27 13:09:00', 29.14, 29.13, 29.13, 29.14, 554]
['2019-03-27 13:08:00', 29.1498, 29.1498, 29.1498, 29.1498, 110]
['2019-03-27 13:07:00', 29.15, 29.14, 29.14, 29.15, 434]
['2019-03-27 13:06:00', 29.14, 29.137, 29.137, 29.14, 511]
['2019-03-27 13:05:00', 29.14, 29.14, 29.14, 29.14, 555]
['2019-03-27 13:03:00', 29.14, 29.14, 29.14, 29.14, 258]
['2019-03-27 13:02:00', 29.1173, 29.14, 29.1173, 29.14, 1667]
['2019-03-27 13:01:00', 29.12, 29.12, 29.11, 29.13, 843]
['2019-03-27 13:00:00', 29.1, 29.1, 29.1, 29.1, 240]
['2019-03-27 12:59:00', 29.1, 29.13, 29.09, 29.13, 868]
['2019-03-27 12:58:00', 29.085, 29.085, 29.085, 29.085, 366]
['2019-03-27 12:57:00', 29.09, 29.085, 29.085, 29.09, 900]
['2019-03-27 12:56:00', 29.1, 29.09, 29.09, 29.1, 1379]
['2019-03-27 12:55:00', 29.1, 29.09, 29.09, 29.1, 848]
['2019-03-27 12:54:00', 29.11, 29.11, 29.11, 29.11, 516]
['2019-03-27 12:53:00', 29.12, 29.11, 29.11, 29.12, 1539]
['2019-03-27 12:52:00', 29.1, 29.1, 29.1, 29.1, 300]
['2019-03-27 12:51:00', 29.1, 29.1, 29.1, 29.1, 400]
['2019-03-27 12:50:00', 29.08, 29.12, 29.08, 29.12, 1010]
['2019-03-27 12:49:00', 29.06, 29.08, 29.06, 29.08, 800]
['2019-03-27 12:48:00', 29.04, 29.04, 29.04, 29.04, 310]
['2019-03-27 12:47:00', 29.06, 29.06, 29.06, 29.06, 121]
['2019-03-27 12:46:00', 29.03, 29.03, 29.03, 29.03, 100]
['2019-03-27 12:44:00', 29.05, 29.06, 29.05, 29.06, 472]
['2019-03-27 12:42:00', 29.08, 29.08, 29.08, 29.08, 571]
['2019-03-27 12:41:00', 29.09, 29.07, 29.07, 29.09, 962]
['2019-03-27 12:40:00', 29.09, 29.08, 29.08, 29.09, 300]
['2019-03-27 12:39:00', 29.08, 29.08, 29.07, 29.1, 3135]
['2019-03-27 12:38:00', 29.05, 29.08, 29.05, 29.08, 700]
['2019-03-27 12:37:00', 29.04, 29.05, 29.04, 29.05, 300]
['2019-03-27 12:35:00', 29.04, 29.02, 29.01, 29.04, 5642]
['2019-03-27 12:34:00', 29.03, 29.035, 29.03, 29.04, 561]
['2019-03-27 12:33:00', 29.015, 29.02, 29.015, 29.03, 819]
['2019-03-27 12:32:00', 29.025, 29.02, 29.02, 29.025, 712]
['2019-03-27 12:31:00', 29.01, 29.025, 29.01, 29.03, 2538]
['2019-03-27 12:30:00', 29.01, 29.015, 29.01, 29.015, 501]
['2019-03-27 12:29:00', 29.01, 28.99, 28.99, 29.01, 424]
['2019-03-27 12:28:00', 29.01, 29.02, 29.01, 29.02, 404]
['2019-03-27 12:27:00', 28.98, 28.98, 28.98, 28.98, 100]
['2019-03-27 12:25:00', 28.98, 28.98, 28.98, 28.98, 452]
['2019-03-27 12:24:00', 28.99, 28.98, 28.98, 28.99, 320]
['2019-03-27 12:23:00', 28.97, 28.97, 28.97, 28.97, 269]
['2019-03-27 12:22:00', 28.99, 29.0, 28.99, 29.0, 431]
['2019-03-27 12:21:00', 28.99, 28.99, 28.99, 28.99, 200]
['2019-03-27 12:20:00', 28.96, 28.96, 28.96, 28.96, 201]
['2019-03-27 12:19:00', 28.9741, 28.9741, 28.9741, 28.9741, 100]
['2019-03-27 12:18:00', 28.98, 28.975, 28.975, 28.98, 500]
['2019-03-27 12:16:00', 28.94, 28.965, 28.94, 28.965, 400]
['2019-03-27 12:15:00', 28.97, 28.97, 28.97, 28.97, 594]
['2019-03-27 12:14:00', 28.98, 28.96, 28.95, 28.98, 848]
['2019-03-27 12:13:00', 28.99, 28.99, 28.99, 29.01, 640]
['2019-03-27 12:12:00', 29.005, 28.9738, 28.97, 29.005, 1438]
['2019-03-27 12:11:00', 29.0, 29.01, 28.99, 29.01, 700]
['2019-03-27 12:10:00', 29.01, 29.01, 29.01, 29.01, 2907]
['2019-03-27 12:09:00', 29.03, 29.01, 29.01, 29.03, 1775]
['2019-03-27 12:08:00', 29.05, 29.05, 29.05, 29.06, 1526]
['2019-03-27 12:07:00', 29.04, 29.045, 29.04, 29.05, 1167]
['2019-03-27 12:06:00', 29.04, 29.04, 29.03, 29.04, 2555]
['2019-03-27 12:05:00', 29.02, 29.04, 29.02, 29.05, 7537]
['2019-03-27 12:02:00', 28.93, 28.93, 28.93, 28.93, 24387]
['2019-03-27 12:01:00', 28.99, 28.99, 28.99, 28.99, 133]
['2019-03-27 12:00:00', 28.98, 28.99, 28.98, 28.99, 451]
['2019-03-27 11:59:00', 28.99, 28.9963, 28.99, 28.9963, 316]
['2019-03-27 11:58:00', 29.06, 29.0, 28.99, 29.06, 6357]
['2019-03-27 11:57:00', 29.06, 29.06, 29.0516, 29.06, 1248]
['2019-03-27 11:56:00', 29.05, 29.05, 29.05, 29.05, 488]
['2019-03-27 11:55:00', 29.03, 29.03, 29.03, 29.035, 312]
['2019-03-27 11:54:00', 29.06, 29.03, 29.03, 29.06, 200]
['2019-03-27 11:53:00', 29.08, 29.08, 29.08, 29.08, 440]
['2019-03-27 11:52:00', 29.04, 29.04, 29.04, 29.04, 258]
['2019-03-27 11:51:00', 29.06, 29.08, 29.05, 29.08, 1676]
['2019-03-27 11:50:00', 29.07, 29.07, 29.05, 29.08, 3976]
['2019-03-27 11:48:00', 29.16, 29.15, 29.15, 29.16, 746]
['2019-03-27 11:46:00', 29.14, 29.17, 29.14, 29.17, 1953]
['2019-03-27 11:45:00', 29.17, 29.14, 29.14, 29.17, 2233]
['2019-03-27 11:44:00', 29.18, 29.18, 29.18, 29.18, 300]
['2019-03-27 11:43:00', 29.14, 29.18, 29.14, 29.18, 5942]
['2019-03-27 11:42:00', 29.125, 29.15, 29.125, 29.16, 4510]
['2019-03-27 11:41:00', 29.18, 29.16, 29.14, 29.18, 3436]
['2019-03-27 11:40:00', 29.15, 29.2, 29.14, 29.22, 11887]
['2019-03-27 11:39:00', 29.21, 29.15, 29.14, 29.22, 10354]
['2019-03-27 11:38:00', 29.21, 29.24, 29.21, 29.24, 1327]
['2019-03-27 11:37:00', 29.205, 29.22, 29.19, 29.22, 1878]
['2019-03-27 11:36:00', 29.22, 29.21, 29.21, 29.22, 1385]
['2019-03-27 11:35:00', 29.22, 29.19, 29.19, 29.23, 3825]
['2019-03-27 11:34:00', 29.18, 29.22, 29.18, 29.22, 1183]
['2019-03-27 11:33:00', 29.2, 29.15, 29.15, 29.2, 709]
['2019-03-27 11:32:00', 29.19, 29.18, 29.18, 29.2, 1047]
['2019-03-27 11:31:00', 29.2, 29.21, 29.1989, 29.21, 1000]
['2019-03-27 11:30:00', 29.21, 29.21, 29.1845, 29.23, 2644]
['2019-03-27 11:29:00', 29.16, 29.17, 29.16, 29.17, 863]
['2019-03-27 11:28:00', 29.16, 29.15, 29.15, 29.18, 695]
['2019-03-27 11:27:00', 29.13, 29.19, 29.13, 29.19, 1583]
['2019-03-27 11:26:00', 29.13, 29.12, 29.12, 29.13, 732]
['2019-03-27 11:25:00', 29.13, 29.18, 29.12, 29.18, 2590]
['2019-03-27 11:24:00', 29.06, 29.13, 29.06, 29.13, 1454]
['2019-03-27 11:22:00', 29.05, 29.02, 29.02, 29.05, 983]
['2019-03-27 11:21:00', 29.04, 29.02, 29.02, 29.06, 2468]
['2019-03-27 11:20:00', 29.03, 29.06, 29.03, 29.07, 2359]
['2019-03-27 11:18:00', 28.97, 28.995, 28.97, 28.995, 242]
['2019-03-27 11:16:00', 29.03, 28.96, 28.96, 29.03, 958]
['2019-03-27 11:15:00', 29.005, 29.02, 29.005, 29.03, 690]
['2019-03-27 11:14:00', 29.06, 29.01, 29.0, 29.06, 4493]
['2019-03-27 11:13:00', 29.02, 29.05, 29.02, 29.06, 1367]
['2019-03-27 11:12:00', 29.05, 29.03, 29.03, 29.08, 7851]
['2019-03-27 11:11:00', 29.02, 29.04, 29.0, 29.08, 11725]
['2019-03-27 11:10:00', 29.08, 29.02, 29.02, 29.08, 9218]
['2019-03-27 11:09:00', 29.03, 29.04, 29.03, 29.04, 327]
['2019-03-27 11:08:00', 28.98, 29.02, 28.98, 29.02, 2634]
['2019-03-27 11:07:00', 28.95, 28.95, 28.95, 28.96, 1981]
['2019-03-27 11:06:00', 28.97, 28.95, 28.95, 28.97, 1552]
['2019-03-27 11:05:00', 28.92, 28.975, 28.915, 28.975, 1706]
['2019-03-27 11:04:00', 28.95, 28.95, 28.95, 28.95, 259]
['2019-03-27 11:03:00', 29.0, 28.96, 28.95, 29.0, 2753]
['2019-03-27 11:02:00', 28.99, 28.99, 28.99, 29.04, 3492]
['2019-03-27 11:01:00', 28.99, 28.96, 28.95, 28.99, 1158]
['2019-03-27 11:00:00', 28.99, 28.99, 28.99, 28.99, 100]
['2019-03-27 10:58:00', 28.97, 28.97, 28.97, 28.97, 200]
['2019-03-27 10:57:00', 28.84, 28.895, 28.84, 28.9, 4292]
['2019-03-27 10:56:00', 28.82, 28.81, 28.805, 28.83, 2100]
['2019-03-27 10:55:00', 28.89, 28.83, 28.83, 28.89, 1972]
['2019-03-27 10:54:00', 28.97, 28.88, 28.88, 28.97, 2279]
['2019-03-27 10:53:00', 29.025, 29.02, 29.02, 29.025, 534]
['2019-03-27 10:52:00', 29.04, 29.03, 29.03, 29.05, 2831]
['2019-03-27 10:51:00', 29.03, 29.03, 29.02, 29.03, 628]
['2019-03-27 10:50:00', 29.02, 29.07, 29.02, 29.09, 2555]
['2019-03-27 10:49:00', 29.08, 29.04, 29.03, 29.09, 6857]
['2019-03-27 10:48:00', 29.08, 29.06, 29.06, 29.08, 2869]
['2019-03-27 10:47:00', 29.05, 29.08, 29.05, 29.08, 3656]
['2019-03-27 10:46:00', 29.04, 29.03, 29.03, 29.06, 2910]
['2019-03-27 10:45:00', 29.02, 29.06, 29.02, 29.07, 4802]
['2019-03-27 10:44:00', 29.03, 29.03, 29.03, 29.08, 10224]
['2019-03-27 10:43:00', 29.02, 29.02, 29.0, 29.04, 5195]
['2019-03-27 10:42:00', 29.19, 29.035, 29.03, 29.19, 5424]
['2019-03-27 10:41:00', 29.195, 29.1975, 29.19, 29.215, 5788]
['2019-03-27 10:40:00', 29.19, 29.205, 29.19, 29.215, 2026]
['2019-03-27 10:38:00', 29.24, 29.24, 29.23, 29.24, 734]
['2019-03-27 10:37:00', 29.24, 29.25, 29.24, 29.25, 552]
['2019-03-27 10:36:00', 29.21, 29.26, 29.21, 29.27, 2488]
['2019-03-27 10:35:00', 29.245, 29.21, 29.2, 29.245, 2876]
['2019-03-27 10:34:00', 29.24, 29.25, 29.24, 29.25, 400]
['2019-03-27 10:33:00', 29.25, 29.25, 29.25, 29.25, 350]
['2019-03-27 10:32:00', 29.24, 29.24, 29.24, 29.24, 128]
['2019-03-27 10:31:00', 29.24, 29.26, 29.24, 29.26, 1337]
['2019-03-27 10:30:00', 29.2246, 29.25, 29.2246, 29.25, 1300]
['2019-03-27 10:29:00', 29.2, 29.2, 29.2, 29.2, 200]
['2019-03-27 10:28:00', 29.16, 29.22, 29.16, 29.22, 4292]
['2019-03-27 10:27:00', 29.18, 29.18, 29.18, 29.19, 1267]
['2019-03-27 10:26:00', 29.17, 29.2, 29.16, 29.2, 2731]
['2019-03-27 10:25:00', 29.24, 29.24, 29.2279, 29.25, 1859]
['2019-03-27 10:23:00', 29.27, 29.25, 29.25, 29.27, 453]
['2019-03-27 10:22:00', 29.3, 29.3, 29.3, 29.3, 100]
['2019-03-27 10:21:00', 29.33, 29.33, 29.33, 29.33, 200]
['2019-03-27 10:20:00', 29.32, 29.3375, 29.31, 29.34, 4113]
['2019-03-27 10:19:00', 29.31, 29.32, 29.31, 29.33, 3070]
['2019-03-27 10:18:00', 29.348, 29.33, 29.33, 29.35, 750]
['2019-03-27 10:17:00', 29.31, 29.34, 29.31, 29.34, 1100]
['2019-03-27 10:16:00', 29.31, 29.31, 29.31, 29.31, 100]
['2019-03-27 10:15:00', 29.32, 29.31, 29.31, 29.32, 414]
['2019-03-27 10:14:00', 29.34, 29.32, 29.32, 29.34, 613]
['2019-03-27 10:13:00', 29.34, 29.34, 29.34, 29.34, 100]
['2019-03-27 10:12:00', 29.33, 29.34, 29.33, 29.34, 404]
['2019-03-27 10:11:00', 29.36, 29.36, 29.36, 29.36, 415]
['2019-03-27 10:10:00', 29.37, 29.37, 29.37, 29.37, 194]
['2019-03-27 10:09:00', 29.37, 29.38, 29.37, 29.38, 450]
['2019-03-27 10:08:00', 29.33, 29.34, 29.33, 29.34, 500]
['2019-03-27 10:07:00', 29.36, 29.37, 29.36, 29.37, 400]
['2019-03-27 10:06:00', 29.28, 29.34, 29.26, 29.34, 5235]
['2019-03-27 10:05:00', 29.26, 29.28, 29.26, 29.28, 5392]
['2019-03-27 10:04:00', 29.3, 29.32, 29.3, 29.32, 1274]
['2019-03-27 10:03:00', 29.35, 29.31, 29.31, 29.36, 1800]
['2019-03-27 10:02:00', 29.34, 29.35, 29.34, 29.35, 1550]
['2019-03-27 10:01:00', 29.35, 29.36, 29.33, 29.36, 2079]
['2019-03-27 10:00:00', 29.35, 29.35, 29.35, 29.35, 300]
['2019-03-27 09:59:00', 29.33, 29.35, 29.33, 29.35, 2375]
['2019-03-27 09:58:00', 29.342, 29.342, 29.342, 29.342, 297]
['2019-03-27 09:56:00', 29.46, 29.415, 29.415, 29.4996, 2429]
['2019-03-27 09:55:00', 29.39, 29.42, 29.39, 29.42, 400]
['2019-03-27 09:54:00', 29.35, 29.4, 29.33, 29.41, 2735]
['2019-03-27 09:53:00', 29.4, 29.3697, 29.3697, 29.4, 340]
['2019-03-27 09:52:00', 29.38, 29.4, 29.36, 29.4, 1102]
['2019-03-27 09:51:00', 29.48, 29.447, 29.43, 29.48, 1406]
['2019-03-27 09:50:00', 29.46, 29.46, 29.46, 29.46, 100]
['2019-03-27 09:49:00', 29.49, 29.54, 29.49, 29.56, 2360]
['2019-03-27 09:48:00', 29.57, 29.49, 29.49, 29.58, 2596]
['2019-03-27 09:47:00', 29.6, 29.56, 29.56, 29.6, 200]
['2019-03-27 09:46:00', 29.63, 29.63, 29.62, 29.65, 880]
['2019-03-27 09:45:00', 29.55, 29.615, 29.54, 29.615, 1234]
['2019-03-27 09:44:00', 29.56, 29.5501, 29.53, 29.56, 4543]
['2019-03-27 09:43:00', 29.575, 29.59, 29.575, 29.61, 500]
['2019-03-27 09:42:00', 29.5, 29.58, 29.47, 29.58, 3433]
['2019-03-27 09:41:00', 29.535, 29.5038, 29.5, 29.59, 2624]
['2019-03-27 09:40:00', 29.58, 29.51, 29.51, 29.58, 6185]
['2019-03-27 09:39:00', 29.595, 29.5438, 29.5438, 29.595, 1017]
['2019-03-27 09:38:00', 29.78, 29.75, 29.75, 29.78, 400]
['2019-03-27 09:37:00', 29.8, 29.785, 29.75, 29.8, 737]
['2019-03-27 09:36:00', 29.78, 29.825, 29.77, 29.825, 123127]
['2019-03-27 09:35:00', 29.78, 29.785, 29.775, 29.81, 3019]
['2019-03-27 09:34:00', 29.77, 29.77, 29.77, 29.77, 233]
['2019-03-27 09:33:00', 29.67, 29.69, 29.67, 29.69, 958]
['2019-03-27 09:32:00', 29.78, 29.68, 29.68, 29.78, 8985]
['2019-03-27 09:31:00', 29.65, 29.76, 29.63, 29.76, 6632]
['2019-03-26 16:00:00', 30.67, 30.65, 30.65, 30.67, 8511]
['2019-03-26 15:59:00', 30.62, 30.64, 30.6, 30.64, 9693]
['2019-03-26 15:58:00', 30.62, 30.63, 30.62, 30.63, 3394]
['2019-03-26 15:57:00', 30.63, 30.64, 30.63, 30.64, 3569]
['2019-03-26 15:56:00', 30.58, 30.58, 30.58, 30.58, 2240]
['2019-03-26 15:55:00', 30.62, 30.61, 30.61, 30.62, 4939]
['2019-03-26 15:54:00', 30.62, 30.59, 30.59, 30.62, 5869]
['2019-03-26 15:53:00', 30.62, 30.62, 30.62, 30.62, 3896]
['2019-03-26 15:52:00', 30.67, 30.615, 30.61, 30.67, 11923]
['2019-03-26 15:51:00', 30.68, 30.68, 30.68, 30.68, 4107]
['2019-03-26 15:50:00', 30.68, 30.68, 30.68, 30.68, 1642]
['2019-03-26 15:49:00', 30.67, 30.67, 30.67, 30.67, 2581]
['2019-03-26 15:48:00', 30.65, 30.65, 30.65, 30.65, 1571]
['2019-03-26 15:47:00', 30.635, 30.64, 30.635, 30.64, 2969]
['2019-03-26 15:46:00', 30.66, 30.67, 30.66, 30.67, 3339]
['2019-03-26 15:45:00', 30.69, 30.69, 30.69, 30.69, 749]
['2019-03-26 15:44:00', 30.7, 30.68, 30.68, 30.7, 1628]
['2019-03-26 15:43:00', 30.69, 30.69, 30.69, 30.69, 1884]
['2019-03-26 15:42:00', 30.7, 30.7, 30.7, 30.7, 1250]
['2019-03-26 15:41:00', 30.72, 30.69, 30.69, 30.72, 2196]
['2019-03-26 15:40:00', 30.79, 30.76, 30.76, 30.79, 1920]
['2019-03-26 15:39:00', 30.69, 30.73, 30.69, 30.73, 1513]
['2019-03-26 15:38:00', 30.67, 30.69, 30.65, 30.69, 7608]
['2019-03-26 15:37:00', 30.67, 30.66, 30.66, 30.67, 3194]
['2019-03-26 15:36:00', 30.72, 30.72, 30.72, 30.72, 967]
['2019-03-26 15:35:00', 30.72, 30.74, 30.72, 30.74, 1843]
['2019-03-26 15:34:00', 30.74, 30.74, 30.74, 30.74, 393]
['2019-03-26 15:33:00', 30.77, 30.75, 30.75, 30.77, 2203]
['2019-03-26 15:32:00', 30.83, 30.7673, 30.7673, 30.83, 12985]
['2019-03-26 15:31:00', 30.84, 30.84, 30.84, 30.84, 747]
['2019-03-26 15:30:00', 30.82, 30.83, 30.82, 30.83, 1248]
['2019-03-26 15:29:00', 30.87, 30.83, 30.83, 30.87, 2067]
['2019-03-26 15:28:00', 30.86, 30.86, 30.86, 30.86, 633]
['2019-03-26 15:27:00', 30.85, 30.85, 30.85, 30.85, 3082]
['2019-03-26 15:26:00', 30.86, 30.85, 30.85, 30.86, 18515]
['2019-03-26 15:25:00', 30.85, 30.84, 30.84, 30.85, 1582]
['2019-03-26 15:24:00', 30.86, 30.86, 30.86, 30.86, 1238]
['2019-03-26 15:23:00', 30.87, 30.88, 30.87, 30.88, 2148]
['2019-03-26 15:22:00', 30.85, 30.85, 30.85, 30.85, 783]
['2019-03-26 15:21:00', 30.84, 30.84, 30.84, 30.84, 927]
['2019-03-26 15:20:00', 30.79, 30.84, 30.79, 30.84, 3907]
['2019-03-26 15:19:00', 30.82, 30.81, 30.81, 30.82, 1839]
['2019-03-26 15:18:00', 30.82, 30.82, 30.82, 30.82, 1433]
['2019-03-26 15:17:00', 30.83, 30.81, 30.81, 30.83, 2132]
['2019-03-26 15:16:00', 30.85, 30.85, 30.85, 30.85, 519]
['2019-03-26 15:15:00', 30.74, 30.799, 30.74, 30.799, 2393]
['2019-03-26 15:14:00', 30.72, 30.72, 30.72, 30.72, 471]
['2019-03-26 15:13:00', 30.73, 30.71, 30.71, 30.73, 2129]
['2019-03-26 15:12:00', 30.73, 30.73, 30.73, 30.73, 1366]
['2019-03-26 15:11:00', 30.73, 30.73, 30.73, 30.73, 7411]
['2019-03-26 15:10:00', 30.75, 30.72, 30.72, 30.75, 6153]
['2019-03-26 15:09:00', 30.76, 30.75, 30.75, 30.76, 5447]
['2019-03-26 15:08:00', 30.75, 30.75, 30.75, 30.75, 8147]
['2019-03-26 15:07:00', 30.7, 30.74, 30.7, 30.74, 2899]
['2019-03-26 15:05:00', 30.65, 30.68, 30.65, 30.68, 1900]
['2019-03-26 15:04:00', 30.7, 30.6658, 30.6658, 30.7, 2483]
['2019-03-26 15:02:00', 30.68, 30.72, 30.68, 30.72, 999]
['2019-03-26 15:01:00', 30.68, 30.68, 30.68, 30.68, 1723]
['2019-03-26 15:00:00', 30.76, 30.73, 30.73, 30.76, 1563]
['2019-03-26 14:59:00', 30.74, 30.74, 30.74, 30.74, 1434]
['2019-03-26 14:58:00', 30.75, 30.75, 30.75, 30.75, 2213]
['2019-03-26 14:57:00', 30.7234, 30.7234, 30.7234, 30.7234, 1402]
['2019-03-26 14:56:00', 30.7, 30.7, 30.7, 30.7, 687]
['2019-03-26 14:55:00', 30.71, 30.71, 30.71, 30.71, 950]
['2019-03-26 14:54:00', 30.66, 30.67, 30.66, 30.67, 1880]
['2019-03-26 14:51:00', 30.62, 30.66, 30.62, 30.66, 1801]
['2019-03-26 14:50:00', 30.68, 30.67, 30.67, 30.68, 1430]
['2019-03-26 14:47:00', 30.69, 30.68, 30.68, 30.69, 1725]
['2019-03-26 14:45:00', 30.73, 30.73, 30.73, 30.73, 484]
['2019-03-26 14:44:00', 30.74, 30.74, 30.74, 30.74, 546]
['2019-03-26 14:43:00', 30.76, 30.76, 30.76, 30.76, 943]
['2019-03-26 14:42:00', 30.77, 30.76, 30.76, 30.77, 1533]
['2019-03-26 14:41:00', 30.73, 30.73, 30.72, 30.73, 1942]
['2019-03-26 14:40:00', 30.71, 30.7, 30.7, 30.71, 1084]
['2019-03-26 14:39:00', 30.64, 30.65, 30.64, 30.65, 1318]
['2019-03-26 14:38:00', 30.6, 30.61, 30.6, 30.61, 1678]
['2019-03-26 14:37:00', 30.59, 30.585, 30.585, 30.59, 825]
['2019-03-26 14:36:00', 30.59, 30.59, 30.59, 30.59, 308]
['2019-03-26 14:35:00', 30.6, 30.62, 30.6, 30.62, 870]
['2019-03-26 14:34:00', 30.6, 30.61, 30.6, 30.61, 2037]
['2019-03-26 14:33:00', 30.63, 30.63, 30.63, 30.63, 668]
['2019-03-26 14:32:00', 30.69, 30.69, 30.69, 30.69, 986]
['2019-03-26 14:31:00', 30.71, 30.71, 30.71, 30.71, 1495]
['2019-03-26 14:30:00', 30.75, 30.75, 30.75, 30.75, 433]
['2019-03-26 14:28:00', 30.7, 30.69, 30.69, 30.7, 1852]
['2019-03-26 14:27:00', 30.67, 30.68, 30.67, 30.68, 514]
['2019-03-26 14:26:00', 30.63, 30.63, 30.63, 30.63, 384]
['2019-03-26 14:25:00', 30.61, 30.61, 30.61, 30.61, 768]
['2019-03-26 14:24:00', 30.61, 30.62, 30.61, 30.62, 1700]
['2019-03-26 14:23:00', 30.6, 30.61, 30.6, 30.61, 1828]
['2019-03-26 14:22:00', 30.63, 30.62, 30.62, 30.63, 2533]
['2019-03-26 14:21:00', 30.65, 30.65, 30.65, 30.65, 25367]
['2019-03-26 14:19:00', 30.64, 30.64, 30.64, 30.64, 976]
['2019-03-26 14:18:00', 30.65, 30.65, 30.65, 30.65, 548]
['2019-03-26 14:17:00', 30.63, 30.63, 30.63, 30.63, 936]
['2019-03-26 14:16:00', 30.64, 30.62, 30.62, 30.64, 2734]
['2019-03-26 14:15:00', 30.64, 30.66, 30.64, 30.66, 5680]
['2019-03-26 14:14:00', 30.66, 30.66, 30.66, 30.66, 3416]
['2019-03-26 14:13:00', 30.65, 30.65, 30.65, 30.65, 1617]
['2019-03-26 14:12:00', 30.64, 30.66, 30.64, 30.66, 5200]
['2019-03-26 14:11:00', 30.69, 30.69, 30.69, 30.69, 1350]
['2019-03-26 14:10:00', 30.68, 30.68, 30.68, 30.68, 447]
['2019-03-26 14:09:00', 30.68, 30.68, 30.68, 30.68, 750]
['2019-03-26 14:08:00', 30.68, 30.68, 30.68, 30.68, 400]
['2019-03-26 14:07:00', 30.71, 30.71, 30.71, 30.71, 433]
['2019-03-26 14:06:00', 30.78, 30.77, 30.77, 30.78, 7046]
['2019-03-26 14:05:00', 30.73, 30.74, 30.7093, 30.74, 3941]
['2019-03-26 14:04:00', 30.73, 30.73, 30.73, 30.73, 634]
['2019-03-26 14:03:00', 30.69, 30.69, 30.69, 30.69, 783]
['2019-03-26 14:02:00', 30.75, 30.74, 30.74, 30.75, 1051]
['2019-03-26 14:01:00', 30.7, 30.73, 30.7, 30.73, 1656]
['2019-03-26 14:00:00', 30.66, 30.65, 30.65, 30.66, 3466]
['2019-03-26 13:59:00', 30.7, 30.65, 30.61, 30.7, 4730]
['2019-03-26 13:58:00', 30.69, 30.69, 30.69, 30.69, 818]
['2019-03-26 13:57:00', 30.67, 30.67, 30.67, 30.67, 416]
['2019-03-26 13:55:00', 30.59, 30.55, 30.55, 30.59, 5157]
['2019-03-26 13:53:00', 30.58, 30.62, 30.58, 30.62, 856]
['2019-03-26 13:51:00', 30.541, 30.541, 30.541, 30.541, 418]
['2019-03-26 13:49:00', 30.535, 30.52, 30.52, 30.535, 443]
['2019-03-26 13:47:00', 30.56, 30.56, 30.56, 30.56, 163]
['2019-03-26 13:46:00', 30.5, 30.5, 30.5, 30.5, 798]
['2019-03-26 13:44:00', 30.45, 30.45, 30.45, 30.45, 101]
['2019-03-26 13:43:00', 30.43, 30.43, 30.43, 30.43, 240]
['2019-03-26 13:42:00', 30.42, 30.42, 30.42, 30.42, 426]
['2019-03-26 13:41:00', 30.38, 30.4, 30.38, 30.4, 927]
['2019-03-26 13:39:00', 30.35, 30.35, 30.35, 30.35, 405]
['2019-03-26 13:36:00', 30.3668, 30.34, 30.34, 30.3668, 2039]
['2019-03-26 13:34:00', 30.39, 30.39, 30.39, 30.39, 612]
['2019-03-26 13:33:00', 30.39, 30.39, 30.39, 30.39, 901]
['2019-03-26 13:32:00', 30.39, 30.39, 30.39, 30.39, 1929]
['2019-03-26 13:30:00', 30.35, 30.35, 30.35, 30.35, 500]
['2019-03-26 13:28:00', 30.3385, 30.3385, 30.3385, 30.3385, 434]
['2019-03-26 13:27:00', 30.3785, 30.34, 30.34, 30.3785, 1347]
['2019-03-26 13:25:00', 30.39, 30.38, 30.38, 30.39, 1300]
['2019-03-26 13:24:00', 30.37, 30.37, 30.37, 30.37, 448]
['2019-03-26 13:23:00', 30.4, 30.4, 30.4, 30.4, 695]
['2019-03-26 13:22:00', 30.35, 30.35, 30.35, 30.35, 833]
['2019-03-26 13:21:00', 30.44, 30.36, 30.36, 30.44, 3897]
['2019-03-26 13:20:00', 30.42, 30.43, 30.42, 30.43, 1200]
['2019-03-26 13:19:00', 30.41, 30.41, 30.41, 30.41, 1030]
['2019-03-26 13:18:00', 30.4, 30.4, 30.4, 30.4, 208]
['2019-03-26 13:17:00', 30.35, 30.35, 30.35, 30.35, 1603]
['2019-03-26 13:16:00', 30.27, 30.27, 30.27, 30.27, 752]
['2019-03-26 13:15:00', 30.25, 30.25, 30.25, 30.25, 601]
['2019-03-26 13:14:00', 30.25, 30.25, 30.25, 30.25, 317]
['2019-03-26 13:13:00', 30.23, 30.23, 30.23, 30.23, 777]
['2019-03-26 13:12:00', 30.27, 30.27, 30.27, 30.27, 506]
['2019-03-26 13:11:00', 30.28, 30.28, 30.28, 30.28, 394]
['2019-03-26 13:09:00', 30.25, 30.25, 30.25, 30.25, 310]
['2019-03-26 13:08:00', 30.21, 30.2002, 30.2002, 30.21, 2772]
['2019-03-26 13:06:00', 30.16, 30.16, 30.16, 30.16, 1265]
['2019-03-26 13:05:00', 30.17, 30.17, 30.17, 30.17, 505]
['2019-03-26 13:03:00', 30.11, 30.11, 30.11, 30.11, 1227]
['2019-03-26 13:02:00', 30.1, 30.1, 30.1, 30.1, 675]
['2019-03-26 13:00:00', 30.085, 30.085, 30.085, 30.085, 210]
['2019-03-26 12:59:00', 30.0, 30.02, 30.0, 30.02, 2168]
['2019-03-26 12:58:00', 30.0, 30.0, 30.0, 30.0, 3137]
['2019-03-26 12:57:00', 30.0, 30.0, 30.0, 30.0, 2581]
['2019-03-26 12:56:00', 30.0, 30.0, 30.0, 30.0, 1778]
['2019-03-26 12:55:00', 29.98, 29.98, 29.98, 29.98, 1441]
['2019-03-26 12:54:00', 29.93, 29.97, 29.93, 29.97, 1707]
['2019-03-26 12:53:00', 29.94, 29.93, 29.93, 29.94, 1019]
['2019-03-26 12:51:00', 29.89, 29.89, 29.89, 29.89, 707]
['2019-03-26 12:50:00', 29.91, 29.89, 29.89, 29.91, 1926]
['2019-03-26 12:48:00', 29.9, 29.9, 29.9, 29.9, 100]
['2019-03-26 12:47:00', 29.92, 29.92, 29.92, 29.92, 810]
['2019-03-26 12:46:00', 29.93, 29.93, 29.93, 29.93, 523]
['2019-03-26 12:45:00', 29.92, 29.93, 29.92, 29.93, 7102]
['2019-03-26 12:44:00', 29.97, 29.97, 29.97, 29.97, 350]
['2019-03-26 12:43:00', 29.99, 29.99, 29.99, 29.99, 689]
['2019-03-26 12:42:00', 30.0, 30.0, 30.0, 30.0, 650]
['2019-03-26 12:41:00', 30.0, 30.01, 30.0, 30.01, 1711]
['2019-03-26 12:39:00', 30.08, 30.06, 30.06, 30.08, 1612]
['2019-03-26 12:38:00', 30.08, 30.1, 30.08, 30.1, 2070]
['2019-03-26 12:36:00', 30.07, 30.06, 30.06, 30.07, 1437]
['2019-03-26 12:34:00', 30.07, 30.07, 30.07, 30.07, 2877]
['2019-03-26 12:33:00', 30.065, 30.07, 30.065, 30.07, 1857]
['2019-03-26 12:32:00', 30.08, 30.07, 30.07, 30.08, 2251]
['2019-03-26 12:31:00', 30.11, 30.11, 30.11, 30.11, 1155]
['2019-03-26 12:30:00', 30.18, 30.15, 30.15, 30.18, 5314]
['2019-03-26 12:29:00', 30.17, 30.18, 30.13, 30.18, 8449]
['2019-03-26 12:28:00', 30.23, 30.18, 30.18, 30.23, 3083]
['2019-03-26 12:27:00', 30.26, 30.233, 30.23, 30.26, 9390]
['2019-03-26 12:26:00', 30.26, 30.26, 30.26, 30.26, 1100]
['2019-03-26 12:25:00', 30.25, 30.25, 30.25, 30.25, 2615]
['2019-03-26 12:22:00', 30.27, 30.27, 30.27, 30.27, 1221]
['2019-03-26 12:20:00', 30.28, 30.28, 30.28, 30.28, 366]
['2019-03-26 12:18:00', 30.29, 30.28, 30.28, 30.29, 1487]
['2019-03-26 12:17:00', 30.28, 30.28, 30.28, 30.28, 249]
['2019-03-26 12:16:00', 30.26, 30.27, 30.26, 30.27, 1929]
['2019-03-26 12:15:00', 30.25, 30.25, 30.25, 30.25, 267]
['2019-03-26 12:12:00', 30.25, 30.25, 30.25, 30.25, 603]
['2019-03-26 12:11:00', 30.26, 30.26, 30.26, 30.26, 838]
['2019-03-26 12:10:00', 30.26, 30.26, 30.26, 30.26, 224]
['2019-03-26 12:09:00', 30.25, 30.25, 30.25, 30.25, 1081]
['2019-03-26 12:07:00', 30.27, 30.27, 30.27, 30.27, 576]
['2019-03-26 12:06:00', 30.27, 30.27, 30.27, 30.27, 1404]
['2019-03-26 12:05:00', 30.25, 30.25, 30.25, 30.25, 760]
['2019-03-26 12:04:00', 30.25, 30.25, 30.25, 30.25, 526]
['2019-03-26 12:03:00', 30.27, 30.27, 30.27, 30.27, 2506]
['2019-03-26 12:02:00', 30.28, 30.28, 30.28, 30.28, 432]
['2019-03-26 12:01:00', 30.28, 30.28, 30.28, 30.28, 767]
['2019-03-26 11:59:00', 30.28, 30.28, 30.28, 30.28, 1375]
['2019-03-26 11:58:00', 30.275, 30.275, 30.275, 30.275, 1169]
['2019-03-26 11:57:00', 30.29, 30.29, 30.29, 30.29, 653]
['2019-03-26 11:56:00', 30.27, 30.3, 30.27, 30.3, 2609]
['2019-03-26 11:54:00', 30.27, 30.27, 30.27, 30.27, 400]
['2019-03-26 11:52:00', 30.29, 30.29, 30.29, 30.29, 700]
['2019-03-26 11:51:00', 30.31, 30.31, 30.31, 30.31, 436]
['2019-03-26 11:50:00', 30.33, 30.33, 30.33, 30.33, 200]
['2019-03-26 11:48:00', 30.34, 30.34, 30.34, 30.34, 1116]
['2019-03-26 11:47:00', 30.32, 30.32, 30.32, 30.32, 582]
['2019-03-26 11:45:00', 30.31, 30.3, 30.3, 30.31, 1028]
['2019-03-26 11:42:00', 30.29, 30.29, 30.29, 30.29, 964]
['2019-03-26 11:41:00', 30.29, 30.29, 30.29, 30.29, 452]
['2019-03-26 11:39:00', 30.25, 30.27, 30.25, 30.27, 543]
['2019-03-26 11:37:00', 30.25, 30.26, 30.25, 30.26, 883]
['2019-03-26 11:33:00', 30.24, 30.24, 30.24, 30.24, 1066]
['2019-03-26 11:32:00', 30.26, 30.26, 30.26, 30.26, 100]
['2019-03-26 11:31:00', 30.24, 30.24, 30.24, 30.24, 1241]
['2019-03-26 11:29:00', 30.24, 30.22, 30.22, 30.24, 1220]
['2019-03-26 11:25:00', 30.24, 30.26, 30.24, 30.26, 1179]
['2019-03-26 11:24:00', 30.2766, 30.2766, 30.2766, 30.2766, 620]
['2019-03-26 11:22:00', 30.3, 30.3, 30.3, 30.3, 500]
['2019-03-26 11:20:00', 30.3, 30.3, 30.3, 30.3, 350]
['2019-03-26 11:19:00', 30.29, 30.29, 30.29, 30.29, 506]
['2019-03-26 11:17:00', 30.35, 30.35, 30.35, 30.35, 400]
['2019-03-26 11:16:00', 30.34, 30.34, 30.34, 30.34, 799]
['2019-03-26 11:15:00', 30.4, 30.38, 30.38, 30.4, 587]
['2019-03-26 11:12:00', 30.39, 30.39, 30.39, 30.39, 201]
['2019-03-26 11:11:00', 30.37, 30.37, 30.37, 30.37, 504]
['2019-03-26 11:10:00', 30.41, 30.41, 30.41, 30.41, 619]
['2019-03-26 11:09:00', 30.45, 30.45, 30.45, 30.45, 831]
['2019-03-26 11:08:00', 30.44, 30.44, 30.44, 30.44, 1000]
['2019-03-26 11:07:00', 30.49, 30.49, 30.49, 30.49, 408]
['2019-03-26 11:06:00', 30.465, 30.5, 30.465, 30.5, 2347]
['2019-03-26 11:05:00', 30.47, 30.45, 30.45, 30.47, 3188]
['2019-03-26 11:04:00', 30.49, 30.485, 30.485, 30.55, 3526]
['2019-03-26 11:03:00', 30.37, 30.48, 30.37, 30.48, 17908]
['2019-03-26 11:02:00', 30.35, 30.35, 30.35, 30.35, 1011]
['2019-03-26 11:01:00', 30.35, 30.35, 30.35, 30.35, 1174]
['2019-03-26 11:00:00', 30.37, 30.37, 30.37, 30.37, 1066]
['2019-03-26 10:59:00', 30.4, 30.4, 30.4, 30.4, 528]
['2019-03-26 10:58:00', 30.4, 30.4, 30.4, 30.4, 533]
['2019-03-26 10:57:00', 30.4, 30.37, 30.37, 30.4, 9158]
['2019-03-26 10:56:00', 30.36, 30.395, 30.36, 30.41, 13439]
['2019-03-26 10:55:00', 30.36, 30.36, 30.36, 30.36, 1504]
['2019-03-26 10:54:00', 30.33, 30.33, 30.33, 30.33, 300]
['2019-03-26 10:52:00', 30.33, 30.33, 30.33, 30.33, 235]
['2019-03-26 10:51:00', 30.32, 30.32, 30.32, 30.32, 1045]
['2019-03-26 10:50:00', 30.33, 30.33, 30.33, 30.33, 679]
['2019-03-26 10:49:00', 30.31, 30.31, 30.31, 30.31, 1006]
['2019-03-26 10:47:00', 30.2, 30.24, 30.2, 30.24, 2256]
['2019-03-26 10:45:00', 30.27, 30.22, 30.22, 30.27, 1634]
['2019-03-26 10:44:00', 30.27, 30.27, 30.27, 30.27, 867]
['2019-03-26 10:43:00', 30.32, 30.28, 30.28, 30.32, 2043]
['2019-03-26 10:42:00', 30.34, 30.34, 30.34, 30.34, 868]
['2019-03-26 10:41:00', 30.33, 30.33, 30.33, 30.33, 458]
['2019-03-26 10:40:00', 30.37, 30.32, 30.32, 30.37, 9270]
['2019-03-26 10:39:00', 30.38, 30.38, 30.38, 30.38, 2103]
['2019-03-26 10:38:00', 30.36, 30.36, 30.36, 30.36, 986]
['2019-03-26 10:37:00', 30.36, 30.36, 30.36, 30.36, 1983]
['2019-03-26 10:36:00', 30.32, 30.34, 30.32, 30.34, 1707]
['2019-03-26 10:35:00', 30.31, 30.31, 30.31, 30.31, 1075]
['2019-03-26 10:34:00', 30.29, 30.34, 30.29, 30.34, 2129]
['2019-03-26 10:33:00', 30.31, 30.31, 30.31, 30.31, 668]
['2019-03-26 10:32:00', 30.255, 30.28, 30.255, 30.28, 1922]
['2019-03-26 10:31:00', 30.1938, 30.1938, 30.1938, 30.1938, 405]
['2019-03-26 10:30:00', 30.22, 30.22, 30.22, 30.22, 1040]
['2019-03-26 10:28:00', 30.19, 30.19, 30.19, 30.19, 466]
['2019-03-26 10:27:00', 30.17, 30.17, 30.17, 30.17, 660]
['2019-03-26 10:26:00', 30.18, 30.18, 30.18, 30.18, 400]
['2019-03-26 10:25:00', 30.17, 30.18, 30.17, 30.18, 2100]
['2019-03-26 10:23:00', 30.17, 30.17, 30.17, 30.17, 426]
['2019-03-26 10:22:00', 30.17, 30.18, 30.17, 30.18, 1176]
['2019-03-26 10:21:00', 30.16, 30.16, 30.16, 30.16, 784]
['2019-03-26 10:20:00', 30.17, 30.17, 30.17, 30.17, 1162]
['2019-03-26 10:19:00', 30.17, 30.17, 30.17, 30.17, 1108]
['2019-03-26 10:18:00', 30.19, 30.19, 30.19, 30.19, 710]
['2019-03-26 10:17:00', 30.11, 30.16, 30.11, 30.16, 2054]
['2019-03-26 10:16:00', 30.13, 30.11, 30.11, 30.13, 2923]
['2019-03-26 10:15:00', 30.16, 30.16, 30.16, 30.16, 1300]
['2019-03-26 10:14:00', 30.24, 30.24, 30.24, 30.24, 1933]
['2019-03-26 10:13:00', 30.27, 30.25, 30.25, 30.27, 2912]
['2019-03-26 10:12:00', 30.3, 30.29, 30.28, 30.3, 13019]
['2019-03-26 10:11:00', 30.28, 30.3, 30.28, 30.3, 4042]
['2019-03-26 10:10:00', 30.37, 30.37, 30.37, 30.37, 1020]
['2019-03-26 10:09:00', 30.39, 30.355, 30.355, 30.39, 2048]
['2019-03-26 10:07:00', 30.4, 30.4, 30.4, 30.4, 645]
['2019-03-26 10:06:00', 30.42, 30.41, 30.41, 30.42, 2890]
['2019-03-26 10:05:00', 30.45, 30.45, 30.45, 30.45, 1711]
['2019-03-26 10:03:00', 30.42, 30.42, 30.42, 30.42, 1080]
['2019-03-26 10:02:00', 30.41, 30.41, 30.41, 30.41, 659]
['2019-03-26 10:01:00', 30.52, 30.43, 30.43, 30.52, 3117]
['2019-03-26 09:58:00', 30.41, 30.44, 30.41, 30.44, 915]
['2019-03-26 09:57:00', 30.39, 30.39, 30.39, 30.39, 508]
['2019-03-26 09:54:00', 30.3678, 30.36, 30.36, 30.3678, 2875]
['2019-03-26 09:52:00', 30.34, 30.34, 30.34, 30.34, 300]
['2019-03-26 09:50:00', 30.365, 30.365, 30.365, 30.365, 287]
['2019-03-26 09:49:00', 30.49, 30.49, 30.49, 30.49, 286]
['2019-03-26 09:47:00', 30.485, 30.4, 30.4, 30.485, 877]
['2019-03-26 09:44:00', 30.54, 30.52, 30.52, 30.54, 1287]
['2019-03-26 09:43:00', 30.57, 30.57, 30.57, 30.57, 1408]
['2019-03-26 09:42:00', 30.52, 30.52, 30.52, 30.52, 277]
['2019-03-26 09:40:00', 30.56, 30.53, 30.53, 30.56, 2724]
['2019-03-26 09:39:00', 30.6, 30.6, 30.6, 30.6, 445]
['2019-03-26 09:38:00', 30.52, 30.52, 30.52, 30.52, 677]
['2019-03-26 09:37:00', 30.55, 30.51, 30.51, 30.55, 703]
['2019-03-26 09:35:00', 30.49, 30.49, 30.49, 30.49, 482]
['2019-03-26 09:34:00', 30.51, 30.51, 30.51, 30.51, 338]
['2019-03-26 09:32:00', 30.5082, 30.5082, 30.5082, 30.5082, 1018]
['2019-03-26 09:31:00', 30.53, 30.53, 30.53, 30.53, 7052]
['2019-03-25 16:00:00', 30.49, 30.5, 30.49, 30.5, 5746]
['2019-03-25 15:59:00', 30.47, 30.48, 30.47, 30.49, 5614]
['2019-03-25 15:58:00', 30.48, 30.48, 30.48, 30.48, 1475]
['2019-03-25 15:57:00', 30.51, 30.51, 30.51, 30.51, 2998]
['2019-03-25 15:56:00', 30.49, 30.49, 30.49, 30.49, 487]
['2019-03-25 15:55:00', 30.475, 30.49, 30.475, 30.49, 2714]
['2019-03-25 15:54:00', 30.51, 30.51, 30.51, 30.51, 1072]
['2019-03-25 15:53:00', 30.5, 30.52, 30.5, 30.52, 1844]
['2019-03-25 15:52:00', 30.49, 30.49, 30.49, 30.49, 716]
['2019-03-25 15:51:00', 30.47, 30.47, 30.47, 30.47, 1632]
['2019-03-25 15:50:00', 30.49, 30.49, 30.49, 30.49, 799]
['2019-03-25 15:49:00', 30.52, 30.52, 30.52, 30.52, 1626]
['2019-03-25 15:48:00', 30.5, 30.52, 30.5, 30.52, 5577]
['2019-03-25 15:47:00', 30.54, 30.54, 30.54, 30.54, 1402]
['2019-03-25 15:46:00', 30.53, 30.54, 30.53, 30.54, 1692]
['2019-03-25 15:43:00', 30.56, 30.55, 30.55, 30.56, 1253]
['2019-03-25 15:42:00', 30.56, 30.55, 30.55, 30.56, 1969]
['2019-03-25 15:41:00', 30.57, 30.57, 30.57, 30.57, 664]
['2019-03-25 15:40:00', 30.58, 30.58, 30.58, 30.58, 404]
['2019-03-25 15:37:00', 30.49, 30.515, 30.49, 30.52, 2368]
['2019-03-25 15:36:00', 30.48, 30.48, 30.48, 30.48, 272]
['2019-03-25 15:34:00', 30.5398, 30.505, 30.505, 30.54, 2222]
['2019-03-25 15:32:00', 30.54, 30.54, 30.54, 30.54, 994]
['2019-03-25 15:30:00', 30.48, 30.48, 30.48, 30.48, 285]
['2019-03-25 15:29:00', 30.51, 30.51, 30.51, 30.51, 1210]
['2019-03-25 15:27:00', 30.44, 30.47, 30.44, 30.47, 1112]
['2019-03-25 15:26:00', 30.47, 30.47, 30.47, 30.47, 624]
['2019-03-25 15:25:00', 30.48, 30.48, 30.48, 30.48, 391]
['2019-03-25 15:24:00', 30.49, 30.51, 30.49, 30.51, 1109]
['2019-03-25 15:23:00', 30.5, 30.5, 30.5, 30.5, 603]
['2019-03-25 15:22:00', 30.48, 30.48, 30.48, 30.48, 200]
['2019-03-25 15:19:00', 30.48, 30.5, 30.48, 30.5, 725]
['2019-03-25 15:17:00', 30.5, 30.49, 30.49, 30.5, 1015]
['2019-03-25 15:16:00', 30.5, 30.5, 30.5, 30.5, 1148]
['2019-03-25 15:15:00', 30.49, 30.49, 30.49, 30.49, 242]
['2019-03-25 15:13:00', 30.54, 30.52, 30.52, 30.54, 858]
['2019-03-25 15:11:00', 30.51, 30.53, 30.51, 30.53, 600]
['2019-03-25 15:09:00', 30.52, 30.52, 30.52, 30.52, 1033]
['2019-03-25 15:07:00', 30.57, 30.54, 30.54, 30.57, 1076]
['2019-03-25 15:06:00', 30.59, 30.59, 30.59, 30.59, 534]
['2019-03-25 15:04:00', 30.55, 30.55, 30.55, 30.55, 1322]
['2019-03-25 15:02:00', 30.51, 30.51, 30.51, 30.51, 811]
['2019-03-25 15:01:00', 30.51, 30.51, 30.51, 30.51, 1074]
['2019-03-25 14:57:00', 30.48, 30.48, 30.48, 30.48, 1035]
['2019-03-25 14:55:00', 30.46, 30.46, 30.46, 30.46, 125]
['2019-03-25 14:52:00', 30.46, 30.46, 30.46, 30.46, 300]
['2019-03-25 14:51:00', 30.43, 30.43, 30.43, 30.43, 200]
['2019-03-25 14:49:00', 30.425, 30.43, 30.425, 30.43, 1784]
['2019-03-25 14:48:00', 30.47, 30.47, 30.47, 30.47, 800]
['2019-03-25 14:47:00', 30.42, 30.43, 30.42, 30.43, 1124]
['2019-03-25 14:45:00', 30.39, 30.39, 30.39, 30.39, 720]
['2019-03-25 14:44:00', 30.42, 30.42, 30.42, 30.42, 1252]
['2019-03-25 14:43:00', 30.4, 30.4, 30.4, 30.4, 1010]
['2019-03-25 14:42:00', 30.44, 30.44, 30.44, 30.44, 240]
['2019-03-25 14:41:00', 30.46, 30.46, 30.46, 30.46, 475]
['2019-03-25 14:40:00', 30.42, 30.42, 30.42, 30.42, 439]
['2019-03-25 14:39:00', 30.42, 30.42, 30.42, 30.42, 291]
['2019-03-25 14:38:00', 30.415, 30.415, 30.415, 30.415, 400]
['2019-03-25 14:33:00', 30.42, 30.42, 30.42, 30.42, 536]
['2019-03-25 14:32:00', 30.44, 30.44, 30.44, 30.44, 1000]
['2019-03-25 14:29:00', 30.39, 30.39, 30.39, 30.39, 200]
['2019-03-25 14:28:00', 30.44, 30.44, 30.44, 30.44, 555]
['2019-03-25 14:27:00', 30.42, 30.42, 30.42, 30.42, 539]
['2019-03-25 14:26:00', 30.41, 30.41, 30.41, 30.41, 700]
['2019-03-25 14:25:00', 30.39, 30.39, 30.39, 30.39, 300]
['2019-03-25 14:23:00', 30.35, 30.36, 30.35, 30.36, 1189]
['2019-03-25 14:22:00', 30.36, 30.36, 30.36, 30.36, 267]
['2019-03-25 14:21:00', 30.36, 30.36, 30.36, 30.36, 515]
['2019-03-25 14:20:00', 30.43, 30.43, 30.43, 30.43, 433]
['2019-03-25 14:19:00', 30.43, 30.43, 30.43, 30.43, 188]
['2019-03-25 14:16:00', 30.44, 30.46, 30.44, 30.46, 712]
['2019-03-25 14:14:00', 30.435, 30.435, 30.435, 30.435, 633]
['2019-03-25 14:13:00', 30.43, 30.43, 30.43, 30.43, 1252]
['2019-03-25 14:11:00', 30.38, 30.42, 30.38, 30.42, 1156]
['2019-03-25 14:09:00', 30.39, 30.39, 30.39, 30.39, 234]
['2019-03-25 14:08:00', 30.39, 30.39, 30.39, 30.39, 411]
['2019-03-25 14:07:00', 30.39, 30.39, 30.39, 30.39, 633]
['2019-03-25 14:06:00', 30.45, 30.41, 30.41, 30.45, 898]
['2019-03-25 14:04:00', 30.45, 30.45, 30.45, 30.45, 378]
['2019-03-25 14:02:00', 30.48, 30.48, 30.48, 30.48, 208]
['2019-03-25 14:01:00', 30.48, 30.48, 30.48, 30.48, 400]
['2019-03-25 14:00:00', 30.5, 30.5, 30.5, 30.5, 1000]
['2019-03-25 13:59:00', 30.48, 30.48, 30.48, 30.48, 263]
['2019-03-25 13:57:00', 30.47, 30.47, 30.47, 30.47, 332]
['2019-03-25 13:53:00', 30.51, 30.515, 30.51, 30.515, 1646]
['2019-03-25 13:52:00', 30.47, 30.47, 30.47, 30.47, 317]
['2019-03-25 13:50:00', 30.51, 30.51, 30.51, 30.51, 310]
['2019-03-25 13:46:00', 30.61, 30.61, 30.61, 30.61, 1191]
['2019-03-25 13:45:00', 30.58, 30.58, 30.58, 30.58, 285]
['2019-03-25 13:44:00', 30.61, 30.61, 30.61, 30.61, 876]
['2019-03-25 13:43:00', 30.51, 30.59, 30.51, 30.59, 1153]
['2019-03-25 13:40:00', 30.44, 30.45, 30.44, 30.45, 979]
['2019-03-25 13:39:00', 30.43, 30.43, 30.43, 30.43, 500]
['2019-03-25 13:38:00', 30.43, 30.43, 30.43, 30.43, 331]
['2019-03-25 13:37:00', 30.37, 30.41, 30.37, 30.41, 2170]
['2019-03-25 13:36:00', 30.365, 30.38, 30.365, 30.38, 1886]
['2019-03-25 13:35:00', 30.37, 30.37, 30.37, 30.37, 250]
['2019-03-25 13:33:00', 30.36, 30.36, 30.36, 30.36, 490]
['2019-03-25 13:32:00', 30.41, 30.41, 30.41, 30.41, 200]
['2019-03-25 13:31:00', 30.39, 30.39, 30.39, 30.39, 502]
['2019-03-25 13:30:00', 30.39, 30.39, 30.39, 30.39, 269]
['2019-03-25 13:29:00', 30.38, 30.4, 30.38, 30.4, 831]
['2019-03-25 13:27:00', 30.42, 30.42, 30.42, 30.42, 724]
['2019-03-25 13:26:00', 30.44, 30.44, 30.44, 30.44, 300]
['2019-03-25 13:25:00', 30.43, 30.43, 30.43, 30.43, 945]
['2019-03-25 13:24:00', 30.42, 30.42, 30.42, 30.42, 261]
['2019-03-25 13:22:00', 30.43, 30.43, 30.43, 30.43, 239]
['2019-03-25 13:21:00', 30.42, 30.42, 30.42, 30.42, 503]
['2019-03-25 13:20:00', 30.39, 30.39, 30.39, 30.39, 1133]
['2019-03-25 13:19:00', 30.35, 30.35, 30.35, 30.35, 438]
['2019-03-25 13:17:00', 30.39, 30.39, 30.39, 30.39, 526]
['2019-03-25 13:16:00', 30.4, 30.4, 30.4, 30.4, 201]
['2019-03-25 13:15:00', 30.42, 30.42, 30.42, 30.42, 327]
['2019-03-25 13:14:00', 30.42, 30.42, 30.42, 30.42, 759]
['2019-03-25 13:13:00', 30.41, 30.41, 30.41, 30.41, 465]
['2019-03-25 13:12:00', 30.46, 30.46, 30.46, 30.46, 533]
['2019-03-25 13:11:00', 30.46, 30.46, 30.46, 30.46, 1196]
['2019-03-25 13:10:00', 30.48, 30.48, 30.48, 30.48, 1004]
['2019-03-25 13:08:00', 30.44, 30.44, 30.44, 30.44, 362]
['2019-03-25 13:06:00', 30.46, 30.47, 30.46, 30.47, 1816]
['2019-03-25 13:05:00', 30.51, 30.51, 30.51, 30.51, 534]
['2019-03-25 13:04:00', 30.55, 30.555, 30.55, 30.555, 735]
['2019-03-25 13:02:00', 30.55, 30.55, 30.55, 30.55, 494]
['2019-03-25 13:00:00', 30.61, 30.61, 30.61, 30.61, 1502]
['2019-03-25 12:59:00', 30.62, 30.62, 30.62, 30.62, 300]
['2019-03-25 12:56:00', 30.63, 30.63, 30.63, 30.63, 968]
['2019-03-25 12:55:00', 30.65, 30.65, 30.65, 30.65, 800]
['2019-03-25 12:53:00', 30.63, 30.63, 30.63, 30.63, 520]
['2019-03-25 12:50:00', 30.66, 30.66, 30.66, 30.66, 717]
['2019-03-25 12:49:00', 30.66, 30.66, 30.66, 30.66, 1128]
['2019-03-25 12:47:00', 30.68, 30.68, 30.68, 30.68, 1100]
['2019-03-25 12:45:00', 30.68, 30.685, 30.68, 30.685, 1542]
['2019-03-25 12:44:00', 30.66, 30.66, 30.66, 30.66, 357]
['2019-03-25 12:43:00', 30.66, 30.66, 30.66, 30.66, 113]
['2019-03-25 12:42:00', 30.68, 30.68, 30.68, 30.68, 699]
['2019-03-25 12:41:00', 30.68, 30.68, 30.68, 30.68, 625]
['2019-03-25 12:40:00', 30.69, 30.69, 30.69, 30.69, 639]
['2019-03-25 12:39:00', 30.6883, 30.6883, 30.6883, 30.6883, 790]
['2019-03-25 12:38:00', 30.68, 30.68, 30.68, 30.68, 1000]
['2019-03-25 12:37:00', 30.68, 30.68, 30.68, 30.68, 497]
['2019-03-25 12:36:00', 30.69, 30.71, 30.69, 30.71, 1003]
['2019-03-25 12:34:00', 30.7, 30.7, 30.7, 30.7, 2223]
['2019-03-25 12:33:00', 30.71, 30.71, 30.71, 30.71, 441]
['2019-03-25 12:31:00', 30.71, 30.71, 30.71, 30.71, 320]
['2019-03-25 12:29:00', 30.75, 30.75, 30.75, 30.75, 886]
['2019-03-25 12:27:00', 30.7532, 30.7532, 30.7532, 30.7532, 1141]
['2019-03-25 12:26:00', 30.74, 30.74, 30.74, 30.74, 431]
['2019-03-25 12:25:00', 30.72, 30.72, 30.72, 30.72, 411]
['2019-03-25 12:21:00', 30.72, 30.72, 30.72, 30.72, 506]
['2019-03-25 12:20:00', 30.715, 30.715, 30.715, 30.715, 834]
['2019-03-25 12:19:00', 30.699, 30.699, 30.699, 30.699, 1050]
['2019-03-25 12:18:00', 30.72, 30.72, 30.72, 30.72, 667]
['2019-03-25 12:17:00', 30.75, 30.75, 30.75, 30.75, 850]
['2019-03-25 12:16:00', 30.75, 30.75, 30.75, 30.75, 400]
['2019-03-25 12:14:00', 30.77, 30.76, 30.76, 30.77, 829]
['2019-03-25 12:13:00', 30.77, 30.77, 30.77, 30.77, 530]
['2019-03-25 12:12:00', 30.77, 30.77, 30.77, 30.77, 1008]
['2019-03-25 12:09:00', 30.8, 30.79, 30.79, 30.8, 713]
['2019-03-25 12:08:00', 30.83, 30.83, 30.83, 30.83, 847]
['2019-03-25 12:07:00', 30.795, 30.795, 30.795, 30.795, 305]
['2019-03-25 12:05:00', 30.775, 30.775, 30.775, 30.775, 974]
['2019-03-25 12:04:00', 30.77, 30.77, 30.77, 30.77, 806]
['2019-03-25 12:03:00', 30.74, 30.74, 30.74, 30.74, 629]
['2019-03-25 12:01:00', 30.79, 30.79, 30.79, 30.79, 364]
['2019-03-25 12:00:00', 30.8, 30.8, 30.8, 30.8, 300]
['2019-03-25 11:59:00', 30.82, 30.82, 30.82, 30.82, 641]
['2019-03-25 11:58:00', 30.8, 30.8, 30.8, 30.8, 862]
['2019-03-25 11:56:00', 30.78, 30.78, 30.78, 30.78, 1026]
['2019-03-25 11:54:00', 30.8, 30.8, 30.8, 30.8, 203]
['2019-03-25 11:53:00', 30.81, 30.81, 30.81, 30.81, 206]
['2019-03-25 11:52:00', 30.74, 30.74, 30.74, 30.74, 1100]
['2019-03-25 11:51:00', 30.68, 30.68, 30.68, 30.68, 201]
['2019-03-25 11:47:00', 30.69, 30.69, 30.69, 30.69, 902]
['2019-03-25 11:45:00', 30.66, 30.67, 30.66, 30.67, 1541]
['2019-03-25 11:44:00', 30.64, 30.64, 30.64, 30.64, 961]
['2019-03-25 11:43:00', 30.69, 30.69, 30.69, 30.69, 600]
['2019-03-25 11:41:00', 30.74, 30.72, 30.72, 30.74, 1153]
['2019-03-25 11:40:00', 30.78, 30.78, 30.78, 30.78, 716]
['2019-03-25 11:39:00', 30.74, 30.74, 30.74, 30.74, 1000]
['2019-03-25 11:38:00', 30.76, 30.76, 30.76, 30.76, 577]
['2019-03-25 11:37:00', 30.77, 30.77, 30.77, 30.77, 1273]
['2019-03-25 11:36:00', 30.79, 30.79, 30.79, 30.79, 952]
['2019-03-25 11:35:00', 30.84, 30.84, 30.84, 30.84, 900]
['2019-03-25 11:34:00', 30.92, 30.92, 30.92, 30.92, 434]
['2019-03-25 11:32:00', 30.94, 30.94, 30.94, 30.94, 899]
['2019-03-25 11:30:00', 30.99, 30.96, 30.96, 30.99, 2063]
['2019-03-25 11:29:00', 31.03, 31.03, 31.03, 31.03, 641]
['2019-03-25 11:28:00', 31.03, 31.03, 31.03, 31.03, 970]
['2019-03-25 11:27:00', 31.03, 31.03, 31.03, 31.03, 926]
['2019-03-25 11:26:00', 31.03, 31.03, 31.03, 31.03, 367]
['2019-03-25 11:25:00', 31.03, 31.03, 31.03, 31.03, 2078]
['2019-03-25 11:24:00', 30.95, 30.99, 30.95, 30.99, 1385]
['2019-03-25 11:23:00', 30.95, 30.95, 30.95, 30.95, 274]
['2019-03-25 11:22:00', 30.99, 30.96, 30.96, 30.99, 1935]
['2019-03-25 11:20:00', 30.95, 31.0, 30.95, 31.0, 3517]
['2019-03-25 11:19:00', 30.91, 30.91, 30.91, 30.91, 800]
['2019-03-25 11:17:00', 30.87, 30.88, 30.87, 30.88, 1819]
['2019-03-25 11:16:00', 30.9, 30.86, 30.86, 30.9, 2530]
['2019-03-25 11:15:00', 30.9, 30.9, 30.9, 30.9, 466]
['2019-03-25 11:14:00', 30.9, 30.9, 30.9, 30.9, 991]
['2019-03-25 11:13:00', 30.88, 30.9, 30.88, 30.9, 3391]
['2019-03-25 11:12:00', 30.89, 30.89, 30.89, 30.89, 900]
['2019-03-25 11:11:00', 30.99, 30.94, 30.94, 30.99, 2050]
['2019-03-25 11:10:00', 31.03, 31.03, 31.03, 31.03, 441]
['2019-03-25 11:09:00', 31.01, 31.01, 31.01, 31.01, 819]
['2019-03-25 11:08:00', 31.01, 31.02, 31.01, 31.02, 1704]
['2019-03-25 11:06:00', 31.03, 31.0, 31.0, 31.03, 2666]
['2019-03-25 11:05:00', 31.11, 31.1, 31.1, 31.11, 2067]
['2019-03-25 11:04:00', 31.1, 31.1, 31.1, 31.1, 489]
['2019-03-25 11:02:00', 31.05, 31.11, 31.05, 31.11, 1765]
['2019-03-25 11:01:00', 31.04, 31.04, 31.04, 31.04, 1529]
['2019-03-25 11:00:00', 31.03, 31.03, 31.03, 31.03, 991]
['2019-03-25 10:58:00', 31.0, 31.0, 31.0, 31.0, 1206]
['2019-03-25 10:56:00', 31.05, 31.06, 31.05, 31.06, 2018]
['2019-03-25 10:55:00', 31.07, 31.07, 31.07, 31.07, 773]
['2019-03-25 10:54:00', 30.99, 30.99, 30.99, 30.99, 883]
['2019-03-25 10:53:00', 30.98, 30.98, 30.98, 30.98, 1566]
['2019-03-25 10:52:00', 31.0, 31.02, 31.0, 31.02, 1849]
['2019-03-25 10:51:00', 30.99, 31.0, 30.975, 31.0, 3892]
['2019-03-25 10:50:00', 30.94, 30.94, 30.94, 30.94, 902]
['2019-03-25 10:49:00', 30.95, 30.93, 30.91, 30.95, 5514]
['2019-03-25 10:47:00', 30.89, 30.9, 30.89, 30.9, 2224]
['2019-03-25 10:46:00', 30.87, 30.87, 30.87, 30.87, 886]
['2019-03-25 10:45:00', 30.85, 30.87, 30.85, 30.87, 1435]
['2019-03-25 10:42:00', 30.8, 30.79, 30.79, 30.8, 1816]
['2019-03-25 10:41:00', 30.85, 30.83, 30.83, 30.85, 1344]
['2019-03-25 10:40:00', 30.84, 30.85, 30.84, 30.85, 1492]
['2019-03-25 10:39:00', 30.86, 30.85, 30.85, 30.86, 2018]
['2019-03-25 10:38:00', 30.83, 30.84, 30.83, 30.84, 1463]
['2019-03-25 10:37:00', 30.82, 30.82, 30.82, 30.82, 600]
['2019-03-25 10:36:00', 30.81, 30.81, 30.81, 30.81, 838]
['2019-03-25 10:35:00', 30.73, 30.72, 30.72, 30.73, 1523]
['2019-03-25 10:34:00', 30.69, 30.72, 30.69, 30.72, 3171]
['2019-03-25 10:33:00', 30.68, 30.68, 30.68, 30.68, 533]
['2019-03-25 10:32:00', 30.58, 30.61, 30.56, 30.61, 2272]
['2019-03-25 10:31:00', 30.54, 30.54, 30.54, 30.54, 1040]
['2019-03-25 10:29:00', 30.5, 30.5, 30.5, 30.5, 407]
['2019-03-25 10:28:00', 30.47, 30.47, 30.47, 30.47, 502]
['2019-03-25 10:27:00', 30.43, 30.43, 30.43, 30.43, 101]
['2019-03-25 10:26:00', 30.41, 30.41, 30.41, 30.41, 490]
['2019-03-25 10:25:00', 30.37, 30.37, 30.37, 30.37, 784]
['2019-03-25 10:24:00', 30.38, 30.38, 30.38, 30.38, 1151]
['2019-03-25 10:22:00', 30.315, 30.315, 30.315, 30.315, 1728]
['2019-03-25 10:21:00', 30.36, 30.36, 30.36, 30.36, 1107]
['2019-03-25 10:20:00', 30.34, 30.31, 30.31, 30.34, 1194]
['2019-03-25 10:19:00', 30.32, 30.32, 30.32, 30.32, 717]
['2019-03-25 10:18:00', 30.34, 30.33, 30.33, 30.34, 934]
['2019-03-25 10:17:00', 30.32, 30.32, 30.32, 30.32, 416]
['2019-03-25 10:16:00', 30.34, 30.34, 30.34, 30.34, 949]
['2019-03-25 10:15:00', 30.34, 30.34, 30.34, 30.34, 309]
['2019-03-25 10:14:00', 30.35, 30.35, 30.35, 30.35, 1270]
['2019-03-25 10:13:00', 30.42, 30.42, 30.42, 30.42, 629]
['2019-03-25 10:12:00', 30.53, 30.43, 30.43, 30.53, 1253]
['2019-03-25 10:11:00', 30.58, 30.58, 30.58, 30.58, 901]
['2019-03-25 10:10:00', 30.58, 30.61, 30.58, 30.61, 1918]
['2019-03-25 10:09:00', 30.59, 30.59, 30.59, 30.61, 2511]
['2019-03-25 10:08:00', 30.57, 30.55, 30.55, 30.57, 2261]
['2019-03-25 10:07:00', 30.62, 30.62, 30.62, 30.62, 616]
['2019-03-25 10:06:00', 30.58, 30.6, 30.58, 30.6, 3270]
['2019-03-25 10:05:00', 30.585, 30.59, 30.585, 30.59, 2744]
['2019-03-25 10:03:00', 30.61, 30.61, 30.61, 30.61, 832]
['2019-03-25 10:02:00', 30.62, 30.66, 30.62, 30.66, 1001]
['2019-03-25 10:01:00', 30.64, 30.65, 30.64, 30.65, 1660]
['2019-03-25 10:00:00', 30.64, 30.64, 30.64, 30.64, 740]
['2019-03-25 09:59:00', 30.6432, 30.6432, 30.6432, 30.6432, 1237]
['2019-03-25 09:58:00', 30.59, 30.58, 30.58, 30.59, 1519]
['2019-03-25 09:57:00', 30.71, 30.65, 30.65, 30.71, 4545]
['2019-03-25 09:55:00', 30.71, 30.7, 30.7, 30.71, 1217]
['2019-03-25 09:54:00', 30.77, 30.71, 30.71, 30.77, 2634]
['2019-03-25 09:52:00', 30.84, 30.8, 30.8, 30.84, 1166]
['2019-03-25 09:51:00', 30.88, 30.84, 30.84, 30.88, 2893]
['2019-03-25 09:50:00', 30.77, 30.77, 30.77, 30.77, 670]
['2019-03-25 09:49:00', 30.69, 30.75, 30.69, 30.75, 1801]
['2019-03-25 09:47:00', 30.55, 30.55, 30.55, 30.55, 1030]
['2019-03-25 09:46:00', 30.46, 30.5, 30.46, 30.5, 2029]
['2019-03-25 09:43:00', 30.46, 30.46, 30.46, 30.46, 838]
['2019-03-25 09:42:00', 30.4, 30.39, 30.39, 30.4, 1845]
['2019-03-25 09:40:00', 30.31, 30.31, 30.31, 30.31, 674]
['2019-03-25 09:39:00', 30.36, 30.36, 30.36, 30.36, 382]
['2019-03-25 09:38:00', 30.31, 30.35, 30.31, 30.35, 2020]
['2019-03-25 09:36:00', 30.24, 30.24, 30.24, 30.24, 1407]
['2019-03-25 09:35:00', 29.99, 30.21, 29.99, 30.21, 4195]
['2019-03-25 09:34:00', 29.965, 30.0, 29.965, 30.0, 1899]
['2019-03-25 09:31:00', 29.91, 29.93, 29.91, 29.93, 77303]
