AGCO
['2019-03-29 16:00:00', 69.53, 69.53, 69.53, 69.53, 17805]
['2019-03-29 15:59:00', 69.51, 69.52, 69.48, 69.53, 8317]
['2019-03-29 15:58:00', 69.52, 69.51, 69.5, 69.53, 7677]
['2019-03-29 15:57:00', 69.49, 69.52, 69.49, 69.53, 9333]
['2019-03-29 15:56:00', 69.51, 69.49, 69.49, 69.51, 3042]
['2019-03-29 15:55:00', 69.49, 69.49, 69.45, 69.5, 7773]
['2019-03-29 15:54:00', 69.48, 69.48, 69.44, 69.48, 6562]
['2019-03-29 15:53:00', 69.48, 69.48, 69.47, 69.49, 5196]
['2019-03-29 15:52:00', 69.46, 69.475, 69.46, 69.475, 4621]
['2019-03-29 15:51:00', 69.45, 69.44, 69.44, 69.45, 3336]
['2019-03-29 15:50:00', 69.48, 69.45, 69.45, 69.48, 5553]
['2019-03-29 15:49:00', 69.5, 69.48, 69.48, 69.5, 4097]
['2019-03-29 15:48:00', 69.48, 69.5, 69.48, 69.51, 4803]
['2019-03-29 15:47:00', 69.49, 69.48, 69.48, 69.49, 1951]
['2019-03-29 15:46:00', 69.45, 69.5, 69.42, 69.5, 4969]
['2019-03-29 15:45:00', 69.44, 69.42, 69.41, 69.45, 2998]
['2019-03-29 15:44:00', 69.47, 69.44, 69.44, 69.47, 4840]
['2019-03-29 15:43:00', 69.46, 69.47, 69.45, 69.47, 3660]
['2019-03-29 15:42:00', 69.46, 69.47, 69.46, 69.47, 987]
['2019-03-29 15:41:00', 69.49, 69.46, 69.46, 69.49, 1107]
['2019-03-29 15:40:00', 69.48, 69.49, 69.48, 69.5, 2901]
['2019-03-29 15:39:00', 69.46, 69.47, 69.46, 69.47, 1007]
['2019-03-29 15:38:00', 69.47, 69.46, 69.46, 69.48, 1550]
['2019-03-29 15:37:00', 69.48, 69.48, 69.47, 69.48, 1032]
['2019-03-29 15:36:00', 69.47, 69.46, 69.46, 69.47, 1375]
['2019-03-29 15:35:00', 69.39, 69.45, 69.39, 69.45, 1780]
['2019-03-29 15:34:00', 69.42, 69.39, 69.37, 69.42, 2478]
['2019-03-29 15:33:00', 69.44, 69.42, 69.42, 69.44, 1825]
['2019-03-29 15:32:00', 69.43, 69.44, 69.43, 69.45, 608]
['2019-03-29 15:31:00', 69.46, 69.42, 69.42, 69.48, 3800]
['2019-03-29 15:30:00', 69.45, 69.45, 69.44, 69.45, 1215]
['2019-03-29 15:29:00', 69.45, 69.44, 69.43, 69.45, 1353]
['2019-03-29 15:27:00', 69.37, 69.45, 69.37, 69.45, 2878]
['2019-03-29 15:26:00', 69.37, 69.36, 69.36, 69.37, 397]
['2019-03-29 15:25:00', 69.38, 69.37, 69.36, 69.39, 1276]
['2019-03-29 15:24:00', 69.425, 69.41, 69.41, 69.43, 495]
['2019-03-29 15:23:00', 69.47, 69.47, 69.47, 69.47, 885]
['2019-03-29 15:22:00', 69.47, 69.47, 69.47, 69.47, 184]
['2019-03-29 15:21:00', 69.46, 69.46, 69.46, 69.46, 452]
['2019-03-29 15:20:00', 69.5, 69.5, 69.49, 69.5, 2093]
['2019-03-29 15:19:00', 69.545, 69.52, 69.52, 69.545, 531]
['2019-03-29 15:18:00', 69.48, 69.525, 69.48, 69.525, 603]
['2019-03-29 15:17:00', 69.43, 69.46, 69.43, 69.46, 1976]
['2019-03-29 15:16:00', 69.45, 69.43, 69.43, 69.45, 811]
['2019-03-29 15:15:00', 69.45, 69.46, 69.45, 69.46, 530]
['2019-03-29 15:14:00', 69.46, 69.46, 69.46, 69.46, 148]
['2019-03-29 15:13:00', 69.47, 69.46, 69.46, 69.47, 1489]
['2019-03-29 15:12:00', 69.46, 69.46, 69.46, 69.46, 251]
['2019-03-29 15:11:00', 69.5, 69.49, 69.49, 69.51, 1254]
['2019-03-29 15:10:00', 69.48, 69.49, 69.48, 69.49, 355]
['2019-03-29 15:09:00', 69.49, 69.49, 69.49, 69.49, 203]
['2019-03-29 15:08:00', 69.47, 69.49, 69.47, 69.49, 778]
['2019-03-29 15:07:00', 69.48, 69.475, 69.47, 69.48, 1294]
['2019-03-29 15:06:00', 69.51, 69.49, 69.48, 69.51, 1115]
['2019-03-29 15:05:00', 69.52, 69.53, 69.52, 69.545, 3086]
['2019-03-29 15:04:00', 69.52, 69.52, 69.52, 69.52, 100]
['2019-03-29 15:03:00', 69.54, 69.51, 69.51, 69.54, 877]
['2019-03-29 15:02:00', 69.52, 69.55, 69.52, 69.56, 1166]
['2019-03-29 15:01:00', 69.5, 69.51, 69.5, 69.51, 574]
['2019-03-29 15:00:00', 69.48, 69.49, 69.48, 69.51, 1253]
['2019-03-29 14:59:00', 69.46, 69.46, 69.46, 69.465, 815]
['2019-03-29 14:58:00', 69.46, 69.46, 69.46, 69.46, 237]
['2019-03-29 14:57:00', 69.47, 69.45, 69.45, 69.47, 205]
['2019-03-29 14:56:00', 69.51, 69.485, 69.485, 69.51, 831]
['2019-03-29 14:55:00', 69.52, 69.52, 69.52, 69.52, 228]
['2019-03-29 14:54:00', 69.5, 69.52, 69.5, 69.52, 692]
['2019-03-29 14:53:00', 69.43, 69.49, 69.43, 69.49, 784]
['2019-03-29 14:52:00', 69.41, 69.44, 69.41, 69.44, 1247]
['2019-03-29 14:51:00', 69.405, 69.39, 69.39, 69.405, 681]
['2019-03-29 14:50:00', 69.41, 69.41, 69.41, 69.41, 461]
['2019-03-29 14:49:00', 69.385, 69.385, 69.385, 69.385, 786]
['2019-03-29 14:48:00', 69.38, 69.38, 69.38, 69.38, 1079]
['2019-03-29 14:47:00', 69.38, 69.35, 69.35, 69.38, 621]
['2019-03-29 14:45:00', 69.42, 69.4, 69.4, 69.42, 676]
['2019-03-29 14:43:00', 69.41, 69.41, 69.41, 69.41, 389]
['2019-03-29 14:42:00', 69.38, 69.37, 69.37, 69.39, 1412]
['2019-03-29 14:41:00', 69.43, 69.4, 69.4, 69.43, 1437]
['2019-03-29 14:40:00', 69.41, 69.41, 69.4, 69.42, 952]
['2019-03-29 14:39:00', 69.4, 69.43, 69.4, 69.43, 777]
['2019-03-29 14:38:00', 69.3952, 69.3952, 69.3952, 69.3952, 298]
['2019-03-29 14:37:00', 69.4, 69.4, 69.4, 69.4, 100]
['2019-03-29 14:36:00', 69.4, 69.38, 69.37, 69.4, 910]
['2019-03-29 14:35:00', 69.38, 69.38, 69.38, 69.38, 100]
['2019-03-29 14:34:00', 69.34, 69.36, 69.34, 69.36, 304]
['2019-03-29 14:33:00', 69.37, 69.38, 69.37, 69.38, 859]
['2019-03-29 14:32:00', 69.35, 69.35, 69.35, 69.35, 328]
['2019-03-29 14:31:00', 69.36, 69.37, 69.36, 69.37, 309]
['2019-03-29 14:30:00', 69.36, 69.38, 69.36, 69.38, 681]
['2019-03-29 14:29:00', 69.355, 69.36, 69.355, 69.36, 600]
['2019-03-29 14:28:00', 69.36, 69.36, 69.36, 69.36, 213]
['2019-03-29 14:27:00', 69.38, 69.35, 69.35, 69.38, 357]
['2019-03-29 14:26:00', 69.38, 69.365, 69.36, 69.38, 838]
['2019-03-29 14:24:00', 69.34, 69.36, 69.34, 69.37, 1744]
['2019-03-29 14:23:00', 69.32, 69.33, 69.32, 69.33, 919]
['2019-03-29 14:22:00', 69.36, 69.34, 69.34, 69.36, 895]
['2019-03-29 14:21:00', 69.36, 69.34, 69.34, 69.36, 303]
['2019-03-29 14:19:00', 69.38, 69.35, 69.35, 69.4, 1219]
['2019-03-29 14:18:00', 69.37, 69.38, 69.37, 69.38, 863]
['2019-03-29 14:16:00', 69.31, 69.37, 69.31, 69.37, 2648]
['2019-03-29 14:15:00', 69.3, 69.3, 69.3, 69.3, 2089]
['2019-03-29 14:14:00', 69.31, 69.29, 69.29, 69.31, 941]
['2019-03-29 14:12:00', 69.31, 69.3, 69.29, 69.31, 734]
['2019-03-29 14:10:00', 69.3, 69.29, 69.29, 69.3, 236]
['2019-03-29 14:09:00', 69.29, 69.3, 69.29, 69.3, 348]
['2019-03-29 14:08:00', 69.31, 69.31, 69.31, 69.31, 100]
['2019-03-29 14:07:00', 69.31, 69.31, 69.31, 69.31, 102]
['2019-03-29 14:06:00', 69.305, 69.305, 69.305, 69.305, 440]
['2019-03-29 14:05:00', 69.28, 69.31, 69.28, 69.31, 802]
['2019-03-29 14:04:00', 69.28, 69.27, 69.27, 69.28, 401]
['2019-03-29 14:03:00', 69.27, 69.27, 69.27, 69.27, 122]
['2019-03-29 14:01:00', 69.28, 69.29, 69.28, 69.29, 431]
['2019-03-29 14:00:00', 69.305, 69.3, 69.3, 69.305, 412]
['2019-03-29 13:59:00', 69.31, 69.31, 69.3, 69.32, 2572]
['2019-03-29 13:58:00', 69.3, 69.305, 69.3, 69.305, 350]
['2019-03-29 13:57:00', 69.29, 69.3, 69.29, 69.3, 600]
['2019-03-29 13:56:00', 69.3, 69.3, 69.3, 69.3, 584]
['2019-03-29 13:55:00', 69.27, 69.3, 69.27, 69.3, 202]
['2019-03-29 13:54:00', 69.3, 69.3, 69.3, 69.3, 202]
['2019-03-29 13:53:00', 69.3, 69.3, 69.3, 69.3, 102]
['2019-03-29 13:52:00', 69.3, 69.3, 69.3, 69.3, 216]
['2019-03-29 13:51:00', 69.3, 69.3, 69.3, 69.3, 211]
['2019-03-29 13:48:00', 69.29, 69.29, 69.29, 69.29, 483]
['2019-03-29 13:47:00', 69.26, 69.26, 69.23, 69.26, 2175]
['2019-03-29 13:46:00', 69.25, 69.24, 69.22, 69.26, 2484]
['2019-03-29 13:45:00', 69.25, 69.27, 69.25, 69.27, 374]
['2019-03-29 13:41:00', 69.22, 69.23, 69.22, 69.23, 1236]
['2019-03-29 13:40:00', 69.22, 69.22, 69.22, 69.22, 295]
['2019-03-29 13:39:00', 69.18, 69.24, 69.18, 69.24, 702]
['2019-03-29 13:38:00', 69.24, 69.24, 69.23, 69.24, 610]
['2019-03-29 13:35:00', 69.27, 69.26, 69.26, 69.27, 1071]
['2019-03-29 13:32:00', 69.27, 69.28, 69.27, 69.28, 610]
['2019-03-29 13:31:00', 69.27, 69.29, 69.25, 69.29, 2888]
['2019-03-29 13:29:00', 69.2828, 69.2828, 69.2828, 69.2828, 108]
['2019-03-29 13:28:00', 69.26, 69.28, 69.2515, 69.295, 3026]
['2019-03-29 13:27:00', 69.26, 69.26, 69.26, 69.26, 100]
['2019-03-29 13:26:00', 69.245, 69.245, 69.245, 69.245, 126]
['2019-03-29 13:23:00', 69.25, 69.24, 69.24, 69.26, 1000]
['2019-03-29 13:22:00', 69.22, 69.255, 69.22, 69.26, 1126]
['2019-03-29 13:21:00', 69.26, 69.24, 69.24, 69.26, 443]
['2019-03-29 13:20:00', 69.28, 69.26, 69.26, 69.28, 1110]
['2019-03-29 13:19:00', 69.27, 69.27, 69.27, 69.27, 205]
['2019-03-29 13:18:00', 69.26, 69.26, 69.26, 69.26, 535]
['2019-03-29 13:17:00', 69.28, 69.28, 69.28, 69.28, 366]
['2019-03-29 13:16:00', 69.27, 69.27, 69.27, 69.27, 254]
['2019-03-29 13:15:00', 69.28, 69.26, 69.26, 69.28, 1300]
['2019-03-29 13:14:00', 69.31, 69.31, 69.31, 69.31, 159]
['2019-03-29 13:11:00', 69.31, 69.29, 69.29, 69.31, 1051]
['2019-03-29 13:10:00', 69.24, 69.3, 69.24, 69.31, 2053]
['2019-03-29 13:08:00', 69.24, 69.24, 69.24, 69.24, 103]
['2019-03-29 13:07:00', 69.27, 69.26, 69.26, 69.27, 540]
['2019-03-29 13:06:00', 69.3, 69.27, 69.27, 69.3, 430]
['2019-03-29 13:05:00', 69.34, 69.31, 69.31, 69.34, 968]
['2019-03-29 13:03:00', 69.34, 69.33, 69.33, 69.34, 506]
['2019-03-29 13:01:00', 69.34, 69.34, 69.33, 69.34, 1252]
['2019-03-29 13:00:00', 69.33, 69.33, 69.33, 69.33, 121]
['2019-03-29 12:59:00', 69.32, 69.32, 69.32, 69.32, 145]
['2019-03-29 12:58:00', 69.31, 69.31, 69.31, 69.31, 100]
['2019-03-29 12:57:00', 69.26, 69.28, 69.26, 69.28, 549]
['2019-03-29 12:56:00', 69.26, 69.24, 69.24, 69.26, 252]
['2019-03-29 12:55:00', 69.24, 69.24, 69.23, 69.24, 729]
['2019-03-29 12:54:00', 69.25, 69.26, 69.25, 69.26, 520]
['2019-03-29 12:52:00', 69.23, 69.19, 69.19, 69.23, 877]
['2019-03-29 12:51:00', 69.24, 69.24, 69.24, 69.25, 504]
['2019-03-29 12:50:00', 69.22, 69.22, 69.22, 69.22, 102]
['2019-03-29 12:49:00', 69.2, 69.21, 69.2, 69.22, 855]
['2019-03-29 12:48:00', 69.2, 69.2, 69.2, 69.2, 440]
['2019-03-29 12:47:00', 69.28, 69.2, 69.2, 69.28, 2143]
['2019-03-29 12:46:00', 69.3, 69.3, 69.3, 69.3, 207]
['2019-03-29 12:45:00', 69.27, 69.27, 69.27, 69.27, 431]
['2019-03-29 12:43:00', 69.24, 69.24, 69.24, 69.24, 202]
['2019-03-29 12:42:00', 69.31, 69.28, 69.28, 69.31, 837]
['2019-03-29 12:41:00', 69.34, 69.32, 69.32, 69.34, 413]
['2019-03-29 12:40:00', 69.33, 69.33, 69.33, 69.33, 123]
['2019-03-29 12:39:00', 69.3, 69.34, 69.3, 69.34, 1188]
['2019-03-29 12:38:00', 69.28, 69.28, 69.28, 69.28, 672]
['2019-03-29 12:36:00', 69.28, 69.28, 69.28, 69.28, 309]
['2019-03-29 12:35:00', 69.25, 69.26, 69.25, 69.26, 704]
['2019-03-29 12:33:00', 69.23, 69.25, 69.23, 69.25, 1219]
['2019-03-29 12:32:00', 69.23, 69.21, 69.21, 69.23, 449]
['2019-03-29 12:31:00', 69.24, 69.24, 69.24, 69.24, 314]
['2019-03-29 12:30:00', 69.3, 69.3, 69.3, 69.3, 126]
['2019-03-29 12:29:00', 69.3, 69.28, 69.28, 69.3, 953]
['2019-03-29 12:28:00', 69.28, 69.28, 69.28, 69.28, 581]
['2019-03-29 12:27:00', 69.27, 69.27, 69.27, 69.27, 121]
['2019-03-29 12:26:00', 69.27, 69.27, 69.27, 69.27, 100]
['2019-03-29 12:25:00', 69.29, 69.26, 69.26, 69.29, 667]
['2019-03-29 12:23:00', 69.25, 69.28, 69.25, 69.28, 1006]
['2019-03-29 12:22:00', 69.24, 69.24, 69.24, 69.24, 214]
['2019-03-29 12:21:00', 69.19, 69.19, 69.19, 69.19, 521]
['2019-03-29 12:20:00', 69.14, 69.15, 69.12, 69.15, 716]
['2019-03-29 12:19:00', 69.17, 69.17, 69.17, 69.17, 307]
['2019-03-29 12:18:00', 69.13, 69.11, 69.11, 69.13, 1131]
['2019-03-29 12:17:00', 69.145, 69.13, 69.13, 69.145, 3100]
['2019-03-29 12:16:00', 69.06, 69.15, 69.06, 69.15, 1637]
['2019-03-29 12:15:00', 69.04, 69.03, 69.03, 69.0477, 5245]
['2019-03-29 12:14:00', 69.08, 69.01, 69.01, 69.09, 1700]
['2019-03-29 12:13:00', 69.19, 69.12, 69.12, 69.19, 1604]
['2019-03-29 12:12:00', 69.21, 69.21, 69.21, 69.23, 500]
['2019-03-29 12:10:00', 69.16, 69.19, 69.14, 69.19, 1770]
['2019-03-29 12:09:00', 69.16, 69.16, 69.16, 69.16, 111]
['2019-03-29 12:08:00', 69.195, 69.195, 69.16, 69.195, 10152]
['2019-03-29 12:06:00', 69.22, 69.27, 69.22, 69.27, 1074]
['2019-03-29 12:05:00', 69.27, 69.27, 69.27, 69.27, 320]
['2019-03-29 12:04:00', 69.27, 69.29, 69.27, 69.29, 336]
['2019-03-29 12:03:00', 69.28, 69.2899, 69.25, 69.2899, 426]
['2019-03-29 12:02:00', 69.31, 69.29, 69.29, 69.31, 603]
['2019-03-29 12:01:00', 69.31, 69.25, 69.25, 69.3525, 2945]
['2019-03-29 12:00:00', 69.38, 69.38, 69.38, 69.38, 100]
['2019-03-29 11:59:00', 69.4, 69.4, 69.4, 69.4, 365]
['2019-03-29 11:58:00', 69.36, 69.36, 69.36, 69.36, 265]
['2019-03-29 11:57:00', 69.43, 69.38, 69.38, 69.43, 801]
['2019-03-29 11:56:00', 69.43, 69.45, 69.43, 69.45, 302]
['2019-03-29 11:53:00', 69.43, 69.4, 69.4, 69.43, 245]
['2019-03-29 11:52:00', 69.42, 69.42, 69.42, 69.42, 230]
['2019-03-29 11:51:00', 69.43, 69.39, 69.39, 69.43, 694]
['2019-03-29 11:50:00', 69.45, 69.45, 69.45, 69.45, 101]
['2019-03-29 11:49:00', 69.47, 69.47, 69.47, 69.47, 114]
['2019-03-29 11:48:00', 69.45, 69.45, 69.45, 69.45, 577]
['2019-03-29 11:47:00', 69.44, 69.41, 69.41, 69.44, 411]
['2019-03-29 11:44:00', 69.51, 69.51, 69.51, 69.51, 284]
['2019-03-29 11:43:00', 69.49, 69.49, 69.49, 69.49, 100]
['2019-03-29 11:42:00', 69.47, 69.47, 69.47, 69.47, 201]
['2019-03-29 11:41:00', 69.58, 69.58, 69.58, 69.58, 213]
['2019-03-29 11:40:00', 69.58, 69.5107, 69.5107, 69.58, 837]
['2019-03-29 11:39:00', 69.58, 69.615, 69.58, 69.615, 400]
['2019-03-29 11:38:00', 69.475, 69.53, 69.475, 69.53, 1115]
['2019-03-29 11:36:00', 69.46, 69.46, 69.46, 69.46, 100]
['2019-03-29 11:35:00', 69.45, 69.46, 69.45, 69.46, 690]
['2019-03-29 11:34:00', 69.49, 69.49, 69.49, 69.49, 100]
['2019-03-29 11:32:00', 69.51, 69.47, 69.47, 69.51, 304]
['2019-03-29 11:31:00', 69.46, 69.49, 69.46, 69.52, 967]
['2019-03-29 11:28:00', 69.47, 69.47, 69.47, 69.47, 335]
['2019-03-29 11:27:00', 69.48, 69.49, 69.48, 69.49, 230]
['2019-03-29 11:26:00', 69.45, 69.45, 69.45, 69.45, 238]
['2019-03-29 11:25:00', 69.39, 69.43, 69.39, 69.43, 847]
['2019-03-29 11:24:00', 69.4501, 69.4, 69.4, 69.4501, 711]
['2019-03-29 11:23:00', 69.47, 69.47, 69.47, 69.47, 105]
['2019-03-29 11:22:00', 69.47, 69.46, 69.46, 69.505, 1193]
['2019-03-29 11:21:00', 69.48, 69.455, 69.455, 69.48, 946]
['2019-03-29 11:19:00', 69.53, 69.51, 69.51, 69.53, 500]
['2019-03-29 11:18:00', 69.57, 69.57, 69.57, 69.57, 200]
['2019-03-29 11:17:00', 69.5, 69.5, 69.5, 69.5, 333]
['2019-03-29 11:16:00', 69.46, 69.46, 69.46, 69.46, 309]
['2019-03-29 11:15:00', 69.46, 69.49, 69.46, 69.49, 260]
['2019-03-29 11:14:00', 69.53, 69.54, 69.5, 69.54, 2004]
['2019-03-29 11:13:00', 69.56, 69.57, 69.535, 69.57, 1211]
['2019-03-29 11:12:00', 69.55, 69.59, 69.55, 69.6, 2173]
['2019-03-29 11:11:00', 69.52, 69.54, 69.47, 69.54, 1210]
['2019-03-29 11:10:00', 69.51, 69.46, 69.46, 69.52, 1820]
['2019-03-29 11:09:00', 69.52, 69.5, 69.47, 69.52, 700]
['2019-03-29 11:08:00', 69.37, 69.49, 69.36, 69.49, 4352]
['2019-03-29 11:07:00', 69.45, 69.37, 69.37, 69.45, 4036]
['2019-03-29 11:06:00', 69.42, 69.45, 69.41, 69.45, 885]
['2019-03-29 11:05:00', 69.45, 69.45, 69.45, 69.45, 103]
['2019-03-29 11:04:00', 69.46, 69.46, 69.46, 69.46, 124]
['2019-03-29 11:03:00', 69.5, 69.5, 69.5, 69.5256, 2105]
['2019-03-29 11:02:00', 69.43, 69.48, 69.41, 69.48, 919]
['2019-03-29 11:01:00', 69.42, 69.44, 69.42, 69.44, 522]
['2019-03-29 11:00:00', 69.43, 69.4, 69.38, 69.44, 1091]
['2019-03-29 10:59:00', 69.35, 69.4, 69.35, 69.4, 1486]
['2019-03-29 10:58:00', 69.35, 69.36, 69.35, 69.36, 600]
['2019-03-29 10:57:00', 69.36, 69.36, 69.355, 69.36, 1400]
['2019-03-29 10:56:00', 69.32, 69.36, 69.32, 69.36, 400]
['2019-03-29 10:55:00', 69.385, 69.34, 69.34, 69.42, 635]
['2019-03-29 10:54:00', 69.39, 69.4, 69.39, 69.4, 359]
['2019-03-29 10:52:00', 69.36, 69.3595, 69.3595, 69.3753, 500]
['2019-03-29 10:51:00', 69.4, 69.335, 69.31, 69.4, 510]
['2019-03-29 10:50:00', 69.38, 69.38, 69.38, 69.38, 443]
['2019-03-29 10:48:00', 69.41, 69.41, 69.41, 69.41, 215]
['2019-03-29 10:47:00', 69.36, 69.36, 69.36, 69.36, 311]
['2019-03-29 10:46:00', 69.26, 69.31, 69.26, 69.31, 1013]
['2019-03-29 10:45:00', 69.36, 69.3, 69.272, 69.36, 412]
['2019-03-29 10:44:00', 69.41, 69.37, 69.37, 69.45, 836]
['2019-03-29 10:43:00', 69.37, 69.4, 69.37, 69.4, 301]
['2019-03-29 10:42:00', 69.42, 69.41, 69.41, 69.42, 668]
['2019-03-29 10:41:00', 69.42, 69.41, 69.41, 69.45, 1543]
['2019-03-29 10:40:00', 69.45, 69.4, 69.4, 69.45, 1386]
['2019-03-29 10:38:00', 69.37, 69.38, 69.37, 69.42, 1537]
['2019-03-29 10:37:00', 69.5, 69.4, 69.4, 69.5, 643]
['2019-03-29 10:36:00', 69.5, 69.5, 69.5, 69.5, 320]
['2019-03-29 10:35:00', 69.48, 69.48, 69.48, 69.48, 241]
['2019-03-29 10:34:00', 69.45, 69.475, 69.45, 69.48, 579]
['2019-03-29 10:33:00', 69.47, 69.41, 69.41, 69.47, 629]
['2019-03-29 10:31:00', 69.51, 69.47, 69.47, 69.51, 1514]
['2019-03-29 10:30:00', 69.53, 69.53, 69.53, 69.53, 100]
['2019-03-29 10:29:00', 69.48, 69.5, 69.47, 69.5, 545]
['2019-03-29 10:27:00', 69.41, 69.41, 69.41, 69.41, 100]
['2019-03-29 10:26:00', 69.45, 69.42, 69.42, 69.45, 562]
['2019-03-29 10:25:00', 69.38, 69.43, 69.37, 69.43, 1294]
['2019-03-29 10:24:00', 69.35, 69.37, 69.35, 69.38, 730]
['2019-03-29 10:23:00', 69.4, 69.33, 69.33, 69.4, 988]
['2019-03-29 10:21:00', 69.42, 69.44, 69.42, 69.45, 1213]
['2019-03-29 10:20:00', 69.455, 69.455, 69.455, 69.455, 341]
['2019-03-29 10:19:00', 69.43, 69.43, 69.43, 69.43, 634]
['2019-03-29 10:18:00', 69.47, 69.47, 69.47, 69.48, 411]
['2019-03-29 10:17:00', 69.46, 69.41, 69.41, 69.46, 420]
['2019-03-29 10:16:00', 69.43, 69.43, 69.43, 69.43, 300]
['2019-03-29 10:15:00', 69.46, 69.46, 69.46, 69.46, 301]
['2019-03-29 10:14:00', 69.46, 69.46, 69.46, 69.46, 600]
['2019-03-29 10:13:00', 69.49, 69.455, 69.455, 69.49, 1000]
['2019-03-29 10:12:00', 69.58, 69.53, 69.53, 69.58, 756]
['2019-03-29 10:11:00', 69.655, 69.61, 69.61, 69.655, 890]
['2019-03-29 10:10:00', 69.62, 69.62, 69.62, 69.62, 292]
['2019-03-29 10:07:00', 69.57, 69.56, 69.56, 69.57, 323]
['2019-03-29 10:06:00', 69.63, 69.62, 69.62, 69.63, 410]
['2019-03-29 10:05:00', 69.57, 69.59, 69.57, 69.59, 856]
['2019-03-29 10:04:00', 69.5, 69.5, 69.46, 69.5, 1059]
['2019-03-29 10:03:00', 69.49, 69.49, 69.485, 69.5, 3078]
['2019-03-29 10:02:00', 69.535, 69.49, 69.49, 69.535, 310]
['2019-03-29 10:01:00', 69.49, 69.49, 69.48, 69.535, 1101]
['2019-03-29 09:59:00', 69.52, 69.475, 69.475, 69.52, 200]
['2019-03-29 09:57:00', 69.57, 69.57, 69.57, 69.57, 500]
['2019-03-29 09:56:00', 69.55, 69.55, 69.55, 69.55, 600]
['2019-03-29 09:55:00', 69.42, 69.51, 69.41, 69.51, 850]
['2019-03-29 09:54:00', 69.32, 69.33, 69.32, 69.33, 200]
['2019-03-29 09:52:00', 69.365, 69.365, 69.365, 69.365, 628]
['2019-03-29 09:51:00', 69.38, 69.36, 69.36, 69.38, 760]
['2019-03-29 09:49:00', 69.47, 69.445, 69.445, 69.47, 918]
['2019-03-29 09:48:00', 69.47, 69.47, 69.47, 69.47, 200]
['2019-03-29 09:47:00', 69.51, 69.51, 69.51, 69.51, 300]
['2019-03-29 09:46:00', 69.36, 69.37, 69.36, 69.37, 797]
['2019-03-29 09:45:00', 69.37, 69.34, 69.34, 69.37, 819]
['2019-03-29 09:43:00', 69.3, 69.28, 69.28, 69.31, 1070]
['2019-03-29 09:42:00', 69.4, 69.28, 69.28, 69.4, 2313]
['2019-03-29 09:41:00', 69.28, 69.28, 69.25, 69.39, 3498]
['2019-03-29 09:40:00', 69.2101, 69.27, 69.2101, 69.5561, 458]
['2019-03-29 09:38:00', 69.22, 69.321, 69.22, 69.321, 312]
['2019-03-29 09:37:00', 69.22, 69.22, 69.22, 69.22, 111]
['2019-03-29 09:36:00', 69.25, 69.22, 69.22, 69.25, 204]
['2019-03-29 09:31:00', 69.54, 69.38, 69.38, 69.54, 5579]
['2019-03-28 16:00:00', 68.91, 68.91, 68.89, 68.94, 5529]
['2019-03-28 15:59:00', 68.9, 68.89, 68.88, 68.92, 2547]
['2019-03-28 15:58:00', 68.86, 68.9, 68.85, 68.93, 3979]
['2019-03-28 15:57:00', 68.88, 68.86, 68.85, 68.88, 2009]
['2019-03-28 15:56:00', 68.88, 68.88, 68.87, 68.88, 1604]
['2019-03-28 15:55:00', 68.84, 68.8643, 68.83, 68.8643, 3263]
['2019-03-28 15:54:00', 68.79, 68.81, 68.79, 68.83, 3109]
['2019-03-28 15:53:00', 68.79, 68.79, 68.79, 68.79, 364]
['2019-03-28 15:52:00', 68.81, 68.79, 68.79, 68.81, 2080]
['2019-03-28 15:51:00', 68.8, 68.82, 68.8, 68.82, 748]
['2019-03-28 15:50:00', 68.81, 68.8, 68.8, 68.82, 1688]
['2019-03-28 15:49:00', 68.83, 68.81, 68.8, 68.83, 2655]
['2019-03-28 15:48:00', 68.84, 68.83, 68.82, 68.84, 1793]
['2019-03-28 15:47:00', 68.84, 68.85, 68.84, 68.85, 1496]
['2019-03-28 15:46:00', 68.86, 68.845, 68.82, 68.86, 2149]
['2019-03-28 15:45:00', 68.86, 68.86, 68.86, 68.86, 218]
['2019-03-28 15:44:00', 68.86, 68.86, 68.86, 68.86, 501]
['2019-03-28 15:43:00', 68.88, 68.89, 68.88, 68.89, 998]
['2019-03-28 15:42:00', 68.86, 68.87, 68.86, 68.87, 1179]
['2019-03-28 15:40:00', 68.92, 68.86, 68.86, 68.92, 1220]
['2019-03-28 15:39:00', 68.88, 68.88, 68.88, 68.88, 991]
['2019-03-28 15:38:00', 68.87, 68.87, 68.87, 68.87, 731]
['2019-03-28 15:37:00', 68.83, 68.86, 68.83, 68.86, 1501]
['2019-03-28 15:36:00', 68.81, 68.83, 68.81, 68.83, 603]
['2019-03-28 15:35:00', 68.83, 68.84, 68.81, 68.84, 581]
['2019-03-28 15:34:00', 68.83, 68.83, 68.83, 68.84, 677]
['2019-03-28 15:33:00', 68.83, 68.86, 68.83, 68.86, 548]
['2019-03-28 15:32:00', 68.83, 68.83, 68.83, 68.83, 445]
['2019-03-28 15:31:00', 68.815, 68.84, 68.815, 68.86, 2232]
['2019-03-28 15:30:00', 68.84, 68.83, 68.8, 68.84, 1526]
['2019-03-28 15:29:00', 68.86, 68.875, 68.855, 68.875, 1636]
['2019-03-28 15:28:00', 68.85, 68.84, 68.83, 68.865, 7574]
['2019-03-28 15:27:00', 68.88, 68.88, 68.88, 68.9, 1344]
['2019-03-28 15:26:00', 68.87, 68.88, 68.87, 68.88, 921]
['2019-03-28 15:25:00', 68.86, 68.86, 68.86, 68.86, 301]
['2019-03-28 15:22:00', 68.84, 68.84, 68.84, 68.84, 763]
['2019-03-28 15:21:00', 68.82, 68.82, 68.82, 68.82, 1269]
['2019-03-28 15:19:00', 68.85, 68.83, 68.83, 68.85, 686]
['2019-03-28 15:17:00', 68.88, 68.86, 68.86, 68.88, 517]
['2019-03-28 15:16:00', 68.85, 68.86, 68.85, 68.86, 516]
['2019-03-28 15:15:00', 68.84, 68.83, 68.83, 68.84, 226]
['2019-03-28 15:14:00', 68.86, 68.85, 68.85, 68.86, 1261]
['2019-03-28 15:13:00', 68.83, 68.85, 68.815, 68.85, 1012]
['2019-03-28 15:12:00', 68.81, 68.82, 68.8, 68.82, 671]
['2019-03-28 15:11:00', 68.81, 68.8, 68.795, 68.81, 605]
['2019-03-28 15:10:00', 68.815, 68.815, 68.815, 68.815, 630]
['2019-03-28 15:09:00', 68.8, 68.83, 68.8, 68.83, 1179]
['2019-03-28 15:08:00', 68.79, 68.8, 68.79, 68.8, 313]
['2019-03-28 15:07:00', 68.79, 68.775, 68.775, 68.79, 1042]
['2019-03-28 15:05:00', 68.82, 68.82, 68.82, 68.82, 498]
['2019-03-28 15:04:00', 68.81, 68.81, 68.81, 68.81, 135]
['2019-03-28 15:03:00', 68.79, 68.82, 68.79, 68.82, 334]
['2019-03-28 15:02:00', 68.75, 68.78, 68.74, 68.78, 1486]
['2019-03-28 15:01:00', 68.74, 68.75, 68.74, 68.75, 559]
['2019-03-28 15:00:00', 68.74, 68.75, 68.73, 68.75, 2530]
['2019-03-28 14:59:00', 68.745, 68.74, 68.74, 68.745, 336]
['2019-03-28 14:58:00', 68.75, 68.74, 68.74, 68.75, 266]
['2019-03-28 14:57:00', 68.73, 68.73, 68.73, 68.73, 180]
['2019-03-28 14:56:00', 68.71, 68.71, 68.69, 68.73, 1391]
['2019-03-28 14:55:00', 68.69, 68.69, 68.69, 68.69, 270]
['2019-03-28 14:54:00', 68.65, 68.65, 68.65, 68.65, 309]
['2019-03-28 14:53:00', 68.65, 68.65, 68.63, 68.65, 1510]
['2019-03-28 14:52:00', 68.69, 68.65, 68.65, 68.69, 1054]
['2019-03-28 14:51:00', 68.68, 68.67, 68.67, 68.68, 996]
['2019-03-28 14:49:00', 68.71, 68.71, 68.71, 68.72, 2164]
['2019-03-28 14:48:00', 68.74, 68.71, 68.71, 68.74, 1222]
['2019-03-28 14:47:00', 68.72, 68.73, 68.72, 68.73, 978]
['2019-03-28 14:45:00', 68.74, 68.74, 68.73, 68.77, 2017]
['2019-03-28 14:44:00', 68.74, 68.74, 68.74, 68.74, 200]
['2019-03-28 14:42:00', 68.7453, 68.75, 68.73, 68.75, 1151]
['2019-03-28 14:41:00', 68.75, 68.735, 68.735, 68.75, 500]
['2019-03-28 14:40:00', 68.73, 68.73, 68.73, 68.73, 218]
['2019-03-28 14:38:00', 68.69, 68.73, 68.69, 68.73, 597]
['2019-03-28 14:36:00', 68.65, 68.66, 68.65, 68.66, 445]
['2019-03-28 14:35:00', 68.68, 68.66, 68.66, 68.68, 512]
['2019-03-28 14:34:00', 68.66, 68.675, 68.65, 68.68, 2660]
['2019-03-28 14:33:00', 68.67, 68.67, 68.66, 68.67, 1260]
['2019-03-28 14:32:00', 68.67, 68.68, 68.67, 68.68, 364]
['2019-03-28 14:31:00', 68.68, 68.68, 68.68, 68.68, 764]
['2019-03-28 14:30:00', 68.68, 68.68, 68.68, 68.68, 354]
['2019-03-28 14:29:00', 68.69, 68.69, 68.69, 68.69, 100]
['2019-03-28 14:28:00', 68.69, 68.7, 68.69, 68.7, 202]
['2019-03-28 14:26:00', 68.71, 68.71, 68.71, 68.71, 124]
['2019-03-28 14:25:00', 68.67, 68.7, 68.66, 68.7, 1248]
['2019-03-28 14:24:00', 68.68, 68.69, 68.67, 68.69, 760]
['2019-03-28 14:23:00', 68.66, 68.66, 68.66, 68.66, 135]
['2019-03-28 14:21:00', 68.71, 68.71, 68.71, 68.71, 127]
['2019-03-28 14:20:00', 68.735, 68.735, 68.735, 68.735, 313]
['2019-03-28 14:19:00', 68.72, 68.71, 68.71, 68.72, 408]
['2019-03-28 14:18:00', 68.74, 68.74, 68.74, 68.74, 486]
['2019-03-28 14:17:00', 68.73, 68.72, 68.72, 68.73, 466]
['2019-03-28 14:16:00', 68.75, 68.75, 68.75, 68.75, 101]
['2019-03-28 14:14:00', 68.7, 68.76, 68.7, 68.76, 796]
['2019-03-28 14:13:00', 68.68, 68.71, 68.68, 68.71, 612]
['2019-03-28 14:12:00', 68.67, 68.66, 68.64, 68.67, 796]
['2019-03-28 14:10:00', 68.67, 68.67, 68.67, 68.67, 135]
['2019-03-28 14:08:00', 68.66, 68.67, 68.66, 68.68, 790]
['2019-03-28 14:06:00', 68.665, 68.66, 68.66, 68.665, 585]
['2019-03-28 14:03:00', 68.6, 68.64, 68.6, 68.65, 560]
['2019-03-28 14:02:00', 68.62, 68.6, 68.6, 68.62, 724]
['2019-03-28 14:01:00', 68.64, 68.65, 68.64, 68.65, 856]
['2019-03-28 14:00:00', 68.68, 68.63, 68.63, 68.68, 2335]
['2019-03-28 13:59:00', 68.69, 68.69, 68.69, 68.69, 100]
['2019-03-28 13:57:00', 68.69, 68.69, 68.69, 68.7, 734]
['2019-03-28 13:56:00', 68.67, 68.67, 68.67, 68.67, 300]
['2019-03-28 13:54:00', 68.65, 68.66, 68.64, 68.66, 969]
['2019-03-28 13:53:00', 68.64, 68.64, 68.63, 68.64, 400]
['2019-03-28 13:52:00', 68.61, 68.61, 68.61, 68.61, 445]
['2019-03-28 13:51:00', 68.6, 68.6, 68.6, 68.6, 195]
['2019-03-28 13:50:00', 68.57, 68.57, 68.57, 68.57, 100]
['2019-03-28 13:49:00', 68.55, 68.58, 68.55, 68.58, 214]
['2019-03-28 13:48:00', 68.55, 68.55, 68.55, 68.55, 100]
['2019-03-28 13:47:00', 68.51, 68.56, 68.51, 68.56, 906]
['2019-03-28 13:46:00', 68.51, 68.51, 68.51, 68.51, 454]
['2019-03-28 13:45:00', 68.51, 68.5, 68.48, 68.51, 2306]
['2019-03-28 13:44:00', 68.54, 68.52, 68.51, 68.54, 318]
['2019-03-28 13:43:00', 68.53, 68.54, 68.5, 68.54, 5213]
['2019-03-28 13:42:00', 68.56, 68.56, 68.56, 68.56, 225]
['2019-03-28 13:41:00', 68.62, 68.59, 68.59, 68.62, 522]
['2019-03-28 13:38:00', 68.65, 68.65, 68.65, 68.65, 238]
['2019-03-28 13:37:00', 68.62, 68.62, 68.62, 68.63, 662]
['2019-03-28 13:36:00', 68.59, 68.59, 68.59, 68.59, 262]
['2019-03-28 13:35:00', 68.65, 68.62, 68.62, 68.65, 624]
['2019-03-28 13:32:00', 68.62, 68.62, 68.62, 68.62, 265]
['2019-03-28 13:30:00', 68.6, 68.605, 68.6, 68.605, 314]
['2019-03-28 13:29:00', 68.59, 68.59, 68.59, 68.59, 137]
['2019-03-28 13:27:00', 68.6, 68.6, 68.6, 68.6, 304]
['2019-03-28 13:26:00', 68.6, 68.59, 68.59, 68.6, 398]
['2019-03-28 13:25:00', 68.62, 68.62, 68.62, 68.62, 119]
['2019-03-28 13:24:00', 68.61, 68.62, 68.61, 68.62, 402]
['2019-03-28 13:23:00', 68.6, 68.59, 68.59, 68.6, 353]
['2019-03-28 13:21:00', 68.61, 68.61, 68.61, 68.61, 944]
['2019-03-28 13:19:00', 68.56, 68.58, 68.56, 68.58, 425]
['2019-03-28 13:18:00', 68.56, 68.56, 68.56, 68.56, 116]
['2019-03-28 13:17:00', 68.56, 68.55, 68.55, 68.56, 401]
['2019-03-28 13:16:00', 68.57, 68.57, 68.57, 68.57, 892]
['2019-03-28 13:15:00', 68.58, 68.58, 68.58, 68.58, 113]
['2019-03-28 13:14:00', 68.63, 68.61, 68.59, 68.63, 681]
['2019-03-28 13:12:00', 68.62, 68.63, 68.62, 68.63, 330]
['2019-03-28 13:10:00', 68.615, 68.63, 68.615, 68.63, 201]
['2019-03-28 13:09:00', 68.59, 68.59, 68.59, 68.6, 639]
['2019-03-28 13:08:00', 68.6, 68.57, 68.57, 68.61, 513]
['2019-03-28 13:05:00', 68.605, 68.605, 68.605, 68.605, 150]
['2019-03-28 13:04:00', 68.55, 68.55, 68.55, 68.55, 107]
['2019-03-28 13:02:00', 68.5, 68.55, 68.5, 68.55, 954]
['2019-03-28 13:01:00', 68.51, 68.52, 68.51, 68.52, 776]
['2019-03-28 13:00:00', 68.51, 68.52, 68.5, 68.52, 301]
['2019-03-28 12:59:00', 68.53, 68.53, 68.53, 68.53, 318]
['2019-03-28 12:57:00', 68.53, 68.53, 68.52, 68.53, 1014]
['2019-03-28 12:56:00', 68.54, 68.54, 68.54, 68.54, 226]
['2019-03-28 12:55:00', 68.4745, 68.52, 68.4745, 68.52, 245]
['2019-03-28 12:54:00', 68.47, 68.49, 68.47, 68.49, 607]
['2019-03-28 12:52:00', 68.46, 68.49, 68.46, 68.49, 1400]
['2019-03-28 12:51:00', 68.46, 68.46, 68.44, 68.46, 611]
['2019-03-28 12:49:00', 68.43, 68.44, 68.43, 68.44, 375]
['2019-03-28 12:48:00', 68.415, 68.415, 68.415, 68.415, 200]
['2019-03-28 12:46:00', 68.45, 68.44, 68.44, 68.45, 539]
['2019-03-28 12:45:00', 68.44, 68.44, 68.44, 68.44, 101]
['2019-03-28 12:43:00', 68.42, 68.44, 68.42, 68.44, 334]
['2019-03-28 12:42:00', 68.43, 68.43, 68.43, 68.43, 200]
['2019-03-28 12:41:00', 68.47, 68.46, 68.46, 68.47, 805]
['2019-03-28 12:40:00', 68.44, 68.44, 68.44, 68.44, 203]
['2019-03-28 12:38:00', 68.44, 68.44, 68.44, 68.44, 107]
['2019-03-28 12:37:00', 68.39, 68.4, 68.39, 68.4, 532]
['2019-03-28 12:36:00', 68.375, 68.38, 68.3707, 68.38, 436]
['2019-03-28 12:35:00', 68.39, 68.37, 68.35, 68.39, 771]
['2019-03-28 12:34:00', 68.43, 68.43, 68.43, 68.43, 1163]
['2019-03-28 12:33:00', 68.47, 68.47, 68.47, 68.47, 101]
['2019-03-28 12:32:00', 68.46, 68.47, 68.46, 68.47, 398]
['2019-03-28 12:25:00', 68.38, 68.37, 68.37, 68.38, 390]
['2019-03-28 12:21:00', 68.31, 68.3, 68.3, 68.31, 501]
['2019-03-28 12:15:00', 68.22, 68.22, 68.22, 68.22, 146]
['2019-03-28 12:12:00', 68.18, 68.19, 68.18, 68.19, 725]
['2019-03-28 12:11:00', 68.18, 68.18, 68.18, 68.18, 113]
['2019-03-28 12:10:00', 68.22, 68.22, 68.22, 68.22, 201]
['2019-03-28 12:09:00', 68.24, 68.25, 68.24, 68.25, 647]
['2019-03-28 12:08:00', 68.27, 68.27, 68.27, 68.27, 100]
['2019-03-28 12:07:00', 68.28, 68.26, 68.26, 68.28, 562]
['2019-03-28 12:06:00', 68.34, 68.3, 68.3, 68.34, 619]
['2019-03-28 12:05:00', 68.29, 68.29, 68.29, 68.29, 510]
['2019-03-28 12:03:00', 68.32, 68.32, 68.32, 68.32, 278]
['2019-03-28 12:02:00', 68.3, 68.2821, 68.2821, 68.3, 204]
['2019-03-28 12:01:00', 68.32, 68.32, 68.32, 68.32, 178]
['2019-03-28 11:59:00', 68.29, 68.29, 68.29, 68.29, 100]
['2019-03-28 11:58:00', 68.31, 68.32, 68.31, 68.32, 1077]
['2019-03-28 11:56:00', 68.3073, 68.3, 68.3, 68.3073, 546]
['2019-03-28 11:53:00', 68.38, 68.33, 68.33, 68.38, 708]
['2019-03-28 11:51:00', 68.4, 68.4, 68.4, 68.4, 135]
['2019-03-28 11:50:00', 68.42, 68.4, 68.39, 68.42, 313]
['2019-03-28 11:49:00', 68.42, 68.42, 68.42, 68.42, 344]
['2019-03-28 11:47:00', 68.27, 68.28, 68.27, 68.28, 200]
['2019-03-28 11:46:00', 68.26, 68.26, 68.25, 68.26, 414]
['2019-03-28 11:45:00', 68.25, 68.25, 68.25, 68.25, 232]
['2019-03-28 11:44:00', 68.23, 68.24, 68.23, 68.3, 1524]
['2019-03-28 11:43:00', 68.24, 68.22, 68.22, 68.24, 510]
['2019-03-28 11:42:00', 68.29, 68.29, 68.29, 68.29, 200]
['2019-03-28 11:41:00', 68.28, 68.28, 68.28, 68.28, 516]
['2019-03-28 11:39:00', 68.3, 68.3, 68.3, 68.3, 326]
['2019-03-28 11:38:00', 68.27, 68.26, 68.26, 68.27, 294]
['2019-03-28 11:36:00', 68.3, 68.31, 68.3, 68.31, 641]
['2019-03-28 11:35:00', 68.3, 68.3, 68.3, 68.3, 100]
['2019-03-28 11:33:00', 68.28, 68.26, 68.26, 68.28, 204]
['2019-03-28 11:32:00', 68.235, 68.235, 68.235, 68.235, 115]
['2019-03-28 11:31:00', 68.19, 68.17, 68.11, 68.21, 1517]
['2019-03-28 11:30:00', 68.18, 68.18, 68.18, 68.18, 104]
['2019-03-28 11:29:00', 68.24, 68.22, 68.22, 68.24, 531]
['2019-03-28 11:28:00', 68.28, 68.28, 68.28, 68.28, 386]
['2019-03-28 11:26:00', 68.34, 68.33, 68.33, 68.34, 233]
['2019-03-28 11:25:00', 68.35, 68.35, 68.35, 68.35, 161]
['2019-03-28 11:23:00', 68.35, 68.34, 68.34, 68.35, 453]
['2019-03-28 11:22:00', 68.4, 68.37, 68.37, 68.4, 320]
['2019-03-28 11:21:00', 68.36, 68.36, 68.36, 68.37, 344]
['2019-03-28 11:20:00', 68.39, 68.36, 68.36, 68.43, 1833]
['2019-03-28 11:15:00', 68.45, 68.45, 68.45, 68.45, 1011]
['2019-03-28 11:14:00', 68.47, 68.46, 68.44, 68.53, 1469]
['2019-03-28 11:12:00', 68.485, 68.445, 68.43, 68.485, 843]
['2019-03-28 11:11:00', 68.42, 68.48, 68.42, 68.48, 617]
['2019-03-28 11:10:00', 68.49, 68.4475, 68.4475, 68.49, 657]
['2019-03-28 11:09:00', 68.52, 68.52, 68.52, 68.52, 107]
['2019-03-28 11:07:00', 68.55, 68.53, 68.51, 68.55, 767]
['2019-03-28 11:06:00', 68.605, 68.58, 68.56, 68.605, 1343]
['2019-03-28 11:04:00', 68.64, 68.64, 68.64, 68.64, 240]
['2019-03-28 11:03:00', 68.63, 68.63, 68.63, 68.63, 591]
['2019-03-28 11:01:00', 68.72, 68.74, 68.72, 68.74, 389]
['2019-03-28 11:00:00', 68.78, 68.77, 68.77, 68.78, 453]
['2019-03-28 10:59:00', 68.81, 68.81, 68.81, 68.81, 118]
['2019-03-28 10:58:00', 68.82, 68.82, 68.82, 68.82, 400]
['2019-03-28 10:57:00', 68.82, 68.84, 68.82, 68.84, 719]
['2019-03-28 10:56:00', 68.75, 68.79, 68.75, 68.8, 1502]
['2019-03-28 10:55:00', 68.8, 68.8, 68.8, 68.8, 324]
['2019-03-28 10:54:00', 68.77, 68.77, 68.77, 68.77, 300]
['2019-03-28 10:51:00', 68.82, 68.78, 68.78, 68.82, 366]
['2019-03-28 10:50:00', 68.79, 68.81, 68.79, 68.81, 904]
['2019-03-28 10:49:00', 68.7934, 68.79, 68.79, 68.7934, 460]
['2019-03-28 10:48:00', 68.82, 68.82, 68.82, 68.82, 100]
['2019-03-28 10:46:00', 68.79, 68.8, 68.79, 68.8, 431]
['2019-03-28 10:44:00', 68.9, 68.86, 68.86, 68.91, 2582]
['2019-03-28 10:42:00', 68.86, 68.89, 68.86, 68.89, 370]
['2019-03-28 10:41:00', 68.86, 68.86, 68.86, 68.86, 101]
['2019-03-28 10:39:00', 68.9, 68.9, 68.9, 68.9, 239]
['2019-03-28 10:37:00', 68.95, 68.91, 68.91, 68.95, 317]
['2019-03-28 10:35:00', 68.94, 68.93, 68.93, 68.94, 272]
['2019-03-28 10:34:00', 68.92, 68.98, 68.92, 68.98, 430]
['2019-03-28 10:33:00', 68.9, 68.93, 68.9, 68.93, 417]
['2019-03-28 10:32:00', 68.85, 68.85, 68.85, 68.85, 317]
['2019-03-28 10:31:00', 68.86, 68.89, 68.86, 68.89, 1175]
['2019-03-28 10:30:00', 68.885, 68.845, 68.845, 68.885, 602]
['2019-03-28 10:29:00', 68.86, 68.87, 68.85, 68.87, 311]
['2019-03-28 10:28:00', 68.88, 68.9, 68.88, 68.9, 1072]
['2019-03-28 10:26:00', 68.95, 68.885, 68.885, 68.95, 3704]
['2019-03-28 10:22:00', 68.9, 68.9, 68.9, 68.9, 376]
['2019-03-28 10:21:00', 68.88, 68.925, 68.88, 68.925, 757]
['2019-03-28 10:20:00', 68.9, 68.895, 68.895, 68.9, 301]
['2019-03-28 10:18:00', 68.86, 68.88, 68.86, 68.88, 647]
['2019-03-28 10:17:00', 68.935, 68.89, 68.89, 68.935, 1025]
['2019-03-28 10:15:00', 68.83, 68.91, 68.83, 68.91, 836]
['2019-03-28 10:14:00', 68.835, 68.83, 68.8, 68.835, 2159]
['2019-03-28 10:13:00', 68.84, 68.84, 68.84, 68.84, 110]
['2019-03-28 10:11:00', 68.81, 68.83, 68.81, 68.83, 1082]
['2019-03-28 10:08:00', 68.88, 68.88, 68.88, 68.88, 229]
['2019-03-28 10:05:00', 68.86, 68.86, 68.86, 68.86, 435]
['2019-03-28 10:03:00', 68.78, 68.78, 68.78, 68.78, 1105]
['2019-03-28 10:02:00', 68.73, 68.755, 68.73, 68.755, 888]
['2019-03-28 10:01:00', 68.81, 68.76, 68.76, 68.81, 382]
['2019-03-28 10:00:00', 68.78, 68.79, 68.78, 68.8, 592]
['2019-03-28 09:59:00', 68.74, 68.73, 68.73, 68.78, 1184]
['2019-03-28 09:58:00', 68.715, 68.715, 68.715, 68.715, 180]
['2019-03-28 09:57:00', 68.765, 68.765, 68.765, 68.765, 100]
['2019-03-28 09:55:00', 68.88, 68.7, 68.7, 68.88, 1628]
['2019-03-28 09:54:00', 68.91, 68.88, 68.88, 68.93, 21064]
['2019-03-28 09:51:00', 68.92, 68.92, 68.92, 68.92, 0]
['2019-03-28 09:50:00', 68.995, 68.85, 68.85, 68.995, 629]
['2019-03-28 09:49:00', 68.93, 69.0, 68.93, 69.0, 709]
['2019-03-28 09:48:00', 69.0, 68.95, 68.95, 69.02, 884]
['2019-03-28 09:46:00', 69.085, 69.085, 69.085, 69.085, 213]
['2019-03-28 09:45:00', 69.01, 69.0, 69.0, 69.01, 200]
['2019-03-28 09:44:00', 69.0, 69.01, 69.0, 69.01, 200]
['2019-03-28 09:43:00', 68.94, 68.96, 68.94, 69.0, 873]
['2019-03-28 09:42:00', 68.7401, 68.9425, 68.7401, 68.9425, 2166]
['2019-03-28 09:41:00', 68.89, 68.89, 68.89, 68.89, 100]
['2019-03-28 09:40:00', 68.83, 68.92, 68.83, 68.92, 283]
['2019-03-28 09:38:00', 68.751, 68.751, 68.751, 68.751, 200]
['2019-03-28 09:37:00', 68.93, 68.77, 68.77, 68.93, 1593]
['2019-03-28 09:36:00', 68.82, 68.87, 68.82, 68.87, 1026]
['2019-03-28 09:34:00', 68.63, 68.72, 68.62, 68.72, 446]
['2019-03-28 09:31:00', 68.78, 68.84, 68.59, 68.84, 6813]
['2019-03-27 16:00:00', 68.66, 68.57, 68.56, 68.66, 12605]
['2019-03-27 15:59:00', 68.66, 68.6425, 68.63, 68.665, 7326]
['2019-03-27 15:58:00', 68.625, 68.66, 68.625, 68.66, 3866]
['2019-03-27 15:57:00', 68.62, 68.62, 68.58, 68.64, 5678]
['2019-03-27 15:56:00', 68.66, 68.62, 68.6175, 68.66, 4633]
['2019-03-27 15:55:00', 68.68, 68.67, 68.66, 68.69, 2361]
['2019-03-27 15:54:00', 68.73, 68.68, 68.68, 68.74, 3013]
['2019-03-27 15:53:00', 68.76, 68.73, 68.725, 68.76, 4409]
['2019-03-27 15:52:00', 68.725, 68.77, 68.725, 68.77, 6805]
['2019-03-27 15:51:00', 68.705, 68.72, 68.705, 68.75, 3578]
['2019-03-27 15:50:00', 68.7, 68.71, 68.695, 68.71, 1824]
['2019-03-27 15:49:00', 68.685, 68.69, 68.68, 68.69, 2944]
['2019-03-27 15:48:00', 68.705, 68.685, 68.685, 68.705, 1502]
['2019-03-27 15:47:00', 68.74, 68.7125, 68.7125, 68.75, 2570]
['2019-03-27 15:46:00', 68.7, 68.73, 68.7, 68.74, 6603]
['2019-03-27 15:45:00', 68.67, 68.68, 68.665, 68.68, 2244]
['2019-03-27 15:44:00', 68.665, 68.67, 68.66, 68.67, 2173]
['2019-03-27 15:43:00', 68.68, 68.665, 68.66, 68.68, 2860]
['2019-03-27 15:42:00', 68.665, 68.67, 68.665, 68.67, 874]
['2019-03-27 15:41:00', 68.69, 68.67, 68.67, 68.69, 1629]
['2019-03-27 15:40:00', 68.67, 68.69, 68.65, 68.69, 2840]
['2019-03-27 15:39:00', 68.67, 68.68, 68.67, 68.685, 2854]
['2019-03-27 15:38:00', 68.67, 68.675, 68.66, 68.69, 1533]
['2019-03-27 15:37:00', 68.7, 68.66, 68.66, 68.7, 1740]
['2019-03-27 15:36:00', 68.68, 68.7, 68.65, 68.7, 2462]
['2019-03-27 15:35:00', 68.695, 68.69, 68.69, 68.7, 2333]
['2019-03-27 15:34:00', 68.7, 68.7, 68.7, 68.71, 542]
['2019-03-27 15:33:00', 68.69, 68.695, 68.68, 68.71, 910]
['2019-03-27 15:32:00', 68.7, 68.7, 68.7, 68.72, 1413]
['2019-03-27 15:31:00', 68.65, 68.69, 68.64, 68.7, 2936]
['2019-03-27 15:30:00', 68.62, 68.62, 68.62, 68.62, 100]
['2019-03-27 15:29:00', 68.61, 68.6, 68.59, 68.61, 1149]
['2019-03-27 15:28:00', 68.6, 68.62, 68.6, 68.62, 1620]
['2019-03-27 15:27:00', 68.57, 68.57, 68.57, 68.58, 1676]
['2019-03-27 15:25:00', 68.58, 68.6, 68.57, 68.6, 949]
['2019-03-27 15:24:00', 68.57, 68.59, 68.57, 68.61, 849]
['2019-03-27 15:23:00', 68.54, 68.56, 68.54, 68.56, 632]
['2019-03-27 15:22:00', 68.55, 68.55, 68.55, 68.55, 101]
['2019-03-27 15:21:00', 68.57, 68.59, 68.57, 68.59, 683]
['2019-03-27 15:20:00', 68.57, 68.57, 68.57, 68.57, 247]
['2019-03-27 15:19:00', 68.55, 68.55, 68.55, 68.55, 1032]
['2019-03-27 15:18:00', 68.56, 68.55, 68.55, 68.56, 748]
['2019-03-27 15:17:00', 68.55, 68.56, 68.55, 68.56, 953]
['2019-03-27 15:16:00', 68.54, 68.54, 68.54, 68.54, 418]
['2019-03-27 15:15:00', 68.53, 68.56, 68.53, 68.56, 820]
['2019-03-27 15:14:00', 68.545, 68.53, 68.53, 68.545, 661]
['2019-03-27 15:13:00', 68.59, 68.54, 68.54, 68.59, 964]
['2019-03-27 15:12:00', 68.54, 68.59, 68.54, 68.59, 2622]
['2019-03-27 15:10:00', 68.52, 68.52, 68.52, 68.52, 523]
['2019-03-27 15:08:00', 68.52, 68.52, 68.52, 68.52, 197]
['2019-03-27 15:07:00', 68.55, 68.54, 68.53, 68.55, 556]
['2019-03-27 15:06:00', 68.495, 68.55, 68.495, 68.55, 1423]
['2019-03-27 15:05:00', 68.51, 68.51, 68.51, 68.51, 257]
['2019-03-27 15:04:00', 68.52, 68.5, 68.49, 68.52, 2410]
['2019-03-27 15:03:00', 68.53, 68.52, 68.52, 68.53, 605]
['2019-03-27 15:01:00', 68.52, 68.52, 68.52, 68.52, 312]
['2019-03-27 14:59:00', 68.53, 68.53, 68.53, 68.53, 354]
['2019-03-27 14:58:00', 68.55, 68.545, 68.545, 68.55, 834]
['2019-03-27 14:57:00', 68.575, 68.52, 68.52, 68.575, 550]
['2019-03-27 14:56:00', 68.63, 68.635, 68.63, 68.635, 337]
['2019-03-27 14:55:00', 68.61, 68.61, 68.61, 68.61, 492]
['2019-03-27 14:53:00', 68.655, 68.64, 68.64, 68.655, 298]
['2019-03-27 14:52:00', 68.64, 68.65, 68.63, 68.65, 1180]
['2019-03-27 14:51:00', 68.63, 68.63, 68.63, 68.63, 989]
['2019-03-27 14:50:00', 68.62, 68.62, 68.605, 68.62, 1301]
['2019-03-27 14:49:00', 68.59, 68.64, 68.59, 68.64, 1459]
['2019-03-27 14:48:00', 68.58, 68.58, 68.58, 68.58, 28]
['2019-03-27 14:47:00', 68.61, 68.61, 68.595, 68.61, 898]
['2019-03-27 14:46:00', 68.58, 68.58, 68.58, 68.58, 437]
['2019-03-27 14:45:00', 68.54, 68.55, 68.54, 68.55, 947]
['2019-03-27 14:44:00', 68.53, 68.53, 68.53, 68.53, 100]
['2019-03-27 14:43:00', 68.54, 68.54, 68.53, 68.54, 1264]
['2019-03-27 14:41:00', 68.55, 68.54, 68.525, 68.55, 843]
['2019-03-27 14:40:00', 68.53, 68.53, 68.53, 68.53, 106]
['2019-03-27 14:39:00', 68.56, 68.55, 68.545, 68.58, 2341]
['2019-03-27 14:38:00', 68.64, 68.61, 68.61, 68.64, 894]
['2019-03-27 14:37:00', 68.61, 68.62, 68.61, 68.62, 236]
['2019-03-27 14:36:00', 68.595, 68.595, 68.595, 68.595, 155]
['2019-03-27 14:35:00', 68.59, 68.61, 68.55, 68.61, 1880]
['2019-03-27 14:33:00', 68.6, 68.58, 68.58, 68.6, 713]
['2019-03-27 14:32:00', 68.59, 68.59, 68.59, 68.59, 207]
['2019-03-27 14:31:00', 68.58, 68.62, 68.57, 68.62, 1182]
['2019-03-27 14:30:00', 68.58, 68.59, 68.58, 68.59, 655]
['2019-03-27 14:27:00', 68.56, 68.55, 68.55, 68.57, 683]
['2019-03-27 14:26:00', 68.545, 68.545, 68.545, 68.545, 100]
['2019-03-27 14:25:00', 68.5508, 68.56, 68.5508, 68.57, 1037]
['2019-03-27 14:23:00', 68.59, 68.55, 68.55, 68.59, 713]
['2019-03-27 14:22:00', 68.58, 68.57, 68.57, 68.58, 341]
['2019-03-27 14:21:00', 68.56, 68.56, 68.56, 68.56, 200]
['2019-03-27 14:20:00', 68.58, 68.575, 68.575, 68.58, 363]
['2019-03-27 14:19:00', 68.58, 68.58, 68.58, 68.58, 572]
['2019-03-27 14:18:00', 68.5458, 68.59, 68.5458, 68.59, 1062]
['2019-03-27 14:17:00', 68.54, 68.53, 68.53, 68.54, 501]
['2019-03-27 14:13:00', 68.545, 68.55, 68.545, 68.55, 346]
['2019-03-27 14:12:00', 68.5, 68.56, 68.5, 68.6, 1318]
['2019-03-27 14:09:00', 68.485, 68.46, 68.46, 68.485, 629]
['2019-03-27 14:08:00', 68.46, 68.48, 68.46, 68.48, 393]
['2019-03-27 14:07:00', 68.46, 68.46, 68.46, 68.46, 100]
['2019-03-27 14:06:00', 68.46, 68.46, 68.46, 68.46, 100]
['2019-03-27 14:05:00', 68.49, 68.49, 68.49, 68.535, 1060]
['2019-03-27 14:04:00', 68.45, 68.45, 68.45, 68.45, 604]
['2019-03-27 14:02:00', 68.43, 68.43, 68.43, 68.43, 260]
['2019-03-27 14:01:00', 68.43, 68.43, 68.43, 68.43, 321]
['2019-03-27 14:00:00', 68.4, 68.4, 68.4, 68.4, 590]
['2019-03-27 13:59:00', 68.45, 68.43, 68.43, 68.46, 633]
['2019-03-27 13:57:00', 68.48, 68.47, 68.47, 68.48, 402]
['2019-03-27 13:56:00', 68.48, 68.48, 68.48, 68.48, 300]
['2019-03-27 13:55:00', 68.46, 68.46, 68.46, 68.46, 241]
['2019-03-27 13:54:00', 68.5099, 68.48, 68.48, 68.5099, 385]
['2019-03-27 13:53:00', 68.52, 68.5, 68.5, 68.53, 1290]
['2019-03-27 13:52:00', 68.46, 68.49, 68.46, 68.49, 1026]
['2019-03-27 13:51:00', 68.46, 68.44, 68.44, 68.46, 582]
['2019-03-27 13:50:00', 68.4764, 68.47, 68.47, 68.4764, 1122]
['2019-03-27 13:49:00', 68.46, 68.46, 68.46, 68.46, 111]
['2019-03-27 13:48:00', 68.49, 68.47, 68.47, 68.49, 414]
['2019-03-27 13:47:00', 68.54, 68.49, 68.49, 68.54, 455]
['2019-03-27 13:46:00', 68.55, 68.55, 68.55, 68.55, 220]
['2019-03-27 13:45:00', 68.5, 68.52, 68.5, 68.52, 383]
['2019-03-27 13:44:00', 68.5, 68.49, 68.49, 68.51, 1279]
['2019-03-27 13:41:00', 68.4101, 68.4101, 68.4101, 68.4101, 452]
['2019-03-27 13:39:00', 68.42, 68.43, 68.42, 68.43, 431]
['2019-03-27 13:37:00', 68.38, 68.38, 68.38, 68.39, 1190]
['2019-03-27 13:36:00', 68.38, 68.38, 68.38, 68.38, 912]
['2019-03-27 13:34:00', 68.38, 68.38, 68.38, 68.38, 550]
['2019-03-27 13:33:00', 68.37, 68.39, 68.37, 68.39, 985]
['2019-03-27 13:32:00', 68.39, 68.38, 68.38, 68.39, 413]
['2019-03-27 13:31:00', 68.39, 68.4, 68.39, 68.4, 1002]
['2019-03-27 13:28:00', 68.42, 68.42, 68.42, 68.42, 307]
['2019-03-27 13:27:00', 68.48, 68.48, 68.48, 68.48, 100]
['2019-03-27 13:26:00', 68.43, 68.43, 68.43, 68.43, 200]
['2019-03-27 13:23:00', 68.47, 68.4, 68.4, 68.47, 1074]
['2019-03-27 13:22:00', 68.42, 68.49, 68.42, 68.49, 434]
['2019-03-27 13:21:00', 68.38, 68.41, 68.38, 68.41, 1068]
['2019-03-27 13:19:00', 68.41, 68.39, 68.39, 68.41, 14252]
['2019-03-27 13:18:00', 68.41, 68.41, 68.41, 68.41, 100]
['2019-03-27 13:17:00', 68.46, 68.41, 68.41, 68.46, 680]
['2019-03-27 13:16:00', 68.43, 68.44, 68.43, 68.44, 689]
['2019-03-27 13:15:00', 68.34, 68.44, 68.34, 68.44, 712]
['2019-03-27 13:14:00', 68.29, 68.29, 68.29, 68.29, 744]
['2019-03-27 13:13:00', 68.28, 68.28, 68.28, 68.29, 441]
['2019-03-27 13:12:00', 68.26, 68.26, 68.26, 68.26, 453]
['2019-03-27 13:11:00', 68.275, 68.275, 68.275, 68.275, 228]
['2019-03-27 13:10:00', 68.27, 68.26, 68.24, 68.27, 1311]
['2019-03-27 13:09:00', 68.25, 68.25, 68.25, 68.25, 100]
['2019-03-27 13:07:00', 68.27, 68.27, 68.27, 68.27, 597]
['2019-03-27 13:06:00', 68.24, 68.24, 68.24, 68.24, 208]
['2019-03-27 13:05:00', 68.2, 68.2, 68.2, 68.2, 342]
['2019-03-27 13:04:00', 68.21, 68.225, 68.2, 68.225, 641]
['2019-03-27 13:03:00', 68.2, 68.2, 68.2, 68.22, 1161]
['2019-03-27 13:02:00', 68.2, 68.23, 68.2, 68.23, 1132]
['2019-03-27 13:00:00', 68.17, 68.2, 68.17, 68.2, 1038]
['2019-03-27 12:58:00', 68.15, 68.18, 68.13, 68.18, 1393]
['2019-03-27 12:55:00', 68.19, 68.19, 68.19, 68.19, 118]
['2019-03-27 12:54:00', 68.1529, 68.17, 68.1529, 68.17, 590]
['2019-03-27 12:52:00', 68.09, 68.12, 68.09, 68.12, 602]
['2019-03-27 12:51:00', 68.1, 68.1, 68.1, 68.1, 155]
['2019-03-27 12:50:00', 68.12, 68.12, 68.12, 68.12, 519]
['2019-03-27 12:46:00', 68.15, 68.13, 68.13, 68.16, 610]
['2019-03-27 12:45:00', 68.12, 68.07, 68.07, 68.15, 1038]
['2019-03-27 12:43:00', 68.12, 68.12, 68.12, 68.12, 219]
['2019-03-27 12:42:00', 68.08, 68.08, 68.08, 68.08, 100]
['2019-03-27 12:41:00', 68.11, 68.11, 68.11, 68.11, 223]
['2019-03-27 12:38:00', 68.07, 68.07, 68.07, 68.07, 498]
['2019-03-27 12:36:00', 68.095, 68.095, 68.095, 68.095, 307]
['2019-03-27 12:35:00', 68.12, 68.12, 68.12, 68.12, 362]
['2019-03-27 12:34:00', 68.11, 68.13, 68.11, 68.13, 450]
['2019-03-27 12:32:00', 68.14, 68.11, 68.11, 68.14, 616]
['2019-03-27 12:31:00', 68.12, 68.12, 68.12, 68.12, 247]
['2019-03-27 12:29:00', 68.13, 68.13, 68.13, 68.13, 371]
['2019-03-27 12:28:00', 68.1, 68.1, 68.1, 68.1, 250]
['2019-03-27 12:27:00', 68.01, 68.01, 68.01, 68.01, 262]
['2019-03-27 12:26:00', 68.01, 68.01, 68.01, 68.01, 455]
['2019-03-27 12:25:00', 67.95, 68.03, 67.95, 68.03, 228]
['2019-03-27 12:24:00', 68.02, 67.95, 67.95, 68.02, 378]
['2019-03-27 12:22:00', 68.06, 68.04, 68.04, 68.06, 1165]
['2019-03-27 12:21:00', 67.96, 68.04, 67.96, 68.04, 997]
['2019-03-27 12:20:00', 67.93, 67.95, 67.93, 67.95, 402]
['2019-03-27 12:19:00', 67.96, 67.95, 67.95, 67.96, 723]
['2019-03-27 12:17:00', 67.98, 67.98, 67.98, 67.98, 212]
['2019-03-27 12:16:00', 67.98, 67.98, 67.98, 67.98, 100]
['2019-03-27 12:15:00', 67.93, 67.95, 67.93, 67.95, 615]
['2019-03-27 12:14:00', 67.99, 67.92, 67.92, 67.99, 783]
['2019-03-27 12:13:00', 67.96, 67.98, 67.96, 68.0, 537]
['2019-03-27 12:12:00', 67.95, 67.95, 67.95, 67.95, 140]
['2019-03-27 12:11:00', 67.94, 67.94, 67.94, 67.94, 127]
['2019-03-27 12:10:00', 67.93, 67.93, 67.93, 67.93, 110]
['2019-03-27 12:08:00', 67.91, 67.94, 67.91, 67.94, 816]
['2019-03-27 12:06:00', 67.95, 67.94, 67.94, 67.97, 513]
['2019-03-27 12:05:00', 67.96, 67.97, 67.96, 67.97, 458]
['2019-03-27 12:03:00', 67.84, 67.84, 67.84, 67.84, 1714]
['2019-03-27 12:01:00', 67.82, 67.84, 67.81, 67.84, 629]
['2019-03-27 11:57:00', 67.76, 67.76, 67.76, 67.76, 513]
['2019-03-27 11:56:00', 67.795, 67.795, 67.795, 67.795, 223]
['2019-03-27 11:55:00', 67.7, 67.71, 67.7, 67.71, 444]
['2019-03-27 11:54:00', 67.68, 67.68, 67.68, 67.68, 200]
['2019-03-27 11:51:00', 67.78, 67.8, 67.74, 67.8, 905]
['2019-03-27 11:50:00', 67.72, 67.74, 67.695, 67.74, 845]
['2019-03-27 11:49:00', 67.74, 67.69, 67.69, 67.74, 484]
['2019-03-27 11:46:00', 67.77, 67.77, 67.77, 67.77, 281]
['2019-03-27 11:45:00', 67.77, 67.77, 67.77, 67.77, 200]
['2019-03-27 11:44:00', 67.85, 67.84, 67.82, 67.85, 527]
['2019-03-27 11:43:00', 67.92, 67.9, 67.87, 67.92, 1721]
['2019-03-27 11:42:00', 67.89, 67.89, 67.89, 67.89, 403]
['2019-03-27 11:41:00', 67.94, 67.94, 67.94, 67.94, 200]
['2019-03-27 11:40:00', 67.91, 67.88, 67.88, 67.91, 422]
['2019-03-27 11:37:00', 67.89, 67.88, 67.88, 67.89, 449]
['2019-03-27 11:36:00', 67.8753, 67.8753, 67.8753, 67.8753, 216]
['2019-03-27 11:35:00', 67.95, 67.88, 67.88, 67.95, 334]
['2019-03-27 11:34:00', 67.98, 67.97, 67.97, 67.98, 268]
['2019-03-27 11:32:00', 67.94, 67.98, 67.94, 67.98, 916]
['2019-03-27 11:31:00', 68.0, 68.0, 68.0, 68.0, 103]
['2019-03-27 11:30:00', 67.99, 67.97, 67.97, 68.01, 852]
['2019-03-27 11:29:00', 67.99, 67.99, 67.99, 67.99, 100]
['2019-03-27 11:28:00', 68.05, 68.05, 68.05, 68.05, 212]
['2019-03-27 11:26:00', 68.1, 68.1, 68.1, 68.1, 155]
['2019-03-27 11:24:00', 68.01, 68.04, 68.01, 68.04, 928]
['2019-03-27 11:23:00', 68.04, 68.02, 68.02, 68.04, 659]
['2019-03-27 11:22:00', 67.99, 67.99, 67.99, 67.99, 319]
['2019-03-27 11:21:00', 67.97, 67.98, 67.97, 67.98, 292]
['2019-03-27 11:20:00', 67.96, 67.9874, 67.96, 67.9874, 268]
['2019-03-27 11:18:00', 67.88, 67.92, 67.88, 67.92, 621]
['2019-03-27 11:17:00', 67.86, 67.86, 67.86, 67.86, 136]
['2019-03-27 11:16:00', 67.92, 67.9, 67.9, 67.94, 2671]
['2019-03-27 11:15:00', 67.91, 67.92, 67.91, 67.96, 704]
['2019-03-27 11:14:00', 67.96, 67.93, 67.93, 68.0, 1011]
['2019-03-27 11:10:00', 68.04, 68.04, 68.04, 68.04, 819]
['2019-03-27 11:09:00', 68.05, 68.04, 68.04, 68.05, 582]
['2019-03-27 11:08:00', 68.01, 68.11, 68.01, 68.11, 1030]
['2019-03-27 11:06:00', 67.98, 67.94, 67.94, 67.98, 376]
['2019-03-27 11:05:00', 67.97, 67.97, 67.97, 67.97, 157]
['2019-03-27 11:04:00', 68.0, 67.98, 67.98, 68.0, 369]
['2019-03-27 11:03:00', 68.06, 68.05, 68.05, 68.06, 676]
['2019-03-27 11:02:00', 68.135, 68.1, 68.1, 68.135, 559]
['2019-03-27 11:01:00', 68.03, 68.03, 68.03, 68.03, 1307]
['2019-03-27 10:59:00', 67.97, 67.97, 67.97, 67.97, 446]
['2019-03-27 10:57:00', 67.94, 67.94, 67.94, 67.94, 129]
['2019-03-27 10:55:00', 67.93, 67.935, 67.93, 67.935, 413]
['2019-03-27 10:54:00', 67.95, 67.95, 67.94, 67.95, 678]
['2019-03-27 10:53:00', 68.0, 67.95, 67.95, 68.0, 205]
['2019-03-27 10:52:00', 68.0, 68.0, 68.0, 68.0, 124]
['2019-03-27 10:51:00', 67.98, 68.03, 67.98, 68.03, 1003]
['2019-03-27 10:50:00', 68.08, 68.08, 68.08, 68.08, 100]
['2019-03-27 10:49:00', 67.98, 68.06, 67.98, 68.07, 1016]
['2019-03-27 10:48:00', 67.945, 67.97, 67.945, 67.97, 815]
['2019-03-27 10:47:00', 67.98, 67.97, 67.95, 67.98, 609]
['2019-03-27 10:46:00', 67.98, 67.89, 67.89, 67.98, 712]
['2019-03-27 10:43:00', 68.1, 68.09, 68.09, 68.1, 466]
['2019-03-27 10:42:00', 68.13, 68.13, 68.13, 68.13, 169]
['2019-03-27 10:41:00', 68.18, 68.17, 68.17, 68.18, 1032]
['2019-03-27 10:40:00', 68.205, 68.205, 68.205, 68.205, 144]
['2019-03-27 10:39:00', 68.25, 68.215, 68.215, 68.25, 202]
['2019-03-27 10:38:00', 68.17, 68.17, 68.17, 68.17, 215]
['2019-03-27 10:37:00', 68.24, 68.24, 68.24, 68.24, 103]
['2019-03-27 10:36:00', 68.23, 68.24, 68.23, 68.24, 873]
['2019-03-27 10:35:00', 68.26, 68.19, 68.19, 68.26, 1080]
['2019-03-27 10:33:00', 68.24, 68.26, 68.24, 68.26, 560]
['2019-03-27 10:32:00', 68.26, 68.26, 68.26, 68.26, 302]
['2019-03-27 10:31:00', 68.26, 68.27, 68.26, 68.27, 200]
['2019-03-27 10:29:00', 68.11, 68.25, 68.11, 68.25, 3398]
['2019-03-27 10:28:00', 67.96, 68.11, 67.96, 68.11, 5208]
['2019-03-27 10:27:00', 68.01, 68.01, 68.01, 68.01, 200]
['2019-03-27 10:26:00', 68.05, 68.05, 68.05, 68.05, 306]
['2019-03-27 10:24:00', 67.96, 68.06, 67.96, 68.06, 1152]
['2019-03-27 10:23:00', 67.995, 67.97, 67.97, 67.995, 206]
['2019-03-27 10:21:00', 67.99, 67.99, 67.99, 67.99, 769]
['2019-03-27 10:20:00', 67.96, 67.93, 67.93, 67.96, 316]
['2019-03-27 10:19:00', 67.92, 67.93, 67.92, 67.93, 244]
['2019-03-27 10:18:00', 67.87, 67.88, 67.87, 67.9, 802]
['2019-03-27 10:16:00', 67.87, 67.884, 67.87, 67.884, 716]
['2019-03-27 10:15:00', 67.9, 67.91, 67.9, 67.91, 208]
['2019-03-27 10:14:00', 67.89, 67.85, 67.81, 67.9, 2500]
['2019-03-27 10:13:00', 67.89, 67.89, 67.89, 67.89, 107]
['2019-03-27 10:12:00', 67.86, 67.85, 67.85, 67.86, 814]
['2019-03-27 10:11:00', 67.855, 67.905, 67.85, 67.905, 1837]
['2019-03-27 10:10:00', 67.85, 67.82, 67.82, 67.85, 312]
['2019-03-27 10:09:00', 67.89, 67.86, 67.86, 67.89, 482]
['2019-03-27 10:08:00', 67.885, 67.87, 67.87, 67.915, 782]
['2019-03-27 10:07:00', 67.87, 67.85, 67.8, 67.87, 944]
['2019-03-27 10:06:00', 67.93, 67.895, 67.88, 67.93, 612]
['2019-03-27 10:05:00', 67.97, 67.97, 67.97, 67.97, 141]
['2019-03-27 10:04:00', 67.915, 67.94, 67.915, 67.94, 435]
['2019-03-27 10:01:00', 67.83, 67.94, 67.83, 67.94, 873]
['2019-03-27 10:00:00', 67.85, 67.75, 67.75, 67.85, 1036]
['2019-03-27 09:57:00', 67.84, 67.84, 67.84, 67.84, 260]
['2019-03-27 09:56:00', 67.97, 67.97, 67.97, 67.97, 204]
['2019-03-27 09:55:00', 68.025, 68.025, 68.025, 68.025, 116]
['2019-03-27 09:53:00', 68.12, 68.07, 68.02, 68.12, 526]
['2019-03-27 09:52:00', 68.08, 68.19, 68.08, 68.23, 2263]
['2019-03-27 09:51:00', 67.96, 68.08, 67.96, 68.08, 1147]
['2019-03-27 09:50:00', 67.98, 67.96, 67.96, 68.0, 513]
['2019-03-27 09:49:00', 68.085, 68.04, 68.04, 68.09, 1500]
['2019-03-27 09:48:00', 68.195, 68.12, 68.03, 68.195, 6494]
['2019-03-27 09:47:00', 68.285, 68.24, 68.24, 68.285, 424]
['2019-03-27 09:46:00', 68.41, 68.32, 68.32, 68.41, 566]
['2019-03-27 09:45:00', 68.42, 68.38, 68.34, 68.42, 20457]
['2019-03-27 09:44:00', 68.355, 68.26, 68.26, 68.355, 732]
['2019-03-27 09:43:00', 68.24, 68.43, 68.24, 68.43, 723]
['2019-03-27 09:42:00', 68.24, 68.22, 68.21, 68.24, 513]
['2019-03-27 09:41:00', 68.145, 68.29, 68.145, 68.29, 1271]
['2019-03-27 09:40:00', 68.19, 68.15, 68.15, 68.2, 50932]
['2019-03-27 09:39:00', 68.23, 68.22, 68.22, 68.23, 223]
['2019-03-27 09:37:00', 68.31, 68.31, 68.31, 68.31, 732]
['2019-03-27 09:35:00', 68.27, 68.27, 68.27, 68.27, 473]
['2019-03-27 09:34:00', 68.185, 68.28, 68.185, 68.28, 5700]
['2019-03-27 09:33:00', 68.3, 68.185, 68.185, 68.3, 625]
['2019-03-27 09:32:00', 68.105, 68.29, 68.105, 68.29, 5327]
['2019-03-27 09:31:00', 68.19, 68.105, 68.1, 68.28, 19429]
['2019-03-26 16:00:00', 67.86, 67.9, 67.85, 67.9, 14695]
['2019-03-26 15:59:00', 67.73, 67.87, 67.73, 67.94, 24000]
['2019-03-26 15:58:00', 67.67, 67.72, 67.67, 67.72, 3830]
['2019-03-26 15:57:00', 67.68, 67.66, 67.66, 67.68, 3754]
['2019-03-26 15:56:00', 67.7, 67.69, 67.69, 67.7, 5509]
['2019-03-26 15:55:00', 67.65, 67.66, 67.65, 67.66, 3723]
['2019-03-26 15:54:00', 67.65, 67.66, 67.64, 67.66, 5717]
['2019-03-26 15:53:00', 67.64, 67.64, 67.64, 67.64, 1415]
['2019-03-26 15:52:00', 67.585, 67.61, 67.585, 67.61, 5167]
['2019-03-26 15:51:00', 67.55, 67.6, 67.55, 67.6, 4679]
['2019-03-26 15:50:00', 67.57, 67.57, 67.57, 67.57, 1252]
['2019-03-26 15:49:00', 67.61, 67.575, 67.575, 67.61, 4981]
['2019-03-26 15:48:00', 67.62, 67.64, 67.62, 67.64, 3000]
['2019-03-26 15:47:00', 67.55, 67.58, 67.55, 67.58, 6310]
['2019-03-26 15:46:00', 67.6, 67.55, 67.55, 67.6, 5109]
['2019-03-26 15:45:00', 67.63, 67.63, 67.63, 67.63, 2317]
['2019-03-26 15:44:00', 67.63, 67.64, 67.63, 67.64, 2370]
['2019-03-26 15:43:00', 67.705, 67.69, 67.69, 67.705, 2257]
['2019-03-26 15:42:00', 67.72, 67.71, 67.71, 67.72, 2299]
['2019-03-26 15:41:00', 67.735, 67.71, 67.71, 67.735, 4123]
['2019-03-26 15:40:00', 67.71, 67.725, 67.71, 67.725, 2460]
['2019-03-26 15:39:00', 67.73, 67.7, 67.7, 67.73, 5545]
['2019-03-26 15:38:00', 67.74, 67.745, 67.74, 67.745, 2462]
['2019-03-26 15:37:00', 67.73, 67.735, 67.73, 67.735, 3582]
['2019-03-26 15:36:00', 67.72, 67.735, 67.72, 67.74, 4974]
['2019-03-26 15:35:00', 67.67, 67.71, 67.67, 67.71, 4254]
['2019-03-26 15:34:00', 67.71, 67.6825, 67.6825, 67.71, 3581]
['2019-03-26 15:33:00', 67.69, 67.715, 67.69, 67.715, 2625]
['2019-03-26 15:32:00', 67.69, 67.705, 67.68, 67.705, 4481]
['2019-03-26 15:31:00', 67.68, 67.67, 67.67, 67.68, 2057]
['2019-03-26 15:30:00', 67.715, 67.68, 67.68, 67.715, 4714]
['2019-03-26 15:29:00', 67.7, 67.71, 67.7, 67.72, 4965]
['2019-03-26 15:28:00', 67.66, 67.7, 67.66, 67.7, 19122]
['2019-03-26 15:27:00', 67.64, 67.64, 67.63, 67.64, 2840]
['2019-03-26 15:26:00', 67.7, 67.64, 67.64, 67.7, 2630]
['2019-03-26 15:25:00', 67.7, 67.7, 67.7, 67.7, 1255]
['2019-03-26 15:24:00', 67.68, 67.68, 67.68, 67.7, 2425]
['2019-03-26 15:23:00', 67.68, 67.66, 67.66, 67.68, 3239]
['2019-03-26 15:22:00', 67.69, 67.69, 67.69, 67.69, 926]
['2019-03-26 15:21:00', 67.69, 67.71, 67.69, 67.71, 2199]
['2019-03-26 15:20:00', 67.76, 67.71, 67.71, 67.76, 3661]
['2019-03-26 15:19:00', 67.72, 67.76, 67.72, 67.76, 2215]
['2019-03-26 15:18:00', 67.74, 67.715, 67.715, 67.74, 1568]
['2019-03-26 15:17:00', 67.76, 67.76, 67.76, 67.76, 1746]
['2019-03-26 15:16:00', 67.77, 67.76, 67.76, 67.77, 1524]
['2019-03-26 15:15:00', 67.8, 67.79, 67.79, 67.8, 1110]
['2019-03-26 15:14:00', 67.84, 67.83, 67.83, 67.84, 1820]
['2019-03-26 15:13:00', 67.78, 67.82, 67.78, 67.82, 2438]
['2019-03-26 15:11:00', 67.77, 67.76, 67.75, 67.77, 4610]
['2019-03-26 15:10:00', 67.8, 67.8, 67.8, 67.8, 803]
['2019-03-26 15:09:00', 67.76, 67.81, 67.76, 67.81, 2798]
['2019-03-26 15:08:00', 67.82, 67.755, 67.755, 67.82, 3396]
['2019-03-26 15:07:00', 67.81, 67.81, 67.81, 67.81, 551]
['2019-03-26 15:06:00', 67.82, 67.82, 67.82, 67.82, 868]
['2019-03-26 15:05:00', 67.825, 67.825, 67.825, 67.825, 1315]
['2019-03-26 15:04:00', 67.86, 67.86, 67.86, 67.86, 889]
['2019-03-26 15:03:00', 67.93, 67.87, 67.87, 67.93, 4049]
['2019-03-26 15:01:00', 67.8665, 67.91, 67.8665, 67.91, 2476]
['2019-03-26 15:00:00', 67.86, 67.89, 67.86, 67.89, 1732]
['2019-03-26 14:59:00', 67.8058, 67.8058, 67.8058, 67.8058, 661]
['2019-03-26 14:58:00', 67.73, 67.79, 67.73, 67.79, 1876]
['2019-03-26 14:57:00', 67.7, 67.7, 67.7, 67.7, 694]
['2019-03-26 14:56:00', 67.68, 67.68, 67.68, 67.68, 1275]
['2019-03-26 14:55:00', 67.73, 67.71, 67.71, 67.73, 1375]
['2019-03-26 14:54:00', 67.73, 67.73, 67.73, 67.73, 547]
['2019-03-26 14:53:00', 67.76, 67.75, 67.75, 67.76, 1443]
['2019-03-26 14:52:00', 67.75, 67.75, 67.75, 67.75, 829]
['2019-03-26 14:51:00', 67.74, 67.75, 67.74, 67.75, 1190]
['2019-03-26 14:50:00', 67.76, 67.76, 67.76, 67.76, 1002]
['2019-03-26 14:49:00', 67.73, 67.73, 67.73, 67.73, 725]
['2019-03-26 14:47:00', 67.73, 67.73, 67.73, 67.73, 1916]
['2019-03-26 14:45:00', 67.68, 67.72, 67.68, 67.72, 1846]
['2019-03-26 14:44:00', 67.66, 67.66, 67.66, 67.66, 834]
['2019-03-26 14:43:00', 67.66, 67.66, 67.66, 67.66, 1013]
['2019-03-26 14:42:00', 67.66, 67.66, 67.66, 67.66, 700]
['2019-03-26 14:41:00', 67.65, 67.65, 67.65, 67.65, 430]
['2019-03-26 14:40:00', 67.635, 67.635, 67.635, 67.635, 100]
['2019-03-26 14:38:00', 67.6, 67.64, 67.6, 67.64, 1543]
['2019-03-26 14:37:00', 67.6, 67.6, 67.6, 67.6, 200]
['2019-03-26 14:36:00', 67.56, 67.56, 67.56, 67.56, 789]
['2019-03-26 14:35:00', 67.5, 67.53, 67.5, 67.53, 1561]
['2019-03-26 14:34:00', 67.48, 67.485, 67.48, 67.485, 1365]
['2019-03-26 14:33:00', 67.5, 67.5, 67.5, 67.5, 513]
['2019-03-26 14:32:00', 67.545, 67.525, 67.525, 67.545, 1947]
['2019-03-26 14:31:00', 67.54, 67.54, 67.54, 67.54, 1435]
['2019-03-26 14:28:00', 67.585, 67.585, 67.585, 67.585, 938]
['2019-03-26 14:27:00', 67.59, 67.57, 67.57, 67.59, 1537]
['2019-03-26 14:26:00', 67.6, 67.6, 67.6, 67.6, 600]
['2019-03-26 14:23:00', 67.53, 67.53, 67.53, 67.53, 2864]
['2019-03-26 14:22:00', 67.565, 67.54, 67.54, 67.565, 1100]
['2019-03-26 14:21:00', 67.57, 67.57, 67.57, 67.57, 1008]
['2019-03-26 14:20:00', 67.58, 67.595, 67.58, 67.595, 952]
['2019-03-26 14:19:00', 67.53, 67.53, 67.53, 67.53, 715]
['2019-03-26 14:18:00', 67.51, 67.51, 67.51, 67.51, 503]
['2019-03-26 14:17:00', 67.47, 67.51, 67.47, 67.51, 2840]
['2019-03-26 14:16:00', 67.46, 67.46, 67.46, 67.46, 686]
['2019-03-26 14:14:00', 67.45, 67.46, 67.45, 67.46, 3554]
['2019-03-26 14:12:00', 67.44, 67.44, 67.43, 67.44, 2532]
['2019-03-26 14:11:00', 67.48, 67.47, 67.47, 67.48, 1807]
['2019-03-26 14:10:00', 67.52, 67.52, 67.52, 67.52, 743]
['2019-03-26 14:09:00', 67.55, 67.55, 67.55, 67.56, 2946]
['2019-03-26 14:08:00', 67.535, 67.535, 67.535, 67.535, 1082]
['2019-03-26 14:07:00', 67.535, 67.54, 67.535, 67.57, 4347]
['2019-03-26 14:06:00', 67.6, 67.55, 67.55, 67.6, 7939]
['2019-03-26 14:05:00', 67.64, 67.64, 67.64, 67.64, 328]
['2019-03-26 14:04:00', 67.665, 67.65, 67.65, 67.665, 786]
['2019-03-26 14:03:00', 67.66, 67.66, 67.66, 67.66, 1027]
['2019-03-26 14:02:00', 67.65, 67.65, 67.65, 67.65, 976]
['2019-03-26 14:00:00', 67.655, 67.65, 67.65, 67.655, 1065]
['2019-03-26 13:59:00', 67.68, 67.68, 67.68, 67.68, 296]
['2019-03-26 13:58:00', 67.69, 67.69, 67.69, 67.69, 942]
['2019-03-26 13:57:00', 67.7, 67.72, 67.7, 67.72, 1242]
['2019-03-26 13:55:00', 67.73, 67.73, 67.73, 67.73, 279]
['2019-03-26 13:54:00', 67.72, 67.72, 67.72, 67.72, 716]
['2019-03-26 13:53:00', 67.73, 67.73, 67.73, 67.73, 909]
['2019-03-26 13:52:00', 67.77, 67.77, 67.77, 67.77, 316]
['2019-03-26 13:50:00', 67.75, 67.75, 67.75, 67.75, 237]
['2019-03-26 13:49:00', 67.75, 67.75, 67.75, 67.75, 303]
['2019-03-26 13:48:00', 67.75, 67.75, 67.75, 67.75, 319]
['2019-03-26 13:47:00', 67.75, 67.75, 67.75, 67.75, 301]
['2019-03-26 13:46:00', 67.7, 67.73, 67.7, 67.73, 1726]
['2019-03-26 13:45:00', 67.7, 67.69, 67.69, 67.7, 1492]
['2019-03-26 13:43:00', 67.67, 67.67, 67.67, 67.67, 380]
['2019-03-26 13:42:00', 67.715, 67.715, 67.715, 67.715, 210]
['2019-03-26 13:41:00', 67.665, 67.67, 67.665, 67.67, 1420]
['2019-03-26 13:39:00', 67.66, 67.66, 67.66, 67.66, 403]
['2019-03-26 13:38:00', 67.67, 67.69, 67.67, 67.69, 1594]
['2019-03-26 13:37:00', 67.7, 67.7, 67.7, 67.7, 648]
['2019-03-26 13:36:00', 67.745, 67.745, 67.745, 67.745, 985]
['2019-03-26 13:35:00', 67.81, 67.73, 67.73, 67.81, 866]
['2019-03-26 13:34:00', 67.86, 67.83, 67.83, 67.86, 1334]
['2019-03-26 13:33:00', 67.84, 67.84, 67.84, 67.84, 906]
['2019-03-26 13:32:00', 67.815, 67.815, 67.815, 67.815, 786]
['2019-03-26 13:31:00', 67.8099, 67.8, 67.765, 67.8099, 4731]
['2019-03-26 13:30:00', 67.815, 67.815, 67.815, 67.815, 1050]
['2019-03-26 13:29:00', 67.85, 67.85, 67.85, 67.85, 813]
['2019-03-26 13:28:00', 67.85, 67.85, 67.85, 67.85, 316]
['2019-03-26 13:27:00', 67.87, 67.87, 67.87, 67.87, 400]
['2019-03-26 13:26:00', 67.85, 67.85, 67.85, 67.85, 1011]
['2019-03-26 13:25:00', 67.88, 67.88, 67.88, 67.88, 521]
['2019-03-26 13:24:00', 67.905, 67.905, 67.905, 67.905, 600]
['2019-03-26 13:23:00', 67.88, 67.9, 67.88, 67.9, 2137]
['2019-03-26 13:22:00', 67.89, 67.89, 67.89, 67.89, 393]
['2019-03-26 13:21:00', 67.945, 67.92, 67.92, 67.945, 1044]
['2019-03-26 13:19:00', 67.975, 67.945, 67.945, 67.975, 1945]
['2019-03-26 13:18:00', 67.93, 67.93, 67.93, 67.93, 475]
['2019-03-26 13:16:00', 67.93, 67.93, 67.93, 67.93, 897]
['2019-03-26 13:15:00', 67.97, 68.0, 67.97, 68.0, 1360]
['2019-03-26 13:14:00', 67.93, 67.93, 67.93, 67.93, 1233]
['2019-03-26 13:13:00', 67.92, 67.92, 67.92, 67.92, 1980]
['2019-03-26 13:12:00', 67.93, 67.93, 67.93, 67.93, 738]
['2019-03-26 13:11:00', 67.915, 67.92, 67.915, 67.92, 1459]
['2019-03-26 13:10:00', 67.88, 67.87, 67.87, 67.88, 1367]
['2019-03-26 13:09:00', 67.9, 67.9, 67.9, 67.9, 748]
['2019-03-26 13:08:00', 67.89, 67.89, 67.89, 67.89, 903]
['2019-03-26 13:07:00', 67.91, 67.93, 67.91, 67.93, 4100]
['2019-03-26 13:06:00', 67.94, 67.89, 67.89, 67.94, 1027]
['2019-03-26 13:05:00', 67.97, 67.97, 67.97, 67.97, 613]
['2019-03-26 13:04:00', 67.94, 67.94, 67.94, 67.94, 459]
['2019-03-26 13:03:00', 67.93, 67.93, 67.93, 67.93, 678]
['2019-03-26 13:02:00', 67.93, 67.94, 67.93, 67.94, 1323]
['2019-03-26 13:01:00', 67.93, 67.93, 67.93, 67.93, 1486]
['2019-03-26 13:00:00', 67.93, 67.9, 67.9, 67.93, 4342]
['2019-03-26 12:59:00', 67.98, 67.96, 67.96, 67.98, 1639]
['2019-03-26 12:58:00', 68.0, 68.0, 68.0, 68.0, 829]
['2019-03-26 12:57:00', 68.01, 68.01, 68.01, 68.01, 587]
['2019-03-26 12:56:00', 68.05, 68.05, 68.05, 68.05, 429]
['2019-03-26 12:55:00', 68.02, 68.04, 68.02, 68.04, 1423]
['2019-03-26 12:54:00', 68.03, 68.03, 68.03, 68.03, 413]
['2019-03-26 12:53:00', 68.05, 68.05, 68.05, 68.05, 718]
['2019-03-26 12:52:00', 68.01, 68.04, 68.01, 68.04, 2749]
['2019-03-26 12:51:00', 67.98, 67.98, 67.98, 67.98, 438]
['2019-03-26 12:49:00', 68.02, 68.02, 68.02, 68.02, 756]
['2019-03-26 12:48:00', 68.04, 68.04, 68.04, 68.04, 503]
['2019-03-26 12:47:00', 68.0, 68.03, 68.0, 68.03, 1397]
['2019-03-26 12:46:00', 68.04, 68.04, 68.04, 68.04, 313]
['2019-03-26 12:45:00', 68.08, 68.08, 68.08, 68.08, 524]
['2019-03-26 12:44:00', 68.06, 68.06, 68.06, 68.06, 403]
['2019-03-26 12:43:00', 68.07, 68.07, 68.07, 68.07, 303]
['2019-03-26 12:42:00', 68.045, 68.0825, 68.045, 68.0825, 1043]
['2019-03-26 12:40:00', 68.08, 68.08, 68.08, 68.08, 406]
['2019-03-26 12:38:00', 68.07, 68.09, 68.07, 68.09, 1131]
['2019-03-26 12:36:00', 68.09, 68.1, 68.09, 68.1, 1440]
['2019-03-26 12:35:00', 68.09, 68.09, 68.09, 68.09, 604]
['2019-03-26 12:34:00', 68.1, 68.1, 68.1, 68.1, 538]
['2019-03-26 12:32:00', 68.09, 68.09, 68.09, 68.09, 443]
['2019-03-26 12:31:00', 68.11, 68.1, 68.1, 68.11, 1623]
['2019-03-26 12:30:00', 68.1, 68.08, 68.08, 68.1, 1914]
['2019-03-26 12:29:00', 68.055, 68.055, 68.055, 68.055, 430]
['2019-03-26 12:28:00', 68.05, 68.05, 68.05, 68.05, 604]
['2019-03-26 12:27:00', 68.04, 68.04, 68.04, 68.04, 485]
['2019-03-26 12:26:00', 68.05, 68.05, 68.05, 68.05, 523]
['2019-03-26 12:25:00', 68.07, 68.06, 68.06, 68.07, 3580]
['2019-03-26 12:24:00', 68.13, 68.13, 68.13, 68.13, 655]
['2019-03-26 12:23:00', 68.131, 68.14, 68.131, 68.14, 2743]
['2019-03-26 12:22:00', 68.15, 68.15, 68.15, 68.15, 801]
['2019-03-26 12:21:00', 68.16, 68.16, 68.16, 68.16, 1550]
['2019-03-26 12:18:00', 68.15, 68.15, 68.15, 68.15, 320]
['2019-03-26 12:17:00', 68.17, 68.17, 68.17, 68.17, 585]
['2019-03-26 12:16:00', 68.13, 68.13, 68.13, 68.13, 330]
['2019-03-26 12:15:00', 68.13, 68.13, 68.13, 68.13, 547]
['2019-03-26 12:14:00', 68.12, 68.11, 68.11, 68.12, 1208]
['2019-03-26 12:13:00', 68.14, 68.14, 68.14, 68.14, 780]
['2019-03-26 12:12:00', 68.095, 68.12, 68.095, 68.12, 976]
['2019-03-26 12:11:00', 68.12, 68.12, 68.12, 68.12, 2439]
['2019-03-26 12:09:00', 68.1, 68.1, 68.1, 68.1, 317]
['2019-03-26 12:08:00', 68.11, 68.11, 68.11, 68.11, 432]
['2019-03-26 12:07:00', 68.18, 68.175, 68.175, 68.18, 984]
['2019-03-26 12:06:00', 68.145, 68.145, 68.145, 68.145, 317]
['2019-03-26 12:05:00', 68.145, 68.145, 68.145, 68.145, 506]
['2019-03-26 12:04:00', 68.15, 68.15, 68.15, 68.15, 502]
['2019-03-26 12:03:00', 68.2, 68.2, 68.2, 68.2, 704]
['2019-03-26 12:02:00', 68.195, 68.195, 68.195, 68.195, 300]
['2019-03-26 12:01:00', 68.2, 68.2, 68.2, 68.2, 597]
['2019-03-26 12:00:00', 68.28, 68.28, 68.28, 68.28, 380]
['2019-03-26 11:59:00', 68.25, 68.25, 68.25, 68.25, 647]
['2019-03-26 11:58:00', 68.24, 68.24, 68.24, 68.24, 348]
['2019-03-26 11:57:00', 68.18, 68.18, 68.18, 68.18, 318]
['2019-03-26 11:56:00', 68.17, 68.17, 68.17, 68.17, 812]
['2019-03-26 11:55:00', 68.15, 68.2, 68.15, 68.2, 1641]
['2019-03-26 11:54:00', 68.11, 68.11, 68.11, 68.11, 513]
['2019-03-26 11:53:00', 68.12, 68.12, 68.12, 68.12, 1374]
['2019-03-26 11:52:00', 68.15, 68.15, 68.15, 68.15, 1281]
['2019-03-26 11:51:00', 68.19, 68.19, 68.19, 68.19, 607]
['2019-03-26 11:50:00', 68.18, 68.18, 68.18, 68.18, 1014]
['2019-03-26 11:49:00', 68.1344, 68.1525, 68.1344, 68.1525, 2394]
['2019-03-26 11:47:00', 68.18, 68.18, 68.18, 68.18, 503]
['2019-03-26 11:46:00', 68.21, 68.21, 68.21, 68.21, 569]
['2019-03-26 11:45:00', 68.265, 68.265, 68.265, 68.265, 2309]
['2019-03-26 11:44:00', 68.28, 68.28, 68.28, 68.28, 1460]
['2019-03-26 11:43:00', 68.25, 68.25, 68.25, 68.25, 245]
['2019-03-26 11:41:00', 68.28, 68.28, 68.28, 68.28, 304]
['2019-03-26 11:40:00', 68.28, 68.28, 68.28, 68.28, 1371]
['2019-03-26 11:39:00', 68.26, 68.26, 68.26, 68.26, 655]
['2019-03-26 11:38:00', 68.19, 68.24, 68.19, 68.24, 1183]
['2019-03-26 11:37:00', 68.19, 68.19, 68.19, 68.19, 806]
['2019-03-26 11:36:00', 68.15, 68.15, 68.15, 68.15, 1638]
['2019-03-26 11:35:00', 68.18, 68.18, 68.18, 68.18, 908]
['2019-03-26 11:34:00', 68.16, 68.16, 68.16, 68.16, 662]
['2019-03-26 11:33:00', 68.185, 68.185, 68.185, 68.185, 327]
['2019-03-26 11:32:00', 68.24, 68.24, 68.24, 68.24, 769]
['2019-03-26 11:30:00', 68.28, 68.28, 68.28, 68.28, 568]
['2019-03-26 11:28:00', 68.23, 68.23, 68.23, 68.23, 720]
['2019-03-26 11:26:00', 68.23, 68.23, 68.23, 68.23, 272]
['2019-03-26 11:25:00', 68.18, 68.2, 68.18, 68.2, 1290]
['2019-03-26 11:24:00', 68.25, 68.25, 68.25, 68.25, 1785]
['2019-03-26 11:23:00', 68.19, 68.2, 68.15, 68.2, 4217]
['2019-03-26 11:22:00', 68.17, 68.17, 68.17, 68.17, 2064]
['2019-03-26 11:21:00', 68.15, 68.15, 68.15, 68.15, 417]
['2019-03-26 11:19:00', 68.21, 68.21, 68.21, 68.21, 453]
['2019-03-26 11:18:00', 68.26, 68.34, 68.26, 68.34, 1362]
['2019-03-26 11:17:00', 68.3, 68.3, 68.3, 68.3, 1077]
['2019-03-26 11:16:00', 68.26, 68.26, 68.26, 68.26, 650]
['2019-03-26 11:15:00', 68.305, 68.305, 68.305, 68.305, 384]
['2019-03-26 11:14:00', 68.28, 68.28, 68.28, 68.28, 208]
['2019-03-26 11:13:00', 68.31, 68.31, 68.31, 68.31, 204]
['2019-03-26 11:09:00', 68.39, 68.39, 68.39, 68.39, 742]
['2019-03-26 11:08:00', 68.47, 68.47, 68.47, 68.47, 306]
['2019-03-26 11:07:00', 68.48, 68.55, 68.48, 68.55, 2726]
['2019-03-26 11:06:00', 68.575, 68.575, 68.575, 68.575, 323]
['2019-03-26 11:05:00', 68.56, 68.56, 68.56, 68.56, 677]
['2019-03-26 11:04:00', 68.51, 68.51, 68.51, 68.51, 949]
['2019-03-26 11:03:00', 68.475, 68.475, 68.475, 68.475, 933]
['2019-03-26 11:02:00', 68.55, 68.55, 68.55, 68.55, 341]
['2019-03-26 11:01:00', 68.6, 68.6, 68.6, 68.6, 1553]
['2019-03-26 11:00:00', 68.63, 68.57, 68.57, 68.63, 1153]
['2019-03-26 10:59:00', 68.68, 68.68, 68.68, 68.68, 349]
['2019-03-26 10:57:00', 68.74, 68.74, 68.74, 68.74, 296]
['2019-03-26 10:55:00', 68.73, 68.76, 68.73, 68.76, 1058]
['2019-03-26 10:54:00', 68.75, 68.75, 68.75, 68.75, 1024]
['2019-03-26 10:53:00', 68.7351, 68.7351, 68.7351, 68.7351, 553]
['2019-03-26 10:51:00', 68.72, 68.72, 68.72, 68.72, 787]
['2019-03-26 10:50:00', 68.665, 68.665, 68.665, 68.665, 387]
['2019-03-26 10:49:00', 68.62, 68.62, 68.62, 68.62, 745]
['2019-03-26 10:47:00', 68.52, 68.52, 68.52, 68.52, 348]
['2019-03-26 10:46:00', 68.49, 68.52, 68.49, 68.52, 1383]
['2019-03-26 10:45:00', 68.45, 68.45, 68.45, 68.45, 124]
['2019-03-26 10:43:00', 68.425, 68.47, 68.425, 68.47, 494]
['2019-03-26 10:42:00', 68.45, 68.45, 68.45, 68.45, 1036]
['2019-03-26 10:41:00', 68.45, 68.45, 68.45, 68.45, 832]
['2019-03-26 10:40:00', 68.48, 68.48, 68.48, 68.48, 388]
['2019-03-26 10:39:00', 68.38, 68.41, 68.38, 68.41, 1544]
['2019-03-26 10:38:00', 68.39, 68.39, 68.39, 68.39, 987]
['2019-03-26 10:37:00', 68.33, 68.33, 68.33, 68.33, 541]
['2019-03-26 10:36:00', 68.29, 68.29, 68.29, 68.29, 905]
['2019-03-26 10:35:00', 68.32, 68.32, 68.32, 68.32, 1309]
['2019-03-26 10:34:00', 68.3, 68.3, 68.3, 68.3, 1708]
['2019-03-26 10:33:00', 68.32, 68.32, 68.32, 68.32, 477]
['2019-03-26 10:32:00', 68.34, 68.34, 68.34, 68.34, 704]
['2019-03-26 10:31:00', 68.32, 68.4, 68.32, 68.4, 2215]
['2019-03-26 10:30:00', 68.37, 68.37, 68.37, 68.37, 1350]
['2019-03-26 10:29:00', 68.39, 68.39, 68.39, 68.39, 524]
['2019-03-26 10:28:00', 68.37, 68.37, 68.37, 68.37, 536]
['2019-03-26 10:27:00', 68.33, 68.33, 68.33, 68.33, 1423]
['2019-03-26 10:26:00', 68.27, 68.32, 68.27, 68.32, 1001]
['2019-03-26 10:25:00', 68.25, 68.25, 68.25, 68.25, 600]
['2019-03-26 10:24:00', 68.215, 68.215, 68.215, 68.215, 1113]
['2019-03-26 10:23:00', 68.275, 68.275, 68.275, 68.275, 881]
['2019-03-26 10:22:00', 68.22, 68.22, 68.22, 68.22, 530]
['2019-03-26 10:20:00', 68.26, 68.26, 68.26, 68.26, 731]
['2019-03-26 10:19:00', 68.21, 68.21, 68.21, 68.21, 623]
['2019-03-26 10:18:00', 68.24, 68.23, 68.23, 68.251, 3289]
['2019-03-26 10:17:00', 68.25, 68.25, 68.25, 68.25, 359]
['2019-03-26 10:16:00', 68.29, 68.29, 68.29, 68.29, 563]
['2019-03-26 10:14:00', 68.345, 68.345, 68.345, 68.345, 660]
['2019-03-26 10:12:00', 68.29, 68.29, 68.29, 68.29, 468]
['2019-03-26 10:11:00', 68.2, 68.2, 68.2, 68.2, 311]
['2019-03-26 10:10:00', 68.26, 68.26, 68.26, 68.26, 839]
['2019-03-26 10:09:00', 68.27, 68.26, 68.26, 68.27, 2710]
['2019-03-26 10:08:00', 68.165, 68.22, 68.165, 68.22, 1600]
['2019-03-26 10:07:00', 68.17, 68.17, 68.17, 68.17, 2613]
['2019-03-26 10:06:00', 68.135, 68.135, 68.135, 68.135, 1355]
['2019-03-26 10:04:00', 68.25, 68.1608, 68.1608, 68.25, 1405]
['2019-03-26 10:02:00', 68.25, 68.25, 68.25, 68.25, 976]
['2019-03-26 10:01:00', 68.23, 68.15, 68.15, 68.23, 2922]
['2019-03-26 10:00:00', 68.275, 68.355, 68.275, 68.38, 3431]
['2019-03-26 09:58:00', 68.35, 68.3, 68.3, 68.35, 1531]
['2019-03-26 09:57:00', 68.36, 68.36, 68.36, 68.36, 780]
['2019-03-26 09:55:00', 68.32, 68.32, 68.32, 68.32, 1075]
['2019-03-26 09:54:00', 68.28, 68.34, 68.28, 68.34, 11198]
['2019-03-26 09:53:00', 68.125, 68.25, 68.125, 68.25, 18129]
['2019-03-26 09:52:00', 68.17, 68.15, 68.15, 68.17, 1862]
['2019-03-26 09:51:00', 68.22, 68.22, 68.22, 68.22, 301]
['2019-03-26 09:49:00', 68.26, 68.26, 68.26, 68.26, 1792]
['2019-03-26 09:48:00', 68.32, 68.32, 68.32, 68.32, 1279]
['2019-03-26 09:45:00', 68.44, 68.45, 68.44, 68.45, 1808]
['2019-03-26 09:44:00', 68.41, 68.39, 68.39, 68.41, 3942]
['2019-03-26 09:43:00', 68.41, 68.41, 68.41, 68.41, 1221]
['2019-03-26 09:42:00', 68.34, 68.34, 68.34, 68.34, 1762]
['2019-03-26 09:40:00', 68.37, 68.285, 68.285, 68.37, 1723]
['2019-03-26 09:36:00', 68.52, 68.35, 68.34, 68.52, 7640]
['2019-03-26 09:33:00', 68.3, 68.3, 68.3, 68.3, 300]
['2019-03-26 09:32:00', 68.09, 68.075, 68.075, 68.09, 2434]
['2019-03-26 09:31:00', 67.86, 67.86, 67.86, 67.86, 27153]
['2019-03-25 16:00:00', 68.34, 68.32, 68.32, 68.34, 6250]
['2019-03-25 15:59:00', 68.37, 68.35, 68.35, 68.38, 4709]
['2019-03-25 15:58:00', 68.37, 68.39, 68.37, 68.39, 4353]
['2019-03-25 15:57:00', 68.34, 68.36, 68.34, 68.36, 5095]
['2019-03-25 15:56:00', 68.38, 68.34, 68.335, 68.38, 6296]
['2019-03-25 15:55:00', 68.37, 68.35, 68.35, 68.37, 4761]
['2019-03-25 15:54:00', 68.35, 68.36, 68.35, 68.36, 2505]
['2019-03-25 15:53:00', 68.32, 68.33, 68.32, 68.33, 3395]
['2019-03-25 15:52:00', 68.33, 68.33, 68.33, 68.33, 3471]
['2019-03-25 15:51:00', 68.32, 68.33, 68.32, 68.33, 5465]
['2019-03-25 15:50:00', 68.325, 68.305, 68.305, 68.325, 7310]
['2019-03-25 15:49:00', 68.325, 68.325, 68.31, 68.325, 10838]
['2019-03-25 15:48:00', 68.36, 68.36, 68.36, 68.39, 6000]
['2019-03-25 15:47:00', 68.38, 68.38, 68.38, 68.38, 1196]
['2019-03-25 15:46:00', 68.38, 68.38, 68.38, 68.38, 5077]
['2019-03-25 15:45:00', 68.37, 68.38, 68.37, 68.38, 1518]
['2019-03-25 15:44:00', 68.38, 68.36, 68.36, 68.38, 2462]
['2019-03-25 15:43:00', 68.34, 68.355, 68.34, 68.355, 1083]
['2019-03-25 15:42:00', 68.35, 68.35, 68.35, 68.35, 1877]
['2019-03-25 15:41:00', 68.32, 68.335, 68.32, 68.335, 3542]
['2019-03-25 15:40:00', 68.31, 68.31, 68.31, 68.31, 354]
['2019-03-25 15:39:00', 68.35, 68.32, 68.32, 68.35, 1460]
['2019-03-25 15:38:00', 68.35, 68.35, 68.35, 68.35, 333]
['2019-03-25 15:37:00', 68.325, 68.34, 68.32, 68.34, 1879]
['2019-03-25 15:36:00', 68.34, 68.33, 68.33, 68.34, 1319]
['2019-03-25 15:35:00', 68.33, 68.35, 68.33, 68.35, 2634]
['2019-03-25 15:34:00', 68.34, 68.34, 68.34, 68.34, 1193]
['2019-03-25 15:33:00', 68.35, 68.35, 68.35, 68.35, 1110]
['2019-03-25 15:32:00', 68.35, 68.33, 68.33, 68.35, 1842]
['2019-03-25 15:31:00', 68.39, 68.39, 68.39, 68.39, 612]
['2019-03-25 15:30:00', 68.39, 68.39, 68.39, 68.39, 523]
['2019-03-25 15:29:00', 68.39, 68.39, 68.39, 68.39, 1037]
['2019-03-25 15:28:00', 68.41, 68.41, 68.41, 68.41, 790]
['2019-03-25 15:27:00', 68.43, 68.43, 68.43, 68.43, 2685]
['2019-03-25 15:26:00', 68.39, 68.39, 68.39, 68.39, 1649]
['2019-03-25 15:25:00', 68.41, 68.4, 68.4, 68.41, 1403]
['2019-03-25 15:24:00', 68.39, 68.42, 68.39, 68.42, 2838]
['2019-03-25 15:23:00', 68.37, 68.37, 68.36, 68.37, 1559]
['2019-03-25 15:22:00', 68.37, 68.37, 68.37, 68.37, 529]
['2019-03-25 15:21:00', 68.335, 68.34, 68.335, 68.34, 1418]
['2019-03-25 15:20:00', 68.35, 68.31, 68.31, 68.35, 1528]
['2019-03-25 15:19:00', 68.33, 68.33, 68.33, 68.33, 271]
['2019-03-25 15:18:00', 68.33, 68.335, 68.33, 68.335, 635]
['2019-03-25 15:17:00', 68.38, 68.35, 68.35, 68.38, 601]
['2019-03-25 15:16:00', 68.38, 68.38, 68.38, 68.38, 406]
['2019-03-25 15:15:00', 68.43, 68.425, 68.425, 68.43, 1486]
['2019-03-25 15:14:00', 68.45, 68.45, 68.45, 68.45, 493]
['2019-03-25 15:13:00', 68.41, 68.435, 68.41, 68.435, 1262]
['2019-03-25 15:12:00', 68.375, 68.375, 68.375, 68.375, 602]
['2019-03-25 15:11:00', 68.4, 68.4, 68.4, 68.4, 569]
['2019-03-25 15:10:00', 68.355, 68.355, 68.355, 68.355, 218]
['2019-03-25 15:09:00', 68.35, 68.35, 68.35, 68.35, 969]
['2019-03-25 15:07:00', 68.33, 68.335, 68.33, 68.34, 1919]
['2019-03-25 15:05:00', 68.3, 68.31, 68.3, 68.31, 830]
['2019-03-25 15:04:00', 68.39, 68.38, 68.38, 68.39, 1107]
['2019-03-25 15:03:00', 68.4, 68.4, 68.4, 68.4, 245]
['2019-03-25 15:02:00', 68.42, 68.42, 68.42, 68.42, 394]
['2019-03-25 15:01:00', 68.43, 68.43, 68.43, 68.43, 441]
['2019-03-25 15:00:00', 68.4, 68.4, 68.4, 68.4, 561]
['2019-03-25 14:59:00', 68.46, 68.45, 68.45, 68.46, 1330]
['2019-03-25 14:58:00', 68.42, 68.42, 68.42, 68.42, 441]
['2019-03-25 14:57:00', 68.415, 68.415, 68.415, 68.415, 305]
['2019-03-25 14:55:00', 68.36, 68.36, 68.36, 68.36, 711]
['2019-03-25 14:54:00', 68.38, 68.38, 68.38, 68.38, 612]
['2019-03-25 14:53:00', 68.355, 68.355, 68.355, 68.355, 319]
['2019-03-25 14:52:00', 68.35, 68.35, 68.35, 68.35, 496]
['2019-03-25 14:51:00', 68.4, 68.38, 68.38, 68.41, 2906]
['2019-03-25 14:48:00', 68.405, 68.405, 68.405, 68.405, 274]
['2019-03-25 14:47:00', 68.39, 68.39, 68.39, 68.39, 743]
['2019-03-25 14:46:00', 68.41, 68.41, 68.41, 68.41, 456]
['2019-03-25 14:45:00', 68.43, 68.43, 68.43, 68.43, 1149]
['2019-03-25 14:44:00', 68.41, 68.41, 68.41, 68.41, 188]
['2019-03-25 14:43:00', 68.37, 68.37, 68.37, 68.37, 870]
['2019-03-25 14:41:00', 68.34, 68.34, 68.34, 68.34, 1306]
['2019-03-25 14:40:00', 68.34, 68.34, 68.34, 68.34, 832]
['2019-03-25 14:39:00', 68.3, 68.31, 68.3, 68.31, 1710]
['2019-03-25 14:38:00', 68.305, 68.28, 68.28, 68.305, 1202]
['2019-03-25 14:37:00', 68.31, 68.31, 68.31, 68.31, 760]
['2019-03-25 14:35:00', 68.34, 68.34, 68.34, 68.34, 126]
['2019-03-25 14:34:00', 68.295, 68.3, 68.295, 68.3, 1343]
['2019-03-25 14:33:00', 68.26, 68.26, 68.26, 68.26, 301]
['2019-03-25 14:31:00', 68.25, 68.25, 68.25, 68.25, 948]
['2019-03-25 14:30:00', 68.19, 68.19, 68.19, 68.19, 901]
['2019-03-25 14:28:00', 68.17, 68.18, 68.17, 68.18, 3181]
['2019-03-25 14:27:00', 68.17, 68.18, 68.17, 68.18, 2632]
['2019-03-25 14:26:00', 68.13, 68.15, 68.13, 68.15, 2545]
['2019-03-25 14:25:00', 68.13, 68.13, 68.13, 68.13, 3090]
['2019-03-25 14:24:00', 68.11, 68.13, 68.11, 68.13, 3045]
['2019-03-25 14:23:00', 68.11, 68.11, 68.11, 68.11, 507]
['2019-03-25 14:22:00', 68.12, 68.12, 68.12, 68.12, 1911]
['2019-03-25 14:21:00', 68.145, 68.14, 68.14, 68.145, 2821]
['2019-03-25 14:19:00', 68.13, 68.13, 68.13, 68.13, 1757]
['2019-03-25 14:18:00', 68.19, 68.16, 68.16, 68.19, 3424]
['2019-03-25 14:17:00', 68.2, 68.2, 68.2, 68.2, 600]
['2019-03-25 14:16:00', 68.25, 68.25, 68.25, 68.25, 501]
['2019-03-25 14:15:00', 68.21, 68.21, 68.21, 68.21, 1488]
['2019-03-25 14:14:00', 68.18, 68.21, 68.1725, 68.21, 4264]
['2019-03-25 14:13:00', 68.23, 68.23, 68.23, 68.23, 1745]
['2019-03-25 14:12:00', 68.21, 68.21, 68.21, 68.21, 575]
['2019-03-25 14:11:00', 68.2, 68.2, 68.2, 68.2, 332]
['2019-03-25 14:10:00', 68.18, 68.18, 68.18, 68.18, 841]
['2019-03-25 14:09:00', 68.18, 68.18, 68.18, 68.18, 166]
['2019-03-25 14:08:00', 68.2, 68.19, 68.19, 68.2, 1896]
['2019-03-25 14:07:00', 68.15, 68.165, 68.15, 68.165, 2519]
['2019-03-25 14:06:00', 68.2, 68.2, 68.2, 68.2, 1021]
['2019-03-25 14:05:00', 68.24, 68.24, 68.24, 68.24, 314]
['2019-03-25 14:04:00', 68.25, 68.24, 68.24, 68.25, 1576]
['2019-03-25 14:02:00', 68.24, 68.24, 68.24, 68.24, 750]
['2019-03-25 14:00:00', 68.2, 68.2, 68.2, 68.2, 329]
['2019-03-25 13:57:00', 68.22, 68.23, 68.22, 68.23, 1610]
['2019-03-25 13:55:00', 68.24, 68.21, 68.21, 68.24, 1321]
['2019-03-25 13:54:00', 68.27, 68.27, 68.27, 68.27, 519]
['2019-03-25 13:53:00', 68.26, 68.26, 68.26, 68.26, 621]
['2019-03-25 13:52:00', 68.2175, 68.2175, 68.2175, 68.2175, 802]
['2019-03-25 13:51:00', 68.24, 68.23, 68.23, 68.24, 2077]
['2019-03-25 13:50:00', 68.205, 68.22, 68.205, 68.22, 2813]
['2019-03-25 13:49:00', 68.22, 68.22, 68.22, 68.22, 1915]
['2019-03-25 13:48:00', 68.2116, 68.2116, 68.2116, 68.2116, 1110]
['2019-03-25 13:47:00', 68.23, 68.23, 68.23, 68.23, 1165]
['2019-03-25 13:46:00', 68.21, 68.23, 68.21, 68.23, 1607]
['2019-03-25 13:45:00', 68.2, 68.2, 68.2, 68.2, 620]
['2019-03-25 13:44:00', 68.2, 68.165, 68.165, 68.2, 2747]
['2019-03-25 13:43:00', 68.2, 68.17, 68.17, 68.2, 2465]
['2019-03-25 13:42:00', 68.19, 68.18, 68.18, 68.19, 1108]
['2019-03-25 13:41:00', 68.175, 68.19, 68.175, 68.19, 4532]
['2019-03-25 13:40:00', 68.165, 68.17, 68.165, 68.17, 2160]
['2019-03-25 13:38:00', 68.14, 68.14, 68.14, 68.14, 203]
['2019-03-25 13:37:00', 68.16, 68.16, 68.16, 68.16, 257]
['2019-03-25 13:35:00', 68.16, 68.14, 68.14, 68.16, 1193]
['2019-03-25 13:34:00', 68.14, 68.14, 68.14, 68.14, 446]
['2019-03-25 13:33:00', 68.15, 68.15, 68.15, 68.15, 906]
['2019-03-25 13:32:00', 68.2, 68.2, 68.2, 68.2, 207]
['2019-03-25 13:31:00', 68.19, 68.19, 68.19, 68.19, 501]
['2019-03-25 13:30:00', 68.21, 68.21, 68.21, 68.21, 35201]
['2019-03-25 13:29:00', 68.175, 68.19, 68.175, 68.19, 684]
['2019-03-25 13:27:00', 68.16, 68.16, 68.16, 68.16, 501]
['2019-03-25 13:25:00', 68.19, 68.19, 68.19, 68.19, 1068]
['2019-03-25 13:24:00', 68.16, 68.16, 68.16, 68.16, 1040]
['2019-03-25 13:23:00', 68.21, 68.21, 68.21, 68.21, 1503]
['2019-03-25 13:22:00', 68.2, 68.225, 68.2, 68.225, 1409]
['2019-03-25 13:21:00', 68.18, 68.18, 68.18, 68.18, 901]
['2019-03-25 13:20:00', 68.22, 68.22, 68.22, 68.22, 315]
['2019-03-25 13:19:00', 68.2, 68.2, 68.2, 68.2, 403]
['2019-03-25 13:18:00', 68.18, 68.18, 68.18, 68.18, 1210]
['2019-03-25 13:16:00', 68.215, 68.21, 68.21, 68.215, 982]
['2019-03-25 13:13:00', 68.18, 68.18, 68.18, 68.18, 313]
['2019-03-25 13:12:00', 68.1, 68.08, 68.08, 68.1, 1348]
['2019-03-25 13:09:00', 68.03, 68.03, 68.03, 68.03, 278]
['2019-03-25 13:08:00', 68.03, 68.03, 68.03, 68.03, 303]
['2019-03-25 13:07:00', 68.04, 68.04, 68.04, 68.04, 203]
['2019-03-25 13:06:00', 67.97, 68.01, 67.97, 68.01, 2031]
['2019-03-25 13:05:00', 68.02, 68.02, 68.02, 68.02, 409]
['2019-03-25 13:04:00', 68.01, 68.0, 68.0, 68.01, 1711]
['2019-03-25 13:03:00', 68.05, 68.05, 68.05, 68.05, 505]
['2019-03-25 13:01:00', 68.13, 68.11, 68.11, 68.13, 664]
['2019-03-25 12:59:00', 68.11, 68.11, 68.11, 68.11, 326]
['2019-03-25 12:58:00', 68.02, 68.065, 68.02, 68.065, 1188]
['2019-03-25 12:57:00', 68.05, 68.05, 68.05, 68.05, 242]
['2019-03-25 12:55:00', 67.99, 67.99, 67.99, 67.99, 278]
['2019-03-25 12:54:00', 68.03, 68.01, 68.01, 68.03, 1447]
['2019-03-25 12:53:00', 68.0, 67.99, 67.99, 68.0, 1262]
['2019-03-25 12:52:00', 68.02, 68.02, 68.02, 68.02, 909]
['2019-03-25 12:51:00', 67.98, 67.98, 67.98, 67.98, 284]
['2019-03-25 12:50:00', 67.98, 67.95, 67.95, 67.98, 759]
['2019-03-25 12:48:00', 67.96, 67.96, 67.96, 67.96, 934]
['2019-03-25 12:47:00', 67.96, 67.96, 67.96, 67.96, 724]
['2019-03-25 12:44:00', 67.9, 67.92, 67.9, 67.92, 802]
['2019-03-25 12:43:00', 67.96, 67.96, 67.96, 67.96, 442]
['2019-03-25 12:42:00', 67.99, 67.99, 67.99, 67.99, 398]
['2019-03-25 12:41:00', 68.06, 68.06, 68.06, 68.06, 850]
['2019-03-25 12:40:00', 68.04, 68.03, 68.03, 68.04, 937]
['2019-03-25 12:39:00', 68.075, 68.075, 68.075, 68.075, 362]
['2019-03-25 12:38:00', 68.06, 68.06, 68.06, 68.06, 1106]
['2019-03-25 12:37:00', 68.12, 68.12, 68.12, 68.12, 262]
['2019-03-25 12:36:00', 68.17, 68.17, 68.17, 68.17, 166]
['2019-03-25 12:35:00', 68.16, 68.16, 68.16, 68.16, 310]
['2019-03-25 12:33:00', 68.22, 68.22, 68.22, 68.22, 820]
['2019-03-25 12:31:00', 68.26, 68.23, 68.23, 68.26, 2721]
['2019-03-25 12:29:00', 68.27, 68.27, 68.27, 68.27, 803]
['2019-03-25 12:28:00', 68.3, 68.3, 68.3, 68.3, 584]
['2019-03-25 12:27:00', 68.3, 68.3, 68.3, 68.3, 601]
['2019-03-25 12:26:00', 68.31, 68.31, 68.31, 68.31, 401]
['2019-03-25 12:24:00', 68.28, 68.28, 68.28, 68.28, 234]
['2019-03-25 12:23:00', 68.3, 68.3, 68.3, 68.3, 574]
['2019-03-25 12:22:00', 68.26, 68.26, 68.26, 68.26, 1156]
['2019-03-25 12:21:00', 68.3, 68.3, 68.3, 68.3, 335]
['2019-03-25 12:20:00', 68.28, 68.28, 68.28, 68.28, 1130]
['2019-03-25 12:19:00', 68.21, 68.22, 68.21, 68.22, 1171]
['2019-03-25 12:18:00', 68.24, 68.22, 68.22, 68.24, 1487]
['2019-03-25 12:17:00', 68.2, 68.2, 68.2, 68.2, 841]
['2019-03-25 12:16:00', 68.195, 68.23, 68.16, 68.23, 2440]
['2019-03-25 12:14:00', 68.22, 68.22, 68.22, 68.22, 549]
['2019-03-25 12:12:00', 68.29, 68.29, 68.29, 68.29, 589]
['2019-03-25 12:11:00', 68.29, 68.29, 68.29, 68.29, 501]
['2019-03-25 12:10:00', 68.35, 68.35, 68.35, 68.35, 161]
['2019-03-25 12:08:00', 68.37, 68.29, 68.29, 68.37, 2280]
['2019-03-25 12:07:00', 68.31, 68.34, 68.31, 68.34, 1681]
['2019-03-25 12:06:00', 68.34, 68.34, 68.34, 68.34, 618]
['2019-03-25 12:05:00', 68.29, 68.29, 68.29, 68.29, 670]
['2019-03-25 12:04:00', 68.27, 68.27, 68.27, 68.27, 822]
['2019-03-25 12:03:00', 68.28, 68.22, 68.22, 68.28, 1854]
['2019-03-25 12:01:00', 68.28, 68.28, 68.28, 68.28, 156]
['2019-03-25 12:00:00', 68.31, 68.31, 68.31, 68.31, 401]
['2019-03-25 11:59:00', 68.32, 68.32, 68.32, 68.32, 324]
['2019-03-25 11:57:00', 68.38, 68.42, 68.38, 68.42, 1627]
['2019-03-25 11:56:00', 68.37, 68.37, 68.37, 68.37, 100]
['2019-03-25 11:54:00', 68.4, 68.4, 68.4, 68.4, 266]
['2019-03-25 11:53:00', 68.4, 68.4, 68.4, 68.4, 387]
['2019-03-25 11:51:00', 68.355, 68.38, 68.355, 68.38, 759]
['2019-03-25 11:50:00', 68.4, 68.4, 68.4, 68.4, 1107]
['2019-03-25 11:49:00', 68.465, 68.465, 68.465, 68.465, 102]
['2019-03-25 11:46:00', 68.48, 68.51, 68.48, 68.51, 939]
['2019-03-25 11:45:00', 68.39, 68.38, 68.38, 68.39, 1083]
['2019-03-25 11:44:00', 68.58, 68.58, 68.58, 68.58, 648]
['2019-03-25 11:43:00', 68.51, 68.51, 68.51, 68.51, 200]
['2019-03-25 11:42:00', 68.48, 68.48, 68.48, 68.48, 448]
['2019-03-25 11:39:00', 68.59, 68.56, 68.56, 68.59, 675]
['2019-03-25 11:37:00', 68.7, 68.62, 68.62, 68.7, 2294]
['2019-03-25 11:36:00', 68.905, 68.82, 68.82, 68.905, 4527]
['2019-03-25 11:35:00', 68.89, 68.81, 68.78, 68.89, 6907]
['2019-03-25 11:34:00', 68.79, 68.79, 68.79, 68.79, 1101]
['2019-03-25 11:33:00', 68.795, 68.79, 68.79, 68.795, 4416]
['2019-03-25 11:32:00', 68.795, 68.79, 68.79, 68.81, 5296]
['2019-03-25 11:31:00', 68.73, 68.76, 68.73, 68.76, 3401]
['2019-03-25 11:30:00', 68.79, 68.79, 68.79, 68.79, 917]
['2019-03-25 11:29:00', 68.76, 68.76, 68.76, 68.76, 600]
['2019-03-25 11:28:00', 68.69, 68.69, 68.69, 68.69, 750]
['2019-03-25 11:27:00', 68.72, 68.72, 68.72, 68.72, 406]
['2019-03-25 11:26:00', 68.68, 68.68, 68.68, 68.68, 329]
['2019-03-25 11:25:00', 68.66, 68.66, 68.66, 68.66, 624]
['2019-03-25 11:23:00', 68.62, 68.62, 68.62, 68.62, 239]
['2019-03-25 11:22:00', 68.73, 68.73, 68.73, 68.73, 1200]
['2019-03-25 11:21:00', 68.74, 68.74, 68.74, 68.74, 694]
['2019-03-25 11:19:00', 68.685, 68.67, 68.67, 68.685, 2381]
['2019-03-25 11:18:00', 68.7, 68.7, 68.7, 68.7, 2358]
['2019-03-25 11:17:00', 68.635, 68.72, 68.635, 68.72, 3454]
['2019-03-25 11:16:00', 68.59, 68.59, 68.59, 68.59, 1398]
['2019-03-25 11:15:00', 68.58, 68.58, 68.58, 68.58, 500]
['2019-03-25 11:14:00', 68.5, 68.55, 68.5, 68.55, 3539]
['2019-03-25 11:13:00', 68.52, 68.52, 68.52, 68.52, 1117]
['2019-03-25 11:12:00', 68.45, 68.48, 68.45, 68.48, 2434]
['2019-03-25 11:11:00', 68.43, 68.43, 68.43, 68.43, 476]
['2019-03-25 11:10:00', 68.42, 68.42, 68.42, 68.42, 865]
['2019-03-25 11:09:00', 68.4, 68.4, 68.4, 68.4, 610]
['2019-03-25 11:08:00', 68.37, 68.37, 68.37, 68.37, 764]
['2019-03-25 11:07:00', 68.3, 68.3, 68.3, 68.3, 863]
['2019-03-25 11:06:00', 68.25, 68.31, 68.25, 68.31, 2038]
['2019-03-25 11:04:00', 68.24, 68.27, 68.24, 68.27, 2342]
['2019-03-25 11:03:00', 68.29, 68.29, 68.29, 68.29, 941]
['2019-03-25 11:00:00', 68.3498, 68.3, 68.26, 68.35, 5104]
['2019-03-25 10:59:00', 68.35, 68.36, 68.35, 68.36, 2626]
['2019-03-25 10:58:00', 68.34, 68.34, 68.34, 68.34, 312]
['2019-03-25 10:57:00', 68.31, 68.305, 68.25, 68.31, 11190]
['2019-03-25 10:56:00', 68.27, 68.33, 68.27, 68.33, 4366]
['2019-03-25 10:55:00', 68.24, 68.22, 68.22, 68.24, 1635]
['2019-03-25 10:53:00', 68.2, 68.2, 68.2, 68.2, 700]
['2019-03-25 10:52:00', 68.18, 68.18, 68.18, 68.18, 913]
['2019-03-25 10:51:00', 68.12, 68.12, 68.12, 68.12, 1313]
['2019-03-25 10:50:00', 68.1, 68.1, 68.1, 68.1, 710]
['2019-03-25 10:48:00', 68.03, 68.02, 68.02, 68.03, 1347]
['2019-03-25 10:46:00', 68.04, 68.1, 68.04, 68.1, 728]
['2019-03-25 10:44:00', 68.1, 68.06, 68.06, 68.1, 1037]
['2019-03-25 10:43:00', 68.1, 68.1, 68.1, 68.1, 881]
['2019-03-25 10:42:00', 68.05, 68.05, 68.05, 68.05, 507]
['2019-03-25 10:41:00', 68.0, 68.0, 68.0, 68.0, 742]
['2019-03-25 10:40:00', 68.09, 68.09, 68.09, 68.09, 533]
['2019-03-25 10:38:00', 68.14, 68.18, 68.14, 68.18, 2052]
['2019-03-25 10:37:00', 68.09, 68.09, 68.09, 68.09, 528]
['2019-03-25 10:35:00', 68.17, 68.17, 68.17, 68.17, 591]
['2019-03-25 10:34:00', 68.21, 68.24, 68.21, 68.24, 524]
['2019-03-25 10:31:00', 68.07, 68.16, 68.07, 68.16, 1131]
['2019-03-25 10:30:00', 68.12, 68.12, 68.12, 68.12, 439]
['2019-03-25 10:28:00', 68.07, 68.06, 68.06, 68.07, 750]
['2019-03-25 10:27:00', 68.045, 68.045, 68.045, 68.045, 455]
['2019-03-25 10:25:00', 67.91, 67.91, 67.91, 67.91, 211]
['2019-03-25 10:24:00', 67.95, 67.96, 67.95, 67.96, 1876]
['2019-03-25 10:23:00', 67.99, 67.99, 67.99, 67.99, 603]
['2019-03-25 10:22:00', 67.99, 67.99, 67.99, 67.99, 741]
['2019-03-25 10:21:00', 67.93, 67.93, 67.93, 67.93, 303]
['2019-03-25 10:19:00', 68.02, 67.9, 67.9, 68.02, 1399]
['2019-03-25 10:18:00', 68.02, 68.02, 68.02, 68.02, 603]
['2019-03-25 10:17:00', 67.96, 67.96, 67.96, 67.96, 5287]
['2019-03-25 10:16:00', 67.84, 67.84, 67.84, 67.84, 403]
['2019-03-25 10:14:00', 67.99, 68.0, 67.99, 68.0, 2113]
['2019-03-25 10:13:00', 68.02, 68.02, 68.02, 68.02, 450]
['2019-03-25 10:11:00', 68.06, 68.11, 68.06, 68.11, 2288]
['2019-03-25 10:10:00', 68.06, 68.06, 68.06, 68.06, 2451]
['2019-03-25 10:09:00', 68.06, 68.06, 68.06, 68.06, 525]
['2019-03-25 10:08:00', 68.12, 68.12, 68.12, 68.12, 2356]
['2019-03-25 10:07:00', 68.15, 68.12, 68.12, 68.15, 2470]
['2019-03-25 10:06:00', 68.115, 68.115, 68.115, 68.115, 1500]
['2019-03-25 10:04:00', 68.06, 68.01, 68.01, 68.09, 4181]
['2019-03-25 10:03:00', 68.14, 68.14, 68.14, 68.14, 6164]
['2019-03-25 10:02:00', 68.32, 68.32, 68.32, 68.32, 579]
['2019-03-25 10:00:00', 68.4, 68.4, 68.4, 68.4, 1581]
['2019-03-25 09:58:00', 68.41, 68.3, 68.3, 68.41, 2371]
['2019-03-25 09:57:00', 68.49, 68.49, 68.46, 68.5, 10654]
['2019-03-25 09:56:00', 68.49, 68.49, 68.49, 68.49, 1347]
['2019-03-25 09:55:00', 68.46, 68.49, 68.46, 68.49, 3089]
['2019-03-25 09:54:00', 68.51, 68.51, 68.51, 68.51, 1147]
['2019-03-25 09:53:00', 68.53, 68.53, 68.53, 68.53, 487]
['2019-03-25 09:51:00', 68.36, 68.42, 68.36, 68.42, 3378]
['2019-03-25 09:50:00', 68.3, 68.3, 68.3, 68.3, 1555]
['2019-03-25 09:49:00', 68.335, 68.335, 68.335, 68.335, 9875]
['2019-03-25 09:48:00', 68.36, 68.36, 68.36, 68.36, 4231]
['2019-03-25 09:47:00', 68.32, 68.24, 68.24, 68.325, 5277]
['2019-03-25 09:46:00', 68.25, 68.19, 68.19, 68.25, 2584]
['2019-03-25 09:45:00', 68.3, 68.3, 68.3, 68.3, 840]
['2019-03-25 09:44:00', 68.25, 68.25, 68.25, 68.25, 1482]
['2019-03-25 09:43:00', 68.29, 68.29, 68.29, 68.29, 900]
['2019-03-25 09:42:00', 68.42, 68.295, 68.295, 68.42, 3441]
['2019-03-25 09:41:00', 68.27, 68.25, 68.25, 68.27, 3378]
['2019-03-25 09:40:00', 68.385, 68.385, 68.385, 68.385, 954]
['2019-03-25 09:39:00', 68.23, 68.23, 68.23, 68.23, 1382]
['2019-03-25 09:38:00', 68.065, 68.065, 68.065, 68.065, 3003]
['2019-03-25 09:37:00', 68.01, 68.01, 68.01, 68.01, 1278]
['2019-03-25 09:34:00', 67.78, 67.78, 67.78, 67.78, 431]
['2019-03-25 09:33:00', 67.75, 67.75, 67.75, 67.75, 833]
['2019-03-25 09:31:00', 67.65, 67.65, 67.65, 67.65, 0]
