AZZ
['2019-03-29 16:00:00', 40.88, 40.88, 40.88, 40.88, 3585]
['2019-03-29 15:59:00', 41.0025, 41.01, 41.0, 41.01, 1246]
['2019-03-29 15:58:00', 41.02, 41.02, 41.02, 41.03, 1003]
['2019-03-29 15:57:00', 41.0525, 41.05, 41.05, 41.06, 1561]
['2019-03-29 15:56:00', 41.04, 41.05, 41.04, 41.055, 767]
['2019-03-29 15:55:00', 41.09, 41.05, 41.05, 41.09, 554]
['2019-03-29 15:54:00', 41.07, 41.07, 41.07, 41.07, 100]
['2019-03-29 15:53:00', 41.075, 41.06, 41.06, 41.075, 603]
['2019-03-29 15:52:00', 41.035, 41.07, 41.035, 41.07, 576]
['2019-03-29 15:51:00', 41.095, 41.03, 41.03, 41.095, 1260]
['2019-03-29 15:50:00', 41.045, 41.07, 41.045, 41.07, 513]
['2019-03-29 15:49:00', 41.08, 41.05, 41.04, 41.08, 1005]
['2019-03-29 15:48:00', 41.105, 41.105, 41.105, 41.105, 276]
['2019-03-29 15:47:00', 41.11, 41.11, 41.11, 41.11, 200]
['2019-03-29 15:46:00', 41.03, 41.095, 41.03, 41.12, 1188]
['2019-03-29 15:45:00', 41.0, 41.02, 41.0, 41.02, 573]
['2019-03-29 15:44:00', 40.99, 40.975, 40.975, 40.99, 264]
['2019-03-29 15:42:00', 41.02, 41.02, 41.02, 41.02, 798]
['2019-03-29 15:41:00', 41.035, 41.035, 41.035, 41.035, 100]
['2019-03-29 15:40:00', 41.04, 41.04, 41.04, 41.04, 107]
['2019-03-29 15:39:00', 41.02, 41.02, 41.02, 41.02, 208]
['2019-03-29 15:35:00', 40.98, 40.99, 40.98, 40.99, 619]
['2019-03-29 15:33:00', 40.94, 40.94, 40.94, 40.94, 194]
['2019-03-29 15:32:00', 40.97, 40.97, 40.97, 40.97, 116]
['2019-03-29 15:31:00', 40.98, 40.97, 40.97, 40.98, 201]
['2019-03-29 15:29:00', 41.05, 41.01, 41.01, 41.05, 803]
['2019-03-29 15:28:00', 41.02, 41.02, 41.02, 41.02, 102]
['2019-03-29 15:24:00', 40.94, 41.01, 40.94, 41.01, 2000]
['2019-03-29 15:23:00', 41.01, 40.98, 40.98, 41.01, 372]
['2019-03-29 15:21:00', 41.07, 41.07, 41.07, 41.07, 176]
['2019-03-29 15:18:00', 41.08, 41.08, 41.08, 41.08, 243]
['2019-03-29 15:16:00', 41.04, 41.04, 41.04, 41.04, 324]
['2019-03-29 15:12:00', 41.1, 41.05, 41.05, 41.1, 563]
['2019-03-29 15:11:00', 41.135, 41.135, 41.135, 41.135, 200]
['2019-03-29 15:07:00', 41.17, 41.17, 41.17, 41.17, 208]
['2019-03-29 14:58:00', 41.15, 41.15, 41.15, 41.15, 119]
['2019-03-29 14:57:00', 41.17, 41.17, 41.17, 41.17, 237]
['2019-03-29 14:54:00', 41.1, 41.1, 41.1, 41.1, 105]
['2019-03-29 14:50:00', 41.06, 41.06, 41.06, 41.06, 218]
['2019-03-29 14:47:00', 41.03, 41.03, 41.03, 41.03, 100]
['2019-03-29 14:44:00', 41.08, 41.08, 41.08, 41.08, 113]
['2019-03-29 14:42:00', 41.02, 41.02, 41.02, 41.02, 695]
['2019-03-29 14:33:00', 41.05, 41.05, 41.05, 41.05, 385]
['2019-03-29 14:23:00', 41.06, 41.06, 41.06, 41.06, 170]
['2019-03-29 14:08:00', 41.02, 41.02, 41.02, 41.02, 237]
['2019-03-29 14:06:00', 40.95, 40.95, 40.95, 40.95, 204]
['2019-03-29 14:05:00', 40.92, 40.95, 40.92, 40.95, 300]
['2019-03-29 14:04:00', 40.89, 40.89, 40.89, 40.89, 203]
['2019-03-29 14:03:00', 40.92, 40.92, 40.92, 40.92, 306]
['2019-03-29 13:48:00', 40.76, 40.82, 40.76, 40.82, 648]
['2019-03-29 13:47:00', 40.82, 40.695, 40.66, 40.82, 1161]
['2019-03-29 13:38:00', 40.87, 40.87, 40.87, 40.87, 863]
['2019-03-29 13:22:00', 40.89, 40.93, 40.89, 40.93, 471]
['2019-03-29 13:21:00', 40.93, 40.94, 40.93, 40.94, 305]
['2019-03-29 12:57:00', 40.94, 40.94, 40.94, 40.94, 1237]
['2019-03-29 12:46:00', 40.92, 40.93, 40.92, 40.93, 596]
['2019-03-29 12:43:00', 40.92, 40.92, 40.92, 40.92, 202]
['2019-03-29 12:42:00', 40.95, 40.94, 40.94, 40.95, 207]
['2019-03-29 12:39:00', 40.99, 40.99, 40.99, 40.99, 199]
['2019-03-29 12:38:00', 40.91, 40.91, 40.91, 40.91, 251]
['2019-03-29 12:30:00', 40.78, 40.82, 40.78, 40.82, 281]
['2019-03-29 12:23:00', 40.89, 40.89, 40.89, 40.89, 169]
['2019-03-29 12:22:00', 40.83, 40.83, 40.83, 40.83, 201]
['2019-03-29 12:21:00', 40.665, 40.72, 40.665, 40.73, 1119]
['2019-03-29 12:20:00', 40.68, 40.67, 40.63, 40.68, 832]
['2019-03-29 12:19:00', 40.72, 40.72, 40.72, 40.72, 114]
['2019-03-29 12:14:00', 40.72, 40.61, 40.61, 40.72, 658]
['2019-03-29 12:07:00', 40.79, 40.79, 40.79, 40.79, 309]
['2019-03-29 11:52:00', 40.865, 40.865, 40.865, 40.865, 320]
['2019-03-29 11:51:00', 40.88, 40.915, 40.88, 40.915, 240]
['2019-03-29 11:50:00', 40.97, 40.95, 40.94, 40.97, 1173]
['2019-03-29 11:48:00', 40.99, 40.97, 40.97, 40.99, 206]
['2019-03-29 11:47:00', 40.985, 40.985, 40.985, 40.985, 119]
['2019-03-29 11:46:00', 40.99, 40.99, 40.99, 40.99, 205]
['2019-03-29 11:33:00', 40.98, 40.95, 40.95, 40.98, 296]
['2019-03-29 11:29:00', 40.94, 40.95, 40.93, 40.95, 307]
['2019-03-29 11:20:00', 41.02, 40.975, 40.975, 41.03, 426]
['2019-03-29 11:19:00', 40.98, 41.03, 40.98, 41.03, 306]
['2019-03-29 11:14:00', 41.05, 41.05, 41.05, 41.05, 201]
['2019-03-29 11:09:00', 41.095, 41.095, 41.095, 41.095, 106]
['2019-03-29 11:08:00', 41.07, 41.12, 41.07, 41.12, 377]
['2019-03-29 11:07:00', 41.08, 41.08, 41.08, 41.08, 283]
['2019-03-29 10:54:00', 41.25, 41.13, 41.13, 41.25, 740]
['2019-03-29 10:50:00', 41.26, 41.26, 41.26, 41.26, 108]
['2019-03-29 10:46:00', 41.3, 41.3, 41.3, 41.3, 104]
['2019-03-29 10:45:00', 41.34, 41.35, 41.34, 41.35, 602]
['2019-03-29 10:38:00', 41.39, 41.39, 41.39, 41.39, 836]
['2019-03-29 10:14:00', 41.52, 41.54, 41.52, 41.54, 596]
['2019-03-29 10:01:00', 41.29, 41.29, 41.29, 41.29, 185]
['2019-03-29 09:56:00', 41.25, 41.25, 41.25, 41.25, 1154]
['2019-03-29 09:55:00', 41.265, 41.27, 41.265, 41.27, 271]
['2019-03-29 09:51:00', 41.2, 41.2, 41.2, 41.2, 153]
['2019-03-29 09:49:00', 41.35, 41.35, 41.35, 41.35, 376]
['2019-03-29 09:39:00', 41.38, 41.38, 41.38, 41.38, 319]
['2019-03-29 09:33:00', 41.34, 41.355, 41.34, 41.355, 1211]
['2019-03-28 16:00:00', 41.05, 41.12, 41.05, 41.14, 3725]
['2019-03-28 15:59:00', 41.0, 41.04, 40.99, 41.04, 5815]
['2019-03-28 15:58:00', 40.97, 41.0, 40.97, 41.0, 1927]
['2019-03-28 15:57:00', 40.99, 40.96, 40.96, 40.99, 710]
['2019-03-28 15:56:00', 41.0, 40.99, 40.99, 41.0, 637]
['2019-03-28 15:55:00', 40.97, 40.97, 40.97, 41.0, 2330]
['2019-03-28 15:54:00', 40.94, 40.97, 40.94, 40.97, 688]
['2019-03-28 15:52:00', 40.98, 40.97, 40.97, 40.98, 200]
['2019-03-28 15:51:00', 40.965, 40.965, 40.965, 40.965, 283]
['2019-03-28 15:50:00', 40.95, 40.95, 40.95, 40.95, 200]
['2019-03-28 15:49:00', 40.96, 40.95, 40.95, 40.96, 610]
['2019-03-28 15:48:00', 40.99, 40.99, 40.99, 40.99, 423]
['2019-03-28 15:47:00', 40.99, 40.99, 40.99, 40.99, 312]
['2019-03-28 15:45:00', 40.95, 41.0, 40.95, 41.0, 469]
['2019-03-28 15:43:00', 40.91, 40.94, 40.91, 40.94, 311]
['2019-03-28 15:42:00', 40.91, 40.91, 40.91, 40.91, 118]
['2019-03-28 15:41:00', 40.91, 40.91, 40.91, 40.91, 100]
['2019-03-28 15:40:00', 40.91, 40.91, 40.91, 40.91, 362]
['2019-03-28 15:38:00', 40.94, 40.94, 40.94, 40.94, 240]
['2019-03-28 15:37:00', 40.88, 40.88, 40.88, 40.88, 105]
['2019-03-28 15:34:00', 40.94, 40.94, 40.94, 40.94, 100]
['2019-03-28 15:33:00', 40.89, 40.89, 40.89, 40.89, 200]
['2019-03-28 15:31:00', 40.91, 40.92, 40.91, 40.92, 205]
['2019-03-28 15:27:00', 40.93, 40.93, 40.93, 40.93, 109]
['2019-03-28 15:24:00', 40.93, 40.93, 40.93, 40.93, 100]
['2019-03-28 15:19:00', 40.84, 40.84, 40.84, 40.84, 216]
['2019-03-28 15:17:00', 40.86, 40.86, 40.86, 40.86, 100]
['2019-03-28 15:14:00', 40.85, 40.85, 40.85, 40.85, 105]
['2019-03-28 15:09:00', 40.85, 40.85, 40.85, 40.85, 124]
['2019-03-28 15:05:00', 40.78, 40.78, 40.78, 40.78, 100]
['2019-03-28 15:01:00', 40.7268, 40.7268, 40.7268, 40.7268, 554]
['2019-03-28 14:58:00', 40.69, 40.77, 40.68, 40.77, 577]
['2019-03-28 14:54:00', 40.655, 40.655, 40.655, 40.655, 292]
['2019-03-28 14:53:00', 40.68, 40.65, 40.65, 40.68, 559]
['2019-03-28 14:40:00', 40.78, 40.78, 40.78, 40.78, 200]
['2019-03-28 14:39:00', 40.73, 40.73, 40.73, 40.73, 112]
['2019-03-28 14:35:00', 40.735, 40.735, 40.735, 40.735, 100]
['2019-03-28 14:32:00', 40.66, 40.78, 40.58, 40.79, 3843]
['2019-03-28 14:31:00', 40.72, 40.72, 40.72, 40.72, 100]
['2019-03-28 14:23:00', 40.75, 40.75, 40.75, 40.75, 100]
['2019-03-28 14:20:00', 40.71, 40.67, 40.67, 40.76, 878]
['2019-03-28 14:18:00', 40.72, 40.77, 40.72, 40.77, 564]
['2019-03-28 14:13:00', 40.8, 40.8, 40.8, 40.8, 213]
['2019-03-28 13:59:00', 40.77, 40.77, 40.77, 40.77, 107]
['2019-03-28 13:49:00', 40.64, 40.64, 40.64, 40.64, 210]
['2019-03-28 13:42:00', 40.63, 40.63, 40.63, 40.63, 211]
['2019-03-28 13:36:00', 40.64, 40.64, 40.64, 40.64, 200]
['2019-03-28 13:33:00', 40.68, 40.7, 40.67, 40.7, 708]
['2019-03-28 13:14:00', 40.685, 40.685, 40.685, 40.685, 241]
['2019-03-28 13:03:00', 40.5, 40.5, 40.5, 40.5, 100]
['2019-03-28 13:02:00', 40.64, 40.64, 40.64, 40.64, 100]
['2019-03-28 13:00:00', 40.49, 40.52, 40.49, 40.52, 544]
['2019-03-28 12:58:00', 40.61, 40.61, 40.61, 40.61, 429]
['2019-03-28 12:55:00', 40.61, 40.61, 40.61, 40.61, 205]
['2019-03-28 12:53:00', 40.5, 40.49, 40.49, 40.5, 300]
['2019-03-28 12:52:00', 40.54, 40.54, 40.54, 40.54, 300]
['2019-03-28 12:31:00', 40.49, 40.49, 40.49, 40.49, 145]
['2019-03-28 12:30:00', 40.46, 40.46, 40.46, 40.46, 100]
['2019-03-28 12:27:00', 40.44, 40.44, 40.44, 40.44, 100]
['2019-03-28 12:23:00', 40.29, 40.29, 40.29, 40.29, 452]
['2019-03-28 12:13:00', 40.19, 40.18, 40.18, 40.19, 349]
['2019-03-28 12:09:00', 40.35, 40.27, 40.27, 40.35, 705]
['2019-03-28 11:49:00', 40.35, 40.3, 40.3, 40.47, 1395]
['2019-03-28 11:43:00', 40.25, 40.25, 40.25, 40.25, 222]
['2019-03-28 11:42:00', 40.29, 40.29, 40.29, 40.29, 200]
['2019-03-28 11:37:00', 40.31, 40.31, 40.31, 40.31, 200]
['2019-03-28 11:30:00', 40.3, 40.3, 40.3, 40.3, 547]
['2019-03-28 11:29:00', 40.35, 40.35, 40.35, 40.35, 200]
['2019-03-28 11:26:00', 40.35, 40.35, 40.35, 40.35, 120]
['2019-03-28 11:20:00', 40.49, 40.4, 40.39, 40.49, 459]
['2019-03-28 11:19:00', 40.61, 40.61, 40.61, 40.61, 106]
['2019-03-28 11:18:00', 40.5, 40.5, 40.5, 40.5, 100]
['2019-03-28 11:15:00', 40.59, 40.6, 40.5, 40.6, 600]
['2019-03-28 11:14:00', 40.62, 40.62, 40.62, 40.62, 101]
['2019-03-28 10:59:00', 40.74, 40.74, 40.74, 40.74, 416]
['2019-03-28 10:56:00', 40.74, 40.76, 40.67, 40.76, 573]
['2019-03-28 10:55:00', 40.75, 40.76, 40.75, 40.76, 200]
['2019-03-28 10:54:00', 40.94, 40.691, 40.691, 40.94, 781]
['2019-03-28 10:52:00', 41.0, 41.0, 41.0, 41.0, 100]
['2019-03-28 10:49:00', 40.87, 40.9, 40.87, 40.9, 440]
['2019-03-28 10:48:00', 40.87, 40.935, 40.87, 40.935, 200]
['2019-03-28 10:46:00', 41.0, 40.96, 40.96, 41.0, 507]
['2019-03-28 10:43:00', 41.08, 41.08, 41.08, 41.08, 183]
['2019-03-28 10:42:00', 41.07, 41.07, 41.07, 41.07, 105]
['2019-03-28 10:33:00', 41.14, 41.14, 41.14, 41.14, 206]
['2019-03-28 10:22:00', 41.15, 41.15, 41.15, 41.15, 105]
['2019-03-28 10:21:00', 41.06, 41.04, 41.03, 41.06, 728]
['2019-03-28 10:19:00', 41.13, 41.13, 41.13, 41.13, 197]
['2019-03-28 10:16:00', 41.21, 41.21, 41.21, 41.21, 372]
['2019-03-28 10:14:00', 41.27, 41.28, 41.27, 41.28, 205]
['2019-03-28 10:12:00', 41.19, 41.19, 41.19, 41.19, 120]
['2019-03-28 10:10:00', 41.21, 41.22, 41.14, 41.22, 728]
['2019-03-28 10:09:00', 41.21, 41.21, 41.21, 41.21, 100]
['2019-03-28 10:08:00', 41.1, 41.1, 41.1, 41.1, 100]
['2019-03-28 09:54:00', 41.02, 41.02, 41.02, 41.02, 113]
['2019-03-28 09:31:00', 40.94, 40.94, 40.94, 40.94, 551]
['2019-03-27 16:00:00', 40.79, 40.83, 40.78, 40.83, 3933]
['2019-03-27 15:59:00', 40.79, 40.81, 40.79, 40.81, 444]
['2019-03-27 15:58:00', 40.81, 40.81, 40.81, 40.81, 321]
['2019-03-27 15:56:00', 40.81, 40.79, 40.79, 40.81, 1135]
['2019-03-27 15:55:00', 40.83, 40.83, 40.83, 40.83, 100]
['2019-03-27 15:54:00', 40.825, 40.78, 40.755, 40.83, 1654]
['2019-03-27 15:51:00', 40.85, 40.85, 40.85, 40.85, 340]
['2019-03-27 15:50:00', 40.85, 40.85, 40.85, 40.85, 121]
['2019-03-27 15:49:00', 40.81, 40.89, 40.81, 40.89, 617]
['2019-03-27 15:48:00', 40.8, 40.8, 40.8, 40.8, 449]
['2019-03-27 15:47:00', 40.76, 40.76, 40.76, 40.76, 102]
['2019-03-27 15:46:00', 40.76, 40.83, 40.76, 40.83, 1412]
['2019-03-27 15:43:00', 40.74, 40.74, 40.74, 40.74, 108]
['2019-03-27 15:34:00', 40.79, 40.79, 40.79, 40.79, 388]
['2019-03-27 15:31:00', 40.81, 40.82, 40.81, 40.82, 646]
['2019-03-27 15:30:00', 40.74, 40.73, 40.73, 40.74, 366]
['2019-03-27 15:27:00', 40.73, 40.73, 40.73, 40.73, 305]
['2019-03-27 15:22:00', 40.7, 40.7, 40.7, 40.7, 151]
['2019-03-27 15:19:00', 40.7, 40.7, 40.7, 40.7, 425]
['2019-03-27 15:12:00', 40.69, 40.69, 40.69, 40.69, 164]
['2019-03-27 15:07:00', 40.73, 40.73, 40.73, 40.73, 200]
['2019-03-27 15:04:00', 40.7, 40.73, 40.7, 40.73, 609]
['2019-03-27 15:00:00', 40.71, 40.71, 40.71, 40.71, 266]
['2019-03-27 14:56:00', 40.74, 40.65, 40.65, 40.74, 200]
['2019-03-27 14:49:00', 40.695, 40.695, 40.695, 40.695, 310]
['2019-03-27 14:41:00', 40.75, 40.73, 40.73, 40.75, 533]
['2019-03-27 14:40:00', 40.82, 40.82, 40.82, 40.82, 363]
['2019-03-27 14:32:00', 40.89, 40.89, 40.89, 40.89, 313]
['2019-03-27 14:31:00', 40.89, 40.9, 40.89, 40.9, 308]
['2019-03-27 14:18:00', 40.98, 40.98, 40.98, 40.98, 260]
['2019-03-27 14:13:00', 40.91, 40.91, 40.91, 40.91, 100]
['2019-03-27 14:12:00', 40.79, 40.86, 40.79, 40.86, 423]
['2019-03-27 14:05:00', 40.7, 40.7, 40.7, 40.7, 371]
['2019-03-27 14:02:00', 40.73, 40.73, 40.73, 40.73, 100]
['2019-03-27 13:55:00', 40.755, 40.69, 40.69, 40.755, 397]
['2019-03-27 13:53:00', 40.81, 40.81, 40.81, 40.81, 100]
['2019-03-27 13:49:00', 40.745, 40.745, 40.745, 40.745, 244]
['2019-03-27 13:48:00', 40.76, 40.76, 40.76, 40.76, 300]
['2019-03-27 13:45:00', 40.785, 40.785, 40.785, 40.785, 203]
['2019-03-27 13:43:00', 40.77, 40.77, 40.77, 40.77, 705]
['2019-03-27 13:32:00', 40.77, 40.77, 40.77, 40.77, 104]
['2019-03-27 13:26:00', 40.8, 40.81, 40.72, 40.81, 741]
['2019-03-27 13:23:00', 40.71, 40.71, 40.71, 40.71, 100]
['2019-03-27 13:20:00', 40.7419, 40.7419, 40.7419, 40.7419, 500]
['2019-03-27 13:15:00', 40.71, 40.71, 40.71, 40.71, 109]
['2019-03-27 13:14:00', 40.6, 40.6, 40.6, 40.6, 324]
['2019-03-27 13:10:00', 40.52, 40.51, 40.51, 40.52, 228]
['2019-03-27 13:07:00', 40.585, 40.585, 40.585, 40.585, 300]
['2019-03-27 13:03:00', 40.57, 40.57, 40.57, 40.57, 100]
['2019-03-27 12:54:00', 40.7496, 40.7496, 40.7496, 40.7496, 805]
['2019-03-27 12:53:00', 40.62, 40.63, 40.62, 40.63, 341]
['2019-03-27 12:39:00', 40.52, 40.52, 40.52, 40.52, 329]
['2019-03-27 12:29:00', 40.53, 40.53, 40.53, 40.53, 105]
['2019-03-27 12:24:00', 40.4, 40.4, 40.4, 40.4, 500]
['2019-03-27 12:22:00', 40.36, 40.36, 40.36, 40.36, 100]
['2019-03-27 12:21:00', 40.33, 40.35, 40.33, 40.35, 223]
['2019-03-27 12:19:00', 40.295, 40.295, 40.295, 40.295, 2700]
['2019-03-27 12:14:00', 40.26, 40.26, 40.26, 40.26, 526]
['2019-03-27 12:13:00', 40.29, 40.29, 40.29, 40.29, 105]
['2019-03-27 12:07:00', 40.27, 40.27, 40.27, 40.27, 100]
['2019-03-27 12:06:00', 40.19, 40.27, 40.19, 40.27, 596]
['2019-03-27 12:05:00', 40.19, 40.15, 40.15, 40.26, 2570]
['2019-03-27 11:57:00', 40.14, 40.14, 40.14, 40.14, 531]
['2019-03-27 11:53:00', 40.05, 40.05, 40.05, 40.05, 105]
['2019-03-27 11:37:00', 40.22, 40.21, 40.13, 40.22, 496]
['2019-03-27 11:34:00', 40.3584, 40.3584, 40.3584, 40.3584, 231]
['2019-03-27 11:29:00', 40.22, 40.22, 40.22, 40.22, 119]
['2019-03-27 11:20:00', 40.37, 40.37, 40.37, 40.37, 100]
['2019-03-27 11:17:00', 40.27, 40.27, 40.27, 40.27, 306]
['2019-03-27 11:07:00', 40.29, 40.29, 40.29, 40.29, 160]
['2019-03-27 11:05:00', 40.36, 40.36, 40.36, 40.36, 114]
['2019-03-27 11:01:00', 40.42, 40.42, 40.42, 40.42, 328]
['2019-03-27 10:42:00', 40.39, 40.39, 40.39, 40.39, 289]
['2019-03-27 10:41:00', 40.49, 40.49, 40.49, 40.49, 312]
['2019-03-27 10:18:00', 40.55, 40.55, 40.55, 40.55, 762]
['2019-03-27 10:04:00', 40.7, 40.69, 40.69, 40.7, 400]
['2019-03-27 10:01:00', 40.69, 40.69, 40.69, 40.69, 123]
['2019-03-27 09:57:00', 40.82, 40.81, 40.81, 40.82, 535]
['2019-03-27 09:55:00', 40.84, 40.84, 40.84, 40.84, 100]
['2019-03-27 09:34:00', 40.77, 40.77, 40.77, 40.77, 423]
['2019-03-27 09:31:00', 40.69, 40.69, 40.69, 40.69, 877]
['2019-03-26 16:00:00', 40.63, 40.63, 40.63, 40.63, 3390]
['2019-03-26 15:59:00', 40.63, 40.63, 40.63, 40.63, 1779]
['2019-03-26 15:58:00', 40.53, 40.575, 40.53, 40.575, 3290]
['2019-03-26 15:57:00', 40.525, 40.525, 40.525, 40.525, 1026]
['2019-03-26 15:56:00', 40.5, 40.5, 40.5, 40.5, 2661]
['2019-03-26 15:55:00', 40.57, 40.5, 40.5, 40.57, 2741]
['2019-03-26 15:54:00', 40.68, 40.68, 40.68, 40.68, 840]
['2019-03-26 15:52:00', 40.6, 40.6, 40.6, 40.6, 988]
['2019-03-26 15:51:00', 40.47, 40.47, 40.47, 40.47, 1144]
['2019-03-26 15:50:00', 40.31, 40.31, 40.31, 40.31, 514]
['2019-03-26 15:49:00', 40.29, 40.29, 40.29, 40.29, 681]
['2019-03-26 15:48:00', 40.32, 40.32, 40.32, 40.32, 1418]
['2019-03-26 15:47:00', 40.285, 40.29, 40.285, 40.29, 1663]
['2019-03-26 15:46:00', 40.275, 40.275, 40.275, 40.275, 1087]
['2019-03-26 15:45:00', 40.2, 40.2, 40.2, 40.2, 885]
['2019-03-26 15:44:00', 40.3, 40.3, 40.3, 40.3, 711]
['2019-03-26 15:43:00', 40.31, 40.31, 40.31, 40.315, 3457]
['2019-03-26 15:42:00', 40.32, 40.32, 40.32, 40.32, 600]
['2019-03-26 15:40:00', 40.39, 40.36, 40.36, 40.39, 1629]
['2019-03-26 15:39:00', 40.42, 40.39, 40.39, 40.42, 1187]
['2019-03-26 15:37:00', 40.465, 40.465, 40.465, 40.465, 289]
['2019-03-26 15:36:00', 40.35, 40.41, 40.35, 40.41, 1138]
['2019-03-26 15:35:00', 40.3, 40.3, 40.3, 40.3, 392]
['2019-03-26 15:34:00', 40.35, 40.32, 40.32, 40.35, 1436]
['2019-03-26 15:32:00', 40.43, 40.43, 40.43, 40.43, 642]
['2019-03-26 15:31:00', 40.4, 40.4, 40.4, 40.4, 572]
['2019-03-26 15:30:00', 40.5, 40.5, 40.5, 40.5, 872]
['2019-03-26 15:28:00', 40.48, 40.48, 40.48, 40.48, 208]
['2019-03-26 15:26:00', 40.51, 40.51, 40.51, 40.51, 489]
['2019-03-26 15:21:00', 40.59, 40.59, 40.59, 40.59, 340]
['2019-03-26 15:17:00', 40.61, 40.61, 40.61, 40.61, 933]
['2019-03-26 15:13:00', 40.61, 40.61, 40.61, 40.61, 700]
['2019-03-26 15:12:00', 40.62, 40.62, 40.62, 40.62, 235]
['2019-03-26 15:10:00', 40.675, 40.675, 40.675, 40.675, 165]
['2019-03-26 14:59:00', 40.57, 40.57, 40.57, 40.57, 649]
['2019-03-26 14:57:00', 40.44, 40.44, 40.44, 40.44, 200]
['2019-03-26 14:52:00', 40.555, 40.555, 40.555, 40.555, 900]
['2019-03-26 14:50:00', 40.61, 40.61, 40.61, 40.61, 300]
['2019-03-26 14:48:00', 40.59, 40.59, 40.59, 40.59, 100]
['2019-03-26 14:45:00', 40.52, 40.5, 40.5, 40.52, 856]
['2019-03-26 14:43:00', 40.47, 40.47, 40.47, 40.47, 305]
['2019-03-26 14:39:00', 40.455, 40.455, 40.455, 40.455, 107]
['2019-03-26 14:31:00', 40.435, 40.435, 40.435, 40.435, 508]
['2019-03-26 14:28:00', 40.5, 40.5, 40.5, 40.5, 476]
['2019-03-26 14:25:00', 40.52, 40.52, 40.52, 40.52, 206]
['2019-03-26 14:21:00', 40.485, 40.47, 40.47, 40.485, 522]
['2019-03-26 14:19:00', 40.485, 40.485, 40.485, 40.485, 213]
['2019-03-26 14:15:00', 40.45, 40.45, 40.45, 40.45, 100]
['2019-03-26 14:13:00', 40.45, 40.45, 40.45, 40.45, 100]
['2019-03-26 14:12:00', 40.465, 40.465, 40.465, 40.465, 200]
['2019-03-26 14:03:00', 40.47, 40.38, 40.38, 40.47, 503]
['2019-03-26 14:01:00', 40.53, 40.53, 40.53, 40.53, 213]
['2019-03-26 14:00:00', 40.48, 40.48, 40.48, 40.48, 100]
['2019-03-26 13:56:00', 40.545, 40.545, 40.545, 40.545, 107]
['2019-03-26 13:53:00', 40.47, 40.47, 40.47, 40.47, 100]
['2019-03-26 13:51:00', 40.495, 40.495, 40.495, 40.495, 100]
['2019-03-26 13:48:00', 40.465, 40.465, 40.465, 40.465, 110]
['2019-03-26 13:46:00', 40.46, 40.46, 40.46, 40.46, 100]
['2019-03-26 13:43:00', 40.475, 40.475, 40.475, 40.475, 306]
['2019-03-26 13:38:00', 40.56, 40.56, 40.56, 40.56, 319]
['2019-03-26 13:37:00', 40.575, 40.575, 40.575, 40.575, 200]
['2019-03-26 13:35:00', 40.59, 40.59, 40.59, 40.59, 231]
['2019-03-26 13:34:00', 40.59, 40.59, 40.59, 40.59, 299]
['2019-03-26 13:29:00', 40.74, 40.74, 40.74, 40.74, 519]
['2019-03-26 13:26:00', 40.665, 40.665, 40.665, 40.665, 132]
['2019-03-26 13:19:00', 40.67, 40.67, 40.67, 40.67, 131]
['2019-03-26 13:14:00', 40.66, 40.66, 40.66, 40.66, 200]
['2019-03-26 13:09:00', 40.56, 40.56, 40.56, 40.56, 105]
['2019-03-26 13:06:00', 40.56, 40.56, 40.56, 40.56, 100]
['2019-03-26 13:04:00', 40.54, 40.54, 40.54, 40.54, 207]
['2019-03-26 12:59:00', 40.52, 40.52, 40.52, 40.52, 199]
['2019-03-26 12:58:00', 40.595, 40.595, 40.595, 40.595, 231]
['2019-03-26 12:52:00', 40.55, 40.55, 40.55, 40.55, 245]
['2019-03-26 12:49:00', 40.52, 40.52, 40.52, 40.52, 157]
['2019-03-26 12:47:00', 40.59, 40.59, 40.59, 40.59, 109]
['2019-03-26 12:39:00', 40.67, 40.67, 40.67, 40.67, 100]
['2019-03-26 12:34:00', 40.66, 40.66, 40.66, 40.66, 105]
['2019-03-26 12:33:00', 40.53, 40.53, 40.53, 40.53, 300]
['2019-03-26 12:32:00', 40.6, 40.6, 40.6, 40.6, 107]
['2019-03-26 12:30:00', 40.57, 40.57, 40.57, 40.57, 240]
['2019-03-26 12:28:00', 40.65, 40.65, 40.65, 40.65, 418]
['2019-03-26 12:24:00', 40.68, 40.68, 40.68, 40.68, 252]
['2019-03-26 12:21:00', 40.79, 40.79, 40.79, 40.79, 121]
['2019-03-26 12:17:00', 40.75, 40.83, 40.75, 40.83, 604]
['2019-03-26 12:16:00', 40.78, 40.78, 40.78, 40.78, 103]
['2019-03-26 12:11:00', 40.7, 40.705, 40.7, 40.705, 1503]
['2019-03-26 12:10:00', 40.82, 40.82, 40.82, 40.82, 207]
['2019-03-26 12:03:00', 40.75, 40.75, 40.75, 40.75, 160]
['2019-03-26 12:00:00', 40.83, 40.83, 40.83, 40.83, 100]
['2019-03-26 11:58:00', 40.71, 40.71, 40.71, 40.71, 200]
['2019-03-26 11:54:00', 40.73, 40.73, 40.73, 40.73, 457]
['2019-03-26 11:50:00', 40.76, 40.76, 40.76, 40.76, 351]
['2019-03-26 11:45:00', 40.85, 40.85, 40.85, 40.85, 200]
['2019-03-26 11:43:00', 40.88, 40.88, 40.88, 40.88, 200]
['2019-03-26 11:38:00', 40.9, 40.9, 40.9, 40.9, 101]
['2019-03-26 11:32:00', 40.855, 40.855, 40.855, 40.855, 238]
['2019-03-26 11:27:00', 40.89, 40.89, 40.89, 40.89, 416]
['2019-03-26 11:18:00', 40.95, 40.95, 40.95, 40.95, 852]
['2019-03-26 11:09:00', 40.95, 40.95, 40.95, 40.95, 1010]
['2019-03-26 11:02:00', 41.06, 41.06, 41.06, 41.06, 259]
['2019-03-26 11:00:00', 41.11, 41.11, 41.11, 41.11, 202]
['2019-03-26 10:58:00', 40.79, 40.79, 40.79, 40.79, 200]
['2019-03-26 10:56:00', 40.97, 40.97, 40.97, 40.97, 133]
['2019-03-26 10:54:00', 40.95, 40.95, 40.95, 40.95, 113]
['2019-03-26 10:51:00', 40.93, 40.93, 40.93, 40.93, 300]
['2019-03-26 10:37:00', 40.74, 40.74, 40.74, 40.74, 811]
['2019-03-26 10:30:00', 40.9, 40.84, 40.84, 40.9, 1123]
['2019-03-26 10:29:00', 41.06, 41.06, 41.06, 41.06, 711]
['2019-03-26 10:28:00', 41.06, 41.06, 41.06, 41.06, 105]
['2019-03-26 10:26:00', 41.07, 41.07, 41.07, 41.07, 205]
['2019-03-26 10:11:00', 41.14, 41.14, 41.14, 41.14, 692]
['2019-03-26 10:06:00', 41.05, 41.05, 41.05, 41.05, 620]
['2019-03-26 10:05:00', 41.22, 41.22, 41.22, 41.22, 299]
['2019-03-26 09:52:00', 40.855, 40.855, 40.855, 40.855, 270]
['2019-03-26 09:36:00', 40.59, 40.59, 40.59, 40.59, 1145]
['2019-03-25 16:00:00', 40.6, 40.6, 40.6, 40.6, 1700]
['2019-03-25 15:59:00', 40.635, 40.635, 40.635, 40.635, 1529]
['2019-03-25 15:58:00', 40.67, 40.67, 40.67, 40.67, 2871]
['2019-03-25 15:56:00', 40.63, 40.63, 40.63, 40.63, 1031]
['2019-03-25 15:55:00', 40.67, 40.67, 40.67, 40.67, 1565]
['2019-03-25 15:54:00', 40.69, 40.69, 40.69, 40.69, 910]
['2019-03-25 15:51:00', 40.75, 40.75, 40.75, 40.75, 998]
['2019-03-25 15:49:00', 40.72, 40.72, 40.72, 40.72, 1141]
['2019-03-25 15:48:00', 40.84, 40.84, 40.84, 40.84, 937]
['2019-03-25 15:45:00', 40.86, 40.86, 40.86, 40.86, 726]
['2019-03-25 15:44:00', 40.86, 40.86, 40.86, 40.86, 1024]
['2019-03-25 15:41:00', 40.79, 40.82, 40.79, 40.82, 1254]
['2019-03-25 15:38:00', 40.8, 40.84, 40.8, 40.84, 900]
['2019-03-25 15:36:00', 40.82, 40.82, 40.82, 40.82, 100]
['2019-03-25 15:31:00', 40.88, 40.88, 40.88, 40.88, 701]
['2019-03-25 15:30:00', 40.86, 40.86, 40.86, 40.86, 410]
['2019-03-25 15:29:00', 40.93, 40.93, 40.93, 40.93, 418]
['2019-03-25 15:25:00', 40.87, 40.87, 40.87, 40.87, 201]
['2019-03-25 15:23:00', 40.82, 40.77, 40.77, 40.82, 781]
['2019-03-25 15:14:00', 40.82, 40.82, 40.82, 40.82, 613]
['2019-03-25 15:13:00', 40.85, 40.85, 40.85, 40.85, 307]
['2019-03-25 15:06:00', 40.745, 40.745, 40.745, 40.745, 138]
['2019-03-25 15:01:00', 40.72, 40.72, 40.72, 40.72, 295]
['2019-03-25 14:58:00', 40.64, 40.64, 40.64, 40.64, 247]
['2019-03-25 14:56:00', 40.63, 40.63, 40.63, 40.63, 300]
['2019-03-25 14:50:00', 40.59, 40.59, 40.59, 40.59, 200]
['2019-03-25 14:49:00', 40.64, 40.64, 40.64, 40.64, 504]
['2019-03-25 14:47:00', 40.64, 40.65, 40.64, 40.65, 1042]
['2019-03-25 14:43:00', 40.6, 40.6, 40.6, 40.6, 318]
['2019-03-25 14:42:00', 40.55, 40.55, 40.55, 40.55, 245]
['2019-03-25 14:41:00', 40.52, 40.52, 40.52, 40.52, 500]
['2019-03-25 14:40:00', 40.54, 40.54, 40.54, 40.54, 100]
['2019-03-25 14:35:00', 40.5, 40.5, 40.5, 40.5, 200]
['2019-03-25 14:31:00', 40.4, 40.4, 40.4, 40.4, 317]
['2019-03-25 14:28:00', 40.41, 40.41, 40.41, 40.41, 330]
['2019-03-25 14:27:00', 40.4, 40.4, 40.4, 40.4, 100]
['2019-03-25 14:18:00', 40.45, 40.45, 40.45, 40.45, 376]
['2019-03-25 14:16:00', 40.5, 40.5, 40.5, 40.5, 323]
['2019-03-25 14:14:00', 40.43, 40.43, 40.43, 40.43, 352]
['2019-03-25 14:11:00', 40.39, 40.39, 40.39, 40.39, 584]
['2019-03-25 14:07:00', 40.41, 40.41, 40.41, 40.41, 495]
['2019-03-25 13:58:00', 40.42, 40.42, 40.42, 40.42, 415]
['2019-03-25 13:57:00', 40.48, 40.48, 40.48, 40.48, 523]
['2019-03-25 13:55:00', 40.58, 40.54, 40.54, 40.58, 602]
['2019-03-25 13:51:00', 40.61, 40.61, 40.61, 40.61, 547]
['2019-03-25 13:46:00', 40.45, 40.45, 40.45, 40.45, 586]
['2019-03-25 13:45:00', 40.485, 40.485, 40.485, 40.485, 692]
['2019-03-25 13:43:00', 40.61, 40.61, 40.61, 40.61, 134]
['2019-03-25 13:42:00', 40.64, 40.64, 40.64, 40.64, 643]
['2019-03-25 13:40:00', 40.715, 40.67, 40.67, 40.715, 1493]
['2019-03-25 13:34:00', 40.655, 40.655, 40.655, 40.655, 376]
['2019-03-25 13:29:00', 40.53, 40.59, 40.53, 40.59, 1343]
['2019-03-25 13:28:00', 40.51, 40.51, 40.51, 40.51, 342]
['2019-03-25 13:26:00', 40.565, 40.61, 40.565, 40.61, 367]
['2019-03-25 13:18:00', 40.65, 40.65, 40.65, 40.65, 673]
['2019-03-25 13:14:00', 40.74, 40.74, 40.74, 40.74, 367]
['2019-03-25 13:13:00', 40.74, 40.74, 40.74, 40.74, 553]
['2019-03-25 13:10:00', 40.6501, 40.6501, 40.6501, 40.6501, 407]
['2019-03-25 13:07:00', 40.74, 40.74, 40.74, 40.74, 409]
['2019-03-25 13:04:00', 40.825, 40.79, 40.79, 40.825, 639]
['2019-03-25 12:59:00', 40.8, 40.8, 40.8, 40.8, 100]
['2019-03-25 12:58:00', 40.74, 40.74, 40.74, 40.74, 436]
['2019-03-25 12:56:00', 40.59, 40.59, 40.59, 40.59, 173]
['2019-03-25 12:55:00', 40.61, 40.61, 40.61, 40.61, 509]
['2019-03-25 12:51:00', 40.57, 40.57, 40.57, 40.57, 469]
['2019-03-25 12:44:00', 40.65, 40.65, 40.65, 40.65, 532]
['2019-03-25 12:36:00', 40.66, 40.66, 40.66, 40.66, 458]
['2019-03-25 12:34:00', 40.77, 40.77, 40.77, 40.77, 100]
['2019-03-25 12:25:00', 40.9, 40.9, 40.9, 40.9, 474]
['2019-03-25 12:20:00', 40.9, 40.92, 40.9, 40.92, 904]
['2019-03-25 12:17:00', 40.8176, 40.8176, 40.8176, 40.8176, 407]
['2019-03-25 12:12:00', 40.865, 40.865, 40.865, 40.865, 100]
['2019-03-25 12:11:00', 40.91, 40.91, 40.91, 40.91, 600]
['2019-03-25 12:09:00', 40.9, 40.9, 40.9, 40.9, 100]
['2019-03-25 12:06:00', 40.84, 40.84, 40.84, 40.84, 920]
['2019-03-25 12:05:00', 40.9, 40.9, 40.9, 40.9, 662]
['2019-03-25 11:58:00', 40.96, 40.9264, 40.9264, 40.96, 906]
['2019-03-25 11:48:00', 40.85, 40.85, 40.85, 40.85, 464]
['2019-03-25 11:45:00', 40.75, 40.75, 40.75, 40.75, 170]
['2019-03-25 11:43:00', 40.74, 40.74, 40.74, 40.74, 503]
['2019-03-25 11:42:00', 40.85, 40.85, 40.85, 40.85, 100]
['2019-03-25 11:34:00', 40.97, 40.97, 40.97, 40.97, 101]
['2019-03-25 11:32:00', 41.06, 41.06, 41.06, 41.06, 287]
['2019-03-25 11:30:00', 41.07, 41.07, 41.07, 41.07, 522]
['2019-03-25 11:29:00', 41.08, 41.08, 41.08, 41.08, 409]
['2019-03-25 11:26:00', 41.06, 40.95, 40.95, 41.06, 829]
['2019-03-25 11:23:00', 40.89, 40.89, 40.89, 40.89, 618]
['2019-03-25 11:17:00', 40.92, 40.92, 40.92, 40.92, 197]
['2019-03-25 11:15:00', 40.82, 40.82, 40.82, 40.82, 707]
['2019-03-25 11:07:00', 40.63, 40.63, 40.63, 40.63, 402]
['2019-03-25 11:05:00', 40.55, 40.55, 40.55, 40.55, 212]
['2019-03-25 11:02:00', 40.57, 40.57, 40.57, 40.57, 1614]
['2019-03-25 11:00:00', 40.69, 40.69, 40.69, 40.69, 225]
['2019-03-25 10:54:00', 40.49, 40.41, 40.41, 40.49, 663]
['2019-03-25 10:52:00', 40.3, 40.37, 40.3, 40.37, 555]
['2019-03-25 10:49:00', 40.3, 40.3, 40.3, 40.3, 305]
['2019-03-25 10:48:00', 40.36, 40.36, 40.36, 40.36, 801]
['2019-03-25 10:47:00', 40.43, 40.43, 40.43, 40.43, 748]
['2019-03-25 10:39:00', 40.39, 40.39, 40.39, 40.39, 440]
['2019-03-25 10:36:00', 40.38, 40.38, 40.38, 40.38, 583]
['2019-03-25 10:35:00', 40.43, 40.43, 40.43, 40.43, 1229]
['2019-03-25 10:33:00', 40.43, 40.43, 40.43, 40.43, 643]
['2019-03-25 10:32:00', 40.4, 40.4, 40.4, 40.4, 184]
['2019-03-25 10:28:00', 40.25, 40.25, 40.25, 40.25, 556]
['2019-03-25 10:26:00', 40.145, 40.145, 40.145, 40.145, 612]
['2019-03-25 10:24:00', 40.11, 40.11, 40.11, 40.11, 283]
['2019-03-25 10:12:00', 40.06, 40.06, 40.06, 40.06, 1103]
['2019-03-25 10:11:00', 40.16, 40.16, 40.16, 40.16, 100]
['2019-03-25 10:08:00', 40.065, 40.065, 40.065, 40.065, 106]
['2019-03-25 10:00:00', 40.215, 40.1675, 40.1675, 40.215, 1703]
['2019-03-25 09:59:00', 40.31, 40.14, 40.14, 40.31, 1328]
['2019-03-25 09:55:00', 40.27, 40.27, 40.27, 40.27, 412]
['2019-03-25 09:33:00', 40.05, 40.05, 40.05, 40.05, 0]
