ANIK
['2019-03-29 16:00:00', 30.26, 30.25, 30.23, 30.26, 5961]
['2019-03-29 15:59:00', 30.24, 30.25, 30.24, 30.25, 3113]
['2019-03-29 15:58:00', 30.23, 30.24, 30.23, 30.24, 1726]
['2019-03-29 15:57:00', 30.25, 30.25, 30.25, 30.25, 933]
['2019-03-29 15:56:00', 30.24, 30.26, 30.24, 30.26, 1323]
['2019-03-29 15:55:00', 30.2, 30.21, 30.2, 30.22, 2832]
['2019-03-29 15:54:00', 30.185, 30.185, 30.185, 30.185, 258]
['2019-03-29 15:53:00', 30.19, 30.19, 30.19, 30.19, 315]
['2019-03-29 15:52:00', 30.19, 30.19, 30.19, 30.19, 275]
['2019-03-29 15:51:00', 30.19, 30.19, 30.19, 30.19, 429]
['2019-03-29 15:50:00', 30.22, 30.22, 30.22, 30.22, 324]
['2019-03-29 15:49:00', 30.22, 30.22, 30.22, 30.22, 238]
['2019-03-29 15:48:00', 30.27, 30.21, 30.21, 30.27, 809]
['2019-03-29 15:47:00', 30.19, 30.31, 30.19, 30.31, 3508]
['2019-03-29 15:45:00', 30.12, 30.2, 30.12, 30.2, 1082]
['2019-03-29 15:44:00', 30.1, 30.1, 30.1, 30.1, 831]
['2019-03-29 15:43:00', 30.08, 30.08, 30.08, 30.08, 212]
['2019-03-29 15:41:00', 30.095, 30.095, 30.095, 30.095, 223]
['2019-03-29 15:40:00', 30.1, 30.1, 30.1, 30.1, 727]
['2019-03-29 15:39:00', 30.08, 30.08, 30.08, 30.08, 185]
['2019-03-29 15:37:00', 30.09, 30.09, 30.09, 30.09, 389]
['2019-03-29 15:36:00', 30.08, 30.08, 30.08, 30.08, 339]
['2019-03-29 15:35:00', 30.05, 30.05, 30.05, 30.05, 989]
['2019-03-29 15:34:00', 30.015, 30.015, 30.015, 30.015, 287]
['2019-03-29 15:32:00', 30.0, 30.0, 30.0, 30.0, 203]
['2019-03-29 15:31:00', 30.0, 30.0, 30.0, 30.0, 304]
['2019-03-29 15:29:00', 30.01, 30.01, 30.01, 30.01, 1499]
['2019-03-29 15:28:00', 30.01, 30.01, 30.01, 30.01, 101]
['2019-03-29 15:26:00', 30.01, 30.01, 30.01, 30.01, 109]
['2019-03-29 15:25:00', 29.96, 29.96, 29.96, 29.96, 142]
['2019-03-29 15:24:00', 30.08, 30.08, 30.08, 30.08, 531]
['2019-03-29 15:23:00', 30.09, 30.09, 30.09, 30.09, 312]
['2019-03-29 15:20:00', 30.08, 30.08, 30.08, 30.08, 249]
['2019-03-29 15:19:00', 30.15, 30.14, 30.14, 30.15, 1564]
['2019-03-29 15:18:00', 30.12, 30.12, 30.12, 30.12, 465]
['2019-03-29 15:17:00', 30.14, 30.14, 30.14, 30.14, 130]
['2019-03-29 15:15:00', 30.13, 30.13, 30.13, 30.13, 112]
['2019-03-29 15:11:00', 30.12, 30.12, 30.12, 30.12, 891]
['2019-03-29 15:07:00', 30.17, 30.14, 30.13, 30.17, 1457]
['2019-03-29 15:03:00', 30.16, 30.16, 30.16, 30.16, 204]
['2019-03-29 15:02:00', 30.19, 30.19, 30.19, 30.19, 102]
['2019-03-29 14:59:00', 30.18, 30.18, 30.18, 30.18, 179]
['2019-03-29 14:56:00', 30.18, 30.18, 30.18, 30.18, 115]
['2019-03-29 14:53:00', 30.19, 30.19, 30.19, 30.19, 204]
['2019-03-29 14:51:00', 30.11, 30.11, 30.11, 30.11, 433]
['2019-03-29 14:48:00', 30.05, 30.05, 30.05, 30.05, 409]
['2019-03-29 14:46:00', 30.13, 30.12, 30.12, 30.13, 1356]
['2019-03-29 14:43:00', 30.18, 30.18, 30.18, 30.18, 503]
['2019-03-29 14:41:00', 30.155, 30.155, 30.155, 30.155, 102]
['2019-03-29 14:39:00', 30.17, 30.17, 30.17, 30.17, 228]
['2019-03-29 14:38:00', 30.17, 30.17, 30.17, 30.17, 200]
['2019-03-29 14:37:00', 30.1144, 30.1144, 30.1144, 30.1144, 233]
['2019-03-29 14:31:00', 30.13, 30.13, 30.13, 30.13, 511]
['2019-03-29 14:29:00', 30.12, 30.12, 30.12, 30.12, 532]
['2019-03-29 14:28:00', 30.13, 30.13, 30.13, 30.13, 657]
['2019-03-29 14:25:00', 30.06, 30.06, 30.06, 30.06, 243]
['2019-03-29 14:19:00', 30.09, 30.09, 30.09, 30.09, 342]
['2019-03-29 14:17:00', 30.175, 30.09, 30.09, 30.175, 1530]
['2019-03-29 14:15:00', 30.17, 30.17, 30.17, 30.17, 2100]
['2019-03-29 14:14:00', 30.2, 30.2, 30.2, 30.2, 1170]
['2019-03-29 14:10:00', 30.27, 30.27, 30.27, 30.27, 323]
['2019-03-29 14:09:00', 30.157, 30.157, 30.157, 30.157, 1291]
['2019-03-29 13:59:00', 30.19, 30.19, 30.19, 30.19, 385]
['2019-03-29 13:57:00', 30.18, 30.18, 30.18, 30.18, 306]
['2019-03-29 13:54:00', 30.07, 30.12, 30.07, 30.12, 1734]
['2019-03-29 13:49:00', 30.1, 30.1, 30.1, 30.1, 149]
['2019-03-29 13:48:00', 30.07, 30.07, 30.07, 30.07, 1193]
['2019-03-29 13:47:00', 30.01, 30.01, 30.01, 30.01, 865]
['2019-03-29 13:41:00', 30.09, 30.09, 30.09, 30.09, 243]
['2019-03-29 13:36:00', 30.0677, 30.0677, 30.0677, 30.0677, 351]
['2019-03-29 13:34:00', 30.02, 30.02, 30.02, 30.02, 248]
['2019-03-29 13:22:00', 30.02, 30.02, 30.02, 30.02, 922]
['2019-03-29 13:21:00', 29.99, 30.06, 29.99, 30.06, 1253]
['2019-03-29 13:19:00', 30.0, 30.0, 30.0, 30.0, 100]
['2019-03-29 13:16:00', 30.025, 30.025, 30.025, 30.025, 100]
['2019-03-29 13:12:00', 30.01, 30.01, 30.01, 30.01, 215]
['2019-03-29 13:08:00', 30.09, 30.09, 30.09, 30.09, 100]
['2019-03-29 13:07:00', 30.14, 30.14, 30.14, 30.14, 743]
['2019-03-29 13:00:00', 30.2, 30.2, 30.2, 30.2, 500]
['2019-03-29 12:58:00', 30.229, 30.21, 30.21, 30.229, 401]
['2019-03-29 12:50:00', 30.23, 30.23, 30.23, 30.23, 246]
['2019-03-29 12:43:00', 30.18, 30.18, 30.18, 30.18, 500]
['2019-03-29 12:40:00', 30.2, 30.2, 30.2, 30.2, 416]
['2019-03-29 12:34:00', 30.2, 30.2, 30.2, 30.2, 127]
['2019-03-29 12:28:00', 30.15, 30.15, 30.15, 30.15, 300]
['2019-03-29 12:27:00', 30.18, 30.16, 30.16, 30.18, 562]
['2019-03-29 12:23:00', 30.15, 30.21, 30.15, 30.21, 660]
['2019-03-29 12:22:00', 30.145, 30.145, 30.145, 30.145, 250]
['2019-03-29 12:18:00', 30.145, 30.145, 30.145, 30.145, 100]
['2019-03-29 12:12:00', 30.145, 30.145, 30.145, 30.145, 109]
['2019-03-29 12:11:00', 30.12, 30.12, 30.12, 30.12, 100]
['2019-03-29 12:10:00', 30.1506, 30.1506, 30.1506, 30.1506, 200]
['2019-03-29 12:06:00', 30.16, 30.16, 30.16, 30.16, 200]
['2019-03-29 12:02:00', 30.145, 30.145, 30.145, 30.145, 832]
['2019-03-29 12:01:00', 30.1, 30.1, 30.1, 30.1, 355]
['2019-03-29 11:58:00', 30.11, 30.11, 30.11, 30.11, 801]
['2019-03-29 11:56:00', 30.13, 30.13, 30.13, 30.13, 1927]
['2019-03-29 11:55:00', 30.1462, 30.1462, 30.1462, 30.1462, 962]
['2019-03-29 11:54:00', 30.18, 30.18, 30.18, 30.18, 405]
['2019-03-29 11:53:00', 30.17, 30.17, 30.17, 30.17, 915]
['2019-03-29 11:52:00', 30.2311, 30.19, 30.19, 30.2311, 3252]
['2019-03-29 11:50:00', 30.17, 30.17, 30.17, 30.17, 1662]
['2019-03-29 11:49:00', 30.14, 30.14, 30.14, 30.14, 666]
['2019-03-29 11:48:00', 30.12, 30.11, 30.11, 30.12, 1523]
['2019-03-29 11:41:00', 30.245, 30.15, 30.15, 30.245, 1508]
['2019-03-29 11:40:00', 30.2, 30.2, 30.2, 30.2, 200]
['2019-03-29 11:33:00', 30.28, 30.26, 30.26, 30.28, 1402]
['2019-03-29 11:31:00', 30.33, 30.33, 30.33, 30.33, 1300]
['2019-03-29 11:28:00', 30.229, 30.229, 30.229, 30.229, 290]
['2019-03-29 11:27:00', 30.2, 30.2, 30.2, 30.2, 1721]
['2019-03-29 11:26:00', 30.165, 30.165, 30.165, 30.165, 100]
['2019-03-29 11:23:00', 30.16, 30.16, 30.16, 30.16, 200]
['2019-03-29 11:17:00', 30.13, 30.13, 30.13, 30.13, 333]
['2019-03-29 11:16:00', 30.11, 30.11, 30.11, 30.11, 132]
['2019-03-29 11:09:00', 30.09, 30.09, 30.09, 30.09, 419]
['2019-03-29 11:06:00', 30.06, 30.14, 30.06, 30.14, 1714]
['2019-03-29 11:04:00', 30.11, 30.11, 30.11, 30.11, 221]
['2019-03-29 11:02:00', 30.11, 30.11, 30.11, 30.11, 200]
['2019-03-29 11:01:00', 30.16, 30.16, 30.16, 30.16, 100]
['2019-03-29 10:57:00', 30.19, 30.19, 30.19, 30.19, 102]
['2019-03-29 10:53:00', 30.22, 30.22, 30.22, 30.22, 101]
['2019-03-29 10:50:00', 30.125, 30.125, 30.125, 30.125, 600]
['2019-03-29 10:47:00', 30.12, 30.12, 30.12, 30.12, 2077]
['2019-03-29 10:46:00', 30.06, 30.06, 30.06, 30.06, 303]
['2019-03-29 10:45:00', 30.05, 30.06, 30.05, 30.06, 1100]
['2019-03-29 10:43:00', 30.07, 30.07, 30.07, 30.07, 328]
['2019-03-29 10:41:00', 30.0503, 30.0503, 30.0503, 30.0503, 167]
['2019-03-29 10:39:00', 30.1099, 30.1099, 30.1099, 30.1099, 707]
['2019-03-29 10:37:00', 30.05, 30.05, 30.05, 30.05, 225]
['2019-03-29 10:33:00', 30.07, 30.11, 30.07, 30.11, 1100]
['2019-03-29 10:30:00', 30.07, 30.07, 30.07, 30.07, 607]
['2019-03-29 10:27:00', 30.16, 30.16, 30.16, 30.16, 1500]
['2019-03-29 10:21:00', 30.1, 30.1, 30.1, 30.1, 100]
['2019-03-29 10:19:00', 30.07, 30.07, 30.07, 30.07, 100]
['2019-03-29 10:18:00', 30.1038, 30.1038, 30.1038, 30.1038, 552]
['2019-03-29 10:17:00', 30.11, 30.11, 30.11, 30.11, 628]
['2019-03-29 10:12:00', 30.16, 30.16, 30.16, 30.16, 345]
['2019-03-29 10:09:00', 30.21, 30.21, 30.21, 30.21, 1119]
['2019-03-29 10:08:00', 30.18, 30.18, 30.18, 30.18, 102]
['2019-03-29 10:03:00', 30.17, 30.17, 30.17, 30.17, 132]
['2019-03-29 09:59:00', 30.11, 30.11, 30.11, 30.11, 1238]
['2019-03-29 09:57:00', 30.17, 30.17, 30.17, 30.17, 1325]
['2019-03-29 09:55:00', 29.94, 29.94, 29.94, 29.94, 522]
['2019-03-29 09:53:00', 29.93, 29.93, 29.93, 29.93, 496]
['2019-03-29 09:48:00', 29.93, 29.93, 29.93, 29.93, 333]
['2019-03-29 09:41:00', 29.95, 29.7, 29.7, 29.95, 450]
['2019-03-29 09:32:00', 29.72, 29.72, 29.72, 29.72, 1364]
['2019-03-28 16:00:00', 29.87, 29.88, 29.85, 29.88, 11515]
['2019-03-28 15:59:00', 29.87, 29.86, 29.86, 29.87, 2286]
['2019-03-28 15:58:00', 29.81, 29.885, 29.81, 29.885, 2139]
['2019-03-28 15:57:00', 29.8, 29.8, 29.8, 29.8, 612]
['2019-03-28 15:55:00', 29.83, 29.83, 29.83, 29.83, 1127]
['2019-03-28 15:54:00', 29.8, 29.8, 29.8, 29.8, 905]
['2019-03-28 15:53:00', 29.78, 29.77, 29.77, 29.8, 2519]
['2019-03-28 15:52:00', 29.79, 29.795, 29.79, 29.795, 1300]
['2019-03-28 15:51:00', 29.78, 29.78, 29.78, 29.78, 502]
['2019-03-28 15:49:00', 29.8, 29.8, 29.8, 29.8, 612]
['2019-03-28 15:48:00', 29.8, 29.82, 29.8, 29.82, 940]
['2019-03-28 15:47:00', 29.8, 29.8, 29.8, 29.8, 449]
['2019-03-28 15:46:00', 29.8, 29.8, 29.8, 29.8, 338]
['2019-03-28 15:45:00', 29.8, 29.8, 29.8, 29.8, 460]
['2019-03-28 15:44:00', 29.8, 29.8, 29.8, 29.8, 721]
['2019-03-28 15:43:00', 29.81, 29.81, 29.81, 29.81, 464]
['2019-03-28 15:42:00', 29.795, 29.795, 29.795, 29.795, 601]
['2019-03-28 15:41:00', 29.8, 29.8, 29.8, 29.8, 820]
['2019-03-28 15:40:00', 29.82, 29.82, 29.82, 29.82, 701]
['2019-03-28 15:39:00', 29.825, 29.825, 29.825, 29.825, 501]
['2019-03-28 15:38:00', 29.8, 29.8, 29.8, 29.8, 139]
['2019-03-28 15:37:00', 29.82, 29.82, 29.82, 29.82, 705]
['2019-03-28 15:36:00', 29.83, 29.83, 29.83, 29.83, 869]
['2019-03-28 15:28:00', 29.85, 29.85, 29.85, 29.85, 1406]
['2019-03-28 15:25:00', 29.8, 29.8, 29.8, 29.8, 485]
['2019-03-28 15:24:00', 29.855, 29.88, 29.855, 29.88, 1656]
['2019-03-28 15:22:00', 29.87, 29.87, 29.87, 29.87, 216]
['2019-03-28 15:21:00', 29.85, 29.85, 29.85, 29.85, 407]
['2019-03-28 15:20:00', 29.83, 29.83, 29.83, 29.83, 324]
['2019-03-28 15:19:00', 29.83, 29.83, 29.83, 29.83, 300]
['2019-03-28 15:16:00', 29.77, 29.795, 29.77, 29.795, 2123]
['2019-03-28 15:12:00', 29.77, 29.77, 29.77, 29.77, 100]
['2019-03-28 15:08:00', 29.775, 29.775, 29.775, 29.775, 114]
['2019-03-28 15:05:00', 29.8, 29.8, 29.8, 29.8, 947]
['2019-03-28 15:03:00', 29.78, 29.78, 29.78, 29.78, 820]
['2019-03-28 15:01:00', 29.745, 29.745, 29.745, 29.745, 487]
['2019-03-28 14:51:00', 29.74, 29.77, 29.74, 29.77, 2564]
['2019-03-28 14:46:00', 29.78, 29.78, 29.78, 29.78, 100]
['2019-03-28 14:44:00', 29.82, 29.82, 29.82, 29.82, 100]
['2019-03-28 14:39:00', 29.82, 29.82, 29.82, 29.82, 200]
['2019-03-28 14:33:00', 29.8, 29.8, 29.8, 29.8, 353]
['2019-03-28 14:27:00', 29.83, 29.83, 29.83, 29.83, 460]
['2019-03-28 14:26:00', 29.81, 29.76, 29.76, 29.81, 1233]
['2019-03-28 14:22:00', 29.81, 29.81, 29.81, 29.81, 473]
['2019-03-28 14:11:00', 29.8, 29.8, 29.8, 29.8, 315]
['2019-03-28 13:59:00', 29.79, 29.82, 29.79, 29.82, 1909]
['2019-03-28 13:56:00', 29.815, 29.81, 29.81, 29.815, 702]
['2019-03-28 13:54:00', 29.775, 29.775, 29.775, 29.775, 466]
['2019-03-28 13:50:00', 29.769, 29.77, 29.769, 29.77, 718]
['2019-03-28 13:30:00', 29.78, 29.78, 29.78, 29.78, 266]
['2019-03-28 13:24:00', 29.81, 29.81, 29.81, 29.81, 110]
['2019-03-28 13:23:00', 29.786, 29.786, 29.786, 29.786, 100]
['2019-03-28 13:19:00', 29.77, 29.77, 29.77, 29.77, 287]
['2019-03-28 13:17:00', 29.75, 29.75, 29.75, 29.75, 124]
['2019-03-28 13:09:00', 29.7261, 29.7261, 29.7261, 29.7261, 751]
['2019-03-28 13:07:00', 29.78, 29.78, 29.78, 29.78, 195]
['2019-03-28 13:01:00', 29.7301, 29.7301, 29.7301, 29.7301, 592]
['2019-03-28 12:52:00', 29.72, 29.72, 29.72, 29.72, 1450]
['2019-03-28 12:48:00', 29.67, 29.67, 29.67, 29.67, 1172]
['2019-03-28 12:43:00', 29.71, 29.71, 29.71, 29.71, 200]
['2019-03-28 12:39:00', 29.67, 29.67, 29.67, 29.67, 100]
['2019-03-28 12:35:00', 29.665, 29.665, 29.665, 29.665, 525]
['2019-03-28 12:32:00', 29.6727, 29.6727, 29.6727, 29.6727, 1269]
['2019-03-28 12:11:00', 29.68, 29.68, 29.68, 29.68, 240]
['2019-03-28 12:10:00', 29.67, 29.645, 29.645, 29.67, 522]
['2019-03-28 12:07:00', 29.695, 29.695, 29.695, 29.695, 100]
['2019-03-28 11:59:00', 29.72, 29.72, 29.72, 29.72, 203]
['2019-03-28 11:42:00', 29.68, 29.68, 29.68, 29.68, 492]
['2019-03-28 11:41:00', 29.68, 29.68, 29.68, 29.68, 181]
['2019-03-28 11:37:00', 29.74, 29.74, 29.74, 29.74, 124]
['2019-03-28 11:33:00', 29.735, 29.735, 29.735, 29.735, 200]
['2019-03-28 11:32:00', 29.73, 29.73, 29.73, 29.73, 455]
['2019-03-28 11:30:00', 29.68, 29.68, 29.68, 29.68, 1600]
['2019-03-28 11:29:00', 29.79, 29.79, 29.79, 29.79, 803]
['2019-03-28 11:28:00', 29.7, 29.7, 29.7, 29.7, 500]
['2019-03-28 11:26:00', 29.63, 29.685, 29.63, 29.705, 2597]
['2019-03-28 11:20:00', 29.71, 29.7, 29.7, 29.71, 900]
['2019-03-28 11:19:00', 29.755, 29.755, 29.755, 29.755, 320]
['2019-03-28 11:16:00', 29.8, 29.8, 29.8, 29.8, 200]
['2019-03-28 11:12:00', 29.73, 29.74, 29.73, 29.74, 1017]
['2019-03-28 11:11:00', 29.665, 29.665, 29.665, 29.665, 1497]
['2019-03-28 11:10:00', 29.67, 29.67, 29.67, 29.67, 206]
['2019-03-28 11:04:00', 29.646, 29.646, 29.646, 29.646, 900]
['2019-03-28 11:03:00', 29.77, 29.77, 29.77, 29.77, 100]
['2019-03-28 10:58:00', 29.77, 29.77, 29.77, 29.77, 100]
['2019-03-28 10:56:00', 29.7, 29.85, 29.7, 29.85, 3496]
['2019-03-28 10:54:00', 29.6991, 29.6991, 29.6991, 29.6991, 1900]
['2019-03-28 10:52:00', 29.7, 29.7, 29.7, 29.7, 240]
['2019-03-28 10:48:00', 29.83, 29.72, 29.72, 29.83, 2794]
['2019-03-28 10:46:00', 29.81, 29.81, 29.81, 29.81, 481]
['2019-03-28 10:45:00', 29.8, 29.87, 29.8, 29.87, 4217]
['2019-03-28 10:44:00', 29.95, 29.82, 29.82, 29.95, 2510]
['2019-03-28 10:43:00', 29.925, 29.925, 29.925, 29.925, 1300]
['2019-03-28 10:42:00', 29.87, 29.87, 29.87, 29.87, 532]
['2019-03-28 10:41:00', 29.855, 29.855, 29.855, 29.855, 800]
['2019-03-28 10:29:00', 29.93, 29.93, 29.93, 29.93, 470]
['2019-03-28 10:27:00', 29.855, 29.94, 29.855, 29.945, 1882]
['2019-03-28 10:23:00', 29.86, 29.86, 29.86, 29.86, 1323]
['2019-03-28 10:22:00', 29.79, 29.89, 29.79, 29.89, 1576]
['2019-03-28 10:16:00', 29.78, 29.78, 29.78, 29.78, 529]
['2019-03-28 10:15:00', 29.755, 29.79, 29.755, 29.79, 1983]
['2019-03-28 10:14:00', 29.8699, 29.8699, 29.8699, 29.8699, 128]
['2019-03-28 10:00:00', 29.89, 29.89, 29.89, 29.89, 100]
['2019-03-28 09:56:00', 29.905, 29.905, 29.905, 29.905, 385]
['2019-03-28 09:52:00', 29.83, 29.83, 29.83, 29.83, 137]
['2019-03-28 09:50:00', 29.76, 29.76, 29.76, 29.76, 180]
['2019-03-28 09:45:00', 29.72, 29.72, 29.72, 29.72, 136]
['2019-03-28 09:41:00', 29.88, 29.88, 29.88, 29.88, 142]
['2019-03-28 09:38:00', 29.91, 29.88, 29.88, 29.91, 427]
['2019-03-28 09:31:00', 29.59, 29.59, 29.59, 29.59, 600]
['2019-03-27 16:00:00', 29.61, 29.61, 29.61, 29.62, 7652]
['2019-03-27 15:59:00', 29.6, 29.61, 29.59, 29.61, 5191]
['2019-03-27 15:58:00', 29.61, 29.62, 29.61, 29.62, 1574]
['2019-03-27 15:56:00', 29.62, 29.62, 29.62, 29.62, 1175]
['2019-03-27 15:55:00', 29.65, 29.65, 29.65, 29.65, 324]
['2019-03-27 15:54:00', 29.69, 29.61, 29.61, 29.69, 1915]
['2019-03-27 15:53:00', 29.67, 29.69, 29.67, 29.69, 3075]
['2019-03-27 15:52:00', 29.67, 29.67, 29.67, 29.67, 1871]
['2019-03-27 15:51:00', 29.7, 29.7, 29.7, 29.7, 832]
['2019-03-27 15:49:00', 29.67, 29.69, 29.67, 29.69, 642]
['2019-03-27 15:48:00', 29.6396, 29.6396, 29.6396, 29.6396, 280]
['2019-03-27 15:47:00', 29.65, 29.65, 29.65, 29.65, 906]
['2019-03-27 15:46:00', 29.66, 29.66, 29.66, 29.66, 268]
['2019-03-27 15:45:00', 29.67, 29.65, 29.62, 29.67, 2708]
['2019-03-27 15:43:00', 29.67, 29.67, 29.67, 29.67, 300]
['2019-03-27 15:42:00', 29.66, 29.66, 29.66, 29.66, 360]
['2019-03-27 15:41:00', 29.62, 29.62, 29.62, 29.62, 203]
['2019-03-27 15:40:00', 29.57, 29.57, 29.57, 29.57, 400]
['2019-03-27 15:38:00', 29.65, 29.65, 29.65, 29.65, 121]
['2019-03-27 15:37:00', 29.63, 29.63, 29.63, 29.63, 304]
['2019-03-27 15:36:00', 29.63, 29.63, 29.63, 29.63, 281]
['2019-03-27 15:35:00', 29.52, 29.6, 29.52, 29.6, 827]
['2019-03-27 15:33:00', 29.6, 29.6, 29.6, 29.6, 210]
['2019-03-27 15:30:00', 29.48, 29.48, 29.48, 29.48, 449]
['2019-03-27 15:24:00', 29.46, 29.46, 29.46, 29.46, 378]
['2019-03-27 15:12:00', 29.4, 29.37, 29.37, 29.4, 388]
['2019-03-27 15:04:00', 29.39, 29.39, 29.39, 29.39, 505]
['2019-03-27 14:56:00', 29.48, 29.48, 29.48, 29.48, 300]
['2019-03-27 14:52:00', 29.4788, 29.4788, 29.4788, 29.4788, 1081]
['2019-03-27 14:47:00', 29.42, 29.42, 29.42, 29.42, 389]
['2019-03-27 14:44:00', 29.46, 29.46, 29.46, 29.46, 100]
['2019-03-27 14:41:00', 29.46, 29.49, 29.46, 29.49, 1158]
['2019-03-27 14:40:00', 29.45, 29.45, 29.45, 29.45, 858]
['2019-03-27 14:39:00', 29.44, 29.44, 29.44, 29.44, 611]
['2019-03-27 14:37:00', 29.48, 29.48, 29.48, 29.48, 408]
['2019-03-27 14:36:00', 29.41, 29.41, 29.41, 29.41, 767]
['2019-03-27 14:35:00', 29.45, 29.39, 29.39, 29.45, 1350]
['2019-03-27 14:34:00', 29.44, 29.44, 29.44, 29.44, 862]
['2019-03-27 14:33:00', 29.41, 29.41, 29.41, 29.41, 955]
['2019-03-27 14:32:00', 29.37, 29.37, 29.37, 29.37, 700]
['2019-03-27 14:28:00', 29.42, 29.42, 29.42, 29.42, 223]
['2019-03-27 14:25:00', 29.43, 29.43, 29.43, 29.43, 254]
['2019-03-27 14:21:00', 29.36, 29.36, 29.36, 29.36, 247]
['2019-03-27 14:19:00', 29.46, 29.46, 29.46, 29.46, 239]
['2019-03-27 14:16:00', 29.49, 29.49, 29.49, 29.49, 106]
['2019-03-27 14:14:00', 29.51, 29.51, 29.51, 29.51, 139]
['2019-03-27 14:12:00', 29.51, 29.51, 29.51, 29.51, 650]
['2019-03-27 14:08:00', 29.36, 29.36, 29.36, 29.36, 405]
['2019-03-27 14:03:00', 29.46, 29.46, 29.46, 29.46, 165]
['2019-03-27 14:00:00', 29.47, 29.47, 29.47, 29.47, 300]
['2019-03-27 13:59:00', 29.5094, 29.5094, 29.5094, 29.5094, 477]
['2019-03-27 13:55:00', 29.55, 29.55, 29.55, 29.55, 712]
['2019-03-27 13:54:00', 29.51, 29.51, 29.51, 29.51, 900]
['2019-03-27 13:53:00', 29.48, 29.55, 29.48, 29.55, 2069]
['2019-03-27 13:52:00', 29.4346, 29.4346, 29.4346, 29.4346, 772]
['2019-03-27 13:51:00', 29.43, 29.43, 29.43, 29.43, 1183]
['2019-03-27 13:50:00', 29.52, 29.42, 29.42, 29.52, 2602]
['2019-03-27 13:49:00', 29.491, 29.491, 29.491, 29.491, 943]
['2019-03-27 13:48:00', 29.485, 29.485, 29.485, 29.485, 249]
['2019-03-27 13:47:00', 29.53, 29.53, 29.53, 29.53, 485]
['2019-03-27 13:46:00', 29.48, 29.48, 29.48, 29.48, 409]
['2019-03-27 13:40:00', 29.34, 29.34, 29.34, 29.34, 307]
['2019-03-27 13:32:00', 29.47, 29.38, 29.38, 29.47, 1043]
['2019-03-27 13:26:00', 29.49, 29.49, 29.49, 29.49, 101]
['2019-03-27 13:22:00', 29.45, 29.46, 29.45, 29.46, 600]
['2019-03-27 13:20:00', 29.43, 29.43, 29.43, 29.43, 308]
['2019-03-27 13:17:00', 29.54, 29.54, 29.54, 29.54, 100]
['2019-03-27 13:14:00', 29.38, 29.38, 29.38, 29.38, 1010]
['2019-03-27 13:10:00', 29.39, 29.39, 29.39, 29.39, 305]
['2019-03-27 13:02:00', 29.38, 29.38, 29.38, 29.38, 495]
['2019-03-27 12:58:00', 29.4, 29.4, 29.4, 29.4, 176]
['2019-03-27 12:55:00', 29.5, 29.5, 29.5, 29.5, 526]
['2019-03-27 12:53:00', 29.51, 29.51, 29.51, 29.51, 309]
['2019-03-27 12:46:00', 29.49, 29.49, 29.49, 29.49, 200]
['2019-03-27 12:42:00', 29.44, 29.44, 29.44, 29.44, 509]
['2019-03-27 12:39:00', 29.53, 29.53, 29.53, 29.53, 300]
['2019-03-27 12:33:00', 29.47, 29.47, 29.47, 29.47, 243]
['2019-03-27 12:28:00', 29.41, 29.41, 29.41, 29.41, 206]
['2019-03-27 12:25:00', 29.38, 29.38, 29.38, 29.38, 218]
['2019-03-27 12:22:00', 29.36, 29.36, 29.36, 29.36, 204]
['2019-03-27 12:11:00', 29.23, 29.23, 29.23, 29.23, 291]
['2019-03-27 12:06:00', 29.24, 29.24, 29.24, 29.24, 2173]
['2019-03-27 11:56:00', 29.11, 29.11, 29.11, 29.11, 355]
['2019-03-27 11:52:00', 29.01, 29.115, 29.01, 29.115, 428]
['2019-03-27 11:49:00', 29.01, 29.01, 29.01, 29.01, 183]
['2019-03-27 11:42:00', 29.12, 29.12, 29.12, 29.12, 197]
['2019-03-27 11:35:00', 29.08, 29.08, 29.08, 29.08, 482]
['2019-03-27 11:34:00', 29.19, 29.19, 29.19, 29.19, 100]
['2019-03-27 11:31:00', 29.14, 29.14, 29.14, 29.14, 1129]
['2019-03-27 11:22:00', 29.175, 29.175, 29.175, 29.175, 300]
['2019-03-27 11:21:00', 29.12, 29.12, 29.12, 29.12, 196]
['2019-03-27 11:17:00', 29.24, 29.24, 29.24, 29.24, 339]
['2019-03-27 11:14:00', 29.295, 29.295, 29.295, 29.295, 526]
['2019-03-27 11:09:00', 29.335, 29.335, 29.335, 29.335, 101]
['2019-03-27 10:58:00', 29.39, 29.32, 29.32, 29.39, 819]
['2019-03-27 10:57:00', 29.4, 29.4, 29.4, 29.4, 100]
['2019-03-27 10:54:00', 29.41, 29.41, 29.41, 29.41, 100]
['2019-03-27 10:53:00', 29.41, 29.41, 29.41, 29.41, 100]
['2019-03-27 10:52:00', 29.43, 29.43, 29.43, 29.43, 900]
['2019-03-27 10:49:00', 29.5, 29.5, 29.5, 29.5, 100]
['2019-03-27 10:48:00', 29.51, 29.51, 29.51, 29.51, 1393]
['2019-03-27 10:47:00', 29.5, 29.5, 29.5, 29.5, 210]
['2019-03-27 10:42:00', 29.47, 29.47, 29.47, 29.47, 100]
['2019-03-27 10:40:00', 29.51, 29.51, 29.51, 29.51, 300]
['2019-03-27 10:34:00', 29.56, 29.56, 29.56, 29.56, 655]
['2019-03-27 10:31:00', 29.46, 29.5001, 29.46, 29.51, 3194]
['2019-03-27 10:29:00', 29.47, 29.47, 29.47, 29.47, 400]
['2019-03-27 10:26:00', 29.5014, 29.5014, 29.5014, 29.5014, 500]
['2019-03-27 10:20:00', 29.5011, 29.43, 29.43, 29.5011, 600]
['2019-03-27 10:17:00', 29.505, 29.505, 29.505, 29.505, 1111]
['2019-03-27 10:15:00', 29.46, 29.46, 29.46, 29.46, 100]
['2019-03-27 10:13:00', 29.4, 29.4, 29.4, 29.4, 100]
['2019-03-27 10:12:00', 29.56, 29.56, 29.56, 29.56, 700]
['2019-03-27 10:09:00', 29.47, 29.4505, 29.4505, 29.47, 1000]
['2019-03-27 10:08:00', 29.54, 29.54, 29.54, 29.54, 1636]
['2019-03-27 10:07:00', 29.54, 29.54, 29.54, 29.54, 1234]
['2019-03-27 10:05:00', 29.44, 29.53, 29.44, 29.53, 1900]
['2019-03-27 10:03:00', 29.46, 29.46, 29.46, 29.46, 1078]
['2019-03-27 10:01:00', 29.42, 29.42, 29.42, 29.42, 200]
['2019-03-27 10:00:00', 29.4417, 29.4417, 29.4417, 29.4417, 100]
['2019-03-27 09:57:00', 29.48, 29.48, 29.48, 29.48, 441]
['2019-03-27 09:56:00', 29.55, 29.55, 29.55, 29.55, 356]
['2019-03-27 09:50:00', 29.725, 29.725, 29.725, 29.725, 180]
['2019-03-27 09:47:00', 29.7, 29.7, 29.7, 29.7, 494]
['2019-03-27 09:45:00', 29.74, 29.74, 29.74, 29.74, 270]
['2019-03-27 09:38:00', 29.28, 29.28, 29.28, 29.28, 122]
['2019-03-27 09:31:00', 29.55, 29.55, 29.55, 29.55, 1097]
['2019-03-26 16:00:00', 29.71, 29.74, 29.71, 29.74, 5350]
['2019-03-26 15:59:00', 29.67, 29.7, 29.67, 29.7, 5117]
['2019-03-26 15:58:00', 29.66, 29.65, 29.65, 29.66, 2253]
['2019-03-26 15:57:00', 29.62, 29.67, 29.62, 29.67, 2406]
['2019-03-26 15:56:00', 29.6, 29.64, 29.6, 29.64, 1792]
['2019-03-26 15:55:00', 29.61, 29.6, 29.6, 29.61, 1260]
['2019-03-26 15:54:00', 29.6, 29.59, 29.59, 29.6, 801]
['2019-03-26 15:53:00', 29.57, 29.57, 29.57, 29.57, 189]
['2019-03-26 15:52:00', 29.55, 29.53, 29.53, 29.55, 2246]
['2019-03-26 15:51:00', 29.5, 29.5, 29.5, 29.5, 505]
['2019-03-26 15:49:00', 29.45, 29.45, 29.45, 29.45, 362]
['2019-03-26 15:48:00', 29.41, 29.41, 29.41, 29.41, 212]
['2019-03-26 15:47:00', 29.43, 29.43, 29.43, 29.43, 321]
['2019-03-26 15:43:00', 29.465, 29.465, 29.465, 29.465, 207]
['2019-03-26 15:40:00', 29.43, 29.45, 29.43, 29.45, 1527]
['2019-03-26 15:39:00', 29.3075, 29.3075, 29.3075, 29.3075, 101]
['2019-03-26 15:38:00', 29.43, 29.38, 29.38, 29.43, 824]
['2019-03-26 15:31:00', 29.47, 29.43, 29.43, 29.47, 1234]
['2019-03-26 15:30:00', 29.4101, 29.42, 29.4101, 29.42, 727]
['2019-03-26 15:25:00', 29.42, 29.42, 29.42, 29.42, 367]
['2019-03-26 15:22:00', 29.5, 29.5, 29.5, 29.5, 779]
['2019-03-26 15:18:00', 29.54, 29.515, 29.515, 29.54, 226]
['2019-03-26 15:11:00', 29.5, 29.5, 29.5, 29.5, 322]
['2019-03-26 15:09:00', 29.58, 29.58, 29.58, 29.58, 100]
['2019-03-26 15:06:00', 29.55, 29.55, 29.55, 29.55, 112]
['2019-03-26 15:03:00', 29.58, 29.58, 29.58, 29.58, 800]
['2019-03-26 15:00:00', 29.51, 29.51, 29.51, 29.51, 709]
['2019-03-26 14:57:00', 29.4793, 29.4793, 29.4793, 29.4793, 213]
['2019-03-26 14:52:00', 29.515, 29.515, 29.515, 29.515, 166]
['2019-03-26 14:44:00', 29.54, 29.54, 29.54, 29.54, 163]
['2019-03-26 14:38:00', 29.465, 29.465, 29.465, 29.465, 113]
['2019-03-26 14:35:00', 29.4651, 29.4651, 29.4651, 29.4651, 253]
['2019-03-26 14:34:00', 29.44, 29.44, 29.44, 29.44, 329]
['2019-03-26 14:31:00', 29.46, 29.48, 29.46, 29.48, 729]
['2019-03-26 14:26:00', 29.445, 29.48, 29.445, 29.48, 971]
['2019-03-26 14:25:00', 29.41, 29.41, 29.41, 29.41, 710]
['2019-03-26 14:17:00', 29.495, 29.495, 29.495, 29.495, 351]
['2019-03-26 14:16:00', 29.54, 29.54, 29.54, 29.54, 100]
['2019-03-26 14:06:00', 29.465, 29.5, 29.465, 29.5, 275]
['2019-03-26 14:02:00', 29.45, 29.45, 29.45, 29.45, 228]
['2019-03-26 14:01:00', 29.445, 29.445, 29.445, 29.445, 508]
['2019-03-26 14:00:00', 29.43, 29.43, 29.43, 29.43, 111]
['2019-03-26 13:58:00', 29.45, 29.45, 29.45, 29.45, 147]
['2019-03-26 13:56:00', 29.56, 29.49, 29.49, 29.56, 510]
['2019-03-26 13:33:00', 29.62, 29.62, 29.62, 29.62, 554]
['2019-03-26 13:27:00', 29.68, 29.68, 29.68, 29.68, 126]
['2019-03-26 13:25:00', 29.7109, 29.7109, 29.7109, 29.7109, 436]
['2019-03-26 13:24:00', 29.73, 29.73, 29.73, 29.73, 114]
['2019-03-26 13:12:00', 29.74, 29.74, 29.74, 29.74, 622]
['2019-03-26 13:09:00', 29.7, 29.7, 29.7, 29.7, 490]
['2019-03-26 13:07:00', 29.67, 29.73, 29.67, 29.73, 1618]
['2019-03-26 13:06:00', 29.68, 29.7, 29.68, 29.7, 2149]
['2019-03-26 12:54:00', 29.72, 29.72, 29.72, 29.72, 134]
['2019-03-26 12:46:00', 29.6, 29.6, 29.6, 29.6, 211]
['2019-03-26 12:44:00', 29.62, 29.62, 29.62, 29.62, 711]
['2019-03-26 12:43:00', 29.58, 29.58, 29.58, 29.58, 510]
['2019-03-26 12:36:00', 29.7, 29.65, 29.65, 29.7, 2057]
['2019-03-26 12:35:00', 29.57, 29.57, 29.57, 29.57, 597]
['2019-03-26 12:34:00', 29.58, 29.58, 29.58, 29.58, 1403]
['2019-03-26 12:33:00', 29.69, 29.64, 29.64, 29.69, 1518]
['2019-03-26 12:32:00', 29.67, 29.67, 29.67, 29.67, 200]
['2019-03-26 12:29:00', 29.64, 29.64, 29.64, 29.64, 494]
['2019-03-26 12:24:00', 29.67, 29.67, 29.67, 29.67, 425]
['2019-03-26 12:22:00', 29.72, 29.72, 29.72, 29.72, 736]
['2019-03-26 12:19:00', 29.72, 29.72, 29.72, 29.72, 160]
['2019-03-26 12:18:00', 29.79, 29.79, 29.79, 29.79, 419]
['2019-03-26 12:12:00', 29.72, 29.72, 29.72, 29.72, 167]
['2019-03-26 12:03:00', 29.79, 29.79, 29.79, 29.79, 445]
['2019-03-26 12:01:00', 29.73, 29.73, 29.73, 29.73, 110]
['2019-03-26 11:59:00', 29.78, 29.79, 29.78, 29.79, 261]
['2019-03-26 11:55:00', 29.77, 29.77, 29.77, 29.77, 226]
['2019-03-26 11:54:00', 29.74, 29.785, 29.74, 29.785, 458]
['2019-03-26 11:52:00', 29.75, 29.75, 29.75, 29.75, 616]
['2019-03-26 11:46:00', 29.8595, 29.8595, 29.8595, 29.8595, 1031]
['2019-03-26 11:45:00', 29.85, 29.85, 29.85, 29.85, 629]
['2019-03-26 11:44:00', 29.97, 29.97, 29.97, 29.97, 664]
['2019-03-26 11:43:00', 29.93, 29.97, 29.93, 29.97, 1715]
['2019-03-26 11:42:00', 29.88, 29.88, 29.88, 29.88, 427]
['2019-03-26 11:41:00', 29.82, 29.82, 29.82, 29.82, 552]
['2019-03-26 11:40:00', 29.78, 29.83, 29.78, 29.83, 2003]
['2019-03-26 11:38:00', 29.79, 29.79, 29.79, 29.79, 259]
['2019-03-26 11:36:00', 29.785, 29.785, 29.785, 29.785, 100]
['2019-03-26 11:33:00', 29.76, 29.76, 29.76, 29.76, 504]
['2019-03-26 11:32:00', 29.79, 29.79, 29.79, 29.79, 201]
['2019-03-26 11:29:00', 29.8, 29.8, 29.8, 29.8, 110]
['2019-03-26 11:22:00', 29.76, 29.76, 29.76, 29.76, 109]
['2019-03-26 11:19:00', 29.89, 29.89, 29.89, 29.89, 100]
['2019-03-26 11:15:00', 29.82, 29.82, 29.82, 29.82, 701]
['2019-03-26 11:13:00', 29.69, 29.69, 29.69, 29.69, 110]
['2019-03-26 11:10:00', 29.75, 29.75, 29.75, 29.75, 347]
['2019-03-26 11:09:00', 29.828, 29.828, 29.828, 29.828, 561]
['2019-03-26 11:06:00', 29.94, 29.94, 29.94, 29.94, 209]
['2019-03-26 11:05:00', 29.94, 29.94, 29.94, 29.94, 167]
['2019-03-26 11:01:00', 29.92, 29.9, 29.9, 29.92, 1511]
['2019-03-26 11:00:00', 29.89, 29.89, 29.89, 29.89, 570]
['2019-03-26 10:59:00', 29.84, 29.84, 29.84, 29.84, 1215]
['2019-03-26 10:58:00', 29.85, 29.85, 29.85, 29.85, 1006]
['2019-03-26 10:57:00', 29.83, 29.83, 29.83, 29.83, 310]
['2019-03-26 10:55:00', 29.83, 29.83, 29.83, 29.83, 111]
['2019-03-26 10:53:00', 29.88, 29.88, 29.88, 29.88, 1235]
['2019-03-26 10:51:00', 29.95, 29.95, 29.95, 29.95, 1173]
['2019-03-26 10:50:00', 29.89, 29.89, 29.89, 29.89, 1800]
['2019-03-26 10:49:00', 29.82, 29.82, 29.82, 29.82, 301]
['2019-03-26 10:44:00', 29.77, 29.77, 29.77, 29.77, 336]
['2019-03-26 10:30:00', 29.76, 29.76, 29.76, 29.76, 486]
['2019-03-26 10:28:00', 29.7518, 29.7518, 29.7518, 29.7518, 214]
['2019-03-26 10:27:00', 29.67, 29.67, 29.67, 29.67, 120]
['2019-03-26 10:20:00', 29.75, 29.75, 29.75, 29.75, 876]
['2019-03-26 10:17:00', 29.8, 29.8, 29.8, 29.8, 745]
['2019-03-26 10:16:00', 29.86, 29.86, 29.86, 29.86, 401]
['2019-03-26 10:14:00', 29.82, 29.81, 29.81, 29.82, 1320]
['2019-03-26 10:08:00', 29.79, 29.79, 29.79, 29.79, 408]
['2019-03-26 10:06:00', 29.74, 29.87, 29.74, 29.87, 2213]
['2019-03-26 10:05:00', 29.65, 29.65, 29.65, 29.65, 418]
['2019-03-26 10:04:00', 29.63, 29.63, 29.63, 29.63, 260]
['2019-03-26 10:02:00', 29.61, 29.61, 29.61, 29.61, 100]
['2019-03-26 09:58:00', 29.62, 29.62, 29.62, 29.62, 100]
['2019-03-26 09:54:00', 29.7284, 29.7284, 29.7284, 29.7284, 178]
['2019-03-26 09:48:00', 29.71, 29.71, 29.71, 29.71, 227]
['2019-03-26 09:46:00', 29.61, 29.61, 29.61, 29.61, 304]
['2019-03-26 09:41:00', 29.43, 29.43, 29.43, 29.43, 216]
['2019-03-26 09:32:00', 29.805, 29.805, 29.805, 29.805, 578]
['2019-03-25 16:00:00', 29.57, 29.56, 29.56, 29.57, 3160]
['2019-03-25 15:59:00', 29.58, 29.59, 29.58, 29.59, 5120]
['2019-03-25 15:58:00', 29.53, 29.53, 29.53, 29.53, 1270]
['2019-03-25 15:57:00', 29.51, 29.56, 29.51, 29.56, 1145]
['2019-03-25 15:56:00', 29.48, 29.48, 29.48, 29.48, 2023]
['2019-03-25 15:55:00', 29.48, 29.48, 29.48, 29.48, 222]
['2019-03-25 15:52:00', 29.51, 29.51, 29.51, 29.51, 394]
['2019-03-25 15:50:00', 29.54, 29.54, 29.54, 29.54, 209]
['2019-03-25 15:49:00', 29.51, 29.51, 29.51, 29.51, 631]
['2019-03-25 15:48:00', 29.56, 29.56, 29.56, 29.56, 1193]
['2019-03-25 15:47:00', 29.58, 29.6, 29.58, 29.6, 330]
['2019-03-25 15:46:00', 29.56, 29.56, 29.56, 29.56, 569]
['2019-03-25 15:44:00', 29.53, 29.53, 29.53, 29.53, 1054]
['2019-03-25 15:43:00', 29.505, 29.505, 29.505, 29.505, 220]
['2019-03-25 15:40:00', 29.51, 29.51, 29.51, 29.51, 550]
['2019-03-25 15:39:00', 29.51, 29.51, 29.51, 29.51, 107]
['2019-03-25 15:33:00', 29.56, 29.56, 29.56, 29.56, 501]
['2019-03-25 15:32:00', 29.52, 29.52, 29.52, 29.52, 114]
['2019-03-25 15:30:00', 29.64, 29.64, 29.64, 29.64, 388]
['2019-03-25 15:29:00', 29.7, 29.7, 29.7, 29.7, 106]
['2019-03-25 15:27:00', 29.67, 29.67, 29.67, 29.67, 308]
['2019-03-25 15:25:00', 29.6212, 29.6212, 29.6212, 29.6212, 211]
['2019-03-25 15:24:00', 29.64, 29.64, 29.64, 29.64, 722]
['2019-03-25 15:20:00', 29.59, 29.56, 29.56, 29.59, 773]
['2019-03-25 15:17:00', 29.56, 29.56, 29.56, 29.56, 142]
['2019-03-25 15:16:00', 29.63, 29.63, 29.63, 29.63, 888]
['2019-03-25 15:14:00', 29.705, 29.705, 29.705, 29.705, 443]
['2019-03-25 15:12:00', 29.61, 29.61, 29.61, 29.61, 209]
['2019-03-25 15:10:00', 29.64, 29.64, 29.64, 29.64, 450]
['2019-03-25 15:08:00', 29.64, 29.64, 29.64, 29.64, 173]
['2019-03-25 15:04:00', 29.57, 29.57, 29.57, 29.57, 305]
['2019-03-25 15:02:00', 29.56, 29.56, 29.56, 29.56, 317]
['2019-03-25 14:57:00', 29.57, 29.57, 29.57, 29.57, 442]
['2019-03-25 14:54:00', 29.56, 29.56, 29.56, 29.56, 122]
['2019-03-25 14:52:00', 29.55, 29.55, 29.55, 29.55, 101]
['2019-03-25 14:49:00', 29.59, 29.59, 29.59, 29.59, 382]
['2019-03-25 14:43:00', 29.59, 29.59, 29.59, 29.59, 759]
['2019-03-25 14:41:00', 29.52, 29.52, 29.52, 29.52, 610]
['2019-03-25 14:40:00', 29.54, 29.54, 29.54, 29.57, 2710]
['2019-03-25 14:39:00', 29.51, 29.51, 29.51, 29.51, 647]
['2019-03-25 14:38:00', 29.51, 29.58, 29.51, 29.58, 1865]
['2019-03-25 14:37:00', 29.49, 29.48, 29.48, 29.49, 1619]
['2019-03-25 14:36:00', 29.46, 29.46, 29.46, 29.46, 300]
['2019-03-25 14:35:00', 29.54, 29.49, 29.49, 29.54, 2793]
['2019-03-25 14:34:00', 29.53, 29.53, 29.53, 29.53, 203]
['2019-03-25 14:31:00', 29.47, 29.47, 29.47, 29.47, 198]
['2019-03-25 14:27:00', 29.5, 29.5, 29.5, 29.5, 459]
['2019-03-25 14:26:00', 29.49, 29.49, 29.49, 29.49, 150]
['2019-03-25 14:25:00', 29.48, 29.48, 29.48, 29.48, 200]
['2019-03-25 14:24:00', 29.49, 29.49, 29.49, 29.49, 204]
['2019-03-25 14:19:00', 29.55, 29.53, 29.51, 29.55, 2355]
['2019-03-25 14:16:00', 29.5, 29.5, 29.5, 29.5, 591]
['2019-03-25 14:11:00', 29.45, 29.45, 29.45, 29.45, 416]
['2019-03-25 14:07:00', 29.47, 29.47, 29.47, 29.47, 291]
['2019-03-25 14:06:00', 29.55, 29.55, 29.55, 29.55, 634]
['2019-03-25 14:01:00', 29.51, 29.51, 29.51, 29.51, 107]
['2019-03-25 13:59:00', 29.5746, 29.5746, 29.5746, 29.5746, 100]
['2019-03-25 13:58:00', 29.53, 29.53, 29.53, 29.53, 204]
['2019-03-25 13:56:00', 29.6, 29.6, 29.6, 29.6, 210]
['2019-03-25 13:55:00', 29.59, 29.59, 29.59, 29.59, 338]
['2019-03-25 13:49:00', 29.57, 29.57, 29.57, 29.57, 1584]
['2019-03-25 13:42:00', 29.65, 29.65, 29.65, 29.65, 203]
['2019-03-25 13:40:00', 29.6, 29.6, 29.6, 29.6, 604]
['2019-03-25 13:39:00', 29.63, 29.63, 29.63, 29.63, 410]
['2019-03-25 13:26:00', 29.58, 29.58, 29.58, 29.58, 339]
['2019-03-25 13:25:00', 29.58, 29.58, 29.58, 29.58, 223]
['2019-03-25 13:14:00', 29.59, 29.645, 29.59, 29.645, 826]
['2019-03-25 13:10:00', 29.56, 29.55, 29.55, 29.56, 831]
['2019-03-25 12:55:00', 29.58, 29.58, 29.58, 29.58, 328]
['2019-03-25 12:51:00', 29.54, 29.54, 29.54, 29.54, 366]
['2019-03-25 12:48:00', 29.48, 29.51, 29.48, 29.51, 2133]
['2019-03-25 12:47:00', 29.41, 29.41, 29.41, 29.41, 1742]
['2019-03-25 12:46:00', 29.41, 29.41, 29.41, 29.41, 708]
['2019-03-25 12:45:00', 29.4303, 29.4303, 29.4303, 29.4303, 979]
['2019-03-25 12:42:00', 29.414, 29.414, 29.414, 29.414, 650]
['2019-03-25 12:38:00', 29.43, 29.37, 29.37, 29.45, 1762]
['2019-03-25 12:30:00', 29.48, 29.48, 29.48, 29.48, 238]
['2019-03-25 12:26:00', 29.49, 29.49, 29.49, 29.49, 100]
['2019-03-25 12:25:00', 29.5, 29.5, 29.5, 29.5, 412]
['2019-03-25 12:22:00', 29.565, 29.565, 29.565, 29.565, 799]
['2019-03-25 12:21:00', 29.61, 29.61, 29.61, 29.61, 319]
['2019-03-25 12:20:00', 29.51, 29.54, 29.51, 29.54, 1574]
['2019-03-25 12:19:00', 29.48, 29.48, 29.48, 29.48, 697]
['2019-03-25 12:18:00', 29.52, 29.49, 29.49, 29.52, 1267]
['2019-03-25 12:17:00', 29.51, 29.5, 29.5, 29.51, 832]
['2019-03-25 12:14:00', 29.54, 29.54, 29.54, 29.54, 248]
['2019-03-25 12:12:00', 29.58, 29.58, 29.58, 29.58, 221]
['2019-03-25 12:11:00', 29.57, 29.52, 29.52, 29.57, 401]
['2019-03-25 12:08:00', 29.64, 29.64, 29.64, 29.64, 377]
['2019-03-25 12:06:00', 29.62, 29.67, 29.62, 29.67, 1302]
['2019-03-25 12:05:00', 29.62, 29.62, 29.62, 29.62, 500]
['2019-03-25 12:04:00', 29.54, 29.54, 29.54, 29.54, 389]
['2019-03-25 12:01:00', 29.56, 29.55, 29.55, 29.56, 617]
['2019-03-25 11:59:00', 29.58, 29.58, 29.58, 29.58, 157]
['2019-03-25 11:56:00', 29.66, 29.68, 29.66, 29.68, 620]
['2019-03-25 11:55:00', 29.63, 29.63, 29.63, 29.63, 100]
['2019-03-25 11:54:00', 29.69, 29.69, 29.69, 29.69, 103]
['2019-03-25 11:50:00', 29.63, 29.63, 29.63, 29.63, 128]
['2019-03-25 11:43:00', 29.7, 29.7, 29.7, 29.7, 363]
['2019-03-25 11:41:00', 29.61, 29.61, 29.61, 29.61, 344]
['2019-03-25 11:39:00', 29.6, 29.64, 29.6, 29.64, 1158]
['2019-03-25 11:36:00', 29.7, 29.64, 29.64, 29.7, 947]
['2019-03-25 11:34:00', 29.75, 29.75, 29.75, 29.75, 325]
['2019-03-25 11:30:00', 29.77, 29.77, 29.77, 29.77, 370]
['2019-03-25 11:28:00', 29.72, 29.72, 29.72, 29.72, 124]
['2019-03-25 11:27:00', 29.76, 29.76, 29.76, 29.76, 454]
['2019-03-25 11:23:00', 29.67, 29.67, 29.67, 29.67, 547]
['2019-03-25 11:22:00', 29.82, 29.82, 29.82, 29.82, 742]
['2019-03-25 11:20:00', 29.73, 29.74, 29.73, 29.74, 1179]
['2019-03-25 11:18:00', 29.8165, 29.8165, 29.8165, 29.8165, 767]
['2019-03-25 11:17:00', 29.8368, 29.8368, 29.8368, 29.8368, 1700]
['2019-03-25 11:15:00', 29.84, 29.785, 29.785, 29.84, 2659]
['2019-03-25 11:09:00', 29.91, 29.91, 29.91, 29.91, 632]
['2019-03-25 11:06:00', 29.81, 29.81, 29.81, 29.81, 791]
['2019-03-25 10:57:00', 29.77, 29.74, 29.74, 29.77, 782]
['2019-03-25 10:56:00', 29.745, 29.745, 29.745, 29.745, 2692]
['2019-03-25 10:55:00', 29.665, 29.665, 29.665, 29.665, 392]
['2019-03-25 10:53:00', 29.63, 29.63, 29.63, 29.63, 100]
['2019-03-25 10:52:00', 29.51, 29.51, 29.51, 29.51, 1266]
['2019-03-25 10:48:00', 29.43, 29.43, 29.43, 29.43, 404]
['2019-03-25 10:41:00', 29.435, 29.435, 29.435, 29.435, 632]
['2019-03-25 10:38:00', 29.42, 29.42, 29.42, 29.42, 200]
['2019-03-25 10:37:00', 29.385, 29.385, 29.385, 29.385, 580]
['2019-03-25 10:36:00', 29.39, 29.39, 29.39, 29.39, 857]
['2019-03-25 10:35:00', 29.46, 29.46, 29.46, 29.46, 204]
['2019-03-25 10:17:00', 29.44, 29.43, 29.43, 29.44, 1601]
['2019-03-25 10:15:00', 29.43, 29.43, 29.43, 29.43, 100]
['2019-03-25 10:13:00', 29.35, 29.35, 29.35, 29.35, 1542]
['2019-03-25 10:12:00', 29.37, 29.37, 29.37, 29.37, 1110]
['2019-03-25 10:11:00', 29.35, 29.35, 29.35, 29.35, 475]
['2019-03-25 10:10:00', 29.24, 29.33, 29.24, 29.33, 2517]
['2019-03-25 10:08:00', 29.28, 29.28, 29.28, 29.28, 200]
['2019-03-25 10:04:00', 29.255, 29.255, 29.255, 29.255, 255]
['2019-03-25 09:53:00', 29.28, 29.28, 29.28, 29.28, 1281]
['2019-03-25 09:52:00', 29.32, 29.32, 29.32, 29.32, 343]
['2019-03-25 09:50:00', 29.33, 29.22, 29.22, 29.33, 657]
['2019-03-25 09:49:00', 29.36, 29.36, 29.36, 29.36, 486]
['2019-03-25 09:48:00', 29.31, 29.31, 29.31, 29.31, 131]
['2019-03-25 09:46:00', 29.24, 29.15, 29.15, 29.24, 2730]
['2019-03-25 09:41:00', 29.49, 29.49, 29.49, 29.49, 303]
['2019-03-25 09:38:00', 29.51, 29.51, 29.51, 29.51, 390]
['2019-03-25 09:32:00', 29.67, 29.67, 29.67, 29.67, 590]
['2019-03-25 09:31:00', 29.59, 29.59, 29.59, 29.59, 0]
