AIW
['2019-03-29 13:55:00', 24.199, 24.199, 24.199, 24.199, 21]
['2019-03-28 15:40:00', 24.55, 24.55, 24.55, 24.55, 469]
['2019-03-28 15:33:00', 24.55, 24.55, 24.55, 24.55, 196]
['2019-03-28 15:22:00', 24.54, 24.54, 24.54, 24.54, 100]
['2019-03-28 14:12:00', 24.55, 24.55, 24.55, 24.55, 400]
['2019-03-28 13:06:00', 24.532, 24.532, 24.532, 24.532, 325]
['2019-03-28 13:05:00', 24.532, 24.532, 24.532, 24.532, 400]
['2019-03-28 13:04:00', 24.4001, 24.4001, 24.4001, 24.4001, 325]
['2019-03-28 13:02:00', 24.4986, 24.4986, 24.4986, 24.4986, 350]
['2019-03-28 13:01:00', 24.5422, 24.5422, 24.5422, 24.5422, 210]
['2019-03-28 12:28:00', 24.6899, 24.6899, 24.6899, 24.6899, 470]
['2019-03-28 11:43:00', 24.69, 24.69, 24.69, 24.69, 100]
['2019-03-28 10:37:00', 24.522, 24.522, 24.522, 24.522, 550]
['2019-03-28 10:16:00', 24.738, 24.738, 24.738, 24.738, 100]
['2019-03-28 09:32:00', 24.69, 24.69, 24.69, 24.69, 786]
['2019-03-27 15:15:00', 24.3446, 24.3446, 24.3446, 24.3446, 100]
['2019-03-26 13:42:00', 24.4388, 24.44, 24.4388, 24.44, 0]
['2019-03-26 10:23:00', 24.02, 24.02, 24.02, 24.02, 0]
