ATEC
['2019-03-29 16:00:00', 2.66, 2.66, 2.66, 2.66, 2732]
['2019-03-29 15:58:00', 2.669, 2.669, 2.669, 2.669, 695]
['2019-03-29 15:54:00', 2.65, 2.66, 2.65, 2.66, 19955]
['2019-03-29 15:53:00', 2.65, 2.65, 2.65, 2.65, 200]
['2019-03-29 15:49:00', 2.65, 2.65, 2.65, 2.65, 2470]
['2019-03-29 15:48:00', 2.63, 2.65, 2.63, 2.65, 5985]
['2019-03-29 15:46:00', 2.64, 2.635, 2.635, 2.64, 5607]
['2019-03-29 15:44:00', 2.65, 2.65, 2.65, 2.65, 189]
['2019-03-29 15:43:00', 2.64, 2.658, 2.64, 2.658, 6312]
['2019-03-29 15:41:00', 2.65, 2.65, 2.65, 2.65, 5200]
['2019-03-29 15:40:00', 2.64, 2.64, 2.64, 2.64, 110]
['2019-03-29 15:32:00', 2.65, 2.65, 2.65, 2.65, 197]
['2019-03-29 15:29:00', 2.64, 2.64, 2.64, 2.64, 100]
['2019-03-29 15:21:00', 2.64, 2.64, 2.64, 2.64, 1400]
['2019-03-29 15:14:00', 2.64, 2.64, 2.64, 2.64, 300]
['2019-03-29 15:13:00', 2.64, 2.64, 2.64, 2.64, 600]
['2019-03-29 15:09:00', 2.6415, 2.6415, 2.6415, 2.6415, 1568]
['2019-03-29 15:01:00', 2.63, 2.63, 2.63, 2.63, 705]
['2019-03-29 14:59:00', 2.64, 2.64, 2.64, 2.64, 100]
['2019-03-29 14:52:00', 2.63, 2.63, 2.63, 2.63, 200]
['2019-03-29 14:51:00', 2.63, 2.63, 2.63, 2.63, 1100]
['2019-03-29 14:50:00', 2.63, 2.63, 2.63, 2.63, 500]
['2019-03-29 14:42:00', 2.63, 2.63, 2.63, 2.63, 4005]
['2019-03-29 14:40:00', 2.6, 2.6, 2.6, 2.6, 200]
['2019-03-29 14:34:00', 2.58, 2.58, 2.58, 2.58, 100]
['2019-03-29 14:30:00', 2.59, 2.59, 2.59, 2.59, 1900]
['2019-03-29 14:25:00', 2.57, 2.57, 2.57, 2.57, 1100]
['2019-03-29 14:24:00', 2.57, 2.57, 2.57, 2.57, 100]
['2019-03-29 14:04:00', 2.56, 2.56, 2.56, 2.56, 2106]
['2019-03-29 14:03:00', 2.56, 2.55, 2.55, 2.56, 2100]
['2019-03-29 13:56:00', 2.5899, 2.56, 2.56, 2.5899, 5849]
['2019-03-29 13:52:00', 2.56, 2.56, 2.56, 2.56, 100]
['2019-03-29 13:43:00', 2.58, 2.56, 2.56, 2.58, 1615]
['2019-03-29 13:41:00', 2.58, 2.58, 2.58, 2.58, 100]
['2019-03-29 13:34:00', 2.58, 2.58, 2.58, 2.58, 100]
['2019-03-29 13:26:00', 2.59, 2.59, 2.59, 2.59, 1100]
['2019-03-29 13:23:00', 2.58, 2.58, 2.58, 2.58, 200]
['2019-03-29 13:07:00', 2.58, 2.57, 2.57, 2.58, 300]
['2019-03-29 13:03:00', 2.58, 2.58, 2.58, 2.58, 1210]
['2019-03-29 13:01:00', 2.6, 2.6, 2.6, 2.6, 300]
['2019-03-29 12:55:00', 2.58, 2.58, 2.58, 2.58, 100]
['2019-03-29 12:36:00', 2.58, 2.58, 2.58, 2.58, 5698]
['2019-03-29 12:28:00', 2.6223, 2.6223, 2.6223, 2.6223, 3005]
['2019-03-29 12:22:00', 2.61, 2.61, 2.61, 2.61, 100]
['2019-03-29 12:14:00', 2.61, 2.61, 2.61, 2.61, 1100]
['2019-03-29 12:02:00', 2.61, 2.61, 2.61, 2.61, 100]
['2019-03-29 11:59:00', 2.61, 2.61, 2.61, 2.61, 100]
['2019-03-29 11:57:00', 2.6311, 2.6311, 2.6311, 2.6311, 2438]
['2019-03-29 11:51:00', 2.66, 2.66, 2.66, 2.66, 19831]
['2019-03-29 11:46:00', 2.65, 2.65, 2.65, 2.65, 100]
['2019-03-29 11:36:00', 2.65, 2.65, 2.65, 2.65, 100]
['2019-03-29 11:31:00', 2.65, 2.65, 2.65, 2.65, 1005]
['2019-03-29 11:30:00', 2.63, 2.63, 2.63, 2.63, 200]
['2019-03-29 11:29:00', 2.65, 2.65, 2.65, 2.65, 100]
['2019-03-29 11:26:00', 2.62, 2.62, 2.62, 2.62, 1140]
['2019-03-29 11:18:00', 2.63, 2.63, 2.63, 2.63, 100]
['2019-03-29 11:15:00', 2.65, 2.65, 2.65, 2.65, 100]
['2019-03-29 11:13:00', 2.65, 2.65, 2.65, 2.65, 100]
['2019-03-29 11:11:00', 2.66, 2.68, 2.66, 2.68, 4922]
['2019-03-29 11:10:00', 2.71, 2.71, 2.71, 2.71, 505]
['2019-03-29 11:09:00', 2.73, 2.73, 2.73, 2.73, 1445]
['2019-03-29 11:08:00', 2.69, 2.71, 2.69, 2.73, 9130]
['2019-03-29 11:00:00', 2.66, 2.66, 2.66, 2.66, 100]
['2019-03-29 10:58:00', 2.65, 2.65, 2.65, 2.65, 1073]
['2019-03-29 10:57:00', 2.65, 2.641, 2.641, 2.65, 8527]
['2019-03-29 10:50:00', 2.63, 2.63, 2.63, 2.63, 1133]
['2019-03-29 10:38:00', 2.62, 2.62, 2.62, 2.62, 500]
['2019-03-29 10:32:00', 2.6, 2.62, 2.6, 2.62, 1000]
['2019-03-29 10:31:00', 2.64, 2.64, 2.64, 2.64, 100]
['2019-03-29 10:28:00', 2.63, 2.63, 2.63, 2.63, 100]
['2019-03-29 10:26:00', 2.67, 2.67, 2.67, 2.67, 100]
['2019-03-29 10:22:00', 2.64, 2.64, 2.64, 2.64, 1801]
['2019-03-29 10:15:00', 2.63, 2.63, 2.63, 2.63, 2020]
['2019-03-29 10:14:00', 2.6399, 2.6399, 2.6399, 2.6399, 2050]
['2019-03-29 10:11:00', 2.65, 2.65, 2.65, 2.65, 805]
['2019-03-29 10:10:00', 2.64, 2.64, 2.64, 2.64, 200]
['2019-03-29 09:59:00', 2.647, 2.647, 2.647, 2.647, 3850]
['2019-03-29 09:53:00', 2.61, 2.61, 2.61, 2.61, 200]
['2019-03-29 09:49:00', 2.6, 2.6, 2.6, 2.6, 660]
['2019-03-29 09:47:00', 2.6, 2.6, 2.6, 2.6, 100]
['2019-03-29 09:31:00', 2.6, 2.6, 2.6, 2.6, 0]
['2019-03-28 16:00:00', 2.6, 2.6, 2.6, 2.6, 1321]
['2019-03-28 15:58:00', 2.6, 2.6, 2.6, 2.6, 638]
['2019-03-28 15:57:00', 2.57, 2.57, 2.57, 2.57, 910]
['2019-03-28 15:53:00', 2.58, 2.58, 2.58, 2.58, 635]
['2019-03-28 15:52:00', 2.58, 2.58, 2.58, 2.58, 436]
['2019-03-28 15:47:00', 2.59, 2.59, 2.59, 2.59, 400]
['2019-03-28 15:44:00', 2.6, 2.6, 2.6, 2.6, 982]
['2019-03-28 15:42:00', 2.57, 2.57, 2.57, 2.57, 100]
['2019-03-28 15:41:00', 2.5864, 2.5864, 2.5864, 2.5864, 5000]
['2019-03-28 15:33:00', 2.58, 2.58, 2.58, 2.58, 1306]
['2019-03-28 15:32:00', 2.5871, 2.5871, 2.5871, 2.5871, 1347]
['2019-03-28 15:24:00', 2.5672, 2.5672, 2.5672, 2.5672, 885]
['2019-03-28 15:21:00', 2.57, 2.57, 2.57, 2.57, 248]
['2019-03-28 15:19:00', 2.58, 2.58, 2.58, 2.58, 316]
['2019-03-28 15:18:00', 2.5801, 2.5801, 2.5801, 2.5801, 1578]
['2019-03-28 15:16:00', 2.58, 2.58, 2.58, 2.58, 111]
['2019-03-28 15:15:00', 2.58, 2.58, 2.58, 2.58, 490]
['2019-03-28 15:13:00', 2.61, 2.61, 2.61, 2.61, 1020]
['2019-03-28 15:06:00', 2.58, 2.58, 2.58, 2.58, 100]
['2019-03-28 15:05:00', 2.58, 2.58, 2.58, 2.58, 100]
['2019-03-28 14:56:00', 2.61, 2.61, 2.61, 2.61, 900]
['2019-03-28 14:39:00', 2.59, 2.59, 2.59, 2.59, 1040]
['2019-03-28 14:38:00', 2.589, 2.589, 2.589, 2.589, 1000]
['2019-03-28 14:37:00', 2.58, 2.58, 2.58, 2.58, 140]
['2019-03-28 14:35:00', 2.59, 2.59, 2.59, 2.59, 900]
['2019-03-28 14:31:00', 2.585, 2.5868, 2.585, 2.5868, 500]
['2019-03-28 14:27:00', 2.58, 2.58, 2.58, 2.58, 100]
['2019-03-28 14:22:00', 2.58, 2.58, 2.58, 2.58, 100]
['2019-03-28 14:14:00', 2.59, 2.59, 2.59, 2.59, 450]
['2019-03-28 14:13:00', 2.58, 2.58, 2.58, 2.58, 100]
['2019-03-28 14:10:00', 2.6, 2.6, 2.6, 2.6, 1070]
['2019-03-28 14:09:00', 2.6, 2.6, 2.6, 2.6, 8718]
['2019-03-28 14:08:00', 2.62, 2.62, 2.62, 2.62, 680]
['2019-03-28 14:07:00', 2.62, 2.62, 2.62, 2.62, 376]
['2019-03-28 13:59:00', 2.63, 2.63, 2.63, 2.63, 3034]
['2019-03-28 13:55:00', 2.63, 2.63, 2.63, 2.63, 100]
['2019-03-28 13:49:00', 2.63, 2.63, 2.63, 2.63, 131]
['2019-03-28 13:47:00', 2.635, 2.635, 2.635, 2.635, 132]
['2019-03-28 13:43:00', 2.6295, 2.62, 2.62, 2.6295, 3307]
['2019-03-28 13:38:00', 2.63, 2.63, 2.63, 2.63, 105]
['2019-03-28 13:16:00', 2.64, 2.64, 2.64, 2.64, 1700]
['2019-03-28 13:04:00', 2.64, 2.64, 2.64, 2.64, 200]
['2019-03-28 12:56:00', 2.6489, 2.6489, 2.6489, 2.6489, 620]
['2019-03-28 12:54:00', 2.63, 2.63, 2.63, 2.63, 222]
['2019-03-28 12:51:00', 2.63, 2.63, 2.63, 2.63, 2560]
['2019-03-28 12:50:00', 2.64, 2.64, 2.64, 2.64, 2100]
['2019-03-28 12:30:00', 2.63, 2.63, 2.63, 2.63, 430]
['2019-03-28 12:25:00', 2.6479, 2.6479, 2.6479, 2.6479, 1895]
['2019-03-28 12:23:00', 2.62, 2.65, 2.62, 2.65, 1005]
['2019-03-28 12:16:00', 2.625, 2.625, 2.625, 2.625, 100]
['2019-03-28 12:13:00', 2.62, 2.62, 2.62, 2.62, 200]
['2019-03-28 12:09:00', 2.6369, 2.6369, 2.6369, 2.6369, 2150]
['2019-03-28 12:03:00', 2.62, 2.62, 2.62, 2.62, 100]
['2019-03-28 11:55:00', 2.62, 2.62, 2.62, 2.62, 200]
['2019-03-28 11:53:00', 2.62, 2.62, 2.62, 2.62, 250]
['2019-03-28 11:51:00', 2.635, 2.635, 2.635, 2.635, 100]
['2019-03-28 11:37:00', 2.62, 2.62, 2.62, 2.62, 200]
['2019-03-28 11:35:00', 2.63, 2.63, 2.63, 2.63, 1092]
['2019-03-28 11:26:00', 2.62, 2.62, 2.62, 2.62, 369]
['2019-03-28 11:14:00', 2.62, 2.62, 2.62, 2.62, 731]
['2019-03-28 11:13:00', 2.63, 2.61, 2.61, 2.63, 4559]
['2019-03-28 11:12:00', 2.66, 2.66, 2.66, 2.66, 300]
['2019-03-28 11:09:00', 2.67, 2.67, 2.67, 2.67, 601]
['2019-03-28 11:07:00', 2.6699, 2.6699, 2.6699, 2.6699, 262]
['2019-03-28 11:04:00', 2.66, 2.66, 2.66, 2.66, 400]
['2019-03-28 11:03:00', 2.66, 2.66, 2.66, 2.66, 1100]
['2019-03-28 11:02:00', 2.66, 2.66, 2.66, 2.66, 100]
['2019-03-28 11:00:00', 2.66, 2.66, 2.66, 2.66, 103]
['2019-03-28 10:54:00', 2.66, 2.66, 2.66, 2.66, 200]
['2019-03-28 10:48:00', 2.6664, 2.6664, 2.6664, 2.6664, 1120]
['2019-03-28 10:45:00', 2.66, 2.66, 2.66, 2.66, 100]
['2019-03-28 10:37:00', 2.6789, 2.6789, 2.6789, 2.6789, 1600]
['2019-03-28 10:36:00', 2.69, 2.69, 2.69, 2.69, 300]
['2019-03-28 10:35:00', 2.7, 2.7, 2.7, 2.7, 2505]
['2019-03-28 10:31:00', 2.69, 2.7, 2.69, 2.7, 2800]
['2019-03-28 10:27:00', 2.69, 2.69, 2.69, 2.69, 700]
['2019-03-28 10:26:00', 2.7, 2.7, 2.7, 2.7, 3700]
['2019-03-28 10:25:00', 2.6898, 2.6898, 2.6898, 2.6898, 3100]
['2019-03-28 10:18:00', 2.69, 2.69, 2.69, 2.69, 1195]
['2019-03-28 10:15:00', 2.72, 2.67, 2.67, 2.72, 11700]
['2019-03-28 10:12:00', 2.72, 2.72, 2.72, 2.72, 6199]
['2019-03-28 10:03:00', 2.72, 2.72, 2.72, 2.72, 101]
['2019-03-28 10:01:00', 2.731, 2.731, 2.731, 2.731, 217]
['2019-03-28 09:44:00', 2.7169, 2.7169, 2.7169, 2.7169, 101]
['2019-03-28 09:38:00', 2.75, 2.75, 2.75, 2.75, 4517]
['2019-03-28 09:35:00', 2.74, 2.74, 2.74, 2.74, 807]
['2019-03-28 09:33:00', 2.74, 2.74, 2.74, 2.74, 0]
['2019-03-27 16:00:00', 2.78, 2.78, 2.78, 2.78, 1779]
['2019-03-27 15:59:00', 2.79, 2.79, 2.79, 2.79, 1105]
['2019-03-27 15:58:00', 2.79, 2.79, 2.79, 2.79, 3100]
['2019-03-27 15:57:00', 2.79, 2.79, 2.79, 2.79, 1000]
['2019-03-27 15:56:00', 2.79, 2.79, 2.79, 2.79, 1995]
['2019-03-27 15:55:00', 2.79, 2.79, 2.79, 2.79, 566]
['2019-03-27 15:54:00', 2.79, 2.79, 2.79, 2.79, 800]
['2019-03-27 15:52:00', 2.79, 2.79, 2.79, 2.79, 300]
['2019-03-27 15:51:00', 2.79, 2.79, 2.79, 2.79, 9505]
['2019-03-27 15:50:00', 2.78, 2.78, 2.78, 2.78, 300]
['2019-03-27 15:48:00', 2.78, 2.78, 2.78, 2.78, 400]
['2019-03-27 15:44:00', 2.76, 2.76, 2.76, 2.76, 1900]
['2019-03-27 15:40:00', 2.775, 2.775, 2.775, 2.775, 100]
['2019-03-27 15:39:00', 2.78, 2.78, 2.78, 2.78, 3200]
['2019-03-27 15:37:00', 2.775, 2.775, 2.775, 2.775, 100]
['2019-03-27 15:35:00', 2.775, 2.775, 2.775, 2.775, 5000]
['2019-03-27 15:34:00', 2.78, 2.78, 2.78, 2.78, 1695]
['2019-03-27 15:30:00', 2.76, 2.76, 2.76, 2.76, 105]
['2019-03-27 15:24:00', 2.78, 2.77, 2.77, 2.78, 932]
['2019-03-27 15:21:00', 2.77, 2.77, 2.77, 2.77, 200]
['2019-03-27 15:19:00', 2.78, 2.78, 2.78, 2.78, 200]
['2019-03-27 15:18:00', 2.78, 2.78, 2.78, 2.78, 300]
['2019-03-27 15:15:00', 2.78, 2.78, 2.78, 2.78, 200]
['2019-03-27 15:14:00', 2.78, 2.78, 2.78, 2.78, 600]
['2019-03-27 15:12:00', 2.77, 2.77, 2.77, 2.77, 700]
['2019-03-27 15:11:00', 2.78, 2.78, 2.78, 2.78, 300]
['2019-03-27 15:09:00', 2.78, 2.78, 2.78, 2.78, 300]
['2019-03-27 15:08:00', 2.78, 2.78, 2.78, 2.78, 200]
['2019-03-27 15:07:00', 2.78, 2.78, 2.78, 2.78, 300]
['2019-03-27 15:05:00', 2.78, 2.78, 2.78, 2.78, 100]
['2019-03-27 15:00:00', 2.75, 2.75, 2.75, 2.75, 200]
['2019-03-27 14:58:00', 2.779, 2.7503, 2.7503, 2.779, 6731]
['2019-03-27 14:52:00', 2.77, 2.77, 2.77, 2.77, 101]
['2019-03-27 14:38:00', 2.78, 2.78, 2.78, 2.78, 200]
['2019-03-27 14:30:00', 2.78, 2.78, 2.78, 2.78, 100]
['2019-03-27 14:22:00', 2.76, 2.76, 2.76, 2.76, 240]
['2019-03-27 14:17:00', 2.76, 2.78, 2.76, 2.78, 219]
['2019-03-27 14:11:00', 2.78, 2.78, 2.78, 2.78, 181]
['2019-03-27 14:09:00', 2.78, 2.78, 2.78, 2.78, 300]
['2019-03-27 14:06:00', 2.77, 2.77, 2.77, 2.77, 200]
['2019-03-27 14:02:00', 2.77, 2.77, 2.77, 2.77, 300]
['2019-03-27 14:00:00', 2.77, 2.77, 2.77, 2.77, 200]
['2019-03-27 13:59:00', 2.755, 2.755, 2.755, 2.755, 100]
['2019-03-27 13:57:00', 2.755, 2.755, 2.755, 2.755, 100]
['2019-03-27 13:54:00', 2.755, 2.755, 2.755, 2.755, 572]
['2019-03-27 13:52:00', 2.75, 2.75, 2.75, 2.75, 9900]
['2019-03-27 13:50:00', 2.75, 2.75, 2.75, 2.75, 100]
['2019-03-27 13:48:00', 2.75, 2.75, 2.75, 2.75, 400]
['2019-03-27 13:46:00', 2.74, 2.74, 2.74, 2.74, 2300]
['2019-03-27 13:45:00', 2.75, 2.75, 2.75, 2.75, 200]
['2019-03-27 13:44:00', 2.75, 2.75, 2.75, 2.75, 200]
['2019-03-27 13:41:00', 2.75, 2.75, 2.75, 2.75, 100]
['2019-03-27 13:34:00', 2.72, 2.72, 2.72, 2.72, 200]
['2019-03-27 13:32:00', 2.72, 2.72, 2.72, 2.72, 301]
['2019-03-27 13:31:00', 2.72, 2.72, 2.72, 2.72, 3262]
['2019-03-27 13:29:00', 2.74, 2.74, 2.74, 2.74, 202]
['2019-03-27 13:28:00', 2.74, 2.74, 2.74, 2.74, 7638]
['2019-03-27 13:27:00', 2.74, 2.74, 2.74, 2.74, 500]
['2019-03-27 13:26:00', 2.74, 2.74, 2.74, 2.74, 100]
['2019-03-27 13:22:00', 2.74, 2.74, 2.74, 2.74, 200]
['2019-03-27 13:20:00', 2.74, 2.74, 2.74, 2.74, 200]
['2019-03-27 13:15:00', 2.74, 2.74, 2.74, 2.74, 200]
['2019-03-27 13:11:00', 2.71, 2.71, 2.71, 2.71, 200]
['2019-03-27 13:10:00', 2.74, 2.74, 2.74, 2.74, 100]
['2019-03-27 13:03:00', 2.71, 2.71, 2.71, 2.71, 200]
['2019-03-27 13:01:00', 2.75, 2.73, 2.73, 2.75, 2900]
['2019-03-27 12:59:00', 2.75, 2.75, 2.75, 2.75, 100]
['2019-03-27 12:56:00', 2.75, 2.75, 2.75, 2.75, 300]
['2019-03-27 12:55:00', 2.73, 2.73, 2.73, 2.73, 200]
['2019-03-27 12:47:00', 2.73, 2.73, 2.73, 2.73, 1400]
['2019-03-27 12:44:00', 2.74, 2.74, 2.74, 2.74, 100]
['2019-03-27 12:41:00', 2.74, 2.74, 2.74, 2.74, 101]
['2019-03-27 12:35:00', 2.73, 2.73, 2.73, 2.73, 700]
['2019-03-27 12:33:00', 2.74, 2.74, 2.74, 2.74, 100]
['2019-03-27 12:28:00', 2.74, 2.74, 2.74, 2.74, 200]
['2019-03-27 12:24:00', 2.74, 2.74, 2.74, 2.74, 200]
['2019-03-27 12:20:00', 2.74, 2.74, 2.74, 2.74, 100]
['2019-03-27 12:14:00', 2.71, 2.71, 2.71, 2.71, 200]
['2019-03-27 12:10:00', 2.71, 2.71, 2.71, 2.71, 340]
['2019-03-27 12:07:00', 2.74, 2.725, 2.725, 2.74, 1000]
['2019-03-27 12:02:00', 2.72, 2.72, 2.72, 2.72, 2900]
['2019-03-27 12:00:00', 2.74, 2.74, 2.74, 2.74, 101]
['2019-03-27 11:59:00', 2.75, 2.75, 2.75, 2.75, 100]
['2019-03-27 11:26:00', 2.76, 2.75, 2.75, 2.76, 1804]
['2019-03-27 11:22:00', 2.76, 2.76, 2.76, 2.76, 100]
['2019-03-27 11:11:00', 2.75, 2.75, 2.75, 2.75, 1600]
['2019-03-27 11:10:00', 2.75, 2.75, 2.75, 2.75, 1200]
['2019-03-27 11:09:00', 2.76, 2.76, 2.76, 2.76, 599]
['2019-03-27 11:06:00', 2.76, 2.76, 2.76, 2.76, 4401]
['2019-03-27 11:00:00', 2.76, 2.76, 2.76, 2.76, 8081]
['2019-03-27 10:59:00', 2.75, 2.75, 2.75, 2.75, 600]
['2019-03-27 10:57:00', 2.775, 2.775, 2.775, 2.775, 400]
['2019-03-27 10:52:00', 2.78, 2.78, 2.78, 2.78, 100]
['2019-03-27 10:49:00', 2.78, 2.78, 2.78, 2.78, 600]
['2019-03-27 10:38:00', 2.75, 2.75, 2.75, 2.75, 234]
['2019-03-27 10:36:00', 2.72, 2.72, 2.72, 2.72, 400]
['2019-03-27 10:35:00', 2.7601, 2.7601, 2.7601, 2.7601, 2620]
['2019-03-27 10:33:00', 2.7894, 2.7894, 2.7894, 2.7894, 270]
['2019-03-27 10:29:00', 2.7738, 2.7738, 2.7738, 2.7738, 104]
['2019-03-27 10:19:00', 2.74, 2.74, 2.74, 2.74, 100]
['2019-03-27 10:17:00', 2.75, 2.75, 2.75, 2.75, 1300]
['2019-03-27 10:12:00', 2.75, 2.75, 2.75, 2.75, 204]
['2019-03-27 10:10:00', 2.75, 2.75, 2.75, 2.75, 3100]
['2019-03-27 10:02:00', 2.73, 2.73, 2.73, 2.73, 300]
['2019-03-27 09:45:00', 2.7128, 2.7128, 2.7128, 2.7128, 201]
['2019-03-27 09:43:00', 2.75, 2.75, 2.75, 2.75, 8189]
['2019-03-27 09:41:00', 2.7638, 2.7638, 2.7638, 2.7638, 12418]
['2019-03-27 09:39:00', 2.75, 2.75, 2.75, 2.75, 300]
['2019-03-27 09:33:00', 2.755, 2.755, 2.755, 2.755, 12013]
['2019-03-26 16:00:00', 2.76, 2.76, 2.76, 2.76, 1068]
['2019-03-26 15:59:00', 2.76, 2.76, 2.76, 2.76, 1000]
['2019-03-26 15:57:00', 2.77, 2.77, 2.77, 2.77, 300]
['2019-03-26 15:56:00', 2.77, 2.77, 2.77, 2.77, 1000]
['2019-03-26 15:55:00', 2.76, 2.76, 2.76, 2.76, 869]
['2019-03-26 15:53:00', 2.76, 2.76, 2.76, 2.76, 300]
['2019-03-26 15:52:00', 2.75, 2.75, 2.75, 2.75, 100]
['2019-03-26 15:51:00', 2.75, 2.75, 2.75, 2.75, 3364]
['2019-03-26 15:50:00', 2.75, 2.75, 2.75, 2.75, 1100]
['2019-03-26 15:47:00', 2.75, 2.75, 2.75, 2.75, 1500]
['2019-03-26 15:46:00', 2.74, 2.74, 2.74, 2.74, 200]
['2019-03-26 15:45:00', 2.76, 2.76, 2.76, 2.76, 202]
['2019-03-26 15:42:00', 2.74, 2.74, 2.74, 2.74, 200]
['2019-03-26 15:40:00', 2.76, 2.76, 2.76, 2.76, 100]
['2019-03-26 15:34:00', 2.76, 2.75, 2.75, 2.76, 495]
['2019-03-26 15:31:00', 2.76, 2.76, 2.76, 2.76, 1000]
['2019-03-26 15:27:00', 2.73, 2.73, 2.73, 2.73, 100]
['2019-03-26 15:24:00', 2.73, 2.73, 2.73, 2.73, 1305]
['2019-03-26 15:21:00', 2.725, 2.725, 2.725, 2.725, 300]
['2019-03-26 15:20:00', 2.72, 2.725, 2.72, 2.725, 6900]
['2019-03-26 15:17:00', 2.725, 2.725, 2.725, 2.725, 304]
['2019-03-26 15:13:00', 2.7, 2.7, 2.7, 2.7, 400]
['2019-03-26 15:12:00', 2.73, 2.73, 2.73, 2.73, 100]
['2019-03-26 15:10:00', 2.7, 2.7, 2.7, 2.7, 100]
['2019-03-26 15:07:00', 2.7, 2.7, 2.7, 2.7, 100]
['2019-03-26 15:05:00', 2.73, 2.73, 2.73, 2.73, 274]
['2019-03-26 15:04:00', 2.715, 2.715, 2.715, 2.715, 100]
['2019-03-26 15:01:00', 2.73, 2.73, 2.73, 2.73, 300]
['2019-03-26 14:57:00', 2.7, 2.7, 2.7, 2.7, 200]
['2019-03-26 14:54:00', 2.7, 2.7, 2.7, 2.7, 601]
['2019-03-26 14:52:00', 2.73, 2.73, 2.73, 2.73, 4398]
['2019-03-26 14:50:00', 2.735, 2.73, 2.73, 2.735, 16682]
['2019-03-26 14:49:00', 2.74, 2.74, 2.74, 2.74, 1300]
['2019-03-26 14:46:00', 2.74, 2.74, 2.74, 2.74, 200]
['2019-03-26 14:44:00', 2.745, 2.745, 2.745, 2.745, 100]
['2019-03-26 14:41:00', 2.74, 2.74, 2.74, 2.74, 100]
['2019-03-26 14:37:00', 2.74, 2.74, 2.74, 2.74, 300]
['2019-03-26 14:34:00', 2.74, 2.74, 2.74, 2.74, 100]
['2019-03-26 14:26:00', 2.75, 2.75, 2.75, 2.75, 1400]
['2019-03-26 14:25:00', 2.75, 2.75, 2.75, 2.75, 100]
['2019-03-26 14:22:00', 2.75, 2.75, 2.75, 2.75, 829]
['2019-03-26 14:20:00', 2.755, 2.755, 2.755, 2.755, 291]
['2019-03-26 14:17:00', 2.75, 2.75, 2.75, 2.75, 472]
['2019-03-26 14:16:00', 2.74, 2.75, 2.74, 2.75, 8457]
['2019-03-26 14:15:00', 2.74, 2.74, 2.74, 2.74, 100]
['2019-03-26 14:11:00', 2.74, 2.74, 2.74, 2.74, 100]
['2019-03-26 14:08:00', 2.75, 2.75, 2.75, 2.75, 100]
['2019-03-26 14:07:00', 2.75, 2.75, 2.75, 2.75, 100]
['2019-03-26 14:05:00', 2.745, 2.745, 2.745, 2.745, 100]
['2019-03-26 14:02:00', 2.76, 2.76, 2.76, 2.76, 201]
['2019-03-26 13:58:00', 2.74, 2.74, 2.74, 2.74, 100]
['2019-03-26 13:55:00', 2.75, 2.75, 2.75, 2.75, 100]
['2019-03-26 13:52:00', 2.75, 2.75, 2.75, 2.75, 101]
['2019-03-26 13:50:00', 2.75, 2.75, 2.75, 2.75, 150]
['2019-03-26 13:45:00', 2.74, 2.74, 2.74, 2.74, 1400]
['2019-03-26 13:44:00', 2.75, 2.75, 2.75, 2.7502, 10734]
['2019-03-26 13:42:00', 2.75, 2.75, 2.75, 2.75, 100]
['2019-03-26 13:41:00', 2.75, 2.75, 2.75, 2.75, 100]
['2019-03-26 13:38:00', 2.75, 2.75, 2.75, 2.75, 110]
['2019-03-26 13:35:00', 2.755, 2.755, 2.755, 2.755, 301]
['2019-03-26 13:32:00', 2.74, 2.74, 2.74, 2.74, 105]
['2019-03-26 13:29:00', 2.74, 2.75, 2.74, 2.75, 3790]
['2019-03-26 13:27:00', 2.74, 2.74, 2.74, 2.74, 420]
['2019-03-26 13:24:00', 2.75, 2.75, 2.75, 2.75, 200]
['2019-03-26 13:22:00', 2.745, 2.745, 2.745, 2.745, 400]
['2019-03-26 13:19:00', 2.74, 2.74, 2.74, 2.74, 100]
['2019-03-26 13:15:00', 2.74, 2.74, 2.74, 2.74, 100]
['2019-03-26 13:13:00', 2.76, 2.76, 2.76, 2.76, 100]
['2019-03-26 13:12:00', 2.74, 2.74, 2.74, 2.74, 100]
['2019-03-26 13:09:00', 2.74, 2.74, 2.74, 2.74, 100]
['2019-03-26 13:06:00', 2.74, 2.74, 2.74, 2.74, 400]
['2019-03-26 13:04:00', 2.76, 2.76, 2.76, 2.76, 310]
['2019-03-26 12:59:00', 2.74, 2.74, 2.74, 2.74, 194]
['2019-03-26 12:56:00', 2.74, 2.74, 2.74, 2.74, 206]
['2019-03-26 12:54:00', 2.73, 2.75, 2.73, 2.75, 9839]
['2019-03-26 12:52:00', 2.73, 2.73, 2.73, 2.73, 140]
['2019-03-26 12:50:00', 2.745, 2.745, 2.745, 2.745, 500]
['2019-03-26 12:46:00', 2.73, 2.73, 2.73, 2.73, 100]
['2019-03-26 12:45:00', 2.73, 2.73, 2.73, 2.73, 900]
['2019-03-26 12:41:00', 2.73, 2.73, 2.73, 2.73, 310]
['2019-03-26 12:36:00', 2.73, 2.73, 2.73, 2.73, 1321]
['2019-03-26 12:33:00', 2.75, 2.75, 2.75, 2.75, 1800]
['2019-03-26 12:31:00', 2.75, 2.75, 2.75, 2.75, 1795]
['2019-03-26 12:29:00', 2.75, 2.75, 2.75, 2.75, 1276]
['2019-03-26 12:27:00', 2.74, 2.75, 2.74, 2.75, 9543]
['2019-03-26 12:26:00', 2.75, 2.75, 2.75, 2.75, 200]
['2019-03-26 12:21:00', 2.75, 2.75, 2.75, 2.75, 300]
['2019-03-26 12:17:00', 2.76, 2.76, 2.76, 2.76, 100]
['2019-03-26 12:16:00', 2.74, 2.74, 2.74, 2.74, 200]
['2019-03-26 12:12:00', 2.76, 2.76, 2.76, 2.76, 200]
['2019-03-26 12:07:00', 2.74, 2.74, 2.74, 2.74, 300]
['2019-03-26 12:06:00', 2.74, 2.74, 2.74, 2.74, 100]
['2019-03-26 12:03:00', 2.74, 2.74, 2.74, 2.74, 100]
['2019-03-26 12:00:00', 2.74, 2.74, 2.74, 2.74, 1800]
['2019-03-26 11:58:00', 2.77, 2.75, 2.75, 2.77, 12419]
['2019-03-26 11:57:00', 2.77, 2.77, 2.77, 2.77, 200]
['2019-03-26 11:52:00', 2.775, 2.77, 2.77, 2.775, 1000]
['2019-03-26 11:48:00', 2.785, 2.785, 2.785, 2.785, 200]
['2019-03-26 11:45:00', 2.785, 2.785, 2.785, 2.785, 500]
['2019-03-26 11:42:00', 2.785, 2.785, 2.785, 2.785, 100]
['2019-03-26 11:40:00', 2.785, 2.785, 2.785, 2.785, 102]
['2019-03-26 11:37:00', 2.785, 2.785, 2.785, 2.785, 400]
['2019-03-26 11:35:00', 2.7855, 2.7855, 2.7855, 2.7855, 10800]
['2019-03-26 11:33:00', 2.7699, 2.8, 2.7699, 2.8, 8400]
['2019-03-26 11:31:00', 2.7699, 2.7699, 2.7699, 2.7699, 2200]
['2019-03-26 11:30:00', 2.75, 2.75, 2.75, 2.75, 100]
['2019-03-26 11:17:00', 2.76, 2.76, 2.76, 2.76, 1000]
['2019-03-26 11:14:00', 2.75, 2.76, 2.75, 2.76, 1000]
['2019-03-26 11:10:00', 2.765, 2.765, 2.765, 2.765, 200]
['2019-03-26 11:07:00', 2.77, 2.77, 2.77, 2.77, 100]
['2019-03-26 11:06:00', 2.77, 2.77, 2.77, 2.77, 100]
['2019-03-26 11:04:00', 2.76, 2.76, 2.76, 2.76, 100]
['2019-03-26 10:59:00', 2.77, 2.77, 2.77, 2.77, 401]
['2019-03-26 10:56:00', 2.77, 2.77, 2.77, 2.77, 200]
['2019-03-26 10:54:00', 2.75, 2.75, 2.75, 2.75, 100]
['2019-03-26 10:48:00', 2.753, 2.753, 2.753, 2.753, 3000]
['2019-03-26 10:45:00', 2.75, 2.75, 2.75, 2.75, 900]
['2019-03-26 10:40:00', 2.745, 2.745, 2.745, 2.745, 4100]
['2019-03-26 10:37:00', 2.745, 2.745, 2.745, 2.745, 100]
['2019-03-26 10:35:00', 2.74, 2.74, 2.74, 2.74, 100]
['2019-03-26 10:34:00', 2.74, 2.74, 2.74, 2.74, 610]
['2019-03-26 10:27:00', 2.75, 2.75, 2.75, 2.75, 400]
['2019-03-26 10:24:00', 2.75, 2.75, 2.75, 2.75, 200]
['2019-03-26 10:21:00', 2.7499, 2.7499, 2.7499, 2.7499, 2100]
['2019-03-26 10:19:00', 2.74, 2.74, 2.74, 2.74, 900]
['2019-03-26 10:18:00', 2.75, 2.75, 2.75, 2.75, 400]
['2019-03-26 10:13:00', 2.75, 2.75, 2.75, 2.75, 400]
['2019-03-26 10:09:00', 2.75, 2.75, 2.75, 2.75, 900]
['2019-03-26 10:06:00', 2.74, 2.74, 2.74, 2.74, 1593]
['2019-03-26 10:05:00', 2.75, 2.75, 2.75, 2.75, 400]
['2019-03-26 10:03:00', 2.75, 2.75, 2.75, 2.75, 100]
['2019-03-26 10:00:00', 2.72, 2.72, 2.72, 2.72, 100]
['2019-03-26 09:57:00', 2.72, 2.72, 2.72, 2.72, 1300]
['2019-03-26 09:50:00', 2.749, 2.75, 2.749, 2.75, 21903]
['2019-03-26 09:49:00', 2.735, 2.735, 2.735, 2.735, 240]
['2019-03-26 09:40:00', 2.61, 2.61, 2.61, 2.61, 140]
['2019-03-26 09:31:00', 2.67, 2.67, 2.67, 2.67, 0]
['2019-03-25 16:00:00', 2.7, 2.7, 2.7, 2.7, 14620]
['2019-03-25 15:59:00', 2.7, 2.7, 2.7, 2.7, 2079]
['2019-03-25 15:58:00', 2.7, 2.7, 2.7, 2.7, 642]
['2019-03-25 15:57:00', 2.69, 2.69, 2.69, 2.69, 6100]
['2019-03-25 15:56:00', 2.69, 2.69, 2.69, 2.69, 214]
['2019-03-25 15:54:00', 2.68, 2.68, 2.68, 2.68, 389]
['2019-03-25 15:53:00', 2.682, 2.682, 2.682, 2.682, 1612]
['2019-03-25 15:52:00', 2.69, 2.69, 2.69, 2.69, 5600]
['2019-03-25 15:50:00', 2.7, 2.7, 2.7, 2.7, 2393]
['2019-03-25 15:49:00', 2.68, 2.68, 2.68, 2.68, 2866]
['2019-03-25 15:48:00', 2.68, 2.68, 2.68, 2.68, 400]
['2019-03-25 15:47:00', 2.68, 2.68, 2.68, 2.68, 300]
['2019-03-25 15:44:00', 2.68, 2.67, 2.67, 2.68, 700]
['2019-03-25 15:40:00', 2.68, 2.68, 2.68, 2.68, 200]
['2019-03-25 15:38:00', 2.68, 2.68, 2.68, 2.68, 300]
['2019-03-25 15:34:00', 2.68, 2.68, 2.68, 2.68, 402]
['2019-03-25 15:32:00', 2.67, 2.67, 2.67, 2.67, 100]
['2019-03-25 15:30:00', 2.68, 2.68, 2.68, 2.68, 200]
['2019-03-25 15:29:00', 2.675, 2.675, 2.675, 2.675, 300]
['2019-03-25 15:27:00', 2.68, 2.68, 2.68, 2.68, 200]
['2019-03-25 15:25:00', 2.675, 2.675, 2.675, 2.675, 300]
['2019-03-25 15:23:00', 2.67, 2.67, 2.67, 2.67, 100]
['2019-03-25 15:22:00', 2.68, 2.68, 2.68, 2.68, 100]
['2019-03-25 15:21:00', 2.68, 2.68, 2.68, 2.68, 200]
['2019-03-25 15:19:00', 2.67, 2.67, 2.67, 2.67, 100]
['2019-03-25 15:17:00', 2.68, 2.68, 2.68, 2.68, 500]
['2019-03-25 15:15:00', 2.671, 2.671, 2.671, 2.671, 660]
['2019-03-25 15:13:00', 2.675, 2.675, 2.675, 2.675, 100]
['2019-03-25 15:12:00', 2.68, 2.68, 2.68, 2.68, 300]
['2019-03-25 15:10:00', 2.68, 2.68, 2.68, 2.68, 200]
['2019-03-25 15:08:00', 2.68, 2.68, 2.68, 2.68, 200]
['2019-03-25 15:06:00', 2.68, 2.68, 2.68, 2.68, 400]
['2019-03-25 15:04:00', 2.68, 2.68, 2.68, 2.68, 500]
['2019-03-25 15:02:00', 2.68, 2.68, 2.68, 2.68, 200]
['2019-03-25 15:01:00', 2.68, 2.68, 2.68, 2.68, 900]
['2019-03-25 15:00:00', 2.68, 2.68, 2.68, 2.68, 200]
['2019-03-25 14:59:00', 2.68, 2.68, 2.68, 2.68, 220]
['2019-03-25 14:57:00', 2.68, 2.68, 2.68, 2.68, 210]
['2019-03-25 14:55:00', 2.68, 2.68, 2.68, 2.68, 599]
['2019-03-25 14:54:00', 2.68, 2.68, 2.68, 2.68, 211]
['2019-03-25 14:53:00', 2.68, 2.68, 2.68, 2.68, 310]
['2019-03-25 14:52:00', 2.66, 2.66, 2.66, 2.66, 1879]
['2019-03-25 14:51:00', 2.66, 2.66, 2.66, 2.66, 500]
['2019-03-25 14:50:00', 2.66, 2.66, 2.66, 2.66, 600]
['2019-03-25 14:49:00', 2.66, 2.66, 2.66, 2.66, 600]
['2019-03-25 14:48:00', 2.66, 2.66, 2.66, 2.66, 700]
['2019-03-25 14:47:00', 2.66, 2.66, 2.66, 2.66, 600]
['2019-03-25 14:46:00', 2.66, 2.66, 2.66, 2.66, 600]
['2019-03-25 14:45:00', 2.66, 2.66, 2.66, 2.66, 600]
['2019-03-25 14:43:00', 2.66, 2.66, 2.66, 2.66, 300]
['2019-03-25 14:41:00', 2.66, 2.66, 2.66, 2.66, 760]
['2019-03-25 14:40:00', 2.65, 2.6575, 2.65, 2.6575, 31110]
['2019-03-25 14:38:00', 2.65, 2.65, 2.65, 2.65, 10744]
['2019-03-25 14:37:00', 2.65, 2.65, 2.65, 2.65, 300]
['2019-03-25 14:35:00', 2.65, 2.65, 2.65, 2.65, 340]
['2019-03-25 14:34:00', 2.65, 2.65, 2.65, 2.65, 900]
['2019-03-25 14:31:00', 2.65, 2.65, 2.65, 2.65, 200]
['2019-03-25 14:30:00', 2.65, 2.65, 2.65, 2.65, 250]
['2019-03-25 14:29:00', 2.65, 2.65, 2.65, 2.65, 430]
['2019-03-25 14:26:00', 2.65, 2.65, 2.65, 2.65, 790]
['2019-03-25 14:25:00', 2.65, 2.65, 2.65, 2.65, 300]
['2019-03-25 14:23:00', 2.65, 2.65, 2.65, 2.65, 450]
['2019-03-25 14:22:00', 2.65, 2.65, 2.65, 2.65, 510]
['2019-03-25 14:20:00', 2.65, 2.65, 2.65, 2.65, 370]
['2019-03-25 14:18:00', 2.65, 2.65, 2.65, 2.65, 140]
['2019-03-25 14:15:00', 2.65, 2.65, 2.65, 2.65, 614]
['2019-03-25 14:13:00', 2.65, 2.6499, 2.6499, 2.65, 3210]
['2019-03-25 14:09:00', 2.65, 2.65, 2.65, 2.65, 300]
['2019-03-25 14:07:00', 2.645, 2.645, 2.645, 2.645, 1400]
['2019-03-25 14:06:00', 2.655, 2.655, 2.6515, 2.655, 5800]
['2019-03-25 14:05:00', 2.66, 2.66, 2.66, 2.66, 300]
['2019-03-25 14:03:00', 2.66, 2.66, 2.66, 2.66, 100]
['2019-03-25 13:58:00', 2.66, 2.66, 2.66, 2.66, 400]
['2019-03-25 13:56:00', 2.66, 2.66, 2.66, 2.66, 200]
['2019-03-25 13:53:00', 2.65, 2.65, 2.65, 2.65, 100]
['2019-03-25 13:51:00', 2.66, 2.66, 2.66, 2.66, 100]
['2019-03-25 13:49:00', 2.66, 2.66, 2.66, 2.66, 100]
['2019-03-25 13:47:00', 2.66, 2.66, 2.66, 2.66, 100]
['2019-03-25 13:44:00', 2.66, 2.66, 2.66, 2.66, 100]
['2019-03-25 13:43:00', 2.66, 2.66, 2.66, 2.66, 100]
['2019-03-25 13:42:00', 2.66, 2.66, 2.66, 2.66, 100]
['2019-03-25 13:40:00', 2.66, 2.66, 2.66, 2.66, 200]
['2019-03-25 13:38:00', 2.66, 2.66, 2.66, 2.66, 400]
['2019-03-25 13:36:00', 2.66, 2.66, 2.66, 2.66, 200]
['2019-03-25 13:34:00', 2.66, 2.66, 2.66, 2.66, 300]
['2019-03-25 13:33:00', 2.66, 2.66, 2.66, 2.66, 279]
['2019-03-25 13:30:00', 2.66, 2.66, 2.66, 2.66, 524]
['2019-03-25 13:29:00', 2.66, 2.66, 2.66, 2.66, 300]
['2019-03-25 13:28:00', 2.66, 2.66, 2.66, 2.66, 200]
['2019-03-25 13:26:00', 2.66, 2.66, 2.66, 2.66, 300]
['2019-03-25 13:25:00', 2.66, 2.66, 2.66, 2.66, 200]
['2019-03-25 13:23:00', 2.6575, 2.6575, 2.6575, 2.6575, 700]
['2019-03-25 13:22:00', 2.66, 2.66, 2.66, 2.66, 400]
['2019-03-25 13:20:00', 2.65, 2.65, 2.65, 2.65, 600]
['2019-03-25 13:18:00', 2.65, 2.65, 2.65, 2.65, 600]
['2019-03-25 13:17:00', 2.66, 2.66, 2.66, 2.66, 300]
['2019-03-25 13:15:00', 2.645, 2.645, 2.645, 2.645, 2550]
['2019-03-25 13:13:00', 2.636, 2.636, 2.636, 2.636, 850]
['2019-03-25 13:09:00', 2.635, 2.635, 2.635, 2.635, 3250]
['2019-03-25 13:08:00', 2.65, 2.6501, 2.65, 2.6501, 3392]
['2019-03-25 13:07:00', 2.6469, 2.64, 2.64, 2.6469, 15290]
['2019-03-25 13:05:00', 2.65, 2.65, 2.65, 2.65, 310]
['2019-03-25 13:04:00', 2.65, 2.65, 2.65, 2.65, 875]
['2019-03-25 13:03:00', 2.65, 2.65, 2.65, 2.65, 210]
['2019-03-25 13:01:00', 2.65, 2.65, 2.65, 2.65, 400]
['2019-03-25 13:00:00', 2.64, 2.64, 2.64, 2.64, 500]
['2019-03-25 12:59:00', 2.64, 2.64, 2.64, 2.64, 400]
['2019-03-25 12:58:00', 2.64, 2.64, 2.64, 2.64, 3796]
['2019-03-25 12:50:00', 2.64, 2.6325, 2.6325, 2.64, 8204]
['2019-03-25 12:48:00', 2.625, 2.625, 2.625, 2.625, 1400]
['2019-03-25 12:47:00', 2.64, 2.64, 2.64, 2.64, 200]
['2019-03-25 12:46:00', 2.645, 2.645, 2.645, 2.645, 300]
['2019-03-25 12:43:00', 2.64, 2.64, 2.64, 2.64, 100]
['2019-03-25 12:42:00', 2.65, 2.65, 2.65, 2.65, 600]
['2019-03-25 12:40:00', 2.65, 2.65, 2.65, 2.65, 200]
['2019-03-25 12:38:00', 2.65, 2.65, 2.65, 2.65, 100]
['2019-03-25 12:37:00', 2.65, 2.65, 2.65, 2.65, 100]
['2019-03-25 12:35:00', 2.65, 2.65, 2.65, 2.65, 200]
['2019-03-25 12:33:00', 2.65, 2.65, 2.65, 2.65, 300]
['2019-03-25 12:28:00', 2.65, 2.65, 2.65, 2.65, 1400]
['2019-03-25 12:27:00', 2.65, 2.65, 2.65, 2.65, 100]
['2019-03-25 12:25:00', 2.65, 2.65, 2.65, 2.65, 100]
['2019-03-25 12:22:00', 2.65, 2.65, 2.65, 2.65, 300]
['2019-03-25 12:19:00', 2.65, 2.65, 2.65, 2.65, 300]
['2019-03-25 12:13:00', 2.65, 2.65, 2.65, 2.65, 400]
['2019-03-25 12:11:00', 2.65, 2.65, 2.65, 2.65, 500]
['2019-03-25 12:10:00', 2.65, 2.65, 2.65, 2.65, 400]
['2019-03-25 12:07:00', 2.65, 2.65, 2.65, 2.65, 601]
['2019-03-25 12:03:00', 2.65, 2.65, 2.65, 2.65, 300]
['2019-03-25 11:59:00', 2.65, 2.65, 2.65, 2.65, 400]
['2019-03-25 11:56:00', 2.64, 2.64, 2.64, 2.64, 100]
['2019-03-25 11:55:00', 2.65, 2.65, 2.65, 2.65, 100]
['2019-03-25 11:53:00', 2.65, 2.65, 2.65, 2.65, 100]
['2019-03-25 11:51:00', 2.65, 2.65, 2.65, 2.65, 200]
['2019-03-25 11:48:00', 2.65, 2.65, 2.65, 2.65, 385]
['2019-03-25 11:45:00', 2.65, 2.65, 2.65, 2.65, 100]
['2019-03-25 11:44:00', 2.65, 2.65, 2.65, 2.65, 400]
['2019-03-25 11:43:00', 2.63, 2.63, 2.63, 2.63, 200]
['2019-03-25 11:41:00', 2.65, 2.65, 2.65, 2.65, 100]
['2019-03-25 11:39:00', 2.65, 2.65, 2.65, 2.65, 300]
['2019-03-25 11:37:00', 2.64, 2.64, 2.64, 2.64, 701]
['2019-03-25 11:36:00', 2.64, 2.64, 2.64, 2.64, 200]
['2019-03-25 11:34:00', 2.64, 2.64, 2.64, 2.64, 500]
['2019-03-25 11:32:00', 2.64, 2.64, 2.64, 2.64, 200]
['2019-03-25 11:30:00', 2.65, 2.65, 2.65, 2.65, 300]
['2019-03-25 11:29:00', 2.65, 2.65, 2.65, 2.65, 200]
['2019-03-25 11:28:00', 2.64, 2.64, 2.64, 2.64, 400]
['2019-03-25 11:26:00', 2.62, 2.62, 2.62, 2.62, 200]
['2019-03-25 11:25:00', 2.6069, 2.6069, 2.6069, 2.6069, 3700]
['2019-03-25 11:21:00', 2.5901, 2.5901, 2.5901, 2.5901, 500]
['2019-03-25 11:17:00', 2.59, 2.59, 2.59, 2.59, 2900]
['2019-03-25 11:11:00', 2.61, 2.61, 2.61, 2.61, 100]
['2019-03-25 11:08:00', 2.61, 2.61, 2.61, 2.61, 100]
['2019-03-25 11:00:00', 2.59, 2.59, 2.59, 2.59, 700]
['2019-03-25 10:59:00', 2.61, 2.61, 2.61, 2.61, 1100]
['2019-03-25 10:53:00', 2.62, 2.62, 2.62, 2.62, 100]
['2019-03-25 10:50:00', 2.64, 2.64, 2.64, 2.64, 100]
['2019-03-25 10:48:00', 2.64, 2.63, 2.63, 2.64, 682]
['2019-03-25 10:44:00', 2.61, 2.61, 2.61, 2.61, 300]
['2019-03-25 10:41:00', 2.5961, 2.5961, 2.5961, 2.5961, 500]
['2019-03-25 10:36:00', 2.59, 2.59, 2.59, 2.59, 100]
['2019-03-25 10:27:00', 2.56, 2.56, 2.56, 2.56, 1500]
['2019-03-25 10:26:00', 2.53, 2.53, 2.53, 2.53, 585]
['2019-03-25 10:19:00', 2.5354, 2.5354, 2.5354, 2.5354, 3116]
['2019-03-25 10:18:00', 2.545, 2.53, 2.53, 2.545, 9550]
['2019-03-25 10:15:00', 2.54, 2.54, 2.54, 2.54, 150]
['2019-03-25 10:13:00', 2.54, 2.54, 2.54, 2.54, 200]
['2019-03-25 10:10:00', 2.55, 2.55, 2.55, 2.55, 1385]
['2019-03-25 10:08:00', 2.55, 2.55, 2.55, 2.55, 2419]
['2019-03-25 10:07:00', 2.555, 2.555, 2.555, 2.555, 737]
['2019-03-25 10:03:00', 2.57, 2.57, 2.57, 2.57, 300]
['2019-03-25 10:02:00', 2.57, 2.57, 2.57, 2.57, 3215]
['2019-03-25 10:00:00', 2.58, 2.58, 2.58, 2.58, 100]
['2019-03-25 09:58:00', 2.58, 2.58, 2.58, 2.58, 200]
['2019-03-25 09:56:00', 2.574, 2.574, 2.574, 2.574, 360]
['2019-03-25 09:52:00', 2.59, 2.59, 2.59, 2.59, 561]
['2019-03-25 09:38:00', 2.62, 2.62, 2.62, 2.62, 100]
['2019-03-25 09:36:00', 2.511, 2.511, 2.511, 2.511, 21810]
['2019-03-25 09:35:00', 2.58, 2.58, 2.58, 2.58, 100]
['2019-03-25 09:32:00', 2.59, 2.59, 2.59, 2.59, 0]
