AVK
['2019-03-29 15:59:00', 14.76, 14.76, 14.76, 14.76, 180]
['2019-03-29 15:58:00', 14.76, 14.76, 14.76, 14.76, 760]
['2019-03-29 15:57:00', 14.76, 14.76, 14.76, 14.76, 1560]
['2019-03-29 15:55:00', 14.75, 14.7455, 14.7455, 14.75, 1163]
['2019-03-29 15:46:00', 14.75, 14.75, 14.75, 14.76, 1065]
['2019-03-29 15:44:00', 14.75, 14.75, 14.75, 14.75, 800]
['2019-03-29 15:43:00', 14.75, 14.75, 14.75, 14.75, 100]
['2019-03-29 15:37:00', 14.74, 14.74, 14.7399, 14.75, 1075]
['2019-03-29 15:28:00', 14.7308, 14.7308, 14.7308, 14.7308, 140]
['2019-03-29 15:24:00', 14.74, 14.74, 14.74, 14.74, 902]
['2019-03-29 15:20:00', 14.7298, 14.7298, 14.7298, 14.7298, 1367]
['2019-03-29 15:15:00', 14.73, 14.734, 14.73, 14.734, 873]
['2019-03-29 15:13:00', 14.73, 14.7299, 14.725, 14.73, 868]
['2019-03-29 15:10:00', 14.7331, 14.7331, 14.7331, 14.7331, 603]
['2019-03-29 15:09:00', 14.74, 14.73, 14.73, 14.74, 1079]
['2019-03-29 15:08:00', 14.75, 14.7499, 14.7499, 14.75, 700]
['2019-03-29 15:07:00', 14.74, 14.7499, 14.7399, 14.7499, 2460]
['2019-03-29 15:01:00', 14.739, 14.739, 14.739, 14.739, 100]
['2019-03-29 14:59:00', 14.72, 14.73, 14.72, 14.74, 1192]
['2019-03-29 14:57:00', 14.72, 14.72, 14.72, 14.72, 100]
['2019-03-29 14:56:00', 14.72, 14.72, 14.72, 14.72, 300]
['2019-03-29 14:53:00', 14.7127, 14.7127, 14.7127, 14.7127, 265]
['2019-03-29 14:49:00', 14.7, 14.7, 14.7, 14.7, 171]
['2019-03-29 14:46:00', 14.7127, 14.7127, 14.7127, 14.7127, 276]
['2019-03-29 14:45:00', 14.7116, 14.7116, 14.7116, 14.7116, 962]
['2019-03-29 14:42:00', 14.71, 14.7001, 14.7001, 14.71, 1306]
['2019-03-29 14:38:00', 14.71, 14.71, 14.71, 14.71, 100]
['2019-03-29 14:37:00', 14.7176, 14.71, 14.71, 14.7176, 4511]
['2019-03-29 14:36:00', 14.72, 14.72, 14.72, 14.72, 1686]
['2019-03-29 14:35:00', 14.7168, 14.71, 14.71, 14.7168, 1150]
['2019-03-29 14:24:00', 14.7177, 14.7177, 14.7177, 14.7177, 356]
['2019-03-29 14:22:00', 14.7101, 14.7101, 14.7101, 14.7101, 197]
['2019-03-29 14:16:00', 14.7131, 14.7131, 14.7131, 14.7131, 282]
['2019-03-29 14:14:00', 14.72, 14.7262, 14.711, 14.7262, 800]
['2019-03-29 14:10:00', 14.72, 14.72, 14.72, 14.72, 100]
['2019-03-29 14:09:00', 14.7227, 14.7227, 14.7227, 14.7227, 179]
['2019-03-29 14:00:00', 14.72, 14.72, 14.72, 14.72, 135]
['2019-03-29 13:58:00', 14.72, 14.72, 14.72, 14.72, 642]
['2019-03-29 13:57:00', 14.72, 14.72, 14.72, 14.72, 200]
['2019-03-29 13:56:00', 14.72, 14.72, 14.72, 14.725, 1000]
['2019-03-29 13:55:00', 14.72, 14.72, 14.72, 14.72, 200]
['2019-03-29 13:54:00', 14.72, 14.72, 14.72, 14.73, 925]
['2019-03-29 13:53:00', 14.72, 14.72, 14.72, 14.73, 3140]
['2019-03-29 13:52:00', 14.72, 14.72, 14.72, 14.72, 200]
['2019-03-29 13:51:00', 14.72, 14.72, 14.72, 14.72, 200]
['2019-03-29 13:50:00', 14.73, 14.72, 14.72, 14.73, 300]
['2019-03-29 13:45:00', 14.7363, 14.7363, 14.7363, 14.7363, 483]
['2019-03-29 13:41:00', 14.74, 14.74, 14.74, 14.74, 700]
['2019-03-29 13:40:00', 14.75, 14.74, 14.74, 14.75, 7004]
['2019-03-29 13:37:00', 14.759, 14.7569, 14.7569, 14.759, 961]
['2019-03-29 13:36:00', 14.75, 14.7532, 14.75, 14.7532, 704]
['2019-03-29 13:28:00', 14.755, 14.755, 14.7505, 14.755, 340]
['2019-03-29 13:26:00', 14.7563, 14.75, 14.75, 14.7563, 585]
['2019-03-29 13:24:00', 14.75, 14.75, 14.75, 14.75, 100]
['2019-03-29 13:20:00', 14.75, 14.7531, 14.75, 14.7531, 200]
['2019-03-29 13:19:00', 14.75, 14.7514, 14.75, 14.7514, 658]
['2019-03-29 13:12:00', 14.75, 14.75, 14.75, 14.75, 226]
['2019-03-29 13:10:00', 14.7564, 14.7564, 14.7564, 14.7564, 500]
['2019-03-29 13:08:00', 14.75, 14.75, 14.75, 14.75, 200]
['2019-03-29 13:06:00', 14.75, 14.7533, 14.75, 14.7533, 700]
['2019-03-29 13:03:00', 14.76, 14.76, 14.76, 14.76, 1000]
['2019-03-29 13:01:00', 14.76, 14.75, 14.75, 14.76, 300]
['2019-03-29 12:56:00', 14.75, 14.75, 14.75, 14.75, 100]
['2019-03-29 12:49:00', 14.76, 14.7599, 14.7599, 14.76, 696]
['2019-03-29 12:48:00', 14.76, 14.76, 14.76, 14.76, 704]
['2019-03-29 12:47:00', 14.77, 14.77, 14.77, 14.77, 1200]
['2019-03-29 12:40:00', 14.7748, 14.7748, 14.7748, 14.7748, 120]
['2019-03-29 12:39:00', 14.77, 14.78, 14.77, 14.78, 400]
['2019-03-29 12:37:00', 14.77, 14.77, 14.77, 14.77, 400]
['2019-03-29 12:27:00', 14.765, 14.765, 14.765, 14.765, 575]
['2019-03-29 12:22:00', 14.7661, 14.765, 14.7601, 14.7661, 1055]
['2019-03-29 12:21:00', 14.765, 14.7601, 14.7601, 14.765, 263]
['2019-03-29 12:08:00', 14.765, 14.77, 14.765, 14.77, 272]
['2019-03-29 12:07:00', 14.76, 14.76, 14.76, 14.765, 406]
['2019-03-29 12:06:00', 14.7653, 14.7653, 14.7653, 14.7653, 100]
['2019-03-29 11:59:00', 14.765, 14.765, 14.765, 14.765, 1900]
['2019-03-29 11:58:00', 14.7656, 14.765, 14.761, 14.77, 4977]
['2019-03-29 11:57:00', 14.76, 14.76, 14.76, 14.76, 400]
['2019-03-29 11:55:00', 14.74, 14.75, 14.74, 14.75, 3047]
['2019-03-29 11:50:00', 14.73, 14.73, 14.73, 14.73, 100]
['2019-03-29 11:47:00', 14.7426, 14.7426, 14.7426, 14.7426, 172]
['2019-03-29 11:37:00', 14.73, 14.73, 14.73, 14.73, 209]
['2019-03-29 11:34:00', 14.7368, 14.7368, 14.7368, 14.7368, 1000]
['2019-03-29 11:31:00', 14.7499, 14.742, 14.742, 14.75, 1550]
['2019-03-29 11:28:00', 14.731, 14.75, 14.731, 14.75, 2799]
['2019-03-29 11:27:00', 14.75, 14.75, 14.7499, 14.75, 1820]
['2019-03-29 11:25:00', 14.75, 14.75, 14.75, 14.75, 443]
['2019-03-29 11:19:00', 14.7517, 14.753, 14.75, 14.7555, 3586]
['2019-03-29 11:18:00', 14.74, 14.7576, 14.7399, 14.76, 5292]
['2019-03-29 11:14:00', 14.74, 14.7315, 14.7315, 14.74, 2013]
['2019-03-29 11:11:00', 14.73, 14.73, 14.73, 14.73, 102]
['2019-03-29 11:10:00', 14.71, 14.71, 14.71, 14.71, 600]
['2019-03-29 11:07:00', 14.7, 14.7, 14.7, 14.7, 100]
['2019-03-29 11:05:00', 14.7, 14.7, 14.7, 14.7, 307]
['2019-03-29 10:56:00', 14.71, 14.71, 14.71, 14.71, 540]
['2019-03-29 10:55:00', 14.72, 14.72, 14.72, 14.73, 700]
['2019-03-29 10:52:00', 14.73, 14.73, 14.73, 14.73, 300]
['2019-03-29 10:51:00', 14.73, 14.74, 14.73, 14.74, 845]
['2019-03-29 10:49:00', 14.7322, 14.7322, 14.7322, 14.7322, 472]
['2019-03-29 10:46:00', 14.73, 14.73, 14.73, 14.73, 101]
['2019-03-29 10:45:00', 14.7302, 14.7298, 14.7292, 14.74, 4595]
['2019-03-29 10:42:00', 14.74, 14.74, 14.74, 14.74, 101]
['2019-03-29 10:25:00', 14.73, 14.7202, 14.7202, 14.73, 435]
['2019-03-29 10:22:00', 14.726, 14.72, 14.72, 14.726, 392]
['2019-03-29 10:19:00', 14.7296, 14.7296, 14.7296, 14.7296, 500]
['2019-03-29 10:17:00', 14.7267, 14.7253, 14.7253, 14.7267, 574]
['2019-03-29 10:15:00', 14.7297, 14.7297, 14.7297, 14.7297, 3001]
['2019-03-29 10:11:00', 14.72, 14.73, 14.72, 14.73, 929]
['2019-03-29 10:10:00', 14.7168, 14.71, 14.71, 14.7168, 531]
['2019-03-29 10:04:00', 14.69, 14.715, 14.69, 14.73, 7370]
['2019-03-29 10:02:00', 14.66, 14.67, 14.66, 14.67, 240]
['2019-03-29 09:59:00', 14.67, 14.67, 14.67, 14.67, 200]
['2019-03-29 09:58:00', 14.66, 14.66, 14.66, 14.66, 300]
['2019-03-29 09:57:00', 14.67, 14.67, 14.67, 14.67, 100]
['2019-03-29 09:56:00', 14.68, 14.67, 14.67, 14.68, 300]
['2019-03-29 09:55:00', 14.68, 14.68, 14.68, 14.68, 307]
['2019-03-29 09:52:00', 14.69, 14.6898, 14.6898, 14.69, 434]
['2019-03-29 09:47:00', 14.67, 14.66, 14.66, 14.67, 903]
['2019-03-29 09:38:00', 14.6899, 14.6899, 14.6899, 14.6899, 450]
['2019-03-29 09:34:00', 14.66, 14.66, 14.66, 14.66, 322]
['2019-03-29 09:33:00', 14.6899, 14.6651, 14.6651, 14.6899, 423]
['2019-03-29 09:32:00', 14.6684, 14.67, 14.6684, 14.67, 724]
['2019-03-29 09:31:00', 14.6408, 14.6408, 14.6408, 14.6408, 0]
['2019-03-28 16:00:00', 14.6, 14.61, 14.6, 14.62, 1141]
['2019-03-28 15:59:00', 14.59, 14.59, 14.59, 14.59, 170]
['2019-03-28 15:58:00', 14.59, 14.59, 14.59, 14.59, 227]
['2019-03-28 15:56:00', 14.6, 14.5999, 14.59, 14.6, 1891]
['2019-03-28 15:55:00', 14.58, 14.58, 14.575, 14.58, 927]
['2019-03-28 15:51:00', 14.58, 14.58, 14.58, 14.58, 100]
['2019-03-28 15:50:00', 14.5799, 14.5799, 14.5799, 14.5799, 350]
['2019-03-28 15:46:00', 14.5622, 14.5622, 14.5622, 14.5622, 374]
['2019-03-28 15:44:00', 14.56, 14.56, 14.56, 14.56, 100]
['2019-03-28 15:37:00', 14.55, 14.55, 14.55, 14.55, 333]
['2019-03-28 15:19:00', 14.55, 14.55, 14.55, 14.55, 577]
['2019-03-28 15:06:00', 14.56, 14.56, 14.56, 14.56, 1015]
['2019-03-28 14:57:00', 14.57, 14.57, 14.57, 14.57, 100]
['2019-03-28 14:56:00', 14.57, 14.57, 14.57, 14.575, 900]
['2019-03-28 14:53:00', 14.575, 14.575, 14.575, 14.575, 100]
['2019-03-28 14:48:00', 14.575, 14.58, 14.5701, 14.58, 2300]
['2019-03-28 14:30:00', 14.5733, 14.5733, 14.5733, 14.5733, 200]
['2019-03-28 14:28:00', 14.5901, 14.595, 14.5901, 14.595, 1050]
['2019-03-28 14:24:00', 14.61, 14.5986, 14.5986, 14.61, 300]
['2019-03-28 14:14:00', 14.57, 14.6, 14.57, 14.6, 12071]
['2019-03-28 14:12:00', 14.56, 14.5616, 14.56, 14.57, 3024]
['2019-03-28 14:11:00', 14.5492, 14.5492, 14.5492, 14.5492, 1000]
['2019-03-28 14:07:00', 14.54, 14.55, 14.54, 14.55, 1330]
['2019-03-28 14:03:00', 14.54, 14.5307, 14.5168, 14.54, 1307]
['2019-03-28 14:00:00', 14.5301, 14.5399, 14.53, 14.5399, 800]
['2019-03-28 13:51:00', 14.5302, 14.5302, 14.5302, 14.5302, 700]
['2019-03-28 13:44:00', 14.5158, 14.5158, 14.5158, 14.5158, 1261]
['2019-03-28 13:42:00', 14.52, 14.52, 14.52, 14.52, 500]
['2019-03-28 13:29:00', 14.55, 14.5278, 14.5278, 14.55, 3495]
['2019-03-28 13:25:00', 14.55, 14.5543, 14.55, 14.5543, 2969]
['2019-03-28 13:24:00', 14.5, 14.55, 14.49, 14.56, 5670]
['2019-03-28 13:07:00', 14.4936, 14.4936, 14.4936, 14.4936, 163]
['2019-03-28 13:04:00', 14.4898, 14.4898, 14.4898, 14.4898, 3600]
['2019-03-28 13:02:00', 14.48, 14.48, 14.48, 14.48, 100]
['2019-03-28 13:01:00', 14.47, 14.47, 14.47, 14.47, 183]
['2019-03-28 12:57:00', 14.4541, 14.4541, 14.4541, 14.4541, 1020]
['2019-03-28 12:56:00', 14.4681, 14.4681, 14.4681, 14.4681, 1100]
['2019-03-28 12:55:00', 14.45, 14.45, 14.45, 14.45, 300]
['2019-03-28 12:51:00', 14.47, 14.4635, 14.4635, 14.47, 200]
['2019-03-28 12:48:00', 14.452, 14.452, 14.452, 14.452, 512]
['2019-03-28 12:46:00', 14.4559, 14.4559, 14.4559, 14.4559, 1084]
['2019-03-28 12:11:00', 14.47, 14.46, 14.46, 14.47, 1654]
['2019-03-28 12:09:00', 14.47, 14.46, 14.46, 14.47, 405]
['2019-03-28 12:02:00', 14.47, 14.47, 14.47, 14.47, 100]
['2019-03-28 11:58:00', 14.4556, 14.4556, 14.4556, 14.4556, 550]
['2019-03-28 11:57:00', 14.47, 14.46, 14.46, 14.47, 1774]
['2019-03-28 11:53:00', 14.47, 14.47, 14.47, 14.47, 1700]
['2019-03-28 11:48:00', 14.47, 14.47, 14.47, 14.47, 100]
['2019-03-28 11:43:00', 14.48, 14.48, 14.48, 14.48, 2635]
['2019-03-28 11:40:00', 14.4741, 14.4637, 14.4637, 14.4741, 1265]
['2019-03-28 11:31:00', 14.47, 14.47, 14.47, 14.475, 5879]
['2019-03-28 11:30:00', 14.48, 14.48, 14.48, 14.48, 100]
['2019-03-28 11:29:00', 14.47, 14.47, 14.47, 14.47, 700]
['2019-03-28 11:26:00', 14.48, 14.48, 14.48, 14.48, 200]
['2019-03-28 11:24:00', 14.48, 14.48, 14.48, 14.48, 100]
['2019-03-28 11:21:00', 14.49, 14.49, 14.49, 14.49, 300]
['2019-03-28 11:20:00', 14.498, 14.498, 14.498, 14.498, 250]
['2019-03-28 11:19:00', 14.4998, 14.4998, 14.4998, 14.4998, 3254]
['2019-03-28 11:15:00', 14.5004, 14.5004, 14.5004, 14.5004, 363]
['2019-03-28 11:12:00', 14.5024, 14.5024, 14.5024, 14.5024, 900]
['2019-03-28 11:04:00', 14.49, 14.49, 14.4882, 14.5, 2431]
['2019-03-28 11:03:00', 14.49, 14.49, 14.49, 14.49, 800]
['2019-03-28 10:59:00', 14.5, 14.5, 14.5, 14.5, 100]
['2019-03-28 10:56:00', 14.5, 14.5, 14.5, 14.5, 100]
['2019-03-28 10:54:00', 14.5098, 14.5098, 14.5098, 14.5098, 567]
['2019-03-28 10:50:00', 14.49, 14.49, 14.49, 14.49, 200]
['2019-03-28 10:49:00', 14.4999, 14.5, 14.49, 14.5, 779]
['2019-03-28 10:48:00', 14.49, 14.49, 14.49, 14.51, 1200]
['2019-03-28 10:47:00', 14.5, 14.5, 14.5, 14.5, 705]
['2019-03-28 10:45:00', 14.51, 14.51, 14.51, 14.51, 100]
['2019-03-28 10:43:00', 14.52, 14.52, 14.52, 14.52, 100]
['2019-03-28 10:39:00', 14.51, 14.51, 14.51, 14.5134, 1864]
['2019-03-28 10:30:00', 14.52, 14.52, 14.52, 14.52, 100]
['2019-03-28 10:27:00', 14.5074, 14.5074, 14.5074, 14.5074, 335]
['2019-03-28 10:25:00', 14.52, 14.51, 14.51, 14.52, 441]
['2019-03-28 10:05:00', 14.52, 14.5, 14.5, 14.52, 500]
['2019-03-28 09:47:00', 14.5, 14.5, 14.5, 14.5, 101]
['2019-03-28 09:44:00', 14.5, 14.4915, 14.4915, 14.5, 1800]
['2019-03-28 09:31:00', 14.46, 14.46, 14.46, 14.46, 0]
['2019-03-27 16:00:00', 14.47, 14.465, 14.45, 14.47, 1231]
['2019-03-27 15:53:00', 14.45, 14.45, 14.45, 14.45, 300]
['2019-03-27 15:52:00', 14.45, 14.46, 14.45, 14.47, 6040]
['2019-03-27 15:41:00', 14.44, 14.44, 14.44, 14.44, 140]
['2019-03-27 15:33:00', 14.45, 14.45, 14.45, 14.45, 1447]
['2019-03-27 15:32:00', 14.43, 14.46, 14.42, 14.5, 19154]
['2019-03-27 15:28:00', 14.4282, 14.42, 14.415, 14.4282, 3007]
['2019-03-27 15:15:00', 14.4282, 14.4282, 14.4282, 14.4282, 2060]
['2019-03-27 15:13:00', 14.4001, 14.4001, 14.4001, 14.4001, 130]
['2019-03-27 15:09:00', 14.4099, 14.4099, 14.4099, 14.4099, 599]
['2019-03-27 15:04:00', 14.41, 14.41, 14.41, 14.41, 100]
['2019-03-27 15:03:00', 14.4274, 14.42, 14.42, 14.44, 2236]
['2019-03-27 14:59:00', 14.435, 14.435, 14.435, 14.435, 100]
['2019-03-27 14:58:00', 14.4479, 14.4479, 14.4479, 14.4479, 100]
['2019-03-27 14:55:00', 14.43, 14.43, 14.43, 14.43, 197]
['2019-03-27 14:40:00', 14.45, 14.45, 14.45, 14.45, 100]
['2019-03-27 14:39:00', 14.45, 14.45, 14.45, 14.45, 115]
['2019-03-27 14:35:00', 14.47, 14.47, 14.47, 14.47, 100]
['2019-03-27 14:26:00', 14.4699, 14.468, 14.468, 14.4699, 1100]
['2019-03-27 14:24:00', 14.44, 14.47, 14.44, 14.47, 1385]
['2019-03-27 14:21:00', 14.46, 14.45, 14.45, 14.46, 200]
['2019-03-27 14:20:00', 14.47, 14.47, 14.47, 14.47, 302]
['2019-03-27 14:19:00', 14.47, 14.46, 14.46, 14.47, 500]
['2019-03-27 14:18:00', 14.46, 14.46, 14.46, 14.46, 100]
['2019-03-27 14:17:00', 14.46, 14.46, 14.46, 14.46, 449]
['2019-03-27 14:16:00', 14.46, 14.46, 14.46, 14.46, 100]
['2019-03-27 14:15:00', 14.46, 14.46, 14.46, 14.46, 100]
['2019-03-27 14:14:00', 14.46, 14.46, 14.46, 14.46, 200]
['2019-03-27 14:13:00', 14.46, 14.46, 14.46, 14.46, 400]
['2019-03-27 14:12:00', 14.46, 14.46, 14.46, 14.46, 100]
['2019-03-27 14:11:00', 14.46, 14.46, 14.46, 14.46, 100]
['2019-03-27 14:00:00', 14.4554, 14.4554, 14.4554, 14.4554, 463]
['2019-03-27 13:52:00', 14.46, 14.46, 14.46, 14.46, 200]
['2019-03-27 13:50:00', 14.456, 14.456, 14.456, 14.456, 3020]
['2019-03-27 13:45:00', 14.45, 14.46, 14.45, 14.46, 1721]
['2019-03-27 13:43:00', 14.42, 14.44, 14.42, 14.44, 960]
['2019-03-27 13:36:00', 14.4, 14.41, 14.4, 14.42, 1350]
['2019-03-27 13:35:00', 14.39, 14.39, 14.39, 14.39, 658]
['2019-03-27 13:18:00', 14.4, 14.4, 14.4, 14.4, 100]
['2019-03-27 13:03:00', 14.39, 14.39, 14.39, 14.4, 535]
['2019-03-27 13:00:00', 14.3912, 14.3912, 14.3912, 14.3912, 1982]
['2019-03-27 12:53:00', 14.42, 14.39, 14.39, 14.42, 2638]
['2019-03-27 12:51:00', 14.4215, 14.4215, 14.4215, 14.4215, 200]
['2019-03-27 12:44:00', 14.43, 14.43, 14.429, 14.439, 1600]
['2019-03-27 12:43:00', 14.43, 14.43, 14.43, 14.43, 100]
['2019-03-27 12:41:00', 14.42, 14.415, 14.415, 14.42, 600]
['2019-03-27 12:29:00', 14.41, 14.41, 14.41, 14.41, 524]
['2019-03-27 11:54:00', 14.38, 14.38, 14.38, 14.38, 236]
['2019-03-27 11:50:00', 14.38, 14.39, 14.36, 14.4, 2265]
['2019-03-27 11:47:00', 14.36, 14.36, 14.36, 14.36, 100]
['2019-03-27 11:45:00', 14.39, 14.3829, 14.3829, 14.397, 1457]
['2019-03-27 11:40:00', 14.41, 14.41, 14.41, 14.41, 106]
['2019-03-27 11:37:00', 14.39, 14.38, 14.38, 14.41, 1225]
['2019-03-27 11:36:00', 14.38, 14.38, 14.38, 14.38, 200]
['2019-03-27 11:35:00', 14.39, 14.39, 14.39, 14.39, 200]
['2019-03-27 11:30:00', 14.4, 14.4, 14.4, 14.4, 500]
['2019-03-27 11:28:00', 14.415, 14.415, 14.415, 14.415, 115]
['2019-03-27 11:27:00', 14.415, 14.415, 14.415, 14.415, 300]
['2019-03-27 11:26:00', 14.415, 14.4277, 14.415, 14.4277, 1082]
['2019-03-27 11:24:00', 14.43, 14.43, 14.43, 14.43, 200]
['2019-03-27 11:21:00', 14.43, 14.43, 14.43, 14.43, 200]
['2019-03-27 11:17:00', 14.4204, 14.4204, 14.4204, 14.4204, 350]
['2019-03-27 11:14:00', 14.42, 14.42, 14.42, 14.42, 860]
['2019-03-27 11:13:00', 14.42, 14.42, 14.42, 14.42, 500]
['2019-03-27 11:10:00', 14.43, 14.43, 14.43, 14.45, 1312]
['2019-03-27 11:07:00', 14.425, 14.425, 14.425, 14.425, 300]
['2019-03-27 11:06:00', 14.42, 14.43, 14.42, 14.44, 1984]
['2019-03-27 11:04:00', 14.43, 14.4287, 14.4287, 14.43, 1300]
['2019-03-27 10:49:00', 14.42, 14.42, 14.42, 14.42, 109]
['2019-03-27 10:48:00', 14.42, 14.42, 14.42, 14.42, 100]
['2019-03-27 10:46:00', 14.4, 14.405, 14.4, 14.405, 424]
['2019-03-27 10:42:00', 14.42, 14.42, 14.42, 14.42, 400]
['2019-03-27 10:40:00', 14.41, 14.42, 14.41, 14.43, 1200]
['2019-03-27 10:39:00', 14.3922, 14.3922, 14.3922, 14.3922, 401]
['2019-03-27 10:38:00', 14.42, 14.4, 14.4, 14.42, 300]
['2019-03-27 10:37:00', 14.4, 14.4, 14.4, 14.4, 547]
['2019-03-27 10:23:00', 14.42, 14.42, 14.42, 14.42, 201]
['2019-03-27 10:22:00', 14.4, 14.4, 14.4, 14.4, 220]
['2019-03-27 10:20:00', 14.415, 14.41, 14.41, 14.415, 200]
['2019-03-27 10:18:00', 14.4024, 14.43, 14.4024, 14.43, 728]
['2019-03-27 10:08:00', 14.43, 14.43, 14.43, 14.43, 100]
['2019-03-27 09:58:00', 14.405, 14.405, 14.405, 14.405, 100]
['2019-03-27 09:56:00', 14.405, 14.43, 14.4, 14.43, 399]
['2019-03-27 09:55:00', 14.4349, 14.43, 14.43, 14.4349, 700]
['2019-03-27 09:52:00', 14.405, 14.405, 14.405, 14.405, 254]
['2019-03-27 09:50:00', 14.43, 14.43, 14.43, 14.43, 100]
['2019-03-27 09:31:00', 14.38, 14.38, 14.38, 14.38, 0]
['2019-03-26 16:00:00', 14.42, 14.42, 14.42, 14.42, 7121]
['2019-03-26 15:59:00', 14.4065, 14.4065, 14.4065, 14.4065, 2174]
['2019-03-26 15:54:00', 14.4, 14.4, 14.4, 14.4, 566]
['2019-03-26 15:49:00', 14.4, 14.3936, 14.3936, 14.4, 3398]
['2019-03-26 15:27:00', 14.38, 14.37, 14.37, 14.38, 3162]
['2019-03-26 15:26:00', 14.395, 14.395, 14.395, 14.395, 1000]
['2019-03-26 15:25:00', 14.4, 14.4, 14.4, 14.4, 500]
['2019-03-26 15:22:00', 14.4, 14.4, 14.4, 14.4, 100]
['2019-03-26 15:19:00', 14.4, 14.4, 14.4, 14.4, 2320]
['2019-03-26 15:15:00', 14.399, 14.399, 14.399, 14.399, 1530]
['2019-03-26 15:08:00', 14.39, 14.39, 14.39, 14.39, 1040]
['2019-03-26 15:02:00', 14.39, 14.39, 14.39, 14.39, 579]
['2019-03-26 14:57:00', 14.3821, 14.3825, 14.3821, 14.3825, 2020]
['2019-03-26 14:48:00', 14.385, 14.385, 14.385, 14.385, 1158]
['2019-03-26 14:47:00', 14.375, 14.375, 14.375, 14.375, 300]
['2019-03-26 14:45:00', 14.38, 14.38, 14.38, 14.38, 575]
['2019-03-26 14:43:00', 14.3615, 14.3615, 14.3615, 14.3615, 700]
['2019-03-26 14:33:00', 14.36, 14.36, 14.36, 14.36, 100]
['2019-03-26 14:27:00', 14.3662, 14.3662, 14.3662, 14.3662, 130]
['2019-03-26 14:13:00', 14.37, 14.37, 14.37, 14.37, 1300]
['2019-03-26 14:10:00', 14.3662, 14.3662, 14.3662, 14.3662, 773]
['2019-03-26 14:03:00', 14.37, 14.37, 14.37, 14.37, 404]
['2019-03-26 14:00:00', 14.3807, 14.36, 14.36, 14.3807, 1957]
['2019-03-26 13:55:00', 14.3711, 14.3711, 14.3711, 14.3711, 317]
['2019-03-26 13:43:00', 14.3897, 14.375, 14.375, 14.3897, 767]
['2019-03-26 13:11:00', 14.39, 14.39, 14.39, 14.39, 175]
['2019-03-26 12:56:00', 14.3804, 14.3804, 14.3804, 14.3804, 376]
['2019-03-26 12:51:00', 14.3603, 14.3603, 14.3603, 14.3603, 202]
['2019-03-26 12:48:00', 14.37, 14.37, 14.37, 14.37, 438]
['2019-03-26 12:28:00', 14.38, 14.38, 14.38, 14.38, 2361]
['2019-03-26 12:21:00', 14.415, 14.41, 14.41, 14.415, 7852]
['2019-03-26 12:17:00', 14.42, 14.42, 14.42, 14.42, 303]
['2019-03-26 12:10:00', 14.41, 14.41, 14.41, 14.41, 1369]
['2019-03-26 12:04:00', 14.41, 14.42, 14.41, 14.42, 21738]
['2019-03-26 12:03:00', 14.4, 14.4, 14.4, 14.4, 1424]
['2019-03-26 12:02:00', 14.3899, 14.3899, 14.3899, 14.3899, 1070]
['2019-03-26 12:01:00', 14.42, 14.42, 14.42, 14.42, 2456]
['2019-03-26 11:53:00', 14.438, 14.438, 14.438, 14.438, 175]
['2019-03-26 11:48:00', 14.43, 14.43, 14.43, 14.43, 100]
['2019-03-26 11:36:00', 14.43, 14.43, 14.43, 14.43, 102]
['2019-03-26 11:35:00', 14.43, 14.43, 14.43, 14.43, 249]
['2019-03-26 11:25:00', 14.43, 14.43, 14.43, 14.43, 392]
['2019-03-26 11:17:00', 14.4301, 14.4301, 14.4301, 14.4301, 404]
['2019-03-26 11:00:00', 14.4355, 14.4355, 14.4355, 14.4355, 308]
['2019-03-26 10:18:00', 14.43, 14.43, 14.43, 14.43, 100]
['2019-03-26 10:16:00', 14.4393, 14.4393, 14.4393, 14.4393, 540]
['2019-03-26 10:15:00', 14.4599, 14.4599, 14.4599, 14.4599, 150]
['2019-03-26 10:11:00', 14.4599, 14.4599, 14.4599, 14.4599, 300]
['2019-03-26 10:09:00', 14.4505, 14.4505, 14.4505, 14.4505, 500]
['2019-03-26 10:06:00', 14.4597, 14.4597, 14.4597, 14.4597, 1000]
['2019-03-26 10:04:00', 14.445, 14.445, 14.445, 14.445, 200]
['2019-03-26 10:02:00', 14.4599, 14.4599, 14.4599, 14.4599, 1000]
['2019-03-26 09:56:00', 14.445, 14.445, 14.445, 14.445, 400]
['2019-03-26 09:54:00', 14.445, 14.445, 14.445, 14.445, 300]
['2019-03-26 09:52:00', 14.4599, 14.4599, 14.4599, 14.4599, 3300]
['2019-03-26 09:38:00', 14.455, 14.455, 14.455, 14.455, 186]
['2019-03-26 09:34:00', 14.48, 14.45, 14.45, 14.48, 900]
['2019-03-26 09:33:00', 14.48, 14.48, 14.48, 14.48, 0]
['2019-03-25 16:00:00', 14.38, 14.38, 14.38, 14.38, 1000]
['2019-03-25 15:54:00', 14.36, 14.36, 14.36, 14.36, 468]
['2019-03-25 15:52:00', 14.35, 14.35, 14.35, 14.35, 155]
['2019-03-25 15:51:00', 14.35, 14.35, 14.35, 14.35, 712]
['2019-03-25 15:50:00', 14.35, 14.35, 14.35, 14.35, 2412]
['2019-03-25 15:49:00', 14.36, 14.36, 14.36, 14.36, 1412]
['2019-03-25 15:48:00', 14.36, 14.36, 14.36, 14.36, 200]
['2019-03-25 15:47:00', 14.37, 14.37, 14.37, 14.37, 1176]
['2019-03-25 15:46:00', 14.3701, 14.3701, 14.3701, 14.3701, 231]
['2019-03-25 15:35:00', 14.37, 14.37, 14.37, 14.37, 450]
['2019-03-25 15:16:00', 14.36, 14.36, 14.36, 14.36, 151]
['2019-03-25 15:15:00', 14.3601, 14.3601, 14.3601, 14.3601, 504]
['2019-03-25 15:10:00', 14.36, 14.36, 14.36, 14.36, 765]
['2019-03-25 15:06:00', 14.39, 14.39, 14.39, 14.39, 100]
['2019-03-25 15:03:00', 14.36, 14.36, 14.36, 14.36, 100]
['2019-03-25 15:02:00', 14.39, 14.39, 14.39, 14.39, 100]
['2019-03-25 14:54:00', 14.36, 14.36, 14.36, 14.36, 439]
['2019-03-25 14:53:00', 14.38, 14.38, 14.38, 14.38, 100]
['2019-03-25 14:52:00', 14.38, 14.38, 14.38, 14.38, 406]
['2019-03-25 14:50:00', 14.39, 14.39, 14.39, 14.39, 200]
['2019-03-25 14:46:00', 14.375, 14.375, 14.375, 14.375, 606]
['2019-03-25 14:45:00', 14.37, 14.37, 14.37, 14.37, 300]
['2019-03-25 14:42:00', 14.37, 14.37, 14.37, 14.37, 200]
['2019-03-25 14:41:00', 14.36, 14.36, 14.36, 14.36, 300]
['2019-03-25 14:38:00', 14.365, 14.365, 14.365, 14.365, 500]
['2019-03-25 14:29:00', 14.341, 14.341, 14.341, 14.341, 161]
['2019-03-25 14:28:00', 14.33, 14.33, 14.33, 14.33, 200]
['2019-03-25 14:26:00', 14.33, 14.33, 14.33, 14.33, 161]
['2019-03-25 14:24:00', 14.3303, 14.3303, 14.3303, 14.3303, 842]
['2019-03-25 14:23:00', 14.345, 14.345, 14.345, 14.345, 100]
['2019-03-25 14:15:00', 14.345, 14.345, 14.345, 14.345, 361]
['2019-03-25 14:13:00', 14.33, 14.33, 14.33, 14.33, 100]
['2019-03-25 14:10:00', 14.3394, 14.3394, 14.3394, 14.3394, 144]
['2019-03-25 14:07:00', 14.33, 14.33, 14.33, 14.33, 170]
['2019-03-25 14:04:00', 14.36, 14.345, 14.345, 14.36, 1363]
['2019-03-25 13:47:00', 14.33, 14.33, 14.33, 14.33, 502]
['2019-03-25 13:44:00', 14.33, 14.33, 14.33, 14.33, 100]
['2019-03-25 13:30:00', 14.33, 14.33, 14.33, 14.33, 100]
['2019-03-25 13:28:00', 14.33, 14.33, 14.33, 14.33, 100]
['2019-03-25 13:25:00', 14.3492, 14.3492, 14.3492, 14.3492, 675]
['2019-03-25 13:04:00', 14.33, 14.33, 14.33, 14.33, 100]
['2019-03-25 13:02:00', 14.33, 14.33, 14.33, 14.33, 110]
['2019-03-25 12:59:00', 14.33, 14.33, 14.33, 14.33, 200]
['2019-03-25 12:54:00', 14.33, 14.3311, 14.33, 14.3311, 1700]
['2019-03-25 12:51:00', 14.33, 14.33, 14.33, 14.33, 100]
['2019-03-25 12:49:00', 14.33, 14.33, 14.33, 14.33, 100]
['2019-03-25 12:46:00', 14.341, 14.33, 14.33, 14.341, 1204]
['2019-03-25 12:44:00', 14.33, 14.33, 14.33, 14.33, 189]
['2019-03-25 12:41:00', 14.33, 14.33, 14.33, 14.33, 200]
['2019-03-25 12:37:00', 14.3342, 14.3342, 14.3342, 14.3342, 404]
['2019-03-25 12:36:00', 14.33, 14.33, 14.33, 14.33, 100]
['2019-03-25 12:34:00', 14.34, 14.34, 14.34, 14.34, 200]
['2019-03-25 12:29:00', 14.33, 14.33, 14.33, 14.33, 100]
['2019-03-25 12:26:00', 14.33, 14.33, 14.33, 14.33, 200]
['2019-03-25 12:23:00', 14.3363, 14.3363, 14.3363, 14.3363, 568]
['2019-03-25 12:21:00', 14.33, 14.33, 14.33, 14.33, 200]
['2019-03-25 12:18:00', 14.34, 14.34, 14.34, 14.34, 1400]
['2019-03-25 12:16:00', 14.33, 14.33, 14.33, 14.33, 500]
['2019-03-25 12:14:00', 14.33, 14.33, 14.33, 14.33, 100]
['2019-03-25 12:11:00', 14.33, 14.33, 14.33, 14.33, 200]
['2019-03-25 12:06:00', 14.33, 14.33, 14.33, 14.33, 200]
['2019-03-25 12:01:00', 14.34, 14.34, 14.34, 14.34, 100]
['2019-03-25 11:59:00', 14.34, 14.34, 14.34, 14.34, 400]
['2019-03-25 11:53:00', 14.35, 14.35, 14.35, 14.35, 100]
['2019-03-25 11:50:00', 14.36, 14.36, 14.36, 14.36, 970]
['2019-03-25 11:49:00', 14.35, 14.35, 14.35, 14.35, 1480]
['2019-03-25 11:44:00', 14.36, 14.36, 14.36, 14.36, 100]
['2019-03-25 11:43:00', 14.3701, 14.3701, 14.3701, 14.3701, 1105]
['2019-03-25 11:39:00', 14.39, 14.395, 14.39, 14.41, 7300]
['2019-03-25 11:37:00', 14.36, 14.36, 14.36, 14.36, 280]
['2019-03-25 11:32:00', 14.36, 14.36, 14.36, 14.36, 261]
['2019-03-25 11:30:00', 14.37, 14.37, 14.37, 14.37, 341]
['2019-03-25 11:25:00', 14.33, 14.33, 14.33, 14.33, 100]
['2019-03-25 11:22:00', 14.33, 14.33, 14.33, 14.33, 100]
['2019-03-25 11:20:00', 14.33, 14.33, 14.33, 14.33, 189]
['2019-03-25 11:18:00', 14.37, 14.37, 14.37, 14.37, 100]
['2019-03-25 11:08:00', 14.35, 14.35, 14.35, 14.35, 200]
['2019-03-25 10:59:00', 14.35, 14.35, 14.35, 14.35, 105]
['2019-03-25 10:53:00', 14.36, 14.36, 14.36, 14.36, 3119]
['2019-03-25 10:52:00', 14.33, 14.33, 14.33, 14.33, 2682]
['2019-03-25 10:50:00', 14.33, 14.33, 14.33, 14.33, 600]
['2019-03-25 10:49:00', 14.32, 14.32, 14.32, 14.32, 1853]
['2019-03-25 10:48:00', 14.33, 14.33, 14.33, 14.33, 100]
['2019-03-25 10:34:00', 14.31, 14.31, 14.31, 14.31, 150]
['2019-03-25 10:26:00', 14.31, 14.31, 14.31, 14.31, 2200]
['2019-03-25 10:23:00', 14.31, 14.31, 14.31, 14.31, 356]
['2019-03-25 10:06:00', 14.3573, 14.34, 14.34, 14.3573, 3642]
['2019-03-25 09:50:00', 14.34, 14.34, 14.34, 14.34, 1750]
['2019-03-25 09:49:00', 14.3405, 14.3405, 14.3405, 14.3405, 3697]
['2019-03-25 09:44:00', 14.36, 14.36, 14.36, 14.36, 193]
['2019-03-25 09:31:00', 14.34, 14.34, 14.34, 14.34, 0]
