AVNW
['2019-03-29 15:59:00', 15.35, 15.35, 15.35, 15.35, 403]
['2019-03-29 15:57:00', 15.66, 16.0, 15.66, 16.0, 5969]
['2019-03-29 15:55:00', 15.12, 15.12, 15.12, 15.12, 600]
['2019-03-29 15:54:00', 15.1, 15.1, 15.1, 15.1, 400]
['2019-03-29 15:52:00', 15.08, 15.08, 15.08, 15.08, 447]
['2019-03-29 15:50:00', 14.77, 14.77, 14.77, 14.77, 1400]
['2019-03-29 15:47:00', 14.74, 14.745, 14.74, 14.745, 500]
['2019-03-29 15:44:00', 14.5, 14.5, 14.5, 14.5, 1494]
['2019-03-29 15:37:00', 14.48, 14.48, 14.48, 14.48, 132]
['2019-03-29 15:35:00', 14.495, 14.495, 14.495, 14.495, 100]
['2019-03-29 15:33:00', 14.495, 14.495, 14.495, 14.495, 900]
['2019-03-29 15:26:00', 14.4, 14.4, 14.4, 14.4, 304]
['2019-03-29 15:21:00', 14.35, 14.35, 14.35, 14.35, 100]
['2019-03-29 14:48:00', 14.3, 14.3, 14.3, 14.3, 339]
['2019-03-29 14:29:00', 14.3, 14.3, 14.3, 14.3, 300]
['2019-03-29 14:28:00', 14.29, 14.29, 14.29, 14.29, 100]
['2019-03-29 14:25:00', 14.29, 14.29, 14.29, 14.29, 200]
['2019-03-29 14:13:00', 14.29, 14.29, 14.29, 14.29, 500]
['2019-03-29 14:08:00', 14.21, 14.21, 14.21, 14.21, 108]
['2019-03-29 14:03:00', 14.2, 14.2, 14.2, 14.2, 108]
['2019-03-29 14:01:00', 14.2, 14.2, 14.2, 14.2, 200]
['2019-03-29 13:58:00', 14.2, 14.2, 14.2, 14.2, 101]
['2019-03-29 13:56:00', 14.2, 14.2, 14.2, 14.2, 100]
['2019-03-29 13:54:00', 14.2, 14.2, 14.2, 14.2, 100]
['2019-03-29 13:53:00', 14.2, 14.2, 14.2, 14.2, 600]
['2019-03-29 13:45:00', 14.21, 14.21, 14.21, 14.21, 300]
['2019-03-29 13:43:00', 14.2, 14.2, 14.2, 14.2, 503]
['2019-03-29 13:33:00', 14.2, 14.2, 14.2, 14.2, 200]
['2019-03-29 13:31:00', 14.16, 14.18, 14.16, 14.18, 500]
['2019-03-29 13:27:00', 14.15, 14.15, 14.15, 14.15, 100]
['2019-03-29 13:20:00', 13.95, 13.98, 13.95, 13.98, 1123]
['2019-03-29 13:16:00', 13.94, 13.94, 13.94, 13.94, 200]
['2019-03-29 13:12:00', 14.0, 14.0, 14.0, 14.0, 100]
['2019-03-29 13:10:00', 13.97, 13.97, 13.97, 13.97, 1492]
['2019-03-29 13:07:00', 13.85, 13.85, 13.85, 13.85, 1408]
['2019-03-29 13:03:00', 13.99, 13.99, 13.99, 13.99, 100]
['2019-03-29 13:01:00', 13.97, 13.97, 13.97, 13.97, 100]
['2019-03-29 13:00:00', 13.99, 13.99, 13.99, 13.99, 100]
['2019-03-29 12:58:00', 13.99, 13.99, 13.99, 13.99, 100]
['2019-03-29 12:56:00', 13.98, 13.98, 13.98, 13.98, 100]
['2019-03-29 12:54:00', 13.98, 13.98, 13.98, 13.98, 100]
['2019-03-29 12:53:00', 13.98, 13.98, 13.98, 13.98, 200]
['2019-03-29 12:49:00', 14.0, 14.0, 14.0, 14.0, 100]
['2019-03-29 12:47:00', 13.98, 13.98, 13.98, 13.98, 400]
['2019-03-29 12:45:00', 14.0, 14.0, 14.0, 14.0, 100]
['2019-03-29 12:43:00', 13.99, 13.99, 13.99, 13.99, 100]
['2019-03-29 12:41:00', 13.97, 13.97, 13.97, 13.97, 300]
['2019-03-29 12:38:00', 13.98, 13.98, 13.98, 13.98, 100]
['2019-03-29 12:37:00', 13.97, 13.97, 13.97, 13.97, 100]
['2019-03-29 12:35:00', 14.0, 14.0, 14.0, 14.0, 100]
['2019-03-29 12:33:00', 13.99, 13.99, 13.99, 13.99, 200]
['2019-03-29 12:30:00', 13.9, 13.9, 13.9, 13.9, 181]
['2019-03-29 12:29:00', 14.0, 14.0, 14.0, 14.0, 200]
['2019-03-29 12:21:00', 13.85, 13.85, 13.85, 13.85, 1900]
['2019-03-29 12:02:00', 13.95, 13.95, 13.95, 13.95, 100]
['2019-03-29 12:01:00', 13.95, 13.95, 13.95, 13.95, 274]
['2019-03-29 11:59:00', 13.95, 13.95, 13.95, 13.95, 119]
['2019-03-29 11:57:00', 13.88, 13.88, 13.88, 13.88, 1300]
['2019-03-29 11:56:00', 13.8, 13.8, 13.8, 13.8, 1400]
['2019-03-29 11:55:00', 13.8175, 13.8175, 13.8175, 13.8175, 500]
['2019-03-29 11:54:00', 13.95, 13.95, 13.95, 13.95, 100]
['2019-03-29 11:44:00', 13.95, 13.95, 13.95, 13.95, 370]
['2019-03-29 11:35:00', 13.8, 13.8, 13.8, 13.8, 130]
['2019-03-29 11:32:00', 13.8, 13.8, 13.8, 13.8, 1400]
['2019-03-29 11:29:00', 13.8005, 13.8005, 13.8005, 13.8005, 1000]
['2019-03-29 11:11:00', 14.0, 14.0, 14.0, 14.0, 0]
['2019-03-28 15:19:00', 13.62, 13.62, 13.62, 13.62, 264]
['2019-03-28 14:02:00', 13.6806, 13.6806, 13.6806, 13.6806, 196]
['2019-03-28 11:46:00', 13.74, 13.74, 13.74, 13.74, 214]
['2019-03-28 11:22:00', 13.78, 13.78, 13.78, 13.78, 134]
['2019-03-28 10:29:00', 13.66, 13.66, 13.66, 13.66, 102]
['2019-03-28 10:16:00', 13.6931, 13.7, 13.6931, 13.7, 1202]
['2019-03-28 10:15:00', 13.69, 13.71, 13.69, 13.71, 2796]
['2019-03-28 09:45:00', 13.6842, 13.6842, 13.6842, 13.6842, 0]
['2019-03-27 15:57:00', 13.587, 13.587, 13.587, 13.587, 27462]
['2019-03-27 15:50:00', 13.4754, 13.4754, 13.4754, 13.4754, 368]
['2019-03-27 15:49:00', 13.5, 13.5, 13.5, 13.5, 2535]
['2019-03-27 15:44:00', 13.71, 13.71, 13.71, 13.71, 100]
['2019-03-27 15:28:00', 13.52, 13.52, 13.52, 13.52, 1296]
['2019-03-27 15:27:00', 13.51, 13.51, 13.51, 13.51, 1300]
['2019-03-27 15:26:00', 13.3585, 13.3585, 13.3585, 13.3585, 800]
['2019-03-27 15:22:00', 13.65, 13.65, 13.65, 13.65, 2583]
['2019-03-27 12:31:00', 13.5, 13.5057, 13.5, 13.5057, 1150]
['2019-03-27 12:20:00', 13.48, 13.48, 13.48, 13.48, 100]
['2019-03-27 12:19:00', 13.58, 13.58, 13.58, 13.58, 700]
['2019-03-27 12:15:00', 13.5, 13.5, 13.5, 13.5, 200]
['2019-03-27 12:14:00', 13.5, 13.5, 13.5, 13.5, 100]
['2019-03-27 12:12:00', 13.57, 13.57, 13.57, 13.57, 400]
['2019-03-27 12:11:00', 13.6, 13.6, 13.6, 13.6, 500]
['2019-03-27 12:10:00', 13.6011, 13.6011, 13.6011, 13.6011, 800]
['2019-03-27 12:09:00', 13.6928, 13.6928, 13.6928, 13.6928, 800]
['2019-03-27 12:07:00', 13.66, 13.66, 13.66, 13.66, 987]
['2019-03-27 12:06:00', 13.85, 13.85, 13.85, 13.85, 117]
['2019-03-27 12:05:00', 13.89, 13.89, 13.89, 13.89, 100]
['2019-03-27 12:01:00', 13.89, 13.8009, 13.8009, 13.89, 200]
['2019-03-27 11:43:00', 13.7209, 13.7209, 13.7209, 13.7209, 2107]
['2019-03-27 11:39:00', 13.59, 13.59, 13.59, 13.59, 1117]
['2019-03-27 11:37:00', 13.54, 13.54, 13.54, 13.54, 1100]
['2019-03-27 11:36:00', 13.45, 13.4, 13.4, 13.45, 3295]
['2019-03-27 11:34:00', 13.42, 13.42, 13.42, 13.42, 1202]
['2019-03-27 11:33:00', 13.35, 13.35, 13.35, 13.35, 900]
['2019-03-27 10:00:00', 13.52, 13.52, 13.52, 13.52, 176]
['2019-03-27 09:46:00', 13.7887, 13.6, 13.6, 13.7887, 1072]
['2019-03-27 09:41:00', 14.0081, 14.0081, 14.0081, 14.0081, 400]
['2019-03-27 09:38:00', 13.7079, 13.7079, 13.7079, 13.7079, 400]
['2019-03-27 09:35:00', 13.708, 13.708, 13.708, 13.708, 0]
['2019-03-26 15:36:00', 13.6, 13.6, 13.6, 13.6, 101]
['2019-03-26 14:59:00', 13.4, 13.4, 13.4, 13.4, 2214]
['2019-03-26 14:28:00', 13.3529, 13.3529, 13.3529, 13.3529, 700]
['2019-03-26 14:27:00', 13.45, 13.45, 13.45, 13.45, 1600]
['2019-03-26 14:09:00', 13.5, 13.5, 13.5, 13.5, 241]
['2019-03-26 14:08:00', 13.33, 13.33, 13.33, 13.33, 1748]
['2019-03-26 14:07:00', 13.32, 13.32, 13.32, 13.32, 874]
['2019-03-26 14:06:00', 13.27, 13.27, 13.27, 13.27, 450]
['2019-03-26 14:05:00', 13.2, 13.2, 13.2, 13.2, 497]
['2019-03-26 14:02:00', 13.55, 13.4501, 13.4501, 13.55, 1309]
['2019-03-26 13:59:00', 13.753, 13.753, 13.753, 13.753, 441]
['2019-03-26 13:56:00', 13.637, 13.637, 13.637, 13.637, 451]
['2019-03-26 13:43:00', 13.84, 13.84, 13.84, 13.84, 150]
['2019-03-26 13:29:00', 13.4, 13.4, 13.4, 13.4, 200]
['2019-03-26 13:28:00', 13.3345, 13.3345, 13.3345, 13.3345, 1173]
['2019-03-26 13:27:00', 13.34, 13.34, 13.34, 13.34, 0]
['2019-03-25 15:59:00', 13.365, 13.36, 13.36, 13.365, 1968]
['2019-03-25 15:43:00', 13.55, 13.55, 13.55, 13.55, 298]
['2019-03-25 11:19:00', 13.0981, 13.0981, 13.0981, 13.0981, 627]
['2019-03-25 09:31:00', 13.39, 13.39, 13.39, 13.39, 0]
