ATAX
['2019-03-29 16:00:00', 6.85, 6.85, 6.85, 6.85, 314]
['2019-03-29 15:56:00', 6.85, 6.85, 6.85, 6.85, 290]
['2019-03-29 15:47:00', 6.84, 6.84, 6.84, 6.84, 1000]
['2019-03-29 15:40:00', 6.85, 6.85, 6.85, 6.85, 6006]
['2019-03-29 15:38:00', 6.84, 6.84, 6.84, 6.84, 584]
['2019-03-29 15:31:00', 6.85, 6.86, 6.85, 6.86, 1223]
['2019-03-29 15:06:00', 6.8556, 6.8556, 6.8556, 6.8556, 405]
['2019-03-29 15:04:00', 6.8441, 6.8441, 6.8441, 6.8441, 200]
['2019-03-29 14:59:00', 6.84, 6.83, 6.83, 6.84, 500]
['2019-03-29 14:41:00', 6.8341, 6.8341, 6.8341, 6.8341, 125]
['2019-03-29 14:32:00', 6.83, 6.83, 6.83, 6.83, 250]
['2019-03-29 14:30:00', 6.8412, 6.8412, 6.8412, 6.8412, 679]
['2019-03-29 14:29:00', 6.84, 6.84, 6.84, 6.84, 374]
['2019-03-29 14:01:00', 6.825, 6.84, 6.825, 6.84, 8797]
['2019-03-29 13:56:00', 6.8261, 6.8261, 6.8261, 6.8261, 5827]
['2019-03-29 13:54:00', 6.835, 6.835, 6.835, 6.84, 9600]
['2019-03-29 13:35:00', 6.8367, 6.8367, 6.8367, 6.8367, 2500]
['2019-03-29 12:37:00', 6.83, 6.83, 6.83, 6.83, 714]
['2019-03-29 12:36:00', 6.84, 6.84, 6.84, 6.84, 900]
['2019-03-29 12:31:00', 6.83, 6.8399, 6.83, 6.8399, 2929]
['2019-03-29 12:01:00', 6.8399, 6.8399, 6.8399, 6.8399, 5857]
['2019-03-29 11:58:00', 6.84, 6.84, 6.84, 6.84, 1409]
['2019-03-29 11:54:00', 6.84, 6.84, 6.84, 6.84, 2791]
['2019-03-29 11:38:00', 6.8368, 6.8368, 6.8368, 6.8368, 1002]
['2019-03-29 11:28:00', 6.83, 6.83, 6.83, 6.83, 225]
['2019-03-29 10:51:00', 6.84, 6.84, 6.84, 6.84, 1585]
['2019-03-29 10:46:00', 6.839, 6.84, 6.839, 6.84, 13107]
['2019-03-29 10:42:00', 6.84, 6.84, 6.84, 6.84, 107]
['2019-03-29 10:40:00', 6.8297, 6.8297, 6.8297, 6.8297, 6503]
['2019-03-29 10:36:00', 6.84, 6.84, 6.84, 6.84, 115]
['2019-03-29 09:59:00', 6.8291, 6.8291, 6.8291, 6.8291, 4121]
['2019-03-29 09:41:00', 6.8273, 6.8273, 6.8273, 6.8273, 1250]
['2019-03-29 09:34:00', 6.835, 6.835, 6.835, 6.835, 978]
['2019-03-29 09:32:00', 6.85, 6.85, 6.85, 6.85, 0]
['2019-03-28 15:57:00', 6.8396, 6.8396, 6.8396, 6.8396, 1889]
['2019-03-28 15:53:00', 6.82, 6.82, 6.82, 6.82, 392]
['2019-03-28 15:42:00', 6.8162, 6.8162, 6.8162, 6.8162, 2000]
['2019-03-28 15:37:00', 6.82, 6.82, 6.82, 6.82, 100]
['2019-03-28 14:52:00', 6.81, 6.81, 6.81, 6.81, 7067]
['2019-03-28 14:17:00', 6.82, 6.81, 6.81, 6.82, 20180]
['2019-03-28 14:14:00', 6.82, 6.82, 6.82, 6.82, 5900]
['2019-03-28 14:10:00', 6.83, 6.83, 6.83, 6.83, 3665]
['2019-03-28 14:09:00', 6.8199, 6.8199, 6.8199, 6.8199, 253]
['2019-03-28 13:45:00', 6.8101, 6.8101, 6.8101, 6.8101, 1500]
['2019-03-28 13:36:00', 6.81, 6.81, 6.81, 6.81, 1000]
['2019-03-28 13:29:00', 6.81, 6.81, 6.81, 6.81, 10300]
['2019-03-28 12:49:00', 6.82, 6.82, 6.82, 6.82, 850]
['2019-03-28 12:16:00', 6.82, 6.82, 6.82, 6.82, 1470]
['2019-03-28 12:09:00', 6.8199, 6.8199, 6.8199, 6.8199, 800]
['2019-03-28 12:06:00', 6.82, 6.82, 6.82, 6.82, 1000]
['2019-03-28 11:44:00', 6.8101, 6.8101, 6.8101, 6.8101, 1213]
['2019-03-28 11:36:00', 6.81, 6.81, 6.81, 6.81, 405]
['2019-03-28 11:30:00', 6.82, 6.82, 6.82, 6.82, 425]
['2019-03-28 11:26:00', 6.815, 6.815, 6.815, 6.815, 850]
['2019-03-28 11:20:00', 6.82, 6.82, 6.82, 6.82, 1500]
['2019-03-28 11:00:00', 6.8171, 6.8171, 6.8171, 6.8171, 3054]
['2019-03-28 10:54:00', 6.8167, 6.8167, 6.8167, 6.8167, 4000]
['2019-03-28 10:50:00', 6.8168, 6.8168, 6.8168, 6.8168, 700]
['2019-03-28 10:40:00', 6.8199, 6.8199, 6.8199, 6.8199, 1508]
['2019-03-28 10:38:00', 6.819, 6.819, 6.819, 6.819, 557]
['2019-03-28 10:29:00', 6.81, 6.81, 6.81, 6.81, 200]
['2019-03-28 10:27:00', 6.81, 6.81, 6.81, 6.81, 16522]
['2019-03-28 10:25:00', 6.777, 6.777, 6.777, 6.777, 1056]
['2019-03-28 10:19:00', 6.7707, 6.7707, 6.7707, 6.7707, 359]
['2019-03-28 10:16:00', 6.7501, 6.7501, 6.7501, 6.7501, 1479]
['2019-03-28 10:10:00', 6.7533, 6.7533, 6.7533, 6.7533, 256]
['2019-03-28 10:09:00', 6.759, 6.759, 6.759, 6.759, 490]
['2019-03-28 09:58:00', 6.76, 6.76, 6.76, 6.76, 2001]
['2019-03-28 09:53:00', 6.7697, 6.7697, 6.7697, 6.7697, 369]
['2019-03-28 09:51:00', 6.7799, 6.7799, 6.7799, 6.7799, 829]
['2019-03-28 09:48:00', 6.77, 6.77, 6.77, 6.77, 1740]
['2019-03-28 09:45:00', 6.77, 6.77, 6.77, 6.77, 832]
['2019-03-28 09:40:00', 6.77, 6.77, 6.77, 6.77, 1010]
['2019-03-28 09:36:00', 6.77, 6.77, 6.77, 6.77, 1901]
['2019-03-28 09:31:00', 6.77, 6.77, 6.77, 6.77, 1429]
['2019-03-27 15:59:00', 6.87, 6.87, 6.87, 6.87, 100]
['2019-03-27 15:57:00', 6.87, 6.87, 6.87, 6.87, 100]
['2019-03-27 15:55:00', 6.86, 6.86, 6.86, 6.86, 5803]
['2019-03-27 15:54:00', 6.86, 6.86, 6.86, 6.86, 100]
['2019-03-27 15:53:00', 6.87, 6.87, 6.87, 6.87, 700]
['2019-03-27 15:50:00', 6.87, 6.87, 6.87, 6.87, 100]
['2019-03-27 15:47:00', 6.87, 6.87, 6.87, 6.87, 149]
['2019-03-27 15:44:00', 6.87, 6.87, 6.87, 6.87, 100]
['2019-03-27 15:40:00', 6.8601, 6.87, 6.8601, 6.87, 3406]
['2019-03-27 15:36:00', 6.87, 6.87, 6.87, 6.87, 100]
['2019-03-27 15:24:00', 6.8699, 6.8699, 6.8699, 6.8699, 1000]
['2019-03-27 15:23:00', 6.86, 6.86, 6.86, 6.86, 2300]
['2019-03-27 15:22:00', 6.85, 6.85, 6.85, 6.85, 1300]
['2019-03-27 15:10:00', 6.845, 6.84, 6.84, 6.845, 1041]
['2019-03-27 15:01:00', 6.842, 6.842, 6.842, 6.842, 400]
['2019-03-27 14:54:00', 6.85, 6.8485, 6.8485, 6.85, 3047]
['2019-03-27 14:48:00', 6.849, 6.849, 6.849, 6.849, 1000]
['2019-03-27 14:39:00', 6.84, 6.84, 6.84, 6.84, 1000]
['2019-03-27 14:22:00', 6.84, 6.84, 6.84, 6.84, 1100]
['2019-03-27 14:16:00', 6.8457, 6.8457, 6.8457, 6.8457, 400]
['2019-03-27 14:00:00', 6.84, 6.84, 6.84, 6.84, 555]
['2019-03-27 13:53:00', 6.8415, 6.8415, 6.8415, 6.8415, 1101]
['2019-03-27 13:52:00', 6.85, 6.8496, 6.8496, 6.85, 5005]
['2019-03-27 13:50:00', 6.85, 6.85, 6.85, 6.85, 3400]
['2019-03-27 13:47:00', 6.845, 6.845, 6.845, 6.845, 100]
['2019-03-27 13:45:00', 6.845, 6.845, 6.845, 6.845, 400]
['2019-03-27 13:39:00', 6.84, 6.84, 6.84, 6.84, 749]
['2019-03-27 13:32:00', 6.8426, 6.8426, 6.8426, 6.8426, 730]
['2019-03-27 13:23:00', 6.85, 6.85, 6.85, 6.85, 1963]
['2019-03-27 13:05:00', 6.84, 6.84, 6.84, 6.84, 2037]
['2019-03-27 12:55:00', 6.83, 6.83, 6.83, 6.83, 2012]
['2019-03-27 12:50:00', 6.849, 6.848, 6.848, 6.849, 2000]
['2019-03-27 12:42:00', 6.84, 6.84, 6.84, 6.84, 1920]
['2019-03-27 12:38:00', 6.8397, 6.8397, 6.8397, 6.8397, 4000]
['2019-03-27 12:36:00', 6.839, 6.839, 6.839, 6.839, 550]
['2019-03-27 12:30:00', 6.8399, 6.8399, 6.8399, 6.8399, 2300]
['2019-03-27 12:28:00', 6.83, 6.82, 6.82, 6.83, 5224]
['2019-03-27 11:53:00', 6.84, 6.84, 6.84, 6.84, 1105]
['2019-03-27 11:51:00', 6.84, 6.84, 6.84, 6.84, 2300]
['2019-03-27 11:38:00', 6.845, 6.845, 6.845, 6.845, 1949]
['2019-03-27 11:36:00', 6.84, 6.84, 6.84, 6.84, 100]
['2019-03-27 11:33:00', 6.85, 6.85, 6.85, 6.85, 8700]
['2019-03-27 11:31:00', 6.84, 6.84, 6.84, 6.84, 100]
['2019-03-27 11:28:00', 6.835, 6.835, 6.835, 6.835, 146]
['2019-03-27 11:27:00', 6.8349, 6.8349, 6.8349, 6.8349, 594]
['2019-03-27 11:19:00', 6.83, 6.83, 6.83, 6.83, 5268]
['2019-03-27 11:11:00', 6.8264, 6.8264, 6.8264, 6.8264, 100]
['2019-03-27 11:08:00', 6.8264, 6.8264, 6.8264, 6.8264, 100]
['2019-03-27 11:00:00', 6.82, 6.82, 6.82, 6.82, 2500]
['2019-03-27 10:49:00', 6.8, 6.8, 6.8, 6.8, 4954]
['2019-03-27 10:34:00', 6.81, 6.81, 6.81, 6.81, 1165]
['2019-03-27 10:22:00', 6.8, 6.8, 6.8, 6.8, 1889]
['2019-03-27 10:18:00', 6.8084, 6.8084, 6.8084, 6.8084, 374]
['2019-03-27 10:10:00', 6.79, 6.81, 6.79, 6.81, 432]
['2019-03-27 10:00:00', 6.79, 6.79, 6.79, 6.79, 1000]
['2019-03-27 09:54:00', 6.795, 6.795, 6.795, 6.795, 173]
['2019-03-27 09:46:00', 6.7995, 6.7995, 6.7995, 6.7995, 2021]
['2019-03-27 09:34:00', 6.81, 6.81, 6.81, 6.81, 0]
['2019-03-26 16:00:00', 6.8, 6.8, 6.8, 6.8, 3899]
['2019-03-26 15:58:00', 6.81, 6.81, 6.81, 6.81, 107]
['2019-03-26 15:55:00', 6.805, 6.81, 6.805, 6.81, 324]
['2019-03-26 15:46:00', 6.8, 6.8, 6.8, 6.8, 1000]
['2019-03-26 15:41:00', 6.7906, 6.7906, 6.7906, 6.7906, 1753]
['2019-03-26 15:35:00', 6.8, 6.8, 6.8, 6.8, 195]
['2019-03-26 15:34:00', 6.81, 6.81, 6.81, 6.81, 5265]
['2019-03-26 15:25:00', 6.7958, 6.7958, 6.7958, 6.7958, 2000]
['2019-03-26 15:20:00', 6.7895, 6.7895, 6.7895, 6.7895, 898]
['2019-03-26 15:19:00', 6.7893, 6.7893, 6.7893, 6.7893, 973]
['2019-03-26 15:12:00', 6.8, 6.8, 6.8, 6.8, 100]
['2019-03-26 15:00:00', 6.7792, 6.7792, 6.7792, 6.7792, 7924]
['2019-03-26 14:58:00', 6.79, 6.78, 6.78, 6.79, 21063]
['2019-03-26 14:55:00', 6.81, 6.81, 6.81, 6.81, 1113]
['2019-03-26 14:50:00', 6.79, 6.79, 6.79, 6.79, 100]
['2019-03-26 14:46:00', 6.79, 6.79, 6.79, 6.79, 351]
['2019-03-26 14:45:00', 6.78, 6.78, 6.78, 6.78, 2950]
['2019-03-26 14:44:00', 6.78, 6.78, 6.78, 6.78, 3877]
['2019-03-26 14:40:00', 6.779, 6.779, 6.779, 6.779, 1000]
['2019-03-26 14:38:00', 6.7799, 6.7799, 6.7799, 6.7799, 100]
['2019-03-26 14:32:00', 6.76, 6.76, 6.76, 6.76, 1950]
['2019-03-26 14:28:00', 6.774, 6.774, 6.774, 6.774, 3600]
['2019-03-26 14:26:00', 6.77, 6.77, 6.77, 6.77, 2924]
['2019-03-26 14:14:00', 6.76, 6.76, 6.76, 6.76, 2185]
['2019-03-26 14:10:00', 6.7644, 6.7644, 6.7644, 6.7644, 1200]
['2019-03-26 14:06:00', 6.7759, 6.7759, 6.7759, 6.7759, 300]
['2019-03-26 13:39:00', 6.7728, 6.7728, 6.7728, 6.7728, 2937]
['2019-03-26 13:29:00', 6.7822, 6.7822, 6.7822, 6.7822, 2088]
['2019-03-26 13:02:00', 6.77, 6.77, 6.77, 6.77, 605]
['2019-03-26 13:00:00', 6.7828, 6.7828, 6.7828, 6.7828, 200]
['2019-03-26 12:59:00', 6.7821, 6.7821, 6.7821, 6.7821, 200]
['2019-03-26 12:57:00', 6.7781, 6.7781, 6.7781, 6.7781, 9033]
['2019-03-26 12:55:00', 6.76, 6.76, 6.76, 6.76, 2400]
['2019-03-26 12:52:00', 6.7699, 6.7699, 6.7699, 6.7699, 4800]
['2019-03-26 12:51:00', 6.7699, 6.7699, 6.7699, 6.7699, 2950]
['2019-03-26 12:50:00', 6.7699, 6.7699, 6.7699, 6.7699, 3442]
['2019-03-26 12:47:00', 6.77, 6.77, 6.77, 6.77, 10025]
['2019-03-26 12:45:00', 6.8, 6.7999, 6.7999, 6.803, 10107]
['2019-03-26 12:42:00', 6.8, 6.8, 6.8, 6.8, 1056]
['2019-03-26 12:39:00', 6.805, 6.8, 6.8, 6.805, 3400]
['2019-03-26 12:37:00', 6.81, 6.81, 6.81, 6.81, 500]
['2019-03-26 12:31:00', 6.8027, 6.8029, 6.8027, 6.8029, 1053]
['2019-03-26 12:28:00', 6.81, 6.81, 6.81, 6.81, 100]
['2019-03-26 12:11:00', 6.8001, 6.8001, 6.8001, 6.8001, 407]
['2019-03-26 12:09:00', 6.81, 6.81, 6.81, 6.81, 892]
['2019-03-26 12:07:00', 6.81, 6.81, 6.81, 6.81, 6101]
['2019-03-26 12:06:00', 6.81, 6.81, 6.81, 6.81, 200]
['2019-03-26 12:05:00', 6.81, 6.81, 6.81, 6.81, 200]
['2019-03-26 12:04:00', 6.81, 6.81, 6.81, 6.81, 200]
['2019-03-26 12:03:00', 6.81, 6.81, 6.81, 6.81, 479]
['2019-03-26 12:01:00', 6.81, 6.81, 6.81, 6.81, 100]
['2019-03-26 12:00:00', 6.81, 6.81, 6.81, 6.81, 3964]
['2019-03-26 11:58:00', 6.81, 6.81, 6.81, 6.81, 288]
['2019-03-26 11:57:00', 6.81, 6.81, 6.81, 6.81, 410]
['2019-03-26 11:54:00', 6.8, 6.8, 6.8, 6.8, 585]
['2019-03-26 11:53:00', 6.81, 6.81, 6.81, 6.81, 1700]
['2019-03-26 11:49:00', 6.7901, 6.7901, 6.7901, 6.7901, 100]
['2019-03-26 11:42:00', 6.8, 6.79, 6.79, 6.8, 10487]
['2019-03-26 11:39:00', 6.8089, 6.8, 6.8, 6.8089, 3932]
['2019-03-26 11:38:00', 6.8078, 6.8078, 6.8078, 6.8078, 100]
['2019-03-26 11:20:00', 6.8, 6.81, 6.8, 6.81, 985]
['2019-03-26 11:09:00', 6.7901, 6.7901, 6.7901, 6.7901, 260]
['2019-03-26 11:04:00', 6.8011, 6.8011, 6.8011, 6.8011, 300]
['2019-03-26 11:01:00', 6.7975, 6.7975, 6.7975, 6.7975, 1127]
['2019-03-26 10:58:00', 6.8, 6.8, 6.8, 6.8, 870]
['2019-03-26 10:57:00', 6.81, 6.81, 6.81, 6.81, 33291]
['2019-03-26 10:47:00', 6.82, 6.82, 6.82, 6.82, 596]
['2019-03-26 10:45:00', 6.825, 6.825, 6.825, 6.825, 276]
['2019-03-26 10:40:00', 6.8299, 6.8299, 6.8299, 6.8299, 3400]
['2019-03-26 10:38:00', 6.8201, 6.8201, 6.8201, 6.8201, 3675]
['2019-03-26 10:34:00', 6.84, 6.84, 6.84, 6.84, 23586]
['2019-03-26 10:32:00', 6.84, 6.84, 6.84, 6.84, 1577]
['2019-03-26 10:04:00', 6.84, 6.84, 6.84, 6.84, 989]
['2019-03-26 10:03:00', 6.85, 6.85, 6.85, 6.85, 20982]
['2019-03-26 09:42:00', 6.81, 6.85, 6.81, 6.85, 8300]
['2019-03-26 09:38:00', 6.8334, 6.8334, 6.8334, 6.8334, 1500]
['2019-03-26 09:34:00', 6.8185, 6.8185, 6.8185, 6.8185, 2754]
['2019-03-26 09:31:00', 6.83, 6.83, 6.83, 6.83, 0]
['2019-03-25 16:00:00', 6.81, 6.81, 6.81, 6.81, 11624]
['2019-03-25 15:57:00', 6.832, 6.832, 6.832, 6.832, 1469]
['2019-03-25 15:54:00', 6.8356, 6.8356, 6.8356, 6.8356, 2119]
['2019-03-25 15:53:00', 6.84, 6.84, 6.84, 6.84, 2383]
['2019-03-25 15:51:00', 6.84, 6.84, 6.84, 6.84, 1100]
['2019-03-25 15:49:00', 6.84, 6.85, 6.84, 6.86, 13800]
['2019-03-25 15:44:00', 6.8315, 6.8325, 6.8315, 6.8325, 2150]
['2019-03-25 15:42:00', 6.8399, 6.8399, 6.8399, 6.8399, 1500]
['2019-03-25 15:32:00', 6.835, 6.835, 6.835, 6.835, 3000]
['2019-03-25 15:20:00', 6.8276, 6.8276, 6.8276, 6.8276, 1250]
['2019-03-25 15:18:00', 6.829, 6.829, 6.829, 6.829, 5000]
['2019-03-25 15:10:00', 6.83, 6.84, 6.83, 6.84, 3911]
['2019-03-25 15:08:00', 6.8287, 6.8287, 6.8287, 6.8287, 1011]
['2019-03-25 15:06:00', 6.825, 6.825, 6.825, 6.825, 100]
['2019-03-25 14:58:00', 6.8101, 6.8101, 6.8101, 6.8101, 5705]
['2019-03-25 14:48:00', 6.801, 6.8031, 6.801, 6.8031, 3000]
['2019-03-25 14:39:00', 6.804, 6.818, 6.804, 6.818, 2165]
['2019-03-25 14:34:00', 6.8099, 6.8099, 6.8099, 6.8099, 2902]
['2019-03-25 14:23:00', 6.8042, 6.8042, 6.8042, 6.8042, 2000]
['2019-03-25 14:01:00', 6.81, 6.81, 6.81, 6.81, 200]
['2019-03-25 13:55:00', 6.81, 6.81, 6.81, 6.81, 1000]
['2019-03-25 13:52:00', 6.82, 6.82, 6.82, 6.82, 2540]
['2019-03-25 13:51:00', 6.825, 6.825, 6.825, 6.825, 1500]
['2019-03-25 13:48:00', 6.82, 6.82, 6.82, 6.82, 100]
['2019-03-25 13:41:00', 6.82, 6.82, 6.82, 6.82, 365]
['2019-03-25 13:38:00', 6.8146, 6.8146, 6.8146, 6.8146, 205]
['2019-03-25 13:30:00', 6.8298, 6.8298, 6.8298, 6.8298, 439]
['2019-03-25 13:28:00', 6.82, 6.82, 6.82, 6.82, 200]
['2019-03-25 13:27:00', 6.8136, 6.8136, 6.8136, 6.8136, 100]
['2019-03-25 13:24:00', 6.81, 6.81, 6.81, 6.81, 500]
['2019-03-25 13:22:00', 6.8235, 6.8235, 6.8235, 6.8235, 500]
['2019-03-25 12:52:00', 6.8261, 6.8261, 6.8261, 6.8261, 9051]
['2019-03-25 12:48:00', 6.84, 6.8, 6.8, 6.84, 10142]
['2019-03-25 12:43:00', 6.8301, 6.8301, 6.8301, 6.8301, 5077]
['2019-03-25 12:32:00', 6.8399, 6.8399, 6.8399, 6.8399, 601]
['2019-03-25 12:19:00', 6.83, 6.83, 6.83, 6.83, 622]
['2019-03-25 12:17:00', 6.8435, 6.85, 6.8435, 6.85, 3207]
['2019-03-25 12:09:00', 6.8499, 6.8499, 6.8499, 6.8499, 5595]
['2019-03-25 12:07:00', 6.8499, 6.8499, 6.8499, 6.8499, 3581]
['2019-03-25 11:44:00', 6.85, 6.85, 6.85, 6.85, 200]
['2019-03-25 11:41:00', 6.85, 6.8557, 6.85, 6.8557, 1000]
['2019-03-25 11:20:00', 6.85, 6.85, 6.85, 6.85, 1769]
['2019-03-25 11:19:00', 6.845, 6.845, 6.845, 6.845, 2300]
['2019-03-25 10:56:00', 6.839, 6.839, 6.839, 6.839, 1601]
['2019-03-25 10:55:00', 6.83, 6.83, 6.83, 6.83, 1400]
['2019-03-25 10:54:00', 6.8264, 6.8264, 6.8264, 6.8264, 1400]
['2019-03-25 10:53:00', 6.82, 6.82, 6.82, 6.82, 2141]
['2019-03-25 10:46:00', 6.8012, 6.8012, 6.8012, 6.8012, 122]
['2019-03-25 10:33:00', 6.8, 6.8, 6.8, 6.8, 3001]
['2019-03-25 10:29:00', 6.78, 6.78, 6.78, 6.78, 2300]
['2019-03-25 10:24:00', 6.7765, 6.7765, 6.7765, 6.7765, 9600]
['2019-03-25 10:23:00', 6.775, 6.775, 6.775, 6.775, 4501]
['2019-03-25 10:22:00', 6.78, 6.78, 6.78, 6.78, 2000]
['2019-03-25 10:21:00', 6.7811, 6.7811, 6.7811, 6.7811, 6747]
['2019-03-25 10:18:00', 6.7887, 6.7887, 6.7887, 6.7887, 270]
['2019-03-25 10:05:00', 6.7915, 6.7897, 6.7897, 6.7915, 1240]
['2019-03-25 10:03:00', 6.7864, 6.7864, 6.7864, 6.7864, 400]
['2019-03-25 09:57:00', 6.7885, 6.7885, 6.7885, 6.7885, 200]
['2019-03-25 09:50:00', 6.8, 6.7963, 6.7963, 6.8, 7277]
['2019-03-25 09:38:00', 6.798, 6.798, 6.798, 6.798, 587]
['2019-03-25 09:31:00', 6.8, 6.8, 6.8, 6.8, 0]
