AMC
['2019-03-29 16:00:00', 14.86, 14.84, 14.84, 14.86, 18226]
['2019-03-29 15:59:00', 14.86, 14.86, 14.86, 14.86, 4343]
['2019-03-29 15:58:00', 14.855, 14.86, 14.855, 14.86, 4397]
['2019-03-29 15:57:00', 14.85, 14.86, 14.85, 14.86, 3931]
['2019-03-29 15:56:00', 14.87, 14.86, 14.85, 14.87, 14972]
['2019-03-29 15:55:00', 14.875, 14.86, 14.86, 14.875, 8296]
['2019-03-29 15:54:00', 14.89, 14.875, 14.875, 14.89, 14295]
['2019-03-29 15:53:00', 14.875, 14.885, 14.875, 14.885, 4376]
['2019-03-29 15:52:00', 14.85, 14.87, 14.85, 14.87, 5449]
['2019-03-29 15:51:00', 14.84, 14.85, 14.84, 14.85, 9944]
['2019-03-29 15:50:00', 14.84, 14.85, 14.84, 14.85, 5029]
['2019-03-29 15:49:00', 14.85, 14.835, 14.835, 14.85, 17347]
['2019-03-29 15:48:00', 14.86, 14.86, 14.86, 14.86, 7488]
['2019-03-29 15:47:00', 14.86, 14.86, 14.86, 14.86, 933]
['2019-03-29 15:46:00', 14.83, 14.85, 14.83, 14.85, 9991]
['2019-03-29 15:45:00', 14.83, 14.83, 14.83, 14.83, 366]
['2019-03-29 15:44:00', 14.83, 14.83, 14.83, 14.83, 603]
['2019-03-29 15:43:00', 14.825, 14.83, 14.825, 14.83, 3342]
['2019-03-29 15:42:00', 14.83, 14.83, 14.83, 14.83, 7609]
['2019-03-29 15:41:00', 14.83, 14.84, 14.83, 14.84, 1937]
['2019-03-29 15:40:00', 14.84, 14.84, 14.84, 14.84, 1336]
['2019-03-29 15:39:00', 14.82, 14.83, 14.82, 14.83, 3498]
['2019-03-29 15:37:00', 14.8154, 14.8154, 14.8154, 14.8154, 1210]
['2019-03-29 15:35:00', 14.81, 14.81, 14.81, 14.81, 1528]
['2019-03-29 15:33:00', 14.8, 14.8, 14.8, 14.8, 4954]
['2019-03-29 15:32:00', 14.8, 14.8, 14.8, 14.8, 2152]
['2019-03-29 15:31:00', 14.8, 14.8, 14.8, 14.8, 340]
['2019-03-29 15:30:00', 14.81, 14.81, 14.81, 14.81, 673]
['2019-03-29 15:29:00', 14.82, 14.82, 14.82, 14.82, 1588]
['2019-03-29 15:28:00', 14.81, 14.82, 14.81, 14.82, 1337]
['2019-03-29 15:26:00', 14.8, 14.8, 14.8, 14.8, 354]
['2019-03-29 15:25:00', 14.81, 14.81, 14.81, 14.81, 247]
['2019-03-29 15:24:00', 14.81, 14.8, 14.8, 14.81, 1621]
['2019-03-29 15:23:00', 14.82, 14.82, 14.82, 14.82, 2470]
['2019-03-29 15:22:00', 14.82, 14.82, 14.82, 14.82, 1384]
['2019-03-29 15:21:00', 14.81, 14.81, 14.81, 14.81, 1302]
['2019-03-29 15:19:00', 14.83, 14.82, 14.82, 14.83, 1569]
['2019-03-29 15:18:00', 14.83, 14.83, 14.83, 14.83, 250]
['2019-03-29 15:17:00', 14.81, 14.82, 14.81, 14.82, 1176]
['2019-03-29 15:16:00', 14.8, 14.8, 14.8, 14.8, 1867]
['2019-03-29 15:14:00', 14.81, 14.81, 14.81, 14.81, 761]
['2019-03-29 15:13:00', 14.84, 14.8288, 14.8288, 14.84, 3752]
['2019-03-29 15:12:00', 14.845, 14.845, 14.845, 14.845, 585]
['2019-03-29 15:11:00', 14.85, 14.85, 14.85, 14.85, 442]
['2019-03-29 15:10:00', 14.87, 14.85, 14.85, 14.87, 16828]
['2019-03-29 15:08:00', 14.87, 14.87, 14.87, 14.87, 246]
['2019-03-29 15:07:00', 14.9, 14.88, 14.88, 14.9, 2027]
['2019-03-29 15:06:00', 14.91, 14.905, 14.905, 14.91, 3355]
['2019-03-29 15:05:00', 14.92, 14.92, 14.92, 14.92, 200]
['2019-03-29 15:03:00', 14.92, 14.92, 14.92, 14.92, 200]
['2019-03-29 15:02:00', 14.92, 14.92, 14.92, 14.92, 2513]
['2019-03-29 15:01:00', 14.9, 14.9, 14.9, 14.9066, 1782]
['2019-03-29 15:00:00', 14.89, 14.89, 14.89, 14.89, 2300]
['2019-03-29 14:58:00', 14.9, 14.9, 14.9, 14.9, 2842]
['2019-03-29 14:56:00', 14.9003, 14.9003, 14.9003, 14.9003, 1405]
['2019-03-29 14:55:00', 14.9, 14.9, 14.9, 14.9, 2314]
['2019-03-29 14:52:00', 14.89, 14.89, 14.89, 14.89, 3011]
['2019-03-29 14:51:00', 14.87, 14.87, 14.87, 14.87, 517]
['2019-03-29 14:50:00', 14.87, 14.87, 14.87, 14.87, 380]
['2019-03-29 14:48:00', 14.87, 14.87, 14.87, 14.87, 100]
['2019-03-29 14:47:00', 14.87, 14.87, 14.87, 14.87, 1443]
['2019-03-29 14:46:00', 14.8803, 14.88, 14.88, 14.9, 14805]
['2019-03-29 14:45:00', 14.89, 14.89, 14.89, 14.89, 700]
['2019-03-29 14:43:00', 14.8801, 14.895, 14.8801, 14.895, 1410]
['2019-03-29 14:42:00', 14.86, 14.87, 14.86, 14.87, 5003]
['2019-03-29 14:41:00', 14.88, 14.88, 14.88, 14.88, 1000]
['2019-03-29 14:40:00', 14.89, 14.89, 14.89, 14.89, 3976]
['2019-03-29 14:38:00', 14.87, 14.87, 14.87, 14.87, 551]
['2019-03-29 14:37:00', 14.865, 14.865, 14.865, 14.865, 583]
['2019-03-29 14:36:00', 14.87, 14.87, 14.87, 14.87, 3637]
['2019-03-29 14:34:00', 14.87, 14.8799, 14.87, 14.8799, 793]
['2019-03-29 14:33:00', 14.86, 14.87, 14.86, 14.87, 3163]
['2019-03-29 14:32:00', 14.85, 14.85, 14.85, 14.85, 302]
['2019-03-29 14:31:00', 14.85, 14.85, 14.85, 14.85, 1272]
['2019-03-29 14:30:00', 14.85, 14.85, 14.85, 14.85, 1000]
['2019-03-29 14:28:00', 14.85, 14.85, 14.85, 14.85, 304]
['2019-03-29 14:27:00', 14.86, 14.85, 14.85, 14.86, 2428]
['2019-03-29 14:26:00', 14.86, 14.87, 14.86, 14.87, 1306]
['2019-03-29 14:24:00', 14.85, 14.85, 14.85, 14.85, 1456]
['2019-03-29 14:23:00', 14.84, 14.8466, 14.84, 14.8466, 2200]
['2019-03-29 14:21:00', 14.84, 14.84, 14.84, 14.84, 222]
['2019-03-29 14:20:00', 14.84, 14.84, 14.84, 14.84, 1149]
['2019-03-29 14:19:00', 14.85, 14.85, 14.85, 14.85, 300]
['2019-03-29 14:18:00', 14.86, 14.86, 14.86, 14.86, 300]
['2019-03-29 14:17:00', 14.86, 14.86, 14.86, 14.86, 500]
['2019-03-29 14:16:00', 14.85, 14.85, 14.85, 14.85, 340]
['2019-03-29 14:14:00', 14.86, 14.86, 14.86, 14.86, 1605]
['2019-03-29 14:13:00', 14.85, 14.85, 14.85, 14.85, 775]
['2019-03-29 14:12:00', 14.85, 14.85, 14.85, 14.85, 692]
['2019-03-29 14:11:00', 14.85, 14.85, 14.85, 14.85, 308]
['2019-03-29 14:10:00', 14.85, 14.85, 14.85, 14.85, 890]
['2019-03-29 14:09:00', 14.84, 14.84, 14.84, 14.84, 2315]
['2019-03-29 14:07:00', 14.82, 14.82, 14.82, 14.82, 207]
['2019-03-29 14:02:00', 14.83, 14.83, 14.83, 14.83, 1008]
['2019-03-29 14:01:00', 14.82, 14.82, 14.82, 14.82, 1123]
['2019-03-29 14:00:00', 14.83, 14.83, 14.83, 14.83, 1359]
['2019-03-29 13:58:00', 14.82, 14.82, 14.82, 14.82, 234]
['2019-03-29 13:57:00', 14.815, 14.815, 14.815, 14.815, 682]
['2019-03-29 13:55:00', 14.83, 14.83, 14.83, 14.83, 900]
['2019-03-29 13:54:00', 14.83, 14.83, 14.83, 14.83, 521]
['2019-03-29 13:53:00', 14.8249, 14.8249, 14.8249, 14.8249, 611]
['2019-03-29 13:51:00', 14.8267, 14.8267, 14.8267, 14.8267, 1233]
['2019-03-29 13:50:00', 14.83, 14.83, 14.83, 14.83, 300]
['2019-03-29 13:49:00', 14.82, 14.82, 14.82, 14.82, 344]
['2019-03-29 13:48:00', 14.83, 14.83, 14.83, 14.83, 4227]
['2019-03-29 13:47:00', 14.85, 14.79, 14.79, 14.85, 6840]
['2019-03-29 13:46:00', 14.86, 14.86, 14.86, 14.86, 567]
['2019-03-29 13:45:00', 14.87, 14.87, 14.87, 14.87, 349]
['2019-03-29 13:43:00', 14.8563, 14.8563, 14.8563, 14.8563, 541]
['2019-03-29 13:42:00', 14.85, 14.85, 14.85, 14.85, 567]
['2019-03-29 13:41:00', 14.85, 14.85, 14.85, 14.85, 613]
['2019-03-29 13:40:00', 14.86, 14.86, 14.86, 14.86, 827]
['2019-03-29 13:39:00', 14.85, 14.85, 14.85, 14.85, 500]
['2019-03-29 13:38:00', 14.85, 14.84, 14.84, 14.85, 1826]
['2019-03-29 13:37:00', 14.85, 14.85, 14.85, 14.85, 928]
['2019-03-29 13:36:00', 14.85, 14.85, 14.85, 14.85, 2106]
['2019-03-29 13:35:00', 14.81, 14.83, 14.81, 14.84, 5236]
['2019-03-29 13:34:00', 14.8, 14.81, 14.8, 14.81, 2382]
['2019-03-29 13:33:00', 14.79, 14.79, 14.79, 14.79, 500]
['2019-03-29 13:32:00', 14.79, 14.78, 14.78, 14.79, 2278]
['2019-03-29 13:31:00', 14.78, 14.78, 14.78, 14.78, 500]
['2019-03-29 13:29:00', 14.79, 14.79, 14.79, 14.79, 493]
['2019-03-29 13:28:00', 14.77, 14.77, 14.77, 14.77, 1332]
['2019-03-29 13:26:00', 14.79, 14.79, 14.79, 14.79, 476]
['2019-03-29 13:25:00', 14.79, 14.79, 14.79, 14.79, 1305]
['2019-03-29 13:23:00', 14.7949, 14.7949, 14.7949, 14.7949, 407]
['2019-03-29 13:22:00', 14.7951, 14.7951, 14.7951, 14.7951, 1053]
['2019-03-29 13:21:00', 14.78, 14.775, 14.775, 14.78, 1530]
['2019-03-29 13:19:00', 14.781, 14.78, 14.78, 14.781, 1009]
['2019-03-29 13:18:00', 14.78, 14.78, 14.78, 14.78, 2374]
['2019-03-29 13:17:00', 14.78, 14.78, 14.78, 14.78, 669]
['2019-03-29 13:16:00', 14.78, 14.78, 14.78, 14.78, 696]
['2019-03-29 13:15:00', 14.78, 14.78, 14.78, 14.78, 1829]
['2019-03-29 13:13:00', 14.7899, 14.7899, 14.7899, 14.7899, 155]
['2019-03-29 13:11:00', 14.79, 14.78, 14.78, 14.79, 1479]
['2019-03-29 13:10:00', 14.78, 14.79, 14.78, 14.79, 2048]
['2019-03-29 13:05:00', 14.77, 14.77, 14.77, 14.77, 882]
['2019-03-29 13:02:00', 14.76, 14.76, 14.76, 14.76, 531]
['2019-03-29 13:00:00', 14.7533, 14.76, 14.7533, 14.76, 1268]
['2019-03-29 12:58:00', 14.75, 14.75, 14.75, 14.75, 1042]
['2019-03-29 12:56:00', 14.75, 14.74, 14.74, 14.75, 3583]
['2019-03-29 12:55:00', 14.74, 14.74, 14.74, 14.74, 179]
['2019-03-29 12:53:00', 14.73, 14.73, 14.73, 14.73, 553]
['2019-03-29 12:52:00', 14.72, 14.72, 14.72, 14.72, 938]
['2019-03-29 12:51:00', 14.72, 14.72, 14.72, 14.72, 617]
['2019-03-29 12:50:00', 14.73, 14.73, 14.73, 14.73, 525]
['2019-03-29 12:49:00', 14.725, 14.725, 14.725, 14.725, 403]
['2019-03-29 12:48:00', 14.72, 14.72, 14.72, 14.72, 530]
['2019-03-29 12:47:00', 14.74, 14.74, 14.74, 14.74, 1591]
['2019-03-29 12:46:00', 14.75, 14.75, 14.75, 14.75, 1300]
['2019-03-29 12:45:00', 14.75, 14.735, 14.735, 14.75, 2857]
['2019-03-29 12:43:00', 14.76, 14.755, 14.755, 14.77, 7673]
['2019-03-29 12:42:00', 14.75, 14.75, 14.75, 14.75, 2844]
['2019-03-29 12:41:00', 14.76, 14.75, 14.75, 14.76, 1166]
['2019-03-29 12:39:00', 14.76, 14.76, 14.76, 14.76, 738]
['2019-03-29 12:38:00', 14.75, 14.75, 14.75, 14.75, 2100]
['2019-03-29 12:37:00', 14.74, 14.75, 14.74, 14.75, 1445]
['2019-03-29 12:35:00', 14.74, 14.74, 14.74, 14.74, 891]
['2019-03-29 12:34:00', 14.74, 14.74, 14.74, 14.74, 807]
['2019-03-29 12:31:00', 14.73, 14.73, 14.73, 14.73, 215]
['2019-03-29 12:30:00', 14.74, 14.7347, 14.7347, 14.74, 3508]
['2019-03-29 12:29:00', 14.75, 14.75, 14.75, 14.75, 1300]
['2019-03-29 12:27:00', 14.74, 14.74, 14.74, 14.74, 914]
['2019-03-29 12:26:00', 14.7499, 14.7499, 14.7499, 14.7499, 1315]
['2019-03-29 12:23:00', 14.75, 14.75, 14.75, 14.75, 2398]
['2019-03-29 12:20:00', 14.74, 14.73, 14.73, 14.74, 1491]
['2019-03-29 12:19:00', 14.74, 14.74, 14.74, 14.74, 459]
['2019-03-29 12:16:00', 14.72, 14.73, 14.72, 14.73, 2333]
['2019-03-29 12:15:00', 14.7461, 14.73, 14.73, 14.7461, 3589]
['2019-03-29 12:14:00', 14.73, 14.73, 14.73, 14.73, 827]
['2019-03-29 12:13:00', 14.73, 14.73, 14.73, 14.73, 100]
['2019-03-29 12:11:00', 14.73, 14.73, 14.73, 14.73, 123]
['2019-03-29 12:10:00', 14.72, 14.72, 14.72, 14.72, 746]
['2019-03-29 12:09:00', 14.715, 14.715, 14.715, 14.715, 1330]
['2019-03-29 12:08:00', 14.72, 14.72, 14.72, 14.72, 453]
['2019-03-29 12:06:00', 14.72, 14.72, 14.72, 14.72, 1849]
['2019-03-29 12:04:00', 14.74, 14.74, 14.74, 14.74, 262]
['2019-03-29 12:03:00', 14.73, 14.73, 14.73, 14.73, 412]
['2019-03-29 12:02:00', 14.7256, 14.7256, 14.7256, 14.7256, 851]
['2019-03-29 12:01:00', 14.72, 14.72, 14.72, 14.72, 984]
['2019-03-29 12:00:00', 14.74, 14.74, 14.74, 14.74, 501]
['2019-03-29 11:59:00', 14.7385, 14.7385, 14.7385, 14.7385, 955]
['2019-03-29 11:58:00', 14.74, 14.74, 14.74, 14.74, 1000]
['2019-03-29 11:57:00', 14.73, 14.73, 14.73, 14.73, 1310]
['2019-03-29 11:56:00', 14.725, 14.725, 14.725, 14.725, 100]
['2019-03-29 11:55:00', 14.73, 14.73, 14.73, 14.73, 830]
['2019-03-29 11:54:00', 14.73, 14.73, 14.73, 14.73, 732]
['2019-03-29 11:53:00', 14.74, 14.74, 14.74, 14.74, 1975]
['2019-03-29 11:52:00', 14.74, 14.74, 14.74, 14.74, 429]
['2019-03-29 11:51:00', 14.74, 14.74, 14.74, 14.74, 247]
['2019-03-29 11:49:00', 14.74, 14.74, 14.74, 14.74, 409]
['2019-03-29 11:48:00', 14.73, 14.73, 14.73, 14.73, 1672]
['2019-03-29 11:47:00', 14.73, 14.73, 14.73, 14.73, 2596]
['2019-03-29 11:46:00', 14.75, 14.75, 14.75, 14.75, 1430]
['2019-03-29 11:45:00', 14.76, 14.76, 14.76, 14.76, 1589]
['2019-03-29 11:44:00', 14.77, 14.77, 14.77, 14.77, 688]
['2019-03-29 11:43:00', 14.77, 14.77, 14.77, 14.77, 1412]
['2019-03-29 11:42:00', 14.78, 14.77, 14.77, 14.78, 1883]
['2019-03-29 11:41:00', 14.79, 14.79, 14.79, 14.79, 100]
['2019-03-29 11:39:00', 14.77, 14.785, 14.77, 14.785, 6141]
['2019-03-29 11:38:00', 14.76, 14.76, 14.76, 14.76, 912]
['2019-03-29 11:37:00', 14.7649, 14.7649, 14.7649, 14.7649, 2200]
['2019-03-29 11:35:00', 14.77, 14.78, 14.77, 14.78, 3549]
['2019-03-29 11:33:00', 14.7666, 14.7666, 14.7666, 14.7666, 1300]
['2019-03-29 11:32:00', 14.77, 14.77, 14.77, 14.77, 4309]
['2019-03-29 11:31:00', 14.76, 14.76, 14.76, 14.76, 2507]
['2019-03-29 11:30:00', 14.7484, 14.76, 14.7484, 14.76, 6861]
['2019-03-29 11:29:00', 14.75, 14.75, 14.75, 14.75, 7311]
['2019-03-29 11:27:00', 14.78, 14.78, 14.78, 14.78, 4871]
['2019-03-29 11:26:00', 14.8, 14.79, 14.79, 14.8, 9273]
['2019-03-29 11:24:00', 14.81, 14.81, 14.81, 14.81, 957]
['2019-03-29 11:23:00', 14.83, 14.815, 14.815, 14.83, 6360]
['2019-03-29 11:21:00', 14.82, 14.82, 14.82, 14.82, 676]
['2019-03-29 11:19:00', 14.83, 14.83, 14.83, 14.83, 1169]
['2019-03-29 11:18:00', 14.84, 14.84, 14.84, 14.84, 1179]
['2019-03-29 11:17:00', 14.84, 14.84, 14.84, 14.84, 1600]
['2019-03-29 11:16:00', 14.83, 14.83, 14.83, 14.83, 544]
['2019-03-29 11:15:00', 14.82, 14.8136, 14.8136, 14.82, 2057]
['2019-03-29 11:14:00', 14.82, 14.82, 14.82, 14.82, 774]
['2019-03-29 11:13:00', 14.82, 14.82, 14.82, 14.82, 854]
['2019-03-29 11:12:00', 14.81, 14.81, 14.81, 14.81, 1518]
['2019-03-29 11:11:00', 14.83, 14.83, 14.83, 14.83, 1017]
['2019-03-29 11:10:00', 14.83, 14.83, 14.83, 14.83, 508]
['2019-03-29 11:09:00', 14.83, 14.83, 14.83, 14.83, 1505]
['2019-03-29 11:08:00', 14.815, 14.815, 14.815, 14.815, 577]
['2019-03-29 11:06:00', 14.79, 14.79, 14.79, 14.79, 4427]
['2019-03-29 11:05:00', 14.81, 14.8, 14.8, 14.81, 3655]
['2019-03-29 11:04:00', 14.83, 14.83, 14.83, 14.83, 2283]
['2019-03-29 11:02:00', 14.84, 14.84, 14.84, 14.84, 700]
['2019-03-29 11:01:00', 14.86, 14.86, 14.86, 14.86, 905]
['2019-03-29 11:00:00', 14.85, 14.85, 14.85, 14.85, 287]
['2019-03-29 10:59:00', 14.84, 14.84, 14.84, 14.84, 1500]
['2019-03-29 10:58:00', 14.85, 14.85, 14.85, 14.85, 1517]
['2019-03-29 10:57:00', 14.85, 14.85, 14.85, 14.85, 1093]
['2019-03-29 10:56:00', 14.84, 14.84, 14.84, 14.84, 2065]
['2019-03-29 10:55:00', 14.84, 14.825, 14.825, 14.84, 4398]
['2019-03-29 10:53:00', 14.85, 14.84, 14.84, 14.85, 2154]
['2019-03-29 10:51:00', 14.85, 14.85, 14.85, 14.85, 430]
['2019-03-29 10:50:00', 14.87, 14.87, 14.87, 14.87, 919]
['2019-03-29 10:49:00', 14.9, 14.9, 14.9, 14.9, 767]
['2019-03-29 10:48:00', 14.87, 14.87, 14.87, 14.87, 801]
['2019-03-29 10:47:00', 14.85, 14.85, 14.85, 14.85, 991]
['2019-03-29 10:46:00', 14.8401, 14.8401, 14.8401, 14.8401, 739]
['2019-03-29 10:45:00', 14.85, 14.85, 14.85, 14.85, 790]
['2019-03-29 10:44:00', 14.85, 14.85, 14.85, 14.85, 1151]
['2019-03-29 10:43:00', 14.85, 14.85, 14.85, 14.85, 3570]
['2019-03-29 10:42:00', 14.88, 14.86, 14.86, 14.88, 2195]
['2019-03-29 10:41:00', 14.88, 14.88, 14.88, 14.88, 753]
['2019-03-29 10:39:00', 14.87, 14.87, 14.87, 14.87, 1300]
['2019-03-29 10:38:00', 14.85, 14.8501, 14.85, 14.8501, 2351]
['2019-03-29 10:37:00', 14.87, 14.87, 14.87, 14.87, 498]
['2019-03-29 10:35:00', 14.88, 14.88, 14.88, 14.88, 1632]
['2019-03-29 10:33:00', 14.89, 14.89, 14.89, 14.89, 1101]
['2019-03-29 10:32:00', 14.89, 14.89, 14.89, 14.89, 1543]
['2019-03-29 10:31:00', 14.9, 14.89, 14.89, 14.9, 10145]
['2019-03-29 10:30:00', 14.91, 14.91, 14.91, 14.91, 1402]
['2019-03-29 10:29:00', 14.88, 14.88, 14.88, 14.88, 1463]
['2019-03-29 10:28:00', 14.87, 14.87, 14.87, 14.87, 1106]
['2019-03-29 10:27:00', 14.88, 14.88, 14.88, 14.88, 1500]
['2019-03-29 10:26:00', 14.86, 14.86, 14.86, 14.86, 774]
['2019-03-29 10:25:00', 14.83, 14.83, 14.83, 14.83, 1826]
['2019-03-29 10:24:00', 14.835, 14.835, 14.835, 14.835, 1128]
['2019-03-29 10:22:00', 14.84, 14.82, 14.82, 14.84, 5140]
['2019-03-29 10:21:00', 14.86, 14.86, 14.86, 14.86, 1000]
['2019-03-29 10:20:00', 14.85, 14.85, 14.85, 14.85, 1105]
['2019-03-29 10:19:00', 14.87, 14.87, 14.87, 14.87, 4020]
['2019-03-29 10:18:00', 14.9, 14.88, 14.88, 14.9, 3339]
['2019-03-29 10:15:00', 14.915, 14.915, 14.915, 14.915, 976]
['2019-03-29 10:14:00', 14.895, 14.94, 14.895, 14.94, 6495]
['2019-03-29 10:13:00', 14.9, 14.9, 14.9, 14.9, 2679]
['2019-03-29 10:12:00', 14.88, 14.89, 14.88, 14.89, 3697]
['2019-03-29 10:11:00', 14.91, 14.91, 14.91, 14.91, 1106]
['2019-03-29 10:10:00', 14.94, 14.93, 14.93, 14.94, 2290]
['2019-03-29 10:09:00', 14.95, 14.95, 14.95, 14.95, 574]
['2019-03-29 10:08:00', 14.95, 14.95, 14.95, 14.95, 1039]
['2019-03-29 10:07:00', 14.94, 14.94, 14.94, 14.94, 1873]
['2019-03-29 10:05:00', 14.9, 14.93, 14.9, 14.93, 1472]
['2019-03-29 10:03:00', 14.89, 14.89, 14.89, 14.89, 1366]
['2019-03-29 10:02:00', 14.9, 14.9, 14.9, 14.9, 745]
['2019-03-29 10:01:00', 14.89, 14.89, 14.89, 14.89, 1861]
['2019-03-29 10:00:00', 14.88, 14.85, 14.85, 14.88, 1531]
['2019-03-29 09:58:00', 14.9, 14.9, 14.9, 14.9, 2600]
['2019-03-29 09:57:00', 14.92, 14.92, 14.92, 14.92, 722]
['2019-03-29 09:56:00', 14.91, 14.91, 14.91, 14.91, 1502]
['2019-03-29 09:55:00', 14.88, 14.88, 14.88, 14.88, 1000]
['2019-03-29 09:54:00', 14.84, 14.84, 14.84, 14.84, 711]
['2019-03-29 09:53:00', 14.815, 14.815, 14.815, 14.815, 1882]
['2019-03-29 09:51:00', 14.8245, 14.8245, 14.8245, 14.8245, 606]
['2019-03-29 09:50:00', 14.82, 14.82, 14.82, 14.82, 1414]
['2019-03-29 09:49:00', 14.8393, 14.8393, 14.8393, 14.8393, 1188]
['2019-03-29 09:48:00', 14.855, 14.86, 14.855, 14.86, 3364]
['2019-03-29 09:46:00', 14.9, 14.9, 14.9, 14.9, 450]
['2019-03-29 09:45:00', 14.8701, 14.8701, 14.8701, 14.8701, 653]
['2019-03-29 09:44:00', 14.864, 14.864, 14.864, 14.864, 2853]
['2019-03-29 09:43:00', 14.86, 14.86, 14.86, 14.86, 707]
['2019-03-29 09:42:00', 14.85, 14.85, 14.85, 14.85, 2478]
['2019-03-29 09:41:00', 14.83, 14.83, 14.83, 14.83, 1644]
['2019-03-29 09:40:00', 14.83, 14.83, 14.83, 14.83, 4254]
['2019-03-29 09:39:00', 14.7501, 14.7501, 14.7501, 14.7501, 861]
['2019-03-29 09:37:00', 14.73, 14.74, 14.73, 14.74, 4332]
['2019-03-29 09:35:00', 14.7335, 14.7335, 14.7335, 14.7335, 1014]
['2019-03-29 09:33:00', 14.76, 14.76, 14.76, 14.76, 1746]
['2019-03-29 09:32:00', 14.8, 14.8, 14.8, 14.8, 10192]
['2019-03-28 16:00:00', 14.765, 14.77, 14.765, 14.77, 21718]
['2019-03-28 15:59:00', 14.77, 14.765, 14.76, 14.77, 21863]
['2019-03-28 15:58:00', 14.76, 14.76, 14.76, 14.76, 14008]
['2019-03-28 15:57:00', 14.75, 14.75, 14.74, 14.755, 13668]
['2019-03-28 15:56:00', 14.75, 14.75, 14.75, 14.75, 3597]
['2019-03-28 15:55:00', 14.74, 14.75, 14.74, 14.75, 8161]
['2019-03-28 15:54:00', 14.735, 14.74, 14.735, 14.74, 2885]
['2019-03-28 15:53:00', 14.735, 14.73, 14.73, 14.735, 2707]
['2019-03-28 15:52:00', 14.74, 14.74, 14.74, 14.74, 1485]
['2019-03-28 15:50:00', 14.735, 14.735, 14.735, 14.735, 524]
['2019-03-28 15:49:00', 14.735, 14.74, 14.735, 14.74, 3986]
['2019-03-28 15:48:00', 14.76, 14.74, 14.74, 14.76, 9504]
['2019-03-28 15:47:00', 14.75, 14.75, 14.75, 14.75, 964]
['2019-03-28 15:46:00', 14.75, 14.75, 14.75, 14.75, 2210]
['2019-03-28 15:45:00', 14.74, 14.75, 14.74, 14.75, 2373]
['2019-03-28 15:44:00', 14.74, 14.74, 14.74, 14.74, 1042]
['2019-03-28 15:43:00', 14.725, 14.74, 14.725, 14.74, 5581]
['2019-03-28 15:42:00', 14.725, 14.73, 14.725, 14.73, 1057]
['2019-03-28 15:41:00', 14.72, 14.7228, 14.72, 14.7228, 1675]
['2019-03-28 15:40:00', 14.75, 14.73, 14.73, 14.75, 6249]
['2019-03-28 15:39:00', 14.75, 14.75, 14.75, 14.75, 560]
['2019-03-28 15:38:00', 14.745, 14.75, 14.745, 14.75, 1100]
['2019-03-28 15:37:00', 14.75, 14.75, 14.75, 14.75, 994]
['2019-03-28 15:36:00', 14.75, 14.75, 14.75, 14.75, 693]
['2019-03-28 15:35:00', 14.75, 14.745, 14.745, 14.75, 296]
['2019-03-28 15:33:00', 14.75, 14.75, 14.75, 14.75, 1183]
['2019-03-28 15:32:00', 14.74, 14.74, 14.74, 14.74, 1231]
['2019-03-28 15:31:00', 14.75, 14.75, 14.75, 14.75, 173]
['2019-03-28 15:30:00', 14.76, 14.75, 14.74, 14.76, 10007]
['2019-03-28 15:29:00', 14.765, 14.765, 14.765, 14.765, 415]
['2019-03-28 15:28:00', 14.78, 14.77, 14.76, 14.78, 9758]
['2019-03-28 15:27:00', 14.775, 14.775, 14.775, 14.775, 600]
['2019-03-28 15:26:00', 14.75, 14.76, 14.75, 14.76, 3249]
['2019-03-28 15:25:00', 14.745, 14.745, 14.745, 14.745, 594]
['2019-03-28 15:24:00', 14.75, 14.75, 14.75, 14.75, 1717]
['2019-03-28 15:23:00', 14.745, 14.745, 14.745, 14.745, 415]
['2019-03-28 15:22:00', 14.745, 14.745, 14.745, 14.745, 1076]
['2019-03-28 15:20:00', 14.72, 14.74, 14.72, 14.74, 5689]
['2019-03-28 15:19:00', 14.715, 14.71, 14.71, 14.715, 510]
['2019-03-28 15:18:00', 14.715, 14.715, 14.715, 14.715, 502]
['2019-03-28 15:16:00', 14.72, 14.72, 14.72, 14.72, 434]
['2019-03-28 15:15:00', 14.72, 14.72, 14.72, 14.72, 805]
['2019-03-28 15:14:00', 14.715, 14.715, 14.715, 14.715, 325]
['2019-03-28 15:13:00', 14.72, 14.72, 14.72, 14.72, 200]
['2019-03-28 15:11:00', 14.715, 14.715, 14.715, 14.715, 297]
['2019-03-28 15:10:00', 14.72, 14.72, 14.72, 14.72, 105]
['2019-03-28 15:09:00', 14.72, 14.72, 14.72, 14.72, 1404]
['2019-03-28 15:08:00', 14.715, 14.72, 14.715, 14.72, 2414]
['2019-03-28 15:07:00', 14.705, 14.705, 14.705, 14.705, 500]
['2019-03-28 15:06:00', 14.71, 14.7, 14.7, 14.71, 3431]
['2019-03-28 15:05:00', 14.715, 14.715, 14.715, 14.715, 807]
['2019-03-28 15:04:00', 14.71, 14.72, 14.71, 14.72, 3211]
['2019-03-28 15:02:00', 14.67, 14.68, 14.67, 14.68, 1902]
['2019-03-28 15:01:00', 14.67, 14.66, 14.66, 14.67, 2805]
['2019-03-28 15:00:00', 14.675, 14.675, 14.675, 14.675, 200]
['2019-03-28 14:59:00', 14.68, 14.68, 14.68, 14.68, 1446]
['2019-03-28 14:58:00', 14.67, 14.67, 14.67, 14.67, 885]
['2019-03-28 14:57:00', 14.665, 14.665, 14.665, 14.665, 403]
['2019-03-28 14:56:00', 14.66, 14.66, 14.66, 14.66, 210]
['2019-03-28 14:55:00', 14.665, 14.665, 14.665, 14.665, 646]
['2019-03-28 14:54:00', 14.67, 14.67, 14.67, 14.67, 632]
['2019-03-28 14:53:00', 14.68, 14.67, 14.67, 14.68, 2693]
['2019-03-28 14:51:00', 14.69, 14.69, 14.69, 14.69, 310]
['2019-03-28 14:48:00', 14.68, 14.6831, 14.68, 14.6831, 822]
['2019-03-28 14:46:00', 14.68, 14.68, 14.68, 14.68, 200]
['2019-03-28 14:45:00', 14.69, 14.69, 14.69, 14.69, 102]
['2019-03-28 14:44:00', 14.68, 14.68, 14.68, 14.68, 1700]
['2019-03-28 14:43:00', 14.685, 14.685, 14.685, 14.685, 1046]
['2019-03-28 14:42:00', 14.69, 14.69, 14.69, 14.69, 4163]
['2019-03-28 14:41:00', 14.67, 14.67, 14.67, 14.67, 2010]
['2019-03-28 14:40:00', 14.67, 14.67, 14.67, 14.67, 1100]
['2019-03-28 14:39:00', 14.67, 14.665, 14.665, 14.67, 1020]
['2019-03-28 14:37:00', 14.675, 14.675, 14.675, 14.675, 122]
['2019-03-28 14:36:00', 14.67, 14.67, 14.67, 14.67, 535]
['2019-03-28 14:35:00', 14.68, 14.68, 14.68, 14.68, 840]
['2019-03-28 14:34:00', 14.69, 14.68, 14.68, 14.69, 1455]
['2019-03-28 14:33:00', 14.68, 14.68, 14.68, 14.68, 1310]
['2019-03-28 14:32:00', 14.68, 14.68, 14.68, 14.68, 415]
['2019-03-28 14:31:00', 14.69, 14.69, 14.69, 14.69, 2744]
['2019-03-28 14:29:00', 14.7, 14.695, 14.695, 14.7, 899]
['2019-03-28 14:27:00', 14.7, 14.7, 14.7, 14.7, 1876]
['2019-03-28 14:26:00', 14.69, 14.7, 14.69, 14.7, 3206]
['2019-03-28 14:25:00', 14.69, 14.69, 14.69, 14.69, 400]
['2019-03-28 14:24:00', 14.69, 14.69, 14.69, 14.69, 402]
['2019-03-28 14:23:00', 14.68, 14.68, 14.68, 14.68, 100]
['2019-03-28 14:21:00', 14.6882, 14.69, 14.6882, 14.69, 2049]
['2019-03-28 14:20:00', 14.68, 14.68, 14.68, 14.68, 600]
['2019-03-28 14:18:00', 14.69, 14.69, 14.69, 14.69, 1152]
['2019-03-28 14:17:00', 14.69, 14.685, 14.685, 14.69, 1146]
['2019-03-28 14:15:00', 14.695, 14.7, 14.695, 14.7, 1101]
['2019-03-28 14:13:00', 14.69, 14.68, 14.68, 14.69, 7235]
['2019-03-28 14:10:00', 14.69, 14.69, 14.69, 14.69, 206]
['2019-03-28 14:09:00', 14.68, 14.69, 14.68, 14.69, 4674]
['2019-03-28 14:08:00', 14.7, 14.69, 14.69, 14.7, 1396]
['2019-03-28 14:05:00', 14.7, 14.7, 14.7, 14.7, 1278]
['2019-03-28 14:04:00', 14.68, 14.68, 14.68, 14.68, 170]
['2019-03-28 14:02:00', 14.675, 14.675, 14.675, 14.675, 957]
['2019-03-28 14:01:00', 14.685, 14.68, 14.68, 14.685, 1345]
['2019-03-28 14:00:00', 14.66, 14.67, 14.66, 14.67, 4132]
['2019-03-28 13:58:00', 14.67, 14.67, 14.66, 14.67, 3968]
['2019-03-28 13:56:00', 14.66, 14.66, 14.66, 14.66, 2842]
['2019-03-28 13:54:00', 14.66, 14.66, 14.66, 14.66, 1464]
['2019-03-28 13:53:00', 14.64, 14.64, 14.64, 14.64, 1205]
['2019-03-28 13:51:00', 14.64, 14.63, 14.63, 14.64, 1345]
['2019-03-28 13:50:00', 14.64, 14.64, 14.64, 14.64, 523]
['2019-03-28 13:48:00', 14.63, 14.63, 14.63, 14.63, 1582]
['2019-03-28 13:47:00', 14.635, 14.635, 14.635, 14.635, 867]
['2019-03-28 13:46:00', 14.64, 14.64, 14.64, 14.64, 946]
['2019-03-28 13:45:00', 14.64, 14.64, 14.64, 14.64, 300]
['2019-03-28 13:43:00', 14.64, 14.64, 14.64, 14.64, 1041]
['2019-03-28 13:42:00', 14.64, 14.64, 14.64, 14.64, 1520]
['2019-03-28 13:40:00', 14.64, 14.64, 14.64, 14.64, 1067]
['2019-03-28 13:38:00', 14.64, 14.645, 14.64, 14.645, 1812]
['2019-03-28 13:36:00', 14.6374, 14.6374, 14.6374, 14.6374, 901]
['2019-03-28 13:35:00', 14.64, 14.64, 14.64, 14.64, 737]
['2019-03-28 13:34:00', 14.65, 14.65, 14.65, 14.65, 357]
['2019-03-28 13:32:00', 14.64, 14.64, 14.64, 14.64, 849]
['2019-03-28 13:31:00', 14.64, 14.64, 14.64, 14.64, 2633]
['2019-03-28 13:30:00', 14.645, 14.65, 14.645, 14.65, 1184]
['2019-03-28 13:27:00', 14.64, 14.64, 14.64, 14.64, 478]
['2019-03-28 13:26:00', 14.64, 14.64, 14.64, 14.64, 470]
['2019-03-28 13:25:00', 14.64, 14.64, 14.64, 14.64, 1246]
['2019-03-28 13:24:00', 14.65, 14.65, 14.65, 14.65, 210]
['2019-03-28 13:23:00', 14.66, 14.66, 14.66, 14.66, 599]
['2019-03-28 13:21:00', 14.64, 14.64, 14.64, 14.64, 400]
['2019-03-28 13:20:00', 14.65, 14.64, 14.64, 14.65, 1758]
['2019-03-28 13:19:00', 14.6395, 14.6395, 14.6395, 14.6395, 1499]
['2019-03-28 13:17:00', 14.64, 14.64, 14.64, 14.64, 915]
['2019-03-28 13:16:00', 14.63, 14.63, 14.63, 14.63, 1319]
['2019-03-28 13:14:00', 14.63, 14.63, 14.63, 14.63, 1186]
['2019-03-28 13:13:00', 14.64, 14.64, 14.64, 14.64, 100]
['2019-03-28 13:12:00', 14.64, 14.64, 14.64, 14.64, 463]
['2019-03-28 13:10:00', 14.63, 14.63, 14.63, 14.63, 2997]
['2019-03-28 13:09:00', 14.63, 14.64, 14.63, 14.64, 3131]
['2019-03-28 13:08:00', 14.6282, 14.6282, 14.6282, 14.6282, 4533]
['2019-03-28 13:07:00', 14.615, 14.615, 14.615, 14.615, 3905]
['2019-03-28 13:06:00', 14.64, 14.63, 14.63, 14.64, 2230]
['2019-03-28 13:05:00', 14.63, 14.64, 14.63, 14.64, 5325]
['2019-03-28 13:04:00', 14.625, 14.63, 14.625, 14.63, 900]
['2019-03-28 13:02:00', 14.63, 14.63, 14.63, 14.63, 1210]
['2019-03-28 13:01:00', 14.625, 14.625, 14.625, 14.625, 300]
['2019-03-28 12:59:00', 14.63, 14.63, 14.63, 14.63, 770]
['2019-03-28 12:58:00', 14.627, 14.627, 14.627, 14.627, 254]
['2019-03-28 12:56:00', 14.63, 14.63, 14.63, 14.63, 2475]
['2019-03-28 12:55:00', 14.62, 14.62, 14.62, 14.62, 416]
['2019-03-28 12:53:00', 14.62, 14.62, 14.62, 14.62, 3266]
['2019-03-28 12:52:00', 14.63, 14.63, 14.63, 14.63, 1600]
['2019-03-28 12:51:00', 14.62, 14.63, 14.62, 14.63, 3302]
['2019-03-28 12:50:00', 14.62, 14.62, 14.62, 14.62, 864]
['2019-03-28 12:49:00', 14.62, 14.615, 14.615, 14.62, 2662]
['2019-03-28 12:48:00', 14.62, 14.62, 14.62, 14.62, 305]
['2019-03-28 12:47:00', 14.62, 14.62, 14.62, 14.62, 1097]
['2019-03-28 12:46:00', 14.63, 14.63, 14.63, 14.63, 300]
['2019-03-28 12:45:00', 14.64, 14.64, 14.64, 14.64, 551]
['2019-03-28 12:44:00', 14.64, 14.64, 14.64, 14.64, 467]
['2019-03-28 12:43:00', 14.64, 14.64, 14.64, 14.64, 300]
['2019-03-28 12:42:00', 14.64, 14.64, 14.64, 14.64, 1610]
['2019-03-28 12:41:00', 14.6463, 14.6463, 14.6463, 14.6463, 2532]
['2019-03-28 12:40:00', 14.63, 14.63, 14.63, 14.63, 579]
['2019-03-28 12:39:00', 14.63, 14.63, 14.63, 14.63, 500]
['2019-03-28 12:38:00', 14.63, 14.63, 14.63, 14.63, 1655]
['2019-03-28 12:37:00', 14.63, 14.63, 14.63, 14.63, 1575]
['2019-03-28 12:36:00', 14.6187, 14.6187, 14.6187, 14.6187, 914]
['2019-03-28 12:35:00', 14.62, 14.62, 14.62, 14.62, 730]
['2019-03-28 12:34:00', 14.62, 14.62, 14.62, 14.62, 574]
['2019-03-28 12:33:00', 14.6284, 14.6284, 14.6284, 14.6284, 678]
['2019-03-28 12:32:00', 14.63, 14.63, 14.63, 14.63, 2394]
['2019-03-28 12:31:00', 14.615, 14.615, 14.615, 14.615, 801]
['2019-03-28 12:30:00', 14.62, 14.62, 14.62, 14.62, 1651]
['2019-03-28 12:29:00', 14.63, 14.63, 14.63, 14.63, 1175]
['2019-03-28 12:28:00', 14.62, 14.62, 14.62, 14.62, 2804]
['2019-03-28 12:26:00', 14.63, 14.625, 14.625, 14.63, 6444]
['2019-03-28 12:25:00', 14.625, 14.625, 14.625, 14.625, 882]
['2019-03-28 12:23:00', 14.63, 14.63, 14.63, 14.63, 347]
['2019-03-28 12:22:00', 14.63, 14.63, 14.63, 14.63, 770]
['2019-03-28 12:21:00', 14.64, 14.63, 14.63, 14.64, 6202]
['2019-03-28 12:20:00', 14.64, 14.64, 14.64, 14.64, 1828]
['2019-03-28 12:19:00', 14.63, 14.6498, 14.63, 14.6498, 1600]
['2019-03-28 12:18:00', 14.64, 14.63, 14.63, 14.64, 2158]
['2019-03-28 12:17:00', 14.65, 14.65, 14.65, 14.65, 770]
['2019-03-28 12:16:00', 14.66, 14.67, 14.66, 14.67, 3237]
['2019-03-28 12:15:00', 14.71, 14.68, 14.68, 14.71, 2703]
['2019-03-28 12:14:00', 14.71, 14.71, 14.71, 14.71, 511]
['2019-03-28 12:13:00', 14.73, 14.72, 14.72, 14.73, 5520]
['2019-03-28 12:12:00', 14.72, 14.74, 14.72, 14.74, 6222]
['2019-03-28 12:11:00', 14.73, 14.73, 14.73, 14.73, 531]
['2019-03-28 12:09:00', 14.76, 14.75, 14.75, 14.76, 2126]
['2019-03-28 12:08:00', 14.77, 14.77, 14.77, 14.77, 1076]
['2019-03-28 12:07:00', 14.78, 14.78, 14.78, 14.78, 577]
['2019-03-28 12:06:00', 14.76, 14.76, 14.76, 14.76, 605]
['2019-03-28 12:05:00', 14.76, 14.76, 14.76, 14.76, 1105]
['2019-03-28 12:04:00', 14.76, 14.76, 14.76, 14.76, 1023]
['2019-03-28 12:03:00', 14.76, 14.77, 14.76, 14.77, 3657]
['2019-03-28 12:02:00', 14.775, 14.77, 14.77, 14.78, 8700]
['2019-03-28 12:01:00', 14.7468, 14.77, 14.7468, 14.77, 5337]
['2019-03-28 12:00:00', 14.74, 14.74, 14.74, 14.74, 500]
['2019-03-28 11:59:00', 14.74, 14.74, 14.74, 14.74, 600]
['2019-03-28 11:57:00', 14.725, 14.725, 14.725, 14.725, 1214]
['2019-03-28 11:56:00', 14.74, 14.74, 14.74, 14.74, 1005]
['2019-03-28 11:55:00', 14.71, 14.71, 14.71, 14.71, 422]
['2019-03-28 11:54:00', 14.69, 14.69, 14.69, 14.69, 405]
['2019-03-28 11:53:00', 14.69, 14.69, 14.69, 14.69, 710]
['2019-03-28 11:52:00', 14.7, 14.7, 14.7, 14.7, 835]
['2019-03-28 11:51:00', 14.69, 14.71, 14.69, 14.71, 3405]
['2019-03-28 11:50:00', 14.69, 14.69, 14.69, 14.69, 807]
['2019-03-28 11:49:00', 14.67, 14.67, 14.67, 14.67, 772]
['2019-03-28 11:46:00', 14.65, 14.65, 14.65, 14.65, 300]
['2019-03-28 11:45:00', 14.65, 14.65, 14.65, 14.65, 1771]
['2019-03-28 11:44:00', 14.65, 14.64, 14.64, 14.65, 16069]
['2019-03-28 11:43:00', 14.65, 14.64, 14.64, 14.65, 2271]
['2019-03-28 11:41:00', 14.6585, 14.6585, 14.6585, 14.6585, 720]
['2019-03-28 11:40:00', 14.67, 14.67, 14.67, 14.67, 1419]
['2019-03-28 11:39:00', 14.65, 14.65, 14.65, 14.65, 1430]
['2019-03-28 11:38:00', 14.65, 14.63, 14.63, 14.65, 1749]
['2019-03-28 11:37:00', 14.645, 14.645, 14.645, 14.645, 1440]
['2019-03-28 11:36:00', 14.64, 14.64, 14.64, 14.64, 2767]
['2019-03-28 11:35:00', 14.63, 14.63, 14.63, 14.63, 808]
['2019-03-28 11:34:00', 14.63, 14.63, 14.63, 14.63, 300]
['2019-03-28 11:32:00', 14.63, 14.63, 14.63, 14.63, 1059]
['2019-03-28 11:31:00', 14.61, 14.61, 14.61, 14.61, 1090]
['2019-03-28 11:30:00', 14.62, 14.62, 14.62, 14.62, 1360]
['2019-03-28 11:29:00', 14.62, 14.62, 14.62, 14.62, 320]
['2019-03-28 11:28:00', 14.63, 14.63, 14.63, 14.63, 1705]
['2019-03-28 11:27:00', 14.63, 14.63, 14.63, 14.63, 600]
['2019-03-28 11:26:00', 14.63, 14.63, 14.63, 14.63, 1810]
['2019-03-28 11:25:00', 14.625, 14.625, 14.625, 14.625, 1897]
['2019-03-28 11:23:00', 14.63, 14.63, 14.63, 14.63, 854]
['2019-03-28 11:22:00', 14.65, 14.65, 14.65, 14.65, 601]
['2019-03-28 11:21:00', 14.64, 14.64, 14.64, 14.64, 1726]
['2019-03-28 11:20:00', 14.6366, 14.6366, 14.6366, 14.6366, 1466]
['2019-03-28 11:19:00', 14.6499, 14.6499, 14.6499, 14.6499, 3501]
['2019-03-28 11:18:00', 14.64, 14.64, 14.64, 14.64, 2404]
['2019-03-28 11:17:00', 14.6364, 14.6364, 14.6364, 14.6364, 1100]
['2019-03-28 11:16:00', 14.645, 14.645, 14.645, 14.645, 1317]
['2019-03-28 11:15:00', 14.65, 14.65, 14.65, 14.65, 1631]
['2019-03-28 11:14:00', 14.65, 14.65, 14.65, 14.65, 785]
['2019-03-28 11:12:00', 14.67, 14.68, 14.67, 14.68, 2109]
['2019-03-28 11:10:00', 14.66, 14.65, 14.65, 14.66, 2488]
['2019-03-28 11:09:00', 14.6699, 14.6699, 14.6699, 14.6699, 2988]
['2019-03-28 11:08:00', 14.68, 14.68, 14.68, 14.68, 1853]
['2019-03-28 11:07:00', 14.68, 14.68, 14.68, 14.68, 1370]
['2019-03-28 11:06:00', 14.69, 14.68, 14.68, 14.69, 1857]
['2019-03-28 11:04:00', 14.7, 14.7, 14.7, 14.7, 1287]
['2019-03-28 11:03:00', 14.6899, 14.6899, 14.6899, 14.6899, 1001]
['2019-03-28 11:02:00', 14.675, 14.675, 14.675, 14.675, 1605]
['2019-03-28 11:01:00', 14.69, 14.69, 14.69, 14.69, 1022]
['2019-03-28 11:00:00', 14.69, 14.7, 14.69, 14.7, 2705]
['2019-03-28 10:58:00', 14.69, 14.69, 14.69, 14.69, 1113]
['2019-03-28 10:57:00', 14.71, 14.71, 14.71, 14.71, 1470]
['2019-03-28 10:56:00', 14.69, 14.69, 14.69, 14.69, 711]
['2019-03-28 10:55:00', 14.7, 14.7, 14.7, 14.7, 905]
['2019-03-28 10:53:00', 14.7, 14.69, 14.69, 14.7, 1530]
['2019-03-28 10:52:00', 14.68, 14.68, 14.68, 14.68, 1300]
['2019-03-28 10:51:00', 14.67, 14.67, 14.67, 14.67, 2200]
['2019-03-28 10:50:00', 14.7, 14.7, 14.7, 14.7, 2814]
['2019-03-28 10:49:00', 14.6899, 14.6899, 14.6899, 14.6899, 1604]
['2019-03-28 10:48:00', 14.7, 14.7, 14.7, 14.7, 1077]
['2019-03-28 10:47:00', 14.6799, 14.6799, 14.6799, 14.6799, 1455]
['2019-03-28 10:46:00', 14.66, 14.66, 14.66, 14.66, 7155]
['2019-03-28 10:45:00', 14.67, 14.65, 14.65, 14.67, 12032]
['2019-03-28 10:44:00', 14.68, 14.68, 14.68, 14.68, 2100]
['2019-03-28 10:43:00', 14.69, 14.67, 14.67, 14.69, 5781]
['2019-03-28 10:42:00', 14.66, 14.66, 14.66, 14.66, 709]
['2019-03-28 10:41:00', 14.64, 14.64, 14.64, 14.64, 1407]
['2019-03-28 10:40:00', 14.635, 14.6525, 14.635, 14.655, 4223]
['2019-03-28 10:39:00', 14.64, 14.64, 14.64, 14.64, 1632]
['2019-03-28 10:38:00', 14.67, 14.655, 14.655, 14.67, 2633]
['2019-03-28 10:37:00', 14.695, 14.695, 14.695, 14.695, 688]
['2019-03-28 10:36:00', 14.695, 14.695, 14.695, 14.695, 574]
['2019-03-28 10:35:00', 14.71, 14.71, 14.71, 14.71, 1579]
['2019-03-28 10:34:00', 14.71, 14.71, 14.71, 14.71, 1732]
['2019-03-28 10:32:00', 14.69, 14.71, 14.69, 14.715, 11476]
['2019-03-28 10:31:00', 14.7, 14.7, 14.7, 14.7, 805]
['2019-03-28 10:30:00', 14.68, 14.68, 14.68, 14.68, 1090]
['2019-03-28 10:29:00', 14.7, 14.7, 14.7, 14.7, 1424]
['2019-03-28 10:28:00', 14.68, 14.68, 14.68, 14.68, 2345]
['2019-03-28 10:27:00', 14.685, 14.695, 14.685, 14.695, 2402]
['2019-03-28 10:26:00', 14.71, 14.71, 14.71, 14.71, 910]
['2019-03-28 10:25:00', 14.75, 14.73, 14.73, 14.75, 3011]
['2019-03-28 10:23:00', 14.77, 14.77, 14.77, 14.77, 1455]
['2019-03-28 10:22:00', 14.76, 14.76, 14.76, 14.76, 984]
['2019-03-28 10:21:00', 14.755, 14.755, 14.755, 14.755, 2080]
['2019-03-28 10:20:00', 14.75, 14.76, 14.75, 14.76, 1510]
['2019-03-28 10:18:00', 14.775, 14.775, 14.775, 14.775, 607]
['2019-03-28 10:17:00', 14.785, 14.785, 14.785, 14.785, 750]
['2019-03-28 10:16:00', 14.795, 14.79, 14.79, 14.795, 2241]
['2019-03-28 10:15:00', 14.81, 14.81, 14.81, 14.81, 1384]
['2019-03-28 10:14:00', 14.8418, 14.8418, 14.8418, 14.8418, 2524]
['2019-03-28 10:13:00', 14.8338, 14.86, 14.8338, 14.86, 8147]
['2019-03-28 10:12:00', 14.82, 14.82, 14.82, 14.82, 1082]
['2019-03-28 10:11:00', 14.82, 14.82, 14.82, 14.82, 1601]
['2019-03-28 10:10:00', 14.815, 14.81, 14.81, 14.815, 5228]
['2019-03-28 10:09:00', 14.8, 14.8, 14.8, 14.8, 1003]
['2019-03-28 10:08:00', 14.8, 14.803, 14.8, 14.803, 3137]
['2019-03-28 10:07:00', 14.805, 14.805, 14.805, 14.805, 4293]
['2019-03-28 10:04:00', 14.82, 14.82, 14.82, 14.82, 705]
['2019-03-28 10:03:00', 14.78, 14.78, 14.78, 14.78, 1255]
['2019-03-28 10:02:00', 14.765, 14.765, 14.765, 14.765, 977]
['2019-03-28 10:01:00', 14.76, 14.76, 14.76, 14.76, 2576]
['2019-03-28 10:00:00', 14.79, 14.79, 14.79, 14.79, 500]
['2019-03-28 09:59:00', 14.8, 14.8, 14.8, 14.8, 2105]
['2019-03-28 09:57:00', 14.81, 14.8, 14.8, 14.81, 3321]
['2019-03-28 09:56:00', 14.83, 14.83, 14.83, 14.83, 4280]
['2019-03-28 09:55:00', 14.85, 14.8299, 14.8299, 14.85, 2271]
['2019-03-28 09:54:00', 14.84, 14.84, 14.84, 14.84, 1700]
['2019-03-28 09:53:00', 14.87, 14.85, 14.85, 14.87, 15201]
['2019-03-28 09:52:00', 14.88, 14.89, 14.88, 14.89, 3142]
['2019-03-28 09:51:00', 14.93, 14.93, 14.93, 14.93, 4305]
['2019-03-28 09:49:00', 14.92, 14.94, 14.92, 14.94, 1620]
['2019-03-28 09:47:00', 14.87, 14.88, 14.87, 14.88, 8064]
['2019-03-28 09:46:00', 14.89, 14.88, 14.88, 14.89, 10029]
['2019-03-28 09:45:00', 14.8, 14.87, 14.8, 14.87, 11402]
['2019-03-28 09:44:00', 14.82, 14.82, 14.82, 14.82, 1017]
['2019-03-28 09:43:00', 14.75, 14.75, 14.75, 14.75, 600]
['2019-03-28 09:42:00', 14.75, 14.75, 14.75, 14.75, 821]
['2019-03-28 09:41:00', 14.7, 14.7, 14.7, 14.7, 2239]
['2019-03-28 09:40:00', 14.65, 14.68, 14.65, 14.68, 6241]
['2019-03-28 09:39:00', 14.65, 14.65, 14.65, 14.65, 2284]
['2019-03-28 09:38:00', 14.7001, 14.7, 14.7, 14.7001, 2243]
['2019-03-28 09:37:00', 14.73, 14.73, 14.73, 14.73, 609]
['2019-03-28 09:36:00', 14.76, 14.76, 14.76, 14.76, 1183]
['2019-03-28 09:35:00', 14.7329, 14.7329, 14.7329, 14.7329, 2552]
['2019-03-28 09:34:00', 14.75, 14.75, 14.75, 14.75, 421]
['2019-03-28 09:33:00', 14.78, 14.78, 14.78, 14.78, 1317]
['2019-03-28 09:31:00', 14.8299, 14.8299, 14.8299, 14.8299, 4640]
['2019-03-27 16:00:00', 14.825, 14.83, 14.825, 14.835, 29600]
['2019-03-27 15:59:00', 14.825, 14.825, 14.825, 14.83, 20314]
['2019-03-27 15:58:00', 14.82, 14.82, 14.815, 14.82, 8576]
['2019-03-27 15:57:00', 14.79, 14.82, 14.79, 14.82, 16269]
['2019-03-27 15:56:00', 14.79, 14.79, 14.785, 14.79, 11147]
['2019-03-27 15:55:00', 14.785, 14.785, 14.785, 14.785, 5026]
['2019-03-27 15:54:00', 14.795, 14.79, 14.79, 14.795, 6090]
['2019-03-27 15:53:00', 14.81, 14.8, 14.795, 14.81, 15991]
['2019-03-27 15:52:00', 14.82, 14.8153, 14.8153, 14.82, 7855]
['2019-03-27 15:51:00', 14.805, 14.83, 14.805, 14.83, 11645]
['2019-03-27 15:50:00', 14.84, 14.81, 14.81, 14.84, 39095]
['2019-03-27 15:49:00', 14.855, 14.845, 14.835, 14.855, 26677]
['2019-03-27 15:48:00', 14.87, 14.86, 14.85, 14.87, 14492]
['2019-03-27 15:47:00', 14.86, 14.86, 14.86, 14.86, 925]
['2019-03-27 15:46:00', 14.84, 14.86, 14.84, 14.86, 7900]
['2019-03-27 15:45:00', 14.85, 14.8353, 14.835, 14.855, 10932]
['2019-03-27 15:44:00', 14.86, 14.86, 14.86, 14.86, 200]
['2019-03-27 15:43:00', 14.855, 14.855, 14.855, 14.855, 1780]
['2019-03-27 15:42:00', 14.83, 14.855, 14.83, 14.855, 2985]
['2019-03-27 15:40:00', 14.81, 14.82, 14.81, 14.82, 3484]
['2019-03-27 15:39:00', 14.7933, 14.795, 14.7933, 14.8, 7523]
['2019-03-27 15:38:00', 14.83, 14.79, 14.79, 14.83, 10511]
['2019-03-27 15:37:00', 14.835, 14.835, 14.835, 14.835, 301]
['2019-03-27 15:36:00', 14.815, 14.84, 14.815, 14.84, 4066]
['2019-03-27 15:35:00', 14.81, 14.81, 14.81, 14.81, 2353]
['2019-03-27 15:34:00', 14.8, 14.8, 14.8, 14.8, 770]
['2019-03-27 15:33:00', 14.79, 14.81, 14.79, 14.81, 3959]
['2019-03-27 15:32:00', 14.8, 14.8, 14.8, 14.81, 4128]
['2019-03-27 15:31:00', 14.795, 14.81, 14.79, 14.81, 5075]
['2019-03-27 15:30:00', 14.78, 14.7848, 14.78, 14.7848, 2415]
['2019-03-27 15:29:00', 14.78, 14.78, 14.78, 14.78, 190]
['2019-03-27 15:27:00', 14.78, 14.78, 14.78, 14.78, 775]
['2019-03-27 15:26:00', 14.775, 14.775, 14.775, 14.775, 300]
['2019-03-27 15:25:00', 14.78, 14.77, 14.77, 14.78, 1224]
['2019-03-27 15:24:00', 14.77, 14.78, 14.77, 14.78, 1989]
['2019-03-27 15:23:00', 14.77, 14.77, 14.77, 14.77, 247]
['2019-03-27 15:22:00', 14.77, 14.77, 14.77, 14.77, 1880]
['2019-03-27 15:21:00', 14.78, 14.78, 14.78, 14.78, 301]
['2019-03-27 15:20:00', 14.76, 14.78, 14.76, 14.78, 3165]
['2019-03-27 15:19:00', 14.76, 14.76, 14.76, 14.76, 1038]
['2019-03-27 15:18:00', 14.76, 14.76, 14.76, 14.76, 1695]
['2019-03-27 15:17:00', 14.76, 14.76, 14.76, 14.76, 4465]
['2019-03-27 15:16:00', 14.755, 14.76, 14.755, 14.76, 909]
['2019-03-27 15:15:00', 14.74, 14.74, 14.74, 14.74, 400]
['2019-03-27 15:14:00', 14.7499, 14.7499, 14.7499, 14.7499, 375]
['2019-03-27 15:13:00', 14.76, 14.745, 14.745, 14.76, 2272]
['2019-03-27 15:12:00', 14.75, 14.75, 14.75, 14.75, 1474]
['2019-03-27 15:11:00', 14.74, 14.74, 14.74, 14.74, 309]
['2019-03-27 15:10:00', 14.74, 14.735, 14.735, 14.74, 1102]
['2019-03-27 15:09:00', 14.735, 14.73, 14.73, 14.735, 3061]
['2019-03-27 15:07:00', 14.75, 14.75, 14.75, 14.75, 168]
['2019-03-27 15:06:00', 14.74, 14.74, 14.74, 14.74, 2359]
['2019-03-27 15:05:00', 14.74, 14.75, 14.74, 14.75, 2698]
['2019-03-27 15:04:00', 14.74, 14.74, 14.74, 14.74, 600]
['2019-03-27 15:02:00', 14.735, 14.7301, 14.7301, 14.735, 1399]
['2019-03-27 15:01:00', 14.735, 14.73, 14.73, 14.735, 1515]
['2019-03-27 14:57:00', 14.745, 14.735, 14.735, 14.745, 2941]
['2019-03-27 14:56:00', 14.755, 14.755, 14.755, 14.755, 1598]
['2019-03-27 14:55:00', 14.76, 14.76, 14.76, 14.76, 511]
['2019-03-27 14:54:00', 14.77, 14.76, 14.76, 14.77, 2718]
['2019-03-27 14:53:00', 14.78, 14.78, 14.78, 14.78, 1668]
['2019-03-27 14:52:00', 14.775, 14.775, 14.775, 14.775, 780]
['2019-03-27 14:51:00', 14.79, 14.79, 14.79, 14.79, 2629]
['2019-03-27 14:50:00', 14.78, 14.78, 14.78, 14.78, 1000]
['2019-03-27 14:49:00', 14.79, 14.78, 14.78, 14.79, 4200]
['2019-03-27 14:47:00', 14.8, 14.8, 14.8, 14.8, 2817]
['2019-03-27 14:46:00', 14.8, 14.8, 14.8, 14.8, 1059]
['2019-03-27 14:45:00', 14.8, 14.8, 14.8, 14.8, 1065]
['2019-03-27 14:43:00', 14.79, 14.79, 14.79, 14.79, 790]
['2019-03-27 14:42:00', 14.78, 14.78, 14.78, 14.78, 451]
['2019-03-27 14:41:00', 14.77, 14.77, 14.77, 14.77, 1716]
['2019-03-27 14:39:00', 14.78, 14.77, 14.77, 14.78, 2108]
['2019-03-27 14:38:00', 14.81, 14.79, 14.79, 14.81, 3812]
['2019-03-27 14:37:00', 14.79, 14.79, 14.79, 14.79, 700]
['2019-03-27 14:36:00', 14.78, 14.78, 14.78, 14.78, 1748]
['2019-03-27 14:35:00', 14.82, 14.8, 14.8, 14.82, 1225]
['2019-03-27 14:34:00', 14.8, 14.8, 14.8, 14.8, 1468]
['2019-03-27 14:33:00', 14.81, 14.8, 14.8, 14.81, 4087]
['2019-03-27 14:31:00', 14.8, 14.8, 14.8, 14.8, 1859]
['2019-03-27 14:29:00', 14.7699, 14.78, 14.7699, 14.78, 4656]
['2019-03-27 14:28:00', 14.76, 14.76, 14.76, 14.76, 1199]
['2019-03-27 14:27:00', 14.77, 14.76, 14.76, 14.79, 19077]
['2019-03-27 14:26:00', 14.76, 14.76, 14.76, 14.76, 1311]
['2019-03-27 14:25:00', 14.74, 14.75, 14.74, 14.75, 1780]
['2019-03-27 14:24:00', 14.735, 14.735, 14.735, 14.735, 1672]
['2019-03-27 14:23:00', 14.74, 14.74, 14.74, 14.74, 315]
['2019-03-27 14:22:00', 14.74, 14.74, 14.74, 14.74, 741]
['2019-03-27 14:20:00', 14.74, 14.74, 14.74, 14.74, 1164]
['2019-03-27 14:19:00', 14.74, 14.74, 14.74, 14.74, 3783]
['2019-03-27 14:18:00', 14.75, 14.75, 14.75, 14.75, 500]
['2019-03-27 14:17:00', 14.74, 14.74, 14.74, 14.74, 1110]
['2019-03-27 14:16:00', 14.76, 14.74, 14.74, 14.76, 3197]
['2019-03-27 14:15:00', 14.76, 14.76, 14.76, 14.76, 2558]
['2019-03-27 14:14:00', 14.75, 14.75, 14.75, 14.75, 1715]
['2019-03-27 14:12:00', 14.72, 14.75, 14.72, 14.75, 1387]
['2019-03-27 14:11:00', 14.72, 14.72, 14.72, 14.72, 2300]
['2019-03-27 14:10:00', 14.72, 14.72, 14.72, 14.72, 302]
['2019-03-27 14:09:00', 14.72, 14.7145, 14.7145, 14.72, 2047]
['2019-03-27 14:07:00', 14.697, 14.695, 14.695, 14.697, 1201]
['2019-03-27 14:06:00', 14.7, 14.7, 14.7, 14.7, 1712]
['2019-03-27 14:05:00', 14.7, 14.7, 14.7, 14.7, 650]
['2019-03-27 14:04:00', 14.69, 14.7, 14.69, 14.7, 1973]
['2019-03-27 14:03:00', 14.69, 14.685, 14.685, 14.69, 3293]
['2019-03-27 14:02:00', 14.69, 14.69, 14.69, 14.69, 1901]
['2019-03-27 14:01:00', 14.7, 14.7, 14.7, 14.7, 404]
['2019-03-27 14:00:00', 14.7, 14.7, 14.7, 14.7, 433]
['2019-03-27 13:59:00', 14.695, 14.7, 14.695, 14.7, 829]
['2019-03-27 13:57:00', 14.71, 14.7, 14.7, 14.71, 3803]
['2019-03-27 13:56:00', 14.7, 14.7, 14.7, 14.7, 2074]
['2019-03-27 13:55:00', 14.69, 14.69, 14.69, 14.69, 1487]
['2019-03-27 13:54:00', 14.7, 14.7, 14.7, 14.7, 461]
['2019-03-27 13:52:00', 14.69, 14.7, 14.69, 14.7, 1414]
['2019-03-27 13:51:00', 14.69, 14.69, 14.69, 14.69, 740]
['2019-03-27 13:50:00', 14.69, 14.69, 14.69, 14.69, 1848]
['2019-03-27 13:49:00', 14.69, 14.69, 14.69, 14.69, 756]
['2019-03-27 13:48:00', 14.69, 14.69, 14.69, 14.69, 1812]
['2019-03-27 13:47:00', 14.71, 14.71, 14.71, 14.71, 1601]
['2019-03-27 13:46:00', 14.71, 14.72, 14.71, 14.72, 1380]
['2019-03-27 13:45:00', 14.7, 14.71, 14.7, 14.71, 2685]
['2019-03-27 13:44:00', 14.7062, 14.7, 14.7, 14.7062, 7165]
['2019-03-27 13:43:00', 14.71, 14.71, 14.71, 14.71, 3834]
['2019-03-27 13:42:00', 14.7, 14.71, 14.7, 14.71, 4162]
['2019-03-27 13:41:00', 14.69, 14.69, 14.69, 14.69, 1601]
['2019-03-27 13:40:00', 14.68, 14.68, 14.68, 14.68, 1806]
['2019-03-27 13:38:00', 14.68, 14.69, 14.68, 14.69, 2127]
['2019-03-27 13:37:00', 14.68, 14.675, 14.675, 14.68, 2603]
['2019-03-27 13:36:00', 14.695, 14.69, 14.69, 14.695, 673]
['2019-03-27 13:35:00', 14.695, 14.7, 14.695, 14.7, 3426]
['2019-03-27 13:34:00', 14.72, 14.7, 14.7, 14.72, 13784]
['2019-03-27 13:32:00', 14.72, 14.71, 14.71, 14.72, 2702]
['2019-03-27 13:29:00', 14.72, 14.73, 14.72, 14.73, 2242]
['2019-03-27 13:28:00', 14.72, 14.72, 14.72, 14.72, 605]
['2019-03-27 13:27:00', 14.73, 14.73, 14.73, 14.73, 1292]
['2019-03-27 13:25:00', 14.72, 14.72, 14.72, 14.72, 718]
['2019-03-27 13:23:00', 14.73, 14.72, 14.72, 14.73, 1057]
['2019-03-27 13:22:00', 14.73, 14.73, 14.73, 14.73, 1160]
['2019-03-27 13:21:00', 14.71, 14.71, 14.71, 14.71, 350]
['2019-03-27 13:20:00', 14.72, 14.72, 14.72, 14.72, 2829]
['2019-03-27 13:19:00', 14.725, 14.72, 14.72, 14.725, 2289]
['2019-03-27 13:18:00', 14.73, 14.73, 14.73, 14.73, 3251]
['2019-03-27 13:17:00', 14.735, 14.74, 14.735, 14.74, 4811]
['2019-03-27 13:15:00', 14.74, 14.74, 14.74, 14.74, 502]
['2019-03-27 13:14:00', 14.7, 14.7, 14.7, 14.7, 900]
['2019-03-27 13:13:00', 14.69, 14.69, 14.69, 14.69, 1430]
['2019-03-27 13:12:00', 14.68, 14.68, 14.68, 14.68, 1613]
['2019-03-27 13:11:00', 14.68, 14.68, 14.68, 14.68, 528]
['2019-03-27 13:10:00', 14.68, 14.68, 14.68, 14.68, 1108]
['2019-03-27 13:09:00', 14.69, 14.69, 14.69, 14.69, 810]
['2019-03-27 13:06:00', 14.7, 14.7, 14.7, 14.7, 2029]
['2019-03-27 13:05:00', 14.69, 14.69, 14.69, 14.69, 485]
['2019-03-27 13:04:00', 14.7, 14.7, 14.7, 14.7, 355]
['2019-03-27 13:02:00', 14.7, 14.7, 14.7, 14.7, 1505]
['2019-03-27 13:01:00', 14.7, 14.7, 14.7, 14.7, 801]
['2019-03-27 12:58:00', 14.73, 14.72, 14.72, 14.73, 4454]
['2019-03-27 12:57:00', 14.73, 14.74, 14.73, 14.74, 3905]
['2019-03-27 12:55:00', 14.74, 14.74, 14.74, 14.74, 1109]
['2019-03-27 12:53:00', 14.75, 14.76, 14.75, 14.76, 1925]
['2019-03-27 12:52:00', 14.73, 14.73, 14.73, 14.73, 1069]
['2019-03-27 12:51:00', 14.74, 14.73, 14.73, 14.74, 1453]
['2019-03-27 12:49:00', 14.73, 14.73, 14.73, 14.73, 1710]
['2019-03-27 12:48:00', 14.73, 14.73, 14.73, 14.73, 701]
['2019-03-27 12:47:00', 14.75, 14.73, 14.73, 14.75, 1922]
['2019-03-27 12:46:00', 14.74, 14.74, 14.74, 14.74, 720]
['2019-03-27 12:45:00', 14.72, 14.72, 14.72, 14.72, 1002]
['2019-03-27 12:44:00', 14.72, 14.71, 14.71, 14.72, 3734]
['2019-03-27 12:43:00', 14.72, 14.73, 14.72, 14.73, 2202]
['2019-03-27 12:42:00', 14.71, 14.71, 14.71, 14.71, 602]
['2019-03-27 12:41:00', 14.72, 14.705, 14.705, 14.72, 3283]
['2019-03-27 12:40:00', 14.73, 14.73, 14.73, 14.73, 896]
['2019-03-27 12:39:00', 14.76, 14.73, 14.73, 14.76, 15385]
['2019-03-27 12:37:00', 14.745, 14.745, 14.745, 14.745, 724]
['2019-03-27 12:36:00', 14.74, 14.73, 14.73, 14.74, 1591]
['2019-03-27 12:35:00', 14.75, 14.75, 14.75, 14.75, 650]
['2019-03-27 12:34:00', 14.74, 14.74, 14.74, 14.74, 1025]
['2019-03-27 12:33:00', 14.74, 14.74, 14.74, 14.74, 702]
['2019-03-27 12:32:00', 14.73, 14.73, 14.73, 14.73, 997]
['2019-03-27 12:31:00', 14.72, 14.72, 14.72, 14.72, 2657]
['2019-03-27 12:30:00', 14.73, 14.74, 14.73, 14.74, 829]
['2019-03-27 12:28:00', 14.73, 14.73, 14.73, 14.73, 720]
['2019-03-27 12:27:00', 14.7, 14.72, 14.7, 14.72, 1284]
['2019-03-27 12:25:00', 14.7, 14.71, 14.7, 14.71, 2611]
['2019-03-27 12:24:00', 14.72, 14.685, 14.685, 14.72, 6225]
['2019-03-27 12:23:00', 14.7299, 14.7299, 14.7299, 14.7299, 1453]
['2019-03-27 12:22:00', 14.73, 14.73, 14.73, 14.73, 11356]
['2019-03-27 12:21:00', 14.715, 14.71, 14.71, 14.72, 6095]
['2019-03-27 12:20:00', 14.72, 14.71, 14.71, 14.72, 13785]
['2019-03-27 12:19:00', 14.71, 14.7198, 14.71, 14.7198, 2257]
['2019-03-27 12:18:00', 14.7179, 14.7179, 14.7179, 14.7179, 760]
['2019-03-27 12:17:00', 14.72, 14.72, 14.72, 14.72, 3786]
['2019-03-27 12:16:00', 14.72, 14.72, 14.72, 14.72, 1397]
['2019-03-27 12:15:00', 14.705, 14.705, 14.705, 14.705, 1435]
['2019-03-27 12:14:00', 14.71, 14.695, 14.695, 14.71, 6327]
['2019-03-27 12:13:00', 14.7, 14.72, 14.7, 14.72, 16088]
['2019-03-27 12:12:00', 14.7, 14.695, 14.695, 14.7, 1502]
['2019-03-27 12:10:00', 14.7, 14.7, 14.7, 14.7, 3469]
['2019-03-27 12:08:00', 14.69, 14.7, 14.69, 14.7, 2206]
['2019-03-27 12:06:00', 14.68, 14.69, 14.68, 14.69, 675]
['2019-03-27 12:05:00', 14.66, 14.665, 14.66, 14.665, 5177]
['2019-03-27 12:04:00', 14.65, 14.65, 14.65, 14.65, 979]
['2019-03-27 12:03:00', 14.6399, 14.64, 14.6399, 14.64, 2217]
['2019-03-27 12:01:00', 14.64, 14.62, 14.62, 14.64, 6956]
['2019-03-27 12:00:00', 14.65, 14.65, 14.65, 14.65, 501]
['2019-03-27 11:59:00', 14.64, 14.65, 14.64, 14.65, 4463]
['2019-03-27 11:57:00', 14.65, 14.65, 14.64, 14.65, 13558]
['2019-03-27 11:55:00', 14.64, 14.64, 14.64, 14.64, 1556]
['2019-03-27 11:54:00', 14.63, 14.63, 14.63, 14.63, 1852]
['2019-03-27 11:53:00', 14.63, 14.63, 14.63, 14.63, 4304]
['2019-03-27 11:52:00', 14.65, 14.65, 14.65, 14.65, 2275]
['2019-03-27 11:51:00', 14.65, 14.64, 14.64, 14.65, 14864]
['2019-03-27 11:50:00', 14.64, 14.65, 14.64, 14.65, 3266]
['2019-03-27 11:49:00', 14.64, 14.63, 14.63, 14.64, 3220]
['2019-03-27 11:47:00', 14.64, 14.64, 14.64, 14.64, 378]
['2019-03-27 11:46:00', 14.635, 14.645, 14.635, 14.645, 3999]
['2019-03-27 11:45:00', 14.65, 14.65, 14.65, 14.65, 1202]
['2019-03-27 11:44:00', 14.65, 14.64, 14.64, 14.65, 5039]
['2019-03-27 11:43:00', 14.63, 14.63, 14.63, 14.63, 6204]
['2019-03-27 11:42:00', 14.6391, 14.6391, 14.6391, 14.6391, 274]
['2019-03-27 11:40:00', 14.645, 14.64, 14.64, 14.645, 3618]
['2019-03-27 11:39:00', 14.635, 14.635, 14.635, 14.635, 646]
['2019-03-27 11:38:00', 14.63, 14.63, 14.63, 14.63, 1390]
['2019-03-27 11:36:00', 14.61, 14.63, 14.61, 14.63, 6078]
['2019-03-27 11:35:00', 14.6194, 14.61, 14.61, 14.6194, 4454]
['2019-03-27 11:34:00', 14.64, 14.64, 14.64, 14.64, 2392]
['2019-03-27 11:33:00', 14.645, 14.645, 14.645, 14.645, 1263]
['2019-03-27 11:32:00', 14.64, 14.64, 14.64, 14.64, 771]
['2019-03-27 11:31:00', 14.63, 14.63, 14.63, 14.63, 1084]
['2019-03-27 11:30:00', 14.64, 14.64, 14.64, 14.64, 1639]
['2019-03-27 11:29:00', 14.6573, 14.6573, 14.6573, 14.6573, 1073]
['2019-03-27 11:28:00', 14.68, 14.68, 14.68, 14.68, 1883]
['2019-03-27 11:27:00', 14.69, 14.69, 14.69, 14.69, 302]
['2019-03-27 11:26:00', 14.68, 14.6958, 14.68, 14.6958, 4011]
['2019-03-27 11:25:00', 14.65, 14.68, 14.65, 14.68, 7821]
['2019-03-27 11:24:00', 14.68, 14.67, 14.67, 14.68, 2675]
['2019-03-27 11:23:00', 14.69, 14.69, 14.69, 14.69, 631]
['2019-03-27 11:21:00', 14.69, 14.69, 14.69, 14.69, 5754]
['2019-03-27 11:20:00', 14.705, 14.705, 14.705, 14.705, 3643]
['2019-03-27 11:18:00', 14.68, 14.68, 14.68, 14.68, 1575]
['2019-03-27 11:17:00', 14.69, 14.69, 14.69, 14.69, 1924]
['2019-03-27 11:16:00', 14.71, 14.71, 14.71, 14.71, 562]
['2019-03-27 11:15:00', 14.71, 14.71, 14.71, 14.71, 1198]
['2019-03-27 11:14:00', 14.71, 14.71, 14.71, 14.71, 1022]
['2019-03-27 11:13:00', 14.71, 14.71, 14.71, 14.71, 2160]
['2019-03-27 11:12:00', 14.73, 14.73, 14.73, 14.73, 1036]
['2019-03-27 11:10:00', 14.74, 14.75, 14.74, 14.75, 2425]
['2019-03-27 11:07:00', 14.73, 14.73, 14.73, 14.73, 1899]
['2019-03-27 11:06:00', 14.6952, 14.71, 14.6952, 14.71, 3961]
['2019-03-27 11:05:00', 14.72, 14.72, 14.72, 14.72, 1356]
['2019-03-27 11:04:00', 14.73, 14.73, 14.73, 14.73, 2001]
['2019-03-27 11:03:00', 14.74, 14.74, 14.74, 14.74, 1744]
['2019-03-27 11:02:00', 14.74, 14.75, 14.74, 14.75, 3007]
['2019-03-27 11:01:00', 14.74, 14.7378, 14.7378, 14.74, 3350]
['2019-03-27 11:00:00', 14.733, 14.733, 14.733, 14.733, 2173]
['2019-03-27 10:59:00', 14.72, 14.73, 14.72, 14.73, 3706]
['2019-03-27 10:58:00', 14.73, 14.715, 14.715, 14.73, 3456]
['2019-03-27 10:57:00', 14.74, 14.73, 14.73, 14.74, 2160]
['2019-03-27 10:55:00', 14.7429, 14.74, 14.74, 14.7429, 4144]
['2019-03-27 10:54:00', 14.75, 14.75, 14.75, 14.75, 3002]
['2019-03-27 10:53:00', 14.75, 14.75, 14.73, 14.76, 14447]
['2019-03-27 10:52:00', 14.76, 14.76, 14.76, 14.76, 1300]
['2019-03-27 10:51:00', 14.6944, 14.745, 14.6944, 14.745, 5978]
['2019-03-27 10:50:00', 14.7, 14.7, 14.7, 14.7, 1052]
['2019-03-27 10:49:00', 14.69, 14.7, 14.69, 14.7, 15279]
['2019-03-27 10:48:00', 14.69, 14.69, 14.69, 14.69, 229]
['2019-03-27 10:46:00', 14.68, 14.68, 14.68, 14.68, 892]
['2019-03-27 10:45:00', 14.69, 14.68, 14.68, 14.69, 13638]
['2019-03-27 10:44:00', 14.7, 14.7, 14.7, 14.7, 11230]
['2019-03-27 10:43:00', 14.7, 14.695, 14.695, 14.75, 19667]
['2019-03-27 10:42:00', 14.68, 14.68, 14.68, 14.68, 11883]
['2019-03-27 10:41:00', 14.66, 14.67, 14.66, 14.67, 3893]
['2019-03-27 10:40:00', 14.697, 14.66, 14.66, 14.697, 3854]
['2019-03-27 10:39:00', 14.7, 14.7, 14.7, 14.7, 4534]
['2019-03-27 10:37:00', 14.7, 14.7, 14.7, 14.7, 3091]
['2019-03-27 10:36:00', 14.7, 14.7, 14.7, 14.7, 3443]
['2019-03-27 10:35:00', 14.7199, 14.7199, 14.7199, 14.7199, 2764]
['2019-03-27 10:34:00', 14.7, 14.71, 14.7, 14.71, 8031]
['2019-03-27 10:33:00', 14.74, 14.69, 14.69, 14.74, 18240]
['2019-03-27 10:32:00', 14.71, 14.7299, 14.71, 14.7299, 7592]
['2019-03-27 10:31:00', 14.71, 14.71, 14.71, 14.71, 749]
['2019-03-27 10:30:00', 14.73, 14.73, 14.73, 14.73, 2137]
['2019-03-27 10:29:00', 14.73, 14.73, 14.73, 14.73, 1300]
['2019-03-27 10:28:00', 14.72, 14.71, 14.71, 14.72, 3258]
['2019-03-27 10:27:00', 14.74, 14.72, 14.72, 14.74, 12779]
['2019-03-27 10:25:00', 14.73, 14.73, 14.73, 14.73, 2181]
['2019-03-27 10:24:00', 14.725, 14.725, 14.725, 14.725, 1476]
['2019-03-27 10:23:00', 14.73, 14.7344, 14.73, 14.7344, 2268]
['2019-03-27 10:22:00', 14.76, 14.72, 14.72, 14.76, 5324]
['2019-03-27 10:20:00', 14.765, 14.765, 14.765, 14.765, 900]
['2019-03-27 10:19:00', 14.75, 14.76, 14.75, 14.76, 1582]
['2019-03-27 10:17:00', 14.73, 14.75, 14.73, 14.75, 2523]
['2019-03-27 10:16:00', 14.77, 14.7254, 14.69, 14.77, 21802]
['2019-03-27 10:15:00', 14.77, 14.77, 14.77, 14.77, 1631]
['2019-03-27 10:14:00', 14.78, 14.78, 14.78, 14.78, 4184]
['2019-03-27 10:13:00', 14.785, 14.76, 14.76, 14.785, 4506]
['2019-03-27 10:12:00', 14.82, 14.8, 14.8, 14.82, 4043]
['2019-03-27 10:11:00', 14.82, 14.82, 14.82, 14.82, 1005]
['2019-03-27 10:10:00', 14.83, 14.83, 14.83, 14.83, 2615]
['2019-03-27 10:09:00', 14.87, 14.83, 14.83, 14.87, 3739]
['2019-03-27 10:08:00', 14.8667, 14.8667, 14.8667, 14.8667, 2446]
['2019-03-27 10:07:00', 14.84, 14.85, 14.84, 14.85, 3289]
['2019-03-27 10:06:00', 14.86, 14.86, 14.86, 14.86, 1640]
['2019-03-27 10:05:00', 14.87, 14.87, 14.87, 14.87, 1329]
['2019-03-27 10:04:00', 14.88, 14.88, 14.88, 14.88, 382]
['2019-03-27 10:03:00', 14.88, 14.885, 14.88, 14.9, 32350]
['2019-03-27 10:01:00', 14.86, 14.87, 14.86, 14.87, 3540]
['2019-03-27 10:00:00', 14.88, 14.88, 14.88, 14.88, 1601]
['2019-03-27 09:59:00', 14.9067, 14.9067, 14.9067, 14.9067, 1110]
['2019-03-27 09:58:00', 14.88, 14.88, 14.88, 14.88, 1753]
['2019-03-27 09:57:00', 14.87, 14.87, 14.87, 14.87, 2439]
['2019-03-27 09:56:00', 14.89, 14.89, 14.89, 14.89, 1395]
['2019-03-27 09:55:00', 14.91, 14.91, 14.91, 14.91, 948]
['2019-03-27 09:54:00', 14.99, 14.95, 14.95, 14.99, 3239]
['2019-03-27 09:53:00', 15.0, 15.0, 15.0, 15.0, 1109]
['2019-03-27 09:52:00', 15.01, 15.01, 15.01, 15.01, 1817]
['2019-03-27 09:51:00', 14.99, 14.99, 14.99, 14.99, 2146]
['2019-03-27 09:50:00', 15.01, 15.01, 15.01, 15.01, 224]
['2019-03-27 09:49:00', 15.04, 15.0, 15.0, 15.04, 3461]
['2019-03-27 09:48:00', 15.0145, 15.0145, 15.0145, 15.0145, 1929]
['2019-03-27 09:47:00', 15.05, 15.05, 15.05, 15.05, 834]
['2019-03-27 09:46:00', 15.045, 15.045, 15.045, 15.045, 1001]
['2019-03-27 09:45:00', 15.02, 15.03, 15.02, 15.04, 8710]
['2019-03-27 09:44:00', 15.04, 15.06, 15.04, 15.06, 6564]
['2019-03-27 09:43:00', 14.99, 14.99, 14.99, 14.99, 2001]
['2019-03-27 09:42:00', 14.98, 14.98, 14.98, 14.98, 1916]
['2019-03-27 09:41:00', 14.89, 14.89, 14.89, 14.89, 1312]
['2019-03-27 09:39:00', 14.88, 14.86, 14.86, 14.88, 4335]
['2019-03-27 09:37:00', 14.9299, 14.9299, 14.9299, 14.9299, 827]
['2019-03-27 09:36:00', 14.98, 14.98, 14.98, 14.98, 679]
['2019-03-27 09:34:00', 15.01, 14.9678, 14.9678, 15.01, 2821]
['2019-03-27 09:32:00', 15.0, 15.0, 15.0, 15.0, 12290]
['2019-03-26 16:00:00', 14.935, 14.95, 14.935, 14.95, 49291]
['2019-03-26 15:59:00', 14.94, 14.94, 14.935, 14.94, 15543]
['2019-03-26 15:58:00', 14.92, 14.94, 14.92, 14.94, 15093]
['2019-03-26 15:57:00', 14.92, 14.92, 14.92, 14.92, 7835]
['2019-03-26 15:56:00', 14.9101, 14.92, 14.9101, 14.92, 12992]
['2019-03-26 15:55:00', 14.915, 14.915, 14.915, 14.915, 3815]
['2019-03-26 15:54:00', 14.92, 14.92, 14.92, 14.92, 3997]
['2019-03-26 15:53:00', 14.87, 14.92, 14.87, 14.92, 24463]
['2019-03-26 15:52:00', 14.86, 14.87, 14.86, 14.87, 10269]
['2019-03-26 15:51:00', 14.855, 14.86, 14.855, 14.86, 6053]
['2019-03-26 15:50:00', 14.86, 14.855, 14.855, 14.86, 3086]
['2019-03-26 15:49:00', 14.86, 14.86, 14.86, 14.86, 906]
['2019-03-26 15:48:00', 14.86, 14.86, 14.86, 14.86, 3757]
['2019-03-26 15:47:00', 14.8499, 14.85, 14.8499, 14.85, 3674]
['2019-03-26 15:46:00', 14.84, 14.84, 14.84, 14.85, 16033]
['2019-03-26 15:45:00', 14.835, 14.84, 14.835, 14.84, 3267]
['2019-03-26 15:44:00', 14.84, 14.84, 14.84, 14.84, 398]
['2019-03-26 15:43:00', 14.86, 14.8327, 14.8327, 14.86, 14296]
['2019-03-26 15:42:00', 14.84, 14.86, 14.84, 14.86, 3481]
['2019-03-26 15:41:00', 14.83, 14.83, 14.83, 14.83, 3574]
['2019-03-26 15:40:00', 14.83, 14.83, 14.83, 14.83, 4925]
['2019-03-26 15:39:00', 14.84, 14.82, 14.82, 14.84, 5394]
['2019-03-26 15:38:00', 14.87, 14.835, 14.835, 14.87, 8745]
['2019-03-26 15:37:00', 14.8385, 14.87, 14.8385, 14.87, 6818]
['2019-03-26 15:36:00', 14.79, 14.83, 14.79, 14.83, 9106]
['2019-03-26 15:35:00', 14.7801, 14.79, 14.7801, 14.79, 1628]
['2019-03-26 15:34:00', 14.72, 14.78, 14.72, 14.79, 10686]
['2019-03-26 15:33:00', 14.71, 14.71, 14.71, 14.71, 3235]
['2019-03-26 15:32:00', 14.71, 14.7, 14.7, 14.71, 56657]
['2019-03-26 15:31:00', 14.715, 14.71, 14.71, 14.73, 20470]
['2019-03-26 15:30:00', 14.73, 14.71, 14.71, 14.74, 22732]
['2019-03-26 15:29:00', 14.77, 14.73, 14.73, 14.77, 13300]
['2019-03-26 15:28:00', 14.71, 14.76, 14.71, 14.77, 25841]
['2019-03-26 15:27:00', 14.7335, 14.71, 14.71, 14.7335, 17487]
['2019-03-26 15:26:00', 14.79, 14.75, 14.75, 14.79, 34238]
['2019-03-26 15:25:00', 14.78, 14.77, 14.77, 14.78, 3817]
['2019-03-26 15:24:00', 14.82, 14.78, 14.77, 14.82, 24975]
['2019-03-26 15:23:00', 14.83, 14.81, 14.79, 14.84, 14366]
['2019-03-26 15:22:00', 14.8501, 14.81, 14.81, 14.8501, 16500]
['2019-03-26 15:21:00', 14.8136, 14.86, 14.8136, 14.86, 15570]
['2019-03-26 15:20:00', 14.83, 14.82, 14.82, 14.83, 5500]
['2019-03-26 15:19:00', 14.8, 14.83, 14.8, 14.83, 15730]
['2019-03-26 15:18:00', 14.85, 14.8, 14.8, 14.85, 23700]
['2019-03-26 15:17:00', 14.85, 14.84, 14.81, 14.85, 18841]
['2019-03-26 15:16:00', 14.85, 14.8501, 14.85, 14.8501, 2660]
['2019-03-26 15:15:00', 14.89, 14.85, 14.85, 14.89, 26221]
['2019-03-26 15:14:00', 14.92, 14.9, 14.9, 14.92, 11150]
['2019-03-26 15:13:00', 14.935, 14.93, 14.92, 14.935, 18426]
['2019-03-26 15:12:00', 14.935, 14.9301, 14.9301, 14.935, 16304]
['2019-03-26 15:11:00', 14.93, 14.93, 14.93, 14.93, 2251]
['2019-03-26 15:10:00', 14.93, 14.93, 14.93, 14.93, 3181]
['2019-03-26 15:09:00', 14.95, 14.94, 14.92, 14.95, 28228]
['2019-03-26 15:08:00', 14.97, 14.9525, 14.9525, 14.97, 13411]
['2019-03-26 15:07:00', 14.98, 14.96, 14.96, 14.98, 13255]
['2019-03-26 15:06:00', 15.0, 14.99, 14.99, 15.0, 1582]
['2019-03-26 15:05:00', 15.01, 15.01, 15.01, 15.01, 102]
['2019-03-26 15:04:00', 15.01, 15.01, 15.01, 15.01, 1100]
['2019-03-26 15:03:00', 15.02, 15.01, 15.01, 15.02, 3574]
['2019-03-26 15:02:00', 15.01, 15.02, 15.01, 15.02, 3735]
['2019-03-26 15:01:00', 14.99, 15.005, 14.99, 15.01, 7058]
['2019-03-26 15:00:00', 15.0, 15.0, 15.0, 15.0, 300]
['2019-03-26 14:59:00', 15.0, 15.0, 15.0, 15.0, 3328]
['2019-03-26 14:58:00', 14.99, 14.99, 14.99, 14.99, 1574]
['2019-03-26 14:57:00', 14.98, 14.98, 14.98, 14.98, 1041]
['2019-03-26 14:56:00', 14.95, 14.96, 14.95, 14.96, 4297]
['2019-03-26 14:55:00', 14.96, 14.96, 14.96, 14.96, 200]
['2019-03-26 14:54:00', 14.96, 14.96, 14.96, 14.96, 801]
['2019-03-26 14:53:00', 14.99, 14.98, 14.98, 14.99, 6976]
['2019-03-26 14:52:00', 15.0016, 15.0, 15.0, 15.0016, 3918]
['2019-03-26 14:50:00', 15.01, 15.0, 15.0, 15.01, 1700]
['2019-03-26 14:49:00', 15.005, 15.005, 15.005, 15.005, 1210]
['2019-03-26 14:48:00', 15.0, 15.0, 15.0, 15.0, 600]
['2019-03-26 14:47:00', 15.01, 15.01, 15.01, 15.01, 1867]
['2019-03-26 14:46:00', 15.01, 15.01, 15.01, 15.01, 831]
['2019-03-26 14:45:00', 14.99, 15.0, 14.99, 15.0, 3324]
['2019-03-26 14:44:00', 15.0, 14.99, 14.99, 15.0, 1666]
['2019-03-26 14:43:00', 15.0, 15.0, 15.0, 15.0, 685]
['2019-03-26 14:42:00', 15.0, 15.005, 15.0, 15.01, 6895]
['2019-03-26 14:40:00', 15.0, 14.99, 14.99, 15.0, 226]
['2019-03-26 14:39:00', 14.9964, 14.9964, 14.9964, 14.9964, 619]
['2019-03-26 14:38:00', 15.0, 15.0, 15.0, 15.0, 1351]
['2019-03-26 14:37:00', 14.99, 15.0, 14.99, 15.0, 4441]
['2019-03-26 14:36:00', 14.99, 14.99, 14.99, 14.99, 2718]
['2019-03-26 14:35:00', 14.98, 14.98, 14.98, 14.98, 1103]
['2019-03-26 14:34:00', 14.9899, 14.97, 14.97, 14.9899, 3158]
['2019-03-26 14:33:00', 14.99, 14.98, 14.98, 14.99, 4614]
['2019-03-26 14:32:00', 14.991, 14.991, 14.991, 14.991, 703]
['2019-03-26 14:31:00', 14.995, 14.99, 14.99, 14.995, 401]
['2019-03-26 14:30:00', 14.99, 14.99, 14.99, 14.99, 983]
['2019-03-26 14:29:00', 14.99, 14.98, 14.98, 14.99, 541]
['2019-03-26 14:28:00', 14.985, 14.985, 14.985, 14.985, 402]
['2019-03-26 14:27:00', 14.98, 14.985, 14.98, 14.99, 3802]
['2019-03-26 14:26:00', 14.9601, 14.9601, 14.9601, 14.9601, 615]
['2019-03-26 14:25:00', 14.97, 14.97, 14.97, 14.97, 2820]
['2019-03-26 14:24:00', 14.96, 14.97, 14.96, 14.97, 2065]
['2019-03-26 14:23:00', 14.9592, 14.96, 14.9592, 14.96, 1014]
['2019-03-26 14:22:00', 14.98, 14.96, 14.96, 14.98, 3927]
['2019-03-26 14:21:00', 14.97, 14.97, 14.97, 14.97, 608]
['2019-03-26 14:20:00', 14.96, 14.96, 14.96, 14.96, 313]
['2019-03-26 14:19:00', 14.93, 14.96, 14.93, 14.96, 4051]
['2019-03-26 14:18:00', 14.91, 14.91, 14.91, 14.91, 406]
['2019-03-26 14:17:00', 14.91, 14.91, 14.91, 14.91, 952]
['2019-03-26 14:16:00', 14.89, 14.89, 14.89, 14.89, 1778]
['2019-03-26 14:15:00', 14.89, 14.89, 14.89, 14.89, 816]
['2019-03-26 14:14:00', 14.89, 14.89, 14.89, 14.89, 1220]
['2019-03-26 14:13:00', 14.88, 14.88, 14.88, 14.88, 428]
['2019-03-26 14:12:00', 14.87, 14.88, 14.87, 14.88, 1143]
['2019-03-26 14:11:00', 14.87, 14.87, 14.87, 14.87, 1238]
['2019-03-26 14:10:00', 14.89, 14.89, 14.89, 14.89, 3032]
['2019-03-26 14:09:00', 14.88, 14.89, 14.88, 14.89, 1718]
['2019-03-26 14:08:00', 14.87, 14.87, 14.87, 14.87, 203]
['2019-03-26 14:07:00', 14.865, 14.865, 14.865, 14.865, 296]
['2019-03-26 14:06:00', 14.86, 14.86, 14.86, 14.86, 2938]
['2019-03-26 14:05:00', 14.85, 14.8583, 14.85, 14.8583, 913]
['2019-03-26 14:03:00', 14.87, 14.85, 14.85, 14.87, 1744]
['2019-03-26 14:02:00', 14.87, 14.87, 14.87, 14.87, 211]
['2019-03-26 14:01:00', 14.87, 14.87, 14.87, 14.87, 1305]
['2019-03-26 14:00:00', 14.8799, 14.87, 14.87, 14.8799, 1653]
['2019-03-26 13:59:00', 14.8785, 14.8785, 14.8785, 14.8785, 1314]
['2019-03-26 13:58:00', 14.88, 14.88, 14.88, 14.88, 105]
['2019-03-26 13:57:00', 14.87, 14.87, 14.87, 14.87, 2196]
['2019-03-26 13:55:00', 14.86, 14.87, 14.86, 14.87, 2561]
['2019-03-26 13:54:00', 14.86, 14.86, 14.86, 14.86, 737]
['2019-03-26 13:53:00', 14.86, 14.86, 14.8401, 14.86, 3846]
['2019-03-26 13:52:00', 14.87, 14.87, 14.87, 14.87, 1774]
['2019-03-26 13:51:00', 14.87, 14.87, 14.87, 14.87, 309]
['2019-03-26 13:50:00', 14.88, 14.88, 14.88, 14.88, 540]
['2019-03-26 13:49:00', 14.88, 14.88, 14.88, 14.88, 3478]
['2019-03-26 13:48:00', 14.88, 14.87, 14.87, 14.88, 1974]
['2019-03-26 13:46:00', 14.89, 14.87, 14.86, 14.89, 6893]
['2019-03-26 13:45:00', 14.8969, 14.8969, 14.8969, 14.8969, 203]
['2019-03-26 13:44:00', 14.92, 14.9, 14.9, 14.92, 6488]
['2019-03-26 13:43:00', 14.92, 14.92, 14.92, 14.92, 451]
['2019-03-26 13:42:00', 14.91, 14.93, 14.91, 14.93, 2588]
['2019-03-26 13:41:00', 14.92, 14.91, 14.91, 14.92, 6074]
['2019-03-26 13:40:00', 14.93, 14.93, 14.93, 14.94, 8600]
['2019-03-26 13:39:00', 14.93, 14.93, 14.93, 14.93, 1266]
['2019-03-26 13:38:00', 14.93, 14.93, 14.93, 14.93, 670]
['2019-03-26 13:37:00', 14.94, 14.94, 14.94, 14.94, 2416]
['2019-03-26 13:36:00', 14.96, 14.96, 14.96, 14.96, 479]
['2019-03-26 13:35:00', 14.95, 14.95, 14.95, 14.95, 397]
['2019-03-26 13:34:00', 14.94, 14.95, 14.94, 14.95, 2516]
['2019-03-26 13:32:00', 14.93, 14.93, 14.93, 14.93, 1817]
['2019-03-26 13:31:00', 14.94, 14.94, 14.94, 14.94, 1862]
['2019-03-26 13:30:00', 14.96, 14.96, 14.96, 14.96, 200]
['2019-03-26 13:29:00', 14.96, 14.95, 14.95, 14.96, 2636]
['2019-03-26 13:28:00', 14.96, 14.96, 14.96, 14.97, 12992]
['2019-03-26 13:27:00', 14.93, 14.94, 14.93, 14.94, 3621]
['2019-03-26 13:26:00', 14.94, 14.94, 14.94, 14.94, 2050]
['2019-03-26 13:25:00', 14.95, 14.95, 14.95, 14.95, 5541]
['2019-03-26 13:24:00', 14.96, 14.96, 14.96, 14.96, 1946]
['2019-03-26 13:23:00', 14.96, 14.96, 14.96, 14.96, 1497]
['2019-03-26 13:22:00', 14.96, 14.96, 14.96, 14.96, 921]
['2019-03-26 13:21:00', 14.98, 14.97, 14.97, 14.98, 2139]
['2019-03-26 13:20:00', 14.99, 14.99, 14.99, 14.99, 237]
['2019-03-26 13:19:00', 14.99, 14.98, 14.98, 14.99, 1256]
['2019-03-26 13:18:00', 14.99, 14.99, 14.99, 14.99, 1015]
['2019-03-26 13:16:00', 14.98, 14.98, 14.98, 14.98, 1070]
['2019-03-26 13:15:00', 14.96, 14.98, 14.96, 14.98, 3239]
['2019-03-26 13:13:00', 14.96, 14.96, 14.96, 14.96, 5203]
['2019-03-26 13:12:00', 14.97, 14.98, 14.97, 14.98, 1422]
['2019-03-26 13:11:00', 14.97, 14.97, 14.97, 14.97, 1000]
['2019-03-26 13:10:00', 14.96, 14.96, 14.96, 14.96, 568]
['2019-03-26 13:09:00', 14.98, 14.97, 14.97, 14.98, 1941]
['2019-03-26 13:08:00', 14.975, 14.99, 14.975, 15.0, 10990]
['2019-03-26 13:07:00', 14.9649, 14.9649, 14.9649, 14.9649, 432]
['2019-03-26 13:06:00', 14.97, 14.96, 14.96, 14.97, 3399]
['2019-03-26 13:05:00', 14.99, 14.99, 14.99, 14.99, 964]
['2019-03-26 13:04:00', 14.96, 14.97, 14.96, 14.97, 2735]
['2019-03-26 13:03:00', 14.9468, 14.9468, 14.9468, 14.9468, 4893]
['2019-03-26 13:01:00', 14.95, 14.95, 14.95, 14.95, 270]
['2019-03-26 13:00:00', 14.95, 14.94, 14.94, 14.95, 4672]
['2019-03-26 12:59:00', 14.98, 14.94, 14.94, 14.98, 8426]
['2019-03-26 12:58:00', 14.97, 14.97, 14.97, 14.97, 1050]
['2019-03-26 12:57:00', 14.97, 14.97, 14.97, 14.97, 585]
['2019-03-26 12:56:00', 14.96, 14.97, 14.96, 14.97, 3271]
['2019-03-26 12:55:00', 14.98, 14.95, 14.95, 14.98, 6105]
['2019-03-26 12:54:00', 14.99, 14.99, 14.99, 14.99, 362]
['2019-03-26 12:53:00', 14.99, 15.0, 14.99, 15.0, 6222]
['2019-03-26 12:52:00', 14.98, 14.98, 14.98, 14.98, 810]
['2019-03-26 12:51:00', 15.0, 14.97, 14.97, 15.0, 3845]
['2019-03-26 12:50:00', 14.96, 14.98, 14.96, 14.98, 6779]
['2019-03-26 12:49:00', 15.0, 14.9701, 14.97, 15.0, 15384]
['2019-03-26 12:47:00', 15.02, 15.02, 15.02, 15.02, 499]
['2019-03-26 12:46:00', 15.02, 15.02, 15.02, 15.02, 795]
['2019-03-26 12:45:00', 15.0223, 15.025, 15.0223, 15.025, 2615]
['2019-03-26 12:44:00', 15.02, 15.02, 15.02, 15.02, 1801]
['2019-03-26 12:43:00', 15.02, 15.02, 15.02, 15.02, 1800]
['2019-03-26 12:41:00', 15.05, 15.02, 15.02, 15.05, 5535]
['2019-03-26 12:39:00', 15.07, 15.07, 15.07, 15.07, 302]
['2019-03-26 12:38:00', 15.07, 15.07, 15.07, 15.07, 2055]
['2019-03-26 12:37:00', 15.07, 15.07, 15.07, 15.07, 792]
['2019-03-26 12:36:00', 15.09, 15.08, 15.08, 15.09, 5283]
['2019-03-26 12:35:00', 15.1, 15.07, 15.07, 15.1, 3688]
['2019-03-26 12:34:00', 15.11, 15.11, 15.11, 15.115, 3966]
['2019-03-26 12:33:00', 15.08, 15.11, 15.08, 15.11, 6046]
['2019-03-26 12:32:00', 15.11, 15.07, 15.07, 15.11, 10006]
['2019-03-26 12:30:00', 15.12, 15.11, 15.11, 15.12, 1803]
['2019-03-26 12:29:00', 15.12, 15.12, 15.12, 15.12, 642]
['2019-03-26 12:28:00', 15.14, 15.12, 15.12, 15.149, 11318]
['2019-03-26 12:27:00', 15.15, 15.15, 15.15, 15.15, 1305]
['2019-03-26 12:26:00', 15.14, 15.1442, 15.14, 15.1442, 3168]
['2019-03-26 12:25:00', 15.13, 15.13, 15.13, 15.13, 1977]
['2019-03-26 12:24:00', 15.15, 15.13, 15.13, 15.15, 5487]
['2019-03-26 12:23:00', 15.17, 15.17, 15.17, 15.17, 504]
['2019-03-26 12:22:00', 15.17, 15.17, 15.17, 15.17, 2698]
['2019-03-26 12:21:00', 15.18, 15.18, 15.18, 15.18, 1572]
['2019-03-26 12:20:00', 15.2, 15.21, 15.2, 15.21, 1823]
['2019-03-26 12:19:00', 15.21, 15.21, 15.21, 15.21, 381]
['2019-03-26 12:18:00', 15.21, 15.21, 15.21, 15.21, 1199]
['2019-03-26 12:17:00', 15.2178, 15.2178, 15.2178, 15.2178, 1402]
['2019-03-26 12:16:00', 15.21, 15.21, 15.21, 15.21, 500]
['2019-03-26 12:15:00', 15.2144, 15.2144, 15.2144, 15.2144, 1103]
['2019-03-26 12:14:00', 15.21, 15.21, 15.21, 15.21, 1192]
['2019-03-26 12:13:00', 15.2, 15.2, 15.2, 15.2, 3368]
['2019-03-26 12:11:00', 15.2, 15.2, 15.2, 15.2, 700]
['2019-03-26 12:09:00', 15.21, 15.21, 15.21, 15.21, 2203]
['2019-03-26 12:08:00', 15.22, 15.22, 15.22, 15.22, 234]
['2019-03-26 12:05:00', 15.22, 15.23, 15.22, 15.23, 5888]
['2019-03-26 12:04:00', 15.24, 15.23, 15.23, 15.24, 4801]
['2019-03-26 12:02:00', 15.22, 15.22, 15.22, 15.22, 1930]
['2019-03-26 12:01:00', 15.215, 15.215, 15.215, 15.215, 1600]
['2019-03-26 12:00:00', 15.2, 15.2, 15.2, 15.2, 2539]
['2019-03-26 11:59:00', 15.21, 15.21, 15.21, 15.21, 1420]
['2019-03-26 11:58:00', 15.21, 15.21, 15.21, 15.21, 1300]
['2019-03-26 11:57:00', 15.2, 15.21, 15.2, 15.21, 2545]
['2019-03-26 11:56:00', 15.2, 15.2, 15.2, 15.2, 1340]
['2019-03-26 11:55:00', 15.2, 15.2, 15.2, 15.2, 900]
['2019-03-26 11:54:00', 15.19, 15.19, 15.19, 15.19, 650]
['2019-03-26 11:53:00', 15.2, 15.2, 15.2, 15.2, 461]
['2019-03-26 11:51:00', 15.22, 15.22, 15.22, 15.22, 949]
['2019-03-26 11:50:00', 15.21, 15.22, 15.21, 15.22, 1925]
['2019-03-26 11:49:00', 15.2, 15.2, 15.2, 15.2, 1548]
['2019-03-26 11:48:00', 15.22, 15.2, 15.2, 15.22, 3224]
['2019-03-26 11:47:00', 15.22, 15.22, 15.22, 15.22, 2320]
['2019-03-26 11:46:00', 15.24, 15.23, 15.23, 15.24, 2895]
['2019-03-26 11:45:00', 15.24, 15.24, 15.24, 15.24, 1352]
['2019-03-26 11:44:00', 15.25, 15.2485, 15.24, 15.25, 5255]
['2019-03-26 11:43:00', 15.23, 15.23, 15.23, 15.23, 730]
['2019-03-26 11:41:00', 15.24, 15.24, 15.24, 15.24, 404]
['2019-03-26 11:39:00', 15.21, 15.23, 15.21, 15.23, 7047]
['2019-03-26 11:38:00', 15.2, 15.2, 15.2, 15.2, 722]
['2019-03-26 11:37:00', 15.19, 15.19, 15.19, 15.19, 365]
['2019-03-26 11:35:00', 15.19, 15.19, 15.19, 15.19, 765]
['2019-03-26 11:34:00', 15.18, 15.19, 15.18, 15.19, 2501]
['2019-03-26 11:32:00', 15.19, 15.19, 15.19, 15.19, 3190]
['2019-03-26 11:31:00', 15.21, 15.21, 15.21, 15.21, 1364]
['2019-03-26 11:29:00', 15.21, 15.21, 15.21, 15.21, 1092]
['2019-03-26 11:28:00', 15.22, 15.22, 15.22, 15.22, 627]
['2019-03-26 11:27:00', 15.23, 15.23, 15.23, 15.23, 300]
['2019-03-26 11:26:00', 15.2, 15.22, 15.2, 15.22, 3936]
['2019-03-26 11:25:00', 15.2, 15.2, 15.2, 15.2, 7688]
['2019-03-26 11:24:00', 15.19, 15.19, 15.19, 15.19, 808]
['2019-03-26 11:23:00', 15.2, 15.2, 15.2, 15.2, 937]
['2019-03-26 11:22:00', 15.2, 15.1999, 15.1999, 15.2, 3853]
['2019-03-26 11:21:00', 15.19, 15.19, 15.19, 15.19, 1202]
['2019-03-26 11:20:00', 15.22, 15.19, 15.19, 15.22, 6270]
['2019-03-26 11:19:00', 15.24, 15.24, 15.24, 15.24, 3300]
['2019-03-26 11:18:00', 15.25, 15.26, 15.25, 15.26, 3200]
['2019-03-26 11:17:00', 15.2483, 15.2483, 15.2483, 15.2483, 2125]
['2019-03-26 11:16:00', 15.24, 15.24, 15.24, 15.24, 1900]
['2019-03-26 11:15:00', 15.25, 15.25, 15.25, 15.25, 15749]
['2019-03-26 11:14:00', 15.25, 15.25, 15.25, 15.25, 4961]
['2019-03-26 11:13:00', 15.22, 15.24, 15.22, 15.24, 4801]
['2019-03-26 11:12:00', 15.21, 15.21, 15.21, 15.21, 1209]
['2019-03-26 11:11:00', 15.2015, 15.19, 15.19, 15.2015, 9080]
['2019-03-26 11:10:00', 15.22, 15.22, 15.22, 15.22, 1474]
['2019-03-26 11:09:00', 15.22, 15.2, 15.2, 15.22, 5440]
['2019-03-26 11:08:00', 15.215, 15.215, 15.215, 15.215, 3540]
['2019-03-26 11:07:00', 15.22, 15.21, 15.2, 15.22, 11956]
['2019-03-26 11:06:00', 15.235, 15.235, 15.235, 15.235, 1054]
['2019-03-26 11:05:00', 15.25, 15.25, 15.25, 15.25, 1926]
['2019-03-26 11:04:00', 15.25, 15.25, 15.25, 15.25, 2250]
['2019-03-26 11:03:00', 15.26, 15.26, 15.26, 15.26, 1124]
['2019-03-26 11:02:00', 15.27, 15.27, 15.27, 15.27, 1098]
['2019-03-26 11:00:00', 15.28, 15.28, 15.28, 15.28, 2294]
['2019-03-26 10:59:00', 15.29, 15.27, 15.27, 15.29, 2207]
['2019-03-26 10:58:00', 15.32, 15.3, 15.3, 15.32, 2312]
['2019-03-26 10:56:00', 15.32, 15.32, 15.32, 15.32, 1194]
['2019-03-26 10:55:00', 15.34, 15.32, 15.32, 15.34, 2496]
['2019-03-26 10:54:00', 15.34, 15.34, 15.34, 15.34, 9650]
['2019-03-26 10:53:00', 15.36, 15.35, 15.35, 15.3625, 11508]
['2019-03-26 10:52:00', 15.38, 15.36, 15.36, 15.38, 3628]
['2019-03-26 10:51:00', 15.38, 15.38, 15.38, 15.38, 2005]
['2019-03-26 10:50:00', 15.36, 15.38, 15.36, 15.38, 3867]
['2019-03-26 10:49:00', 15.37, 15.37, 15.37, 15.37, 3215]
['2019-03-26 10:47:00', 15.34, 15.34, 15.34, 15.34, 3681]
['2019-03-26 10:46:00', 15.31, 15.31, 15.31, 15.31, 1587]
['2019-03-26 10:45:00', 15.3, 15.3, 15.3, 15.3, 702]
['2019-03-26 10:43:00', 15.3149, 15.3149, 15.3149, 15.3149, 771]
['2019-03-26 10:42:00', 15.32, 15.32, 15.32, 15.32, 1355]
['2019-03-26 10:41:00', 15.3, 15.31, 15.3, 15.31, 1708]
['2019-03-26 10:39:00', 15.3, 15.3, 15.3, 15.3, 1983]
['2019-03-26 10:37:00', 15.28, 15.29, 15.28, 15.29, 3853]
['2019-03-26 10:35:00', 15.26, 15.26, 15.26, 15.28, 4889]
['2019-03-26 10:34:00', 15.21, 15.22, 15.21, 15.22, 7751]
['2019-03-26 10:33:00', 15.21, 15.21, 15.21, 15.21, 1193]
['2019-03-26 10:32:00', 15.21, 15.21, 15.21, 15.21, 884]
['2019-03-26 10:30:00', 15.23, 15.21, 15.21, 15.23, 5348]
['2019-03-26 10:29:00', 15.25, 15.25, 15.25, 15.25, 1509]
['2019-03-26 10:27:00', 15.24, 15.23, 15.23, 15.24, 3673]
['2019-03-26 10:26:00', 15.21, 15.21, 15.21, 15.21, 161]
['2019-03-26 10:25:00', 15.21, 15.21, 15.21, 15.21, 1700]
['2019-03-26 10:24:00', 15.21, 15.21, 15.21, 15.21, 773]
['2019-03-26 10:23:00', 15.24, 15.22, 15.22, 15.24, 9912]
['2019-03-26 10:22:00', 15.24, 15.24, 15.24, 15.24, 934]
['2019-03-26 10:21:00', 15.24, 15.24, 15.24, 15.24, 1905]
['2019-03-26 10:20:00', 15.26, 15.26, 15.26, 15.26, 1406]
['2019-03-26 10:19:00', 15.24, 15.24, 15.24, 15.24, 11202]
['2019-03-26 10:18:00', 15.23, 15.22, 15.2001, 15.23, 21564]
['2019-03-26 10:17:00', 15.25, 15.25, 15.25, 15.25, 954]
['2019-03-26 10:16:00', 15.25, 15.25, 15.25, 15.25, 3909]
['2019-03-26 10:15:00', 15.2664, 15.24, 15.24, 15.2664, 3710]
['2019-03-26 10:14:00', 15.27, 15.27, 15.27, 15.27, 1700]
['2019-03-26 10:12:00', 15.25, 15.23, 15.23, 15.25, 5249]
['2019-03-26 10:11:00', 15.2634, 15.26, 15.25, 15.2634, 10295]
['2019-03-26 10:10:00', 15.26, 15.27, 15.26, 15.27, 3130]
['2019-03-26 10:09:00', 15.25, 15.25, 15.25, 15.25, 1306]
['2019-03-26 10:08:00', 15.26, 15.25, 15.25, 15.26, 4585]
['2019-03-26 10:07:00', 15.28, 15.27, 15.27, 15.28, 3299]
['2019-03-26 10:06:00', 15.28, 15.28, 15.28, 15.28, 1384]
['2019-03-26 10:05:00', 15.28, 15.26, 15.26, 15.28, 2460]
['2019-03-26 10:04:00', 15.28, 15.28, 15.28, 15.28, 1896]
['2019-03-26 10:03:00', 15.29, 15.29, 15.29, 15.3, 4837]
['2019-03-26 10:02:00', 15.3, 15.33, 15.3, 15.34, 6105]
['2019-03-26 10:01:00', 15.33, 15.28, 15.27, 15.33, 12900]
['2019-03-26 10:00:00', 15.33, 15.33, 15.33, 15.33, 1901]
['2019-03-26 09:59:00', 15.34, 15.32, 15.32, 15.34, 8893]
['2019-03-26 09:58:00', 15.37, 15.36, 15.36, 15.37, 3671]
['2019-03-26 09:56:00', 15.4, 15.42, 15.4, 15.42, 5487]
['2019-03-26 09:55:00', 15.48, 15.45, 15.45, 15.48, 5950]
['2019-03-26 09:54:00', 15.49, 15.49, 15.49, 15.49, 700]
['2019-03-26 09:53:00', 15.48, 15.52, 15.44, 15.52, 14341]
['2019-03-26 09:52:00', 15.5, 15.49, 15.48, 15.51, 8631]
['2019-03-26 09:51:00', 15.51, 15.49, 15.475, 15.51, 16990]
['2019-03-26 09:50:00', 15.535, 15.52, 15.52, 15.535, 3717]
['2019-03-26 09:49:00', 15.55, 15.55, 15.55, 15.55, 700]
['2019-03-26 09:48:00', 15.54, 15.54, 15.54, 15.54, 2082]
['2019-03-26 09:47:00', 15.55, 15.53, 15.53, 15.55, 5196]
['2019-03-26 09:46:00', 15.56, 15.55, 15.55, 15.56, 2231]
['2019-03-26 09:45:00', 15.55, 15.55, 15.55, 15.55, 2000]
['2019-03-26 09:44:00', 15.54, 15.52, 15.52, 15.54, 3430]
['2019-03-26 09:43:00', 15.53, 15.53, 15.53, 15.54, 6527]
['2019-03-26 09:42:00', 15.53, 15.53, 15.53, 15.53, 2504]
['2019-03-26 09:41:00', 15.51, 15.52, 15.51, 15.52, 2418]
['2019-03-26 09:39:00', 15.5, 15.5, 15.5, 15.5, 1858]
['2019-03-26 09:37:00', 15.49, 15.49, 15.49, 15.49, 717]
['2019-03-26 09:36:00', 15.4688, 15.4688, 15.4688, 15.4688, 2720]
['2019-03-26 09:35:00', 15.49, 15.49, 15.49, 15.49, 22035]
['2019-03-26 09:34:00', 15.4599, 15.4599, 15.4599, 15.4599, 1789]
['2019-03-26 09:33:00', 15.41, 15.41, 15.41, 15.41, 1400]
['2019-03-26 09:32:00', 15.41, 15.41, 15.41, 15.41, 12613]
['2019-03-25 16:00:00', 15.315, 15.3, 15.3, 15.315, 27700]
['2019-03-25 15:59:00', 15.305, 15.31, 15.305, 15.315, 8803]
['2019-03-25 15:58:00', 15.3, 15.31, 15.3, 15.315, 40467]
['2019-03-25 15:57:00', 15.285, 15.295, 15.285, 15.31, 25761]
['2019-03-25 15:56:00', 15.305, 15.28, 15.28, 15.305, 13716]
['2019-03-25 15:55:00', 15.3, 15.3, 15.3, 15.3, 3235]
['2019-03-25 15:54:00', 15.3, 15.3, 15.3, 15.3, 1643]
['2019-03-25 15:53:00', 15.3, 15.3, 15.3, 15.3, 1029]
['2019-03-25 15:52:00', 15.31, 15.31, 15.3, 15.31, 5852]
['2019-03-25 15:51:00', 15.305, 15.305, 15.305, 15.305, 1229]
['2019-03-25 15:50:00', 15.305, 15.31, 15.305, 15.31, 1735]
['2019-03-25 15:49:00', 15.33, 15.31, 15.31, 15.33, 5882]
['2019-03-25 15:48:00', 15.35, 15.34, 15.34, 15.355, 9787]
['2019-03-25 15:47:00', 15.33, 15.35, 15.33, 15.35, 6475]
['2019-03-25 15:46:00', 15.33, 15.335, 15.33, 15.335, 7071]
['2019-03-25 15:45:00', 15.33, 15.33, 15.33, 15.34, 3736]
['2019-03-25 15:44:00', 15.33, 15.33, 15.33, 15.33, 1745]
['2019-03-25 15:43:00', 15.33, 15.33, 15.33, 15.33, 2943]
['2019-03-25 15:42:00', 15.33, 15.33, 15.33, 15.33, 4406]
['2019-03-25 15:41:00', 15.335, 15.33, 15.33, 15.335, 1242]
['2019-03-25 15:40:00', 15.34, 15.34, 15.34, 15.34, 2124]
['2019-03-25 15:39:00', 15.36, 15.345, 15.34, 15.36, 7925]
['2019-03-25 15:38:00', 15.36, 15.37, 15.36, 15.37, 666]
['2019-03-25 15:37:00', 15.37, 15.36, 15.36, 15.37, 910]
['2019-03-25 15:36:00', 15.365, 15.365, 15.365, 15.365, 1563]
['2019-03-25 15:35:00', 15.37, 15.37, 15.37, 15.37, 2761]
['2019-03-25 15:34:00', 15.37, 15.38, 15.37, 15.38, 1455]
['2019-03-25 15:33:00', 15.36, 15.37, 15.36, 15.38, 6999]
['2019-03-25 15:32:00', 15.36, 15.36, 15.36, 15.36, 764]
['2019-03-25 15:31:00', 15.38, 15.35, 15.35, 15.38, 6908]
['2019-03-25 15:30:00', 15.36, 15.365, 15.36, 15.365, 5108]
['2019-03-25 15:29:00', 15.37, 15.36, 15.36, 15.37, 4417]
['2019-03-25 15:28:00', 15.37, 15.375, 15.37, 15.375, 1899]
['2019-03-25 15:27:00', 15.39, 15.3716, 15.3716, 15.39, 5253]
['2019-03-25 15:26:00', 15.39, 15.39, 15.39, 15.39, 947]
['2019-03-25 15:25:00', 15.38, 15.38, 15.38, 15.38, 260]
['2019-03-25 15:24:00', 15.35, 15.38, 15.35, 15.38, 14568]
['2019-03-25 15:23:00', 15.345, 15.345, 15.345, 15.345, 656]
['2019-03-25 15:22:00', 15.33, 15.34, 15.32, 15.34, 10466]
['2019-03-25 15:20:00', 15.33, 15.3301, 15.33, 15.3301, 1065]
['2019-03-25 15:19:00', 15.33, 15.335, 15.33, 15.335, 5919]
['2019-03-25 15:18:00', 15.33, 15.33, 15.33, 15.33, 3565]
['2019-03-25 15:17:00', 15.335, 15.3325, 15.3325, 15.335, 494]
['2019-03-25 15:16:00', 15.34, 15.34, 15.34, 15.34, 153]
['2019-03-25 15:15:00', 15.34, 15.33, 15.33, 15.34, 1306]
['2019-03-25 15:14:00', 15.35, 15.35, 15.35, 15.35, 1100]
['2019-03-25 15:13:00', 15.335, 15.34, 15.33, 15.34, 1987]
['2019-03-25 15:12:00', 15.33, 15.3325, 15.33, 15.34, 5097]
['2019-03-25 15:11:00', 15.35, 15.34, 15.34, 15.35, 2240]
['2019-03-25 15:10:00', 15.35, 15.35, 15.35, 15.35, 800]
['2019-03-25 15:09:00', 15.34, 15.34, 15.34, 15.34, 1739]
['2019-03-25 15:08:00', 15.34, 15.34, 15.34, 15.34, 800]
['2019-03-25 15:07:00', 15.35, 15.34, 15.34, 15.35, 1314]
['2019-03-25 15:06:00', 15.34, 15.34, 15.34, 15.34, 920]
['2019-03-25 15:05:00', 15.33, 15.34, 15.33, 15.34, 2975]
['2019-03-25 15:04:00', 15.33, 15.33, 15.33, 15.33, 2802]
['2019-03-25 15:03:00', 15.34, 15.34, 15.34, 15.34, 101]
['2019-03-25 15:02:00', 15.3338, 15.34, 15.33, 15.34, 5581]
['2019-03-25 15:01:00', 15.3, 15.335, 15.295, 15.34, 7176]
['2019-03-25 14:59:00', 15.3, 15.295, 15.295, 15.3, 700]
['2019-03-25 14:58:00', 15.3, 15.3, 15.3, 15.3, 402]
['2019-03-25 14:57:00', 15.28, 15.28, 15.28, 15.28, 1851]
['2019-03-25 14:56:00', 15.28, 15.26, 15.26, 15.28, 8931]
['2019-03-25 14:55:00', 15.3, 15.29, 15.29, 15.3, 1354]
['2019-03-25 14:54:00', 15.3, 15.3, 15.3, 15.3, 2229]
['2019-03-25 14:52:00', 15.32, 15.31, 15.3, 15.32, 6090]
['2019-03-25 14:51:00', 15.33, 15.33, 15.33, 15.33, 1103]
['2019-03-25 14:50:00', 15.3266, 15.3266, 15.3266, 15.3266, 700]
['2019-03-25 14:48:00', 15.3275, 15.3266, 15.3266, 15.3275, 2225]
['2019-03-25 14:47:00', 15.31, 15.32, 15.31, 15.32, 5204]
['2019-03-25 14:46:00', 15.315, 15.315, 15.315, 15.315, 1538]
['2019-03-25 14:45:00', 15.34, 15.33, 15.33, 15.34, 2652]
['2019-03-25 14:44:00', 15.34, 15.34, 15.34, 15.34, 2962]
['2019-03-25 14:43:00', 15.35, 15.34, 15.34, 15.35, 7955]
['2019-03-25 14:42:00', 15.34, 15.34, 15.335, 15.34, 3994]
['2019-03-25 14:41:00', 15.33, 15.33, 15.33, 15.33, 2768]
['2019-03-25 14:40:00', 15.32, 15.33, 15.32, 15.33, 29325]
['2019-03-25 14:39:00', 15.32, 15.32, 15.32, 15.32, 3669]
['2019-03-25 14:38:00', 15.31, 15.31, 15.305, 15.315, 5840]
['2019-03-25 14:37:00', 15.32, 15.32, 15.32, 15.32, 2714]
['2019-03-25 14:36:00', 15.295, 15.31, 15.295, 15.31, 31234]
['2019-03-25 14:35:00', 15.3, 15.3, 15.3, 15.3, 1500]
['2019-03-25 14:34:00', 15.3, 15.295, 15.295, 15.3, 4304]
['2019-03-25 14:33:00', 15.27, 15.28, 15.27, 15.28, 2112]
['2019-03-25 14:32:00', 15.26, 15.27, 15.26, 15.27, 2086]
['2019-03-25 14:31:00', 15.255, 15.255, 15.255, 15.255, 1091]
['2019-03-25 14:30:00', 15.24, 15.24, 15.24, 15.24, 1300]
['2019-03-25 14:29:00', 15.24, 15.2399, 15.235, 15.24, 3393]
['2019-03-25 14:28:00', 15.23, 15.23, 15.23, 15.23, 3182]
['2019-03-25 14:27:00', 15.22, 15.23, 15.22, 15.23, 8483]
['2019-03-25 14:26:00', 15.215, 15.22, 15.215, 15.22, 540]
['2019-03-25 14:24:00', 15.22, 15.22, 15.22, 15.22, 862]
['2019-03-25 14:23:00', 15.23, 15.21, 15.21, 15.23, 3827]
['2019-03-25 14:22:00', 15.24, 15.24, 15.24, 15.24, 200]
['2019-03-25 14:21:00', 15.23, 15.23, 15.23, 15.23, 616]
['2019-03-25 14:20:00', 15.235, 15.235, 15.235, 15.235, 1300]
['2019-03-25 14:19:00', 15.24, 15.23, 15.23, 15.24, 5607]
['2019-03-25 14:18:00', 15.25, 15.25, 15.25, 15.25, 700]
['2019-03-25 14:17:00', 15.255, 15.25, 15.25, 15.255, 4615]
['2019-03-25 14:16:00', 15.25, 15.2544, 15.245, 15.255, 5506]
['2019-03-25 14:14:00', 15.2463, 15.2463, 15.2463, 15.2463, 251]
['2019-03-25 14:13:00', 15.245, 15.25, 15.245, 15.25, 9873]
['2019-03-25 14:12:00', 15.25, 15.25, 15.25, 15.25, 1800]
['2019-03-25 14:11:00', 15.24, 15.245, 15.24, 15.245, 2876]
['2019-03-25 14:09:00', 15.25, 15.25, 15.25, 15.25, 1200]
['2019-03-25 14:08:00', 15.255, 15.255, 15.255, 15.255, 573]
['2019-03-25 14:07:00', 15.24, 15.24, 15.24, 15.24, 408]
['2019-03-25 14:06:00', 15.24, 15.24, 15.24, 15.24, 2325]
['2019-03-25 14:05:00', 15.255, 15.24, 15.24, 15.255, 3587]
['2019-03-25 14:04:00', 15.25, 15.25, 15.25, 15.25, 2881]
['2019-03-25 14:03:00', 15.26, 15.255, 15.255, 15.26, 6435]
['2019-03-25 14:01:00', 15.255, 15.26, 15.25, 15.26, 7382]
['2019-03-25 14:00:00', 15.255, 15.255, 15.255, 15.255, 800]
['2019-03-25 13:57:00', 15.265, 15.265, 15.265, 15.265, 700]
['2019-03-25 13:56:00', 15.28, 15.26, 15.26, 15.28, 6551]
['2019-03-25 13:55:00', 15.285, 15.28, 15.28, 15.285, 2078]
['2019-03-25 13:54:00', 15.3, 15.28, 15.28, 15.3, 5306]
['2019-03-25 13:53:00', 15.295, 15.295, 15.295, 15.295, 1494]
['2019-03-25 13:52:00', 15.305, 15.3, 15.3, 15.305, 3601]
['2019-03-25 13:51:00', 15.295, 15.3, 15.295, 15.3, 9617]
['2019-03-25 13:50:00', 15.295, 15.295, 15.295, 15.295, 908]
['2019-03-25 13:49:00', 15.31, 15.31, 15.31, 15.31, 600]
['2019-03-25 13:48:00', 15.325, 15.325, 15.325, 15.325, 700]
['2019-03-25 13:47:00', 15.335, 15.335, 15.335, 15.335, 1301]
['2019-03-25 13:46:00', 15.35, 15.34, 15.34, 15.35, 1336]
['2019-03-25 13:45:00', 15.36, 15.36, 15.36, 15.36, 1258]
['2019-03-25 13:42:00', 15.38, 15.375, 15.375, 15.38, 2744]
['2019-03-25 13:40:00', 15.38, 15.375, 15.375, 15.38, 1501]
['2019-03-25 13:38:00', 15.38, 15.375, 15.375, 15.38, 1905]
['2019-03-25 13:36:00', 15.37, 15.37, 15.37, 15.37, 1385]
['2019-03-25 13:35:00', 15.36, 15.36, 15.36, 15.36, 1262]
['2019-03-25 13:34:00', 15.36, 15.36, 15.36, 15.36, 100]
['2019-03-25 13:32:00', 15.36, 15.35, 15.35, 15.36, 2997]
['2019-03-25 13:31:00', 15.36, 15.36, 15.36, 15.36, 1447]
['2019-03-25 13:30:00', 15.35, 15.35, 15.35, 15.35, 367]
['2019-03-25 13:29:00', 15.35, 15.35, 15.35, 15.35, 1300]
['2019-03-25 13:28:00', 15.34, 15.35, 15.34, 15.35, 2505]
['2019-03-25 13:25:00', 15.35, 15.35, 15.35, 15.35, 1000]
['2019-03-25 13:24:00', 15.35, 15.35, 15.345, 15.35, 4730]
['2019-03-25 13:23:00', 15.36, 15.36, 15.36, 15.36, 929]
['2019-03-25 13:22:00', 15.365, 15.365, 15.365, 15.365, 383]
['2019-03-25 13:21:00', 15.36, 15.365, 15.36, 15.365, 1201]
['2019-03-25 13:20:00', 15.37, 15.37, 15.37, 15.37, 1756]
['2019-03-25 13:19:00', 15.37, 15.37, 15.37, 15.37, 501]
['2019-03-25 13:18:00', 15.39, 15.39, 15.39, 15.39, 1700]
['2019-03-25 13:17:00', 15.4223, 15.41, 15.41, 15.4223, 1668]
['2019-03-25 13:15:00', 15.44, 15.43, 15.43, 15.44, 3742]
['2019-03-25 13:14:00', 15.42, 15.43, 15.42, 15.43, 2172]
['2019-03-25 13:13:00', 15.42, 15.42, 15.42, 15.42, 1124]
['2019-03-25 13:12:00', 15.42, 15.42, 15.42, 15.42, 1716]
['2019-03-25 13:11:00', 15.42, 15.42, 15.42, 15.42, 218]
['2019-03-25 13:10:00', 15.42, 15.42, 15.42, 15.42, 953]
['2019-03-25 13:09:00', 15.42, 15.43, 15.42, 15.43, 2488]
['2019-03-25 13:08:00', 15.43, 15.42, 15.42, 15.43, 1994]
['2019-03-25 13:07:00', 15.43, 15.43, 15.43, 15.44, 3959]
['2019-03-25 13:06:00', 15.4, 15.41, 15.39, 15.41, 6762]
['2019-03-25 13:05:00', 15.42, 15.41, 15.41, 15.42, 6419]
['2019-03-25 13:04:00', 15.435, 15.43, 15.43, 15.435, 2997]
['2019-03-25 13:03:00', 15.43, 15.43, 15.43, 15.43, 662]
['2019-03-25 13:01:00', 15.44, 15.43, 15.43, 15.44, 7113]
['2019-03-25 13:00:00', 15.425, 15.43, 15.425, 15.43, 2306]
['2019-03-25 12:59:00', 15.415, 15.42, 15.415, 15.425, 22063]
['2019-03-25 12:58:00', 15.41, 15.41, 15.41, 15.41, 500]
['2019-03-25 12:57:00', 15.4, 15.4, 15.4, 15.4, 1433]
['2019-03-25 12:56:00', 15.39, 15.39, 15.39, 15.39, 800]
['2019-03-25 12:55:00', 15.39, 15.385, 15.385, 15.39, 1855]
['2019-03-25 12:54:00', 15.39, 15.39, 15.39, 15.39, 800]
['2019-03-25 12:53:00', 15.4, 15.4, 15.4, 15.4, 2668]
['2019-03-25 12:52:00', 15.4, 15.4, 15.4, 15.4, 6566]
['2019-03-25 12:51:00', 15.4, 15.4, 15.4, 15.4, 2502]
['2019-03-25 12:50:00', 15.38, 15.38, 15.38, 15.38, 400]
['2019-03-25 12:49:00', 15.39, 15.39, 15.39, 15.39, 2276]
['2019-03-25 12:48:00', 15.365, 15.365, 15.365, 15.365, 300]
['2019-03-25 12:47:00', 15.36, 15.37, 15.36, 15.37, 3553]
['2019-03-25 12:46:00', 15.37, 15.34, 15.34, 15.37, 5800]
['2019-03-25 12:45:00', 15.365, 15.365, 15.365, 15.365, 953]
['2019-03-25 12:44:00', 15.37, 15.37, 15.37, 15.37, 250]
['2019-03-25 12:43:00', 15.365, 15.365, 15.365, 15.365, 5300]
['2019-03-25 12:42:00', 15.37, 15.37, 15.37, 15.37, 10100]
['2019-03-25 12:41:00', 15.38, 15.38, 15.38, 15.38, 2900]
['2019-03-25 12:40:00', 15.37, 15.37, 15.37, 15.37, 323]
['2019-03-25 12:39:00', 15.37, 15.37, 15.37, 15.37, 402]
['2019-03-25 12:38:00', 15.38, 15.38, 15.38, 15.38, 2911]
['2019-03-25 12:37:00', 15.3801, 15.3801, 15.3801, 15.3801, 1201]
['2019-03-25 12:36:00', 15.4, 15.4, 15.4, 15.4, 804]
['2019-03-25 12:35:00', 15.42, 15.4, 15.4, 15.42, 11699]
['2019-03-25 12:34:00', 15.4, 15.41, 15.4, 15.41, 1120]
['2019-03-25 12:33:00', 15.42, 15.4, 15.4, 15.42, 4362]
['2019-03-25 12:32:00', 15.4215, 15.4215, 15.4215, 15.4215, 675]
['2019-03-25 12:31:00', 15.42, 15.42, 15.42, 15.42, 302]
['2019-03-25 12:30:00', 15.44, 15.42, 15.42, 15.44, 3261]
['2019-03-25 12:29:00', 15.44, 15.44, 15.44, 15.44, 341]
['2019-03-25 12:28:00', 15.45, 15.44, 15.44, 15.45, 2173]
['2019-03-25 12:26:00', 15.45, 15.45, 15.45, 15.45, 500]
['2019-03-25 12:25:00', 15.44, 15.445, 15.44, 15.445, 2199]
['2019-03-25 12:23:00', 15.44, 15.44, 15.44, 15.44, 700]
['2019-03-25 12:22:00', 15.44, 15.43, 15.43, 15.44, 2325]
['2019-03-25 12:21:00', 15.44, 15.44, 15.44, 15.44, 675]
['2019-03-25 12:20:00', 15.425, 15.425, 15.425, 15.425, 683]
['2019-03-25 12:19:00', 15.41, 15.42, 15.41, 15.42, 1860]
['2019-03-25 12:18:00', 15.42, 15.42, 15.42, 15.42, 342]
['2019-03-25 12:17:00', 15.42, 15.415, 15.415, 15.42, 1058]
['2019-03-25 12:16:00', 15.41, 15.41, 15.41, 15.41, 1101]
['2019-03-25 12:14:00', 15.42, 15.42, 15.42, 15.42, 1806]
['2019-03-25 12:13:00', 15.43, 15.43, 15.43, 15.43, 1401]
['2019-03-25 12:12:00', 15.42, 15.425, 15.42, 15.425, 2604]
['2019-03-25 12:11:00', 15.43, 15.4, 15.4, 15.43, 5980]
['2019-03-25 12:10:00', 15.44, 15.44, 15.44, 15.44, 305]
['2019-03-25 12:08:00', 15.435, 15.435, 15.435, 15.435, 699]
['2019-03-25 12:07:00', 15.44, 15.44, 15.44, 15.44, 3040]
['2019-03-25 12:06:00', 15.44, 15.44, 15.44, 15.44, 2440]
['2019-03-25 12:05:00', 15.43, 15.43, 15.43, 15.43, 2181]
['2019-03-25 12:04:00', 15.41, 15.425, 15.41, 15.425, 2119]
['2019-03-25 12:03:00', 15.4, 15.4, 15.39, 15.4, 6686]
['2019-03-25 12:02:00', 15.41, 15.41, 15.41, 15.41, 300]
['2019-03-25 11:59:00', 15.45, 15.4, 15.4, 15.45, 4272]
['2019-03-25 11:57:00', 15.4518, 15.45, 15.45, 15.4518, 1040]
['2019-03-25 11:55:00', 15.44, 15.44, 15.44, 15.44, 1887]
['2019-03-25 11:54:00', 15.4498, 15.4498, 15.4498, 15.4498, 1300]
['2019-03-25 11:53:00', 15.43, 15.42, 15.42, 15.43, 2000]
['2019-03-25 11:52:00', 15.42, 15.42, 15.42, 15.42, 500]
['2019-03-25 11:51:00', 15.41, 15.425, 15.41, 15.425, 1501]
['2019-03-25 11:50:00', 15.41, 15.41, 15.41, 15.41, 1300]
['2019-03-25 11:49:00', 15.445, 15.415, 15.415, 15.445, 2740]
['2019-03-25 11:47:00', 15.45, 15.45, 15.45, 15.45, 900]
['2019-03-25 11:46:00', 15.435, 15.46, 15.435, 15.46, 2381]
['2019-03-25 11:45:00', 15.44, 15.44, 15.44, 15.44, 1032]
['2019-03-25 11:44:00', 15.44, 15.44, 15.44, 15.44, 1012]
['2019-03-25 11:42:00', 15.45, 15.43, 15.43, 15.45, 3854]
['2019-03-25 11:41:00', 15.46, 15.46, 15.46, 15.46, 800]
['2019-03-25 11:40:00', 15.46, 15.46, 15.46, 15.46, 448]
['2019-03-25 11:39:00', 15.46, 15.46, 15.46, 15.46, 1000]
['2019-03-25 11:38:00', 15.47, 15.46, 15.46, 15.47, 3302]
['2019-03-25 11:36:00', 15.45, 15.45, 15.45, 15.45, 3902]
['2019-03-25 11:35:00', 15.47, 15.48, 15.47, 15.48, 10828]
['2019-03-25 11:34:00', 15.5, 15.47, 15.47, 15.5, 5587]
['2019-03-25 11:33:00', 15.52, 15.52, 15.52, 15.52, 1101]
['2019-03-25 11:32:00', 15.57, 15.54, 15.54, 15.57, 3133]
['2019-03-25 11:31:00', 15.56, 15.56, 15.5499, 15.56, 5536]
['2019-03-25 11:30:00', 15.59, 15.58, 15.58, 15.59, 5879]
['2019-03-25 11:29:00', 15.59, 15.59, 15.59, 15.59, 614]
['2019-03-25 11:28:00', 15.58, 15.5834, 15.58, 15.5834, 4819]
['2019-03-25 11:27:00', 15.59, 15.59, 15.59, 15.59, 8624]
['2019-03-25 11:26:00', 15.54, 15.54, 15.54, 15.54, 1996]
['2019-03-25 11:25:00', 15.57, 15.55, 15.55, 15.57, 2753]
['2019-03-25 11:24:00', 15.54, 15.56, 15.54, 15.56, 5469]
['2019-03-25 11:23:00', 15.53, 15.54, 15.51, 15.54, 15623]
['2019-03-25 11:22:00', 15.56, 15.54, 15.54, 15.56, 4836]
['2019-03-25 11:21:00', 15.52, 15.545, 15.52, 15.545, 2634]
['2019-03-25 11:20:00', 15.4801, 15.5, 15.4801, 15.51, 26851]
['2019-03-25 11:19:00', 15.49, 15.49, 15.49, 15.49, 1626]
['2019-03-25 11:18:00', 15.5, 15.49, 15.49, 15.5, 4422]
['2019-03-25 11:17:00', 15.47, 15.49, 15.47, 15.49, 2649]
['2019-03-25 11:16:00', 15.485, 15.48, 15.48, 15.49, 4786]
['2019-03-25 11:15:00', 15.47, 15.48, 15.47, 15.48, 1525]
['2019-03-25 11:14:00', 15.46, 15.46, 15.46, 15.46, 1110]
['2019-03-25 11:13:00', 15.44, 15.44, 15.44, 15.44, 601]
['2019-03-25 11:12:00', 15.44, 15.4315, 15.4315, 15.44, 3120]
['2019-03-25 11:11:00', 15.4581, 15.4581, 15.4581, 15.4581, 944]
['2019-03-25 11:10:00', 15.44, 15.44, 15.44, 15.44, 1984]
['2019-03-25 11:09:00', 15.45, 15.45, 15.45, 15.45, 2556]
['2019-03-25 11:08:00', 15.445, 15.45, 15.445, 15.45, 4004]
['2019-03-25 11:07:00', 15.43, 15.44, 15.43, 15.44, 4611]
['2019-03-25 11:06:00', 15.43, 15.43, 15.43, 15.43, 4084]
['2019-03-25 11:05:00', 15.41, 15.405, 15.405, 15.41, 2147]
['2019-03-25 11:04:00', 15.385, 15.4, 15.385, 15.4, 5012]
['2019-03-25 11:03:00', 15.38, 15.38, 15.38, 15.38, 3121]
['2019-03-25 11:02:00', 15.39, 15.39, 15.39, 15.39, 2300]
['2019-03-25 11:01:00', 15.36, 15.36, 15.36, 15.36, 3391]
['2019-03-25 11:00:00', 15.36, 15.3301, 15.3301, 15.36, 3613]
['2019-03-25 10:59:00', 15.377, 15.377, 15.377, 15.377, 2906]
['2019-03-25 10:58:00', 15.38, 15.38, 15.38, 15.38, 2910]
['2019-03-25 10:56:00', 15.4, 15.4, 15.4, 15.4, 4979]
['2019-03-25 10:55:00', 15.36, 15.4, 15.36, 15.4, 5754]
['2019-03-25 10:54:00', 15.35, 15.36, 15.35, 15.36, 5253]
['2019-03-25 10:53:00', 15.29, 15.34, 15.29, 15.34, 17160]
['2019-03-25 10:52:00', 15.295, 15.295, 15.295, 15.295, 632]
['2019-03-25 10:51:00', 15.28, 15.28, 15.28, 15.28, 2936]
['2019-03-25 10:50:00', 15.24, 15.24, 15.24, 15.24, 1300]
['2019-03-25 10:49:00', 15.23, 15.24, 15.23, 15.24, 1952]
['2019-03-25 10:48:00', 15.24, 15.24, 15.24, 15.24, 1659]
['2019-03-25 10:47:00', 15.25, 15.25, 15.25, 15.25, 404]
['2019-03-25 10:46:00', 15.21, 15.24, 15.21, 15.24, 4903]
['2019-03-25 10:44:00', 15.2165, 15.2165, 15.2165, 15.2165, 633]
['2019-03-25 10:43:00', 15.23, 15.23, 15.23, 15.23, 1756]
['2019-03-25 10:42:00', 15.23, 15.22, 15.22, 15.23, 3474]
['2019-03-25 10:41:00', 15.23, 15.23, 15.23, 15.23, 900]
['2019-03-25 10:40:00', 15.25, 15.22, 15.22, 15.25, 4670]
['2019-03-25 10:39:00', 15.25, 15.25, 15.25, 15.25, 2160]
['2019-03-25 10:38:00', 15.26, 15.26, 15.26, 15.26, 1160]
['2019-03-25 10:37:00', 15.26, 15.26, 15.26, 15.26, 800]
['2019-03-25 10:36:00', 15.26, 15.26, 15.26, 15.26, 1400]
['2019-03-25 10:35:00', 15.27, 15.28, 15.27, 15.28, 2485]
['2019-03-25 10:34:00', 15.31, 15.31, 15.31, 15.31, 1765]
['2019-03-25 10:33:00', 15.3138, 15.3138, 15.3138, 15.3138, 1450]
['2019-03-25 10:32:00', 15.295, 15.295, 15.295, 15.295, 652]
['2019-03-25 10:31:00', 15.28, 15.285, 15.28, 15.285, 6005]
['2019-03-25 10:30:00', 15.275, 15.28, 15.275, 15.28, 4577]
['2019-03-25 10:29:00', 15.275, 15.275, 15.275, 15.275, 1009]
['2019-03-25 10:28:00', 15.24, 15.28, 15.24, 15.28, 11310]
['2019-03-25 10:27:00', 15.22, 15.22, 15.22, 15.22, 1001]
['2019-03-25 10:26:00', 15.21, 15.21, 15.21, 15.21, 1750]
['2019-03-25 10:25:00', 15.19, 15.19, 15.19, 15.19, 1667]
['2019-03-25 10:24:00', 15.19, 15.19, 15.19, 15.19, 1507]
['2019-03-25 10:23:00', 15.21, 15.17, 15.17, 15.21, 3769]
['2019-03-25 10:22:00', 15.2, 15.2, 15.2, 15.2, 1900]
['2019-03-25 10:21:00', 15.17, 15.21, 15.16, 15.21, 5214]
['2019-03-25 10:20:00', 15.18, 15.18, 15.18, 15.18, 666]
['2019-03-25 10:19:00', 15.205, 15.19, 15.19, 15.205, 3293]
['2019-03-25 10:18:00', 15.22, 15.22, 15.22, 15.22, 3120]
['2019-03-25 10:17:00', 15.21, 15.21, 15.21, 15.21, 1100]
['2019-03-25 10:16:00', 15.18, 15.18, 15.18, 15.18, 7611]
['2019-03-25 10:15:00', 15.13, 15.13, 15.13, 15.13, 402]
['2019-03-25 10:14:00', 15.14, 15.14, 15.14, 15.14, 1003]
['2019-03-25 10:13:00', 15.13, 15.13, 15.13, 15.13, 2100]
['2019-03-25 10:12:00', 15.11, 15.11, 15.1, 15.11, 4198]
['2019-03-25 10:11:00', 15.105, 15.105, 15.105, 15.105, 2606]
['2019-03-25 10:10:00', 15.125, 15.125, 15.125, 15.125, 901]
['2019-03-25 10:09:00', 15.11, 15.13, 15.11, 15.13, 3266]
['2019-03-25 10:08:00', 15.09, 15.09, 15.08, 15.09, 5187]
['2019-03-25 10:07:00', 15.07, 15.08, 15.07, 15.09, 22826]
['2019-03-25 10:06:00', 15.06, 15.07, 15.06, 15.07, 8138]
['2019-03-25 10:05:00', 15.04, 15.04, 15.04, 15.04, 1032]
['2019-03-25 10:04:00', 15.06, 15.0403, 15.0403, 15.06, 5162]
['2019-03-25 10:03:00', 15.08, 15.08, 15.08, 15.08, 755]
['2019-03-25 10:02:00', 15.08, 15.09, 15.08, 15.09, 4017]
['2019-03-25 10:01:00', 15.105, 15.105, 15.105, 15.105, 1500]
['2019-03-25 10:00:00', 15.17, 15.135, 15.135, 15.17, 2517]
['2019-03-25 09:59:00', 15.17, 15.17, 15.17, 15.17, 1071]
['2019-03-25 09:58:00', 15.18, 15.18, 15.18, 15.18, 1857]
['2019-03-25 09:57:00', 15.225, 15.225, 15.225, 15.225, 1800]
['2019-03-25 09:56:00', 15.2, 15.2, 15.2, 15.2, 1075]
['2019-03-25 09:55:00', 15.22, 15.22, 15.22, 15.22, 631]
['2019-03-25 09:54:00', 15.25, 15.25, 15.25, 15.25, 700]
['2019-03-25 09:53:00', 15.26, 15.26, 15.26, 15.26, 1218]
['2019-03-25 09:52:00', 15.23, 15.25, 15.23, 15.25, 10658]
['2019-03-25 09:51:00', 15.18, 15.23, 15.18, 15.23, 10643]
['2019-03-25 09:50:00', 15.2, 15.2, 15.2, 15.2, 2368]
['2019-03-25 09:49:00', 15.19, 15.19, 15.19, 15.19, 1362]
['2019-03-25 09:48:00', 15.2, 15.21, 15.2, 15.21, 2992]
['2019-03-25 09:47:00', 15.2201, 15.2201, 15.2201, 15.2201, 782]
['2019-03-25 09:46:00', 15.23, 15.23, 15.23, 15.23, 1301]
['2019-03-25 09:45:00', 15.34, 15.32, 15.32, 15.36, 7767]
['2019-03-25 09:44:00', 15.32, 15.295, 15.295, 15.32, 2738]
['2019-03-25 09:43:00', 15.36, 15.35, 15.35, 15.36, 4604]
['2019-03-25 09:42:00', 15.28, 15.35, 15.28, 15.35, 11322]
['2019-03-25 09:41:00', 15.26, 15.3, 15.26, 15.3, 3496]
['2019-03-25 09:40:00', 15.23, 15.23, 15.23, 15.23, 1060]
['2019-03-25 09:39:00', 15.2, 15.2, 15.2, 15.2, 1945]
['2019-03-25 09:38:00', 15.17, 15.17, 15.17, 15.17, 2475]
['2019-03-25 09:35:00', 15.04, 15.1185, 15.04, 15.1185, 9497]
['2019-03-25 09:32:00', 15.11, 15.11, 15.11, 15.11, 15333]
