ABCB
['2019-03-29 16:00:00', 34.37, 34.34, 34.34, 34.37, 6364]
['2019-03-29 15:59:00', 34.38, 34.39, 34.38, 34.39, 5051]
['2019-03-29 15:58:00', 34.38, 34.35, 34.35, 34.38, 3793]
['2019-03-29 15:57:00', 34.37, 34.39, 34.37, 34.39, 3777]
['2019-03-29 15:56:00', 34.38, 34.37, 34.35, 34.39, 10728]
['2019-03-29 15:55:00', 34.4327, 34.43, 34.43, 34.4327, 2519]
['2019-03-29 15:54:00', 34.42, 34.4, 34.4, 34.45, 4044]
['2019-03-29 15:53:00', 34.41, 34.42, 34.41, 34.42, 2756]
['2019-03-29 15:52:00', 34.36, 34.39, 34.36, 34.39, 2611]
['2019-03-29 15:51:00', 34.36, 34.35, 34.34, 34.36, 3214]
['2019-03-29 15:50:00', 34.37, 34.33, 34.33, 34.37, 1684]
['2019-03-29 15:49:00', 34.37, 34.35, 34.35, 34.37, 4157]
['2019-03-29 15:48:00', 34.4, 34.34, 34.34, 34.4, 2697]
['2019-03-29 15:47:00', 34.4, 34.39, 34.39, 34.4, 3040]
['2019-03-29 15:46:00', 34.42, 34.43, 34.42, 34.43, 1741]
['2019-03-29 15:45:00', 34.43, 34.43, 34.43, 34.43, 1871]
['2019-03-29 15:44:00', 34.4, 34.44, 34.39, 34.44, 3727]
['2019-03-29 15:43:00', 34.43, 34.43, 34.43, 34.43, 588]
['2019-03-29 15:42:00', 34.43, 34.42, 34.42, 34.43, 1660]
['2019-03-29 15:41:00', 34.415, 34.41, 34.41, 34.415, 1814]
['2019-03-29 15:40:00', 34.4, 34.4, 34.4, 34.4, 7881]
['2019-03-29 15:38:00', 34.41, 34.405, 34.405, 34.41, 1009]
['2019-03-29 15:36:00', 34.44, 34.43, 34.43, 34.44, 995]
['2019-03-29 15:35:00', 34.43, 34.46, 34.43, 34.46, 1028]
['2019-03-29 15:34:00', 34.42, 34.42, 34.42, 34.42, 353]
['2019-03-29 15:33:00', 34.42, 34.42, 34.42, 34.42, 460]
['2019-03-29 15:32:00', 34.37, 34.38, 34.37, 34.38, 1559]
['2019-03-29 15:31:00', 34.4, 34.38, 34.38, 34.4, 1477]
['2019-03-29 15:30:00', 34.42, 34.42, 34.42, 34.42, 345]
['2019-03-29 15:28:00', 34.44, 34.44, 34.44, 34.44, 506]
['2019-03-29 15:27:00', 34.46, 34.45, 34.44, 34.46, 2741]
['2019-03-29 15:26:00', 34.45, 34.45, 34.45, 34.45, 503]
['2019-03-29 15:23:00', 34.48, 34.49, 34.48, 34.49, 772]
['2019-03-29 15:22:00', 34.48, 34.48, 34.48, 34.48, 360]
['2019-03-29 15:21:00', 34.51, 34.51, 34.51, 34.51, 1401]
['2019-03-29 15:20:00', 34.53, 34.53, 34.53, 34.53, 314]
['2019-03-29 15:19:00', 34.53, 34.52, 34.52, 34.53, 1274]
['2019-03-29 15:17:00', 34.46, 34.52, 34.46, 34.52, 1881]
['2019-03-29 15:15:00', 34.463, 34.463, 34.463, 34.463, 254]
['2019-03-29 15:13:00', 34.48, 34.48, 34.48, 34.48, 394]
['2019-03-29 15:12:00', 34.48, 34.48, 34.48, 34.48, 487]
['2019-03-29 15:11:00', 34.51, 34.51, 34.51, 34.51, 463]
['2019-03-29 15:10:00', 34.509, 34.5, 34.5, 34.509, 1048]
['2019-03-29 15:09:00', 34.5099, 34.5099, 34.5099, 34.5099, 1263]
['2019-03-29 15:08:00', 34.48, 34.48, 34.48, 34.48, 666]
['2019-03-29 15:07:00', 34.48, 34.46, 34.46, 34.48, 688]
['2019-03-29 15:06:00', 34.51, 34.51, 34.51, 34.51, 117]
['2019-03-29 15:05:00', 34.53, 34.53, 34.53, 34.53, 524]
['2019-03-29 15:04:00', 34.55, 34.55, 34.55, 34.55, 403]
['2019-03-29 15:01:00', 34.56, 34.56, 34.56, 34.56, 525]
['2019-03-29 15:00:00', 34.53, 34.53, 34.53, 34.53, 158]
['2019-03-29 14:59:00', 34.52, 34.52, 34.52, 34.52, 152]
['2019-03-29 14:58:00', 34.57, 34.55, 34.55, 34.57, 681]
['2019-03-29 14:57:00', 34.5607, 34.5607, 34.5607, 34.5607, 281]
['2019-03-29 14:54:00', 34.55, 34.55, 34.55, 34.55, 759]
['2019-03-29 14:52:00', 34.51, 34.51, 34.51, 34.51, 159]
['2019-03-29 14:51:00', 34.51, 34.51, 34.51, 34.51, 836]
['2019-03-29 14:50:00', 34.46, 34.48, 34.46, 34.48, 835]
['2019-03-29 14:49:00', 34.44, 34.44, 34.44, 34.44, 206]
['2019-03-29 14:47:00', 34.43, 34.43, 34.43, 34.43, 277]
['2019-03-29 14:45:00', 34.46, 34.46, 34.46, 34.46, 262]
['2019-03-29 14:44:00', 34.39, 34.47, 34.39, 34.47, 1528]
['2019-03-29 14:42:00', 34.4, 34.4, 34.4, 34.4, 1062]
['2019-03-29 14:40:00', 34.405, 34.405, 34.405, 34.405, 196]
['2019-03-29 14:39:00', 34.41, 34.41, 34.41, 34.41, 761]
['2019-03-29 14:36:00', 34.39, 34.39, 34.39, 34.39, 567]
['2019-03-29 14:34:00', 34.38, 34.35, 34.35, 34.38, 475]
['2019-03-29 14:31:00', 34.34, 34.34, 34.34, 34.34, 259]
['2019-03-29 14:28:00', 34.38, 34.38, 34.38, 34.38, 464]
['2019-03-29 14:27:00', 34.375, 34.38, 34.375, 34.38, 715]
['2019-03-29 14:26:00', 34.37, 34.37, 34.37, 34.37, 206]
['2019-03-29 14:25:00', 34.38, 34.38, 34.38, 34.38, 208]
['2019-03-29 14:21:00', 34.39, 34.38, 34.37, 34.39, 2721]
['2019-03-29 14:19:00', 34.4245, 34.4245, 34.4245, 34.4245, 307]
['2019-03-29 14:17:00', 34.44, 34.44, 34.44, 34.44, 621]
['2019-03-29 14:16:00', 34.44, 34.455, 34.44, 34.455, 1128]
['2019-03-29 14:15:00', 34.46, 34.46, 34.46, 34.46, 219]
['2019-03-29 14:12:00', 34.44, 34.44, 34.44, 34.44, 298]
['2019-03-29 14:11:00', 34.46, 34.48, 34.46, 34.48, 597]
['2019-03-29 14:10:00', 34.42, 34.42, 34.42, 34.42, 254]
['2019-03-29 14:09:00', 34.41, 34.41, 34.41, 34.41, 136]
['2019-03-29 14:08:00', 34.38, 34.38, 34.38, 34.38, 176]
['2019-03-29 14:07:00', 34.33, 34.33, 34.33, 34.33, 740]
['2019-03-29 14:02:00', 34.38, 34.38, 34.38, 34.38, 938]
['2019-03-29 14:01:00', 34.37, 34.35, 34.35, 34.37, 1101]
['2019-03-29 13:56:00', 34.39, 34.39, 34.39, 34.39, 413]
['2019-03-29 13:54:00', 34.45, 34.45, 34.45, 34.45, 498]
['2019-03-29 13:53:00', 34.4, 34.41, 34.4, 34.41, 580]
['2019-03-29 13:52:00', 34.43, 34.43, 34.43, 34.43, 340]
['2019-03-29 13:51:00', 34.42, 34.42, 34.42, 34.42, 446]
['2019-03-29 13:50:00', 34.43, 34.43, 34.43, 34.43, 153]
['2019-03-29 13:48:00', 34.43, 34.43, 34.43, 34.43, 1802]
['2019-03-29 13:47:00', 34.44, 34.34, 34.34, 34.44, 7922]
['2019-03-29 13:46:00', 34.44, 34.44, 34.44, 34.44, 412]
['2019-03-29 13:45:00', 34.45, 34.45, 34.45, 34.45, 620]
['2019-03-29 13:44:00', 34.42, 34.42, 34.42, 34.42, 675]
['2019-03-29 13:42:00', 34.41, 34.41, 34.41, 34.41, 478]
['2019-03-29 13:40:00', 34.36, 34.39, 34.36, 34.39, 724]
['2019-03-29 13:38:00', 34.33, 34.35, 34.33, 34.35, 1152]
['2019-03-29 13:37:00', 34.3556, 34.3556, 34.3556, 34.3556, 482]
['2019-03-29 13:34:00', 34.37, 34.37, 34.37, 34.37, 559]
['2019-03-29 13:32:00', 34.395, 34.395, 34.395, 34.395, 231]
['2019-03-29 13:31:00', 34.41, 34.39, 34.39, 34.41, 1222]
['2019-03-29 13:30:00', 34.4154, 34.4154, 34.4154, 34.4154, 331]
['2019-03-29 13:27:00', 34.345, 34.345, 34.345, 34.345, 989]
['2019-03-29 13:25:00', 34.34, 34.34, 34.34, 34.34, 132]
['2019-03-29 13:24:00', 34.36, 34.36, 34.36, 34.36, 170]
['2019-03-29 13:23:00', 34.35, 34.35, 34.35, 34.35, 601]
['2019-03-29 13:22:00', 34.32, 34.32, 34.32, 34.32, 712]
['2019-03-29 13:21:00', 34.32, 34.32, 34.32, 34.32, 423]
['2019-03-29 13:18:00', 34.36, 34.36, 34.36, 34.36, 328]
['2019-03-29 13:17:00', 34.41, 34.41, 34.41, 34.41, 231]
['2019-03-29 13:16:00', 34.39, 34.39, 34.39, 34.39, 273]
['2019-03-29 13:13:00', 34.43, 34.445, 34.43, 34.445, 552]
['2019-03-29 13:12:00', 34.43, 34.43, 34.43, 34.43, 531]
['2019-03-29 13:11:00', 34.44, 34.44, 34.44, 34.44, 331]
['2019-03-29 13:10:00', 34.44, 34.44, 34.44, 34.44, 594]
['2019-03-29 13:07:00', 34.41, 34.41, 34.41, 34.41, 308]
['2019-03-29 13:05:00', 34.485, 34.485, 34.485, 34.485, 358]
['2019-03-29 13:04:00', 34.46, 34.46, 34.46, 34.46, 580]
['2019-03-29 13:02:00', 34.48, 34.48, 34.48, 34.48, 346]
['2019-03-29 12:56:00', 34.46, 34.46, 34.46, 34.46, 266]
['2019-03-29 12:55:00', 34.44, 34.44, 34.44, 34.44, 344]
['2019-03-29 12:54:00', 34.46, 34.46, 34.46, 34.46, 576]
['2019-03-29 12:49:00', 34.42, 34.42, 34.42, 34.42, 838]
['2019-03-29 12:47:00', 34.42, 34.4, 34.4, 34.42, 671]
['2019-03-29 12:45:00', 34.44, 34.44, 34.44, 34.44, 268]
['2019-03-29 12:43:00', 34.46, 34.46, 34.46, 34.46, 164]
['2019-03-29 12:41:00', 34.49, 34.49, 34.49, 34.49, 470]
['2019-03-29 12:40:00', 34.48, 34.48, 34.48, 34.48, 859]
['2019-03-29 12:39:00', 34.5, 34.5, 34.5, 34.5, 323]
['2019-03-29 12:36:00', 34.53, 34.53, 34.53, 34.53, 302]
['2019-03-29 12:33:00', 34.47, 34.4999, 34.47, 34.4999, 949]
['2019-03-29 12:32:00', 34.46, 34.46, 34.46, 34.46, 246]
['2019-03-29 12:30:00', 34.52, 34.52, 34.52, 34.52, 639]
['2019-03-29 12:29:00', 34.55, 34.55, 34.55, 34.55, 328]
['2019-03-29 12:28:00', 34.51, 34.51, 34.51, 34.51, 277]
['2019-03-29 12:23:00', 34.54, 34.54, 34.54, 34.54, 929]
['2019-03-29 12:20:00', 34.46, 34.46, 34.46, 34.46, 1412]
['2019-03-29 12:17:00', 34.46, 34.46, 34.46, 34.46, 1321]
['2019-03-29 12:15:00', 34.38, 34.4, 34.38, 34.4, 807]
['2019-03-29 12:14:00', 34.37, 34.37, 34.37, 34.37, 379]
['2019-03-29 12:12:00', 34.38, 34.38, 34.38, 34.38, 156]
['2019-03-29 12:10:00', 34.32, 34.34, 34.32, 34.34, 893]
['2019-03-29 12:07:00', 34.37, 34.37, 34.37, 34.37, 1591]
['2019-03-29 12:05:00', 34.42, 34.43, 34.42, 34.43, 686]
['2019-03-29 12:03:00', 34.42, 34.42, 34.42, 34.42, 169]
['2019-03-29 12:01:00', 34.46, 34.42, 34.42, 34.46, 1046]
['2019-03-29 12:00:00', 34.47, 34.47, 34.47, 34.47, 563]
['2019-03-29 11:57:00', 34.5, 34.5, 34.5, 34.5, 319]
['2019-03-29 11:56:00', 34.5, 34.5, 34.5, 34.5, 270]
['2019-03-29 11:55:00', 34.46, 34.46, 34.46, 34.46, 342]
['2019-03-29 11:51:00', 34.54, 34.51, 34.51, 34.54, 1845]
['2019-03-29 11:46:00', 34.58, 34.61, 34.58, 34.61, 893]
['2019-03-29 11:45:00', 34.59, 34.59, 34.59, 34.59, 1114]
['2019-03-29 11:44:00', 34.63, 34.63, 34.63, 34.63, 400]
['2019-03-29 11:42:00', 34.6, 34.6, 34.6, 34.6, 4406]
['2019-03-29 11:40:00', 34.65, 34.65, 34.65, 34.65, 176]
['2019-03-29 11:37:00', 34.52, 34.52, 34.52, 34.52, 379]
['2019-03-29 11:34:00', 34.54, 34.54, 34.54, 34.54, 661]
['2019-03-29 11:32:00', 34.56, 34.55, 34.55, 34.56, 1043]
['2019-03-29 11:30:00', 34.52, 34.52, 34.52, 34.52, 160]
['2019-03-29 11:28:00', 34.53, 34.53, 34.53, 34.53, 669]
['2019-03-29 11:26:00', 34.55, 34.54, 34.54, 34.55, 1229]
['2019-03-29 11:25:00', 34.53, 34.53, 34.53, 34.53, 407]
['2019-03-29 11:24:00', 34.48, 34.48, 34.48, 34.48, 981]
['2019-03-29 11:22:00', 34.52, 34.52, 34.52, 34.52, 494]
['2019-03-29 11:20:00', 34.58, 34.58, 34.58, 34.58, 451]
['2019-03-29 11:19:00', 34.63, 34.63, 34.63, 34.63, 390]
['2019-03-29 11:17:00', 34.63, 34.63, 34.63, 34.63, 299]
['2019-03-29 11:16:00', 34.63, 34.63, 34.63, 34.63, 233]
['2019-03-29 11:15:00', 34.61, 34.62, 34.61, 34.62, 712]
['2019-03-29 11:14:00', 34.68, 34.68, 34.68, 34.68, 611]
['2019-03-29 11:12:00', 34.72, 34.72, 34.72, 34.72, 775]
['2019-03-29 11:11:00', 34.77, 34.77, 34.77, 34.77, 171]
['2019-03-29 11:09:00', 34.75, 34.74, 34.74, 34.75, 662]
['2019-03-29 11:08:00', 34.68, 34.68, 34.68, 34.68, 611]
['2019-03-29 11:06:00', 34.68, 34.669, 34.669, 34.68, 1718]
['2019-03-29 11:05:00', 34.73, 34.73, 34.73, 34.73, 670]
['2019-03-29 11:02:00', 34.72, 34.72, 34.72, 34.72, 1239]
['2019-03-29 11:00:00', 34.72, 34.72, 34.72, 34.72, 1005]
['2019-03-29 10:58:00', 34.715, 34.715, 34.715, 34.715, 267]
['2019-03-29 10:56:00', 34.71, 34.71, 34.71, 34.71, 372]
['2019-03-29 10:55:00', 34.68, 34.7, 34.68, 34.7, 1173]
['2019-03-29 10:53:00', 34.695, 34.695, 34.695, 34.695, 636]
['2019-03-29 10:50:00', 34.75, 34.75, 34.75, 34.75, 565]
['2019-03-29 10:48:00', 34.74, 34.74, 34.74, 34.74, 242]
['2019-03-29 10:46:00', 34.72, 34.72, 34.72, 34.72, 858]
['2019-03-29 10:45:00', 34.715, 34.715, 34.715, 34.715, 606]
['2019-03-29 10:44:00', 34.76, 34.76, 34.76, 34.76, 303]
['2019-03-29 10:43:00', 34.77, 34.77, 34.77, 34.77, 303]
['2019-03-29 10:42:00', 34.81, 34.81, 34.81, 34.81, 268]
['2019-03-29 10:39:00', 34.85, 34.87, 34.85, 34.87, 852]
['2019-03-29 10:38:00', 34.83, 34.83, 34.83, 34.83, 538]
['2019-03-29 10:36:00', 34.87, 34.87, 34.87, 34.87, 441]
['2019-03-29 10:34:00', 34.88, 34.88, 34.88, 34.88, 243]
['2019-03-29 10:31:00', 34.89, 34.89, 34.89, 34.89, 445]
['2019-03-29 10:30:00', 34.88, 34.88, 34.88, 34.88, 371]
['2019-03-29 10:28:00', 34.83, 34.86, 34.83, 34.86, 1023]
['2019-03-29 10:27:00', 34.88, 34.83, 34.83, 34.88, 1278]
['2019-03-29 10:25:00', 34.85, 34.85, 34.85, 34.85, 526]
['2019-03-29 10:23:00', 34.81, 34.81, 34.81, 34.81, 684]
['2019-03-29 10:22:00', 34.82, 34.82, 34.82, 34.82, 626]
['2019-03-29 10:19:00', 34.88, 34.88, 34.88, 34.88, 562]
['2019-03-29 10:18:00', 34.935, 34.935, 34.935, 34.935, 452]
['2019-03-29 10:17:00', 34.89, 34.89, 34.89, 34.89, 786]
['2019-03-29 10:15:00', 34.89, 34.89, 34.89, 34.89, 724]
['2019-03-29 10:14:00', 34.97, 34.97, 34.97, 34.97, 805]
['2019-03-29 10:13:00', 34.95, 34.95, 34.95, 34.95, 134]
['2019-03-29 10:11:00', 35.025, 35.025, 35.025, 35.025, 490]
['2019-03-29 10:10:00', 35.01, 35.01, 35.01, 35.01, 283]
['2019-03-29 10:08:00', 35.04, 35.04, 35.04, 35.04, 302]
['2019-03-29 10:07:00', 34.99, 34.99, 34.99, 34.99, 547]
['2019-03-29 10:06:00', 35.005, 35.005, 35.005, 35.005, 276]
['2019-03-29 10:03:00', 34.89, 34.915, 34.89, 34.915, 1036]
['2019-03-29 10:01:00', 34.92, 34.92, 34.92, 34.92, 250]
['2019-03-29 10:00:00', 35.0, 35.0, 35.0, 35.0, 228]
['2019-03-29 09:58:00', 34.97, 34.96, 34.96, 34.97, 686]
['2019-03-29 09:55:00', 34.9, 34.9, 34.9, 34.9, 519]
['2019-03-29 09:54:00', 34.77, 34.92, 34.77, 34.92, 888]
['2019-03-29 09:52:00', 34.83, 34.77, 34.77, 34.83, 1299]
['2019-03-29 09:50:00', 34.83, 34.83, 34.83, 34.83, 894]
['2019-03-29 09:49:00', 34.82, 34.82, 34.82, 34.82, 283]
['2019-03-29 09:47:00', 34.85, 34.77, 34.77, 34.85, 960]
['2019-03-29 09:43:00', 34.88, 34.88, 34.88, 34.88, 635]
['2019-03-29 09:40:00', 34.65, 34.6, 34.6, 34.65, 1038]
['2019-03-29 09:39:00', 34.75, 34.75, 34.75, 34.75, 339]
['2019-03-29 09:37:00', 34.78, 34.78, 34.78, 34.78, 583]
['2019-03-29 09:36:00', 34.89, 34.89, 34.89, 34.89, 571]
['2019-03-29 09:35:00', 35.06, 35.06, 35.06, 35.06, 475]
['2019-03-29 09:34:00', 35.0, 35.0, 35.0, 35.0, 2140]
['2019-03-29 09:33:00', 34.91, 34.91, 34.91, 34.91, 244]
['2019-03-29 09:31:00', 34.999, 34.999, 34.999, 34.999, 1831]
['2019-03-28 16:00:00', 34.65, 34.67, 34.65, 34.67, 7738]
['2019-03-28 15:59:00', 34.63, 34.66, 34.63, 34.66, 9209]
['2019-03-28 15:58:00', 34.615, 34.635, 34.615, 34.635, 4872]
['2019-03-28 15:57:00', 34.63, 34.615, 34.615, 34.63, 5011]
['2019-03-28 15:56:00', 34.63, 34.63, 34.615, 34.63, 4768]
['2019-03-28 15:55:00', 34.615, 34.64, 34.59, 34.64, 4285]
['2019-03-28 15:54:00', 34.54, 34.55, 34.54, 34.55, 2793]
['2019-03-28 15:53:00', 34.535, 34.535, 34.535, 34.535, 398]
['2019-03-28 15:52:00', 34.53, 34.545, 34.53, 34.55, 2255]
['2019-03-28 15:51:00', 34.57, 34.55, 34.55, 34.57, 1270]
['2019-03-28 15:50:00', 34.58, 34.58, 34.58, 34.58, 771]
['2019-03-28 15:49:00', 34.63, 34.6, 34.6, 34.63, 1672]
['2019-03-28 15:48:00', 34.66, 34.66, 34.66, 34.66, 2032]
['2019-03-28 15:47:00', 34.62, 34.65, 34.62, 34.65, 2881]
['2019-03-28 15:46:00', 34.61, 34.62, 34.61, 34.62, 2389]
['2019-03-28 15:45:00', 34.6, 34.6, 34.6, 34.6, 1141]
['2019-03-28 15:44:00', 34.59, 34.59, 34.59, 34.59, 981]
['2019-03-28 15:43:00', 34.59, 34.6, 34.59, 34.6, 1035]
['2019-03-28 15:42:00', 34.59, 34.58, 34.58, 34.59, 2401]
['2019-03-28 15:40:00', 34.58, 34.58, 34.58, 34.58, 631]
['2019-03-28 15:39:00', 34.585, 34.57, 34.56, 34.585, 2333]
['2019-03-28 15:38:00', 34.57, 34.57, 34.57, 34.57, 915]
['2019-03-28 15:36:00', 34.62, 34.62, 34.62, 34.62, 624]
['2019-03-28 15:35:00', 34.6, 34.6, 34.6, 34.6, 763]
['2019-03-28 15:34:00', 34.57, 34.57, 34.57, 34.57, 301]
['2019-03-28 15:33:00', 34.57, 34.57, 34.57, 34.57, 724]
['2019-03-28 15:32:00', 34.56, 34.56, 34.56, 34.56, 549]
['2019-03-28 15:31:00', 34.61, 34.61, 34.61, 34.61, 340]
['2019-03-28 15:30:00', 34.56, 34.6, 34.56, 34.6, 1958]
['2019-03-28 15:29:00', 34.59, 34.57, 34.57, 34.59, 1278]
['2019-03-28 15:27:00', 34.59, 34.6, 34.59, 34.6, 559]
['2019-03-28 15:26:00', 34.55, 34.57, 34.55, 34.57, 1645]
['2019-03-28 15:25:00', 34.56, 34.56, 34.56, 34.56, 267]
['2019-03-28 15:23:00', 34.55, 34.55, 34.55, 34.55, 650]
['2019-03-28 15:21:00', 34.55, 34.55, 34.55, 34.55, 222]
['2019-03-28 15:20:00', 34.51, 34.56, 34.51, 34.56, 1519]
['2019-03-28 15:18:00', 34.5, 34.5, 34.5, 34.5, 527]
['2019-03-28 15:16:00', 34.53, 34.55, 34.53, 34.55, 942]
['2019-03-28 15:15:00', 34.5399, 34.54, 34.515, 34.54, 1804]
['2019-03-28 15:13:00', 34.54, 34.54, 34.54, 34.54, 697]
['2019-03-28 15:12:00', 34.54, 34.54, 34.54, 34.54, 520]
['2019-03-28 15:11:00', 34.52, 34.52, 34.52, 34.52, 614]
['2019-03-28 15:10:00', 34.53, 34.53, 34.53, 34.53, 612]
['2019-03-28 15:09:00', 34.57, 34.57, 34.57, 34.57, 204]
['2019-03-28 15:08:00', 34.55, 34.535, 34.535, 34.55, 1092]
['2019-03-28 15:06:00', 34.59, 34.59, 34.59, 34.59, 103]
['2019-03-28 15:05:00', 34.57, 34.57, 34.57, 34.57, 302]
['2019-03-28 15:04:00', 34.57, 34.57, 34.57, 34.57, 403]
['2019-03-28 15:03:00', 34.55, 34.55, 34.55, 34.55, 302]
['2019-03-28 15:02:00', 34.47, 34.51, 34.47, 34.51, 1196]
['2019-03-28 15:01:00', 34.47, 34.47, 34.47, 34.47, 265]
['2019-03-28 15:00:00', 34.51, 34.51, 34.51, 34.51, 612]
['2019-03-28 14:59:00', 34.46, 34.46, 34.46, 34.46, 311]
['2019-03-28 14:58:00', 34.45, 34.45, 34.45, 34.45, 604]
['2019-03-28 14:57:00', 34.42, 34.42, 34.42, 34.42, 317]
['2019-03-28 14:56:00', 34.41, 34.41, 34.41, 34.41, 602]
['2019-03-28 14:55:00', 34.4, 34.4, 34.4, 34.4, 241]
['2019-03-28 14:54:00', 34.39, 34.39, 34.39, 34.39, 780]
['2019-03-28 14:53:00', 34.4, 34.4, 34.4, 34.4, 847]
['2019-03-28 14:51:00', 34.42, 34.42, 34.41, 34.42, 1052]
['2019-03-28 14:50:00', 34.42, 34.42, 34.42, 34.42, 450]
['2019-03-28 14:49:00', 34.42, 34.42, 34.42, 34.42, 426]
['2019-03-28 14:48:00', 34.46, 34.45, 34.45, 34.46, 1407]
['2019-03-28 14:47:00', 34.43, 34.43, 34.43, 34.43, 240]
['2019-03-28 14:46:00', 34.43, 34.43, 34.43, 34.43, 485]
['2019-03-28 14:44:00', 34.43, 34.43, 34.43, 34.43, 716]
['2019-03-28 14:42:00', 34.45, 34.45, 34.45, 34.45, 1351]
['2019-03-28 14:41:00', 34.43, 34.42, 34.42, 34.43, 783]
['2019-03-28 14:39:00', 34.445, 34.49, 34.445, 34.49, 911]
['2019-03-28 14:36:00', 34.45, 34.44, 34.44, 34.45, 589]
['2019-03-28 14:35:00', 34.45, 34.45, 34.45, 34.45, 502]
['2019-03-28 14:32:00', 34.51, 34.54, 34.51, 34.54, 1141]
['2019-03-28 14:31:00', 34.51, 34.51, 34.51, 34.51, 358]
['2019-03-28 14:29:00', 34.54, 34.54, 34.54, 34.54, 328]
['2019-03-28 14:28:00', 34.5, 34.5, 34.5, 34.5, 100]
['2019-03-28 14:27:00', 34.51, 34.51, 34.51, 34.51, 529]
['2019-03-28 14:26:00', 34.52, 34.52, 34.52, 34.52, 418]
['2019-03-28 14:25:00', 34.5, 34.5, 34.5, 34.5, 382]
['2019-03-28 14:24:00', 34.48, 34.48, 34.48, 34.48, 405]
['2019-03-28 14:23:00', 34.49, 34.49, 34.49, 34.49, 400]
['2019-03-28 14:22:00', 34.5, 34.47, 34.47, 34.5, 1093]
['2019-03-28 14:20:00', 34.51, 34.51, 34.51, 34.51, 248]
['2019-03-28 14:19:00', 34.51, 34.51, 34.51, 34.51, 379]
['2019-03-28 14:18:00', 34.5, 34.5, 34.5, 34.5, 635]
['2019-03-28 14:16:00', 34.55, 34.55, 34.55, 34.55, 922]
['2019-03-28 14:14:00', 34.5899, 34.5899, 34.5899, 34.5899, 147]
['2019-03-28 14:13:00', 34.52, 34.57, 34.52, 34.57, 1389]
['2019-03-28 14:11:00', 34.5, 34.5199, 34.5, 34.5199, 838]
['2019-03-28 14:09:00', 34.465, 34.5, 34.465, 34.5, 942]
['2019-03-28 14:07:00', 34.5, 34.5, 34.5, 34.5, 892]
['2019-03-28 14:06:00', 34.5, 34.5, 34.5, 34.5, 127]
['2019-03-28 14:05:00', 34.47, 34.47, 34.47, 34.47, 497]
['2019-03-28 14:04:00', 34.45, 34.4699, 34.45, 34.4699, 803]
['2019-03-28 14:03:00', 34.43, 34.43, 34.43, 34.43, 533]
['2019-03-28 14:02:00', 34.43, 34.43, 34.43, 34.43, 459]
['2019-03-28 14:01:00', 34.444, 34.444, 34.444, 34.444, 211]
['2019-03-28 14:00:00', 34.44, 34.44, 34.44, 34.44, 655]
['2019-03-28 13:59:00', 34.44, 34.44, 34.44, 34.44, 908]
['2019-03-28 13:58:00', 34.44, 34.44, 34.44, 34.44, 356]
['2019-03-28 13:57:00', 34.43, 34.4799, 34.43, 34.4799, 711]
['2019-03-28 13:55:00', 34.48, 34.48, 34.48, 34.48, 287]
['2019-03-28 13:54:00', 34.43, 34.43, 34.43, 34.43, 254]
['2019-03-28 13:53:00', 34.4299, 34.4299, 34.4299, 34.4299, 316]
['2019-03-28 13:52:00', 34.42, 34.42, 34.42, 34.42, 721]
['2019-03-28 13:51:00', 34.38, 34.4, 34.38, 34.4, 841]
['2019-03-28 13:50:00', 34.365, 34.365, 34.365, 34.365, 264]
['2019-03-28 13:48:00', 34.3799, 34.3799, 34.3799, 34.3799, 212]
['2019-03-28 13:47:00', 34.35, 34.34, 34.34, 34.35, 750]
['2019-03-28 13:45:00', 34.315, 34.33, 34.315, 34.33, 545]
['2019-03-28 13:44:00', 34.3, 34.3, 34.3, 34.3, 727]
['2019-03-28 13:43:00', 34.27, 34.27, 34.27, 34.27, 325]
['2019-03-28 13:42:00', 34.3, 34.3, 34.3, 34.3, 434]
['2019-03-28 13:41:00', 34.34, 34.31, 34.31, 34.34, 668]
['2019-03-28 13:39:00', 34.31, 34.31, 34.31, 34.31, 336]
['2019-03-28 13:36:00', 34.34, 34.34, 34.34, 34.34, 634]
['2019-03-28 13:35:00', 34.37, 34.37, 34.37, 34.37, 168]
['2019-03-28 13:34:00', 34.3599, 34.3599, 34.3599, 34.3599, 182]
['2019-03-28 13:33:00', 34.33, 34.33, 34.33, 34.33, 258]
['2019-03-28 13:32:00', 34.32, 34.32, 34.32, 34.32, 368]
['2019-03-28 13:30:00', 34.31, 34.31, 34.31, 34.31, 131]
['2019-03-28 13:29:00', 34.29, 34.29, 34.29, 34.29, 653]
['2019-03-28 13:27:00', 34.29, 34.29, 34.29, 34.29, 611]
['2019-03-28 13:26:00', 34.26, 34.28, 34.26, 34.28, 1015]
['2019-03-28 13:25:00', 34.29, 34.29, 34.29, 34.29, 446]
['2019-03-28 13:24:00', 34.35, 34.3099, 34.3099, 34.35, 651]
['2019-03-28 13:22:00', 34.27, 34.27, 34.27, 34.27, 448]
['2019-03-28 13:20:00', 34.2799, 34.2799, 34.2799, 34.2799, 165]
['2019-03-28 13:19:00', 34.23, 34.26, 34.23, 34.26, 1326]
['2019-03-28 13:17:00', 34.22, 34.22, 34.22, 34.22, 544]
['2019-03-28 13:16:00', 34.2, 34.2, 34.2, 34.2, 945]
['2019-03-28 13:15:00', 34.23, 34.23, 34.23, 34.23, 100]
['2019-03-28 13:14:00', 34.2599, 34.2599, 34.2599, 34.2599, 432]
['2019-03-28 13:09:00', 34.1499, 34.15, 34.1499, 34.15, 891]
['2019-03-28 13:06:00', 34.16, 34.16, 34.16, 34.16, 269]
['2019-03-28 13:04:00', 34.2, 34.17, 34.17, 34.2, 1361]
['2019-03-28 13:02:00', 34.16, 34.17, 34.16, 34.17, 1108]
['2019-03-28 13:00:00', 34.1599, 34.1599, 34.1599, 34.1599, 197]
['2019-03-28 12:58:00', 34.1699, 34.1699, 34.1699, 34.1699, 173]
['2019-03-28 12:57:00', 34.14, 34.14, 34.14, 34.14, 1534]
['2019-03-28 12:55:00', 34.12, 34.12, 34.12, 34.12, 335]
['2019-03-28 12:54:00', 34.1, 34.105, 34.1, 34.105, 504]
['2019-03-28 12:52:00', 34.0699, 34.08, 34.0699, 34.08, 424]
['2019-03-28 12:50:00', 34.025, 34.025, 34.025, 34.025, 466]
['2019-03-28 12:49:00', 34.045, 34.045, 34.045, 34.045, 281]
['2019-03-28 12:48:00', 34.03, 34.03, 34.03, 34.03, 288]
['2019-03-28 12:47:00', 34.04, 34.04, 34.04, 34.04, 949]
['2019-03-28 12:44:00', 34.1099, 34.1099, 34.1099, 34.1099, 644]
['2019-03-28 12:42:00', 34.0999, 34.0999, 34.0999, 34.0999, 350]
['2019-03-28 12:41:00', 34.1, 34.1, 34.1, 34.1, 549]
['2019-03-28 12:39:00', 34.03, 34.0499, 34.03, 34.0499, 1242]
['2019-03-28 12:37:00', 33.99, 33.99, 33.99, 33.99, 571]
['2019-03-28 12:35:00', 34.0, 33.975, 33.975, 34.0, 986]
['2019-03-28 12:34:00', 34.0599, 34.0599, 34.0599, 34.0599, 751]
['2019-03-28 12:33:00', 34.06, 34.06, 34.06, 34.06, 238]
['2019-03-28 12:31:00', 34.05, 34.0599, 34.05, 34.0599, 679]
['2019-03-28 12:29:00', 34.03, 34.03, 34.03, 34.03, 336]
['2019-03-28 12:28:00', 33.97, 33.97, 33.97, 33.97, 158]
['2019-03-28 12:26:00', 34.0, 34.0, 34.0, 34.0, 251]
['2019-03-28 12:25:00', 34.0, 34.02, 34.0, 34.02, 799]
['2019-03-28 12:22:00', 33.97, 33.97, 33.97, 33.97, 639]
['2019-03-28 12:18:00', 34.02, 34.03, 34.02, 34.03, 1173]
['2019-03-28 12:17:00', 34.0, 34.0, 34.0, 34.0, 572]
['2019-03-28 12:16:00', 34.02, 34.02, 34.02, 34.02, 236]
['2019-03-28 12:15:00', 33.94, 34.01, 33.94, 34.01, 3676]
['2019-03-28 12:14:00', 33.925, 33.925, 33.925, 33.925, 223]
['2019-03-28 12:13:00', 33.92, 33.92, 33.92, 33.92, 176]
['2019-03-28 12:12:00', 33.92, 33.92, 33.92, 33.92, 338]
['2019-03-28 12:11:00', 33.94, 33.94, 33.94, 33.94, 400]
['2019-03-28 12:09:00', 33.97, 33.97, 33.97, 33.97, 224]
['2019-03-28 12:05:00', 34.03, 34.03, 34.03, 34.03, 909]
['2019-03-28 12:04:00', 34.06, 34.06, 34.06, 34.06, 420]
['2019-03-28 12:03:00', 34.08, 34.08, 34.08, 34.08, 510]
['2019-03-28 12:02:00', 34.12, 34.12, 34.12, 34.12, 219]
['2019-03-28 12:01:00', 34.09, 34.09, 34.09, 34.09, 362]
['2019-03-28 12:00:00', 34.11, 34.11, 34.11, 34.11, 210]
['2019-03-28 11:58:00', 34.17, 34.17, 34.17, 34.17, 731]
['2019-03-28 11:57:00', 34.14, 34.09, 34.09, 34.14, 655]
['2019-03-28 11:56:00', 34.125, 34.125, 34.125, 34.125, 356]
['2019-03-28 11:55:00', 34.14, 34.14, 34.14, 34.14, 340]
['2019-03-28 11:53:00', 34.175, 34.175, 34.175, 34.175, 446]
['2019-03-28 11:52:00', 34.19, 34.19, 34.19, 34.19, 423]
['2019-03-28 11:46:00', 34.14, 34.14, 34.14, 34.14, 596]
['2019-03-28 11:45:00', 34.07, 34.08, 34.07, 34.08, 1163]
['2019-03-28 11:44:00', 34.07, 34.07, 34.07, 34.07, 520]
['2019-03-28 11:43:00', 34.03, 34.03, 34.03, 34.03, 312]
['2019-03-28 11:42:00', 34.07, 34.07, 34.07, 34.07, 667]
['2019-03-28 11:41:00', 34.11, 34.11, 34.11, 34.11, 369]
['2019-03-28 11:38:00', 34.155, 34.155, 34.155, 34.155, 190]
['2019-03-28 11:36:00', 34.21, 34.21, 34.21, 34.21, 1887]
['2019-03-28 11:35:00', 34.23, 34.23, 34.23, 34.23, 940]
['2019-03-28 11:32:00', 34.19, 34.21, 34.19, 34.21, 2624]
['2019-03-28 11:30:00', 34.19, 34.19, 34.19, 34.19, 301]
['2019-03-28 11:29:00', 34.22, 34.22, 34.22, 34.22, 294]
['2019-03-28 11:27:00', 34.18, 34.24, 34.18, 34.24, 864]
['2019-03-28 11:26:00', 34.25, 34.25, 34.25, 34.25, 658]
['2019-03-28 11:25:00', 34.225, 34.225, 34.225, 34.225, 935]
['2019-03-28 11:23:00', 34.26, 34.26, 34.26, 34.26, 438]
['2019-03-28 11:21:00', 34.3, 34.3, 34.3, 34.3, 661]
['2019-03-28 11:20:00', 34.3, 34.3, 34.3, 34.3, 511]
['2019-03-28 11:18:00', 34.36, 34.36, 34.36, 34.36, 457]
['2019-03-28 11:16:00', 34.36, 34.36, 34.36, 34.36, 554]
['2019-03-28 11:14:00', 34.44, 34.44, 34.44, 34.44, 338]
['2019-03-28 11:13:00', 34.39, 34.45, 34.39, 34.45, 1695]
['2019-03-28 11:12:00', 34.45, 34.43, 34.43, 34.45, 2499]
['2019-03-28 11:11:00', 34.47, 34.47, 34.47, 34.47, 339]
['2019-03-28 11:10:00', 34.43, 34.43, 34.43, 34.43, 995]
['2019-03-28 11:09:00', 34.4267, 34.4267, 34.4267, 34.4267, 736]
['2019-03-28 11:08:00', 34.465, 34.465, 34.465, 34.465, 755]
['2019-03-28 11:07:00', 34.43, 34.43, 34.43, 34.43, 450]
['2019-03-28 11:06:00', 34.5, 34.5, 34.5, 34.5, 813]
['2019-03-28 11:05:00', 34.54, 34.54, 34.54, 34.54, 175]
['2019-03-28 11:03:00', 34.55, 34.6, 34.55, 34.6, 1714]
['2019-03-28 11:02:00', 34.61, 34.61, 34.61, 34.61, 529]
['2019-03-28 11:01:00', 34.65, 34.65, 34.65, 34.65, 518]
['2019-03-28 10:59:00', 34.7, 34.7, 34.7, 34.7, 183]
['2019-03-28 10:58:00', 34.715, 34.715, 34.715, 34.715, 719]
['2019-03-28 10:56:00', 34.67, 34.67, 34.67, 34.67, 914]
['2019-03-28 10:54:00', 34.67, 34.67, 34.67, 34.67, 934]
['2019-03-28 10:53:00', 34.72, 34.72, 34.72, 34.72, 598]
['2019-03-28 10:52:00', 34.7, 34.7, 34.7, 34.7, 612]
['2019-03-28 10:51:00', 34.73, 34.73, 34.73, 34.73, 679]
['2019-03-28 10:47:00', 34.69, 34.69, 34.69, 34.69, 894]
['2019-03-28 10:46:00', 34.72, 34.73, 34.72, 34.73, 1065]
['2019-03-28 10:45:00', 34.7016, 34.7016, 34.7016, 34.7016, 515]
['2019-03-28 10:44:00', 34.665, 34.665, 34.665, 34.665, 366]
['2019-03-28 10:43:00', 34.65, 34.65, 34.65, 34.65, 573]
['2019-03-28 10:42:00', 34.67, 34.67, 34.67, 34.67, 632]
['2019-03-28 10:41:00', 34.66, 34.66, 34.66, 34.66, 305]
['2019-03-28 10:40:00', 34.62, 34.62, 34.62, 34.62, 1577]
['2019-03-28 10:39:00', 34.585, 34.585, 34.585, 34.585, 563]
['2019-03-28 10:36:00', 34.59, 34.59, 34.59, 34.59, 1086]
['2019-03-28 10:34:00', 34.59, 34.59, 34.59, 34.59, 242]
['2019-03-28 10:33:00', 34.55, 34.55, 34.55, 34.55, 601]
['2019-03-28 10:31:00', 34.54, 34.54, 34.54, 34.54, 157]
['2019-03-28 10:30:00', 34.53, 34.53, 34.53, 34.53, 926]
['2019-03-28 10:29:00', 34.5229, 34.5229, 34.5229, 34.5229, 862]
['2019-03-28 10:28:00', 34.56, 34.56, 34.56, 34.56, 312]
['2019-03-28 10:26:00', 34.55, 34.56, 34.55, 34.56, 1213]
['2019-03-28 10:25:00', 34.57, 34.57, 34.57, 34.57, 525]
['2019-03-28 10:24:00', 34.6, 34.6, 34.6, 34.6, 1544]
['2019-03-28 10:21:00', 34.58, 34.6099, 34.58, 34.6099, 1031]
['2019-03-28 10:18:00', 34.5499, 34.56, 34.5499, 34.56, 801]
['2019-03-28 10:17:00', 34.53, 34.53, 34.53, 34.53, 858]
['2019-03-28 10:15:00', 34.51, 34.51, 34.51, 34.51, 1190]
['2019-03-28 10:14:00', 34.52, 34.52, 34.52, 34.52, 719]
['2019-03-28 10:12:00', 34.54, 34.54, 34.54, 34.54, 364]
['2019-03-28 10:06:00', 34.48, 34.48, 34.48, 34.48, 1077]
['2019-03-28 10:04:00', 34.47, 34.47, 34.47, 34.47, 761]
['2019-03-28 10:03:00', 34.38, 34.38, 34.38, 34.38, 731]
['2019-03-28 10:02:00', 34.43, 34.43, 34.43, 34.43, 597]
['2019-03-28 10:00:00', 34.45, 34.45, 34.45, 34.45, 817]
['2019-03-28 09:59:00', 34.48, 34.49, 34.48, 34.49, 1425]
['2019-03-28 09:58:00', 34.4899, 34.4899, 34.4899, 34.4899, 398]
['2019-03-28 09:54:00', 34.43, 34.395, 34.395, 34.43, 895]
['2019-03-28 09:51:00', 34.46, 34.46, 34.46, 34.46, 778]
['2019-03-28 09:50:00', 34.51, 34.51, 34.51, 34.51, 582]
['2019-03-28 09:49:00', 34.53, 34.53, 34.53, 34.53, 188]
['2019-03-28 09:46:00', 34.57, 34.57, 34.57, 34.57, 1075]
['2019-03-28 09:44:00', 34.52, 34.52, 34.52, 34.52, 320]
['2019-03-28 09:43:00', 34.52, 34.52, 34.52, 34.52, 756]
['2019-03-28 09:38:00', 34.47, 34.47, 34.47, 34.47, 700]
['2019-03-28 09:35:00', 34.47, 34.47, 34.47, 34.47, 1301]
['2019-03-28 09:34:00', 34.48, 34.45, 34.45, 34.48, 2057]
['2019-03-28 09:33:00', 34.46, 34.46, 34.46, 34.46, 1260]
['2019-03-27 16:00:00', 34.34, 34.34, 34.34, 34.34, 3251]
['2019-03-27 15:59:00', 34.35, 34.36, 34.35, 34.37, 3326]
['2019-03-27 15:58:00', 34.34, 34.36, 34.34, 34.36, 3842]
['2019-03-27 15:57:00', 34.38, 34.33, 34.33, 34.38, 2659]
['2019-03-27 15:56:00', 34.39, 34.37, 34.37, 34.39, 2813]
['2019-03-27 15:55:00', 34.41, 34.41, 34.41, 34.41, 579]
['2019-03-27 15:54:00', 34.455, 34.38, 34.38, 34.455, 3164]
['2019-03-27 15:53:00', 34.48, 34.475, 34.475, 34.48, 1273]
['2019-03-27 15:52:00', 34.48, 34.48, 34.48, 34.48, 826]
['2019-03-27 15:51:00', 34.46, 34.46, 34.46, 34.46, 506]
['2019-03-27 15:50:00', 34.48, 34.47, 34.47, 34.48, 1050]
['2019-03-27 15:49:00', 34.48, 34.47, 34.47, 34.48, 1230]
['2019-03-27 15:48:00', 34.445, 34.445, 34.43, 34.445, 3442]
['2019-03-27 15:47:00', 34.4453, 34.46, 34.4453, 34.46, 1073]
['2019-03-27 15:46:00', 34.42, 34.43, 34.42, 34.43, 1859]
['2019-03-27 15:45:00', 34.44, 34.44, 34.44, 34.44, 315]
['2019-03-27 15:44:00', 34.47, 34.45, 34.45, 34.47, 1668]
['2019-03-27 15:43:00', 34.47, 34.47, 34.46, 34.47, 2442]
['2019-03-27 15:42:00', 34.48, 34.48, 34.48, 34.48, 775]
['2019-03-27 15:41:00', 34.48, 34.48, 34.48, 34.48, 2430]
['2019-03-27 15:40:00', 34.45, 34.45, 34.45, 34.45, 734]
['2019-03-27 15:39:00', 34.46, 34.46, 34.46, 34.46, 632]
['2019-03-27 15:38:00', 34.45, 34.45, 34.45, 34.45, 540]
['2019-03-27 15:37:00', 34.485, 34.485, 34.485, 34.485, 648]
['2019-03-27 15:35:00', 34.45, 34.46, 34.45, 34.46, 1758]
['2019-03-27 15:34:00', 34.45, 34.45, 34.45, 34.45, 234]
['2019-03-27 15:33:00', 34.45, 34.45, 34.45, 34.45, 413]
['2019-03-27 15:31:00', 34.44, 34.46, 34.44, 34.46, 3506]
['2019-03-27 15:30:00', 34.41, 34.43, 34.41, 34.43, 1347]
['2019-03-27 15:29:00', 34.39, 34.39, 34.39, 34.39, 453]
['2019-03-27 15:28:00', 34.4, 34.4, 34.4, 34.4, 890]
['2019-03-27 15:27:00', 34.36, 34.35, 34.35, 34.36, 1042]
['2019-03-27 15:24:00', 34.38, 34.38, 34.38, 34.38, 323]
['2019-03-27 15:23:00', 34.37, 34.37, 34.37, 34.37, 553]
['2019-03-27 15:22:00', 34.35, 34.35, 34.35, 34.35, 151]
['2019-03-27 15:21:00', 34.33, 34.33, 34.33, 34.33, 592]
['2019-03-27 15:20:00', 34.3, 34.3, 34.3, 34.3, 482]
['2019-03-27 15:18:00', 34.29, 34.29, 34.29, 34.29, 991]
['2019-03-27 15:15:00', 34.3, 34.3, 34.3, 34.3, 598]
['2019-03-27 15:13:00', 34.29, 34.29, 34.29, 34.29, 1101]
['2019-03-27 15:12:00', 34.265, 34.3, 34.265, 34.3, 1830]
['2019-03-27 15:11:00', 34.225, 34.23, 34.225, 34.23, 1228]
['2019-03-27 15:10:00', 34.225, 34.225, 34.225, 34.225, 181]
['2019-03-27 15:09:00', 34.22, 34.22, 34.22, 34.22, 366]
['2019-03-27 15:08:00', 34.24, 34.24, 34.24, 34.24, 476]
['2019-03-27 15:07:00', 34.22, 34.24, 34.22, 34.24, 1134]
['2019-03-27 15:06:00', 34.22, 34.22, 34.22, 34.22, 776]
['2019-03-27 15:04:00', 34.21, 34.21, 34.21, 34.21, 310]
['2019-03-27 15:01:00', 34.21, 34.21, 34.21, 34.21, 711]
['2019-03-27 15:00:00', 34.22, 34.22, 34.22, 34.22, 716]
['2019-03-27 14:58:00', 34.22, 34.22, 34.22, 34.22, 491]
['2019-03-27 14:56:00', 34.2041, 34.22, 34.2041, 34.22, 1062]
['2019-03-27 14:55:00', 34.24, 34.24, 34.24, 34.24, 317]
['2019-03-27 14:53:00', 34.29, 34.28, 34.28, 34.29, 1231]
['2019-03-27 14:52:00', 34.3, 34.3, 34.3, 34.3, 890]
['2019-03-27 14:49:00', 34.25, 34.25, 34.25, 34.25, 548]
['2019-03-27 14:48:00', 34.25, 34.25, 34.25, 34.25, 334]
['2019-03-27 14:46:00', 34.295, 34.295, 34.295, 34.295, 125]
['2019-03-27 14:44:00', 34.295, 34.29, 34.29, 34.295, 923]
['2019-03-27 14:43:00', 34.295, 34.295, 34.295, 34.295, 531]
['2019-03-27 14:41:00', 34.305, 34.29, 34.29, 34.305, 1170]
['2019-03-27 14:39:00', 34.34, 34.33, 34.33, 34.34, 919]
['2019-03-27 14:37:00', 34.4, 34.4, 34.4, 34.4, 483]
['2019-03-27 14:36:00', 34.375, 34.375, 34.375, 34.375, 602]
['2019-03-27 14:33:00', 34.425, 34.425, 34.425, 34.425, 462]
['2019-03-27 14:31:00', 34.43, 34.43, 34.43, 34.43, 442]
['2019-03-27 14:29:00', 34.43, 34.44, 34.43, 34.44, 713]
['2019-03-27 14:28:00', 34.41, 34.41, 34.41, 34.41, 650]
['2019-03-27 14:27:00', 34.41, 34.42, 34.41, 34.42, 1730]
['2019-03-27 14:25:00', 34.42, 34.42, 34.42, 34.42, 1061]
['2019-03-27 14:22:00', 34.41, 34.41, 34.41, 34.41, 400]
['2019-03-27 14:21:00', 34.43, 34.43, 34.43, 34.43, 633]
['2019-03-27 14:20:00', 34.44, 34.445, 34.44, 34.445, 1487]
['2019-03-27 14:19:00', 34.46, 34.46, 34.46, 34.46, 600]
['2019-03-27 14:17:00', 34.46, 34.445, 34.445, 34.46, 200]
['2019-03-27 14:14:00', 34.44, 34.44, 34.44, 34.44, 984]
['2019-03-27 14:13:00', 34.43, 34.43, 34.43, 34.43, 654]
['2019-03-27 14:12:00', 34.43, 34.45, 34.43, 34.45, 1210]
['2019-03-27 14:10:00', 34.36, 34.39, 34.36, 34.39, 842]
['2019-03-27 14:07:00', 34.39, 34.39, 34.39, 34.39, 368]
['2019-03-27 14:06:00', 34.44, 34.44, 34.44, 34.44, 325]
['2019-03-27 14:05:00', 34.42, 34.42, 34.42, 34.42, 520]
['2019-03-27 14:04:00', 34.41, 34.41, 34.41, 34.41, 611]
['2019-03-27 14:03:00', 34.42, 34.42, 34.42, 34.42, 300]
['2019-03-27 14:01:00', 34.4499, 34.4499, 34.4499, 34.4499, 598]
['2019-03-27 14:00:00', 34.425, 34.425, 34.425, 34.425, 425]
['2019-03-27 13:59:00', 34.44, 34.44, 34.44, 34.44, 320]
['2019-03-27 13:58:00', 34.43, 34.43, 34.43, 34.43, 194]
['2019-03-27 13:56:00', 34.465, 34.44, 34.44, 34.465, 1025]
['2019-03-27 13:53:00', 34.45, 34.47, 34.45, 34.47, 1189]
['2019-03-27 13:50:00', 34.44, 34.43, 34.43, 34.44, 841]
['2019-03-27 13:47:00', 34.435, 34.435, 34.435, 34.435, 1136]
['2019-03-27 13:46:00', 34.455, 34.455, 34.455, 34.455, 427]
['2019-03-27 13:45:00', 34.425, 34.425, 34.425, 34.425, 615]
['2019-03-27 13:44:00', 34.41, 34.41, 34.41, 34.41, 335]
['2019-03-27 13:43:00', 34.42, 34.42, 34.42, 34.42, 959]
['2019-03-27 13:42:00', 34.395, 34.395, 34.395, 34.395, 410]
['2019-03-27 13:41:00', 34.38, 34.38, 34.38, 34.38, 813]
['2019-03-27 13:39:00', 34.35, 34.35, 34.35, 34.35, 225]
['2019-03-27 13:34:00', 34.42, 34.42, 34.42, 34.42, 583]
['2019-03-27 13:32:00', 34.46, 34.46, 34.46, 34.46, 224]
['2019-03-27 13:31:00', 34.49, 34.49, 34.49, 34.49, 793]
['2019-03-27 13:28:00', 34.49, 34.49, 34.49, 34.49, 125]
['2019-03-27 13:26:00', 34.485, 34.5, 34.485, 34.5, 766]
['2019-03-27 13:23:00', 34.53, 34.53, 34.53, 34.53, 507]
['2019-03-27 13:22:00', 34.49, 34.49, 34.49, 34.49, 715]
['2019-03-27 13:21:00', 34.455, 34.455, 34.455, 34.455, 1084]
['2019-03-27 13:20:00', 34.44, 34.45, 34.44, 34.45, 1370]
['2019-03-27 13:19:00', 34.47, 34.47, 34.47, 34.47, 658]
['2019-03-27 13:18:00', 34.47, 34.47, 34.47, 34.47, 455]
['2019-03-27 13:17:00', 34.52, 34.52, 34.52, 34.52, 1005]
['2019-03-27 13:16:00', 34.54, 34.54, 34.54, 34.54, 1290]
['2019-03-27 13:15:00', 34.53, 34.53, 34.53, 34.53, 1042]
['2019-03-27 13:14:00', 34.46, 34.46, 34.46, 34.46, 1301]
['2019-03-27 13:13:00', 34.43, 34.43, 34.43, 34.43, 480]
['2019-03-27 13:12:00', 34.4, 34.4, 34.4, 34.4, 295]
['2019-03-27 13:11:00', 34.37, 34.37, 34.37, 34.37, 295]
['2019-03-27 13:09:00', 34.4, 34.4, 34.4, 34.4, 749]
['2019-03-27 13:07:00', 34.43, 34.43, 34.43, 34.43, 820]
['2019-03-27 13:06:00', 34.385, 34.385, 34.385, 34.385, 520]
['2019-03-27 13:05:00', 34.4, 34.4, 34.4, 34.4, 613]
['2019-03-27 13:04:00', 34.415, 34.415, 34.415, 34.415, 500]
['2019-03-27 13:03:00', 34.41, 34.41, 34.41, 34.41, 304]
['2019-03-27 13:02:00', 34.425, 34.425, 34.425, 34.425, 721]
['2019-03-27 13:01:00', 34.36, 34.36, 34.36, 34.36, 400]
['2019-03-27 13:00:00', 34.41, 34.41, 34.41, 34.41, 645]
['2019-03-27 12:58:00', 34.43, 34.43, 34.43, 34.43, 726]
['2019-03-27 12:56:00', 34.44, 34.41, 34.41, 34.44, 760]
['2019-03-27 12:54:00', 34.44, 34.44, 34.44, 34.44, 181]
['2019-03-27 12:53:00', 34.4, 34.45, 34.4, 34.45, 1097]
['2019-03-27 12:52:00', 34.37, 34.37, 34.37, 34.37, 514]
['2019-03-27 12:47:00', 34.36, 34.36, 34.36, 34.36, 262]
['2019-03-27 12:46:00', 34.43, 34.37, 34.37, 34.43, 1819]
['2019-03-27 12:45:00', 34.39, 34.39, 34.39, 34.39, 586]
['2019-03-27 12:43:00', 34.37, 34.38, 34.37, 34.38, 528]
['2019-03-27 12:41:00', 34.37, 34.37, 34.37, 34.37, 700]
['2019-03-27 12:40:00', 34.38, 34.38, 34.38, 34.38, 200]
['2019-03-27 12:39:00', 34.39, 34.39, 34.39, 34.39, 800]
['2019-03-27 12:38:00', 34.33, 34.33, 34.33, 34.33, 244]
['2019-03-27 12:37:00', 34.33, 34.33, 34.33, 34.33, 302]
['2019-03-27 12:35:00', 34.35, 34.35, 34.35, 34.35, 469]
['2019-03-27 12:34:00', 34.39, 34.39, 34.39, 34.39, 540]
['2019-03-27 12:33:00', 34.36, 34.35, 34.35, 34.36, 776]
['2019-03-27 12:32:00', 34.41, 34.41, 34.41, 34.41, 120]
['2019-03-27 12:30:00', 34.36, 34.36, 34.36, 34.36, 1373]
['2019-03-27 12:29:00', 34.343, 34.343, 34.343, 34.343, 521]
['2019-03-27 12:28:00', 34.36, 34.36, 34.36, 34.36, 646]
['2019-03-27 12:26:00', 34.28, 34.28, 34.28, 34.28, 173]
['2019-03-27 12:25:00', 34.28, 34.28, 34.28, 34.28, 683]
['2019-03-27 12:24:00', 34.27, 34.27, 34.27, 34.27, 507]
['2019-03-27 12:21:00', 34.24, 34.3, 34.24, 34.3, 1019]
['2019-03-27 12:20:00', 34.18, 34.18, 34.18, 34.18, 200]
['2019-03-27 12:17:00', 34.22, 34.22, 34.22, 34.22, 346]
['2019-03-27 12:14:00', 34.235, 34.19, 34.19, 34.235, 744]
['2019-03-27 12:13:00', 34.21, 34.21, 34.21, 34.21, 657]
['2019-03-27 12:12:00', 34.16, 34.16, 34.16, 34.16, 700]
['2019-03-27 12:08:00', 34.18, 34.18, 34.18, 34.18, 1030]
['2019-03-27 12:05:00', 34.2, 34.2, 34.2, 34.2, 892]
['2019-03-27 12:04:00', 34.17, 34.17, 34.17, 34.17, 642]
['2019-03-27 12:03:00', 34.11, 34.11, 34.11, 34.11, 505]
['2019-03-27 12:00:00', 34.15, 34.15, 34.15, 34.15, 200]
['2019-03-27 11:56:00', 34.09, 34.09, 34.09, 34.09, 878]
['2019-03-27 11:54:00', 34.07, 34.07, 34.07, 34.07, 104]
['2019-03-27 11:53:00', 34.02, 34.02, 34.02, 34.02, 500]
['2019-03-27 11:52:00', 34.04, 34.04, 34.04, 34.04, 126]
['2019-03-27 11:49:00', 34.01, 34.03, 34.01, 34.03, 1263]
['2019-03-27 11:48:00', 33.99, 33.99, 33.99, 33.99, 250]
['2019-03-27 11:46:00', 33.99, 33.99, 33.99, 33.99, 421]
['2019-03-27 11:44:00', 34.02, 34.02, 34.02, 34.02, 317]
['2019-03-27 11:42:00', 34.05, 34.05, 34.05, 34.05, 400]
['2019-03-27 11:41:00', 34.0758, 34.0758, 34.0758, 34.0758, 706]
['2019-03-27 11:38:00', 34.07, 34.11, 34.07, 34.11, 566]
['2019-03-27 11:34:00', 34.24, 34.24, 34.24, 34.24, 894]
['2019-03-27 11:33:00', 34.27, 34.27, 34.27, 34.27, 981]
['2019-03-27 11:32:00', 34.24, 34.24, 34.24, 34.24, 247]
['2019-03-27 11:31:00', 34.19, 34.19, 34.19, 34.19, 514]
['2019-03-27 11:30:00', 34.19, 34.19, 34.19, 34.19, 760]
['2019-03-27 11:29:00', 34.27, 34.27, 34.27, 34.27, 535]
['2019-03-27 11:28:00', 34.27, 34.27, 34.27, 34.27, 526]
['2019-03-27 11:26:00', 34.3, 34.3, 34.3, 34.3, 596]
['2019-03-27 11:23:00', 34.26, 34.26, 34.26, 34.26, 438]
['2019-03-27 11:22:00', 34.31, 34.31, 34.31, 34.31, 725]
['2019-03-27 11:18:00', 34.26, 34.23, 34.23, 34.26, 1065]
['2019-03-27 11:16:00', 34.32, 34.32, 34.32, 34.32, 383]
['2019-03-27 11:13:00', 34.29, 34.34, 34.29, 34.34, 1511]
['2019-03-27 11:11:00', 34.29, 34.29, 34.29, 34.29, 415]
['2019-03-27 11:07:00', 34.17, 34.17, 34.17, 34.17, 785]
['2019-03-27 11:06:00', 34.1, 34.1, 34.1, 34.1, 481]
['2019-03-27 11:04:00', 34.16, 34.16, 34.16, 34.16, 311]
['2019-03-27 11:03:00', 34.2, 34.2, 34.2, 34.2, 804]
['2019-03-27 11:02:00', 34.25, 34.25, 34.25, 34.25, 100]
['2019-03-27 11:00:00', 34.22, 34.22, 34.22, 34.22, 766]
['2019-03-27 10:59:00', 34.22, 34.22, 34.22, 34.22, 300]
['2019-03-27 10:57:00', 34.2, 34.2, 34.2, 34.2, 250]
['2019-03-27 10:56:00', 34.21, 34.21, 34.21, 34.21, 633]
['2019-03-27 10:55:00', 34.1701, 34.18, 34.1701, 34.18, 3610]
['2019-03-27 10:54:00', 34.24, 34.24, 34.24, 34.24, 862]
['2019-03-27 10:53:00', 34.2, 34.2, 34.2, 34.2, 1741]
['2019-03-27 10:51:00', 34.19, 34.19, 34.19, 34.19, 689]
['2019-03-27 10:50:00', 34.26, 34.26, 34.26, 34.26, 500]
['2019-03-27 10:48:00', 34.28, 34.28, 34.28, 34.28, 781]
['2019-03-27 10:46:00', 34.23, 34.23, 34.23, 34.23, 772]
['2019-03-27 10:44:00', 34.23, 34.23, 34.23, 34.23, 340]
['2019-03-27 10:43:00', 34.23, 34.23, 34.23, 34.23, 970]
['2019-03-27 10:42:00', 34.26, 34.26, 34.26, 34.26, 489]
['2019-03-27 10:41:00', 34.32, 34.29, 34.29, 34.33, 4445]
['2019-03-27 10:40:00', 34.33, 34.34, 34.31, 34.37, 7754]
['2019-03-27 10:39:00', 34.31, 34.35, 34.31, 34.35, 3671]
['2019-03-27 10:38:00', 34.3, 34.3, 34.3, 34.3, 1110]
['2019-03-27 10:37:00', 34.31, 34.27, 34.27, 34.31, 3706]
['2019-03-27 10:36:00', 34.33, 34.34, 34.33, 34.34, 2423]
['2019-03-27 10:35:00', 34.33, 34.33, 34.33, 34.33, 1232]
['2019-03-27 10:33:00', 34.31, 34.31, 34.31, 34.31, 354]
['2019-03-27 10:32:00', 34.24, 34.24, 34.24, 34.24, 943]
['2019-03-27 10:31:00', 34.27, 34.31, 34.27, 34.31, 1169]
['2019-03-27 10:30:00', 34.29, 34.29, 34.29, 34.29, 596]
['2019-03-27 10:29:00', 34.29, 34.29, 34.29, 34.29, 420]
['2019-03-27 10:28:00', 34.28, 34.28, 34.28, 34.28, 960]
['2019-03-27 10:27:00', 34.23, 34.23, 34.23, 34.23, 460]
['2019-03-27 10:26:00', 34.25, 34.25, 34.25, 34.25, 2078]
['2019-03-27 10:25:00', 34.31, 34.31, 34.31, 34.31, 700]
['2019-03-27 10:23:00', 34.31, 34.27, 34.25, 34.31, 2800]
['2019-03-27 10:22:00', 34.27, 34.27, 34.27, 34.27, 705]
['2019-03-27 10:21:00', 34.22, 34.22, 34.22, 34.22, 500]
['2019-03-27 10:20:00', 34.28, 34.28, 34.28, 34.28, 200]
['2019-03-27 10:19:00', 34.21, 34.21, 34.21, 34.21, 810]
['2019-03-27 10:18:00', 34.23, 34.23, 34.23, 34.23, 1064]
['2019-03-27 10:17:00', 34.23, 34.26, 34.23, 34.26, 2352]
['2019-03-27 10:16:00', 34.22, 34.22, 34.22, 34.22, 982]
['2019-03-27 10:13:00', 34.14, 34.14, 34.14, 34.14, 153]
['2019-03-27 10:12:00', 34.16, 34.16, 34.16, 34.16, 577]
['2019-03-27 10:10:00', 34.09, 34.2, 34.09, 34.2, 2760]
['2019-03-27 10:09:00', 34.17, 34.17, 34.17, 34.17, 930]
['2019-03-27 10:08:00', 34.1, 34.1, 34.1, 34.1, 2116]
['2019-03-27 10:07:00', 34.14, 34.14, 34.14, 34.14, 1330]
['2019-03-27 10:06:00', 34.09, 34.09, 34.09, 34.09, 1041]
['2019-03-27 10:05:00', 34.17, 34.17, 34.17, 34.17, 200]
['2019-03-27 10:04:00', 34.09, 34.09, 34.09, 34.09, 300]
['2019-03-27 10:02:00', 34.15, 34.15, 34.15, 34.15, 751]
['2019-03-27 10:00:00', 34.18, 34.16, 34.16, 34.18, 640]
['2019-03-27 09:59:00', 34.15, 34.15, 34.15, 34.15, 644]
['2019-03-27 09:58:00', 34.09, 34.09, 34.09, 34.09, 1550]
['2019-03-27 09:57:00', 34.03, 34.03, 34.03, 34.03, 1153]
['2019-03-27 09:56:00', 34.17, 34.17, 34.17, 34.17, 751]
['2019-03-27 09:55:00', 34.04, 34.04, 34.04, 34.04, 612]
['2019-03-27 09:52:00', 34.13, 34.13, 34.13, 34.13, 1054]
['2019-03-27 09:51:00', 34.23, 34.21, 34.21, 34.23, 2033]
['2019-03-27 09:50:00', 34.24, 34.24, 34.24, 34.24, 600]
['2019-03-27 09:49:00', 34.3, 34.3, 34.3, 34.3, 452]
['2019-03-27 09:47:00', 34.23, 34.23, 34.23, 34.23, 1600]
['2019-03-27 09:44:00', 34.2705, 34.2705, 34.2705, 34.2705, 1486]
['2019-03-27 09:43:00', 34.35, 34.35, 34.35, 34.35, 824]
['2019-03-27 09:41:00', 34.31, 34.48, 34.31, 34.48, 1225]
['2019-03-27 09:39:00', 34.33, 34.33, 34.33, 34.33, 614]
['2019-03-27 09:38:00', 34.345, 34.345, 34.345, 34.345, 1257]
['2019-03-27 09:37:00', 34.26, 34.26, 34.26, 34.26, 354]
['2019-03-27 09:31:00', 34.27, 34.27, 34.27, 34.27, 1248]
['2019-03-26 16:00:00', 34.25, 34.25, 34.25, 34.27, 7028]
['2019-03-26 15:59:00', 34.25, 34.26, 34.23, 34.26, 6292]
['2019-03-26 15:58:00', 34.245, 34.26, 34.245, 34.26, 2410]
['2019-03-26 15:57:00', 34.24, 34.24, 34.24, 34.24, 1317]
['2019-03-26 15:56:00', 34.2, 34.23, 34.2, 34.25, 8029]
['2019-03-26 15:55:00', 34.19, 34.19, 34.19, 34.19, 1142]
['2019-03-26 15:54:00', 34.24, 34.19, 34.19, 34.24, 3123]
['2019-03-26 15:53:00', 34.22, 34.24, 34.22, 34.24, 1757]
['2019-03-26 15:52:00', 34.17, 34.18, 34.17, 34.18, 2150]
['2019-03-26 15:51:00', 34.15, 34.15, 34.15, 34.15, 1180]
['2019-03-26 15:50:00', 34.15, 34.15, 34.15, 34.15, 852]
['2019-03-26 15:49:00', 34.15, 34.15, 34.15, 34.15, 255]
['2019-03-26 15:48:00', 34.13, 34.13, 34.13, 34.16, 2481]
['2019-03-26 15:47:00', 34.11, 34.11, 34.11, 34.11, 1116]
['2019-03-26 15:46:00', 34.085, 34.085, 34.085, 34.085, 1349]
['2019-03-26 15:45:00', 34.09, 34.09, 34.09, 34.09, 588]
['2019-03-26 15:43:00', 34.09, 34.09, 34.09, 34.09, 210]
['2019-03-26 15:42:00', 34.08, 34.11, 34.08, 34.11, 2543]
['2019-03-26 15:40:00', 34.1, 34.1, 34.1, 34.1, 636]
['2019-03-26 15:39:00', 34.12, 34.12, 34.12, 34.12, 1378]
['2019-03-26 15:38:00', 34.15, 34.13, 34.13, 34.15, 896]
['2019-03-26 15:36:00', 34.11, 34.15, 34.11, 34.15, 2251]
['2019-03-26 15:35:00', 34.1, 34.1, 34.1, 34.1, 746]
['2019-03-26 15:34:00', 34.11, 34.11, 34.11, 34.11, 547]
['2019-03-26 15:33:00', 34.04, 34.06, 34.04, 34.06, 1373]
['2019-03-26 15:32:00', 34.05, 34.05, 34.05, 34.05, 710]
['2019-03-26 15:31:00', 34.01, 34.01, 34.01, 34.01, 1359]
['2019-03-26 15:29:00', 34.0, 34.0, 34.0, 34.0, 678]
['2019-03-26 15:28:00', 34.03, 34.02, 34.02, 34.03, 1123]
['2019-03-26 15:27:00', 34.01, 34.01, 34.01, 34.01, 926]
['2019-03-26 15:26:00', 34.01, 34.01, 34.01, 34.01, 951]
['2019-03-26 15:25:00', 34.02, 34.02, 34.02, 34.02, 534]
['2019-03-26 15:22:00', 34.04, 34.04, 34.04, 34.04, 976]
['2019-03-26 15:21:00', 34.06, 34.06, 34.06, 34.06, 200]
['2019-03-26 15:20:00', 34.06, 34.06, 34.06, 34.06, 586]
['2019-03-26 15:18:00', 34.08, 34.04, 34.04, 34.08, 1508]
['2019-03-26 15:16:00', 34.01, 34.01, 34.01, 34.01, 1220]
['2019-03-26 15:15:00', 34.01, 34.01, 34.01, 34.01, 434]
['2019-03-26 15:12:00', 34.05, 34.05, 34.05, 34.05, 762]
['2019-03-26 15:10:00', 34.08, 34.08, 34.08, 34.08, 645]
['2019-03-26 15:09:00', 34.06, 34.07, 34.06, 34.07, 947]
['2019-03-26 15:08:00', 34.04, 34.04, 34.04, 34.04, 703]
['2019-03-26 15:06:00', 34.07, 34.07, 34.07, 34.07, 826]
['2019-03-26 15:05:00', 34.08, 34.08, 34.08, 34.08, 689]
['2019-03-26 15:04:00', 34.1, 34.13, 34.1, 34.13, 1825]
['2019-03-26 15:03:00', 34.12, 34.12, 34.11, 34.12, 2884]
['2019-03-26 15:02:00', 34.075, 34.09, 34.075, 34.09, 1453]
['2019-03-26 15:01:00', 34.07, 34.075, 34.07, 34.075, 1576]
['2019-03-26 15:00:00', 34.08, 34.08, 34.08, 34.08, 708]
['2019-03-26 14:59:00', 34.08, 34.08, 34.08, 34.08, 1343]
['2019-03-26 14:58:00', 34.05, 34.06, 34.05, 34.06, 1307]
['2019-03-26 14:57:00', 34.03, 34.03, 34.03, 34.03, 640]
['2019-03-26 14:56:00', 34.02, 34.02, 34.02, 34.02, 587]
['2019-03-26 14:55:00', 34.035, 34.035, 34.035, 34.035, 679]
['2019-03-26 14:54:00', 34.0, 34.0, 34.0, 34.0, 240]
['2019-03-26 14:53:00', 34.02, 34.02, 34.02, 34.02, 409]
['2019-03-26 14:52:00', 34.005, 34.0378, 34.005, 34.0378, 3352]
['2019-03-26 14:51:00', 34.0, 34.0, 34.0, 34.0, 744]
['2019-03-26 14:50:00', 34.0, 34.0, 34.0, 34.0, 598]
['2019-03-26 14:49:00', 34.0, 34.0, 34.0, 34.0, 1709]
['2019-03-26 14:48:00', 33.99, 33.99, 33.99, 33.99, 1665]
['2019-03-26 14:47:00', 33.98, 33.98, 33.98, 33.98, 449]
['2019-03-26 14:46:00', 33.98, 33.98, 33.98, 33.98, 583]
['2019-03-26 14:45:00', 33.99, 34.0, 33.99, 34.0, 865]
['2019-03-26 14:44:00', 33.97, 33.97, 33.97, 33.97, 500]
['2019-03-26 14:43:00', 33.97, 33.97, 33.97, 33.97, 740]
['2019-03-26 14:42:00', 33.97, 33.97, 33.97, 33.97, 1804]
['2019-03-26 14:41:00', 33.92, 33.92, 33.92, 33.92, 300]
['2019-03-26 14:40:00', 33.88, 33.9, 33.88, 33.9, 1140]
['2019-03-26 14:39:00', 33.865, 33.865, 33.865, 33.865, 302]
['2019-03-26 14:38:00', 33.84, 33.86, 33.84, 33.86, 1065]
['2019-03-26 14:36:00', 33.83, 33.84, 33.83, 33.84, 1044]
['2019-03-26 14:35:00', 33.83, 33.83, 33.83, 33.83, 423]
['2019-03-26 14:34:00', 33.85, 33.84, 33.84, 33.85, 1307]
['2019-03-26 14:32:00', 33.86, 33.86, 33.86, 33.86, 757]
['2019-03-26 14:30:00', 33.87, 33.88, 33.87, 33.88, 921]
['2019-03-26 14:29:00', 33.86, 33.86, 33.86, 33.86, 708]
['2019-03-26 14:28:00', 33.89, 33.89, 33.89, 33.89, 682]
['2019-03-26 14:27:00', 33.87, 33.87, 33.87, 33.87, 1118]
['2019-03-26 14:26:00', 33.89, 33.89, 33.89, 33.89, 204]
['2019-03-26 14:24:00', 33.85, 33.87, 33.85, 33.87, 1287]
['2019-03-26 14:22:00', 33.82, 33.83, 33.81, 33.83, 2552]
['2019-03-26 14:21:00', 33.85, 33.85, 33.85, 33.85, 107]
['2019-03-26 14:20:00', 33.87, 33.87, 33.87, 33.87, 400]
['2019-03-26 14:19:00', 33.84, 33.84, 33.84, 33.84, 242]
['2019-03-26 14:18:00', 33.87, 33.87, 33.87, 33.87, 604]
['2019-03-26 14:17:00', 33.84, 33.87, 33.84, 33.87, 2104]
['2019-03-26 14:16:00', 33.81, 33.81, 33.81, 33.81, 372]
['2019-03-26 14:15:00', 33.78, 33.78, 33.78, 33.78, 594]
['2019-03-26 14:14:00', 33.81, 33.81, 33.81, 33.81, 551]
['2019-03-26 14:13:00', 33.75, 33.75, 33.75, 33.75, 650]
['2019-03-26 14:10:00', 33.78, 33.78, 33.78, 33.78, 1044]
['2019-03-26 14:09:00', 33.78, 33.78, 33.78, 33.78, 114]
['2019-03-26 14:07:00', 33.76, 33.76, 33.76, 33.76, 303]
['2019-03-26 14:06:00', 33.69, 33.73, 33.69, 33.73, 1108]
['2019-03-26 14:05:00', 33.69, 33.67, 33.67, 33.69, 942]
['2019-03-26 14:04:00', 33.71, 33.71, 33.71, 33.71, 818]
['2019-03-26 14:03:00', 33.72, 33.69, 33.69, 33.72, 1398]
['2019-03-26 14:02:00', 33.74, 33.74, 33.74, 33.74, 518]
['2019-03-26 14:01:00', 33.73, 33.76, 33.73, 33.76, 1478]
['2019-03-26 13:59:00', 33.79, 33.78, 33.78, 33.79, 1058]
['2019-03-26 13:58:00', 33.79, 33.79, 33.79, 33.79, 330]
['2019-03-26 13:56:00', 33.82, 33.82, 33.82, 33.82, 431]
['2019-03-26 13:55:00', 33.82, 33.82, 33.82, 33.82, 717]
['2019-03-26 13:54:00', 33.81, 33.81, 33.81, 33.81, 483]
['2019-03-26 13:53:00', 33.82, 33.82, 33.82, 33.82, 461]
['2019-03-26 13:52:00', 33.83, 33.83, 33.83, 33.83, 1289]
['2019-03-26 13:49:00', 33.865, 33.86, 33.86, 33.865, 841]
['2019-03-26 13:48:00', 33.83, 33.83, 33.83, 33.83, 406]
['2019-03-26 13:47:00', 33.82, 33.82, 33.82, 33.82, 870]
['2019-03-26 13:46:00', 33.8, 33.8, 33.8, 33.8, 1001]
['2019-03-26 13:45:00', 33.81, 33.81, 33.81, 33.81, 1609]
['2019-03-26 13:44:00', 33.81, 33.81, 33.81, 33.81, 829]
['2019-03-26 13:43:00', 33.81, 33.81, 33.81, 33.81, 503]
['2019-03-26 13:42:00', 33.86, 33.86, 33.86, 33.86, 545]
['2019-03-26 13:41:00', 33.84, 33.84, 33.84, 33.84, 690]
['2019-03-26 13:40:00', 33.84, 33.84, 33.84, 33.84, 701]
['2019-03-26 13:38:00', 33.86, 33.84, 33.84, 33.86, 1728]
['2019-03-26 13:37:00', 33.89, 33.88, 33.88, 33.89, 1414]
['2019-03-26 13:34:00', 33.92, 33.92, 33.92, 33.92, 213]
['2019-03-26 13:33:00', 33.92, 33.92, 33.92, 33.92, 668]
['2019-03-26 13:32:00', 33.93, 33.93, 33.93, 33.93, 705]
['2019-03-26 13:30:00', 33.9599, 33.93, 33.93, 33.9599, 630]
['2019-03-26 13:28:00', 34.0, 33.98, 33.98, 34.0, 1347]
['2019-03-26 13:27:00', 33.97, 33.99, 33.97, 33.99, 878]
['2019-03-26 13:26:00', 33.96, 33.96, 33.96, 33.96, 700]
['2019-03-26 13:25:00', 34.02, 34.0, 34.0, 34.02, 1567]
['2019-03-26 13:24:00', 34.01, 34.01, 34.01, 34.01, 465]
['2019-03-26 13:22:00', 33.98, 34.01, 33.98, 34.01, 1470]
['2019-03-26 13:21:00', 33.93, 33.95, 33.93, 33.95, 1748]
['2019-03-26 13:19:00', 33.965, 33.965, 33.965, 33.965, 239]
['2019-03-26 13:18:00', 33.95, 33.955, 33.95, 33.955, 878]
['2019-03-26 13:16:00', 33.94, 33.93, 33.93, 33.94, 1165]
['2019-03-26 13:15:00', 33.93, 33.93, 33.93, 33.93, 612]
['2019-03-26 13:13:00', 33.9, 33.9, 33.9, 33.9, 316]
['2019-03-26 13:12:00', 33.88, 33.91, 33.88, 33.91, 1673]
['2019-03-26 13:11:00', 33.86, 33.86, 33.86, 33.86, 337]
['2019-03-26 13:09:00', 33.845, 33.84, 33.84, 33.845, 1225]
['2019-03-26 13:08:00', 33.83, 33.83, 33.83, 33.83, 650]
['2019-03-26 13:06:00', 33.8, 33.8, 33.8, 33.8, 765]
['2019-03-26 13:05:00', 33.84, 33.84, 33.84, 33.84, 222]
['2019-03-26 13:04:00', 33.88, 33.88, 33.88, 33.88, 342]
['2019-03-26 13:02:00', 33.87, 33.86, 33.86, 33.87, 2616]
['2019-03-26 13:01:00', 33.86, 33.86, 33.86, 33.86, 354]
['2019-03-26 13:00:00', 33.82, 33.82, 33.82, 33.82, 1394]
['2019-03-26 12:58:00', 33.92, 33.92, 33.92, 33.92, 609]
['2019-03-26 12:57:00', 33.93, 33.93, 33.93, 33.93, 703]
['2019-03-26 12:55:00', 33.93, 33.93, 33.93, 33.93, 1295]
['2019-03-26 12:54:00', 33.94, 33.94, 33.94, 33.94, 700]
['2019-03-26 12:53:00', 33.945, 33.945, 33.945, 33.945, 522]
['2019-03-26 12:52:00', 33.89, 33.92, 33.89, 33.92, 1694]
['2019-03-26 12:50:00', 33.89, 33.89, 33.89, 33.89, 1424]
['2019-03-26 12:48:00', 33.91, 33.89, 33.89, 33.91, 2337]
['2019-03-26 12:46:00', 33.92, 33.88, 33.88, 33.92, 819]
['2019-03-26 12:44:00', 33.94, 33.93, 33.93, 33.94, 906]
['2019-03-26 12:42:00', 33.97, 33.97, 33.97, 33.97, 704]
['2019-03-26 12:41:00', 33.96, 33.96, 33.96, 33.96, 220]
['2019-03-26 12:40:00', 33.95, 33.95, 33.95, 33.95, 523]
['2019-03-26 12:38:00', 33.97, 33.97, 33.97, 33.97, 556]
['2019-03-26 12:37:00', 33.96, 33.96, 33.96, 33.96, 100]
['2019-03-26 12:34:00', 34.0, 34.0, 34.0, 34.0, 377]
['2019-03-26 12:33:00', 33.95, 33.93, 33.93, 33.95, 752]
['2019-03-26 12:32:00', 33.98, 33.98, 33.98, 33.98, 573]
['2019-03-26 12:30:00', 34.01, 34.01, 34.01, 34.01, 447]
['2019-03-26 12:28:00', 33.97, 33.97, 33.97, 33.97, 563]
['2019-03-26 12:27:00', 33.97, 33.97, 33.97, 33.97, 584]
['2019-03-26 12:26:00', 34.0, 34.0, 34.0, 34.0, 132]
['2019-03-26 12:24:00', 33.98, 33.98, 33.98, 33.98, 504]
['2019-03-26 12:22:00', 34.04, 34.02, 34.02, 34.04, 1366]
['2019-03-26 12:21:00', 34.08, 34.08, 34.08, 34.08, 642]
['2019-03-26 12:20:00', 34.07, 34.08, 34.07, 34.08, 1241]
['2019-03-26 12:16:00', 34.03, 34.03, 34.03, 34.03, 939]
['2019-03-26 12:15:00', 34.0, 34.01, 34.0, 34.01, 1630]
['2019-03-26 12:14:00', 33.96, 33.96, 33.96, 33.96, 724]
['2019-03-26 12:13:00', 33.98, 33.98, 33.98, 33.98, 107]
['2019-03-26 12:12:00', 33.98, 33.98, 33.98, 33.98, 539]
['2019-03-26 12:11:00', 34.0, 34.0, 34.0, 34.0, 366]
['2019-03-26 12:09:00', 33.99, 33.99, 33.99, 33.99, 1002]
['2019-03-26 12:08:00', 34.05, 34.05, 34.05, 34.05, 404]
['2019-03-26 12:07:00', 34.1, 34.07, 34.07, 34.12, 2592]
['2019-03-26 12:06:00', 34.08, 34.08, 34.08, 34.08, 203]
['2019-03-26 12:04:00', 34.05, 34.05, 34.05, 34.05, 1086]
['2019-03-26 12:03:00', 34.08, 34.08, 34.08, 34.08, 704]
['2019-03-26 12:01:00', 34.08, 34.08, 34.08, 34.08, 323]
['2019-03-26 12:00:00', 34.03, 34.05, 34.03, 34.05, 1106]
['2019-03-26 11:59:00', 34.02, 34.02, 34.02, 34.02, 527]
['2019-03-26 11:58:00', 34.02, 34.02, 34.02, 34.02, 1027]
['2019-03-26 11:56:00', 34.02, 34.02, 34.02, 34.02, 418]
['2019-03-26 11:55:00', 33.98, 33.98, 33.98, 33.98, 1635]
['2019-03-26 11:54:00', 33.95, 33.95, 33.95, 33.95, 843]
['2019-03-26 11:53:00', 33.94, 33.94, 33.94, 33.94, 793]
['2019-03-26 11:52:00', 33.96, 33.96, 33.96, 33.96, 614]
['2019-03-26 11:51:00', 33.98, 33.98, 33.98, 33.98, 407]
['2019-03-26 11:50:00', 33.96, 33.96, 33.96, 33.96, 816]
['2019-03-26 11:48:00', 33.92, 33.92, 33.92, 33.92, 404]
['2019-03-26 11:46:00', 34.02, 34.02, 34.02, 34.02, 536]
['2019-03-26 11:45:00', 34.08, 34.05, 34.05, 34.08, 1021]
['2019-03-26 11:42:00', 34.06, 34.06, 34.06, 34.06, 303]
['2019-03-26 11:41:00', 34.08, 34.07, 34.07, 34.08, 711]
['2019-03-26 11:39:00', 34.07, 34.07, 34.07, 34.07, 501]
['2019-03-26 11:38:00', 34.05, 34.05, 34.05, 34.05, 566]
['2019-03-26 11:37:00', 33.975, 33.975, 33.975, 33.975, 354]
['2019-03-26 11:36:00', 33.96, 33.96, 33.96, 33.96, 830]
['2019-03-26 11:35:00', 33.9481, 33.9481, 33.9481, 33.9481, 407]
['2019-03-26 11:34:00', 33.95, 33.95, 33.95, 33.95, 333]
['2019-03-26 11:33:00', 33.94, 33.94, 33.94, 33.94, 981]
['2019-03-26 11:32:00', 34.09, 34.08, 34.08, 34.09, 14148]
['2019-03-26 11:31:00', 34.15, 34.15, 34.15, 34.15, 903]
['2019-03-26 11:30:00', 34.15, 34.155, 34.15, 34.155, 4550]
['2019-03-26 11:29:00', 34.1777, 34.1777, 34.1777, 34.1777, 303]
['2019-03-26 11:27:00', 34.16, 34.16, 34.16, 34.16, 403]
['2019-03-26 11:24:00', 34.1053, 34.1053, 34.1053, 34.1053, 752]
['2019-03-26 11:23:00', 34.17, 34.14, 34.14, 34.17, 1399]
['2019-03-26 11:20:00', 34.16, 34.16, 34.16, 34.16, 177]
['2019-03-26 11:19:00', 34.19, 34.19, 34.19, 34.19, 1259]
['2019-03-26 11:18:00', 34.17, 34.21, 34.17, 34.21, 1226]
['2019-03-26 11:15:00', 34.14, 34.12, 34.12, 34.14, 794]
['2019-03-26 11:14:00', 34.16, 34.16, 34.16, 34.16, 210]
['2019-03-26 11:12:00', 34.16, 34.16, 34.16, 34.16, 1348]
['2019-03-26 11:09:00', 34.34, 34.275, 34.27, 34.34, 6681]
['2019-03-26 11:08:00', 34.35, 34.32, 34.3, 34.35, 2519]
['2019-03-26 11:07:00', 34.3, 34.335, 34.29, 34.335, 2987]
['2019-03-26 11:06:00', 34.34, 34.31, 34.31, 34.355, 5207]
['2019-03-26 11:05:00', 34.36, 34.36, 34.36, 34.36, 1517]
['2019-03-26 11:04:00', 34.3136, 34.3136, 34.3136, 34.3136, 777]
['2019-03-26 11:03:00', 34.34, 34.34, 34.34, 34.34, 875]
['2019-03-26 11:02:00', 34.35, 34.35, 34.35, 34.35, 614]
['2019-03-26 11:01:00', 34.34, 34.305, 34.305, 34.34, 1476]
['2019-03-26 11:00:00', 34.27, 34.27, 34.27, 34.27, 306]
['2019-03-26 10:59:00', 34.24, 34.24, 34.24, 34.24, 649]
['2019-03-26 10:58:00', 34.29, 34.28, 34.28, 34.29, 2597]
['2019-03-26 10:56:00', 34.29, 34.29, 34.29, 34.29, 250]
['2019-03-26 10:55:00', 34.27, 34.27, 34.27, 34.27, 830]
['2019-03-26 10:54:00', 34.3, 34.3, 34.3, 34.3, 429]
['2019-03-26 10:53:00', 34.245, 34.245, 34.245, 34.245, 400]
['2019-03-26 10:52:00', 34.2, 34.2, 34.2, 34.2, 716]
['2019-03-26 10:51:00', 34.17, 34.2, 34.17, 34.2, 3011]
['2019-03-26 10:50:00', 34.12, 34.12, 34.12, 34.12, 1032]
['2019-03-26 10:49:00', 34.12, 34.12, 34.12, 34.12, 2197]
['2019-03-26 10:48:00', 34.08, 34.08, 34.08, 34.08, 530]
['2019-03-26 10:46:00', 34.07, 34.07, 34.07, 34.07, 1198]
['2019-03-26 10:45:00', 34.06, 34.055, 34.055, 34.06, 1451]
['2019-03-26 10:43:00', 34.09, 34.09, 34.09, 34.09, 1518]
['2019-03-26 10:42:00', 34.085, 34.085, 34.085, 34.085, 1682]
['2019-03-26 10:41:00', 34.08, 34.08, 34.08, 34.08, 341]
['2019-03-26 10:39:00', 34.06, 34.09, 34.06, 34.09, 1457]
['2019-03-26 10:38:00', 34.005, 34.005, 34.005, 34.005, 317]
['2019-03-26 10:37:00', 34.035, 34.035, 34.035, 34.035, 966]
['2019-03-26 10:36:00', 34.02, 34.01, 34.01, 34.02, 1160]
['2019-03-26 10:35:00', 34.02, 34.02, 34.02, 34.02, 637]
['2019-03-26 10:34:00', 34.03, 34.03, 34.03, 34.03, 892]
['2019-03-26 10:32:00', 34.04, 34.04, 34.04, 34.04, 797]
['2019-03-26 10:30:00', 34.06, 34.05, 34.05, 34.06, 1851]
['2019-03-26 10:28:00', 34.05, 34.05, 34.05, 34.05, 502]
['2019-03-26 10:27:00', 34.05, 34.05, 34.05, 34.05, 565]
['2019-03-26 10:26:00', 34.025, 34.025, 34.025, 34.025, 557]
['2019-03-26 10:24:00', 34.0, 33.99, 33.99, 34.01, 2409]
['2019-03-26 10:23:00', 34.03, 34.03, 34.03, 34.03, 2947]
['2019-03-26 10:21:00', 34.02, 34.02, 34.02, 34.02, 1628]
['2019-03-26 10:19:00', 34.08, 34.08, 34.08, 34.08, 893]
['2019-03-26 10:18:00', 34.07, 34.07, 34.07, 34.07, 534]
['2019-03-26 10:17:00', 34.03, 34.03, 34.03, 34.03, 822]
['2019-03-26 10:15:00', 34.07, 34.06, 34.06, 34.07, 1800]
['2019-03-26 10:14:00', 34.13, 34.105, 34.1, 34.13, 4179]
['2019-03-26 10:13:00', 34.12, 34.11, 34.11, 34.12, 1051]
['2019-03-26 10:12:00', 34.09, 34.09, 34.09, 34.09, 560]
['2019-03-26 10:10:00', 34.0, 34.08, 34.0, 34.08, 2818]
['2019-03-26 10:08:00', 34.01, 34.01, 34.01, 34.01, 804]
['2019-03-26 10:07:00', 34.075, 34.075, 34.075, 34.075, 14618]
['2019-03-26 10:06:00', 34.16, 34.12, 34.12, 34.16, 3000]
['2019-03-26 10:03:00', 34.12, 34.12, 34.12, 34.12, 212]
['2019-03-26 10:02:00', 34.21, 34.21, 34.21, 34.21, 686]
['2019-03-26 10:01:00', 34.29, 34.27, 34.27, 34.29, 2384]
['2019-03-26 10:00:00', 34.25, 34.25, 34.25, 34.25, 440]
['2019-03-26 09:59:00', 34.23, 34.23, 34.23, 34.23, 1011]
['2019-03-26 09:58:00', 34.15, 34.15, 34.15, 34.15, 550]
['2019-03-26 09:56:00', 34.16, 34.16, 34.16, 34.16, 1351]
['2019-03-26 09:55:00', 34.06, 34.13, 34.06, 34.13, 3837]
['2019-03-26 09:53:00', 33.915, 33.95, 33.905, 33.95, 3027]
['2019-03-26 09:52:00', 33.97, 33.89, 33.89, 33.97, 4516]
['2019-03-26 09:51:00', 33.97, 34.025, 33.97, 34.025, 3204]
['2019-03-26 09:49:00', 34.09, 34.09, 34.09, 34.09, 508]
['2019-03-26 09:48:00', 34.05, 34.1676, 34.05, 34.1676, 3063]
['2019-03-26 09:47:00', 34.09, 34.09, 34.09, 34.09, 2359]
['2019-03-26 09:45:00', 34.11, 34.11, 34.11, 34.11, 1218]
['2019-03-26 09:44:00', 34.015, 34.015, 34.015, 34.015, 575]
['2019-03-26 09:43:00', 34.04, 34.04, 34.04, 34.04, 828]
['2019-03-26 09:42:00', 34.06, 34.13, 34.05, 34.18, 7297]
['2019-03-26 09:40:00', 34.04, 34.09, 34.04, 34.09, 3197]
['2019-03-26 09:39:00', 34.07, 34.07, 34.07, 34.07, 1014]
['2019-03-26 09:38:00', 34.07, 34.06, 34.06, 34.07, 1907]
['2019-03-26 09:36:00', 33.98, 33.91, 33.91, 33.98, 1822]
['2019-03-26 09:35:00', 33.95, 33.95, 33.95, 33.95, 1347]
['2019-03-26 09:34:00', 33.88, 33.91, 33.88, 33.91, 1695]
['2019-03-26 09:32:00', 33.87, 33.91, 33.75, 33.91, 10826]
['2019-03-25 16:00:00', 33.34, 33.32, 33.31, 33.34, 7535]
['2019-03-25 15:59:00', 33.405, 33.36, 33.36, 33.425, 9850]
['2019-03-25 15:58:00', 33.37, 33.4, 33.37, 33.405, 6715]
['2019-03-25 15:57:00', 33.33, 33.37, 33.33, 33.37, 3999]
['2019-03-25 15:56:00', 33.31, 33.32, 33.31, 33.32, 14264]
['2019-03-25 15:55:00', 33.28, 33.29, 33.28, 33.29, 1126]
['2019-03-25 15:54:00', 33.275, 33.27, 33.265, 33.275, 4054]
['2019-03-25 15:53:00', 33.32, 33.3, 33.3, 33.32, 4608]
['2019-03-25 15:52:00', 33.33, 33.325, 33.325, 33.33, 1750]
['2019-03-25 15:51:00', 33.31, 33.355, 33.31, 33.355, 2302]
['2019-03-25 15:50:00', 33.295, 33.3, 33.295, 33.3, 1778]
['2019-03-25 15:49:00', 33.3, 33.3, 33.3, 33.3, 1565]
['2019-03-25 15:48:00', 33.35, 33.31, 33.31, 33.35, 2849]
['2019-03-25 15:47:00', 33.41, 33.39, 33.39, 33.41, 1451]
['2019-03-25 15:46:00', 33.365, 33.41, 33.365, 33.415, 2426]
['2019-03-25 15:45:00', 33.36, 33.36, 33.36, 33.36, 886]
['2019-03-25 15:44:00', 33.32, 33.35, 33.32, 33.36, 2764]
['2019-03-25 15:43:00', 33.33, 33.33, 33.33, 33.33, 643]
['2019-03-25 15:42:00', 33.315, 33.315, 33.315, 33.315, 143]
['2019-03-25 15:41:00', 33.315, 33.315, 33.315, 33.315, 833]
['2019-03-25 15:40:00', 33.295, 33.3, 33.295, 33.3, 1880]
['2019-03-25 15:39:00', 33.315, 33.315, 33.315, 33.315, 235]
['2019-03-25 15:38:00', 33.33, 33.33, 33.33, 33.33, 653]
['2019-03-25 15:37:00', 33.31, 33.31, 33.31, 33.31, 1398]
['2019-03-25 15:36:00', 33.3, 33.3, 33.3, 33.3, 1032]
['2019-03-25 15:35:00', 33.29, 33.29, 33.29, 33.29, 1342]
['2019-03-25 15:34:00', 33.3, 33.3, 33.3, 33.3, 1258]
['2019-03-25 15:33:00', 33.285, 33.3, 33.285, 33.3, 2024]
['2019-03-25 15:32:00', 33.33, 33.3, 33.3, 33.33, 2849]
['2019-03-25 15:31:00', 33.35, 33.35, 33.35, 33.35, 1005]
['2019-03-25 15:30:00', 33.36, 33.325, 33.325, 33.36, 923]
['2019-03-25 15:29:00', 33.39, 33.36, 33.36, 33.39, 894]
['2019-03-25 15:28:00', 33.4125, 33.4125, 33.4125, 33.4125, 554]
['2019-03-25 15:27:00', 33.43, 33.44, 33.43, 33.44, 2037]
['2019-03-25 15:26:00', 33.41, 33.41, 33.41, 33.41, 483]
['2019-03-25 15:25:00', 33.44, 33.395, 33.395, 33.44, 1630]
['2019-03-25 15:24:00', 33.385, 33.4, 33.375, 33.4, 1527]
['2019-03-25 15:23:00', 33.32, 33.35, 33.32, 33.35, 2269]
['2019-03-25 15:21:00', 33.33, 33.33, 33.33, 33.33, 135]
['2019-03-25 15:20:00', 33.37, 33.37, 33.37, 33.37, 211]
['2019-03-25 15:19:00', 33.35, 33.35, 33.35, 33.35, 706]
['2019-03-25 15:18:00', 33.33, 33.33, 33.33, 33.33, 859]
['2019-03-25 15:17:00', 33.41, 33.425, 33.41, 33.425, 675]
['2019-03-25 15:16:00', 33.395, 33.395, 33.395, 33.395, 166]
['2019-03-25 15:15:00', 33.39, 33.39, 33.39, 33.39, 481]
['2019-03-25 15:14:00', 33.44, 33.44, 33.44, 33.44, 888]
['2019-03-25 15:13:00', 33.37, 33.37, 33.37, 33.37, 497]
['2019-03-25 15:12:00', 33.4, 33.4, 33.4, 33.4, 469]
['2019-03-25 15:11:00', 33.36, 33.36, 33.36, 33.36, 381]
['2019-03-25 15:10:00', 33.35, 33.35, 33.35, 33.35, 352]
['2019-03-25 15:09:00', 33.37, 33.37, 33.37, 33.37, 631]
['2019-03-25 15:08:00', 33.3225, 33.37, 33.3225, 33.37, 1692]
['2019-03-25 15:07:00', 33.31, 33.325, 33.31, 33.325, 941]
['2019-03-25 15:06:00', 33.3, 33.3, 33.3, 33.3, 838]
['2019-03-25 15:05:00', 33.25, 33.25, 33.25, 33.25, 221]
['2019-03-25 15:04:00', 33.29, 33.29, 33.29, 33.29, 365]
['2019-03-25 15:03:00', 33.33, 33.33, 33.33, 33.33, 1308]
['2019-03-25 15:02:00', 33.32, 33.32, 33.32, 33.32, 775]
['2019-03-25 15:01:00', 33.33, 33.33, 33.33, 33.33, 329]
['2019-03-25 15:00:00', 33.295, 33.295, 33.295, 33.295, 492]
['2019-03-25 14:59:00', 33.29, 33.29, 33.29, 33.29, 632]
['2019-03-25 14:58:00', 33.275, 33.275, 33.275, 33.275, 236]
['2019-03-25 14:57:00', 33.22, 33.275, 33.22, 33.275, 1351]
['2019-03-25 14:53:00', 33.185, 33.185, 33.185, 33.185, 259]
['2019-03-25 14:52:00', 33.17, 33.185, 33.17, 33.185, 1503]
['2019-03-25 14:51:00', 33.205, 33.205, 33.205, 33.205, 253]
['2019-03-25 14:50:00', 33.21, 33.21, 33.21, 33.21, 759]
['2019-03-25 14:49:00', 33.18, 33.18, 33.18, 33.18, 247]
['2019-03-25 14:48:00', 33.17, 33.17, 33.17, 33.17, 322]
['2019-03-25 14:47:00', 33.15, 33.15, 33.15, 33.15, 121]
['2019-03-25 14:45:00', 33.19, 33.19, 33.19, 33.19, 346]
['2019-03-25 14:44:00', 33.17, 33.17, 33.17, 33.17, 510]
['2019-03-25 14:43:00', 33.11, 33.11, 33.11, 33.11, 1572]
['2019-03-25 14:42:00', 33.1, 33.1, 33.1, 33.1, 601]
['2019-03-25 14:41:00', 33.02, 33.05, 33.02, 33.05, 1273]
['2019-03-25 14:39:00', 33.025, 33.025, 33.025, 33.025, 301]
['2019-03-25 14:38:00', 33.03, 33.03, 33.03, 33.03, 915]
['2019-03-25 14:37:00', 33.05, 33.05, 33.05, 33.05, 244]
['2019-03-25 14:35:00', 33.07, 33.07, 33.07, 33.07, 317]
['2019-03-25 14:34:00', 33.09, 33.09, 33.09, 33.09, 658]
['2019-03-25 14:33:00', 33.1, 33.1, 33.1, 33.1, 300]
['2019-03-25 14:32:00', 33.05, 33.05, 33.05, 33.05, 411]
['2019-03-25 14:31:00', 33.03, 33.03, 33.03, 33.03, 609]
['2019-03-25 14:28:00', 32.92, 32.96, 32.92, 32.96, 2408]
['2019-03-25 14:27:00', 32.96, 32.98, 32.96, 32.98, 1197]
['2019-03-25 14:25:00', 32.96, 32.95, 32.95, 32.96, 1176]
['2019-03-25 14:24:00', 32.96, 32.96, 32.96, 32.96, 735]
['2019-03-25 14:23:00', 32.99, 32.99, 32.99, 32.99, 221]
['2019-03-25 14:22:00', 33.01, 33.01, 33.01, 33.01, 801]
['2019-03-25 14:20:00', 33.03, 33.03, 33.03, 33.03, 102]
['2019-03-25 14:18:00', 33.08, 33.06, 33.06, 33.08, 1070]
['2019-03-25 14:17:00', 33.12, 33.12, 33.12, 33.12, 601]
['2019-03-25 14:15:00', 33.085, 33.085, 33.085, 33.085, 301]
['2019-03-25 14:14:00', 33.06, 33.06, 33.06, 33.06, 1025]
['2019-03-25 14:08:00', 33.1, 33.13, 33.1, 33.13, 1001]
['2019-03-25 14:07:00', 33.09, 33.09, 33.09, 33.09, 736]
['2019-03-25 14:06:00', 33.08, 33.08, 33.08, 33.08, 708]
['2019-03-25 14:05:00', 33.11, 33.08, 33.08, 33.11, 538]
['2019-03-25 14:04:00', 33.11, 33.11, 33.11, 33.11, 301]
['2019-03-25 14:02:00', 33.14, 33.14, 33.14, 33.14, 532]
['2019-03-25 14:01:00', 33.17, 33.18, 33.17, 33.18, 1298]
['2019-03-25 14:00:00', 33.2, 33.2, 33.2, 33.2, 301]
['2019-03-25 13:59:00', 33.21, 33.21, 33.21, 33.21, 649]
['2019-03-25 13:58:00', 33.22, 33.22, 33.22, 33.22, 801]
['2019-03-25 13:57:00', 33.19, 33.19, 33.19, 33.19, 4925]
['2019-03-25 13:56:00', 33.3, 33.21, 33.21, 33.3, 9349]
['2019-03-25 13:55:00', 33.29, 33.3, 33.29, 33.3, 3102]
['2019-03-25 13:54:00', 33.3, 33.29, 33.29, 33.3, 2043]
['2019-03-25 13:53:00', 33.3, 33.3, 33.3, 33.3, 1185]
['2019-03-25 13:52:00', 33.3, 33.27, 33.27, 33.3, 3994]
['2019-03-25 13:51:00', 33.32, 33.3, 33.3, 33.32, 2477]
['2019-03-25 13:50:00', 33.295, 33.295, 33.295, 33.295, 926]
['2019-03-25 13:49:00', 33.3, 33.3, 33.3, 33.3, 951]
['2019-03-25 13:48:00', 33.3, 33.3, 33.3, 33.3, 906]
['2019-03-25 13:47:00', 33.3, 33.3, 33.3, 33.3, 788]
['2019-03-25 13:46:00', 33.34, 33.34, 33.34, 33.34, 402]
['2019-03-25 13:43:00', 33.41, 33.41, 33.41, 33.41, 453]
['2019-03-25 13:42:00', 33.41, 33.41, 33.41, 33.41, 100]
['2019-03-25 13:40:00', 33.47, 33.47, 33.47, 33.47, 446]
['2019-03-25 13:37:00', 33.47, 33.47, 33.47, 33.47, 445]
['2019-03-25 13:36:00', 33.43, 33.43, 33.43, 33.43, 537]
['2019-03-25 13:33:00', 33.31, 33.31, 33.31, 33.31, 553]
['2019-03-25 13:32:00', 33.3, 33.3, 33.3, 33.3, 882]
['2019-03-25 13:30:00', 33.34, 33.34, 33.34, 33.34, 325]
['2019-03-25 13:29:00', 33.32, 33.32, 33.32, 33.32, 1009]
['2019-03-25 13:26:00', 33.35, 33.35, 33.35, 33.35, 637]
['2019-03-25 13:25:00', 33.34, 33.34, 33.34, 33.34, 878]
['2019-03-25 13:22:00', 33.32, 33.32, 33.32, 33.32, 423]
['2019-03-25 13:21:00', 33.3, 33.3, 33.3, 33.3, 585]
['2019-03-25 13:19:00', 33.29, 33.3, 33.29, 33.3, 1745]
['2019-03-25 13:18:00', 33.24, 33.26, 33.24, 33.26, 2500]
['2019-03-25 13:15:00', 33.25, 33.25, 33.25, 33.25, 510]
['2019-03-25 13:13:00', 33.23, 33.23, 33.23, 33.23, 348]
['2019-03-25 13:12:00', 33.2, 33.2, 33.2, 33.2, 100]
['2019-03-25 13:11:00', 33.17, 33.2, 33.17, 33.2, 1659]
['2019-03-25 13:09:00', 33.14, 33.14, 33.14, 33.14, 101]
['2019-03-25 13:08:00', 33.16, 33.16, 33.16, 33.16, 201]
['2019-03-25 13:05:00', 33.23, 33.23, 33.23, 33.23, 331]
['2019-03-25 13:04:00', 33.17, 33.225, 33.17, 33.225, 858]
['2019-03-25 13:03:00', 33.22, 33.22, 33.22, 33.22, 301]
['2019-03-25 13:01:00', 33.3, 33.3, 33.3, 33.3, 192]
['2019-03-25 13:00:00', 33.35, 33.35, 33.35, 33.35, 482]
['2019-03-25 12:59:00', 33.34, 33.34, 33.34, 33.34, 601]
['2019-03-25 12:58:00', 33.26, 33.29, 33.26, 33.29, 1440]
['2019-03-25 12:57:00', 33.23, 33.23, 33.23, 33.23, 502]
['2019-03-25 12:53:00', 33.19, 33.19, 33.19, 33.19, 104]
['2019-03-25 12:50:00', 33.13, 33.13, 33.13, 33.13, 606]
['2019-03-25 12:48:00', 33.16, 33.16, 33.16, 33.16, 206]
['2019-03-25 12:45:00', 33.09, 33.11, 33.09, 33.11, 2507]
['2019-03-25 12:44:00', 33.07, 33.07, 33.07, 33.07, 601]
['2019-03-25 12:43:00', 33.11, 33.11, 33.11, 33.11, 198]
['2019-03-25 12:41:00', 33.14, 33.11, 33.11, 33.14, 433]
['2019-03-25 12:40:00', 33.14, 33.14, 33.14, 33.14, 216]
['2019-03-25 12:38:00', 33.12, 33.12, 33.12, 33.12, 600]
['2019-03-25 12:36:00', 33.16, 33.16, 33.16, 33.16, 431]
['2019-03-25 12:35:00', 33.19, 33.19, 33.19, 33.19, 745]
['2019-03-25 12:33:00', 33.2, 33.2, 33.2, 33.2, 1214]
['2019-03-25 12:32:00', 33.22, 33.2, 33.2, 33.22, 1383]
['2019-03-25 12:30:00', 33.21, 33.2, 33.2, 33.21, 1232]
['2019-03-25 12:29:00', 33.21, 33.21, 33.21, 33.21, 497]
['2019-03-25 12:28:00', 33.2, 33.2, 33.2, 33.2, 1586]
['2019-03-25 12:27:00', 33.2, 33.2, 33.2, 33.2, 664]
['2019-03-25 12:25:00', 33.21, 33.21, 33.21, 33.21, 100]
['2019-03-25 12:24:00', 33.23, 33.21, 33.21, 33.23, 306]
['2019-03-25 12:22:00', 33.24, 33.24, 33.24, 33.24, 148]
['2019-03-25 12:21:00', 33.24, 33.24, 33.24, 33.24, 300]
['2019-03-25 12:19:00', 33.21, 33.2272, 33.21, 33.2272, 306]
['2019-03-25 12:17:00', 33.2, 33.23, 33.2, 33.23, 2403]
['2019-03-25 12:16:00', 33.2, 33.2, 33.2, 33.2, 701]
['2019-03-25 12:14:00', 33.23, 33.23, 33.23, 33.23, 901]
['2019-03-25 12:13:00', 33.25, 33.25, 33.25, 33.25, 600]
['2019-03-25 12:12:00', 33.23, 33.23, 33.23, 33.23, 452]
['2019-03-25 12:11:00', 33.2, 33.2, 33.2, 33.2, 539]
['2019-03-25 12:09:00', 33.24, 33.24, 33.24, 33.24, 818]
['2019-03-25 12:07:00', 33.35, 33.33, 33.33, 33.35, 714]
['2019-03-25 12:05:00', 33.35, 33.35, 33.35, 33.35, 352]
['2019-03-25 12:02:00', 33.27, 33.27, 33.27, 33.27, 357]
['2019-03-25 12:01:00', 33.25, 33.25, 33.25, 33.25, 300]
['2019-03-25 12:00:00', 33.285, 33.285, 33.285, 33.285, 312]
['2019-03-25 11:59:00', 33.3, 33.3, 33.3, 33.3, 1199]
['2019-03-25 11:58:00', 33.38, 33.38, 33.38, 33.38, 339]
['2019-03-25 11:56:00', 33.41, 33.41, 33.41, 33.41, 791]
['2019-03-25 11:55:00', 33.35, 33.35, 33.35, 33.35, 1072]
['2019-03-25 11:54:00', 33.31, 33.35, 33.31, 33.35, 521]
['2019-03-25 11:52:00', 33.31, 33.31, 33.31, 33.31, 571]
['2019-03-25 11:51:00', 33.316, 33.316, 33.316, 33.316, 401]
['2019-03-25 11:49:00', 33.35, 33.35, 33.35, 33.35, 401]
['2019-03-25 11:46:00', 33.4, 33.4, 33.4, 33.4, 713]
['2019-03-25 11:44:00', 33.39, 33.39, 33.39, 33.39, 869]
['2019-03-25 11:42:00', 33.32, 33.32, 33.32, 33.32, 114]
['2019-03-25 11:37:00', 33.45, 33.45, 33.45, 33.45, 156]
['2019-03-25 11:35:00', 33.55, 33.5, 33.5, 33.55, 1446]
['2019-03-25 11:33:00', 33.63, 33.63, 33.63, 33.63, 383]
['2019-03-25 11:31:00', 33.68, 33.68, 33.68, 33.68, 370]
['2019-03-25 11:30:00', 33.68, 33.76, 33.68, 33.76, 3770]
['2019-03-25 11:28:00', 33.59, 33.59, 33.59, 33.59, 804]
['2019-03-25 11:27:00', 33.59, 33.59, 33.59, 33.59, 911]
['2019-03-25 11:26:00', 33.59, 33.595, 33.56, 33.595, 4193]
['2019-03-25 11:25:00', 33.65, 33.65, 33.65, 33.65, 1484]
['2019-03-25 11:22:00', 33.7, 33.65, 33.65, 33.7, 1178]
['2019-03-25 11:21:00', 33.64, 33.64, 33.64, 33.64, 579]
['2019-03-25 11:20:00', 33.63, 33.63, 33.63, 33.63, 325]
['2019-03-25 11:19:00', 33.64, 33.64, 33.64, 33.64, 500]
['2019-03-25 11:17:00', 33.61, 33.62, 33.61, 33.62, 1443]
['2019-03-25 11:15:00', 33.54, 33.54, 33.54, 33.54, 1401]
['2019-03-25 11:14:00', 33.51, 33.51, 33.51, 33.51, 2529]
['2019-03-25 11:13:00', 33.44, 33.44, 33.44, 33.44, 350]
['2019-03-25 11:11:00', 33.36, 33.35, 33.35, 33.36, 296]
['2019-03-25 11:08:00', 33.35, 33.34, 33.34, 33.35, 923]
['2019-03-25 11:06:00', 33.25, 33.26, 33.25, 33.26, 1356]
['2019-03-25 11:02:00', 33.19, 33.19, 33.19, 33.19, 565]
['2019-03-25 11:01:00', 33.21, 33.21, 33.21, 33.21, 502]
['2019-03-25 11:00:00', 33.12, 33.12, 33.12, 33.12, 780]
['2019-03-25 10:58:00', 33.21, 33.21, 33.21, 33.21, 284]
['2019-03-25 10:57:00', 33.2486, 33.2486, 33.2486, 33.2486, 482]
['2019-03-25 10:56:00', 33.28, 33.28, 33.28, 33.28, 398]
['2019-03-25 10:55:00', 33.24, 33.24, 33.24, 33.24, 362]
['2019-03-25 10:50:00', 33.02, 33.1, 33.02, 33.1, 1068]
['2019-03-25 10:48:00', 33.06, 33.06, 33.06, 33.06, 993]
['2019-03-25 10:47:00', 33.1169, 33.1169, 33.1169, 33.1169, 726]
['2019-03-25 10:44:00', 33.11, 33.11, 33.11, 33.11, 337]
['2019-03-25 10:41:00', 33.13, 33.14, 33.13, 33.14, 1168]
['2019-03-25 10:38:00', 33.07, 33.07, 33.07, 33.07, 425]
['2019-03-25 10:37:00', 33.02, 33.04, 33.02, 33.04, 842]
['2019-03-25 10:36:00', 33.05, 33.05, 33.05, 33.05, 458]
['2019-03-25 10:35:00', 33.03, 33.03, 33.03, 33.03, 442]
['2019-03-25 10:34:00', 33.07, 33.07, 33.07, 33.07, 687]
['2019-03-25 10:32:00', 32.99, 33.02, 32.99, 33.03, 2096]
['2019-03-25 10:31:00', 33.025, 33.025, 33.025, 33.025, 499]
['2019-03-25 10:28:00', 33.0611, 33.0611, 33.0611, 33.0611, 1150]
['2019-03-25 10:27:00', 33.06, 33.06, 33.06, 33.06, 612]
['2019-03-25 10:26:00', 33.0, 32.995, 32.995, 33.0, 2664]
['2019-03-25 10:24:00', 32.99, 32.99, 32.99, 32.99, 757]
['2019-03-25 10:23:00', 33.01, 33.01, 33.01, 33.01, 2285]
['2019-03-25 10:21:00', 33.03, 33.03, 33.03, 33.03, 255]
['2019-03-25 10:17:00', 33.0493, 33.0493, 33.0493, 33.0493, 583]
['2019-03-25 10:16:00', 33.0175, 33.0175, 33.0175, 33.0175, 545]
['2019-03-25 10:12:00', 33.01, 33.01, 33.01, 33.01, 211]
['2019-03-25 10:11:00', 33.07, 33.03, 33.03, 33.07, 1511]
['2019-03-25 10:09:00', 33.1, 33.08, 33.08, 33.1, 715]
['2019-03-25 10:08:00', 33.14, 33.14, 33.14, 33.14, 500]
['2019-03-25 10:06:00', 33.125, 33.125, 33.125, 33.125, 435]
['2019-03-25 10:05:00', 33.03, 33.1, 33.03, 33.11, 7206]
['2019-03-25 10:04:00', 33.0, 33.02, 33.0, 33.02, 1003]
['2019-03-25 10:03:00', 33.06, 33.06, 33.06, 33.06, 1201]
['2019-03-25 10:01:00', 33.18, 33.18, 33.18, 33.18, 547]
['2019-03-25 09:58:00', 33.22, 33.19, 33.19, 33.22, 854]
['2019-03-25 09:54:00', 33.28, 33.28, 33.28, 33.28, 494]
['2019-03-25 09:53:00', 33.25, 33.41, 33.25, 33.41, 1402]
['2019-03-25 09:51:00', 33.29, 33.29, 33.29, 33.29, 207]
['2019-03-25 09:50:00', 33.35, 33.35, 33.35, 33.35, 112]
['2019-03-25 09:47:00', 33.37, 33.37, 33.37, 33.37, 400]
['2019-03-25 09:46:00', 33.44, 33.44, 33.44, 33.44, 899]
['2019-03-25 09:42:00', 33.545, 33.545, 33.545, 33.545, 699]
['2019-03-25 09:41:00', 33.63, 33.63, 33.63, 33.63, 1740]
['2019-03-25 09:40:00', 33.59, 33.59, 33.59, 33.59, 1484]
['2019-03-25 09:39:00', 33.6442, 33.6442, 33.6442, 33.6442, 252]
['2019-03-25 09:31:00', 33.46, 33.46, 33.46, 33.46, 0]
