ACHN
['2019-03-29 16:00:00', 2.96, 2.965, 2.96, 2.97, 23323]
['2019-03-29 15:59:00', 2.96, 2.965, 2.96, 2.965, 13411]
['2019-03-29 15:58:00', 2.96, 2.955, 2.955, 2.96, 4174]
['2019-03-29 15:57:00', 2.955, 2.955, 2.955, 2.955, 3734]
['2019-03-29 15:56:00', 2.96, 2.955, 2.955, 2.96, 2247]
['2019-03-29 15:55:00', 2.965, 2.955, 2.955, 2.965, 11896]
['2019-03-29 15:54:00', 2.96, 2.965, 2.96, 2.965, 10377]
['2019-03-29 15:53:00', 2.96, 2.96, 2.96, 2.96, 2128]
['2019-03-29 15:52:00', 2.95, 2.96, 2.95, 2.96, 7771]
['2019-03-29 15:51:00', 2.945, 2.95, 2.945, 2.95, 2220]
['2019-03-29 15:50:00', 2.95, 2.95, 2.95, 2.95, 1200]
['2019-03-29 15:49:00', 2.95, 2.945, 2.945, 2.95, 7879]
['2019-03-29 15:48:00', 2.95, 2.955, 2.95, 2.955, 2223]
['2019-03-29 15:47:00', 2.955, 2.955, 2.955, 2.955, 1706]
['2019-03-29 15:46:00', 2.965, 2.96, 2.96, 2.965, 10945]
['2019-03-29 15:45:00', 2.96, 2.965, 2.96, 2.965, 15629]
['2019-03-29 15:44:00', 2.96, 2.96, 2.96, 2.96, 2200]
['2019-03-29 15:43:00', 2.96, 2.96, 2.96, 2.96, 1014]
['2019-03-29 15:41:00', 2.96, 2.96, 2.96, 2.96, 500]
['2019-03-29 15:40:00', 2.96, 2.96, 2.96, 2.96, 700]
['2019-03-29 15:39:00', 2.95, 2.95, 2.95, 2.95, 3617]
['2019-03-29 15:38:00', 2.95, 2.95, 2.95, 2.95, 700]
['2019-03-29 15:36:00', 2.95, 2.95, 2.95, 2.95, 812]
['2019-03-29 15:35:00', 2.945, 2.945, 2.945, 2.945, 300]
['2019-03-29 15:34:00', 2.94, 2.94, 2.94, 2.94, 600]
['2019-03-29 15:33:00', 2.94, 2.94, 2.94, 2.94, 700]
['2019-03-29 15:32:00', 2.945, 2.95, 2.945, 2.95, 1300]
['2019-03-29 15:31:00', 2.945, 2.94, 2.94, 2.945, 2500]
['2019-03-29 15:28:00', 2.945, 2.945, 2.945, 2.945, 422]
['2019-03-29 15:27:00', 2.94, 2.945, 2.94, 2.945, 7852]
['2019-03-29 15:26:00', 2.94, 2.94, 2.94, 2.94, 5500]
['2019-03-29 15:25:00', 2.945, 2.945, 2.945, 2.945, 1000]
['2019-03-29 15:23:00', 2.96, 2.94, 2.94, 2.96, 8190]
['2019-03-29 15:22:00', 2.96, 2.96, 2.96, 2.96, 400]
['2019-03-29 15:20:00', 2.955, 2.955, 2.955, 2.955, 630]
['2019-03-29 15:18:00', 2.96, 2.96, 2.96, 2.96, 400]
['2019-03-29 15:17:00', 2.95, 2.95, 2.95, 2.95, 1485]
['2019-03-29 15:16:00', 2.95, 2.95, 2.95, 2.95, 1450]
['2019-03-29 15:15:00', 2.945, 2.945, 2.945, 2.945, 200]
['2019-03-29 15:14:00', 2.94, 2.94, 2.94, 2.94, 200]
['2019-03-29 15:13:00', 2.95, 2.95, 2.95, 2.95, 2800]
['2019-03-29 15:12:00', 2.955, 2.95, 2.95, 2.955, 3725]
['2019-03-29 15:11:00', 2.955, 2.955, 2.955, 2.955, 100]
['2019-03-29 15:09:00', 2.96, 2.95, 2.95, 2.96, 739]
['2019-03-29 15:08:00', 2.955, 2.955, 2.955, 2.955, 800]
['2019-03-29 15:07:00', 2.955, 2.955, 2.955, 2.955, 200]
['2019-03-29 15:06:00', 2.96, 2.96, 2.96, 2.96, 300]
['2019-03-29 15:04:00', 2.96, 2.96, 2.96, 2.96, 200]
['2019-03-29 15:03:00', 2.96, 2.96, 2.96, 2.96, 200]
['2019-03-29 15:02:00', 2.96, 2.96, 2.96, 2.96, 800]
['2019-03-29 14:59:00', 2.955, 2.955, 2.955, 2.955, 300]
['2019-03-29 14:57:00', 2.955, 2.955, 2.955, 2.955, 101]
['2019-03-29 14:56:00', 2.96, 2.96, 2.96, 2.96, 3517]
['2019-03-29 14:53:00', 2.96, 2.96, 2.96, 2.96, 300]
['2019-03-29 14:52:00', 2.96, 2.96, 2.96, 2.96, 5741]
['2019-03-29 14:51:00', 2.96, 2.96, 2.96, 2.96, 300]
['2019-03-29 14:50:00', 2.96, 2.96, 2.96, 2.96, 800]
['2019-03-29 14:47:00', 2.955, 2.955, 2.955, 2.955, 785]
['2019-03-29 14:46:00', 2.965, 2.96, 2.96, 2.965, 4815]
['2019-03-29 14:45:00', 2.965, 2.965, 2.965, 2.965, 200]
['2019-03-29 14:44:00', 2.965, 2.965, 2.965, 2.965, 1599]
['2019-03-29 14:43:00', 2.96, 2.96, 2.96, 2.96, 401]
['2019-03-29 14:42:00', 2.96, 2.96, 2.96, 2.96, 300]
['2019-03-29 14:40:00', 2.96, 2.96, 2.96, 2.96, 500]
['2019-03-29 14:39:00', 2.96, 2.96, 2.955, 2.96, 868]
['2019-03-29 14:36:00', 2.95, 2.955, 2.95, 2.955, 800]
['2019-03-29 14:35:00', 2.955, 2.955, 2.955, 2.955, 100]
['2019-03-29 14:33:00', 2.955, 2.955, 2.955, 2.955, 100]
['2019-03-29 14:32:00', 2.96, 2.955, 2.955, 2.96, 3269]
['2019-03-29 14:31:00', 2.965, 2.96, 2.96, 2.965, 521]
['2019-03-29 14:29:00', 2.96, 2.96, 2.96, 2.96, 2067]
['2019-03-29 14:28:00', 2.96, 2.96, 2.96, 2.96, 400]
['2019-03-29 14:27:00', 2.96, 2.96, 2.96, 2.96, 600]
['2019-03-29 14:26:00', 2.96, 2.96, 2.96, 2.96, 857]
['2019-03-29 14:25:00', 2.96, 2.96, 2.96, 2.96, 110]
['2019-03-29 14:23:00', 2.95, 2.95, 2.95, 2.95, 149]
['2019-03-29 14:22:00', 2.955, 2.955, 2.955, 2.955, 800]
['2019-03-29 14:21:00', 2.96, 2.96, 2.96, 2.96, 6200]
['2019-03-29 14:19:00', 2.965, 2.96, 2.96, 2.965, 7046]
['2019-03-29 14:18:00', 2.955, 2.96, 2.955, 2.96, 1700]
['2019-03-29 14:16:00', 2.955, 2.955, 2.955, 2.955, 5400]
['2019-03-29 14:14:00', 2.955, 2.955, 2.955, 2.955, 324]
['2019-03-29 14:12:00', 2.96, 2.96, 2.96, 2.96, 100]
['2019-03-29 14:10:00', 2.95, 2.95, 2.95, 2.95, 401]
['2019-03-29 14:09:00', 2.95, 2.95, 2.95, 2.95, 200]
['2019-03-29 14:08:00', 2.955, 2.955, 2.955, 2.955, 206]
['2019-03-29 14:05:00', 2.95, 2.95, 2.95, 2.95, 200]
['2019-03-29 14:04:00', 2.96, 2.96, 2.96, 2.96, 3106]
['2019-03-29 14:03:00', 2.96, 2.96, 2.96, 2.96, 600]
['2019-03-29 14:02:00', 2.96, 2.96, 2.96, 2.96, 3256]
['2019-03-29 14:01:00', 2.96, 2.96, 2.96, 2.96, 1300]
['2019-03-29 14:00:00', 2.96, 2.96, 2.96, 2.96, 2719]
['2019-03-29 13:58:00', 2.95, 2.95, 2.95, 2.95, 700]
['2019-03-29 13:57:00', 2.95, 2.95, 2.95, 2.95, 3650]
['2019-03-29 13:55:00', 2.95, 2.95, 2.95, 2.95, 339]
['2019-03-29 13:53:00', 2.95, 2.95, 2.95, 2.95, 906]
['2019-03-29 13:52:00', 2.95, 2.95, 2.95, 2.95, 500]
['2019-03-29 13:51:00', 2.95, 2.95, 2.95, 2.95, 495]
['2019-03-29 13:50:00', 2.95, 2.95, 2.95, 2.95, 800]
['2019-03-29 13:49:00', 2.95, 2.95, 2.95, 2.95, 7800]
['2019-03-29 13:48:00', 2.94, 2.94, 2.94, 2.94, 6183]
['2019-03-29 13:47:00', 2.94, 2.92, 2.92, 2.94, 17586]
['2019-03-29 13:46:00', 2.95, 2.95, 2.95, 2.95, 800]
['2019-03-29 13:44:00', 2.95, 2.95, 2.95, 2.95, 400]
['2019-03-29 13:43:00', 2.945, 2.945, 2.945, 2.945, 309]
['2019-03-29 13:42:00', 2.94, 2.94, 2.9399, 2.94, 6317]
['2019-03-29 13:39:00', 2.935, 2.935, 2.935, 2.935, 300]
['2019-03-29 13:38:00', 2.93, 2.93, 2.93, 2.93, 569]
['2019-03-29 13:36:00', 2.935, 2.935, 2.935, 2.935, 300]
['2019-03-29 13:35:00', 2.93, 2.93, 2.93, 2.93, 5800]
['2019-03-29 13:33:00', 2.95, 2.93, 2.93, 2.95, 7743]
['2019-03-29 13:31:00', 2.96, 2.96, 2.96, 2.96, 400]
['2019-03-29 13:29:00', 2.96, 2.96, 2.96, 2.96, 200]
['2019-03-29 13:26:00', 2.95, 2.95, 2.95, 2.95, 3300]
['2019-03-29 13:25:00', 2.95, 2.95, 2.95, 2.95, 500]
['2019-03-29 13:24:00', 2.94, 2.95, 2.94, 2.95, 1800]
['2019-03-29 13:20:00', 2.94, 2.94, 2.94, 2.94, 200]
['2019-03-29 13:19:00', 2.94, 2.93, 2.93, 2.94, 2773]
['2019-03-29 13:16:00', 2.94, 2.94, 2.94, 2.94, 400]
['2019-03-29 13:15:00', 2.935, 2.95, 2.935, 2.95, 2500]
['2019-03-29 13:14:00', 2.935, 2.935, 2.935, 2.935, 200]
['2019-03-29 13:11:00', 2.935, 2.935, 2.935, 2.935, 200]
['2019-03-29 13:08:00', 2.935, 2.935, 2.935, 2.935, 200]
['2019-03-29 13:07:00', 2.95, 2.935, 2.935, 2.95, 4344]
['2019-03-29 13:06:00', 2.9516, 2.955, 2.9516, 2.955, 5700]
['2019-03-29 13:04:00', 2.95, 2.96, 2.95, 2.96, 4000]
['2019-03-29 13:03:00', 2.9507, 2.9507, 2.9507, 2.9507, 1200]
['2019-03-29 13:00:00', 2.96, 2.96, 2.96, 2.96, 100]
['2019-03-29 12:59:00', 2.95, 2.95, 2.95, 2.95, 500]
['2019-03-29 12:55:00', 2.955, 2.955, 2.955, 2.955, 404]
['2019-03-29 12:54:00', 2.96, 2.96, 2.96, 2.96, 450]
['2019-03-29 12:53:00', 2.96, 2.96, 2.96, 2.96, 100]
['2019-03-29 12:51:00', 2.96, 2.96, 2.96, 2.96, 1275]
['2019-03-29 12:50:00', 2.96, 2.96, 2.96, 2.96, 300]
['2019-03-29 12:49:00', 2.96, 2.96, 2.96, 2.96, 400]
['2019-03-29 12:47:00', 2.96, 2.96, 2.96, 2.96, 400]
['2019-03-29 12:46:00', 2.96, 2.96, 2.96, 2.96, 455]
['2019-03-29 12:41:00', 2.955, 2.955, 2.955, 2.955, 4166]
['2019-03-29 12:40:00', 2.945, 2.945, 2.945, 2.945, 3017]
['2019-03-29 12:37:00', 2.94, 2.945, 2.94, 2.945, 1727]
['2019-03-29 12:36:00', 2.95, 2.95, 2.95, 2.95, 3474]
['2019-03-29 12:35:00', 2.95, 2.95, 2.95, 2.95, 589]
['2019-03-29 12:34:00', 2.945, 2.945, 2.945, 2.945, 2359]
['2019-03-29 12:33:00', 2.945, 2.9499, 2.945, 2.9499, 1500]
['2019-03-29 12:30:00', 2.94, 2.94, 2.94, 2.94, 1200]
['2019-03-29 12:29:00', 2.95, 2.95, 2.95, 2.95, 423]
['2019-03-29 12:27:00', 2.94, 2.95, 2.94, 2.95, 900]
['2019-03-29 12:26:00', 2.945, 2.945, 2.945, 2.945, 100]
['2019-03-29 12:23:00', 2.94, 2.945, 2.94, 2.945, 2224]
['2019-03-29 12:22:00', 2.94, 2.94, 2.94, 2.94, 420]
['2019-03-29 12:20:00', 2.94, 2.935, 2.93, 2.94, 13135]
['2019-03-29 12:19:00', 2.935, 2.935, 2.935, 2.935, 7100]
['2019-03-29 12:18:00', 2.935, 2.935, 2.935, 2.935, 700]
['2019-03-29 12:14:00', 2.935, 2.94, 2.935, 2.94, 400]
['2019-03-29 12:13:00', 2.94, 2.945, 2.94, 2.945, 2651]
['2019-03-29 12:12:00', 2.94, 2.94, 2.94, 2.94, 3000]
['2019-03-29 12:09:00', 2.94, 2.94, 2.94, 2.94, 100]
['2019-03-29 12:08:00', 2.945, 2.945, 2.945, 2.945, 600]
['2019-03-29 12:07:00', 2.95, 2.95, 2.95, 2.95, 419]
['2019-03-29 12:06:00', 2.955, 2.95, 2.95, 2.955, 2743]
['2019-03-29 12:03:00', 2.95, 2.95, 2.95, 2.95, 900]
['2019-03-29 12:00:00', 2.945, 2.945, 2.945, 2.945, 202]
['2019-03-29 11:59:00', 2.95, 2.95, 2.95, 2.95, 201]
['2019-03-29 11:58:00', 2.95, 2.95, 2.95, 2.95, 500]
['2019-03-29 11:56:00', 2.9481, 2.9481, 2.9481, 2.9481, 500]
['2019-03-29 11:55:00', 2.96, 2.95, 2.95, 2.96, 3403]
['2019-03-29 11:53:00', 2.96, 2.96, 2.96, 2.96, 100]
['2019-03-29 11:52:00', 2.97, 2.97, 2.97, 2.97, 300]
['2019-03-29 11:51:00', 2.97, 2.97, 2.97, 2.97, 200]
['2019-03-29 11:49:00', 2.97, 2.97, 2.97, 2.97, 600]
['2019-03-29 11:48:00', 2.96, 2.96, 2.96, 2.96, 3901]
['2019-03-29 11:47:00', 2.955, 2.955, 2.955, 2.955, 1530]
['2019-03-29 11:46:00', 2.97, 2.96, 2.96, 2.97, 3980]
['2019-03-29 11:45:00', 2.97, 2.97, 2.97, 2.97, 900]
['2019-03-29 11:44:00', 2.98, 2.98, 2.98, 2.98, 121]
['2019-03-29 11:42:00', 2.98, 2.98, 2.98, 2.98, 221]
['2019-03-29 11:40:00', 2.98, 2.98, 2.98, 2.98, 265]
['2019-03-29 11:38:00', 2.975, 2.975, 2.975, 2.975, 322]
['2019-03-29 11:37:00', 2.975, 2.975, 2.975, 2.975, 443]
['2019-03-29 11:36:00', 2.975, 2.975, 2.975, 2.975, 800]
['2019-03-29 11:34:00', 2.975, 2.975, 2.975, 2.975, 1066]
['2019-03-29 11:33:00', 2.98, 2.98, 2.98, 2.98, 582]
['2019-03-29 11:31:00', 2.97, 2.97, 2.97, 2.97, 1554]
['2019-03-29 11:29:00', 2.97, 2.97, 2.97, 2.97, 593]
['2019-03-29 11:28:00', 2.97, 2.97, 2.97, 2.97, 621]
['2019-03-29 11:27:00', 2.975, 2.97, 2.97, 2.975, 10922]
['2019-03-29 11:26:00', 2.975, 2.98, 2.975, 2.98, 5214]
['2019-03-29 11:25:00', 2.97, 2.97, 2.97, 2.97, 322]
['2019-03-29 11:24:00', 2.98, 2.98, 2.98, 2.98, 500]
['2019-03-29 11:23:00', 2.97, 2.97, 2.97, 2.97, 400]
['2019-03-29 11:22:00', 2.97, 2.97, 2.97, 2.97, 2325]
['2019-03-29 11:21:00', 2.965, 2.965, 2.965, 2.965, 400]
['2019-03-29 11:19:00', 2.96, 2.96, 2.96, 2.96, 822]
['2019-03-29 11:18:00', 2.97, 2.97, 2.97, 2.97, 356]
['2019-03-29 11:17:00', 2.955, 2.955, 2.955, 2.955, 328]
['2019-03-29 11:16:00', 2.96, 2.96, 2.96, 2.96, 342]
['2019-03-29 11:14:00', 2.955, 2.955, 2.955, 2.955, 222]
['2019-03-29 11:11:00', 2.95, 2.95, 2.95, 2.95, 268]
['2019-03-29 11:09:00', 2.95, 2.955, 2.95, 2.955, 938]
['2019-03-29 11:08:00', 2.94, 2.94, 2.94, 2.94, 623]
['2019-03-29 11:07:00', 2.935, 2.935, 2.935, 2.935, 1006]
['2019-03-29 11:06:00', 2.93, 2.93, 2.93, 2.93, 3901]
['2019-03-29 11:04:00', 2.95, 2.94, 2.94, 2.95, 11644]
['2019-03-29 11:02:00', 2.96, 2.96, 2.96, 2.96, 123]
['2019-03-29 11:01:00', 2.96, 2.96, 2.96, 2.96, 246]
['2019-03-29 10:59:00', 2.965, 2.965, 2.965, 2.965, 200]
['2019-03-29 10:58:00', 2.96, 2.96, 2.96, 2.96, 800]
['2019-03-29 10:57:00', 2.96, 2.96, 2.96, 2.96, 800]
['2019-03-29 10:56:00', 2.96, 2.96, 2.96, 2.96, 3412]
['2019-03-29 10:55:00', 2.96, 2.96, 2.96, 2.96, 300]
['2019-03-29 10:53:00', 2.965, 2.965, 2.965, 2.965, 500]
['2019-03-29 10:52:00', 2.9651, 2.9651, 2.9651, 2.9651, 1535]
['2019-03-29 10:50:00', 2.9787, 2.975, 2.975, 2.9787, 3833]
['2019-03-29 10:49:00', 2.98, 2.98, 2.98, 2.98, 1500]
['2019-03-29 10:48:00', 2.96, 2.97, 2.96, 2.97, 2426]
['2019-03-29 10:46:00', 2.96, 2.96, 2.96, 2.96, 4495]
['2019-03-29 10:43:00', 2.96, 2.96, 2.96, 2.96, 6735]
['2019-03-29 10:42:00', 2.96, 2.96, 2.96, 2.96, 2686]
['2019-03-29 10:41:00', 2.96, 2.96, 2.96, 2.96, 600]
['2019-03-29 10:39:00', 2.96, 2.96, 2.96, 2.96, 100]
['2019-03-29 10:38:00', 2.9537, 2.9537, 2.9537, 2.9537, 2400]
['2019-03-29 10:36:00', 2.95, 2.95, 2.95, 2.95, 201]
['2019-03-29 10:34:00', 2.95, 2.95, 2.95, 2.95, 1150]
['2019-03-29 10:31:00', 2.95, 2.95, 2.95, 2.95, 2278]
['2019-03-29 10:30:00', 2.95, 2.95, 2.95, 2.95, 860]
['2019-03-29 10:29:00', 2.95, 2.95, 2.95, 2.95, 598]
['2019-03-29 10:28:00', 2.95, 2.95, 2.95, 2.95, 2522]
['2019-03-29 10:27:00', 2.95, 2.95, 2.95, 2.95, 200]
['2019-03-29 10:26:00', 2.95, 2.95, 2.95, 2.95, 6210]
['2019-03-29 10:25:00', 2.95, 2.95, 2.95, 2.95, 400]
['2019-03-29 10:23:00', 2.97, 2.95, 2.95, 2.97, 5758]
['2019-03-29 10:22:00', 2.97, 2.97, 2.97, 2.97, 500]
['2019-03-29 10:20:00', 2.9622, 2.9622, 2.9622, 2.9622, 500]
['2019-03-29 10:17:00', 2.97, 2.965, 2.965, 2.97, 1734]
['2019-03-29 10:15:00', 2.97, 2.97, 2.97, 2.97, 200]
['2019-03-29 10:12:00', 2.97, 2.97, 2.97, 2.97, 200]
['2019-03-29 10:11:00', 2.97, 2.97, 2.97, 2.97, 500]
['2019-03-29 10:10:00', 2.97, 2.97, 2.97, 2.97, 730]
['2019-03-29 10:09:00', 2.97, 2.97, 2.97, 2.97, 1500]
['2019-03-29 10:08:00', 2.965, 2.965, 2.965, 2.965, 411]
['2019-03-29 10:05:00', 2.97, 2.97, 2.97, 2.97, 5736]
['2019-03-29 10:04:00', 2.97, 2.97, 2.97, 2.97, 700]
['2019-03-29 10:03:00', 2.97, 2.97, 2.97, 2.97, 701]
['2019-03-29 10:02:00', 2.96, 2.96, 2.96, 2.96, 197]
['2019-03-29 10:01:00', 2.965, 2.965, 2.965, 2.965, 300]
['2019-03-29 10:00:00', 2.965, 2.965, 2.965, 2.965, 624]
['2019-03-29 09:59:00', 2.9715, 2.96, 2.96, 2.9715, 6500]
['2019-03-29 09:57:00', 2.9739, 2.98, 2.9739, 2.98, 1601]
['2019-03-29 09:55:00', 2.975, 2.97, 2.97, 2.98, 13014]
['2019-03-29 09:54:00', 2.98, 2.975, 2.975, 2.98, 1600]
['2019-03-29 09:52:00', 2.975, 2.975, 2.975, 2.975, 4309]
['2019-03-29 09:50:00', 2.97, 2.97, 2.97, 2.97, 3618]
['2019-03-29 09:49:00', 2.955, 2.95, 2.95, 2.955, 3182]
['2019-03-29 09:48:00', 2.9701, 2.9701, 2.9701, 2.9701, 1588]
['2019-03-29 09:46:00', 2.99, 2.99, 2.99, 2.99, 747]
['2019-03-29 09:45:00', 2.98, 2.98, 2.98, 2.98, 1237]
['2019-03-29 09:44:00', 2.98, 2.98, 2.98, 2.98, 1745]
['2019-03-29 09:43:00', 2.99, 2.98, 2.98, 2.99, 1700]
['2019-03-29 09:41:00', 2.98, 2.98, 2.98, 2.98, 492]
['2019-03-29 09:40:00', 2.99, 2.97, 2.97, 2.99, 5766]
['2019-03-29 09:39:00', 2.98, 2.98, 2.98, 2.98, 636]
['2019-03-29 09:38:00', 2.98, 2.98, 2.98, 2.98, 689]
['2019-03-29 09:35:00', 2.98, 2.98, 2.98, 2.98, 900]
['2019-03-29 09:34:00', 2.98, 3.0, 2.98, 3.0, 7482]
['2019-03-29 09:31:00', 2.98, 2.98, 2.98, 2.98, 1515]
['2019-03-28 16:00:00', 2.95, 2.95, 2.945, 2.95, 34136]
['2019-03-28 15:59:00', 2.945, 2.95, 2.945, 2.95, 9213]
['2019-03-28 15:58:00', 2.945, 2.945, 2.945, 2.95, 5726]
['2019-03-28 15:57:00', 2.95, 2.95, 2.95, 2.95, 1600]
['2019-03-28 15:56:00', 2.94, 2.945, 2.94, 2.95, 43525]
['2019-03-28 15:55:00', 2.94, 2.94, 2.94, 2.94, 2317]
['2019-03-28 15:54:00', 2.94, 2.94, 2.94, 2.94, 7357]
['2019-03-28 15:53:00', 2.94, 2.94, 2.94, 2.94, 2862]
['2019-03-28 15:52:00', 2.935, 2.935, 2.935, 2.935, 789]
['2019-03-28 15:51:00', 2.94, 2.935, 2.935, 2.94, 3530]
['2019-03-28 15:50:00', 2.94, 2.94, 2.94, 2.94, 1500]
['2019-03-28 15:49:00', 2.94, 2.94, 2.94, 2.94, 828]
['2019-03-28 15:48:00', 2.94, 2.94, 2.94, 2.94, 637]
['2019-03-28 15:46:00', 2.94, 2.94, 2.94, 2.94, 601]
['2019-03-28 15:45:00', 2.94, 2.94, 2.94, 2.94, 723]
['2019-03-28 15:44:00', 2.935, 2.935, 2.935, 2.935, 500]
['2019-03-28 15:43:00', 2.94, 2.94, 2.94, 2.94, 400]
['2019-03-28 15:42:00', 2.94, 2.94, 2.94, 2.94, 200]
['2019-03-28 15:40:00', 2.94, 2.94, 2.94, 2.94, 500]
['2019-03-28 15:39:00', 2.935, 2.935, 2.935, 2.935, 600]
['2019-03-28 15:38:00', 2.935, 2.935, 2.935, 2.935, 300]
['2019-03-28 15:37:00', 2.94, 2.94, 2.94, 2.94, 1500]
['2019-03-28 15:36:00', 2.93, 2.93, 2.93, 2.93, 1448]
['2019-03-28 15:34:00', 2.93, 2.93, 2.93, 2.93, 281]
['2019-03-28 15:33:00', 2.93, 2.93, 2.93, 2.93, 8260]
['2019-03-28 15:32:00', 2.93, 2.93, 2.93, 2.93, 646]
['2019-03-28 15:31:00', 2.93, 2.925, 2.915, 2.93, 11494]
['2019-03-28 15:29:00', 2.94, 2.94, 2.94, 2.94, 112]
['2019-03-28 15:28:00', 2.94, 2.94, 2.94, 2.94, 526]
['2019-03-28 15:27:00', 2.94, 2.94, 2.94, 2.94, 400]
['2019-03-28 15:26:00', 2.94, 2.94, 2.94, 2.94, 853]
['2019-03-28 15:24:00', 2.935, 2.935, 2.935, 2.935, 214]
['2019-03-28 15:22:00', 2.935, 2.935, 2.935, 2.935, 308]
['2019-03-28 15:21:00', 2.93, 2.93, 2.93, 2.93, 586]
['2019-03-28 15:15:00', 2.94, 2.94, 2.94, 2.94, 3700]
['2019-03-28 15:13:00', 2.945, 2.945, 2.945, 2.945, 100]
['2019-03-28 15:12:00', 2.945, 2.945, 2.945, 2.945, 2988]
['2019-03-28 15:11:00', 2.95, 2.95, 2.95, 2.95, 13580]
['2019-03-28 15:10:00', 2.95, 2.95, 2.95, 2.95, 1094]
['2019-03-28 15:09:00', 2.95, 2.95, 2.95, 2.95, 861]
['2019-03-28 15:08:00', 2.95, 2.95, 2.95, 2.95, 500]
['2019-03-28 15:07:00', 2.95, 2.95, 2.95, 2.95, 800]
['2019-03-28 15:06:00', 2.95, 2.95, 2.95, 2.95, 700]
['2019-03-28 15:05:00', 2.95, 2.95, 2.95, 2.95, 400]
['2019-03-28 15:04:00', 2.95, 2.95, 2.95, 2.95, 1400]
['2019-03-28 15:03:00', 2.95, 2.95, 2.95, 2.95, 800]
['2019-03-28 15:02:00', 2.95, 2.95, 2.95, 2.95, 600]
['2019-03-28 15:01:00', 2.95, 2.95, 2.95, 2.95, 700]
['2019-03-28 15:00:00', 2.95, 2.95, 2.95, 2.95, 1900]
['2019-03-28 14:58:00', 2.95, 2.95, 2.95, 2.95, 1135]
['2019-03-28 14:56:00', 2.95, 2.95, 2.95, 2.95, 600]
['2019-03-28 14:55:00', 2.945, 2.95, 2.945, 2.95, 1286]
['2019-03-28 14:52:00', 2.95, 2.95, 2.95, 2.95, 399]
['2019-03-28 14:49:00', 2.945, 2.945, 2.945, 2.945, 767]
['2019-03-28 14:48:00', 2.95, 2.95, 2.95, 2.95, 900]
['2019-03-28 14:46:00', 2.945, 2.94, 2.94, 2.945, 8576]
['2019-03-28 14:45:00', 2.95, 2.95, 2.95, 2.95, 801]
['2019-03-28 14:44:00', 2.95, 2.95, 2.95, 2.95, 600]
['2019-03-28 14:43:00', 2.95, 2.95, 2.95, 2.95, 300]
['2019-03-28 14:42:00', 2.95, 2.95, 2.95, 2.95, 700]
['2019-03-28 14:41:00', 2.95, 2.95, 2.95, 2.95, 400]
['2019-03-28 14:39:00', 2.95, 2.95, 2.95, 2.95, 500]
['2019-03-28 14:38:00', 2.95, 2.95, 2.95, 2.95, 300]
['2019-03-28 14:37:00', 2.95, 2.95, 2.95, 2.95, 500]
['2019-03-28 14:36:00', 2.95, 2.95, 2.95, 2.95, 500]
['2019-03-28 14:35:00', 2.95, 2.95, 2.95, 2.95, 800]
['2019-03-28 14:34:00', 2.95, 2.95, 2.95, 2.95, 700]
['2019-03-28 14:33:00', 2.95, 2.95, 2.95, 2.95, 400]
['2019-03-28 14:32:00', 2.95, 2.95, 2.95, 2.95, 300]
['2019-03-28 14:31:00', 2.95, 2.95, 2.95, 2.95, 700]
['2019-03-28 14:30:00', 2.95, 2.95, 2.95, 2.95, 700]
['2019-03-28 14:29:00', 2.95, 2.95, 2.95, 2.95, 799]
['2019-03-28 14:28:00', 2.95, 2.95, 2.95, 2.95, 1026]
['2019-03-28 14:27:00', 2.95, 2.95, 2.95, 2.95, 900]
['2019-03-28 14:26:00', 2.95, 2.95, 2.95, 2.95, 400]
['2019-03-28 14:25:00', 2.95, 2.95, 2.95, 2.95, 800]
['2019-03-28 14:24:00', 2.95, 2.95, 2.95, 2.95, 1501]
['2019-03-28 14:23:00', 2.95, 2.95, 2.95, 2.95, 500]
['2019-03-28 14:22:00', 2.95, 2.95, 2.95, 2.95, 800]
['2019-03-28 14:21:00', 2.95, 2.95, 2.95, 2.95, 400]
['2019-03-28 14:20:00', 2.95, 2.95, 2.95, 2.95, 350]
['2019-03-28 14:18:00', 2.95, 2.95, 2.95, 2.95, 400]
['2019-03-28 14:17:00', 2.95, 2.95, 2.95, 2.95, 400]
['2019-03-28 14:16:00', 2.95, 2.95, 2.95, 2.95, 601]
['2019-03-28 14:15:00', 2.95, 2.95, 2.95, 2.95, 600]
['2019-03-28 14:13:00', 2.95, 2.95, 2.95, 2.95, 100]
['2019-03-28 14:11:00', 2.95, 2.95, 2.95, 2.95, 601]
['2019-03-28 14:08:00', 2.95, 2.95, 2.95, 2.95, 1502]
['2019-03-28 14:04:00', 2.95, 2.95, 2.95, 2.95, 700]
['2019-03-28 14:03:00', 2.94, 2.94, 2.94, 2.94, 157]
['2019-03-28 14:01:00', 2.95, 2.95, 2.95, 2.95, 500]
['2019-03-28 13:59:00', 2.95, 2.95, 2.95, 2.95, 300]
['2019-03-28 13:57:00', 2.95, 2.95, 2.95, 2.95, 732]
['2019-03-28 13:56:00', 2.9419, 2.9419, 2.9419, 2.9419, 3200]
['2019-03-28 13:53:00', 2.95, 2.95, 2.95, 2.95, 440]
['2019-03-28 13:52:00', 2.95, 2.95, 2.95, 2.95, 200]
['2019-03-28 13:49:00', 2.95, 2.95, 2.95, 2.95, 1007]
['2019-03-28 13:48:00', 2.95, 2.95, 2.95, 2.95, 1570]
['2019-03-28 13:47:00', 2.95, 2.95, 2.95, 2.95, 500]
['2019-03-28 13:46:00', 2.95, 2.95, 2.95, 2.95, 400]
['2019-03-28 13:44:00', 2.95, 2.95, 2.95, 2.95, 900]
['2019-03-28 13:41:00', 2.94, 2.94, 2.94, 2.94, 103]
['2019-03-28 13:40:00', 2.945, 2.945, 2.945, 2.945, 300]
['2019-03-28 13:37:00', 2.945, 2.945, 2.945, 2.945, 100]
['2019-03-28 13:35:00', 2.945, 2.945, 2.945, 2.945, 200]
['2019-03-28 13:33:00', 2.945, 2.945, 2.945, 2.945, 2233]
['2019-03-28 13:32:00', 2.955, 2.95, 2.95, 2.955, 5160]
['2019-03-28 13:31:00', 2.95, 2.95, 2.95, 2.95, 1000]
['2019-03-28 13:30:00', 2.95, 2.95, 2.95, 2.95, 200]
['2019-03-28 13:26:00', 2.95, 2.96, 2.95, 2.96, 1800]
['2019-03-28 13:24:00', 2.955, 2.955, 2.955, 2.955, 5600]
['2019-03-28 13:23:00', 2.96, 2.96, 2.96, 2.96, 400]
['2019-03-28 13:22:00', 2.955, 2.955, 2.955, 2.955, 500]
['2019-03-28 13:20:00', 2.95, 2.95, 2.95, 2.95, 400]
['2019-03-28 13:19:00', 2.955, 2.955, 2.955, 2.955, 965]
['2019-03-28 13:17:00', 2.95, 2.95, 2.95, 2.95, 705]
['2019-03-28 13:16:00', 2.9512, 2.9512, 2.9512, 2.9512, 556]
['2019-03-28 13:15:00', 2.955, 2.955, 2.955, 2.955, 725]
['2019-03-28 13:13:00', 2.955, 2.955, 2.955, 2.955, 1293]
['2019-03-28 13:12:00', 2.95, 2.95, 2.95, 2.95, 1709]
['2019-03-28 13:11:00', 2.95, 2.95, 2.95, 2.95, 534]
['2019-03-28 13:09:00', 2.96, 2.96, 2.96, 2.96, 300]
['2019-03-28 13:08:00', 2.955, 2.955, 2.955, 2.955, 600]
['2019-03-28 13:05:00', 2.955, 2.955, 2.955, 2.955, 300]
['2019-03-28 13:04:00', 2.955, 2.955, 2.955, 2.955, 801]
['2019-03-28 13:03:00', 2.96, 2.95, 2.95, 2.96, 9166]
['2019-03-28 13:02:00', 2.955, 2.955, 2.955, 2.955, 2724]
['2019-03-28 13:01:00', 2.96, 2.96, 2.96, 2.96, 100]
['2019-03-28 13:00:00', 2.955, 2.955, 2.955, 2.955, 200]
['2019-03-28 12:59:00', 2.95, 2.95, 2.95, 2.95, 600]
['2019-03-28 12:56:00', 2.95, 2.95, 2.95, 2.95, 300]
['2019-03-28 12:54:00', 2.95, 2.95, 2.95, 2.95, 476]
['2019-03-28 12:53:00', 2.955, 2.955, 2.955, 2.955, 1600]
['2019-03-28 12:52:00', 2.955, 2.9575, 2.955, 2.96, 12800]
['2019-03-28 12:51:00', 2.96, 2.96, 2.96, 2.96, 900]
['2019-03-28 12:48:00', 2.955, 2.955, 2.955, 2.955, 300]
['2019-03-28 12:47:00', 2.955, 2.955, 2.955, 2.955, 974]
['2019-03-28 12:43:00', 2.955, 2.955, 2.955, 2.955, 200]
['2019-03-28 12:40:00', 2.96, 2.96, 2.96, 2.96, 300]
['2019-03-28 12:39:00', 2.96, 2.96, 2.96, 2.96, 200]
['2019-03-28 12:37:00', 2.95, 2.955, 2.95, 2.955, 5004]
['2019-03-28 12:35:00', 2.945, 2.94, 2.94, 2.945, 2400]
['2019-03-28 12:34:00', 2.955, 2.95, 2.95, 2.955, 7708]
['2019-03-28 12:31:00', 2.96, 2.96, 2.96, 2.96, 509]
['2019-03-28 12:27:00', 2.95, 2.95, 2.95, 2.95, 154]
['2019-03-28 12:26:00', 2.96, 2.96, 2.96, 2.96, 200]
['2019-03-28 12:23:00', 2.955, 2.955, 2.955, 2.955, 419]
['2019-03-28 12:22:00', 2.95, 2.95, 2.95, 2.95, 600]
['2019-03-28 12:20:00', 2.96, 2.96, 2.96, 2.96, 300]
['2019-03-28 12:19:00', 2.955, 2.955, 2.955, 2.955, 300]
['2019-03-28 12:17:00', 2.965, 2.95, 2.95, 2.965, 5978]
['2019-03-28 12:16:00', 2.96, 2.965, 2.96, 2.965, 8908]
['2019-03-28 12:15:00', 2.96, 2.96, 2.96, 2.96, 400]
['2019-03-28 12:13:00', 2.955, 2.955, 2.955, 2.955, 300]
['2019-03-28 12:11:00', 2.96, 2.96, 2.96, 2.96, 500]
['2019-03-28 12:10:00', 2.955, 2.95, 2.95, 2.955, 800]
['2019-03-28 12:09:00', 2.95, 2.95, 2.95, 2.95, 2400]
['2019-03-28 12:07:00', 2.955, 2.955, 2.955, 2.955, 500]
['2019-03-28 12:03:00', 2.95, 2.95, 2.95, 2.95, 700]
['2019-03-28 12:02:00', 2.95, 2.95, 2.95, 2.95, 1430]
['2019-03-28 12:00:00', 2.95, 2.95, 2.95, 2.95, 315]
['2019-03-28 11:58:00', 2.95, 2.95, 2.95, 2.95, 522]
['2019-03-28 11:54:00', 2.95, 2.95, 2.95, 2.95, 314]
['2019-03-28 11:53:00', 2.945, 2.94, 2.94, 2.945, 805]
['2019-03-28 11:52:00', 2.94, 2.94, 2.94, 2.94, 100]
['2019-03-28 11:48:00', 2.95, 2.95, 2.95, 2.95, 409]
['2019-03-28 11:45:00', 2.945, 2.95, 2.945, 2.95, 1398]
['2019-03-28 11:44:00', 2.945, 2.95, 2.945, 2.95, 1588]
['2019-03-28 11:43:00', 2.94, 2.94, 2.94, 2.94, 1246]
['2019-03-28 11:42:00', 2.9403, 2.9403, 2.9403, 2.9403, 1960]
['2019-03-28 11:41:00', 2.955, 2.94, 2.94, 2.955, 3355]
['2019-03-28 11:40:00', 2.95, 2.955, 2.95, 2.955, 4515]
['2019-03-28 11:38:00', 2.94, 2.945, 2.94, 2.945, 2469]
['2019-03-28 11:37:00', 2.94, 2.945, 2.94, 2.945, 2100]
['2019-03-28 11:36:00', 2.935, 2.935, 2.935, 2.935, 1604]
['2019-03-28 11:35:00', 2.93, 2.93, 2.93, 2.93, 423]
['2019-03-28 11:34:00', 2.93, 2.93, 2.93, 2.93, 891]
['2019-03-28 11:33:00', 2.92, 2.92, 2.92, 2.92, 621]
['2019-03-28 11:31:00', 2.91, 2.91, 2.91, 2.91, 1796]
['2019-03-28 11:30:00', 2.92, 2.92, 2.92, 2.92, 1410]
['2019-03-28 11:28:00', 2.93, 2.93, 2.93, 2.93, 673]
['2019-03-28 11:27:00', 2.93, 2.93, 2.93, 2.93, 400]
['2019-03-28 11:26:00', 2.925, 2.925, 2.925, 2.925, 400]
['2019-03-28 11:25:00', 2.925, 2.925, 2.925, 2.925, 1300]
['2019-03-28 11:24:00', 2.925, 2.925, 2.92, 2.925, 6504]
['2019-03-28 11:23:00', 2.94, 2.925, 2.925, 2.94, 3158]
['2019-03-28 11:22:00', 2.925, 2.925, 2.925, 2.925, 441]
['2019-03-28 11:21:00', 2.925, 2.925, 2.92, 2.925, 4149]
['2019-03-28 11:19:00', 2.93, 2.93, 2.93, 2.93, 586]
['2019-03-28 11:17:00', 2.925, 2.925, 2.925, 2.925, 900]
['2019-03-28 11:16:00', 2.925, 2.925, 2.925, 2.925, 1239]
['2019-03-28 11:15:00', 2.92, 2.925, 2.92, 2.925, 5082]
['2019-03-28 11:13:00', 2.92, 2.915, 2.915, 2.925, 14836]
['2019-03-28 11:12:00', 2.92, 2.92, 2.92, 2.925, 6690]
['2019-03-28 11:11:00', 2.91, 2.91, 2.91, 2.91, 6072]
['2019-03-28 11:09:00', 2.91, 2.91, 2.91, 2.91, 1108]
['2019-03-28 11:07:00', 2.9, 2.9, 2.9, 2.9, 1003]
['2019-03-28 11:05:00', 2.91, 2.91, 2.91, 2.91, 345]
['2019-03-28 11:04:00', 2.9042, 2.9042, 2.9042, 2.9042, 1985]
['2019-03-28 11:03:00', 2.905, 2.91, 2.905, 2.91, 9973]
['2019-03-28 11:00:00', 2.92, 2.915, 2.915, 2.92, 2258]
['2019-03-28 10:56:00', 2.92, 2.92, 2.92, 2.92, 677]
['2019-03-28 10:55:00', 2.93, 2.93, 2.93, 2.93, 223]
['2019-03-28 10:52:00', 2.93, 2.93, 2.93, 2.93, 1004]
['2019-03-28 10:51:00', 2.935, 2.93, 2.93, 2.935, 2089]
['2019-03-28 10:47:00', 2.93, 2.93, 2.93, 2.93, 108]
['2019-03-28 10:46:00', 2.94, 2.94, 2.94, 2.94, 207]
['2019-03-28 10:45:00', 2.93, 2.935, 2.93, 2.935, 4296]
['2019-03-28 10:44:00', 2.94, 2.94, 2.94, 2.94, 370]
['2019-03-28 10:41:00', 2.94, 2.94, 2.94, 2.94, 340]
['2019-03-28 10:39:00', 2.935, 2.935, 2.935, 2.935, 108]
['2019-03-28 10:38:00', 2.94, 2.94, 2.94, 2.94, 1751]
['2019-03-28 10:37:00', 2.955, 2.95, 2.95, 2.955, 1687]
['2019-03-28 10:32:00', 2.955, 2.955, 2.955, 2.955, 647]
['2019-03-28 10:29:00', 2.955, 2.955, 2.955, 2.955, 311]
['2019-03-28 10:26:00', 2.965, 2.955, 2.955, 2.965, 2026]
['2019-03-28 10:24:00', 2.965, 2.96, 2.96, 2.965, 808]
['2019-03-28 10:22:00', 2.965, 2.965, 2.965, 2.965, 336]
['2019-03-28 10:21:00', 2.965, 2.965, 2.965, 2.965, 5482]
['2019-03-28 10:20:00', 2.97, 2.97, 2.97, 2.97, 694]
['2019-03-28 10:18:00', 2.9684, 2.9684, 2.9684, 2.9684, 906]
['2019-03-28 10:16:00', 2.965, 2.965, 2.965, 2.965, 3311]
['2019-03-28 10:14:00', 2.965, 2.96, 2.96, 2.965, 4703]
['2019-03-28 10:13:00', 2.965, 2.965, 2.96, 2.965, 10755]
['2019-03-28 10:10:00', 2.97, 2.97, 2.97, 2.97, 861]
['2019-03-28 10:09:00', 2.96, 2.96, 2.96, 2.96, 548]
['2019-03-28 10:07:00', 2.95, 2.95, 2.95, 2.95, 2440]
['2019-03-28 10:06:00', 2.95, 2.95, 2.95, 2.95, 502]
['2019-03-28 10:05:00', 2.95, 2.95, 2.95, 2.95, 20490]
['2019-03-28 10:04:00', 2.95, 2.95, 2.95, 2.95, 1900]
['2019-03-28 10:03:00', 2.95, 2.95, 2.95, 2.95, 4998]
['2019-03-28 10:02:00', 2.9624, 2.9624, 2.9624, 2.9624, 1600]
['2019-03-28 10:01:00', 2.96, 2.96, 2.96, 2.96, 929]
['2019-03-28 09:58:00', 2.96, 2.955, 2.955, 2.96, 780]
['2019-03-28 09:57:00', 2.95, 2.95, 2.95, 2.95, 4020]
['2019-03-28 09:56:00', 2.9518, 2.9518, 2.9518, 2.9518, 5117]
['2019-03-28 09:55:00', 2.97, 2.97, 2.97, 2.97, 5700]
['2019-03-28 09:53:00', 2.98, 2.98, 2.98, 2.98, 349]
['2019-03-28 09:52:00', 2.98, 2.98, 2.98, 2.98, 5468]
['2019-03-28 09:51:00', 2.98, 2.98, 2.98, 2.98, 3845]
['2019-03-28 09:50:00', 2.97, 2.97, 2.97, 2.97, 1340]
['2019-03-28 09:49:00', 2.95, 2.95, 2.95, 2.95, 2435]
['2019-03-28 09:46:00', 2.96, 2.96, 2.96, 2.96, 975]
['2019-03-28 09:44:00', 2.95, 2.95, 2.95, 2.95, 3885]
['2019-03-28 09:43:00', 2.95, 2.95, 2.95, 2.95, 103]
['2019-03-28 09:41:00', 2.96, 2.94, 2.94, 2.96, 1103]
['2019-03-28 09:38:00', 2.95, 2.95, 2.95, 2.95, 672]
['2019-03-28 09:37:00', 2.96, 2.96, 2.96, 2.96, 3711]
['2019-03-28 09:34:00', 2.9754, 2.9754, 2.9754, 2.9754, 500]
['2019-03-28 09:33:00', 2.9349, 2.9349, 2.9349, 2.9349, 12283]
['2019-03-27 16:00:00', 2.92, 2.92, 2.92, 2.92, 158895]
['2019-03-27 15:59:00', 2.915, 2.91, 2.91, 2.915, 6570]
['2019-03-27 15:58:00', 2.91, 2.915, 2.91, 2.915, 2673]
['2019-03-27 15:57:00', 2.91, 2.91, 2.91, 2.91, 1200]
['2019-03-27 15:56:00', 2.91, 2.91, 2.91, 2.91, 1897]
['2019-03-27 15:55:00', 2.91, 2.915, 2.91, 2.915, 2826]
['2019-03-27 15:54:00', 2.92, 2.92, 2.92, 2.92, 7747]
['2019-03-27 15:53:00', 2.92, 2.92, 2.92, 2.92, 1171]
['2019-03-27 15:52:00', 2.92, 2.92, 2.92, 2.92, 600]
['2019-03-27 15:51:00', 2.925, 2.925, 2.925, 2.925, 719]
['2019-03-27 15:49:00', 2.92, 2.92, 2.92, 2.92, 1872]
['2019-03-27 15:48:00', 2.93, 2.92, 2.92, 2.93, 7401]
['2019-03-27 15:46:00', 2.93, 2.93, 2.93, 2.93, 964]
['2019-03-27 15:45:00', 2.94, 2.93, 2.93, 2.94, 723]
['2019-03-27 15:43:00', 2.94, 2.94, 2.94, 2.94, 2332]
['2019-03-27 15:42:00', 2.93, 2.93, 2.93, 2.93, 302]
['2019-03-27 15:41:00', 2.93, 2.93, 2.93, 2.93, 500]
['2019-03-27 15:40:00', 2.93, 2.93, 2.93, 2.93, 600]
['2019-03-27 15:39:00', 2.94, 2.94, 2.94, 2.94, 100]
['2019-03-27 15:38:00', 2.935, 2.94, 2.935, 2.94, 1500]
['2019-03-27 15:36:00', 2.94, 2.94, 2.94, 2.94, 4300]
['2019-03-27 15:35:00', 2.94, 2.94, 2.94, 2.94, 2878]
['2019-03-27 15:34:00', 2.945, 2.945, 2.945, 2.945, 2901]
['2019-03-27 15:32:00', 2.955, 2.955, 2.955, 2.955, 1800]
['2019-03-27 15:31:00', 2.955, 2.96, 2.955, 2.96, 5100]
['2019-03-27 15:30:00', 2.955, 2.955, 2.955, 2.955, 3403]
['2019-03-27 15:29:00', 2.95, 2.95, 2.95, 2.95, 300]
['2019-03-27 15:28:00', 2.95, 2.95, 2.95, 2.95, 1700]
['2019-03-27 15:27:00', 2.95, 2.95, 2.95, 2.95, 3545]
['2019-03-27 15:25:00', 2.94, 2.95, 2.94, 2.95, 6191]
['2019-03-27 15:24:00', 2.94, 2.94, 2.94, 2.94, 936]
['2019-03-27 15:23:00', 2.92, 2.93, 2.92, 2.93, 3860]
['2019-03-27 15:21:00', 2.93, 2.92, 2.92, 2.93, 772]
['2019-03-27 15:20:00', 2.925, 2.925, 2.925, 2.925, 300]
['2019-03-27 15:18:00', 2.925, 2.925, 2.925, 2.925, 400]
['2019-03-27 15:17:00', 2.93, 2.93, 2.93, 2.93, 200]
['2019-03-27 15:15:00', 2.925, 2.925, 2.925, 2.925, 300]
['2019-03-27 15:13:00', 2.92, 2.92, 2.92, 2.92, 951]
['2019-03-27 15:12:00', 2.93, 2.93, 2.93, 2.93, 5240]
['2019-03-27 15:11:00', 2.93, 2.93, 2.93, 2.93, 100]
['2019-03-27 15:09:00', 2.93, 2.925, 2.925, 2.93, 600]
['2019-03-27 15:08:00', 2.93, 2.93, 2.93, 2.93, 400]
['2019-03-27 15:07:00', 2.93, 2.93, 2.93, 2.93, 900]
['2019-03-27 15:05:00', 2.925, 2.925, 2.925, 2.925, 650]
['2019-03-27 15:04:00', 2.925, 2.925, 2.925, 2.925, 400]
['2019-03-27 15:03:00', 2.925, 2.93, 2.925, 2.93, 700]
['2019-03-27 15:00:00', 2.93, 2.93, 2.93, 2.93, 1100]
['2019-03-27 14:59:00', 2.94, 2.93, 2.93, 2.945, 19425]
['2019-03-27 14:57:00', 2.95, 2.95, 2.95, 2.95, 400]
['2019-03-27 14:56:00', 2.95, 2.95, 2.95, 2.95, 300]
['2019-03-27 14:54:00', 2.95, 2.95, 2.95, 2.95, 250]
['2019-03-27 14:53:00', 2.95, 2.95, 2.95, 2.95, 600]
['2019-03-27 14:52:00', 2.94, 2.94, 2.94, 2.94, 141]
['2019-03-27 14:51:00', 2.94, 2.94, 2.94, 2.94, 700]
['2019-03-27 14:49:00', 2.935, 2.935, 2.935, 2.935, 608]
['2019-03-27 14:47:00', 2.94, 2.94, 2.94, 2.94, 2517]
['2019-03-27 14:46:00', 2.94, 2.94, 2.94, 2.94, 400]
['2019-03-27 14:44:00', 2.93, 2.93, 2.93, 2.93, 640]
['2019-03-27 14:42:00', 2.93, 2.93, 2.93, 2.93, 300]
['2019-03-27 14:40:00', 2.92, 2.91, 2.91, 2.92, 2971]
['2019-03-27 14:39:00', 2.92, 2.92, 2.92, 2.92, 3155]
['2019-03-27 14:38:00', 2.93, 2.93, 2.93, 2.93, 316]
['2019-03-27 14:37:00', 2.93, 2.93, 2.93, 2.93, 1553]
['2019-03-27 14:36:00', 2.9475, 2.94, 2.94, 2.9475, 2567]
['2019-03-27 14:34:00', 2.95, 2.95, 2.95, 2.95, 3800]
['2019-03-27 14:32:00', 2.95, 2.95, 2.95, 2.95, 1200]
['2019-03-27 14:31:00', 2.95, 2.95, 2.95, 2.95, 3818]
['2019-03-27 14:30:00', 2.945, 2.945, 2.945, 2.945, 800]
['2019-03-27 14:29:00', 2.95, 2.95, 2.95, 2.95, 800]
['2019-03-27 14:28:00', 2.94, 2.95, 2.94, 2.95, 4422]
['2019-03-27 14:25:00', 2.925, 2.94, 2.925, 2.94, 1938]
['2019-03-27 14:23:00', 2.93, 2.93, 2.93, 2.93, 400]
['2019-03-27 14:22:00', 2.93, 2.93, 2.93, 2.93, 3100]
['2019-03-27 14:21:00', 2.93, 2.925, 2.925, 2.93, 6307]
['2019-03-27 14:20:00', 2.945, 2.945, 2.945, 2.945, 100]
['2019-03-27 14:19:00', 2.945, 2.945, 2.945, 2.945, 1115]
['2019-03-27 14:17:00', 2.955, 2.955, 2.955, 2.955, 100]
['2019-03-27 14:15:00', 2.955, 2.955, 2.955, 2.955, 700]
['2019-03-27 14:12:00', 2.95, 2.955, 2.95, 2.955, 3350]
['2019-03-27 14:09:00', 2.94, 2.94, 2.94, 2.94, 102]
['2019-03-27 14:08:00', 2.94, 2.94, 2.94, 2.94, 8215]
['2019-03-27 14:06:00', 2.96, 2.96, 2.96, 2.96, 1331]
['2019-03-27 14:05:00', 2.95, 2.95, 2.95, 2.95, 7244]
['2019-03-27 14:04:00', 2.95, 2.95, 2.95, 2.95, 500]
['2019-03-27 14:03:00', 2.95, 2.95, 2.95, 2.95, 100]
['2019-03-27 14:01:00', 2.95, 2.94, 2.94, 2.95, 1000]
['2019-03-27 13:56:00', 2.95, 2.95, 2.95, 2.95, 2000]
['2019-03-27 13:55:00', 2.95, 2.95, 2.95, 2.95, 918]
['2019-03-27 13:53:00', 2.95, 2.95, 2.95, 2.96, 4538]
['2019-03-27 13:52:00', 2.95, 2.95, 2.95, 2.95, 200]
['2019-03-27 13:51:00', 2.95, 2.95, 2.95, 2.95, 600]
['2019-03-27 13:50:00', 2.95, 2.95, 2.95, 2.95, 800]
['2019-03-27 13:48:00', 2.94, 2.94, 2.94, 2.94, 200]
['2019-03-27 13:47:00', 2.95, 2.95, 2.95, 2.95, 2077]
['2019-03-27 13:46:00', 2.95, 2.95, 2.95, 2.95, 2900]
['2019-03-27 13:45:00', 2.95, 2.95, 2.95, 2.95, 500]
['2019-03-27 13:44:00', 2.95, 2.95, 2.95, 2.95, 505]
['2019-03-27 13:43:00', 2.94, 2.945, 2.94, 2.945, 938]
['2019-03-27 13:41:00', 2.9311, 2.9311, 2.9311, 2.9311, 125]
['2019-03-27 13:40:00', 2.94, 2.94, 2.94, 2.94, 200]
['2019-03-27 13:39:00', 2.93, 2.94, 2.93, 2.94, 1189]
['2019-03-27 13:36:00', 2.93, 2.93, 2.93, 2.93, 829]
['2019-03-27 13:35:00', 2.942, 2.9401, 2.9401, 2.942, 3100]
['2019-03-27 13:32:00', 2.94, 2.94, 2.94, 2.94, 200]
['2019-03-27 13:31:00', 2.95, 2.95, 2.95, 2.95, 1200]
['2019-03-27 13:30:00', 2.945, 2.945, 2.945, 2.945, 600]
['2019-03-27 13:29:00', 2.945, 2.945, 2.945, 2.945, 1348]
['2019-03-27 13:28:00', 2.95, 2.95, 2.95, 2.95, 300]
['2019-03-27 13:26:00', 2.945, 2.95, 2.945, 2.95, 2072]
['2019-03-27 13:23:00', 2.94, 2.94, 2.94, 2.94, 500]
['2019-03-27 13:22:00', 2.94, 2.9366, 2.9366, 2.94, 1336]
['2019-03-27 13:21:00', 2.935, 2.935, 2.935, 2.935, 300]
['2019-03-27 13:20:00', 2.94, 2.94, 2.94, 2.94, 1100]
['2019-03-27 13:19:00', 2.94, 2.94, 2.94, 2.94, 4393]
['2019-03-27 13:17:00', 2.95, 2.95, 2.95, 2.95, 300]
['2019-03-27 13:16:00', 2.945, 2.945, 2.945, 2.945, 500]
['2019-03-27 13:15:00', 2.95, 2.95, 2.95, 2.95, 1500]
['2019-03-27 13:14:00', 2.92, 2.94, 2.92, 2.94, 1696]
['2019-03-27 13:12:00', 2.92, 2.92, 2.92, 2.92, 324]
['2019-03-27 13:09:00', 2.915, 2.915, 2.915, 2.915, 400]
['2019-03-27 13:08:00', 2.93, 2.93, 2.93, 2.93, 1570]
['2019-03-27 13:07:00', 2.945, 2.945, 2.945, 2.945, 1201]
['2019-03-27 13:06:00', 2.9398, 2.9398, 2.9398, 2.9398, 2000]
['2019-03-27 13:04:00', 2.93, 2.93, 2.93, 2.93, 836]
['2019-03-27 13:03:00', 2.925, 2.925, 2.925, 2.925, 414]
['2019-03-27 13:02:00', 2.93, 2.93, 2.93, 2.93, 100]
['2019-03-27 13:00:00', 2.94, 2.94, 2.94, 2.94, 139]
['2019-03-27 12:59:00', 2.94, 2.94, 2.94, 2.94, 848]
['2019-03-27 12:58:00', 2.945, 2.945, 2.945, 2.945, 500]
['2019-03-27 12:57:00', 2.94, 2.94, 2.94, 2.94, 795]
['2019-03-27 12:56:00', 2.95, 2.95, 2.95, 2.95, 628]
['2019-03-27 12:55:00', 2.95, 2.95, 2.95, 2.95, 338]
['2019-03-27 12:54:00', 2.955, 2.955, 2.955, 2.955, 375]
['2019-03-27 12:53:00', 2.95, 2.95, 2.95, 2.95, 2325]
['2019-03-27 12:52:00', 2.95, 2.95, 2.95, 2.95, 500]
['2019-03-27 12:51:00', 2.95, 2.95, 2.95, 2.95, 300]
['2019-03-27 12:50:00', 2.95, 2.95, 2.95, 2.95, 300]
['2019-03-27 12:49:00', 2.95, 2.95, 2.95, 2.95, 200]
['2019-03-27 12:48:00', 2.95, 2.95, 2.95, 2.95, 500]
['2019-03-27 12:47:00', 2.95, 2.95, 2.95, 2.95, 921]
['2019-03-27 12:45:00', 2.95, 2.95, 2.95, 2.96, 3900]
['2019-03-27 12:44:00', 2.95, 2.95, 2.95, 2.95, 700]
['2019-03-27 12:41:00', 2.95, 2.95, 2.95, 2.95, 300]
['2019-03-27 12:40:00', 2.95, 2.95, 2.95, 2.95, 321]
['2019-03-27 12:39:00', 2.945, 2.945, 2.945, 2.945, 1183]
['2019-03-27 12:38:00', 2.935, 2.94, 2.935, 2.94, 1027]
['2019-03-27 12:37:00', 2.945, 2.945, 2.945, 2.945, 1243]
['2019-03-27 12:36:00', 2.94, 2.94, 2.94, 2.94, 1000]
['2019-03-27 12:35:00', 2.95, 2.95, 2.95, 2.95, 100]
['2019-03-27 12:32:00', 2.95, 2.95, 2.95, 2.95, 800]
['2019-03-27 12:31:00', 2.945, 2.945, 2.945, 2.945, 2448]
['2019-03-27 12:30:00', 2.95, 2.95, 2.95, 2.95, 10306]
['2019-03-27 12:29:00', 2.94, 2.94, 2.94, 2.94, 700]
['2019-03-27 12:28:00', 2.94, 2.95, 2.94, 2.95, 3768]
['2019-03-27 12:27:00', 2.93, 2.93, 2.93, 2.93, 300]
['2019-03-27 12:25:00', 2.92, 2.92, 2.92, 2.92, 1725]
['2019-03-27 12:24:00', 2.92, 2.92, 2.92, 2.92, 973]
['2019-03-27 12:23:00', 2.93, 2.93, 2.93, 2.93, 575]
['2019-03-27 12:21:00', 2.925, 2.93, 2.925, 2.93, 2679]
['2019-03-27 12:20:00', 2.925, 2.925, 2.925, 2.925, 400]
['2019-03-27 12:19:00', 2.925, 2.925, 2.925, 2.925, 1460]
['2019-03-27 12:17:00', 2.93, 2.93, 2.93, 2.93, 500]
['2019-03-27 12:16:00', 2.93, 2.93, 2.93, 2.93, 400]
['2019-03-27 12:15:00', 2.93, 2.92, 2.92, 2.93, 738]
['2019-03-27 12:13:00', 2.93, 2.94, 2.93, 2.94, 3808]
['2019-03-27 12:12:00', 2.93, 2.93, 2.93, 2.93, 344]
['2019-03-27 12:11:00', 2.94, 2.94, 2.94, 2.94, 300]
['2019-03-27 12:10:00', 2.94, 2.94, 2.94, 2.94, 600]
['2019-03-27 12:09:00', 2.92, 2.93, 2.92, 2.93, 3200]
['2019-03-27 12:08:00', 2.925, 2.925, 2.925, 2.925, 588]
['2019-03-27 12:06:00', 2.93, 2.93, 2.93, 2.93, 2219]
['2019-03-27 12:05:00', 2.92, 2.92, 2.92, 2.92, 300]
['2019-03-27 12:04:00', 2.91, 2.91, 2.91, 2.91, 2215]
['2019-03-27 12:01:00', 2.905, 2.905, 2.905, 2.905, 1850]
['2019-03-27 12:00:00', 2.92, 2.92, 2.92, 2.92, 228]
['2019-03-27 11:59:00', 2.92, 2.92, 2.92, 2.92, 500]
['2019-03-27 11:58:00', 2.91, 2.92, 2.91, 2.92, 2189]
['2019-03-27 11:57:00', 2.89, 2.9, 2.89, 2.9, 1927]
['2019-03-27 11:56:00', 2.885, 2.885, 2.885, 2.885, 2145]
['2019-03-27 11:55:00', 2.885, 2.87, 2.87, 2.885, 19465]
['2019-03-27 11:53:00', 2.9, 2.89, 2.89, 2.9, 3113]
['2019-03-27 11:51:00', 2.91, 2.91, 2.91, 2.91, 1700]
['2019-03-27 11:49:00', 2.91, 2.91, 2.91, 2.91, 100]
['2019-03-27 11:46:00', 2.91, 2.91, 2.91, 2.91, 6683]
['2019-03-27 11:45:00', 2.91, 2.91, 2.91, 2.91, 600]
['2019-03-27 11:44:00', 2.91, 2.915, 2.91, 2.915, 3200]
['2019-03-27 11:43:00', 2.92, 2.92, 2.92, 2.92, 5500]
['2019-03-27 11:42:00', 2.91, 2.91, 2.91, 2.91, 6238]
['2019-03-27 11:39:00', 2.91, 2.91, 2.9, 2.91, 11403]
['2019-03-27 11:38:00', 2.92, 2.92, 2.92, 2.92, 619]
['2019-03-27 11:37:00', 2.91, 2.91, 2.91, 2.91, 919]
['2019-03-27 11:36:00', 2.91, 2.91, 2.91, 2.91, 4028]
['2019-03-27 11:35:00', 2.9, 2.9, 2.9, 2.9, 4515]
['2019-03-27 11:34:00', 2.92, 2.92, 2.92, 2.92, 200]
['2019-03-27 11:32:00', 2.92, 2.92, 2.92, 2.92, 400]
['2019-03-27 11:30:00', 2.915, 2.915, 2.915, 2.915, 1200]
['2019-03-27 11:29:00', 2.92, 2.92, 2.92, 2.92, 2000]
['2019-03-27 11:27:00', 2.93, 2.93, 2.93, 2.93, 500]
['2019-03-27 11:26:00', 2.93, 2.93, 2.93, 2.93, 1600]
['2019-03-27 11:25:00', 2.92, 2.92, 2.92, 2.92, 1450]
['2019-03-27 11:21:00', 2.91, 2.91, 2.91, 2.91, 1200]
['2019-03-27 11:20:00', 2.9, 2.9, 2.895, 2.9, 15185]
['2019-03-27 11:19:00', 2.905, 2.905, 2.905, 2.905, 1823]
['2019-03-27 11:18:00', 2.905, 2.905, 2.905, 2.905, 200]
['2019-03-27 11:15:00', 2.905, 2.905, 2.905, 2.905, 600]
['2019-03-27 11:14:00', 2.915, 2.915, 2.915, 2.915, 1499]
['2019-03-27 11:12:00', 2.92, 2.92, 2.92, 2.92, 563]
['2019-03-27 11:11:00', 2.93, 2.93, 2.93, 2.93, 2409]
['2019-03-27 11:10:00', 2.94, 2.94, 2.94, 2.94, 1709]
['2019-03-27 11:09:00', 2.93, 2.93, 2.93, 2.93, 1253]
['2019-03-27 11:07:00', 2.93, 2.93, 2.93, 2.93, 638]
['2019-03-27 11:06:00', 2.93, 2.93, 2.93, 2.93, 100]
['2019-03-27 11:05:00', 2.935, 2.93, 2.93, 2.935, 1074]
['2019-03-27 11:04:00', 2.94, 2.94, 2.94, 2.94, 744]
['2019-03-27 11:03:00', 2.94, 2.94, 2.94, 2.94, 202]
['2019-03-27 11:01:00', 2.95, 2.95, 2.95, 2.95, 500]
['2019-03-27 11:00:00', 2.95, 2.95, 2.95, 2.95, 700]
['2019-03-27 10:58:00', 2.94, 2.94, 2.94, 2.94, 1435]
['2019-03-27 10:57:00', 2.945, 2.94, 2.94, 2.945, 1251]
['2019-03-27 10:55:00', 2.935, 2.935, 2.935, 2.935, 400]
['2019-03-27 10:54:00', 2.93, 2.93, 2.93, 2.93, 1602]
['2019-03-27 10:52:00', 2.93, 2.93, 2.93, 2.93, 900]
['2019-03-27 10:51:00', 2.92, 2.92, 2.92, 2.92, 900]
['2019-03-27 10:50:00', 2.92, 2.92, 2.92, 2.92, 500]
['2019-03-27 10:49:00', 2.91, 2.91, 2.91, 2.91, 1100]
['2019-03-27 10:48:00', 2.92, 2.91, 2.91, 2.92, 5802]
['2019-03-27 10:46:00', 2.92, 2.92, 2.92, 2.92, 1558]
['2019-03-27 10:44:00', 2.93, 2.93, 2.93, 2.93, 300]
['2019-03-27 10:42:00', 2.93, 2.93, 2.93, 2.93, 500]
['2019-03-27 10:41:00', 2.94, 2.94, 2.94, 2.94, 1447]
['2019-03-27 10:40:00', 2.95, 2.95, 2.95, 2.95, 200]
['2019-03-27 10:38:00', 2.94, 2.94, 2.94, 2.94, 800]
['2019-03-27 10:37:00', 2.95, 2.95, 2.95, 2.95, 868]
['2019-03-27 10:36:00', 2.96, 2.96, 2.96, 2.96, 409]
['2019-03-27 10:35:00', 2.96, 2.96, 2.96, 2.96, 300]
['2019-03-27 10:34:00', 2.96, 2.96, 2.96, 2.96, 442]
['2019-03-27 10:31:00', 2.955, 2.955, 2.955, 2.955, 300]
['2019-03-27 10:30:00', 2.95, 2.95, 2.95, 2.95, 276]
['2019-03-27 10:29:00', 2.95, 2.95, 2.95, 2.95, 400]
['2019-03-27 10:28:00', 2.95, 2.95, 2.95, 2.95, 2217]
['2019-03-27 10:27:00', 2.96, 2.96, 2.96, 2.96, 1535]
['2019-03-27 10:24:00', 2.96, 2.96, 2.96, 2.96, 500]
['2019-03-27 10:23:00', 2.95, 2.95, 2.95, 2.95, 1023]
['2019-03-27 10:22:00', 2.955, 2.955, 2.955, 2.955, 300]
['2019-03-27 10:21:00', 2.96, 2.95, 2.95, 2.96, 3284]
['2019-03-27 10:20:00', 2.96, 2.97, 2.96, 2.97, 1955]
['2019-03-27 10:19:00', 2.96, 2.96, 2.96, 2.96, 200]
['2019-03-27 10:17:00', 2.96, 2.96, 2.96, 2.96, 400]
['2019-03-27 10:16:00', 2.95, 2.95, 2.95, 2.95, 3800]
['2019-03-27 10:13:00', 2.94, 2.94, 2.94, 2.94, 1076]
['2019-03-27 10:12:00', 2.94, 2.94, 2.94, 2.94, 800]
['2019-03-27 10:11:00', 2.94, 2.94, 2.94, 2.94, 1103]
['2019-03-27 10:10:00', 2.9361, 2.9361, 2.9361, 2.9361, 1800]
['2019-03-27 10:09:00', 2.94, 2.94, 2.94, 2.94, 900]
['2019-03-27 10:07:00', 2.93, 2.94, 2.93, 2.94, 1545]
['2019-03-27 10:06:00', 2.93, 2.93, 2.93, 2.93, 601]
['2019-03-27 10:05:00', 2.93, 2.93, 2.93, 2.93, 400]
['2019-03-27 10:04:00', 2.93, 2.93, 2.93, 2.93, 900]
['2019-03-27 10:03:00', 2.9246, 2.9246, 2.9246, 2.9246, 5636]
['2019-03-27 10:02:00', 2.91, 2.91, 2.91, 2.91, 4259]
['2019-03-27 10:01:00', 2.9, 2.9, 2.9, 2.9, 9602]
['2019-03-27 10:00:00', 2.92, 2.92, 2.92, 2.92, 3440]
['2019-03-27 09:58:00', 2.93, 2.93, 2.93, 2.93, 10897]
['2019-03-27 09:57:00', 2.93, 2.93, 2.93, 2.93, 4537]
['2019-03-27 09:55:00', 2.94, 2.94, 2.94, 2.94, 644]
['2019-03-27 09:54:00', 2.955, 2.94, 2.94, 2.955, 1473]
['2019-03-27 09:52:00', 2.95, 2.96, 2.95, 2.96, 3098]
['2019-03-27 09:51:00', 2.94, 2.94, 2.94, 2.94, 4543]
['2019-03-27 09:50:00', 2.94, 2.94, 2.94, 2.94, 547]
['2019-03-27 09:48:00', 2.96, 2.96, 2.96, 2.96, 749]
['2019-03-27 09:47:00', 2.96, 2.95, 2.95, 2.96, 3752]
['2019-03-27 09:45:00', 2.96, 2.96, 2.96, 2.96, 2600]
['2019-03-27 09:42:00', 2.97, 2.97, 2.97, 2.97, 800]
['2019-03-27 09:41:00', 3.0, 2.97, 2.97, 3.0, 2715]
['2019-03-27 09:40:00', 2.98, 2.98, 2.98, 2.98, 445]
['2019-03-27 09:37:00', 2.98, 2.98, 2.98, 2.98, 668]
['2019-03-27 09:36:00', 3.01, 3.01, 3.01, 3.01, 1457]
['2019-03-27 09:35:00', 3.04, 3.04, 3.04, 3.04, 712]
['2019-03-27 09:34:00', 3.02, 3.02, 3.02, 3.02, 1500]
['2019-03-27 09:33:00', 3.0, 3.0, 3.0, 3.0, 3410]
['2019-03-27 09:31:00', 2.99, 2.99, 2.99, 2.99, 9505]
['2019-03-26 16:00:00', 3.005, 2.99, 2.99, 3.005, 63826]
['2019-03-26 15:59:00', 3.005, 3.005, 3.005, 3.0056, 18443]
['2019-03-26 15:58:00', 3.0, 3.005, 3.0, 3.005, 35296]
['2019-03-26 15:57:00', 3.0, 3.0, 3.0, 3.0, 9861]
['2019-03-26 15:56:00', 2.99, 3.0, 2.985, 3.0, 24660]
['2019-03-26 15:55:00', 2.99, 2.99, 2.99, 2.99, 2074]
['2019-03-26 15:54:00', 2.99, 2.985, 2.985, 2.99, 1236]
['2019-03-26 15:53:00', 2.99, 2.99, 2.99, 2.99, 1729]
['2019-03-26 15:52:00', 2.98, 2.98, 2.98, 2.98, 1844]
['2019-03-26 15:51:00', 2.98, 2.98, 2.98, 2.98, 2359]
['2019-03-26 15:50:00', 2.98, 2.98, 2.98, 2.98, 334]
['2019-03-26 15:49:00', 2.97, 2.975, 2.97, 2.975, 3433]
['2019-03-26 15:48:00', 2.965, 2.965, 2.965, 2.965, 3753]
['2019-03-26 15:47:00', 2.96, 2.96, 2.955, 2.96, 10876]
['2019-03-26 15:46:00', 2.97, 2.97, 2.97, 2.97, 564]
['2019-03-26 15:45:00', 2.97, 2.97, 2.97, 2.97, 735]
['2019-03-26 15:44:00', 2.97, 2.97, 2.97, 2.97, 600]
['2019-03-26 15:43:00', 2.965, 2.965, 2.965, 2.965, 439]
['2019-03-26 15:40:00', 2.97, 2.97, 2.97, 2.97, 300]
['2019-03-26 15:39:00', 2.97, 2.97, 2.97, 2.97, 934]
['2019-03-26 15:38:00', 2.96, 2.96, 2.96, 2.96, 639]
['2019-03-26 15:37:00', 2.965, 2.965, 2.965, 2.965, 900]
['2019-03-26 15:36:00', 2.97, 2.97, 2.97, 2.97, 4056]
['2019-03-26 15:35:00', 2.96, 2.96, 2.96, 2.96, 800]
['2019-03-26 15:34:00', 2.95, 2.95, 2.95, 2.95, 802]
['2019-03-26 15:32:00', 2.955, 2.955, 2.955, 2.955, 301]
['2019-03-26 15:31:00', 2.96, 2.955, 2.955, 2.96, 3411]
['2019-03-26 15:30:00', 2.97, 2.97, 2.97, 2.97, 408]
['2019-03-26 15:29:00', 2.97, 2.97, 2.97, 2.97, 800]
['2019-03-26 15:28:00', 2.96, 2.965, 2.96, 2.965, 1531]
['2019-03-26 15:26:00', 2.955, 2.955, 2.955, 2.955, 349]
['2019-03-26 15:25:00', 2.96, 2.96, 2.96, 2.96, 1417]
['2019-03-26 15:24:00', 2.97, 2.96, 2.96, 2.97, 3753]
['2019-03-26 15:23:00', 2.97, 2.97, 2.97, 2.97, 2022]
['2019-03-26 15:21:00', 2.965, 2.965, 2.965, 2.965, 618]
['2019-03-26 15:20:00', 2.965, 2.96, 2.96, 2.965, 1749]
['2019-03-26 15:19:00', 2.97, 2.97, 2.97, 2.97, 600]
['2019-03-26 15:17:00', 2.97, 2.97, 2.97, 2.97, 500]
['2019-03-26 15:16:00', 2.97, 2.97, 2.97, 2.97, 795]
['2019-03-26 15:15:00', 2.97, 2.97, 2.97, 2.97, 500]
['2019-03-26 15:13:00', 2.97, 2.97, 2.97, 2.97, 503]
['2019-03-26 15:11:00', 2.97, 2.965, 2.961, 2.9722, 13374]
['2019-03-26 15:10:00', 2.98, 2.98, 2.98, 2.98, 1700]
['2019-03-26 15:09:00', 2.97, 2.97, 2.97, 2.97, 1737]
['2019-03-26 15:08:00', 2.97, 2.97, 2.97, 2.97, 400]
['2019-03-26 15:07:00', 2.9633, 2.9633, 2.9633, 2.9633, 523]
['2019-03-26 15:06:00', 2.98, 2.97, 2.97, 2.98, 3321]
['2019-03-26 15:04:00', 2.965, 2.97, 2.965, 2.97, 8266]
['2019-03-26 15:03:00', 2.97, 2.97, 2.97, 2.97, 1900]
['2019-03-26 15:02:00', 2.95, 2.95, 2.95, 2.95, 1200]
['2019-03-26 15:01:00', 2.95, 2.95, 2.95, 2.95, 1615]
['2019-03-26 14:59:00', 2.94, 2.94, 2.94, 2.94, 1606]
['2019-03-26 14:58:00', 2.935, 2.935, 2.935, 2.935, 300]
['2019-03-26 14:56:00', 2.935, 2.935, 2.935, 2.935, 261]
['2019-03-26 14:54:00', 2.94, 2.94, 2.94, 2.94, 700]
['2019-03-26 14:53:00', 2.94, 2.94, 2.94, 2.94, 433]
['2019-03-26 14:52:00', 2.94, 2.935, 2.935, 2.94, 1199]
['2019-03-26 14:49:00', 2.94, 2.94, 2.94, 2.94, 692]
['2019-03-26 14:48:00', 2.94, 2.94, 2.94, 2.94, 1300]
['2019-03-26 14:47:00', 2.93, 2.93, 2.93, 2.93, 602]
['2019-03-26 14:46:00', 2.94, 2.94, 2.94, 2.94, 600]
['2019-03-26 14:45:00', 2.94, 2.94, 2.94, 2.94, 500]
['2019-03-26 14:44:00', 2.94, 2.94, 2.94, 2.94, 100]
['2019-03-26 14:43:00', 2.94, 2.94, 2.94, 2.94, 11888]
['2019-03-26 14:42:00', 2.93, 2.94, 2.93, 2.94, 3891]
['2019-03-26 14:41:00', 2.925, 2.925, 2.925, 2.925, 3400]
['2019-03-26 14:40:00', 2.93, 2.93, 2.93, 2.93, 1900]
['2019-03-26 14:38:00', 2.925, 2.925, 2.925, 2.925, 600]
['2019-03-26 14:37:00', 2.93, 2.92, 2.92, 2.93, 4530]
['2019-03-26 14:34:00', 2.94, 2.94, 2.94, 2.94, 719]
['2019-03-26 14:33:00', 2.94, 2.935, 2.935, 2.94, 2320]
['2019-03-26 14:32:00', 2.95, 2.95, 2.95, 2.95, 1050]
['2019-03-26 14:31:00', 2.95, 2.955, 2.95, 2.955, 9884]
['2019-03-26 14:30:00', 2.96, 2.96, 2.96, 2.96, 501]
['2019-03-26 14:25:00', 2.96, 2.96, 2.96, 2.96, 600]
['2019-03-26 14:24:00', 2.96, 2.96, 2.96, 2.96, 300]
['2019-03-26 14:20:00', 2.96, 2.96, 2.96, 2.96, 1124]
['2019-03-26 14:18:00', 2.96, 2.96, 2.96, 2.96, 200]
['2019-03-26 14:14:00', 2.96, 2.96, 2.96, 2.96, 400]
['2019-03-26 14:11:00', 2.95, 2.95, 2.95, 2.95, 650]
['2019-03-26 14:10:00', 2.96, 2.96, 2.96, 2.96, 1100]
['2019-03-26 14:07:00', 2.955, 2.955, 2.955, 2.955, 400]
['2019-03-26 14:04:00', 2.96, 2.96, 2.96, 2.96, 1912]
['2019-03-26 14:03:00', 2.955, 2.955, 2.955, 2.955, 1300]
['2019-03-26 14:02:00', 2.955, 2.955, 2.955, 2.955, 982]
['2019-03-26 14:01:00', 2.95, 2.95, 2.95, 2.95, 400]
['2019-03-26 13:59:00', 2.96, 2.96, 2.96, 2.96, 200]
['2019-03-26 13:58:00', 2.95, 2.96, 2.95, 2.96, 300]
['2019-03-26 13:57:00', 2.95, 2.95, 2.95, 2.95, 1300]
['2019-03-26 13:55:00', 2.955, 2.955, 2.955, 2.955, 224]
['2019-03-26 13:54:00', 2.955, 2.955, 2.955, 2.955, 501]
['2019-03-26 13:53:00', 2.95, 2.95, 2.95, 2.95, 650]
['2019-03-26 13:51:00', 2.955, 2.95, 2.95, 2.955, 1508]
['2019-03-26 13:50:00', 2.975, 2.96, 2.96, 2.975, 21400]
['2019-03-26 13:47:00', 2.975, 2.975, 2.975, 2.975, 100]
['2019-03-26 13:46:00', 2.97, 2.97, 2.97, 2.97, 310]
['2019-03-26 13:44:00', 2.97, 2.97, 2.97, 2.97, 100]
['2019-03-26 13:43:00', 2.97, 2.975, 2.97, 2.975, 614]
['2019-03-26 13:40:00', 2.975, 2.975, 2.975, 2.975, 334]
['2019-03-26 13:39:00', 2.98, 2.975, 2.975, 2.98, 9294]
['2019-03-26 13:38:00', 2.98, 2.98, 2.98, 2.98, 900]
['2019-03-26 13:35:00', 2.99, 2.99, 2.99, 2.99, 100]
['2019-03-26 13:34:00', 2.985, 2.985, 2.985, 2.985, 3024]
['2019-03-26 13:32:00', 2.985, 2.985, 2.985, 2.985, 1544]
['2019-03-26 13:30:00', 2.99, 2.985, 2.985, 2.99, 3700]
['2019-03-26 13:29:00', 2.995, 2.985, 2.985, 2.995, 2761]
['2019-03-26 13:27:00', 2.995, 2.995, 2.995, 2.995, 200]
['2019-03-26 13:26:00', 2.99, 2.99, 2.99, 2.99, 300]
['2019-03-26 13:25:00', 3.0, 2.995, 2.995, 3.0, 1070]
['2019-03-26 13:24:00', 3.0, 3.0, 3.0, 3.0, 300]
['2019-03-26 13:23:00', 2.995, 2.995, 2.995, 2.995, 500]
['2019-03-26 13:22:00', 2.99, 2.99, 2.99, 2.99, 613]
['2019-03-26 13:20:00', 2.995, 2.995, 2.995, 2.995, 1587]
['2019-03-26 13:19:00', 3.0, 3.0, 3.0, 3.0, 100]
['2019-03-26 13:18:00', 3.0, 3.0, 3.0, 3.0, 568]
['2019-03-26 13:16:00', 3.0, 3.0, 3.0, 3.0, 100]
['2019-03-26 13:13:00', 2.995, 2.995, 2.995, 2.995, 100]
['2019-03-26 13:12:00', 2.99, 2.995, 2.99, 2.995, 2538]
['2019-03-26 13:11:00', 2.99, 2.99, 2.99, 2.99, 700]
['2019-03-26 13:06:00', 2.98, 2.98, 2.98, 2.98, 1824]
['2019-03-26 13:05:00', 2.98, 2.99, 2.98, 2.99, 2471]
['2019-03-26 13:04:00', 2.98, 2.98, 2.98, 2.98, 100]
['2019-03-26 13:02:00', 2.98, 2.98, 2.98, 2.98, 506]
['2019-03-26 13:00:00', 2.98, 2.98, 2.98, 2.98, 1400]
['2019-03-26 12:59:00', 2.98, 2.98, 2.98, 2.985, 5370]
['2019-03-26 12:58:00', 2.99, 2.99, 2.99, 2.99, 600]
['2019-03-26 12:57:00', 2.99, 2.99, 2.99, 2.99, 200]
['2019-03-26 12:55:00', 2.985, 2.985, 2.985, 2.985, 600]
['2019-03-26 12:54:00', 2.99, 2.99, 2.99, 2.99, 600]
['2019-03-26 12:52:00', 2.98, 2.985, 2.98, 2.985, 2877]
['2019-03-26 12:51:00', 2.98, 2.98, 2.98, 2.98, 700]
['2019-03-26 12:50:00', 2.98, 2.98, 2.98, 2.98, 200]
['2019-03-26 12:48:00', 2.975, 2.975, 2.975, 2.975, 100]
['2019-03-26 12:45:00', 2.975, 2.975, 2.975, 2.975, 600]
['2019-03-26 12:44:00', 2.975, 2.975, 2.975, 2.975, 140]
['2019-03-26 12:43:00', 2.975, 2.975, 2.975, 2.975, 2625]
['2019-03-26 12:41:00', 2.98, 2.98, 2.98, 2.98, 4452]
['2019-03-26 12:40:00', 2.985, 2.99, 2.985, 2.99, 500]
['2019-03-26 12:39:00', 2.99, 2.99, 2.99, 2.99, 200]
['2019-03-26 12:36:00', 2.985, 2.99, 2.985, 2.99, 989]
['2019-03-26 12:35:00', 2.99, 2.99, 2.99, 2.99, 1685]
['2019-03-26 12:32:00', 2.99, 2.99, 2.99, 2.99, 400]
['2019-03-26 12:31:00', 2.99, 2.99, 2.99, 2.99, 725]
['2019-03-26 12:27:00', 2.99, 2.99, 2.99, 2.99, 400]
['2019-03-26 12:25:00', 2.99, 2.99, 2.99, 2.99, 734]
['2019-03-26 12:24:00', 2.995, 2.995, 2.995, 2.995, 548]
['2019-03-26 12:22:00', 3.0, 3.0, 3.0, 3.0, 2000]
['2019-03-26 12:21:00', 3.005, 3.005, 3.005, 3.005, 300]
['2019-03-26 12:18:00', 3.01, 3.01, 3.01, 3.01, 472]
['2019-03-26 12:17:00', 3.0, 3.0, 3.0, 3.0, 1881]
['2019-03-26 12:14:00', 3.0, 3.0, 3.0, 3.0, 400]
['2019-03-26 12:13:00', 2.99, 2.99, 2.99, 2.99, 997]
['2019-03-26 12:12:00', 2.99, 2.99, 2.99, 2.99, 672]
['2019-03-26 12:09:00', 3.0, 3.0, 3.0, 3.0, 383]
['2019-03-26 12:08:00', 3.0, 3.0, 3.0, 3.0, 200]
['2019-03-26 12:04:00', 3.0, 3.0, 3.0, 3.0, 200]
['2019-03-26 12:01:00', 2.99, 2.99, 2.99, 2.99, 300]
['2019-03-26 12:00:00', 2.99, 2.99, 2.99, 2.99, 528]
['2019-03-26 11:59:00', 2.99, 2.99, 2.99, 2.99, 927]
['2019-03-26 11:58:00', 2.99, 2.99, 2.99, 2.99, 398]
['2019-03-26 11:55:00', 2.98, 2.98, 2.98, 2.98, 600]
['2019-03-26 11:53:00', 2.985, 2.98, 2.98, 2.985, 5796]
['2019-03-26 11:52:00', 2.99, 2.99, 2.99, 2.99, 1004]
['2019-03-26 11:51:00', 2.985, 2.985, 2.985, 2.985, 100]
['2019-03-26 11:50:00', 2.99, 2.99, 2.99, 2.99, 600]
['2019-03-26 11:49:00', 2.99, 2.99, 2.99, 2.99, 200]
['2019-03-26 11:47:00', 2.985, 2.985, 2.985, 2.985, 2000]
['2019-03-26 11:46:00', 3.0, 3.0, 3.0, 3.0, 300]
['2019-03-26 11:44:00', 3.0, 3.0, 3.0, 3.0, 400]
['2019-03-26 11:43:00', 2.995, 2.995, 2.995, 2.995, 1105]
['2019-03-26 11:42:00', 3.0, 3.0, 3.0, 3.0, 101]
['2019-03-26 11:38:00', 2.99, 3.0, 2.99, 3.0, 4488]
['2019-03-26 11:34:00', 2.995, 2.99, 2.99, 2.995, 2191]
['2019-03-26 11:31:00', 3.0, 3.0, 3.0, 3.0, 200]
['2019-03-26 11:28:00', 3.0, 3.0, 3.0, 3.0, 321]
['2019-03-26 11:27:00', 3.0, 3.0, 3.0, 3.0, 435]
['2019-03-26 11:23:00', 3.0, 3.0, 3.0, 3.0, 200]
['2019-03-26 11:20:00', 2.99, 2.99, 2.99, 2.99, 300]
['2019-03-26 11:19:00', 3.005, 2.99, 2.99, 3.005, 6042]
['2019-03-26 11:18:00', 3.0, 3.0, 3.0, 3.0, 1100]
['2019-03-26 11:15:00', 2.995, 2.995, 2.995, 2.995, 300]
['2019-03-26 11:14:00', 2.995, 2.995, 2.995, 2.995, 201]
['2019-03-26 11:12:00', 2.995, 3.0, 2.995, 3.0, 401]
['2019-03-26 11:10:00', 2.995, 2.995, 2.995, 2.995, 1002]
['2019-03-26 11:08:00', 3.0, 3.0, 3.0, 3.0, 400]
['2019-03-26 11:06:00', 3.0, 3.0, 3.0, 3.0, 300]
['2019-03-26 11:05:00', 2.99, 2.99, 2.99, 2.99, 400]
['2019-03-26 11:04:00', 2.99, 2.99, 2.99, 2.99, 3286]
['2019-03-26 11:03:00', 2.99, 2.99, 2.99, 2.99, 601]
['2019-03-26 11:01:00', 3.0, 3.0, 3.0, 3.0, 5843]
['2019-03-26 11:00:00', 3.01, 3.005, 3.005, 3.01, 3126]
['2019-03-26 10:58:00', 3.0115, 3.0115, 3.0115, 3.0115, 700]
['2019-03-26 10:57:00', 3.02, 3.02, 3.02, 3.02, 1649]
['2019-03-26 10:55:00', 3.03, 3.03, 3.03, 3.03, 500]
['2019-03-26 10:54:00', 3.0223, 3.03, 3.0223, 3.03, 3600]
['2019-03-26 10:52:00', 3.03, 3.03, 3.03, 3.03, 9200]
['2019-03-26 10:51:00', 3.03, 3.03, 3.03, 3.03, 301]
['2019-03-26 10:50:00', 3.03, 3.03, 3.03, 3.03, 1915]
['2019-03-26 10:49:00', 3.02, 3.02, 3.02, 3.02, 3715]
['2019-03-26 10:47:00', 3.0, 3.0, 3.0, 3.0, 1103]
['2019-03-26 10:46:00', 2.99, 2.99, 2.99, 2.99, 1812]
['2019-03-26 10:43:00', 2.99, 2.99, 2.99, 2.99, 200]
['2019-03-26 10:41:00', 2.995, 2.99, 2.98, 2.995, 15905]
['2019-03-26 10:40:00', 2.9901, 2.9901, 2.9901, 2.9901, 436]
['2019-03-26 10:37:00', 3.01, 3.0, 3.0, 3.01, 5292]
['2019-03-26 10:36:00', 3.01, 3.01, 3.01, 3.01, 330]
['2019-03-26 10:35:00', 3.015, 3.015, 3.015, 3.015, 300]
['2019-03-26 10:33:00', 3.015, 3.015, 3.015, 3.015, 1000]
['2019-03-26 10:32:00', 3.02, 3.02, 3.02, 3.02, 400]
['2019-03-26 10:29:00', 3.02, 3.02, 3.02, 3.02, 400]
['2019-03-26 10:28:00', 3.0139, 3.0139, 3.0139, 3.0139, 1861]
['2019-03-26 10:27:00', 3.02, 3.02, 3.02, 3.02, 600]
['2019-03-26 10:26:00', 3.02, 3.02, 3.02, 3.02, 4900]
['2019-03-26 10:25:00', 3.015, 3.015, 3.015, 3.015, 300]
['2019-03-26 10:23:00', 3.02, 3.02, 3.02, 3.02, 400]
['2019-03-26 10:22:00', 3.02, 3.02, 3.02, 3.02, 405]
['2019-03-26 10:20:00', 3.02, 3.02, 3.02, 3.02, 285]
['2019-03-26 10:19:00', 3.016, 3.016, 3.016, 3.016, 400]
['2019-03-26 10:17:00', 3.02, 3.015, 3.015, 3.02, 3418]
['2019-03-26 10:16:00', 3.015, 3.015, 3.01, 3.015, 18704]
['2019-03-26 10:15:00', 3.02, 3.02, 3.02, 3.02, 2792]
['2019-03-26 10:14:00', 3.02, 3.03, 3.02, 3.035, 21418]
['2019-03-26 10:13:00', 3.03, 3.03, 3.03, 3.03, 2016]
['2019-03-26 10:12:00', 3.02, 3.02, 3.02, 3.02, 3395]
['2019-03-26 10:11:00', 3.0, 3.0, 2.995, 3.0, 10020]
['2019-03-26 10:10:00', 3.0, 3.0, 3.0, 3.0, 1720]
['2019-03-26 10:08:00', 3.0, 3.0, 3.0, 3.0, 2280]
['2019-03-26 10:07:00', 3.0, 3.0, 3.0, 3.0, 4077]
['2019-03-26 10:06:00', 3.0, 3.0, 3.0, 3.0, 247]
['2019-03-26 10:05:00', 3.0, 3.0, 3.0, 3.0, 6617]
['2019-03-26 10:04:00', 3.0, 3.0, 3.0, 3.0, 159]
['2019-03-26 10:03:00', 3.0, 3.0, 3.0, 3.0, 1300]
['2019-03-26 10:02:00', 3.0, 3.0, 3.0, 3.0, 4315]
['2019-03-26 10:01:00', 3.0, 2.985, 2.985, 3.0, 5517]
['2019-03-26 10:00:00', 3.0, 3.0, 3.0, 3.0, 1900]
['2019-03-26 09:59:00', 3.0, 3.0, 3.0, 3.0, 6289]
['2019-03-26 09:58:00', 3.0, 3.0, 3.0, 3.0, 4243]
['2019-03-26 09:57:00', 3.0, 3.0, 3.0, 3.0, 17478]
['2019-03-26 09:56:00', 3.0, 3.0, 3.0, 3.0, 7365]
['2019-03-26 09:55:00', 2.995, 2.995, 2.995, 2.995, 760]
['2019-03-26 09:54:00', 3.0, 3.0, 3.0, 3.0, 300]
['2019-03-26 09:53:00', 2.98, 2.9978, 2.98, 2.9978, 2336]
['2019-03-26 09:52:00', 2.975, 2.975, 2.975, 2.975, 501]
['2019-03-26 09:51:00', 2.98, 2.975, 2.975, 2.98, 1882]
['2019-03-26 09:50:00', 2.98, 2.98, 2.98, 2.98, 918]
['2019-03-26 09:49:00', 2.98, 2.965, 2.965, 2.98, 2050]
['2019-03-26 09:46:00', 2.99, 2.99, 2.99, 2.99, 9301]
['2019-03-26 09:45:00', 3.0, 3.0, 3.0, 3.0, 500]
['2019-03-26 09:44:00', 2.98, 2.98, 2.98, 2.98, 455]
['2019-03-26 09:43:00', 2.99, 2.99, 2.99, 2.99, 400]
['2019-03-26 09:41:00', 2.99, 2.99, 2.99, 2.99, 785]
['2019-03-26 09:39:00', 3.0, 3.0, 3.0, 3.0, 250]
['2019-03-26 09:38:00', 3.0, 3.0, 3.0, 3.0, 500]
['2019-03-26 09:37:00', 2.98, 2.98, 2.98, 2.98, 3124]
['2019-03-26 09:36:00', 3.0, 3.0, 3.0, 3.0, 1450]
['2019-03-26 09:35:00', 3.0, 3.0, 3.0, 3.0, 4183]
['2019-03-26 09:34:00', 3.01, 3.01, 2.99, 3.01, 17016]
['2019-03-26 09:31:00', 2.99, 2.99, 2.99, 2.99, 4193]
['2019-03-25 16:00:00', 2.97, 2.97, 2.97, 2.97, 1241736]
['2019-03-25 15:59:00', 2.96, 2.96, 2.96, 2.96, 11482]
['2019-03-25 15:58:00', 2.965, 2.96, 2.96, 2.965, 7284]
['2019-03-25 15:57:00', 2.97, 2.965, 2.965, 2.97, 5957]
['2019-03-25 15:56:00', 2.965, 2.965, 2.965, 2.965, 3819]
['2019-03-25 15:55:00', 2.965, 2.97, 2.965, 2.97, 1819]
['2019-03-25 15:54:00', 2.97, 2.965, 2.965, 2.97, 3726]
['2019-03-25 15:53:00', 2.965, 2.965, 2.965, 2.965, 381]
['2019-03-25 15:52:00', 2.96, 2.965, 2.96, 2.965, 2464]
['2019-03-25 15:51:00', 2.96, 2.96, 2.96, 2.96, 2310]
['2019-03-25 15:50:00', 2.97, 2.97, 2.97, 2.97, 2855]
['2019-03-25 15:49:00', 2.985, 2.971, 2.971, 2.985, 9802]
['2019-03-25 15:48:00', 2.99, 2.99, 2.99, 2.99, 1389]
['2019-03-25 15:47:00', 2.98, 2.99, 2.98, 2.99, 5855]
['2019-03-25 15:46:00', 2.99, 2.99, 2.99, 2.99, 3944]
['2019-03-25 15:45:00', 2.98, 2.98, 2.98, 2.98, 8444]
['2019-03-25 15:44:00', 2.98, 2.98, 2.98, 2.98, 6047]
['2019-03-25 15:42:00', 2.97, 2.97, 2.97, 2.97, 1503]
['2019-03-25 15:41:00', 2.965, 2.965, 2.965, 2.965, 2835]
['2019-03-25 15:40:00', 2.97, 2.97, 2.97, 2.97, 5622]
['2019-03-25 15:39:00', 2.97, 2.97, 2.97, 2.97, 3537]
['2019-03-25 15:38:00', 2.971, 2.971, 2.971, 2.971, 1600]
['2019-03-25 15:37:00', 2.975, 2.97, 2.97, 2.975, 900]
['2019-03-25 15:36:00', 2.97, 2.97, 2.97, 2.97, 1336]
['2019-03-25 15:35:00', 2.97, 2.97, 2.97, 2.97, 500]
['2019-03-25 15:34:00', 2.97, 2.97, 2.97, 2.97, 1700]
['2019-03-25 15:33:00', 2.97, 2.97, 2.97, 2.97, 3615]
['2019-03-25 15:32:00', 2.98, 2.98, 2.98, 2.98, 12853]
['2019-03-25 15:31:00', 2.98, 2.98, 2.98, 2.98, 600]
['2019-03-25 15:30:00', 2.98, 2.98, 2.98, 2.98, 2089]
['2019-03-25 15:28:00', 2.97, 2.97, 2.97, 2.97, 15452]
['2019-03-25 15:27:00', 2.97, 2.97, 2.97, 2.97, 6900]
['2019-03-25 15:26:00', 2.96, 2.96, 2.96, 2.96, 500]
['2019-03-25 15:25:00', 2.96, 2.96, 2.96, 2.96, 1118]
['2019-03-25 15:24:00', 2.95, 2.95, 2.95, 2.95, 900]
['2019-03-25 15:23:00', 2.95, 2.95, 2.95, 2.95, 415]
['2019-03-25 15:22:00', 2.9464, 2.9464, 2.9464, 2.9464, 750]
['2019-03-25 15:21:00', 2.95, 2.95, 2.95, 2.95, 500]
['2019-03-25 15:20:00', 2.95, 2.95, 2.95, 2.95, 400]
['2019-03-25 15:18:00', 2.95, 2.945, 2.945, 2.95, 2771]
['2019-03-25 15:17:00', 2.955, 2.955, 2.955, 2.955, 2192]
['2019-03-25 15:16:00', 2.95, 2.95, 2.95, 2.95, 200]
['2019-03-25 15:15:00', 2.95, 2.95, 2.95, 2.95, 300]
['2019-03-25 15:14:00', 2.94, 2.94, 2.94, 2.94, 339]
['2019-03-25 15:13:00', 2.94, 2.94, 2.94, 2.94, 437]
['2019-03-25 15:11:00', 2.95, 2.95, 2.95, 2.95, 822]
['2019-03-25 15:10:00', 2.94, 2.94, 2.94, 2.94, 1900]
['2019-03-25 15:09:00', 2.93, 2.9382, 2.93, 2.9382, 2900]
['2019-03-25 15:08:00', 2.915, 2.92, 2.915, 2.92, 3924]
['2019-03-25 15:07:00', 2.92, 2.92, 2.92, 2.92, 600]
['2019-03-25 15:05:00', 2.915, 2.915, 2.915, 2.915, 695]
['2019-03-25 15:04:00', 2.92, 2.92, 2.92, 2.92, 700]
['2019-03-25 15:02:00', 2.91, 2.915, 2.91, 2.915, 3279]
['2019-03-25 15:01:00', 2.905, 2.905, 2.905, 2.91, 4445]
['2019-03-25 14:59:00', 2.905, 2.905, 2.905, 2.905, 800]
['2019-03-25 14:56:00', 2.91, 2.91, 2.91, 2.91, 2652]
['2019-03-25 14:54:00', 2.905, 2.905, 2.905, 2.91, 13855]
['2019-03-25 14:53:00', 2.9, 2.905, 2.9, 2.91, 23931]
['2019-03-25 14:51:00', 2.91, 2.91, 2.91, 2.91, 401]
['2019-03-25 14:49:00', 2.905, 2.905, 2.905, 2.905, 500]
['2019-03-25 14:47:00', 2.905, 2.905, 2.905, 2.905, 4527]
['2019-03-25 14:46:00', 2.915, 2.915, 2.915, 2.915, 700]
['2019-03-25 14:45:00', 2.92, 2.92, 2.92, 2.92, 300]
['2019-03-25 14:44:00', 2.91, 2.91, 2.905, 2.91, 16074]
['2019-03-25 14:43:00', 2.905, 2.905, 2.905, 2.91, 6605]
['2019-03-25 14:42:00', 2.9, 2.905, 2.9, 2.905, 3111]
['2019-03-25 14:41:00', 2.895, 2.895, 2.895, 2.895, 200]
['2019-03-25 14:40:00', 2.895, 2.895, 2.895, 2.895, 602]
['2019-03-25 14:39:00', 2.9, 2.9, 2.9, 2.9, 400]
['2019-03-25 14:36:00', 2.9, 2.9, 2.9, 2.9, 400]
['2019-03-25 14:35:00', 2.9, 2.9, 2.9, 2.9, 600]
['2019-03-25 14:34:00', 2.9, 2.9, 2.9, 2.9, 400]
['2019-03-25 14:33:00', 2.9, 2.9, 2.9, 2.9, 5500]
['2019-03-25 14:32:00', 2.9, 2.9, 2.9, 2.9, 9290]
['2019-03-25 14:30:00', 2.9, 2.9, 2.9, 2.9, 411]
['2019-03-25 14:29:00', 2.9, 2.9, 2.9, 2.9, 700]
['2019-03-25 14:27:00', 2.9, 2.9, 2.9, 2.9, 100]
['2019-03-25 14:26:00', 2.9, 2.9, 2.9, 2.9, 200]
['2019-03-25 14:25:00', 2.89, 2.89, 2.89, 2.89, 300]
['2019-03-25 14:24:00', 2.9, 2.9, 2.9, 2.9, 200]
['2019-03-25 14:23:00', 2.9, 2.9, 2.9, 2.9, 122]
['2019-03-25 14:21:00', 2.9, 2.9, 2.9, 2.9, 100]
['2019-03-25 14:20:00', 2.9, 2.9, 2.9, 2.9, 200]
['2019-03-25 14:19:00', 2.9, 2.9, 2.9, 2.9, 1750]
['2019-03-25 14:18:00', 2.9, 2.9, 2.9, 2.9, 16131]
['2019-03-25 14:17:00', 2.9, 2.9, 2.9, 2.9, 300]
['2019-03-25 14:14:00', 2.91, 2.91, 2.91, 2.91, 100]
['2019-03-25 14:13:00', 2.91, 2.91, 2.91, 2.91, 200]
['2019-03-25 14:11:00', 2.905, 2.905, 2.905, 2.905, 1225]
['2019-03-25 14:09:00', 2.9, 2.9, 2.9, 2.9, 522]
['2019-03-25 14:08:00', 2.91, 2.91, 2.91, 2.91, 1097]
['2019-03-25 14:06:00', 2.9, 2.9, 2.9, 2.9, 113]
['2019-03-25 14:04:00', 2.905, 2.905, 2.905, 2.905, 500]
['2019-03-25 14:02:00', 2.905, 2.905, 2.905, 2.905, 300]
['2019-03-25 14:01:00', 2.91, 2.91, 2.91, 2.91, 700]
['2019-03-25 13:58:00', 2.905, 2.905, 2.905, 2.905, 200]
['2019-03-25 13:57:00', 2.91, 2.91, 2.91, 2.91, 102]
['2019-03-25 13:54:00', 2.9, 2.91, 2.9, 2.91, 1945]
['2019-03-25 13:53:00', 2.9, 2.9, 2.9, 2.9, 14252]
['2019-03-25 13:52:00', 2.9, 2.9, 2.9, 2.9, 1200]
['2019-03-25 13:51:00', 2.89, 2.89, 2.89, 2.89, 3201]
['2019-03-25 13:50:00', 2.9, 2.88, 2.88, 2.9, 47905]
['2019-03-25 13:49:00', 2.91, 2.91, 2.91, 2.91, 500]
['2019-03-25 13:47:00', 2.91, 2.91, 2.91, 2.91, 400]
['2019-03-25 13:44:00', 2.91, 2.91, 2.91, 2.91, 208]
['2019-03-25 13:43:00', 2.91, 2.91, 2.91, 2.91, 100]
['2019-03-25 13:42:00', 2.91, 2.91, 2.91, 2.91, 200]
['2019-03-25 13:40:00', 2.905, 2.9, 2.9, 2.91, 3350]
['2019-03-25 13:39:00', 2.91, 2.91, 2.91, 2.91, 1700]
['2019-03-25 13:38:00', 2.91, 2.905, 2.905, 2.91, 3500]
['2019-03-25 13:37:00', 2.91, 2.905, 2.905, 2.91, 3400]
['2019-03-25 13:35:00', 2.905, 2.91, 2.905, 2.91, 1119]
['2019-03-25 13:33:00', 2.91, 2.91, 2.91, 2.91, 507]
['2019-03-25 13:32:00', 2.91, 2.91, 2.91, 2.91, 2733]
['2019-03-25 13:31:00', 2.905, 2.905, 2.905, 2.905, 200]
['2019-03-25 13:30:00', 2.91, 2.91, 2.91, 2.91, 400]
['2019-03-25 13:29:00', 2.91, 2.91, 2.91, 2.91, 500]
['2019-03-25 13:26:00', 2.905, 2.905, 2.905, 2.905, 300]
['2019-03-25 13:25:00', 2.9, 2.9, 2.9, 2.9, 611]
['2019-03-25 13:24:00', 2.91, 2.91, 2.91, 2.91, 600]
['2019-03-25 13:23:00', 2.905, 2.905, 2.905, 2.905, 500]
['2019-03-25 13:22:00', 2.905, 2.905, 2.905, 2.905, 600]
['2019-03-25 13:20:00', 2.905, 2.905, 2.905, 2.905, 600]
['2019-03-25 13:17:00', 2.915, 2.91, 2.91, 2.915, 2160]
['2019-03-25 13:16:00', 2.92, 2.92, 2.92, 2.92, 8449]
['2019-03-25 13:15:00', 2.92, 2.92, 2.92, 2.92, 550]
['2019-03-25 13:14:00', 2.92, 2.92, 2.92, 2.92, 9763]
['2019-03-25 13:13:00', 2.91, 2.91, 2.91, 2.91, 510]
['2019-03-25 13:11:00', 2.91, 2.9, 2.9, 2.91, 1607]
['2019-03-25 13:09:00', 2.91, 2.91, 2.91, 2.91, 314]
['2019-03-25 13:08:00', 2.905, 2.905, 2.905, 2.905, 1002]
['2019-03-25 13:07:00', 2.91, 2.905, 2.905, 2.91, 2100]
['2019-03-25 13:05:00', 2.905, 2.905, 2.905, 2.905, 923]
['2019-03-25 13:02:00', 2.9, 2.9, 2.9, 2.9, 700]
['2019-03-25 13:01:00', 2.905, 2.905, 2.905, 2.905, 400]
['2019-03-25 13:00:00', 2.905, 2.905, 2.905, 2.905, 1122]
['2019-03-25 12:59:00', 2.91, 2.905, 2.905, 2.91, 2379]
['2019-03-25 12:58:00', 2.9, 2.9, 2.9, 2.9, 2923]
['2019-03-25 12:57:00', 2.9, 2.9, 2.9, 2.9, 200]
['2019-03-25 12:56:00', 2.9, 2.9, 2.9, 2.9, 401]
['2019-03-25 12:53:00', 2.9, 2.9, 2.9, 2.9, 2600]
['2019-03-25 12:51:00', 2.9, 2.9, 2.9, 2.9, 1591]
['2019-03-25 12:50:00', 2.9, 2.9, 2.9, 2.9, 209]
['2019-03-25 12:49:00', 2.9, 2.9, 2.9, 2.9, 301]
['2019-03-25 12:48:00', 2.9, 2.9, 2.9, 2.9, 300]
['2019-03-25 12:47:00', 2.9, 2.9, 2.9, 2.9, 200]
['2019-03-25 12:45:00', 2.9, 2.9, 2.9, 2.9, 113]
['2019-03-25 12:44:00', 2.9, 2.9, 2.9, 2.9, 102]
['2019-03-25 12:42:00', 2.9, 2.9, 2.9, 2.9, 700]
['2019-03-25 12:41:00', 2.9, 2.9, 2.9, 2.9, 1800]
['2019-03-25 12:40:00', 2.9, 2.9, 2.9, 2.9, 300]
['2019-03-25 12:36:00', 2.9, 2.9, 2.9, 2.9, 450]
['2019-03-25 12:35:00', 2.895, 2.895, 2.895, 2.895, 563]
['2019-03-25 12:32:00', 2.9, 2.9, 2.9, 2.9, 100]
['2019-03-25 12:30:00', 2.895, 2.895, 2.895, 2.895, 1127]
['2019-03-25 12:29:00', 2.9, 2.9, 2.9, 2.9, 38512]
['2019-03-25 12:27:00', 2.91, 2.91, 2.91, 2.91, 1400]
['2019-03-25 12:25:00', 2.905, 2.9, 2.9, 2.905, 4700]
['2019-03-25 12:24:00', 2.9, 2.9, 2.9, 2.9, 800]
['2019-03-25 12:21:00', 2.91, 2.91, 2.91, 2.91, 2800]
['2019-03-25 12:20:00', 2.91, 2.9, 2.9, 2.91, 11951]
['2019-03-25 12:19:00', 2.915, 2.915, 2.915, 2.915, 400]
['2019-03-25 12:16:00', 2.915, 2.915, 2.915, 2.915, 1465]
['2019-03-25 12:15:00', 2.915, 2.915, 2.915, 2.915, 400]
['2019-03-25 12:14:00', 2.91, 2.91, 2.91, 2.91, 600]
['2019-03-25 12:12:00', 2.915, 2.915, 2.915, 2.915, 600]
['2019-03-25 12:11:00', 2.915, 2.915, 2.915, 2.915, 480]
['2019-03-25 12:09:00', 2.9178, 2.92, 2.9178, 2.92, 5600]
['2019-03-25 12:06:00', 2.91, 2.915, 2.905, 2.915, 11105]
['2019-03-25 12:05:00', 2.905, 2.905, 2.905, 2.905, 7520]
['2019-03-25 12:02:00', 2.91, 2.905, 2.905, 2.91, 700]
['2019-03-25 11:58:00', 2.905, 2.905, 2.905, 2.905, 1592]
['2019-03-25 11:55:00', 2.91, 2.91, 2.91, 2.91, 2678]
['2019-03-25 11:54:00', 2.91, 2.91, 2.91, 2.91, 300]
['2019-03-25 11:50:00', 2.92, 2.91, 2.91, 2.92, 5770]
['2019-03-25 11:47:00', 2.93, 2.93, 2.93, 2.93, 2000]
['2019-03-25 11:46:00', 2.93, 2.93, 2.93, 2.93, 800]
['2019-03-25 11:45:00', 2.93, 2.93, 2.93, 2.93, 1000]
['2019-03-25 11:43:00', 2.93, 2.93, 2.93, 2.93, 300]
['2019-03-25 11:42:00', 2.93, 2.93, 2.93, 2.93, 200]
['2019-03-25 11:40:00', 2.93, 2.93, 2.93, 2.93, 1850]
['2019-03-25 11:39:00', 2.93, 2.925, 2.925, 2.93, 6857]
['2019-03-25 11:37:00', 2.93, 2.93, 2.93, 2.93, 200]
['2019-03-25 11:35:00', 2.9299, 2.9299, 2.9299, 2.9299, 3634]
['2019-03-25 11:34:00', 2.935, 2.93, 2.93, 2.935, 1839]
['2019-03-25 11:33:00', 2.935, 2.935, 2.935, 2.935, 477]
['2019-03-25 11:32:00', 2.94, 2.94, 2.94, 2.94, 500]
['2019-03-25 11:31:00', 2.935, 2.935, 2.935, 2.935, 2900]
['2019-03-25 11:30:00', 2.94, 2.935, 2.935, 2.94, 2724]
['2019-03-25 11:28:00', 2.935, 2.94, 2.935, 2.94, 5514]
['2019-03-25 11:26:00', 2.935, 2.935, 2.935, 2.94, 4641]
['2019-03-25 11:25:00', 2.94, 2.94, 2.935, 2.94, 11707]
['2019-03-25 11:24:00', 2.94, 2.935, 2.935, 2.94, 7201]
['2019-03-25 11:23:00', 2.935, 2.935, 2.935, 2.935, 700]
['2019-03-25 11:22:00', 2.935, 2.935, 2.935, 2.935, 3512]
['2019-03-25 11:21:00', 2.935, 2.935, 2.935, 2.935, 4423]
['2019-03-25 11:20:00', 2.935, 2.94, 2.935, 2.94, 2209]
['2019-03-25 11:19:00', 2.935, 2.94, 2.935, 2.94, 9200]
['2019-03-25 11:18:00', 2.935, 2.935, 2.935, 2.935, 900]
['2019-03-25 11:17:00', 2.94, 2.935, 2.935, 2.94, 865]
['2019-03-25 11:15:00', 2.93, 2.94, 2.93, 2.94, 9400]
['2019-03-25 11:14:00', 2.93, 2.93, 2.93, 2.93, 4322]
['2019-03-25 11:13:00', 2.92, 2.92, 2.92, 2.92, 1000]
['2019-03-25 11:12:00', 2.92, 2.92, 2.92, 2.92, 700]
['2019-03-25 11:11:00', 2.9, 2.905, 2.9, 2.905, 4046]
['2019-03-25 11:10:00', 2.905, 2.905, 2.905, 2.905, 2000]
['2019-03-25 11:09:00', 2.905, 2.905, 2.905, 2.905, 500]
['2019-03-25 11:07:00', 2.905, 2.9, 2.9, 2.905, 4575]
['2019-03-25 11:06:00', 2.9, 2.9, 2.9, 2.9, 17872]
['2019-03-25 11:05:00', 2.9, 2.9, 2.9, 2.9, 200]
['2019-03-25 11:04:00', 2.9, 2.89, 2.89, 2.9, 8311]
['2019-03-25 11:03:00', 2.9, 2.9, 2.9, 2.9, 1847]
['2019-03-25 11:01:00', 2.89, 2.89, 2.89, 2.89, 1400]
['2019-03-25 11:00:00', 2.8923, 2.8923, 2.8923, 2.8923, 7725]
['2019-03-25 10:59:00', 2.915, 2.915, 2.915, 2.915, 374]
['2019-03-25 10:58:00', 2.91, 2.91, 2.91, 2.91, 300]
['2019-03-25 10:57:00', 2.91, 2.915, 2.91, 2.915, 4400]
['2019-03-25 10:56:00', 2.905, 2.905, 2.905, 2.905, 4000]
['2019-03-25 10:55:00', 2.905, 2.905, 2.905, 2.905, 8300]
['2019-03-25 10:54:00', 2.905, 2.905, 2.905, 2.905, 2202]
['2019-03-25 10:53:00', 2.905, 2.905, 2.905, 2.905, 1306]
['2019-03-25 10:52:00', 2.9083, 2.905, 2.905, 2.9083, 2034]
['2019-03-25 10:51:00', 2.9, 2.905, 2.9, 2.905, 11214]
['2019-03-25 10:49:00', 2.89, 2.89, 2.89, 2.89, 703]
['2019-03-25 10:48:00', 2.89, 2.88, 2.87, 2.89, 46637]
['2019-03-25 10:47:00', 2.905, 2.9, 2.9, 2.91, 58368]
['2019-03-25 10:46:00', 2.91, 2.91, 2.91, 2.91, 3621]
['2019-03-25 10:45:00', 2.901, 2.91, 2.901, 2.91, 13400]
['2019-03-25 10:44:00', 2.91, 2.91, 2.91, 2.91, 12300]
['2019-03-25 10:42:00', 2.9, 2.9, 2.9, 2.9, 1390]
['2019-03-25 10:41:00', 2.91, 2.9, 2.9, 2.91, 10137]
['2019-03-25 10:40:00', 2.915, 2.92, 2.91, 2.92, 52661]
['2019-03-25 10:39:00', 2.92, 2.91, 2.91, 2.925, 6310]
['2019-03-25 10:38:00', 2.925, 2.925, 2.925, 2.925, 700]
['2019-03-25 10:37:00', 2.905, 2.92, 2.905, 2.92, 7928]
['2019-03-25 10:36:00', 2.92, 2.92, 2.92, 2.92, 10852]
['2019-03-25 10:35:00', 2.92, 2.92, 2.919, 2.92, 14084]
['2019-03-25 10:34:00', 2.9266, 2.9266, 2.9266, 2.9266, 1400]
['2019-03-25 10:30:00', 2.91, 2.91, 2.91, 2.91, 1990]
['2019-03-25 10:28:00', 2.91, 2.91, 2.91, 2.91, 200]
['2019-03-25 10:27:00', 2.91, 2.91, 2.91, 2.91, 2501]
['2019-03-25 10:26:00', 2.91, 2.91, 2.91, 2.91, 1800]
['2019-03-25 10:25:00', 2.9, 2.9, 2.9, 2.9, 400]
['2019-03-25 10:24:00', 2.9, 2.9, 2.9, 2.9, 1821]
['2019-03-25 10:23:00', 2.9, 2.9, 2.9, 2.9, 712]
['2019-03-25 10:21:00', 2.9, 2.9, 2.9, 2.9, 505]
['2019-03-25 10:20:00', 2.895, 2.895, 2.895, 2.895, 400]
['2019-03-25 10:18:00', 2.89, 2.89, 2.89, 2.89, 800]
['2019-03-25 10:17:00', 2.91, 2.9, 2.9, 2.91, 1267]
['2019-03-25 10:16:00', 2.905, 2.905, 2.905, 2.905, 600]
['2019-03-25 10:15:00', 2.9, 2.9, 2.9, 2.9, 400]
['2019-03-25 10:14:00', 2.9014, 2.9014, 2.9014, 2.9014, 2022]
['2019-03-25 10:13:00', 2.9, 2.91, 2.9, 2.91, 3035]
['2019-03-25 10:11:00', 2.91, 2.9049, 2.9049, 2.91, 22101]
['2019-03-25 10:10:00', 2.91, 2.91, 2.91, 2.91, 100]
['2019-03-25 10:08:00', 2.9, 2.9, 2.9, 2.9, 1000]
['2019-03-25 10:07:00', 2.9001, 2.9001, 2.9001, 2.9001, 1900]
['2019-03-25 10:06:00', 2.8922, 2.9, 2.8922, 2.9, 300]
['2019-03-25 10:05:00', 2.9, 2.9, 2.9, 2.9, 356]
['2019-03-25 10:04:00', 2.9, 2.9, 2.9, 2.9, 600]
['2019-03-25 10:03:00', 2.9111, 2.89, 2.89, 2.9111, 19444]
['2019-03-25 10:01:00', 2.91, 2.91, 2.91, 2.91, 6456]
['2019-03-25 10:00:00', 2.91, 2.91, 2.91, 2.91, 7900]
['2019-03-25 09:59:00', 2.92, 2.92, 2.92, 2.92, 341]
['2019-03-25 09:58:00', 2.92, 2.92, 2.92, 2.92, 5306]
['2019-03-25 09:57:00', 2.9334, 2.9334, 2.9334, 2.9334, 6820]
['2019-03-25 09:54:00', 2.92, 2.92, 2.92, 2.92, 9568]
['2019-03-25 09:53:00', 2.92, 2.92, 2.92, 2.92, 1617]
['2019-03-25 09:52:00', 2.92, 2.92, 2.92, 2.92, 600]
['2019-03-25 09:51:00', 2.91, 2.91, 2.91, 2.91, 2706]
['2019-03-25 09:50:00', 2.89, 2.89, 2.89, 2.89, 2915]
['2019-03-25 09:49:00', 2.9, 2.89, 2.89, 2.9, 27608]
['2019-03-25 09:48:00', 2.89, 2.9, 2.89, 2.9, 3315]
['2019-03-25 09:47:00', 2.9, 2.87, 2.87, 2.9, 10974]
['2019-03-25 09:46:00', 2.9, 2.89, 2.89, 2.9, 7090]
['2019-03-25 09:45:00', 2.94, 2.94, 2.94, 2.94, 433]
['2019-03-25 09:42:00', 2.9524, 2.9524, 2.9524, 2.9524, 950]
['2019-03-25 09:40:00', 2.95, 2.95, 2.95, 2.95, 9952]
['2019-03-25 09:38:00', 2.95, 2.95, 2.95, 2.95, 600]
['2019-03-25 09:37:00', 2.94, 2.94, 2.94, 2.94, 3153]
['2019-03-25 09:36:00', 2.92, 2.92, 2.92, 2.92, 3990]
['2019-03-25 09:35:00', 2.92, 2.92, 2.92, 2.92, 400]
['2019-03-25 09:34:00', 2.9, 2.9, 2.9, 2.9, 3670]
['2019-03-25 09:33:00', 2.92, 2.92, 2.92, 2.92, 7547]
['2019-03-25 09:32:00', 2.94, 2.94, 2.94, 2.94, 0]
