ACRS
['2019-03-29 16:00:00', 6.0, 6.0, 5.99, 6.0, 5621]
['2019-03-29 15:59:00', 6.0, 5.995, 5.995, 6.0, 2161]
['2019-03-29 15:58:00', 6.0, 6.0, 6.0, 6.0, 5530]
['2019-03-29 15:57:00', 6.01, 6.0, 6.0, 6.01, 6021]
['2019-03-29 15:56:00', 6.0, 6.01, 6.0, 6.015, 13748]
['2019-03-29 15:55:00', 6.0, 6.0, 6.0, 6.0, 847]
['2019-03-29 15:54:00', 6.0, 6.0, 6.0, 6.0, 505]
['2019-03-29 15:53:00', 6.0, 6.0, 6.0, 6.0, 300]
['2019-03-29 15:52:00', 5.995, 5.995, 5.995, 5.995, 2167]
['2019-03-29 15:51:00', 5.99, 5.99, 5.99, 5.99, 3048]
['2019-03-29 15:50:00', 5.99, 6.0, 5.99, 6.0, 1994]
['2019-03-29 15:49:00', 5.99, 5.99, 5.99, 5.99, 1129]
['2019-03-29 15:47:00', 6.0, 6.0, 6.0, 6.0, 3717]
['2019-03-29 15:46:00', 6.0, 6.0, 6.0, 6.0, 946]
['2019-03-29 15:45:00', 6.005, 6.005, 6.005, 6.005, 1876]
['2019-03-29 15:44:00', 5.99, 6.0, 5.99, 6.0, 1786]
['2019-03-29 15:42:00', 6.0, 6.0, 6.0, 6.0, 2551]
['2019-03-29 15:41:00', 6.005, 6.005, 6.005, 6.005, 635]
['2019-03-29 15:40:00', 6.0, 6.0, 6.0, 6.0, 860]
['2019-03-29 15:39:00', 6.005, 6.005, 6.005, 6.005, 419]
['2019-03-29 15:38:00', 6.0, 6.0, 6.0, 6.0, 624]
['2019-03-29 15:37:00', 6.005, 6.005, 6.005, 6.005, 3529]
['2019-03-29 15:36:00', 6.0, 6.0, 6.0, 6.0, 1130]
['2019-03-29 15:35:00', 6.0, 6.0, 6.0, 6.0, 1015]
['2019-03-29 15:33:00', 6.0, 6.0, 6.0, 6.0, 615]
['2019-03-29 15:31:00', 6.0, 5.99, 5.99, 6.0, 761]
['2019-03-29 15:28:00', 6.0, 6.0, 6.0, 6.0, 431]
['2019-03-29 15:27:00', 6.0, 6.0, 6.0, 6.0, 1582]
['2019-03-29 15:23:00', 6.0, 6.0, 6.0, 6.0, 1131]
['2019-03-29 15:22:00', 6.0, 6.0, 6.0, 6.0, 100]
['2019-03-29 15:20:00', 6.0, 6.0, 6.0, 6.0, 500]
['2019-03-29 15:18:00', 6.005, 6.005, 6.005, 6.005, 830]
['2019-03-29 15:17:00', 6.005, 6.005, 6.005, 6.005, 2072]
['2019-03-29 15:14:00', 5.99, 5.99, 5.99, 5.99, 140]
['2019-03-29 15:10:00', 6.0, 5.995, 5.995, 6.0, 2286]
['2019-03-29 15:09:00', 6.005, 6.005, 6.005, 6.005, 200]
['2019-03-29 15:07:00', 6.0, 6.0, 6.0, 6.0, 700]
['2019-03-29 15:05:00', 6.005, 6.005, 6.005, 6.005, 600]
['2019-03-29 15:04:00', 6.0, 6.0, 6.0, 6.0, 1114]
['2019-03-29 15:03:00', 6.0, 6.0, 6.0, 6.0, 602]
['2019-03-29 15:01:00', 5.99, 5.99, 5.99, 5.99, 460]
['2019-03-29 14:58:00', 6.0, 6.0, 6.0, 6.0, 600]
['2019-03-29 14:56:00', 6.01, 6.005, 6.005, 6.01, 1372]
['2019-03-29 14:53:00', 6.0, 6.0, 6.0, 6.0, 1640]
['2019-03-29 14:51:00', 6.0, 6.0, 6.0, 6.0, 1929]
['2019-03-29 14:50:00', 5.9975, 5.9975, 5.9975, 5.9975, 603]
['2019-03-29 14:49:00', 6.0, 6.0, 6.0, 6.0, 200]
['2019-03-29 14:47:00', 6.0, 6.0, 6.0, 6.0, 300]
['2019-03-29 14:45:00', 5.99, 5.99, 5.99, 5.99, 651]
['2019-03-29 14:41:00', 6.0036, 6.0, 6.0, 6.01, 2110]
['2019-03-29 14:34:00', 6.01, 6.0, 6.0, 6.01, 2074]
['2019-03-29 14:33:00', 6.0, 6.0, 6.0, 6.0, 1584]
['2019-03-29 14:29:00', 6.0, 6.0, 6.0, 6.0, 225]
['2019-03-29 14:28:00', 6.0, 6.0, 6.0, 6.0, 668]
['2019-03-29 14:24:00', 5.99, 6.0, 5.99, 6.0, 1863]
['2019-03-29 14:21:00', 5.99, 5.99, 5.99, 5.99, 354]
['2019-03-29 14:19:00', 5.99, 5.99, 5.99, 5.99, 410]
['2019-03-29 14:14:00', 5.985, 5.985, 5.985, 5.985, 2459]
['2019-03-29 14:11:00', 5.99, 5.99, 5.99, 5.99, 544]
['2019-03-29 14:10:00', 5.99, 5.99, 5.99, 5.99, 725]
['2019-03-29 14:09:00', 6.01, 6.01, 6.01, 6.01, 100]
['2019-03-29 14:06:00', 6.0, 6.0, 6.0, 6.0, 200]
['2019-03-29 14:05:00', 6.0, 6.0, 6.0, 6.0, 355]
['2019-03-29 14:04:00', 5.99, 5.99, 5.99, 5.99, 148]
['2019-03-29 14:03:00', 6.0, 6.0, 6.0, 6.0, 410]
['2019-03-29 14:02:00', 6.0, 6.0, 6.0, 6.0, 600]
['2019-03-29 14:00:00', 6.0, 6.0, 6.0, 6.0, 1205]
['2019-03-29 13:59:00', 6.0, 6.0, 6.0, 6.0, 300]
['2019-03-29 13:56:00', 6.0, 6.0, 6.0, 6.0, 705]
['2019-03-29 13:53:00', 6.0, 6.0, 6.0, 6.0, 2736]
['2019-03-29 13:51:00', 5.975, 5.975, 5.975, 5.975, 400]
['2019-03-29 13:49:00', 5.985, 5.985, 5.985, 5.985, 530]
['2019-03-29 13:48:00', 5.98, 5.98, 5.98, 5.98, 1474]
['2019-03-29 13:47:00', 5.97, 5.97, 5.97, 5.97, 529]
['2019-03-29 13:45:00', 5.99, 6.0, 5.99, 6.0, 645]
['2019-03-29 13:40:00', 5.97, 5.97, 5.97, 5.97, 131]
['2019-03-29 13:38:00', 5.99, 5.98, 5.98, 5.99, 2374]
['2019-03-29 13:34:00', 5.99, 5.99, 5.99, 5.99, 361]
['2019-03-29 13:31:00', 5.99, 5.99, 5.99, 5.99, 635]
['2019-03-29 13:30:00', 5.99, 5.99, 5.99, 5.99, 812]
['2019-03-29 13:29:00', 5.98, 5.98, 5.98, 5.98, 260]
['2019-03-29 13:23:00', 5.98, 5.98, 5.98, 5.98, 551]
['2019-03-29 13:21:00', 5.98, 5.98, 5.98, 5.98, 1307]
['2019-03-29 13:18:00', 5.99, 5.99, 5.99, 5.99, 354]
['2019-03-29 13:15:00', 6.0, 5.99, 5.99, 6.0, 995]
['2019-03-29 13:14:00', 6.01, 6.0, 6.0, 6.01, 2236]
['2019-03-29 13:13:00', 6.0, 6.0, 6.0, 6.0, 300]
['2019-03-29 13:11:00', 6.0, 6.0, 6.0, 6.0, 400]
['2019-03-29 13:10:00', 6.01, 6.01, 6.01, 6.01, 460]
['2019-03-29 13:09:00', 6.0, 6.0, 6.0, 6.0, 930]
['2019-03-29 13:08:00', 5.995, 6.0, 5.995, 6.0, 1233]
['2019-03-29 13:05:00', 6.0, 6.0, 6.0, 6.0, 112]
['2019-03-29 13:01:00', 6.01, 6.01, 6.01, 6.01, 388]
['2019-03-29 12:59:00', 6.01, 6.01, 6.01, 6.01, 3478]
['2019-03-29 12:58:00', 6.0216, 6.0216, 6.0216, 6.0216, 1582]
['2019-03-29 12:56:00', 6.01, 6.01, 6.01, 6.01, 1186]
['2019-03-29 12:54:00', 6.01, 6.01, 6.01, 6.01, 614]
['2019-03-29 12:52:00', 6.01, 6.01, 6.01, 6.01, 1400]
['2019-03-29 12:51:00', 6.0, 6.0, 6.0, 6.0, 419]
['2019-03-29 12:48:00', 6.0, 6.0, 6.0, 6.0, 900]
['2019-03-29 12:47:00', 5.98, 5.98, 5.98, 5.98, 995]
['2019-03-29 12:46:00', 5.97, 5.97, 5.97, 5.97, 600]
['2019-03-29 12:45:00', 5.96, 5.96, 5.96, 5.96, 667]
['2019-03-29 12:43:00', 5.96, 5.96, 5.96, 5.96, 550]
['2019-03-29 12:42:00', 5.95, 5.95, 5.95, 5.95, 1671]
['2019-03-29 12:41:00', 5.95, 5.9499, 5.9499, 5.95, 2512]
['2019-03-29 12:36:00', 5.93, 5.93, 5.93, 5.93, 200]
['2019-03-29 12:32:00', 5.95, 5.95, 5.95, 5.95, 276]
['2019-03-29 12:30:00', 5.9428, 5.9428, 5.9428, 5.9428, 210]
['2019-03-29 12:28:00', 5.9461, 5.9461, 5.9461, 5.9461, 800]
['2019-03-29 12:24:00', 5.93, 5.93, 5.93, 5.93, 160]
['2019-03-29 12:20:00', 5.95, 5.95, 5.95, 5.95, 540]
['2019-03-29 12:19:00', 5.94, 5.94, 5.94, 5.94, 195]
['2019-03-29 12:15:00', 5.94, 5.94, 5.94, 5.94, 528]
['2019-03-29 12:06:00', 5.95, 5.95, 5.95, 5.95, 2062]
['2019-03-29 12:01:00', 5.94, 5.9493, 5.94, 5.9493, 1480]
['2019-03-29 12:00:00', 5.94, 5.94, 5.94, 5.94, 1990]
['2019-03-29 11:57:00', 5.94, 5.9399, 5.9399, 5.94, 2500]
['2019-03-29 11:54:00', 5.93, 5.94, 5.93, 5.94, 605]
['2019-03-29 11:51:00', 5.94, 5.94, 5.94, 5.94, 423]
['2019-03-29 11:50:00', 5.94, 5.93, 5.93, 5.94, 2642]
['2019-03-29 11:49:00', 5.93, 5.93, 5.93, 5.93, 570]
['2019-03-29 11:46:00', 5.92, 5.92, 5.92, 5.92, 300]
['2019-03-29 11:42:00', 5.95, 5.95, 5.95, 5.95, 456]
['2019-03-29 11:41:00', 5.93, 5.93, 5.93, 5.93, 511]
['2019-03-29 11:39:00', 5.95, 5.95, 5.95, 5.95, 1798]
['2019-03-29 11:38:00', 5.92, 5.92, 5.92, 5.92, 3860]
['2019-03-29 11:36:00', 5.94, 5.94, 5.94, 5.94, 6420]
['2019-03-29 11:35:00', 5.95, 5.95, 5.95, 5.95, 1023]
['2019-03-29 11:34:00', 5.96, 5.96, 5.96, 5.96, 300]
['2019-03-29 11:32:00', 5.95, 5.95, 5.95, 5.95, 625]
['2019-03-29 11:31:00', 5.97, 5.94, 5.94, 5.97, 19954]
['2019-03-29 11:30:00', 5.99, 5.99, 5.99, 5.99, 1400]
['2019-03-29 11:29:00', 5.99, 5.99, 5.99, 5.99, 2650]
['2019-03-29 11:28:00', 5.97, 5.98, 5.97, 5.98, 3650]
['2019-03-29 11:27:00', 5.95, 5.97, 5.95, 5.97, 2900]
['2019-03-29 11:26:00', 5.95, 5.95, 5.95, 5.95, 3089]
['2019-03-29 11:25:00', 5.96, 5.96, 5.96, 5.96, 9130]
['2019-03-29 11:24:00', 5.96, 5.96, 5.96, 5.96, 1500]
['2019-03-29 11:23:00', 5.97, 5.97, 5.97, 5.97, 6834]
['2019-03-29 11:22:00', 5.955, 5.95, 5.95, 5.955, 5862]
['2019-03-29 11:21:00', 5.94, 5.94, 5.94, 5.94, 1305]
['2019-03-29 11:20:00', 5.92, 5.93, 5.92, 5.94, 7452]
['2019-03-29 11:19:00', 5.92, 5.925, 5.92, 5.925, 3732]
['2019-03-29 11:18:00', 5.92, 5.92, 5.92, 5.92, 900]
['2019-03-29 11:17:00', 5.92, 5.92, 5.92, 5.92, 1700]
['2019-03-29 11:16:00', 5.93, 5.93, 5.93, 5.93, 700]
['2019-03-29 11:15:00', 5.93, 5.93, 5.93, 5.93, 765]
['2019-03-29 11:14:00', 5.92, 5.92, 5.92, 5.92, 800]
['2019-03-29 11:13:00', 5.93, 5.93, 5.93, 5.93, 1200]
['2019-03-29 11:12:00', 5.94, 5.94, 5.94, 5.94, 1383]
['2019-03-29 11:11:00', 5.97, 5.96, 5.94, 5.99, 20739]
['2019-03-29 11:10:00', 5.945, 5.97, 5.945, 5.97, 2159]
['2019-03-29 11:09:00', 5.93, 5.93, 5.93, 5.93, 1410]
['2019-03-29 11:06:00', 5.91, 5.91, 5.91, 5.91, 1163]
['2019-03-29 11:02:00', 5.9, 5.9, 5.9, 5.9, 5000]
['2019-03-29 11:00:00', 5.92, 5.92, 5.92, 5.92, 323]
['2019-03-29 10:59:00', 5.92, 5.92, 5.92, 5.92, 400]
['2019-03-29 10:56:00', 5.94, 5.94, 5.94, 5.94, 190]
['2019-03-29 10:54:00', 5.95, 5.95, 5.95, 5.95, 1483]
['2019-03-29 10:53:00', 5.96, 5.96, 5.96, 5.96, 1500]
['2019-03-29 10:52:00', 5.9784, 5.9784, 5.9784, 5.9784, 1400]
['2019-03-29 10:51:00', 5.995, 5.98, 5.98, 5.995, 2095]
['2019-03-29 10:48:00', 6.0, 6.0, 6.0, 6.0, 805]
['2019-03-29 10:45:00', 6.02, 6.0, 6.0, 6.02, 1269]
['2019-03-29 10:43:00', 6.02, 6.02, 6.02, 6.02, 100]
['2019-03-29 10:42:00', 6.05, 6.05, 6.05, 6.05, 100]
['2019-03-29 10:34:00', 6.04, 6.04, 6.04, 6.04, 700]
['2019-03-29 10:30:00', 6.02, 6.02, 6.02, 6.02, 191]
['2019-03-29 10:29:00', 6.0, 6.01, 6.0, 6.01, 2641]
['2019-03-29 10:27:00', 6.01, 6.01, 6.01, 6.01, 2670]
['2019-03-29 10:24:00', 6.05, 6.05, 6.05, 6.05, 1245]
['2019-03-29 10:23:00', 6.05, 6.05, 6.05, 6.05, 941]
['2019-03-29 10:16:00', 6.05, 6.05, 6.05, 6.05, 358]
['2019-03-29 10:14:00', 6.03, 6.04, 6.03, 6.04, 4470]
['2019-03-29 10:13:00', 6.02, 6.02, 6.02, 6.02, 3679]
['2019-03-29 10:06:00', 6.0, 6.0, 6.0, 6.0, 600]
['2019-03-29 10:04:00', 6.06, 6.05, 6.05, 6.06, 1489]
['2019-03-29 10:01:00', 6.02, 6.02, 6.02, 6.02, 1500]
['2019-03-29 10:00:00', 6.025, 6.025, 6.025, 6.025, 1537]
['2019-03-29 09:59:00', 6.0073, 6.0073, 6.0073, 6.0073, 576]
['2019-03-29 09:58:00', 6.02, 6.02, 6.02, 6.02, 1530]
['2019-03-29 09:55:00', 6.06, 6.06, 6.06, 6.06, 900]
['2019-03-29 09:49:00', 6.035, 6.035, 6.035, 6.035, 292]
['2019-03-29 09:47:00', 6.0388, 6.0388, 6.0388, 6.0388, 1455]
['2019-03-29 09:45:00', 6.02, 6.02, 6.02, 6.02, 690]
['2019-03-29 09:44:00', 6.02, 6.02, 6.02, 6.02, 720]
['2019-03-29 09:43:00', 6.02, 6.02, 6.02, 6.02, 938]
['2019-03-29 09:41:00', 6.05, 6.05, 6.05, 6.05, 1300]
['2019-03-29 09:37:00', 6.03, 6.03, 6.03, 6.03, 2985]
['2019-03-29 09:35:00', 6.0, 6.0, 6.0, 6.0, 3095]
['2019-03-29 09:34:00', 6.065, 6.065, 6.065, 6.065, 2162]
['2019-03-29 09:31:00', 6.1, 6.1, 6.1, 6.1, 6248]
['2019-03-28 16:00:00', 6.13, 6.13, 6.13, 6.135, 9103]
['2019-03-28 15:59:00', 6.14, 6.135, 6.135, 6.14, 3629]
['2019-03-28 15:58:00', 6.13, 6.15, 6.13, 6.15, 6032]
['2019-03-28 15:57:00', 6.1, 6.12, 6.1, 6.12, 3430]
['2019-03-28 15:56:00', 6.1, 6.105, 6.1, 6.105, 4576]
['2019-03-28 15:55:00', 6.09, 6.09, 6.09, 6.09, 2244]
['2019-03-28 15:54:00', 6.095, 6.095, 6.095, 6.095, 439]
['2019-03-28 15:53:00', 6.09, 6.09, 6.09, 6.09, 3421]
['2019-03-28 15:52:00', 6.105, 6.09, 6.09, 6.105, 3428]
['2019-03-28 15:51:00', 6.11, 6.11, 6.11, 6.11, 1100]
['2019-03-28 15:50:00', 6.11, 6.11, 6.11, 6.11, 1205]
['2019-03-28 15:49:00', 6.1, 6.115, 6.1, 6.115, 4926]
['2019-03-28 15:48:00', 6.11, 6.105, 6.105, 6.11, 2519]
['2019-03-28 15:47:00', 6.14, 6.13, 6.13, 6.14, 6135]
['2019-03-28 15:46:00', 6.13, 6.14, 6.13, 6.14, 3335]
['2019-03-28 15:44:00', 6.125, 6.12, 6.12, 6.125, 832]
['2019-03-28 15:42:00', 6.12, 6.12, 6.12, 6.12, 732]
['2019-03-28 15:41:00', 6.12, 6.12, 6.12, 6.12, 900]
['2019-03-28 15:40:00', 6.185, 6.13, 6.13, 6.185, 11669]
['2019-03-28 15:39:00', 6.18, 6.18, 6.18, 6.18, 600]
['2019-03-28 15:38:00', 6.185, 6.185, 6.185, 6.185, 692]
['2019-03-28 15:37:00', 6.19, 6.19, 6.19, 6.19, 249]
['2019-03-28 15:36:00', 6.19, 6.19, 6.19, 6.19, 595]
['2019-03-28 15:35:00', 6.185, 6.185, 6.185, 6.185, 574]
['2019-03-28 15:33:00', 6.18, 6.18, 6.18, 6.18, 408]
['2019-03-28 15:32:00', 6.19, 6.19, 6.19, 6.19, 304]
['2019-03-28 15:31:00', 6.19, 6.19, 6.19, 6.19, 520]
['2019-03-28 15:30:00', 6.185, 6.18, 6.18, 6.185, 1424]
['2019-03-28 15:28:00', 6.185, 6.185, 6.185, 6.185, 900]
['2019-03-28 15:27:00', 6.17, 6.18, 6.17, 6.18, 2163]
['2019-03-28 15:25:00', 6.165, 6.17, 6.165, 6.17, 675]
['2019-03-28 15:23:00', 6.17, 6.17, 6.17, 6.17, 300]
['2019-03-28 15:22:00', 6.17, 6.17, 6.17, 6.17, 1169]
['2019-03-28 15:21:00', 6.175, 6.17, 6.16, 6.175, 6883]
['2019-03-28 15:20:00', 6.17, 6.17, 6.17, 6.17, 200]
['2019-03-28 15:19:00', 6.17, 6.1699, 6.1699, 6.17, 951]
['2019-03-28 15:17:00', 6.165, 6.165, 6.165, 6.165, 600]
['2019-03-28 15:16:00', 6.165, 6.165, 6.165, 6.165, 830]
['2019-03-28 15:15:00', 6.17, 6.17, 6.17, 6.17, 405]
['2019-03-28 15:13:00', 6.17, 6.17, 6.17, 6.17, 513]
['2019-03-28 15:12:00', 6.17, 6.17, 6.17, 6.17, 100]
['2019-03-28 15:09:00', 6.16, 6.16, 6.16, 6.16, 1301]
['2019-03-28 15:08:00', 6.16, 6.16, 6.16, 6.16, 400]
['2019-03-28 15:06:00', 6.15, 6.15, 6.15, 6.15, 476]
['2019-03-28 15:05:00', 6.15, 6.15, 6.15, 6.15, 653]
['2019-03-28 15:04:00', 6.14, 6.14, 6.14, 6.14, 1256]
['2019-03-28 15:01:00', 6.11, 6.125, 6.11, 6.125, 1221]
['2019-03-28 15:00:00', 6.11, 6.11, 6.11, 6.11, 1100]
['2019-03-28 14:59:00', 6.14, 6.11, 6.11, 6.14, 4859]
['2019-03-28 14:58:00', 6.14, 6.14, 6.14, 6.14, 893]
['2019-03-28 14:56:00', 6.14, 6.14, 6.14, 6.14, 905]
['2019-03-28 14:55:00', 6.13, 6.13, 6.13, 6.13, 600]
['2019-03-28 14:54:00', 6.12, 6.12, 6.12, 6.12, 1154]
['2019-03-28 14:53:00', 6.15, 6.13, 6.13, 6.15, 3503]
['2019-03-28 14:52:00', 6.15, 6.15, 6.15, 6.15, 705]
['2019-03-28 14:50:00', 6.16, 6.16, 6.16, 6.16, 497]
['2019-03-28 14:48:00', 6.16, 6.155, 6.155, 6.16, 1000]
['2019-03-28 14:45:00', 6.16, 6.16, 6.16, 6.16, 400]
['2019-03-28 14:44:00', 6.155, 6.155, 6.155, 6.155, 400]
['2019-03-28 14:42:00', 6.17, 6.17, 6.17, 6.17, 200]
['2019-03-28 14:39:00', 6.15, 6.15, 6.15, 6.15, 200]
['2019-03-28 14:35:00', 6.2, 6.16, 6.16, 6.2, 5624]
['2019-03-28 14:33:00', 6.21, 6.21, 6.21, 6.21, 306]
['2019-03-28 14:32:00', 6.21, 6.21, 6.21, 6.21, 200]
['2019-03-28 14:30:00', 6.205, 6.21, 6.205, 6.21, 1608]
['2019-03-28 14:28:00', 6.19, 6.19, 6.19, 6.19, 863]
['2019-03-28 14:27:00', 6.185, 6.19, 6.185, 6.19, 923]
['2019-03-28 14:25:00', 6.18, 6.18, 6.18, 6.18, 1400]
['2019-03-28 14:24:00', 6.18, 6.18, 6.18, 6.18, 768]
['2019-03-28 14:22:00', 6.16, 6.165, 6.16, 6.165, 1443]
['2019-03-28 14:17:00', 6.17, 6.17, 6.17, 6.17, 1108]
['2019-03-28 14:16:00', 6.17, 6.17, 6.17, 6.17, 339]
['2019-03-28 14:15:00', 6.17, 6.17, 6.17, 6.17, 600]
['2019-03-28 14:14:00', 6.18, 6.17, 6.17, 6.18, 1326]
['2019-03-28 14:13:00', 6.19, 6.18, 6.18, 6.19, 1872]
['2019-03-28 14:09:00', 6.21, 6.21, 6.21, 6.21, 3079]
['2019-03-28 14:08:00', 6.22, 6.22, 6.22, 6.22, 1888]
['2019-03-28 14:07:00', 6.22, 6.22, 6.22, 6.22, 500]
['2019-03-28 14:05:00', 6.22, 6.23, 6.22, 6.23, 2610]
['2019-03-28 14:04:00', 6.2, 6.21, 6.2, 6.21, 1805]
['2019-03-28 14:01:00', 6.19, 6.19, 6.19, 6.19, 400]
['2019-03-28 13:59:00', 6.21, 6.2, 6.2, 6.21, 2546]
['2019-03-28 13:58:00', 6.19, 6.19, 6.19, 6.19, 506]
['2019-03-28 13:57:00', 6.2, 6.2, 6.2, 6.2, 2271]
['2019-03-28 13:56:00', 6.2, 6.2, 6.2, 6.2, 3207]
['2019-03-28 13:55:00', 6.21, 6.2, 6.2, 6.21, 1358]
['2019-03-28 13:54:00', 6.2, 6.2, 6.2, 6.2, 400]
['2019-03-28 13:53:00', 6.21, 6.21, 6.21, 6.21, 500]
['2019-03-28 13:50:00', 6.2, 6.2, 6.2, 6.2, 800]
['2019-03-28 13:49:00', 6.205, 6.205, 6.205, 6.205, 1091]
['2019-03-28 13:47:00', 6.205, 6.205, 6.205, 6.205, 732]
['2019-03-28 13:46:00', 6.205, 6.2, 6.2, 6.205, 3455]
['2019-03-28 13:45:00', 6.205, 6.205, 6.205, 6.205, 854]
['2019-03-28 13:44:00', 6.21, 6.21, 6.21, 6.21, 897]
['2019-03-28 13:43:00', 6.25, 6.22, 6.22, 6.25, 4182]
['2019-03-28 13:42:00', 6.27, 6.27, 6.27, 6.27, 300]
['2019-03-28 13:41:00', 6.28, 6.28, 6.28, 6.28, 787]
['2019-03-28 13:40:00', 6.27, 6.27, 6.27, 6.27, 794]
['2019-03-28 13:39:00', 6.28, 6.28, 6.28, 6.28, 719]
['2019-03-28 13:38:00', 6.28, 6.28, 6.28, 6.28, 1713]
['2019-03-28 13:36:00', 6.28, 6.28, 6.28, 6.28, 1287]
['2019-03-28 13:35:00', 6.28, 6.28, 6.28, 6.28, 513]
['2019-03-28 13:34:00', 6.28, 6.28, 6.28, 6.28, 848]
['2019-03-28 13:33:00', 6.29, 6.29, 6.29, 6.29, 845]
['2019-03-28 13:32:00', 6.29, 6.29, 6.29, 6.29, 1360]
['2019-03-28 13:30:00', 6.3, 6.3, 6.3, 6.3, 1293]
['2019-03-28 13:28:00', 6.3, 6.3, 6.3, 6.3, 200]
['2019-03-28 13:27:00', 6.3, 6.3, 6.3, 6.3, 400]
['2019-03-28 13:25:00', 6.3, 6.3, 6.3, 6.3, 408]
['2019-03-28 13:24:00', 6.3, 6.3, 6.3, 6.3, 1135]
['2019-03-28 13:23:00', 6.29, 6.29, 6.29, 6.29, 9303]
['2019-03-28 13:21:00', 6.275, 6.275, 6.275, 6.275, 300]
['2019-03-28 13:20:00', 6.28, 6.28, 6.28, 6.28, 800]
['2019-03-28 13:19:00', 6.285, 6.27, 6.26, 6.285, 7742]
['2019-03-28 13:18:00', 6.29, 6.29, 6.29, 6.29, 500]
['2019-03-28 13:16:00', 6.285, 6.285, 6.285, 6.285, 921]
['2019-03-28 13:14:00', 6.29, 6.29, 6.29, 6.29, 500]
['2019-03-28 13:13:00', 6.29, 6.29, 6.29, 6.29, 2100]
['2019-03-28 13:11:00', 6.28, 6.28, 6.28, 6.28, 1010]
['2019-03-28 13:07:00', 6.26, 6.26, 6.26, 6.26, 454]
['2019-03-28 13:05:00', 6.25, 6.25, 6.25, 6.25, 1700]
['2019-03-28 13:04:00', 6.2557, 6.2557, 6.2557, 6.2557, 1500]
['2019-03-28 13:03:00', 6.27, 6.25, 6.25, 6.27, 4005]
['2019-03-28 13:00:00', 6.27, 6.27, 6.27, 6.27, 100]
['2019-03-28 12:59:00', 6.25, 6.25, 6.25, 6.25, 1092]
['2019-03-28 12:58:00', 6.25, 6.25, 6.25, 6.25, 878]
['2019-03-28 12:57:00', 6.24, 6.24, 6.24, 6.24, 200]
['2019-03-28 12:56:00', 6.24, 6.24, 6.24, 6.24, 400]
['2019-03-28 12:55:00', 6.24, 6.24, 6.24, 6.24, 100]
['2019-03-28 12:54:00', 6.24, 6.24, 6.24, 6.24, 350]
['2019-03-28 12:53:00', 6.25, 6.25, 6.25, 6.25, 1272]
['2019-03-28 12:52:00', 6.24, 6.24, 6.24, 6.24, 800]
['2019-03-28 12:50:00', 6.24, 6.24, 6.24, 6.24, 500]
['2019-03-28 12:49:00', 6.24, 6.24, 6.24, 6.24, 200]
['2019-03-28 12:45:00', 6.24, 6.24, 6.24, 6.24, 991]
['2019-03-28 12:44:00', 6.24, 6.24, 6.24, 6.24, 800]
['2019-03-28 12:41:00', 6.235, 6.235, 6.235, 6.235, 132]
['2019-03-28 12:40:00', 6.235, 6.235, 6.235, 6.235, 900]
['2019-03-28 12:38:00', 6.23, 6.23, 6.23, 6.23, 1405]
['2019-03-28 12:36:00', 6.21, 6.21, 6.21, 6.21, 100]
['2019-03-28 12:35:00', 6.21, 6.21, 6.21, 6.21, 310]
['2019-03-28 12:33:00', 6.215, 6.215, 6.215, 6.215, 200]
['2019-03-28 12:31:00', 6.215, 6.215, 6.215, 6.215, 700]
['2019-03-28 12:30:00', 6.21, 6.21, 6.21, 6.21, 709]
['2019-03-28 12:29:00', 6.22, 6.22, 6.22, 6.22, 1000]
['2019-03-28 12:28:00', 6.22, 6.22, 6.22, 6.22, 400]
['2019-03-28 12:26:00', 6.22, 6.22, 6.22, 6.22, 1167]
['2019-03-28 12:25:00', 6.23, 6.22, 6.22, 6.23, 2373]
['2019-03-28 12:24:00', 6.23, 6.23, 6.23, 6.23, 300]
['2019-03-28 12:23:00', 6.23, 6.23, 6.23, 6.23, 1200]
['2019-03-28 12:22:00', 6.21, 6.21, 6.21, 6.21, 1100]
['2019-03-28 12:21:00', 6.21, 6.21, 6.21, 6.21, 500]
['2019-03-28 12:17:00', 6.23, 6.22, 6.22, 6.23, 3491]
['2019-03-28 12:16:00', 6.23, 6.23, 6.23, 6.23, 400]
['2019-03-28 12:15:00', 6.225, 6.225, 6.225, 6.225, 400]
['2019-03-28 12:13:00', 6.23, 6.23, 6.23, 6.23, 501]
['2019-03-28 12:11:00', 6.22, 6.22, 6.22, 6.22, 517]
['2019-03-28 12:09:00', 6.215, 6.22, 6.215, 6.22, 2100]
['2019-03-28 12:07:00', 6.215, 6.215, 6.215, 6.215, 1079]
['2019-03-28 12:04:00', 6.205, 6.205, 6.205, 6.205, 682]
['2019-03-28 12:01:00', 6.2, 6.21, 6.2, 6.21, 923]
['2019-03-28 11:57:00', 6.19, 6.19, 6.19, 6.19, 400]
['2019-03-28 11:50:00', 6.17, 6.18, 6.17, 6.18, 2758]
['2019-03-28 11:49:00', 6.19, 6.19, 6.19, 6.19, 1610]
['2019-03-28 11:46:00', 6.18, 6.15, 6.15, 6.18, 3100]
['2019-03-28 11:45:00', 6.18, 6.18, 6.18, 6.18, 300]
['2019-03-28 11:42:00', 6.19, 6.16, 6.16, 6.19, 1799]
['2019-03-28 11:39:00', 6.2, 6.2, 6.2, 6.2, 400]
['2019-03-28 11:37:00', 6.21, 6.21, 6.21, 6.21, 400]
['2019-03-28 11:33:00', 6.2, 6.2, 6.2, 6.2, 1289]
['2019-03-28 11:32:00', 6.18, 6.18, 6.18, 6.18, 755]
['2019-03-28 11:31:00', 6.18, 6.18, 6.18, 6.18, 1201]
['2019-03-28 11:30:00', 6.2, 6.2, 6.2, 6.2, 300]
['2019-03-28 11:29:00', 6.2, 6.2, 6.2, 6.2, 3002]
['2019-03-28 11:27:00', 6.2, 6.2, 6.2, 6.2, 482]
['2019-03-28 11:26:00', 6.2, 6.2, 6.2, 6.2, 805]
['2019-03-28 11:23:00', 6.19, 6.2, 6.19, 6.2, 2050]
['2019-03-28 11:21:00', 6.13, 6.14, 6.13, 6.14, 2276]
['2019-03-28 11:20:00', 6.1, 6.11, 6.1, 6.11, 2930]
['2019-03-28 11:19:00', 6.1075, 6.1075, 6.1075, 6.1075, 1293]
['2019-03-28 11:18:00', 6.11, 6.11, 6.11, 6.11, 152]
['2019-03-28 11:16:00', 6.11, 6.11, 6.11, 6.11, 652]
['2019-03-28 11:15:00', 6.1, 6.1, 6.1, 6.1, 1470]
['2019-03-28 11:14:00', 6.13, 6.13, 6.13, 6.13, 509]
['2019-03-28 11:13:00', 6.145, 6.13, 6.13, 6.145, 2141]
['2019-03-28 11:12:00', 6.13, 6.13, 6.13, 6.13, 1266]
['2019-03-28 11:11:00', 6.12, 6.12, 6.12, 6.12, 400]
['2019-03-28 11:10:00', 6.12, 6.12, 6.12, 6.12, 400]
['2019-03-28 11:08:00', 6.12, 6.125, 6.12, 6.125, 1593]
['2019-03-28 11:06:00', 6.14, 6.14, 6.14, 6.14, 908]
['2019-03-28 11:04:00', 6.15, 6.15, 6.15, 6.15, 346]
['2019-03-28 11:03:00', 6.15, 6.15, 6.15, 6.15, 1000]
['2019-03-28 11:02:00', 6.17, 6.17, 6.17, 6.17, 1775]
['2019-03-28 11:01:00', 6.18, 6.18, 6.18, 6.18, 200]
['2019-03-28 11:00:00', 6.18, 6.18, 6.18, 6.18, 617]
['2019-03-28 10:58:00', 6.2, 6.19, 6.19, 6.2, 2192]
['2019-03-28 10:54:00', 6.16, 6.17, 6.16, 6.17, 2200]
['2019-03-28 10:52:00', 6.16, 6.16, 6.16, 6.16, 2120]
['2019-03-28 10:51:00', 6.17, 6.2, 6.17, 6.2, 4220]
['2019-03-28 10:50:00', 6.12, 6.16, 6.12, 6.17, 6378]
['2019-03-28 10:49:00', 6.11, 6.105, 6.105, 6.11, 1576]
['2019-03-28 10:47:00', 6.11, 6.11, 6.11, 6.11, 612]
['2019-03-28 10:46:00', 6.11, 6.11, 6.11, 6.11, 400]
['2019-03-28 10:45:00', 6.115, 6.115, 6.115, 6.115, 1632]
['2019-03-28 10:42:00', 6.12, 6.12, 6.12, 6.12, 1300]
['2019-03-28 10:40:00', 6.11, 6.11, 6.11, 6.11, 128]
['2019-03-28 10:38:00', 6.1, 6.1, 6.1, 6.1, 1376]
['2019-03-28 10:36:00', 6.09, 6.09, 6.09, 6.09, 347]
['2019-03-28 10:32:00', 6.08, 6.08, 6.08, 6.08, 1153]
['2019-03-28 10:30:00', 6.08, 6.08, 6.08, 6.08, 1163]
['2019-03-28 10:29:00', 6.05, 6.06, 6.05, 6.06, 2198]
['2019-03-28 10:28:00', 6.045, 6.045, 6.045, 6.045, 262]
['2019-03-28 10:26:00', 6.05, 6.05, 6.05, 6.05, 1347]
['2019-03-28 10:23:00', 6.095, 6.095, 6.095, 6.095, 689]
['2019-03-28 10:18:00', 6.1, 6.1, 6.1, 6.1, 2126]
['2019-03-28 10:17:00', 6.08, 6.08, 6.08, 6.08, 250]
['2019-03-28 10:16:00', 6.07, 6.07, 6.07, 6.07, 1910]
['2019-03-28 10:15:00', 6.09, 6.07, 6.07, 6.09, 3566]
['2019-03-28 10:13:00', 6.1, 6.1, 6.1, 6.1, 1675]
['2019-03-28 10:12:00', 6.09, 6.09, 6.09, 6.09, 614]
['2019-03-28 10:07:00', 6.09, 6.09, 6.09, 6.09, 100]
['2019-03-28 10:06:00', 6.07, 6.07, 6.07, 6.07, 500]
['2019-03-28 10:03:00', 6.07, 6.06, 6.06, 6.07, 725]
['2019-03-28 10:01:00', 6.15, 6.07, 6.07, 6.15, 4974]
['2019-03-28 10:00:00', 6.1, 6.1, 6.1, 6.1, 600]
['2019-03-28 09:58:00', 6.08, 6.08, 6.08, 6.08, 500]
['2019-03-28 09:56:00', 6.06, 6.06, 6.06, 6.06, 1100]
['2019-03-28 09:55:00', 6.025, 6.025, 6.025, 6.025, 1050]
['2019-03-28 09:50:00', 6.05, 6.03, 6.03, 6.05, 3546]
['2019-03-28 09:48:00', 5.9849, 5.9849, 5.9849, 5.9849, 541]
['2019-03-28 09:47:00', 6.0, 6.0, 6.0, 6.0, 701]
['2019-03-28 09:46:00', 5.99, 5.99, 5.99, 5.99, 2209]
['2019-03-28 09:44:00', 6.0, 6.0, 6.0, 6.0, 318]
['2019-03-28 09:31:00', 5.98, 5.98, 5.98, 5.98, 1644]
['2019-03-27 16:00:00', 5.99, 5.985, 5.985, 5.99, 12158]
['2019-03-27 15:59:00', 5.98, 5.98, 5.98, 5.98, 2086]
['2019-03-27 15:58:00', 5.98, 5.985, 5.98, 5.985, 5922]
['2019-03-27 15:57:00', 5.98, 5.98, 5.98, 5.98, 5593]
['2019-03-27 15:56:00', 5.98, 5.98, 5.97, 5.98, 3776]
['2019-03-27 15:55:00', 5.98, 5.97, 5.97, 5.99, 5887]
['2019-03-27 15:54:00', 5.98, 5.98, 5.98, 5.98, 1210]
['2019-03-27 15:53:00', 5.98, 5.98, 5.98, 5.98, 5304]
['2019-03-27 15:52:00', 5.98, 5.99, 5.98, 5.99, 3673]
['2019-03-27 15:51:00', 5.98, 5.98, 5.98, 5.98, 1064]
['2019-03-27 15:50:00', 5.97, 5.98, 5.97, 5.98, 4935]
['2019-03-27 15:49:00', 5.96, 5.97, 5.96, 5.97, 3695]
['2019-03-27 15:47:00', 5.96, 5.95, 5.95, 5.96, 6008]
['2019-03-27 15:46:00', 5.96, 5.96, 5.96, 5.96, 1268]
['2019-03-27 15:45:00', 5.95, 5.96, 5.95, 5.96, 1598]
['2019-03-27 15:43:00', 5.95, 5.97, 5.95, 5.97, 1305]
['2019-03-27 15:41:00', 5.95, 5.95, 5.95, 5.95, 100]
['2019-03-27 15:40:00', 5.95, 5.95, 5.95, 5.95, 1207]
['2019-03-27 15:39:00', 5.95, 5.95, 5.95, 5.95, 401]
['2019-03-27 15:37:00', 5.955, 5.955, 5.955, 5.955, 321]
['2019-03-27 15:36:00', 5.98, 5.98, 5.98, 5.98, 800]
['2019-03-27 15:34:00', 5.98, 5.98, 5.98, 5.98, 500]
['2019-03-27 15:33:00', 5.99, 5.99, 5.99, 5.99, 2956]
['2019-03-27 15:31:00', 5.99, 5.99, 5.99, 5.99, 769]
['2019-03-27 15:30:00', 5.97, 5.98, 5.97, 5.98, 3124]
['2019-03-27 15:29:00', 5.97, 5.97, 5.97, 5.97, 5339]
['2019-03-27 15:28:00', 5.9529, 5.9529, 5.9529, 5.9529, 1686]
['2019-03-27 15:24:00', 5.96, 5.96, 5.96, 5.96, 1096]
['2019-03-27 15:23:00', 5.95, 5.95, 5.95, 5.95, 600]
['2019-03-27 15:22:00', 5.95, 5.95, 5.95, 5.95, 1080]
['2019-03-27 15:20:00', 5.9496, 5.9496, 5.9496, 5.9496, 312]
['2019-03-27 15:17:00', 5.94, 5.94, 5.94, 5.94, 305]
['2019-03-27 15:16:00', 5.95, 5.95, 5.95, 5.95, 774]
['2019-03-27 15:15:00', 5.94, 5.94, 5.94, 5.94, 1195]
['2019-03-27 15:14:00', 5.93, 5.92, 5.92, 5.93, 1810]
['2019-03-27 15:12:00', 5.91, 5.91, 5.91, 5.91, 400]
['2019-03-27 15:10:00', 5.92, 5.92, 5.92, 5.92, 214]
['2019-03-27 15:09:00', 5.92, 5.92, 5.92, 5.92, 668]
['2019-03-27 15:08:00', 5.93, 5.93, 5.93, 5.93, 238]
['2019-03-27 15:06:00', 5.94, 5.94, 5.94, 5.94, 912]
['2019-03-27 15:05:00', 5.92, 5.92, 5.92, 5.92, 262]
['2019-03-27 15:03:00', 5.94, 5.94, 5.94, 5.94, 257]
['2019-03-27 15:01:00', 5.93, 5.93, 5.93, 5.93, 116]
['2019-03-27 15:00:00', 5.93, 5.93, 5.93, 5.93, 300]
['2019-03-27 14:59:00', 5.93, 5.93, 5.93, 5.93, 1895]
['2019-03-27 14:58:00', 5.95, 5.95, 5.95, 5.95, 401]
['2019-03-27 14:57:00', 5.95, 5.95, 5.95, 5.95, 300]
['2019-03-27 14:55:00', 5.96, 5.96, 5.96, 5.96, 1486]
['2019-03-27 14:52:00', 5.945, 5.95, 5.945, 5.95, 3854]
['2019-03-27 14:51:00', 5.95, 5.95, 5.95, 5.95, 100]
['2019-03-27 14:49:00', 5.935, 5.935, 5.935, 5.935, 1225]
['2019-03-27 14:48:00', 5.945, 5.93, 5.93, 5.945, 1692]
['2019-03-27 14:46:00', 5.94, 5.94, 5.94, 5.94, 642]
['2019-03-27 14:42:00', 5.93, 5.93, 5.93, 5.93, 190]
['2019-03-27 14:40:00', 5.93, 5.94, 5.93, 5.94, 2599]
['2019-03-27 14:39:00', 5.92, 5.92, 5.92, 5.92, 1608]
['2019-03-27 14:35:00', 5.955, 5.955, 5.955, 5.955, 210]
['2019-03-27 14:30:00', 5.96, 5.96, 5.96, 5.96, 2171]
['2019-03-27 14:29:00', 5.95, 5.95, 5.95, 5.95, 405]
['2019-03-27 14:25:00', 5.94, 5.94, 5.94, 5.94, 657]
['2019-03-27 14:24:00', 5.93, 5.94, 5.93, 5.94, 1500]
['2019-03-27 14:22:00', 5.94, 5.94, 5.94, 5.94, 693]
['2019-03-27 14:21:00', 5.94, 5.94, 5.94, 5.94, 700]
['2019-03-27 14:19:00', 5.95, 5.96, 5.94, 5.96, 3287]
['2019-03-27 14:18:00', 5.96, 5.96, 5.96, 5.96, 400]
['2019-03-27 14:16:00', 5.955, 5.955, 5.955, 5.955, 722]
['2019-03-27 14:15:00', 5.95, 5.95, 5.95, 5.95, 500]
['2019-03-27 14:12:00', 5.94, 5.94, 5.94, 5.94, 810]
['2019-03-27 14:11:00', 5.92, 5.92, 5.92, 5.92, 201]
['2019-03-27 14:09:00', 5.93, 5.93, 5.93, 5.93, 1455]
['2019-03-27 14:07:00', 5.915, 5.91, 5.91, 5.915, 1250]
['2019-03-27 14:06:00', 5.92, 5.92, 5.92, 5.92, 1244]
['2019-03-27 14:05:00', 5.94, 5.92, 5.92, 5.94, 1478]
['2019-03-27 14:03:00', 5.94, 5.94, 5.94, 5.94, 467]
['2019-03-27 14:01:00', 5.955, 5.955, 5.955, 5.955, 559]
['2019-03-27 13:58:00', 5.95, 5.95, 5.95, 5.95, 1343]
['2019-03-27 13:57:00', 5.945, 5.95, 5.945, 5.95, 1100]
['2019-03-27 13:54:00', 5.96, 5.96, 5.96, 5.96, 744]
['2019-03-27 13:53:00', 5.95, 5.95, 5.95, 5.95, 218]
['2019-03-27 13:52:00', 5.94, 5.94, 5.94, 5.94, 1270]
['2019-03-27 13:49:00', 5.95, 5.95, 5.95, 5.95, 451]
['2019-03-27 13:47:00', 5.94, 5.94, 5.94, 5.94, 610]
['2019-03-27 13:46:00', 5.94, 5.94, 5.94, 5.94, 100]
['2019-03-27 13:45:00', 5.94, 5.94, 5.94, 5.94, 1200]
['2019-03-27 13:44:00', 5.93, 5.93, 5.93, 5.93, 1705]
['2019-03-27 13:43:00', 5.89, 5.92, 5.89, 5.92, 2404]
['2019-03-27 13:42:00', 5.9, 5.9, 5.9, 5.9, 401]
['2019-03-27 13:41:00', 5.9, 5.9, 5.9, 5.9, 745]
['2019-03-27 13:40:00', 5.91, 5.91, 5.91, 5.91, 600]
['2019-03-27 13:39:00', 5.91, 5.91, 5.91, 5.91, 1115]
['2019-03-27 13:32:00', 5.92, 5.92, 5.92, 5.92, 504]
['2019-03-27 13:31:00', 5.967, 5.92, 5.92, 5.967, 1958]
['2019-03-27 13:30:00', 5.935, 5.935, 5.935, 5.935, 800]
['2019-03-27 13:29:00', 5.91, 5.91, 5.91, 5.91, 800]
['2019-03-27 13:28:00', 5.9, 5.9, 5.9, 5.9, 100]
['2019-03-27 13:22:00', 5.89, 5.89, 5.89, 5.89, 1073]
['2019-03-27 13:21:00', 5.895, 5.89, 5.89, 5.895, 1862]
['2019-03-27 13:15:00', 5.8972, 5.8972, 5.8972, 5.8972, 858]
['2019-03-27 13:14:00', 5.86, 5.86, 5.86, 5.86, 1005]
['2019-03-27 13:13:00', 5.84, 5.84, 5.84, 5.84, 100]
['2019-03-27 13:10:00', 5.84, 5.83, 5.83, 5.84, 2569]
['2019-03-27 13:08:00', 5.86, 5.85, 5.85, 5.86, 1269]
['2019-03-27 13:07:00', 5.87, 5.87, 5.87, 5.87, 200]
['2019-03-27 13:05:00', 5.85, 5.85, 5.85, 5.85, 501]
['2019-03-27 13:02:00', 5.87, 5.87, 5.87, 5.87, 230]
['2019-03-27 13:01:00', 5.88, 5.88, 5.88, 5.88, 1039]
['2019-03-27 12:59:00', 5.93, 5.91, 5.91, 5.93, 905]
['2019-03-27 12:52:00', 5.9, 5.9, 5.9, 5.9, 563]
['2019-03-27 12:51:00', 5.9, 5.9, 5.9, 5.9, 1892]
['2019-03-27 12:49:00', 5.89, 5.89, 5.89, 5.89, 1156]
['2019-03-27 12:48:00', 5.91, 5.91, 5.91, 5.91, 1200]
['2019-03-27 12:47:00', 5.915, 5.915, 5.915, 5.915, 1900]
['2019-03-27 12:46:00', 5.92, 5.92, 5.92, 5.92, 1410]
['2019-03-27 12:45:00', 5.86, 5.86, 5.86, 5.86, 810]
['2019-03-27 12:43:00', 5.87, 5.87, 5.87, 5.87, 800]
['2019-03-27 12:42:00', 5.88, 5.88, 5.88, 5.88, 656]
['2019-03-27 12:41:00', 5.9, 5.9, 5.9, 5.9, 268]
['2019-03-27 12:38:00', 5.89, 5.917, 5.89, 5.917, 739]
['2019-03-27 12:37:00', 5.89, 5.89, 5.89, 5.89, 400]
['2019-03-27 12:34:00', 5.9, 5.9, 5.9, 5.9, 400]
['2019-03-27 12:33:00', 5.89, 5.89, 5.89, 5.89, 1400]
['2019-03-27 12:31:00', 5.94, 5.94, 5.94, 5.94, 400]
['2019-03-27 12:30:00', 5.93, 5.93, 5.93, 5.93, 800]
['2019-03-27 12:27:00', 5.9, 5.9, 5.9, 5.9, 100]
['2019-03-27 12:26:00', 5.9, 5.9, 5.9, 5.9, 1300]
['2019-03-27 12:25:00', 5.9, 5.91, 5.9, 5.91, 2094]
['2019-03-27 12:24:00', 5.88, 5.89, 5.88, 5.89, 3276]
['2019-03-27 12:17:00', 5.87, 5.87, 5.87, 5.87, 100]
['2019-03-27 12:15:00', 5.855, 5.855, 5.855, 5.855, 100]
['2019-03-27 12:14:00', 5.87, 5.87, 5.87, 5.87, 1161]
['2019-03-27 12:13:00', 5.85, 5.85, 5.85, 5.85, 805]
['2019-03-27 12:09:00', 5.81, 5.81, 5.81, 5.81, 1614]
['2019-03-27 12:08:00', 5.8, 5.8, 5.8, 5.8, 800]
['2019-03-27 12:06:00', 5.8, 5.8, 5.8, 5.8, 100]
['2019-03-27 12:05:00', 5.7755, 5.7755, 5.7755, 5.7755, 100]
['2019-03-27 12:03:00', 5.78, 5.78, 5.78, 5.78, 385]
['2019-03-27 12:01:00', 5.79, 5.79, 5.79, 5.79, 750]
['2019-03-27 11:58:00', 5.807, 5.807, 5.807, 5.807, 1281]
['2019-03-27 11:57:00', 5.76, 5.76, 5.76, 5.76, 296]
['2019-03-27 11:55:00', 5.76, 5.75, 5.75, 5.76, 1063]
['2019-03-27 11:53:00', 5.775, 5.775, 5.775, 5.775, 800]
['2019-03-27 11:51:00', 5.76, 5.76, 5.76, 5.76, 1636]
['2019-03-27 11:50:00', 5.7554, 5.7554, 5.7554, 5.7554, 656]
['2019-03-27 11:48:00', 5.76, 5.76, 5.76, 5.76, 1455]
['2019-03-27 11:47:00', 5.7649, 5.7649, 5.7649, 5.7649, 225]
['2019-03-27 11:44:00', 5.79, 5.79, 5.79, 5.79, 246]
['2019-03-27 11:40:00', 5.79, 5.79, 5.79, 5.79, 396]
['2019-03-27 11:38:00', 5.78, 5.78, 5.78, 5.78, 107]
['2019-03-27 11:37:00', 5.76, 5.77, 5.76, 5.77, 3962]
['2019-03-27 11:34:00', 5.77, 5.7779, 5.77, 5.7779, 1150]
['2019-03-27 11:32:00', 5.8, 5.8, 5.8, 5.8, 5778]
['2019-03-27 11:31:00', 5.858, 5.82, 5.82, 5.858, 10575]
['2019-03-27 11:30:00', 5.84, 5.84, 5.84, 5.84, 1425]
['2019-03-27 11:28:00', 5.86, 5.86, 5.86, 5.86, 6600]
['2019-03-27 11:27:00', 5.88, 5.88, 5.88, 5.88, 1429]
['2019-03-27 11:25:00', 5.88, 5.88, 5.88, 5.88, 200]
['2019-03-27 11:24:00', 5.88, 5.88, 5.88, 5.88, 10395]
['2019-03-27 11:22:00', 5.9032, 5.9032, 5.9032, 5.9032, 1474]
['2019-03-27 11:20:00', 5.93, 5.93, 5.93, 5.93, 265]
['2019-03-27 11:16:00', 5.93, 5.93, 5.93, 5.93, 498]
['2019-03-27 11:15:00', 5.95, 5.945, 5.945, 5.95, 2000]
['2019-03-27 11:14:00', 5.945, 5.945, 5.945, 5.945, 800]
['2019-03-27 11:13:00', 5.97, 5.96, 5.96, 5.97, 4605]
['2019-03-27 11:12:00', 5.96, 5.96, 5.96, 5.96, 100]
['2019-03-27 11:10:00', 5.96, 5.96, 5.96, 5.96, 900]
['2019-03-27 11:09:00', 5.96, 5.96, 5.96, 5.96, 800]
['2019-03-27 11:07:00', 5.96, 5.96, 5.96, 5.96, 100]
['2019-03-27 11:05:00', 5.975, 5.975, 5.975, 5.975, 600]
['2019-03-27 11:04:00', 5.975, 5.975, 5.975, 5.975, 1505]
['2019-03-27 11:03:00', 6.0, 6.0, 6.0, 6.0, 547]
['2019-03-27 10:57:00', 5.995, 5.995, 5.995, 5.995, 133]
['2019-03-27 10:56:00', 6.01, 6.01, 6.01, 6.01, 1885]
['2019-03-27 10:55:00', 6.0295, 6.0295, 6.0295, 6.0295, 4728]
['2019-03-27 10:54:00', 6.01, 6.01, 6.01, 6.01, 400]
['2019-03-27 10:53:00', 5.99, 5.99, 5.99, 5.99, 2695]
['2019-03-27 10:52:00', 5.98, 5.98, 5.98, 5.98, 780]
['2019-03-27 10:51:00', 5.97, 5.975, 5.97, 5.975, 3580]
['2019-03-27 10:50:00', 5.96, 5.96, 5.96, 5.96, 1200]
['2019-03-27 10:49:00', 5.98, 5.98, 5.98, 5.98, 2399]
['2019-03-27 10:48:00', 5.98, 6.035, 5.98, 6.035, 12753]
['2019-03-27 10:47:00', 5.95, 5.95, 5.95, 5.95, 1820]
['2019-03-27 10:45:00', 5.955, 5.955, 5.955, 5.955, 2192]
['2019-03-27 10:44:00', 5.94, 5.95, 5.94, 5.95, 7196]
['2019-03-27 10:43:00', 5.97, 5.97, 5.97, 5.97, 900]
['2019-03-27 10:42:00', 5.97, 5.97, 5.97, 5.97, 1100]
['2019-03-27 10:38:00', 5.99, 5.99, 5.99, 5.99, 400]
['2019-03-27 10:36:00', 5.99, 5.99, 5.99, 5.99, 733]
['2019-03-27 10:35:00', 6.025, 6.025, 6.025, 6.025, 738]
['2019-03-27 10:34:00', 6.02, 6.02, 6.02, 6.02, 729]
['2019-03-27 10:33:00', 6.025, 6.025, 6.025, 6.025, 233]
['2019-03-27 10:31:00', 6.01, 6.03, 6.01, 6.03, 4575]
['2019-03-27 10:30:00', 6.07, 6.07, 6.07, 6.085, 14521]
['2019-03-27 10:29:00', 6.06, 6.06, 6.04, 6.07, 6176]
['2019-03-27 10:28:00', 6.08, 6.08, 6.08, 6.08, 1401]
['2019-03-27 10:27:00', 6.1, 6.1, 6.1, 6.1, 2217]
['2019-03-27 10:26:00', 6.1, 6.1, 6.1, 6.1, 3518]
['2019-03-27 10:25:00', 6.12, 6.12, 6.12, 6.12, 1300]
['2019-03-27 10:24:00', 6.12, 6.12, 6.12, 6.12, 1195]
['2019-03-27 10:23:00', 6.08, 6.09, 6.08, 6.09, 9172]
['2019-03-27 10:22:00', 6.085, 6.085, 6.085, 6.085, 2828]
['2019-03-27 10:21:00', 6.09, 6.09, 6.09, 6.09, 5054]
['2019-03-27 10:20:00', 6.09, 6.1, 6.09, 6.1, 3902]
['2019-03-27 10:19:00', 6.09, 6.08, 6.08, 6.09, 5591]
['2019-03-27 10:18:00', 6.07, 6.07, 6.07, 6.07, 1177]
['2019-03-27 10:17:00', 6.085, 6.09, 6.085, 6.09, 2700]
['2019-03-27 10:16:00', 6.07, 6.07, 6.07, 6.07, 1210]
['2019-03-27 10:15:00', 6.09, 6.09, 6.09, 6.09, 1605]
['2019-03-27 10:14:00', 6.08, 6.07, 6.07, 6.08, 4679]
['2019-03-27 10:13:00', 6.09, 6.09, 6.09, 6.09, 4167]
['2019-03-27 10:12:00', 6.06, 6.09, 6.06, 6.09, 2406]
['2019-03-27 10:10:00', 6.07, 6.089, 6.07, 6.089, 3900]
['2019-03-27 10:09:00', 6.09, 6.09, 6.09, 6.09, 2500]
['2019-03-27 10:08:00', 6.05, 6.06, 6.05, 6.06, 3255]
['2019-03-27 10:07:00', 6.05, 6.05, 6.05, 6.05, 4061]
['2019-03-27 10:06:00', 6.085, 6.05, 6.05, 6.085, 7496]
['2019-03-27 10:05:00', 6.09, 6.09, 6.09, 6.09, 2113]
['2019-03-27 10:04:00', 6.08, 6.08, 6.08, 6.08, 1386]
['2019-03-27 10:03:00', 6.0892, 6.07, 6.07, 6.0892, 3818]
['2019-03-27 10:02:00', 6.11, 6.11, 6.11, 6.11, 14641]
['2019-03-27 10:01:00', 6.12, 6.12, 6.12, 6.12, 3339]
['2019-03-27 10:00:00', 6.14, 6.14, 6.14, 6.14, 2741]
['2019-03-27 09:59:00', 6.11, 6.13, 6.11, 6.13, 7340]
['2019-03-27 09:58:00', 6.07, 6.05, 6.05, 6.07, 3849]
['2019-03-27 09:55:00', 6.03, 6.03, 6.03, 6.03, 3570]
['2019-03-27 09:46:00', 6.13, 6.11, 6.11, 6.13, 3512]
['2019-03-27 09:45:00', 6.11, 6.11, 6.11, 6.11, 1558]
['2019-03-27 09:38:00', 6.1, 6.1, 6.1, 6.1, 674]
['2019-03-27 09:35:00', 6.1, 6.1, 6.1, 6.1, 900]
['2019-03-27 09:33:00', 6.0935, 6.114, 6.0935, 6.114, 4014]
['2019-03-26 16:00:00', 6.115, 6.12, 6.115, 6.13, 25492]
['2019-03-26 15:59:00', 6.11, 6.11, 6.105, 6.11, 13671]
['2019-03-26 15:58:00', 6.1, 6.105, 6.1, 6.105, 6216]
['2019-03-26 15:57:00', 6.08, 6.09, 6.08, 6.09, 10915]
['2019-03-26 15:56:00', 6.08, 6.075, 6.075, 6.08, 9695]
['2019-03-26 15:54:00', 6.075, 6.075, 6.075, 6.075, 1130]
['2019-03-26 15:53:00', 6.08, 6.08, 6.08, 6.08, 1090]
['2019-03-26 15:52:00', 6.07, 6.07, 6.07, 6.08, 5120]
['2019-03-26 15:51:00', 6.065, 6.07, 6.065, 6.07, 719]
['2019-03-26 15:50:00', 6.06, 6.06, 6.06, 6.06, 1502]
['2019-03-26 15:48:00', 6.07, 6.065, 6.065, 6.0725, 9430]
['2019-03-26 15:47:00', 6.08, 6.075, 6.07, 6.08, 3437]
['2019-03-26 15:46:00', 6.0777, 6.08, 6.075, 6.08, 3819]
['2019-03-26 15:45:00', 6.075, 6.075, 6.075, 6.075, 1757]
['2019-03-26 15:44:00', 6.075, 6.075, 6.075, 6.075, 1116]
['2019-03-26 15:43:00', 6.075, 6.075, 6.075, 6.075, 301]
['2019-03-26 15:42:00', 6.08, 6.08, 6.08, 6.08, 709]
['2019-03-26 15:41:00', 6.07, 6.07, 6.07, 6.07, 609]
['2019-03-26 15:40:00', 6.06, 6.07, 6.06, 6.07, 3773]
['2019-03-26 15:38:00', 6.055, 6.055, 6.055, 6.055, 1605]
['2019-03-26 15:37:00', 6.05, 6.055, 6.05, 6.055, 3724]
['2019-03-26 15:36:00', 6.06, 6.06, 6.06, 6.06, 808]
['2019-03-26 15:34:00', 6.06, 6.06, 6.06, 6.06, 3575]
['2019-03-26 15:33:00', 6.055, 6.055, 6.055, 6.055, 301]
['2019-03-26 15:31:00', 6.05, 6.05, 6.05, 6.05, 4601]
['2019-03-26 15:30:00', 6.05, 6.04, 6.04, 6.05, 1131]
['2019-03-26 15:29:00', 6.04, 6.04, 6.04, 6.04, 200]
['2019-03-26 15:28:00', 6.04, 6.04, 6.04, 6.04, 901]
['2019-03-26 15:27:00', 6.02, 6.03, 6.02, 6.03, 2436]
['2019-03-26 15:26:00', 6.015, 6.015, 6.015, 6.015, 313]
['2019-03-26 15:25:00', 6.015, 6.015, 6.015, 6.015, 840]
['2019-03-26 15:24:00', 6.015, 6.02, 6.015, 6.02, 1000]
['2019-03-26 15:23:00', 6.015, 6.015, 6.015, 6.015, 745]
['2019-03-26 15:22:00', 6.02, 6.015, 6.015, 6.02, 805]
['2019-03-26 15:21:00', 6.015, 6.015, 6.015, 6.015, 402]
['2019-03-26 15:20:00', 6.02, 6.02, 6.02, 6.02, 425]
['2019-03-26 15:18:00', 6.01, 6.01, 6.01, 6.01, 100]
['2019-03-26 15:16:00', 6.01, 6.01, 6.01, 6.01, 302]
['2019-03-26 15:13:00', 6.01, 6.01, 6.01, 6.01, 201]
['2019-03-26 15:11:00', 6.045, 6.02, 6.01, 6.045, 7994]
['2019-03-26 15:09:00', 6.05, 6.05, 6.05, 6.05, 200]
['2019-03-26 15:07:00', 6.05, 6.05, 6.05, 6.05, 501]
['2019-03-26 15:05:00', 6.045, 6.045, 6.045, 6.045, 174]
['2019-03-26 15:04:00', 6.05, 6.05, 6.05, 6.05, 870]
['2019-03-26 15:02:00', 6.06, 6.06, 6.06, 6.06, 1073]
['2019-03-26 15:01:00', 6.05, 6.05, 6.05, 6.05, 792]
['2019-03-26 15:00:00', 6.04, 6.04, 6.04, 6.04, 427]
['2019-03-26 14:59:00', 6.04, 6.05, 6.04, 6.05, 2236]
['2019-03-26 14:54:00', 6.03, 6.03, 6.03, 6.03, 1724]
['2019-03-26 14:52:00', 6.035, 6.035, 6.035, 6.035, 606]
['2019-03-26 14:51:00', 6.02, 6.03, 6.02, 6.03, 1849]
['2019-03-26 14:50:00', 6.02, 6.02, 6.02, 6.02, 1401]
['2019-03-26 14:49:00', 6.015, 6.015, 6.015, 6.015, 273]
['2019-03-26 14:48:00', 6.015, 6.015, 6.015, 6.015, 624]
['2019-03-26 14:45:00', 6.015, 6.015, 6.015, 6.015, 102]
['2019-03-26 14:44:00', 6.02, 6.02, 6.02, 6.02, 735]
['2019-03-26 14:43:00', 6.03, 6.03, 6.03, 6.03, 301]
['2019-03-26 14:42:00', 6.01, 6.02, 6.01, 6.02, 12325]
['2019-03-26 14:41:00', 6.0, 6.0, 6.0, 6.0, 1848]
['2019-03-26 14:40:00', 6.005, 6.0075, 6.005, 6.01, 9302]
['2019-03-26 14:38:00', 6.0018, 6.005, 6.0018, 6.005, 689]
['2019-03-26 14:36:00', 6.0, 6.0, 6.0, 6.0, 300]
['2019-03-26 14:33:00', 6.005, 6.005, 6.005, 6.005, 702]
['2019-03-26 14:32:00', 6.01, 6.01, 6.01, 6.01, 706]
['2019-03-26 14:31:00', 6.0, 6.01, 6.0, 6.01, 2915]
['2019-03-26 14:30:00', 6.0, 6.0, 6.0, 6.0, 2199]
['2019-03-26 14:27:00', 5.99, 5.99, 5.99, 5.99, 502]
['2019-03-26 14:25:00', 5.99, 5.99, 5.99, 5.99, 2772]
['2019-03-26 14:22:00', 5.99, 5.99, 5.99, 5.99, 1115]
['2019-03-26 14:20:00', 6.02, 6.01, 6.01, 6.02, 1353]
['2019-03-26 14:19:00', 6.02, 6.02, 6.02, 6.02, 1384]
['2019-03-26 14:18:00', 6.01, 6.02, 6.01, 6.02, 1921]
['2019-03-26 14:17:00', 6.0, 6.0, 6.0, 6.0, 101]
['2019-03-26 14:15:00', 6.0, 6.0, 6.0, 6.0, 201]
['2019-03-26 14:11:00', 6.01, 6.01, 6.01, 6.01, 1143]
['2019-03-26 14:07:00', 6.02, 6.02, 6.02, 6.02, 931]
['2019-03-26 14:02:00', 6.02, 6.02, 6.02, 6.02, 207]
['2019-03-26 14:01:00', 6.02, 6.02, 6.02, 6.02, 1083]
['2019-03-26 14:00:00', 6.005, 6.01, 6.005, 6.01, 1014]
['2019-03-26 13:58:00', 6.01, 6.01, 6.01, 6.01, 210]
['2019-03-26 13:56:00', 5.99, 6.0, 5.99, 6.0, 3514]
['2019-03-26 13:54:00', 6.01, 6.01, 6.01, 6.01, 403]
['2019-03-26 13:53:00', 6.01, 6.01, 6.01, 6.01, 305]
['2019-03-26 13:51:00', 6.015, 6.015, 6.015, 6.015, 517]
['2019-03-26 13:48:00', 6.02, 6.02, 6.02, 6.02, 188]
['2019-03-26 13:43:00', 6.02, 6.02, 6.02, 6.02, 797]
['2019-03-26 13:40:00', 6.02, 6.02, 6.02, 6.02, 1513]
['2019-03-26 13:38:00', 6.03, 6.03, 6.03, 6.03, 259]
['2019-03-26 13:37:00', 6.03, 6.03, 6.03, 6.03, 402]
['2019-03-26 13:35:00', 6.02, 6.02, 6.02, 6.02, 623]
['2019-03-26 13:34:00', 6.02, 6.03, 6.02, 6.03, 2719]
['2019-03-26 13:33:00', 6.02, 6.02, 6.02, 6.02, 401]
['2019-03-26 13:30:00', 6.02, 6.02, 6.02, 6.02, 598]
['2019-03-26 13:29:00', 6.0277, 6.0277, 6.0277, 6.0277, 1402]
['2019-03-26 13:28:00', 6.01, 6.01, 6.01, 6.01, 442]
['2019-03-26 13:25:00', 6.01, 6.01, 6.01, 6.01, 279]
['2019-03-26 13:23:00', 6.02, 6.02, 6.02, 6.02, 1637]
['2019-03-26 13:22:00', 6.02, 6.02, 6.02, 6.02, 183]
['2019-03-26 13:21:00', 6.04, 6.04, 6.04, 6.04, 159]
['2019-03-26 13:19:00', 6.04, 6.04, 6.04, 6.04, 335]
['2019-03-26 13:17:00', 6.03, 6.03, 6.03, 6.03, 148]
['2019-03-26 13:16:00', 6.03, 6.03, 6.03, 6.03, 474]
['2019-03-26 13:15:00', 6.025, 6.025, 6.025, 6.025, 938]
['2019-03-26 13:14:00', 6.02, 6.02, 6.02, 6.02, 2107]
['2019-03-26 13:11:00', 6.025, 6.02, 6.02, 6.025, 5218]
['2019-03-26 13:09:00', 6.02, 6.025, 6.02, 6.025, 4648]
['2019-03-26 13:08:00', 6.0, 6.02, 6.0, 6.02, 2119]
['2019-03-26 13:07:00', 6.0, 6.0, 6.0, 6.0, 461]
['2019-03-26 13:06:00', 5.99, 5.99, 5.99, 5.99, 850]
['2019-03-26 13:05:00', 6.0047, 6.0047, 6.0047, 6.0047, 2908]
['2019-03-26 13:04:00', 6.02, 6.02, 6.02, 6.02, 2167]
['2019-03-26 13:01:00', 6.025, 6.025, 6.025, 6.025, 315]
['2019-03-26 13:00:00', 6.025, 6.025, 6.025, 6.025, 1343]
['2019-03-26 12:59:00', 6.02, 6.02, 6.02, 6.02, 1599]
['2019-03-26 12:58:00', 6.0002, 6.0002, 6.0002, 6.0002, 1221]
['2019-03-26 12:57:00', 6.01, 6.02, 6.01, 6.02, 6369]
['2019-03-26 12:56:00', 6.0, 6.0, 6.0, 6.0, 16500]
['2019-03-26 12:55:00', 5.99, 6.0, 5.99, 6.0, 3038]
['2019-03-26 12:54:00', 6.01, 6.01, 6.01, 6.01, 459]
['2019-03-26 12:53:00', 6.0, 6.0, 6.0, 6.0, 701]
['2019-03-26 12:52:00', 6.0, 6.0, 6.0, 6.0, 733]
['2019-03-26 12:51:00', 5.99, 5.99, 5.99, 5.99, 247]
['2019-03-26 12:49:00', 6.0, 6.0, 6.0, 6.0, 599]
['2019-03-26 12:48:00', 6.0, 6.0, 6.0, 6.0, 700]
['2019-03-26 12:47:00', 5.995, 5.995, 5.995, 5.995, 1311]
['2019-03-26 12:46:00', 6.0, 6.0, 6.0, 6.0, 1101]
['2019-03-26 12:45:00', 5.99, 6.0, 5.99, 6.0, 2110]
['2019-03-26 12:44:00', 5.98, 5.98, 5.98, 5.98, 401]
['2019-03-26 12:42:00', 5.99, 5.98, 5.98, 5.99, 801]
['2019-03-26 12:40:00', 5.98, 5.98, 5.98, 5.98, 101]
['2019-03-26 12:38:00', 5.9702, 5.9702, 5.9702, 5.9702, 501]
['2019-03-26 12:31:00', 5.98, 5.98, 5.98, 5.98, 720]
['2019-03-26 12:28:00', 5.97, 5.97, 5.97, 5.97, 227]
['2019-03-26 12:26:00', 5.98, 5.98, 5.98, 5.98, 207]
['2019-03-26 12:22:00', 5.98, 5.97, 5.97, 5.98, 2569]
['2019-03-26 12:21:00', 5.99, 5.99, 5.99, 5.99, 301]
['2019-03-26 12:18:00', 5.99, 5.99, 5.99, 5.99, 1426]
['2019-03-26 12:17:00', 5.99, 6.0, 5.99, 6.0, 2902]
['2019-03-26 12:16:00', 5.975, 5.975, 5.975, 5.975, 1200]
['2019-03-26 12:15:00', 5.98, 5.98, 5.98, 5.98, 1564]
['2019-03-26 12:14:00', 5.97, 5.99, 5.97, 5.99, 2219]
['2019-03-26 12:12:00', 5.97, 5.965, 5.965, 5.97, 576]
['2019-03-26 12:08:00', 5.96, 5.97, 5.96, 5.97, 1176]
['2019-03-26 12:06:00', 5.96, 5.96, 5.96, 5.96, 125]
['2019-03-26 12:05:00', 5.94, 5.94, 5.94, 5.94, 511]
['2019-03-26 12:02:00', 5.95, 5.95, 5.95, 5.95, 301]
['2019-03-26 12:00:00', 5.94, 5.94, 5.94, 5.94, 301]
['2019-03-26 11:59:00', 5.94, 5.94, 5.94, 5.94, 301]
['2019-03-26 11:55:00', 5.95, 5.95, 5.95, 5.95, 1152]
['2019-03-26 11:53:00', 5.98, 5.98, 5.98, 5.98, 144]
['2019-03-26 11:49:00', 5.97, 5.97, 5.97, 5.97, 104]
['2019-03-26 11:48:00', 5.97, 5.97, 5.97, 5.97, 631]
['2019-03-26 11:46:00', 5.98, 5.98, 5.98, 5.98, 267]
['2019-03-26 11:44:00', 5.96, 5.97, 5.96, 5.97, 1614]
['2019-03-26 11:43:00', 5.95, 5.95, 5.95, 5.95, 501]
['2019-03-26 11:42:00', 5.96, 5.96, 5.96, 5.96, 562]
['2019-03-26 11:41:00', 5.9693, 5.9693, 5.9693, 5.9693, 227]
['2019-03-26 11:38:00', 5.96, 5.97, 5.96, 5.97, 1221]
['2019-03-26 11:35:00', 5.95, 5.95, 5.95, 5.95, 1325]
['2019-03-26 11:33:00', 5.94, 5.93, 5.93, 5.94, 1211]
['2019-03-26 11:32:00', 5.9507, 5.9507, 5.9507, 5.9507, 501]
['2019-03-26 11:28:00', 5.96, 5.96, 5.96, 5.96, 311]
['2019-03-26 11:26:00', 5.94, 5.94, 5.94, 5.94, 716]
['2019-03-26 11:25:00', 5.99, 5.97, 5.97, 5.99, 3402]
['2019-03-26 11:22:00', 5.99, 5.99, 5.99, 5.99, 111]
['2019-03-26 11:20:00', 6.0, 5.99, 5.99, 6.0, 3574]
['2019-03-26 11:18:00', 6.03, 6.02, 6.02, 6.03, 2336]
['2019-03-26 11:16:00', 6.02, 6.02, 6.02, 6.02, 901]
['2019-03-26 11:15:00', 6.03, 6.03, 6.03, 6.03, 700]
['2019-03-26 11:13:00', 6.02, 6.02, 6.02, 6.02, 2133]
['2019-03-26 11:11:00', 6.01, 6.01, 6.01, 6.01, 706]
['2019-03-26 11:10:00', 6.01, 6.01, 6.01, 6.01, 990]
['2019-03-26 11:09:00', 6.01, 6.01, 6.01, 6.01, 1246]
['2019-03-26 11:07:00', 6.02, 6.02, 6.02, 6.02, 990]
['2019-03-26 11:06:00', 6.03, 6.03, 6.03, 6.03, 1165]
['2019-03-26 11:05:00', 6.01, 6.02, 6.01, 6.02, 2675]
['2019-03-26 11:04:00', 6.02, 6.02, 6.02, 6.02, 848]
['2019-03-26 11:03:00', 6.04, 6.03, 6.03, 6.04, 7863]
['2019-03-26 11:01:00', 6.015, 6.01, 6.01, 6.015, 3039]
['2019-03-26 11:00:00', 6.005, 6.01, 6.005, 6.01, 1415]
['2019-03-26 10:59:00', 6.005, 6.005, 6.005, 6.005, 1291]
['2019-03-26 10:57:00', 6.03, 6.03, 6.03, 6.03, 767]
['2019-03-26 10:55:00', 6.04, 6.03, 6.03, 6.04, 2589]
['2019-03-26 10:53:00', 6.0501, 6.0501, 6.0501, 6.0501, 835]
['2019-03-26 10:52:00', 6.03, 6.05, 6.03, 6.05, 2508]
['2019-03-26 10:50:00', 6.0, 6.03, 6.0, 6.03, 3300]
['2019-03-26 10:49:00', 5.99, 5.99, 5.99, 5.99, 1121]
['2019-03-26 10:47:00', 5.99, 6.0, 5.99, 6.0, 1562]
['2019-03-26 10:43:00', 6.0, 6.0, 6.0, 6.0, 1341]
['2019-03-26 10:42:00', 5.99, 6.02, 5.99, 6.02, 4651]
['2019-03-26 10:41:00', 5.99, 5.99, 5.99, 5.99, 1368]
['2019-03-26 10:38:00', 5.97, 5.97, 5.97, 5.97, 1728]
['2019-03-26 10:37:00', 5.98, 5.98, 5.98, 5.98, 558]
['2019-03-26 10:35:00', 5.99, 5.99, 5.99, 5.99, 5061]
['2019-03-26 10:33:00', 5.97, 5.97, 5.97, 5.97, 970]
['2019-03-26 10:32:00', 5.97, 5.97, 5.97, 5.97, 522]
['2019-03-26 10:29:00', 5.97, 5.97, 5.97, 5.97, 323]
['2019-03-26 10:27:00', 5.97, 5.97, 5.97, 5.97, 125]
['2019-03-26 10:26:00', 5.96, 5.95, 5.95, 5.96, 1330]
['2019-03-26 10:19:00', 5.96, 5.96, 5.96, 5.96, 1082]
['2019-03-26 10:18:00', 5.97, 5.97, 5.97, 5.97, 1201]
['2019-03-26 10:14:00', 5.98, 5.98, 5.98, 5.98, 100]
['2019-03-26 10:07:00', 6.0, 5.99, 5.99, 6.0, 2175]
['2019-03-26 10:06:00', 6.05, 6.0, 6.0, 6.05, 4260]
['2019-03-26 10:01:00', 6.06, 6.06, 6.06, 6.06, 498]
['2019-03-26 09:58:00', 6.02, 6.02, 6.02, 6.02, 587]
['2019-03-26 09:57:00', 6.0199, 6.0199, 6.0199, 6.0199, 380]
['2019-03-26 09:54:00', 6.0, 6.0, 6.0, 6.0, 1122]
['2019-03-26 09:53:00', 6.01, 6.01, 6.01, 6.01, 100]
['2019-03-26 09:47:00', 6.02, 6.02, 6.02, 6.02, 160]
['2019-03-26 09:44:00', 5.98, 5.98, 5.98, 5.98, 101]
['2019-03-26 09:42:00', 5.98, 5.98, 5.98, 5.98, 995]
['2019-03-26 09:39:00', 5.9823, 5.9823, 5.9823, 5.9823, 100]
['2019-03-26 09:37:00', 6.0, 6.01, 6.0, 6.01, 4958]
['2019-03-26 09:34:00', 6.01, 5.94, 5.94, 6.01, 1700]
['2019-03-26 09:31:00', 6.04, 6.04, 6.04, 6.04, 4848]
['2019-03-25 16:00:00', 5.95, 5.95, 5.95, 5.95, 15233]
['2019-03-25 15:59:00', 5.94, 5.95, 5.94, 5.95, 4707]
['2019-03-25 15:58:00', 5.94, 5.94, 5.94, 5.94, 3041]
['2019-03-25 15:57:00', 5.93, 5.94, 5.93, 5.94, 7254]
['2019-03-25 15:56:00', 5.93, 5.93, 5.93, 5.93, 3409]
['2019-03-25 15:55:00', 5.93, 5.93, 5.93, 5.93, 1631]
['2019-03-25 15:54:00', 5.93, 5.93, 5.93, 5.93, 1300]
['2019-03-25 15:53:00', 5.93, 5.93, 5.93, 5.93, 731]
['2019-03-25 15:52:00', 5.93, 5.93, 5.93, 5.93, 1541]
['2019-03-25 15:50:00', 5.92, 5.93, 5.92, 5.93, 1231]
['2019-03-25 15:49:00', 5.96, 5.93, 5.93, 5.96, 6418]
['2019-03-25 15:47:00', 5.97, 5.96, 5.96, 5.97, 2797]
['2019-03-25 15:46:00', 5.95, 5.96, 5.95, 5.96, 6682]
['2019-03-25 15:43:00', 5.95, 5.95, 5.95, 5.95, 687]
['2019-03-25 15:42:00', 5.95, 5.95, 5.95, 5.95, 610]
['2019-03-25 15:41:00', 5.95, 5.95, 5.95, 5.95, 100]
['2019-03-25 15:40:00', 5.95, 5.94, 5.94, 5.95, 2116]
['2019-03-25 15:39:00', 5.96, 5.96, 5.96, 5.96, 484]
['2019-03-25 15:37:00', 5.96, 5.96, 5.96, 5.96, 450]
['2019-03-25 15:35:00', 5.96, 5.96, 5.96, 5.96, 218]
['2019-03-25 15:34:00', 5.96, 5.96, 5.96, 5.96, 1000]
['2019-03-25 15:33:00', 5.96, 5.96, 5.96, 5.96, 400]
['2019-03-25 15:31:00', 5.95, 5.96, 5.95, 5.96, 831]
['2019-03-25 15:29:00', 5.95, 5.96, 5.95, 5.96, 2639]
['2019-03-25 15:28:00', 5.98, 5.98, 5.98, 5.98, 300]
['2019-03-25 15:26:00', 5.98, 5.98, 5.98, 5.98, 810]
['2019-03-25 15:25:00', 5.965, 5.965, 5.965, 5.965, 1222]
['2019-03-25 15:24:00', 5.98, 5.97, 5.97, 5.98, 927]
['2019-03-25 15:22:00', 5.97, 5.97, 5.97, 5.97, 300]
['2019-03-25 15:19:00', 5.98, 5.98, 5.98, 5.98, 200]
['2019-03-25 15:18:00', 5.98, 5.98, 5.98, 5.98, 200]
['2019-03-25 15:17:00', 5.98, 5.98, 5.98, 5.98, 200]
['2019-03-25 15:16:00', 5.97, 5.97, 5.97, 5.97, 569]
['2019-03-25 15:14:00', 5.98, 5.98, 5.98, 5.98, 900]
['2019-03-25 15:13:00', 5.98, 5.98, 5.98, 5.98, 716]
['2019-03-25 15:12:00', 5.965, 5.97, 5.965, 5.97, 1184]
['2019-03-25 15:11:00', 5.97, 5.97, 5.97, 5.97, 500]
['2019-03-25 15:09:00', 5.96, 5.96, 5.96, 5.96, 110]
['2019-03-25 15:06:00', 5.98, 5.97, 5.97, 5.98, 1397]
['2019-03-25 15:04:00', 5.98, 5.98, 5.98, 5.98, 1497]
['2019-03-25 15:03:00', 5.99, 5.99, 5.99, 5.99, 200]
['2019-03-25 15:00:00', 6.0, 6.0, 6.0, 6.0, 843]
['2019-03-25 14:59:00', 5.99, 5.99, 5.99, 5.99, 300]
['2019-03-25 14:56:00', 5.99, 5.99, 5.99, 5.99, 1205]
['2019-03-25 14:55:00', 5.99, 5.99, 5.99, 5.99, 200]
['2019-03-25 14:53:00', 5.985, 5.985, 5.985, 5.985, 300]
['2019-03-25 14:52:00', 5.99, 5.99, 5.99, 5.99, 400]
['2019-03-25 14:51:00', 5.99, 5.99, 5.99, 5.99, 510]
['2019-03-25 14:50:00', 5.985, 5.985, 5.985, 5.985, 500]
['2019-03-25 14:48:00', 5.9956, 5.9956, 5.9956, 5.9956, 705]
['2019-03-25 14:46:00', 6.0, 6.0, 6.0, 6.0, 200]
['2019-03-25 14:45:00', 5.99, 5.99, 5.99, 5.99, 1100]
['2019-03-25 14:44:00', 6.0, 6.0, 6.0, 6.0, 800]
['2019-03-25 14:43:00', 6.0, 6.0, 6.0, 6.0, 300]
['2019-03-25 14:41:00', 5.99, 5.99, 5.99, 5.99, 300]
['2019-03-25 14:39:00', 5.98, 5.98, 5.98, 5.98, 300]
['2019-03-25 14:38:00', 5.98, 5.98, 5.98, 5.98, 100]
['2019-03-25 14:36:00', 5.97, 5.97, 5.97, 5.97, 510]
['2019-03-25 14:35:00', 5.97, 5.97, 5.97, 5.97, 600]
['2019-03-25 14:34:00', 5.96, 5.96, 5.96, 5.96, 1100]
['2019-03-25 14:33:00', 5.96, 5.96, 5.96, 5.96, 500]
['2019-03-25 14:31:00', 5.95, 5.95, 5.95, 5.95, 600]
['2019-03-25 14:30:00', 5.945, 5.945, 5.945, 5.945, 700]
['2019-03-25 14:29:00', 5.94, 5.94, 5.94, 5.94, 620]
['2019-03-25 14:28:00', 5.94, 5.94, 5.94, 5.94, 351]
['2019-03-25 14:27:00', 5.94, 5.94, 5.94, 5.94, 370]
['2019-03-25 14:23:00', 5.94, 5.93, 5.93, 5.94, 1813]
['2019-03-25 14:22:00', 5.95, 5.95, 5.95, 5.95, 159]
['2019-03-25 14:21:00', 5.945, 5.945, 5.945, 5.945, 701]
['2019-03-25 14:19:00', 5.94, 5.94, 5.94, 5.94, 807]
['2019-03-25 14:18:00', 5.95, 5.95, 5.95, 5.95, 510]
['2019-03-25 14:16:00', 5.96, 5.96, 5.96, 5.96, 428]
['2019-03-25 14:15:00', 5.95, 5.95, 5.95, 5.95, 600]
['2019-03-25 14:14:00', 5.945, 5.945, 5.945, 5.945, 244]
['2019-03-25 14:13:00', 5.96, 5.96, 5.96, 5.96, 100]
['2019-03-25 14:10:00', 5.96, 5.96, 5.96, 5.96, 100]
['2019-03-25 14:09:00', 5.94, 5.94, 5.94, 5.94, 800]
['2019-03-25 14:08:00', 5.95, 5.95, 5.95, 5.95, 539]
['2019-03-25 14:07:00', 5.95, 5.95, 5.95, 5.95, 200]
['2019-03-25 14:05:00', 5.95, 5.95, 5.95, 5.95, 229]
['2019-03-25 14:01:00', 5.94, 5.94, 5.94, 5.94, 167]
['2019-03-25 13:58:00', 5.93, 5.94, 5.93, 5.94, 2618]
['2019-03-25 13:56:00', 5.94, 5.94, 5.94, 5.94, 189]
['2019-03-25 13:54:00', 5.94, 5.94, 5.94, 5.94, 800]
['2019-03-25 13:53:00', 5.94, 5.94, 5.94, 5.94, 800]
['2019-03-25 13:52:00', 5.94, 5.94, 5.94, 5.94, 300]
['2019-03-25 13:50:00', 5.91, 5.91, 5.91, 5.91, 150]
['2019-03-25 13:46:00', 5.94, 5.94, 5.94, 5.94, 250]
['2019-03-25 13:44:00', 5.94, 5.94, 5.94, 5.94, 600]
['2019-03-25 13:42:00', 5.93, 5.93, 5.93, 5.93, 748]
['2019-03-25 13:40:00', 5.93, 5.93, 5.93, 5.93, 2410]
['2019-03-25 13:39:00', 5.905, 5.91, 5.905, 5.91, 3105]
['2019-03-25 13:38:00', 5.93, 5.92, 5.92, 5.93, 1778]
['2019-03-25 13:37:00', 5.94, 5.95, 5.94, 5.95, 2458]
['2019-03-25 13:36:00', 5.99, 5.93, 5.93, 5.99, 3715]
['2019-03-25 13:34:00', 5.99, 5.99, 5.99, 5.99, 300]
['2019-03-25 13:32:00', 5.975, 5.975, 5.975, 5.975, 200]
['2019-03-25 13:29:00', 5.96, 5.96, 5.96, 5.96, 300]
['2019-03-25 13:28:00', 5.975, 5.975, 5.975, 5.975, 300]
['2019-03-25 13:27:00', 5.975, 5.975, 5.975, 5.975, 100]
['2019-03-25 13:26:00', 5.975, 5.975, 5.975, 5.975, 400]
['2019-03-25 13:24:00', 5.99, 5.99, 5.99, 5.99, 500]
['2019-03-25 13:21:00', 5.975, 5.975, 5.975, 5.975, 200]
['2019-03-25 13:19:00', 5.975, 5.975, 5.975, 5.975, 1500]
['2019-03-25 13:18:00', 5.975, 5.975, 5.975, 5.975, 300]
['2019-03-25 13:16:00', 5.96, 5.96, 5.96, 5.96, 41120]
['2019-03-25 13:15:00', 6.01, 6.01, 6.01, 6.01, 400]
['2019-03-25 13:14:00', 6.0, 6.0, 6.0, 6.0, 1200]
['2019-03-25 13:11:00', 5.99, 5.99, 5.99, 5.99, 210]
['2019-03-25 13:10:00', 5.995, 5.995, 5.995, 5.995, 200]
['2019-03-25 13:08:00', 6.0, 6.0, 6.0, 6.0, 510]
['2019-03-25 13:07:00', 5.98, 5.98, 5.98, 5.98, 641]
['2019-03-25 13:05:00', 5.98, 5.98, 5.98, 5.98, 398]
['2019-03-25 13:04:00', 5.98, 5.98, 5.98, 5.98, 200]
['2019-03-25 13:02:00', 5.97, 5.97, 5.97, 5.97, 500]
['2019-03-25 13:00:00', 5.96, 5.97, 5.96, 5.97, 1800]
['2019-03-25 12:59:00', 5.97, 5.97, 5.97, 5.97, 602]
['2019-03-25 12:58:00', 5.955, 5.955, 5.955, 5.955, 540]
['2019-03-25 12:57:00', 5.95, 5.95, 5.95, 5.95, 735]
['2019-03-25 12:56:00', 5.95, 5.95, 5.95, 5.95, 100]
['2019-03-25 12:54:00', 5.94, 5.94, 5.94, 5.94, 300]
['2019-03-25 12:49:00', 5.93, 5.94, 5.93, 5.94, 1400]
['2019-03-25 12:48:00', 5.92, 5.92, 5.92, 5.92, 668]
['2019-03-25 12:45:00', 5.94, 5.94, 5.94, 5.94, 915]
['2019-03-25 12:44:00', 5.936, 5.936, 5.936, 5.936, 200]
['2019-03-25 12:42:00', 5.94, 5.94, 5.94, 5.94, 600]
['2019-03-25 12:38:00', 5.94, 5.94, 5.94, 5.94, 501]
['2019-03-25 12:34:00', 5.99, 5.96, 5.96, 5.99, 1905]
['2019-03-25 12:32:00', 5.985, 5.985, 5.985, 5.985, 350]
['2019-03-25 12:31:00', 5.985, 5.985, 5.985, 5.985, 250]
['2019-03-25 12:30:00', 5.98, 5.98, 5.98, 5.98, 1107]
['2019-03-25 12:29:00', 5.975, 5.975, 5.975, 5.975, 4400]
['2019-03-25 12:28:00', 5.9775, 5.9775, 5.9775, 5.9775, 2200]
['2019-03-25 12:27:00', 5.97, 5.99, 5.97, 5.99, 7950]
['2019-03-25 12:26:00', 5.96, 5.96, 5.96, 5.96, 600]
['2019-03-25 12:25:00', 5.96, 5.96, 5.96, 5.96, 300]
['2019-03-25 12:23:00', 5.9401, 5.95, 5.9401, 5.95, 2880]
['2019-03-25 12:22:00', 5.96, 5.96, 5.96, 5.96, 1005]
['2019-03-25 12:20:00', 6.02, 6.0, 6.0, 6.02, 605]
['2019-03-25 12:17:00', 6.005, 6.005, 6.005, 6.005, 1705]
['2019-03-25 12:14:00', 6.05, 6.05, 6.05, 6.05, 200]
['2019-03-25 12:13:00', 6.04, 6.04, 6.04, 6.04, 231]
['2019-03-25 12:12:00', 6.0438, 6.0438, 6.0438, 6.0438, 1168]
['2019-03-25 12:09:00', 6.06, 6.06, 6.06, 6.06, 792]
['2019-03-25 12:08:00', 6.0362, 6.05, 6.0362, 6.05, 2923]
['2019-03-25 12:06:00', 6.005, 6.005, 6.005, 6.005, 1700]
['2019-03-25 12:04:00', 5.975, 5.995, 5.975, 5.995, 4682]
['2019-03-25 12:03:00', 5.98, 5.98, 5.98, 5.98, 710]
['2019-03-25 12:02:00', 5.97, 5.97, 5.97, 5.97, 300]
['2019-03-25 12:00:00', 5.97, 5.97, 5.97, 5.97, 200]
['2019-03-25 11:58:00', 5.96, 5.96, 5.96, 5.96, 447]
['2019-03-25 11:57:00', 5.97, 5.97, 5.97, 5.97, 1310]
['2019-03-25 11:56:00', 5.96, 5.96, 5.96, 5.96, 300]
['2019-03-25 11:55:00', 5.96, 5.965, 5.96, 5.965, 2260]
['2019-03-25 11:53:00', 5.965, 5.965, 5.965, 5.965, 100]
['2019-03-25 11:50:00', 5.965, 5.965, 5.965, 5.965, 700]
['2019-03-25 11:49:00', 5.95, 5.96, 5.95, 5.96, 3091]
['2019-03-25 11:47:00', 5.93, 5.93, 5.93, 5.93, 1346]
['2019-03-25 11:46:00', 5.93, 5.93, 5.93, 5.93, 1001]
['2019-03-25 11:45:00', 5.93, 5.93, 5.93, 5.93, 300]
['2019-03-25 11:43:00', 5.93, 5.93, 5.93, 5.93, 1100]
['2019-03-25 11:42:00', 5.9127, 5.9127, 5.9127, 5.9127, 1865]
['2019-03-25 11:41:00', 5.96, 5.925, 5.925, 5.96, 5477]
['2019-03-25 11:38:00', 5.9547, 5.9547, 5.9547, 5.9547, 649]
['2019-03-25 11:37:00', 5.93, 5.93, 5.93, 5.93, 3301]
['2019-03-25 11:35:00', 5.92, 5.905, 5.905, 5.92, 2143]
['2019-03-25 11:33:00', 5.96, 5.96, 5.96, 5.96, 803]
['2019-03-25 11:32:00', 5.95, 5.95, 5.95, 5.95, 1700]
['2019-03-25 11:31:00', 5.95, 5.95, 5.95, 5.95, 1300]
['2019-03-25 11:30:00', 5.93, 5.93, 5.93, 5.93, 1800]
['2019-03-25 11:29:00', 5.93, 5.93, 5.93, 5.93, 1500]
['2019-03-25 11:28:00', 5.835, 5.85, 5.835, 5.92, 8890]
['2019-03-25 11:26:00', 5.82, 5.82, 5.82, 5.82, 2468]
['2019-03-25 11:25:00', 5.82, 5.82, 5.82, 5.82, 2362]
['2019-03-25 11:24:00', 5.79, 5.8073, 5.79, 5.8073, 2713]
['2019-03-25 11:23:00', 5.79, 5.79, 5.79, 5.79, 1526]
['2019-03-25 11:22:00', 5.77, 5.77, 5.77, 5.77, 1798]
['2019-03-25 11:21:00', 5.76, 5.77, 5.76, 5.77, 16498]
['2019-03-25 11:20:00', 5.79, 5.7843, 5.7843, 5.79, 14031]
['2019-03-25 11:18:00', 5.82, 5.81, 5.79, 5.82, 25058]
['2019-03-25 11:17:00', 5.86, 5.84, 5.84, 5.87, 7395]
['2019-03-25 11:16:00', 5.89, 5.89, 5.89, 5.89, 200]
['2019-03-25 11:14:00', 5.865, 5.88, 5.865, 5.88, 1910]
['2019-03-25 11:13:00', 5.865, 5.865, 5.865, 5.865, 600]
['2019-03-25 11:12:00', 5.86, 5.86, 5.86, 5.86, 411]
['2019-03-25 11:10:00', 5.85, 5.85, 5.85, 5.85, 370]
['2019-03-25 11:08:00', 5.84, 5.84, 5.84, 5.84, 2370]
['2019-03-25 11:07:00', 5.8, 5.8, 5.8, 5.8, 4600]
['2019-03-25 11:06:00', 5.78, 5.75, 5.75, 5.8, 9008]
['2019-03-25 11:05:00', 5.83, 5.78, 5.78, 5.83, 23867]
['2019-03-25 11:04:00', 5.83, 5.79, 5.79, 5.83, 9233]
['2019-03-25 11:03:00', 5.875, 5.875, 5.875, 5.875, 158]
['2019-03-25 11:01:00', 5.89, 5.8846, 5.8846, 5.89, 5689]
['2019-03-25 11:00:00', 5.93, 5.89, 5.89, 5.93, 6011]
['2019-03-25 10:59:00', 5.94, 5.94, 5.94, 5.94, 2407]
['2019-03-25 10:58:00', 5.9798, 5.9536, 5.95, 5.9798, 10600]
['2019-03-25 10:54:00', 5.97, 5.97, 5.97, 5.97, 805]
['2019-03-25 10:53:00', 5.91, 5.965, 5.91, 5.965, 7111]
['2019-03-25 10:51:00', 5.87, 5.9, 5.87, 5.9, 1411]
['2019-03-25 10:48:00', 5.86, 5.85, 5.85, 5.86, 1461]
['2019-03-25 10:47:00', 5.86, 5.86, 5.86, 5.86, 1196]
['2019-03-25 10:45:00', 5.88, 5.88, 5.88, 5.88, 401]
['2019-03-25 10:43:00', 5.88, 5.88, 5.88, 5.88, 558]
['2019-03-25 10:42:00', 5.91, 5.91, 5.91, 5.91, 405]
['2019-03-25 10:41:00', 5.91, 5.91, 5.91, 5.91, 430]
['2019-03-25 10:40:00', 5.91, 5.91, 5.91, 5.91, 3100]
['2019-03-25 10:39:00', 5.91, 5.91, 5.91, 5.91, 200]
['2019-03-25 10:37:00', 5.8975, 5.8975, 5.8975, 5.8975, 1710]
['2019-03-25 10:36:00', 5.9, 5.9, 5.9, 5.9, 917]
['2019-03-25 10:35:00', 5.92, 5.92, 5.92, 5.92, 800]
['2019-03-25 10:33:00', 5.935, 5.935, 5.935, 5.935, 200]
['2019-03-25 10:31:00', 5.92, 5.92, 5.92, 5.92, 300]
['2019-03-25 10:30:00', 5.91, 5.91, 5.91, 5.91, 617]
['2019-03-25 10:28:00', 5.91, 5.89, 5.89, 5.91, 1055]
['2019-03-25 10:26:00', 5.88, 5.88, 5.88, 5.88, 200]
['2019-03-25 10:23:00', 5.89, 5.89, 5.89, 5.89, 480]
['2019-03-25 10:22:00', 5.875, 5.875, 5.875, 5.875, 720]
['2019-03-25 10:21:00', 5.88, 5.88, 5.88, 5.88, 600]
['2019-03-25 10:18:00', 5.87, 5.87, 5.87, 5.87, 544]
['2019-03-25 10:17:00', 5.83, 5.83, 5.83, 5.83, 500]
['2019-03-25 10:15:00', 5.81, 5.81, 5.81, 5.81, 730]
['2019-03-25 10:14:00', 5.82, 5.82, 5.82, 5.82, 1096]
['2019-03-25 10:13:00', 5.88, 5.88, 5.88, 5.88, 450]
['2019-03-25 10:11:00', 5.9, 5.88, 5.88, 5.9, 3001]
['2019-03-25 10:10:00', 5.91, 5.91, 5.91, 5.91, 2120]
['2019-03-25 10:09:00', 5.85, 5.85, 5.85, 5.85, 800]
['2019-03-25 10:07:00', 5.81, 5.81, 5.81, 5.81, 1759]
['2019-03-25 10:06:00', 5.83, 5.83, 5.83, 5.83, 438]
['2019-03-25 10:05:00', 5.8, 5.8, 5.8, 5.8, 1320]
['2019-03-25 10:04:00', 5.84, 5.79, 5.78, 5.84, 7064]
['2019-03-25 10:03:00', 5.8826, 5.8826, 5.8826, 5.8826, 807]
['2019-03-25 10:01:00', 5.92, 5.92, 5.92, 5.92, 2259]
['2019-03-25 09:59:00', 5.92, 5.92, 5.92, 5.92, 1200]
['2019-03-25 09:58:00', 5.88, 5.88, 5.88, 5.88, 1300]
['2019-03-25 09:57:00', 5.91, 5.91, 5.91, 5.91, 5389]
['2019-03-25 09:56:00', 5.87, 5.87, 5.87, 5.87, 1711]
['2019-03-25 09:55:00', 5.95, 5.95, 5.95, 5.95, 1226]
['2019-03-25 09:54:00', 6.0, 6.0, 6.0, 6.0, 1715]
['2019-03-25 09:53:00', 5.97, 5.97, 5.97, 5.97, 2064]
['2019-03-25 09:52:00', 5.9899, 5.9899, 5.9899, 5.9899, 2551]
['2019-03-25 09:51:00', 5.99, 5.95, 5.95, 5.99, 9676]
['2019-03-25 09:50:00', 5.93, 6.02, 5.93, 6.02, 11548]
['2019-03-25 09:49:00', 5.9, 5.88, 5.88, 5.9, 4574]
['2019-03-25 09:48:00', 5.93, 5.9, 5.9, 5.93, 6564]
['2019-03-25 09:47:00', 5.97, 5.97, 5.97, 5.97, 3043]
['2019-03-25 09:46:00', 5.91, 5.91, 5.91, 5.91, 2005]
['2019-03-25 09:45:00', 5.8496, 5.8496, 5.8496, 5.8496, 3157]
['2019-03-25 09:44:00', 5.92, 5.92, 5.92, 5.92, 509]
['2019-03-25 09:42:00', 5.99, 5.99, 5.99, 5.99, 1500]
['2019-03-25 09:41:00', 5.9501, 5.9501, 5.9501, 5.9501, 2869]
['2019-03-25 09:40:00', 5.99, 6.0, 5.99, 6.0, 3611]
['2019-03-25 09:39:00', 6.0, 6.0, 6.0, 6.0, 1785]
['2019-03-25 09:37:00', 6.03, 6.03, 6.03, 6.03, 102]
['2019-03-25 09:36:00', 6.0583, 6.0583, 6.0583, 6.0583, 818]
['2019-03-25 09:31:00', 6.07, 6.07, 6.07, 6.07, 0]
