ACAD
['2019-03-29 16:00:00', 26.89, 26.85, 26.84, 26.89, 29732]
['2019-03-29 15:59:00', 26.88, 26.9, 26.87, 26.9, 11714]
['2019-03-29 15:58:00', 26.89, 26.87, 26.87, 26.89, 8055]
['2019-03-29 15:57:00', 26.9, 26.88, 26.87, 26.9, 9159]
['2019-03-29 15:56:00', 26.91, 26.9, 26.895, 26.91, 9675]
['2019-03-29 15:55:00', 26.92, 26.91, 26.91, 26.92, 3538]
['2019-03-29 15:54:00', 26.94, 26.93, 26.93, 26.95, 9277]
['2019-03-29 15:53:00', 26.94, 26.94, 26.94, 26.94, 3615]
['2019-03-29 15:52:00', 26.94, 26.94, 26.935, 26.95, 3093]
['2019-03-29 15:51:00', 26.95, 26.9175, 26.9175, 26.95, 13420]
['2019-03-29 15:50:00', 26.95, 26.96, 26.95, 26.965, 4214]
['2019-03-29 15:49:00', 26.94, 26.94, 26.92, 26.95, 7695]
['2019-03-29 15:48:00', 26.95, 26.96, 26.94, 26.96, 10377]
['2019-03-29 15:47:00', 26.945, 26.95, 26.94, 26.95, 3116]
['2019-03-29 15:46:00', 26.95, 26.95, 26.94, 26.95, 3049]
['2019-03-29 15:45:00', 26.935, 26.94, 26.93, 26.94, 2062]
['2019-03-29 15:44:00', 26.89, 26.94, 26.89, 26.94, 3966]
['2019-03-29 15:43:00', 26.89, 26.885, 26.885, 26.89, 3558]
['2019-03-29 15:42:00', 26.8776, 26.87, 26.87, 26.8776, 3802]
['2019-03-29 15:41:00', 26.865, 26.865, 26.865, 26.865, 431]
['2019-03-29 15:40:00', 26.86, 26.865, 26.86, 26.865, 3045]
['2019-03-29 15:39:00', 26.84, 26.84, 26.84, 26.84, 604]
['2019-03-29 15:38:00', 26.81, 26.83, 26.81, 26.83, 2068]
['2019-03-29 15:37:00', 26.82, 26.81, 26.81, 26.82, 1438]
['2019-03-29 15:36:00', 26.84, 26.8301, 26.8301, 26.84, 1394]
['2019-03-29 15:35:00', 26.83, 26.83, 26.83, 26.83, 514]
['2019-03-29 15:34:00', 26.815, 26.82, 26.815, 26.82, 1277]
['2019-03-29 15:33:00', 26.8, 26.81, 26.8, 26.81, 1752]
['2019-03-29 15:32:00', 26.79, 26.81, 26.79, 26.83, 3517]
['2019-03-29 15:31:00', 26.79, 26.785, 26.785, 26.82, 5449]
['2019-03-29 15:30:00', 26.785, 26.78, 26.78, 26.785, 1425]
['2019-03-29 15:28:00', 26.8, 26.8, 26.8, 26.8, 1164]
['2019-03-29 15:27:00', 26.79, 26.79, 26.79, 26.79, 881]
['2019-03-29 15:26:00', 26.76, 26.76, 26.76, 26.76, 522]
['2019-03-29 15:24:00', 26.76, 26.76, 26.76, 26.76, 1916]
['2019-03-29 15:23:00', 26.795, 26.78, 26.78, 26.795, 2956]
['2019-03-29 15:22:00', 26.82, 26.81, 26.81, 26.82, 1090]
['2019-03-29 15:20:00', 26.83, 26.83, 26.83, 26.83, 591]
['2019-03-29 15:19:00', 26.86, 26.84, 26.84, 26.86, 3881]
['2019-03-29 15:17:00', 26.81, 26.86, 26.81, 26.86, 2356]
['2019-03-29 15:16:00', 26.8, 26.8, 26.8, 26.8, 1500]
['2019-03-29 15:15:00', 26.81, 26.81, 26.81, 26.81, 462]
['2019-03-29 15:14:00', 26.81, 26.82, 26.81, 26.82, 2141]
['2019-03-29 15:13:00', 26.89, 26.76, 26.72, 26.89, 21326]
['2019-03-29 15:12:00', 26.9, 26.9, 26.9, 26.9, 532]
['2019-03-29 15:10:00', 26.905, 26.905, 26.905, 26.905, 835]
['2019-03-29 15:09:00', 26.89, 26.89, 26.89, 26.89, 237]
['2019-03-29 15:08:00', 26.88, 26.88, 26.88, 26.88, 2566]
['2019-03-29 15:07:00', 26.91, 26.91, 26.91, 26.91, 983]
['2019-03-29 15:06:00', 26.895, 26.895, 26.895, 26.895, 771]
['2019-03-29 15:05:00', 26.94, 26.92, 26.92, 26.94, 2790]
['2019-03-29 15:04:00', 26.96, 26.955, 26.955, 26.96, 1304]
['2019-03-29 15:03:00', 26.97, 26.97, 26.97, 26.97, 218]
['2019-03-29 15:02:00', 26.965, 26.965, 26.965, 26.965, 776]
['2019-03-29 14:59:00', 26.96, 26.96, 26.96, 26.97, 2131]
['2019-03-29 14:57:00', 26.99, 26.99, 26.99, 26.99, 1314]
['2019-03-29 14:56:00', 26.995, 26.995, 26.995, 26.995, 400]
['2019-03-29 14:55:00', 26.99, 26.99, 26.99, 26.99, 1751]
['2019-03-29 14:53:00', 26.98, 26.965, 26.965, 26.98, 1809]
['2019-03-29 14:52:00', 26.97, 26.97, 26.97, 26.97, 523]
['2019-03-29 14:51:00', 26.95, 26.95, 26.95, 26.95, 989]
['2019-03-29 14:49:00', 26.945, 26.94, 26.94, 26.945, 827]
['2019-03-29 14:47:00', 26.92, 26.95, 26.92, 26.95, 2388]
['2019-03-29 14:46:00', 26.94, 26.94, 26.94, 26.94, 841]
['2019-03-29 14:45:00', 26.97, 26.99, 26.97, 26.99, 2275]
['2019-03-29 14:44:00', 26.97, 26.97, 26.97, 26.97, 285]
['2019-03-29 14:43:00', 26.945, 26.945, 26.945, 26.945, 1809]
['2019-03-29 14:42:00', 26.95, 26.95, 26.95, 26.95, 3218]
['2019-03-29 14:41:00', 26.98, 26.97, 26.97, 26.98, 1771]
['2019-03-29 14:40:00', 26.98, 26.99, 26.98, 26.99, 1272]
['2019-03-29 14:38:00', 26.96, 26.96, 26.96, 26.96, 554]
['2019-03-29 14:36:00', 26.97, 26.98, 26.97, 26.98, 2989]
['2019-03-29 14:35:00', 26.96, 26.97, 26.96, 26.98, 3995]
['2019-03-29 14:34:00', 26.97, 26.97, 26.97, 26.97, 1287]
['2019-03-29 14:32:00', 26.95, 26.965, 26.95, 26.965, 1481]
['2019-03-29 14:31:00', 26.965, 26.965, 26.965, 26.965, 800]
['2019-03-29 14:30:00', 26.97, 26.97, 26.97, 26.97, 1638]
['2019-03-29 14:29:00', 26.965, 26.97, 26.965, 26.97, 1509]
['2019-03-29 14:28:00', 26.97, 26.96, 26.96, 26.97, 2198]
['2019-03-29 14:27:00', 26.94, 26.94, 26.94, 26.94, 1218]
['2019-03-29 14:25:00', 26.93, 26.93, 26.93, 26.93, 233]
['2019-03-29 14:23:00', 26.95, 26.95, 26.95, 26.95, 422]
['2019-03-29 14:22:00', 26.95, 26.95, 26.95, 26.95, 752]
['2019-03-29 14:21:00', 26.94, 26.94, 26.94, 26.94, 1354]
['2019-03-29 14:20:00', 26.945, 26.945, 26.945, 26.945, 535]
['2019-03-29 14:19:00', 26.95, 26.95, 26.95, 26.95, 418]
['2019-03-29 14:17:00', 26.945, 26.945, 26.945, 26.945, 364]
['2019-03-29 14:16:00', 26.95, 26.95, 26.95, 26.95, 290]
['2019-03-29 14:15:00', 26.92, 26.93, 26.92, 26.93, 1030]
['2019-03-29 14:14:00', 26.925, 26.925, 26.925, 26.925, 272]
['2019-03-29 14:12:00', 26.92, 26.92, 26.92, 26.92, 200]
['2019-03-29 14:11:00', 26.91, 26.92, 26.91, 26.93, 2527]
['2019-03-29 14:09:00', 26.96, 26.94, 26.94, 26.96, 1258]
['2019-03-29 14:08:00', 27.0, 26.99, 26.99, 27.0, 1437]
['2019-03-29 14:07:00', 26.96, 26.96, 26.96, 26.96, 670]
['2019-03-29 14:06:00', 27.01, 26.98, 26.98, 27.01, 3011]
['2019-03-29 14:05:00', 27.01, 27.01, 27.01, 27.01, 498]
['2019-03-29 14:04:00', 27.03, 27.02, 27.02, 27.03, 1852]
['2019-03-29 14:03:00', 27.0075, 27.0075, 27.0075, 27.0075, 465]
['2019-03-29 14:02:00', 26.96, 27.0, 26.96, 27.0, 2267]
['2019-03-29 14:01:00', 26.96, 26.97, 26.96, 26.97, 1387]
['2019-03-29 14:00:00', 26.985, 26.99, 26.985, 27.01, 4246]
['2019-03-29 13:59:00', 27.0, 27.0086, 27.0, 27.0086, 1969]
['2019-03-29 13:58:00', 26.96, 26.98, 26.96, 27.0, 10209]
['2019-03-29 13:57:00', 26.99, 26.97, 26.97, 26.99, 1321]
['2019-03-29 13:56:00', 26.96, 26.96, 26.96, 26.96, 1300]
['2019-03-29 13:55:00', 26.93, 26.9731, 26.93, 26.9731, 2322]
['2019-03-29 13:52:00', 26.93, 26.93, 26.93, 26.93, 1817]
['2019-03-29 13:51:00', 26.88, 26.92, 26.88, 26.92, 1764]
['2019-03-29 13:49:00', 26.87, 26.87, 26.87, 26.87, 529]
['2019-03-29 13:48:00', 26.82, 26.84, 26.82, 26.84, 7334]
['2019-03-29 13:47:00', 26.87, 26.78, 26.71, 26.87, 13423]
['2019-03-29 13:46:00', 26.89, 26.88, 26.88, 26.89, 1306]
['2019-03-29 13:45:00', 26.9, 26.9, 26.9, 26.9, 1509]
['2019-03-29 13:44:00', 26.88, 26.88, 26.88, 26.88, 402]
['2019-03-29 13:43:00', 26.86, 26.86, 26.86, 26.86, 380]
['2019-03-29 13:41:00', 26.85, 26.86, 26.85, 26.86, 1320]
['2019-03-29 13:40:00', 26.86, 26.86, 26.86, 26.86, 714]
['2019-03-29 13:39:00', 26.86, 26.87, 26.86, 26.87, 1769]
['2019-03-29 13:38:00', 26.88, 26.88, 26.88, 26.88, 139]
['2019-03-29 13:36:00', 26.87, 26.87, 26.87, 26.87, 211]
['2019-03-29 13:35:00', 26.87, 26.87, 26.87, 26.87, 202]
['2019-03-29 13:34:00', 26.9, 26.875, 26.87, 26.9, 3189]
['2019-03-29 13:33:00', 26.91, 26.92, 26.91, 26.92, 2138]
['2019-03-29 13:32:00', 26.92, 26.92, 26.92, 26.92, 312]
['2019-03-29 13:31:00', 26.91, 26.91, 26.91, 26.91, 300]
['2019-03-29 13:30:00', 26.92, 26.92, 26.92, 26.92, 242]
['2019-03-29 13:28:00', 26.91, 26.91, 26.91, 26.91, 1037]
['2019-03-29 13:27:00', 26.94, 26.92, 26.92, 26.94, 1305]
['2019-03-29 13:25:00', 26.91, 26.93, 26.91, 26.93, 1104]
['2019-03-29 13:24:00', 26.8778, 26.9, 26.8778, 26.9, 1462]
['2019-03-29 13:22:00', 26.87, 26.89, 26.87, 26.89, 4186]
['2019-03-29 13:21:00', 26.87, 26.84, 26.84, 26.87, 2148]
['2019-03-29 13:20:00', 26.9, 26.9, 26.9, 26.9, 402]
['2019-03-29 13:19:00', 26.92, 26.89, 26.89, 26.92, 2950]
['2019-03-29 13:18:00', 26.96, 26.96, 26.96, 26.96, 930]
['2019-03-29 13:17:00', 26.97, 26.9699, 26.9675, 26.97, 2436]
['2019-03-29 13:16:00', 26.95, 26.95, 26.95, 26.95, 4850]
['2019-03-29 13:15:00', 26.94, 26.97, 26.94, 26.98, 21187]
['2019-03-29 13:14:00', 26.94, 26.94, 26.94, 26.94, 20276]
['2019-03-29 13:13:00', 26.93, 26.93, 26.93, 26.93, 300]
['2019-03-29 13:12:00', 26.92, 26.92, 26.92, 26.92, 850]
['2019-03-29 13:11:00', 26.91, 26.91, 26.91, 26.91, 384]
['2019-03-29 13:10:00', 26.89, 26.89, 26.89, 26.89, 288]
['2019-03-29 13:08:00', 26.89, 26.89, 26.89, 26.89, 2333]
['2019-03-29 13:07:00', 26.925, 26.92, 26.92, 26.925, 2506]
['2019-03-29 13:05:00', 26.93, 26.925, 26.925, 26.93, 843]
['2019-03-29 13:03:00', 26.925, 26.91, 26.91, 26.925, 1493]
['2019-03-29 13:02:00', 26.9102, 26.9102, 26.9102, 26.9102, 1000]
['2019-03-29 13:01:00', 26.935, 26.935, 26.935, 26.935, 1887]
['2019-03-29 13:00:00', 26.91, 26.93, 26.91, 26.93, 3687]
['2019-03-29 12:59:00', 26.91, 26.91, 26.91, 26.91, 1636]
['2019-03-29 12:58:00', 26.92, 26.92, 26.92, 26.92, 361]
['2019-03-29 12:57:00', 26.89, 26.89, 26.89, 26.89, 221]
['2019-03-29 12:56:00', 26.87, 26.89, 26.87, 26.89, 1880]
['2019-03-29 12:55:00', 26.87, 26.89, 26.87, 26.89, 2932]
['2019-03-29 12:54:00', 26.89, 26.86, 26.86, 26.89, 3317]
['2019-03-29 12:53:00', 26.87, 26.86, 26.86, 26.87, 7310]
['2019-03-29 12:52:00', 26.88, 26.88, 26.88, 26.88, 636]
['2019-03-29 12:51:00', 26.87, 26.87, 26.87, 26.87, 765]
['2019-03-29 12:50:00', 26.88, 26.88, 26.88, 26.88, 665]
['2019-03-29 12:49:00', 26.85, 26.87, 26.85, 26.87, 2220]
['2019-03-29 12:48:00', 26.85, 26.85, 26.85, 26.85, 1500]
['2019-03-29 12:47:00', 26.89, 26.87, 26.87, 26.89, 1826]
['2019-03-29 12:46:00', 26.91, 26.9, 26.9, 26.91, 2870]
['2019-03-29 12:45:00', 26.9, 26.87, 26.87, 26.9, 2247]
['2019-03-29 12:44:00', 26.89, 26.89, 26.89, 26.89, 1692]
['2019-03-29 12:43:00', 26.9, 26.88, 26.88, 26.9, 2583]
['2019-03-29 12:40:00', 26.9, 26.9, 26.9, 26.9, 195]
['2019-03-29 12:39:00', 26.89, 26.89, 26.89, 26.89, 651]
['2019-03-29 12:38:00', 26.9, 26.9, 26.9, 26.9, 850]
['2019-03-29 12:37:00', 26.89, 26.89, 26.89, 26.89, 2130]
['2019-03-29 12:36:00', 26.85, 26.86, 26.85, 26.86, 2881]
['2019-03-29 12:35:00', 26.83, 26.83, 26.83, 26.83, 888]
['2019-03-29 12:34:00', 26.82, 26.82, 26.82, 26.82, 500]
['2019-03-29 12:33:00', 26.81, 26.81, 26.81, 26.81, 503]
['2019-03-29 12:32:00', 26.82, 26.82, 26.82, 26.82, 543]
['2019-03-29 12:31:00', 26.79, 26.8, 26.79, 26.8, 2723]
['2019-03-29 12:30:00', 26.78, 26.78, 26.78, 26.78, 700]
['2019-03-29 12:29:00', 26.82, 26.82, 26.82, 26.82, 500]
['2019-03-29 12:28:00', 26.78, 26.8, 26.77, 26.8, 4919]
['2019-03-29 12:27:00', 26.72, 26.73, 26.72, 26.73, 4470]
['2019-03-29 12:26:00', 26.7, 26.73, 26.7, 26.73, 3335]
['2019-03-29 12:25:00', 26.72, 26.71, 26.71, 26.72, 3099]
['2019-03-29 12:24:00', 26.715, 26.72, 26.715, 26.72, 1720]
['2019-03-29 12:23:00', 26.74, 26.74, 26.74, 26.74, 781]
['2019-03-29 12:22:00', 26.705, 26.705, 26.705, 26.705, 800]
['2019-03-29 12:21:00', 26.72, 26.72, 26.72, 26.72, 1173]
['2019-03-29 12:20:00', 26.65, 26.67, 26.65, 26.67, 4017]
['2019-03-29 12:19:00', 26.65, 26.65, 26.65, 26.65, 678]
['2019-03-29 12:18:00', 26.59, 26.59, 26.59, 26.59, 1830]
['2019-03-29 12:17:00', 26.58, 26.58, 26.58, 26.58, 820]
['2019-03-29 12:16:00', 26.56, 26.56, 26.56, 26.56, 1031]
['2019-03-29 12:15:00', 26.57, 26.57, 26.57, 26.57, 1421]
['2019-03-29 12:13:00', 26.566, 26.57, 26.566, 26.57, 2350]
['2019-03-29 12:12:00', 26.56, 26.56, 26.56, 26.56, 420]
['2019-03-29 12:11:00', 26.54, 26.55, 26.535, 26.55, 7669]
['2019-03-29 12:10:00', 26.54, 26.53, 26.51, 26.54, 13726]
['2019-03-29 12:09:00', 26.55, 26.55, 26.55, 26.55, 735]
['2019-03-29 12:08:00', 26.59, 26.59, 26.59, 26.59, 675]
['2019-03-29 12:06:00', 26.59, 26.57, 26.57, 26.59, 1725]
['2019-03-29 12:05:00', 26.57, 26.57, 26.57, 26.57, 839]
['2019-03-29 12:04:00', 26.57, 26.57, 26.57, 26.57, 599]
['2019-03-29 12:03:00', 26.54, 26.54, 26.54, 26.54, 893]
['2019-03-29 12:02:00', 26.53, 26.56, 26.53, 26.56, 2279]
['2019-03-29 12:01:00', 26.55, 26.55, 26.55, 26.55, 810]
['2019-03-29 12:00:00', 26.55, 26.55, 26.55, 26.55, 1445]
['2019-03-29 11:58:00', 26.48, 26.53, 26.48, 26.53, 5411]
['2019-03-29 11:57:00', 26.465, 26.48, 26.465, 26.48, 2907]
['2019-03-29 11:56:00', 26.46, 26.46, 26.46, 26.46, 1788]
['2019-03-29 11:55:00', 26.48, 26.48, 26.48, 26.48, 810]
['2019-03-29 11:54:00', 26.52, 26.52, 26.52, 26.52, 1324]
['2019-03-29 11:51:00', 26.52, 26.5, 26.5, 26.52, 1110]
['2019-03-29 11:50:00', 26.54, 26.54, 26.54, 26.54, 1410]
['2019-03-29 11:49:00', 26.57, 26.57, 26.57, 26.57, 662]
['2019-03-29 11:48:00', 26.53, 26.53, 26.53, 26.53, 790]
['2019-03-29 11:47:00', 26.51, 26.51, 26.51, 26.51, 2406]
['2019-03-29 11:46:00', 26.54, 26.5, 26.5, 26.54, 1700]
['2019-03-29 11:44:00', 26.6, 26.57, 26.57, 26.6, 1303]
['2019-03-29 11:43:00', 26.59, 26.59, 26.59, 26.59, 994]
['2019-03-29 11:42:00', 26.59, 26.59, 26.59, 26.59, 1583]
['2019-03-29 11:41:00', 26.63, 26.63, 26.63, 26.63, 796]
['2019-03-29 11:40:00', 26.61, 26.61, 26.61, 26.61, 857]
['2019-03-29 11:39:00', 26.62, 26.62, 26.62, 26.62, 1002]
['2019-03-29 11:38:00', 26.58, 26.58, 26.58, 26.58, 683]
['2019-03-29 11:37:00', 26.555, 26.555, 26.555, 26.555, 1334]
['2019-03-29 11:36:00', 26.565, 26.55, 26.55, 26.565, 1651]
['2019-03-29 11:34:00', 26.58, 26.5692, 26.5692, 26.58, 2174]
['2019-03-29 11:33:00', 26.62, 26.62, 26.62, 26.62, 947]
['2019-03-29 11:32:00', 26.66, 26.66, 26.66, 26.66, 986]
['2019-03-29 11:31:00', 26.62, 26.63, 26.62, 26.63, 2331]
['2019-03-29 11:30:00', 26.64, 26.64, 26.64, 26.64, 902]
['2019-03-29 11:28:00', 26.63, 26.61, 26.61, 26.63, 1509]
['2019-03-29 11:27:00', 26.61, 26.61, 26.61, 26.61, 926]
['2019-03-29 11:26:00', 26.55, 26.58, 26.55, 26.58, 3609]
['2019-03-29 11:25:00', 26.53, 26.53, 26.53, 26.53, 644]
['2019-03-29 11:24:00', 26.5113, 26.5113, 26.5113, 26.5113, 1234]
['2019-03-29 11:23:00', 26.48, 26.48, 26.48, 26.48, 818]
['2019-03-29 11:22:00', 26.5, 26.5, 26.5, 26.5, 600]
['2019-03-29 11:21:00', 26.49, 26.505, 26.49, 26.505, 2061]
['2019-03-29 11:20:00', 26.44, 26.44, 26.44, 26.44, 1074]
['2019-03-29 11:19:00', 26.44, 26.45, 26.44, 26.45, 1655]
['2019-03-29 11:18:00', 26.465, 26.465, 26.465, 26.465, 616]
['2019-03-29 11:16:00', 26.435, 26.435, 26.435, 26.435, 1732]
['2019-03-29 11:15:00', 26.44, 26.44, 26.44, 26.44, 1190]
['2019-03-29 11:14:00', 26.4, 26.4, 26.4, 26.4, 905]
['2019-03-29 11:13:00', 26.405, 26.405, 26.405, 26.405, 1240]
['2019-03-29 11:12:00', 26.365, 26.365, 26.365, 26.365, 297]
['2019-03-29 11:10:00', 26.38, 26.37, 26.37, 26.38, 2123]
['2019-03-29 11:08:00', 26.36, 26.36, 26.36, 26.39, 4024]
['2019-03-29 11:07:00', 26.34, 26.34, 26.34, 26.34, 737]
['2019-03-29 11:06:00', 26.33, 26.33, 26.33, 26.33, 1035]
['2019-03-29 11:05:00', 26.35, 26.35, 26.35, 26.35, 1300]
['2019-03-29 11:04:00', 26.36, 26.36, 26.35, 26.36, 4070]
['2019-03-29 11:03:00', 26.37, 26.385, 26.37, 26.385, 2655]
['2019-03-29 11:02:00', 26.4, 26.36, 26.36, 26.4, 4137]
['2019-03-29 11:01:00', 26.43, 26.4, 26.4, 26.43, 1506]
['2019-03-29 10:59:00', 26.45, 26.42, 26.42, 26.45, 2332]
['2019-03-29 10:58:00', 26.485, 26.47, 26.46, 26.485, 4609]
['2019-03-29 10:57:00', 26.53, 26.53, 26.53, 26.53, 522]
['2019-03-29 10:55:00', 26.505, 26.505, 26.505, 26.505, 624]
['2019-03-29 10:54:00', 26.52, 26.52, 26.52, 26.52, 2360]
['2019-03-29 10:53:00', 26.61, 26.61, 26.61, 26.61, 1796]
['2019-03-29 10:52:00', 26.655, 26.655, 26.655, 26.655, 1234]
['2019-03-29 10:51:00', 26.77, 26.64, 26.64, 26.77, 1872]
['2019-03-29 10:49:00', 26.78, 26.78, 26.78, 26.78, 455]
['2019-03-29 10:48:00', 26.79, 26.79, 26.79, 26.79, 1275]
['2019-03-29 10:47:00', 26.78, 26.78, 26.78, 26.78, 691]
['2019-03-29 10:46:00', 26.78, 26.78, 26.78, 26.78, 1773]
['2019-03-29 10:44:00', 26.83, 26.83, 26.83, 26.83, 475]
['2019-03-29 10:43:00', 26.83, 26.83, 26.83, 26.83, 3911]
['2019-03-29 10:42:00', 26.78, 26.78, 26.78, 26.78, 841]
['2019-03-29 10:41:00', 26.8, 26.8, 26.8, 26.8, 500]
['2019-03-29 10:40:00', 26.79, 26.79, 26.79, 26.79, 928]
['2019-03-29 10:39:00', 26.75, 26.78, 26.75, 26.78, 1565]
['2019-03-29 10:37:00', 26.77, 26.77, 26.77, 26.77, 1922]
['2019-03-29 10:36:00', 26.84, 26.84, 26.84, 26.84, 1800]
['2019-03-29 10:35:00', 26.83, 26.83, 26.83, 26.83, 408]
['2019-03-29 10:34:00', 26.75, 26.81, 26.75, 26.83, 23026]
['2019-03-29 10:33:00', 26.7, 26.7, 26.69, 26.7, 40613]
['2019-03-29 10:32:00', 26.69, 26.7, 26.69, 26.7, 5229]
['2019-03-29 10:31:00', 26.7, 26.7, 26.68, 26.7, 10877]
['2019-03-29 10:30:00', 26.7, 26.7, 26.7, 26.7, 1699]
['2019-03-29 10:29:00', 26.68, 26.69, 26.68, 26.69, 2276]
['2019-03-29 10:28:00', 26.69, 26.69, 26.69, 26.69, 1856]
['2019-03-29 10:27:00', 26.67, 26.67, 26.67, 26.67, 1368]
['2019-03-29 10:26:00', 26.56, 26.56, 26.56, 26.56, 1112]
['2019-03-29 10:25:00', 26.53, 26.57, 26.53, 26.57, 2161]
['2019-03-29 10:23:00', 26.52, 26.52, 26.52, 26.54, 7722]
['2019-03-29 10:22:00', 26.58, 26.58, 26.58, 26.58, 906]
['2019-03-29 10:20:00', 26.57, 26.55, 26.55, 26.57, 3370]
['2019-03-29 10:18:00', 26.5718, 26.5718, 26.5718, 26.5718, 717]
['2019-03-29 10:17:00', 26.6, 26.6, 26.6, 26.6, 317]
['2019-03-29 10:16:00', 26.575, 26.575, 26.575, 26.575, 1966]
['2019-03-29 10:15:00', 26.6, 26.6, 26.6, 26.6, 863]
['2019-03-29 10:13:00', 26.59, 26.59, 26.59, 26.59, 542]
['2019-03-29 10:12:00', 26.67, 26.64, 26.64, 26.67, 4066]
['2019-03-29 10:11:00', 26.7, 26.675, 26.675, 26.72, 19122]
['2019-03-29 10:10:00', 26.7, 26.7, 26.695, 26.71, 5959]
['2019-03-29 10:09:00', 26.7, 26.69, 26.69, 26.7, 2996]
['2019-03-29 10:08:00', 26.7, 26.7, 26.7, 26.7, 11178]
['2019-03-29 10:07:00', 26.7, 26.7, 26.69, 26.7, 9823]
['2019-03-29 10:06:00', 26.69, 26.6948, 26.69, 26.7, 4876]
['2019-03-29 10:05:00', 26.675, 26.67, 26.67, 26.675, 2820]
['2019-03-29 10:04:00', 26.66, 26.66, 26.66, 26.66, 1357]
['2019-03-29 10:02:00', 26.67, 26.67, 26.67, 26.67, 363]
['2019-03-29 10:01:00', 26.66, 26.66, 26.66, 26.66, 659]
['2019-03-29 09:59:00', 26.591, 26.591, 26.591, 26.591, 1631]
['2019-03-29 09:58:00', 26.64, 26.53, 26.53, 26.64, 5010]
['2019-03-29 09:57:00', 26.63, 26.7064, 26.63, 26.7064, 10807]
['2019-03-29 09:56:00', 26.82, 26.78, 26.77, 26.82, 9917]
['2019-03-29 09:54:00', 26.79, 26.79, 26.79, 26.79, 506]
['2019-03-29 09:53:00', 26.73, 26.73, 26.73, 26.73, 405]
['2019-03-29 09:50:00', 26.7462, 26.7462, 26.7462, 26.7462, 510]
['2019-03-29 09:49:00', 26.73, 26.73, 26.73, 26.73, 237]
['2019-03-29 09:48:00', 26.74, 26.74, 26.74, 26.74, 1016]
['2019-03-29 09:47:00', 26.76, 26.76, 26.76, 26.76, 619]
['2019-03-29 09:46:00', 26.77, 26.77, 26.77, 26.77, 1874]
['2019-03-29 09:45:00', 26.8, 26.8, 26.8, 26.8, 1530]
['2019-03-29 09:44:00', 26.8628, 26.8628, 26.8628, 26.8628, 501]
['2019-03-29 09:42:00', 26.9, 26.9, 26.9, 26.9, 416]
['2019-03-29 09:39:00', 26.8752, 26.8752, 26.8752, 26.8752, 1700]
['2019-03-29 09:38:00', 26.915, 26.91, 26.91, 26.915, 3786]
['2019-03-29 09:35:00', 26.94, 26.94, 26.94, 26.94, 217]
['2019-03-29 09:34:00', 26.76, 26.92, 26.76, 26.92, 2803]
['2019-03-29 09:32:00', 26.7, 26.9499, 26.7, 26.9499, 13864]
['2019-03-28 16:00:00', 26.6401, 26.6375, 26.6375, 26.71, 51414]
['2019-03-28 15:59:00', 26.65, 26.67, 26.63, 26.695, 52100]
['2019-03-28 15:58:00', 26.47, 26.65, 26.47, 26.67, 52338]
['2019-03-28 15:57:00', 26.31, 26.4799, 26.3, 26.48, 74077]
['2019-03-28 15:56:00', 26.32, 26.315, 26.25, 26.335, 38688]
['2019-03-28 15:55:00', 26.37, 26.3, 26.3, 26.37, 30841]
['2019-03-28 15:54:00', 26.33, 26.3575, 26.19, 26.37, 53266]
['2019-03-28 15:53:00', 26.21, 26.33, 25.98, 26.38, 145964]
['2019-03-28 15:52:00', 26.47, 26.21, 26.09, 26.47, 112099]
['2019-03-28 15:51:00', 26.49, 26.45, 26.33, 26.49, 74817]
['2019-03-28 15:50:00', 26.575, 26.51, 26.47, 26.575, 14262]
['2019-03-28 15:49:00', 26.61, 26.575, 26.55, 26.61, 9482]
['2019-03-28 15:48:00', 26.65, 26.6, 26.6, 26.66, 16965]
['2019-03-28 15:47:00', 26.71, 26.68, 26.655, 26.71, 13288]
['2019-03-28 15:46:00', 26.71, 26.7, 26.7, 26.71, 3302]
['2019-03-28 15:45:00', 26.695, 26.7, 26.695, 26.7, 1439]
['2019-03-28 15:44:00', 26.7, 26.7, 26.69, 26.7, 5031]
['2019-03-28 15:43:00', 26.695, 26.71, 26.695, 26.72, 4577]
['2019-03-28 15:41:00', 26.7, 26.7, 26.7, 26.7, 1214]
['2019-03-28 15:40:00', 26.69, 26.7, 26.69, 26.71, 4494]
['2019-03-28 15:39:00', 26.7, 26.7, 26.7, 26.7, 3169]
['2019-03-28 15:38:00', 26.6955, 26.6955, 26.6955, 26.6955, 1076]
['2019-03-28 15:37:00', 26.7, 26.7, 26.7, 26.7, 862]
['2019-03-28 15:36:00', 26.68, 26.69, 26.68, 26.69, 2064]
['2019-03-28 15:34:00', 26.63, 26.63, 26.63, 26.63, 2808]
['2019-03-28 15:33:00', 26.61, 26.61, 26.61, 26.61, 1252]
['2019-03-28 15:32:00', 26.6, 26.595, 26.595, 26.6, 2224]
['2019-03-28 15:31:00', 26.6, 26.6, 26.6, 26.6, 980]
['2019-03-28 15:30:00', 26.59, 26.58, 26.58, 26.59, 1086]
['2019-03-28 15:29:00', 26.61, 26.6, 26.6, 26.61, 1350]
['2019-03-28 15:28:00', 26.62, 26.62, 26.62, 26.62, 609]
['2019-03-28 15:27:00', 26.615, 26.62, 26.615, 26.63, 4147]
['2019-03-28 15:26:00', 26.585, 26.63, 26.58, 26.63, 4138]
['2019-03-28 15:25:00', 26.6, 26.6, 26.6, 26.6, 718]
['2019-03-28 15:24:00', 26.61, 26.61, 26.61, 26.61, 707]
['2019-03-28 15:23:00', 26.6156, 26.6, 26.6, 26.6156, 1641]
['2019-03-28 15:22:00', 26.6, 26.62, 26.6, 26.62, 1057]
['2019-03-28 15:21:00', 26.64, 26.61, 26.61, 26.64, 1450]
['2019-03-28 15:20:00', 26.645, 26.655, 26.645, 26.655, 1196]
['2019-03-28 15:19:00', 26.66, 26.64, 26.64, 26.66, 1508]
['2019-03-28 15:18:00', 26.6422, 26.665, 26.6422, 26.665, 9276]
['2019-03-28 15:17:00', 26.7, 26.69, 26.69, 26.7, 1132]
['2019-03-28 15:16:00', 26.72, 26.71, 26.71, 26.72, 2058]
['2019-03-28 15:15:00', 26.73, 26.73, 26.73, 26.73, 243]
['2019-03-28 15:14:00', 26.7277, 26.7277, 26.7277, 26.7277, 1364]
['2019-03-28 15:13:00', 26.7, 26.72, 26.7, 26.72, 1235]
['2019-03-28 15:12:00', 26.7, 26.7, 26.7, 26.7, 1571]
['2019-03-28 15:11:00', 26.685, 26.69, 26.685, 26.69, 937]
['2019-03-28 15:10:00', 26.71, 26.69, 26.69, 26.71, 2309]
['2019-03-28 15:09:00', 26.71, 26.71, 26.71, 26.71, 1095]
['2019-03-28 15:08:00', 26.68, 26.72, 26.68, 26.72, 3261]
['2019-03-28 15:07:00', 26.68, 26.68, 26.68, 26.68, 1385]
['2019-03-28 15:06:00', 26.69, 26.7, 26.69, 26.7, 1022]
['2019-03-28 15:05:00', 26.7, 26.7, 26.7, 26.7, 1643]
['2019-03-28 15:03:00', 26.67, 26.69, 26.67, 26.69, 1075]
['2019-03-28 15:02:00', 26.6093, 26.62, 26.6093, 26.62, 2165]
['2019-03-28 15:00:00', 26.6, 26.615, 26.6, 26.615, 1124]
['2019-03-28 14:59:00', 26.59, 26.59, 26.59, 26.59, 700]
['2019-03-28 14:57:00', 26.6, 26.6, 26.6, 26.6, 267]
['2019-03-28 14:56:00', 26.58, 26.58, 26.58, 26.58, 140]
['2019-03-28 14:55:00', 26.57, 26.57, 26.57, 26.57, 605]
['2019-03-28 14:54:00', 26.56, 26.57, 26.56, 26.57, 1543]
['2019-03-28 14:53:00', 26.59, 26.59, 26.59, 26.59, 331]
['2019-03-28 14:52:00', 26.6, 26.6, 26.6, 26.6, 370]
['2019-03-28 14:50:00', 26.6, 26.61, 26.6, 26.61, 1710]
['2019-03-28 14:49:00', 26.65, 26.61, 26.61, 26.65, 3124]
['2019-03-28 14:48:00', 26.67, 26.66, 26.66, 26.67, 2302]
['2019-03-28 14:47:00', 26.66, 26.66, 26.66, 26.66, 3519]
['2019-03-28 14:46:00', 26.65, 26.65, 26.65, 26.65, 424]
['2019-03-28 14:45:00', 26.66, 26.66, 26.66, 26.66, 528]
['2019-03-28 14:44:00', 26.68, 26.68, 26.68, 26.68, 933]
['2019-03-28 14:43:00', 26.69, 26.69, 26.69, 26.69, 647]
['2019-03-28 14:41:00', 26.696, 26.71, 26.69, 26.71, 2118]
['2019-03-28 14:40:00', 26.7, 26.7, 26.7, 26.7, 633]
['2019-03-28 14:39:00', 26.6743, 26.7, 26.6743, 26.7, 701]
['2019-03-28 14:37:00', 26.63, 26.67, 26.63, 26.67, 3184]
['2019-03-28 14:36:00', 26.6183, 26.6183, 26.6183, 26.6183, 644]
['2019-03-28 14:35:00', 26.64, 26.64, 26.64, 26.64, 718]
['2019-03-28 14:34:00', 26.68, 26.68, 26.68, 26.68, 521]
['2019-03-28 14:33:00', 26.7, 26.705, 26.7, 26.705, 844]
['2019-03-28 14:32:00', 26.71, 26.71, 26.71, 26.71, 638]
['2019-03-28 14:31:00', 26.71, 26.71, 26.71, 26.71, 1342]
['2019-03-28 14:30:00', 26.72, 26.72, 26.72, 26.72, 1086]
['2019-03-28 14:29:00', 26.73, 26.73, 26.73, 26.73, 478]
['2019-03-28 14:28:00', 26.73, 26.73, 26.73, 26.73, 789]
['2019-03-28 14:27:00', 26.74, 26.735, 26.735, 26.74, 1332]
['2019-03-28 14:26:00', 26.74, 26.74, 26.74, 26.74, 1001]
['2019-03-28 14:25:00', 26.71, 26.73, 26.71, 26.73, 1336]
['2019-03-28 14:23:00', 26.72, 26.7, 26.7, 26.72, 3091]
['2019-03-28 14:22:00', 26.72, 26.72, 26.72, 26.72, 1997]
['2019-03-28 14:20:00', 26.74, 26.74, 26.74, 26.74, 309]
['2019-03-28 14:19:00', 26.76, 26.72, 26.72, 26.76, 4030]
['2019-03-28 14:18:00', 26.76, 26.76, 26.76, 26.76, 811]
['2019-03-28 14:17:00', 26.77, 26.76, 26.76, 26.77, 2002]
['2019-03-28 14:16:00', 26.8, 26.79, 26.79, 26.8, 1402]
['2019-03-28 14:15:00', 26.77, 26.78, 26.77, 26.78, 2602]
['2019-03-28 14:14:00', 26.785, 26.785, 26.785, 26.785, 681]
['2019-03-28 14:13:00', 26.79, 26.79, 26.79, 26.79, 637]
['2019-03-28 14:12:00', 26.8, 26.7862, 26.7862, 26.8, 3400]
['2019-03-28 14:11:00', 26.8, 26.8, 26.8, 26.8, 368]
['2019-03-28 14:10:00', 26.8, 26.7836, 26.7836, 26.8, 2319]
['2019-03-28 14:08:00', 26.81, 26.81, 26.81, 26.81, 663]
['2019-03-28 14:07:00', 26.83, 26.83, 26.83, 26.83, 123]
['2019-03-28 14:06:00', 26.83, 26.83, 26.83, 26.83, 108]
['2019-03-28 14:05:00', 26.84, 26.84, 26.84, 26.84, 1115]
['2019-03-28 14:04:00', 26.85, 26.85, 26.85, 26.85, 1161]
['2019-03-28 14:03:00', 26.84, 26.84, 26.84, 26.84, 801]
['2019-03-28 14:02:00', 26.85, 26.85, 26.85, 26.85, 2600]
['2019-03-28 14:00:00', 26.865, 26.865, 26.865, 26.865, 504]
['2019-03-28 13:59:00', 26.87, 26.87, 26.87, 26.87, 429]
['2019-03-28 13:58:00', 26.88, 26.88, 26.88, 26.88, 231]
['2019-03-28 13:57:00', 26.89, 26.89, 26.89, 26.89, 425]
['2019-03-28 13:56:00', 26.86, 26.86, 26.86, 26.86, 903]
['2019-03-28 13:55:00', 26.88, 26.86, 26.86, 26.88, 4042]
['2019-03-28 13:54:00', 26.84, 26.84, 26.84, 26.84, 500]
['2019-03-28 13:53:00', 26.84, 26.84, 26.84, 26.84, 919]
['2019-03-28 13:51:00', 26.84, 26.84, 26.84, 26.84, 205]
['2019-03-28 13:50:00', 26.83, 26.83, 26.83, 26.83, 351]
['2019-03-28 13:48:00', 26.79, 26.8, 26.79, 26.8, 627]
['2019-03-28 13:46:00', 26.78, 26.78, 26.78, 26.78, 269]
['2019-03-28 13:45:00', 26.76, 26.76, 26.76, 26.76, 210]
['2019-03-28 13:44:00', 26.78, 26.77, 26.77, 26.78, 933]
['2019-03-28 13:43:00', 26.77, 26.77, 26.77, 26.77, 323]
['2019-03-28 13:42:00', 26.76, 26.76, 26.76, 26.76, 412]
['2019-03-28 13:40:00', 26.78, 26.78, 26.78, 26.78, 836]
['2019-03-28 13:39:00', 26.79, 26.79, 26.79, 26.79, 563]
['2019-03-28 13:38:00', 26.77, 26.77, 26.77, 26.77, 208]
['2019-03-28 13:37:00', 26.76, 26.76, 26.75, 26.76, 3054]
['2019-03-28 13:36:00', 26.75, 26.75, 26.75, 26.75, 726]
['2019-03-28 13:35:00', 26.79, 26.79, 26.79, 26.79, 505]
['2019-03-28 13:34:00', 26.8, 26.8, 26.8, 26.8, 206]
['2019-03-28 13:33:00', 26.79, 26.8, 26.79, 26.8, 1311]
['2019-03-28 13:32:00', 26.77, 26.77, 26.77, 26.77, 1139]
['2019-03-28 13:31:00', 26.76, 26.77, 26.76, 26.77, 1540]
['2019-03-28 13:30:00', 26.78, 26.78, 26.78, 26.78, 400]
['2019-03-28 13:28:00', 26.79, 26.79, 26.79, 26.79, 400]
['2019-03-28 13:27:00', 26.79, 26.79, 26.79, 26.79, 602]
['2019-03-28 13:25:00', 26.83, 26.8, 26.8, 26.83, 2033]
['2019-03-28 13:24:00', 26.84, 26.84, 26.84, 26.84, 472]
['2019-03-28 13:23:00', 26.83, 26.83, 26.83, 26.83, 302]
['2019-03-28 13:21:00', 26.82, 26.82, 26.82, 26.82, 626]
['2019-03-28 13:19:00', 26.79, 26.79, 26.79, 26.79, 176]
['2019-03-28 13:17:00', 26.77, 26.76, 26.76, 26.77, 979]
['2019-03-28 13:16:00', 26.76, 26.75, 26.75, 26.76, 1022]
['2019-03-28 13:15:00', 26.78, 26.78, 26.78, 26.78, 218]
['2019-03-28 13:14:00', 26.76, 26.76, 26.76, 26.76, 182]
['2019-03-28 13:13:00', 26.77, 26.77, 26.77, 26.77, 1010]
['2019-03-28 13:12:00', 26.77, 26.77, 26.77, 26.77, 611]
['2019-03-28 13:11:00', 26.78, 26.77, 26.77, 26.78, 1234]
['2019-03-28 13:09:00', 26.78, 26.79, 26.78, 26.79, 2887]
['2019-03-28 13:08:00', 26.77, 26.77, 26.77, 26.77, 442]
['2019-03-28 13:07:00', 26.79, 26.79, 26.79, 26.79, 927]
['2019-03-28 13:06:00', 26.83, 26.81, 26.81, 26.83, 1651]
['2019-03-28 13:05:00', 26.84, 26.835, 26.835, 26.84, 1101]
['2019-03-28 13:04:00', 26.83, 26.83, 26.83, 26.83, 972]
['2019-03-28 13:03:00', 26.84, 26.84, 26.84, 26.84, 666]
['2019-03-28 13:02:00', 26.8, 26.83, 26.8, 26.83, 34534]
['2019-03-28 13:01:00', 26.77, 26.77, 26.77, 26.77, 420]
['2019-03-28 13:00:00', 26.78, 26.78, 26.78, 26.78, 163]
['2019-03-28 12:59:00', 26.76, 26.76, 26.76, 26.76, 268]
['2019-03-28 12:57:00', 26.76, 26.76, 26.76, 26.76, 529]
['2019-03-28 12:56:00', 26.77, 26.77, 26.77, 26.77, 220]
['2019-03-28 12:55:00', 26.75, 26.75, 26.75, 26.75, 645]
['2019-03-28 12:54:00', 26.75, 26.75, 26.75, 26.75, 481]
['2019-03-28 12:53:00', 26.75, 26.74, 26.74, 26.75, 1250]
['2019-03-28 12:52:00', 26.75, 26.75, 26.75, 26.75, 2357]
['2019-03-28 12:51:00', 26.7166, 26.7166, 26.7166, 26.7166, 534]
['2019-03-28 12:50:00', 26.72, 26.72, 26.72, 26.72, 428]
['2019-03-28 12:49:00', 26.72, 26.72, 26.72, 26.72, 795]
['2019-03-28 12:47:00', 26.72, 26.72, 26.72, 26.72, 213]
['2019-03-28 12:46:00', 26.74, 26.73, 26.73, 26.74, 1097]
['2019-03-28 12:45:00', 26.745, 26.745, 26.745, 26.745, 1073]
['2019-03-28 12:44:00', 26.75, 26.75, 26.75, 26.75, 698]
['2019-03-28 12:43:00', 26.76, 26.76, 26.76, 26.76, 1170]
['2019-03-28 12:42:00', 26.75, 26.75, 26.75, 26.75, 1839]
['2019-03-28 12:41:00', 26.75, 26.75, 26.75, 26.75, 521]
['2019-03-28 12:40:00', 26.74, 26.74, 26.74, 26.74, 404]
['2019-03-28 12:39:00', 26.7276, 26.7276, 26.7276, 26.7276, 600]
['2019-03-28 12:38:00', 26.73, 26.74, 26.73, 26.74, 1565]
['2019-03-28 12:37:00', 26.66, 26.72, 26.66, 26.72, 7868]
['2019-03-28 12:36:00', 26.64, 26.64, 26.64, 26.64, 908]
['2019-03-28 12:35:00', 26.63, 26.63, 26.63, 26.63, 1102]
['2019-03-28 12:34:00', 26.65, 26.65, 26.65, 26.65, 1181]
['2019-03-28 12:33:00', 26.67, 26.66, 26.66, 26.67, 710]
['2019-03-28 12:31:00', 26.68, 26.68, 26.68, 26.68, 1050]
['2019-03-28 12:30:00', 26.7, 26.7, 26.7, 26.7, 501]
['2019-03-28 12:28:00', 26.61, 26.64, 26.61, 26.64, 1094]
['2019-03-28 12:26:00', 26.6, 26.6225, 26.6, 26.6225, 4129]
['2019-03-28 12:24:00', 26.63, 26.64, 26.63, 26.64, 2803]
['2019-03-28 12:23:00', 26.64, 26.64, 26.64, 26.64, 4031]
['2019-03-28 12:22:00', 26.62, 26.59, 26.59, 26.62, 1917]
['2019-03-28 12:21:00', 26.63, 26.63, 26.63, 26.63, 502]
['2019-03-28 12:20:00', 26.61, 26.61, 26.61, 26.61, 1629]
['2019-03-28 12:19:00', 26.63, 26.63, 26.63, 26.63, 676]
['2019-03-28 12:18:00', 26.63, 26.61, 26.61, 26.63, 1158]
['2019-03-28 12:17:00', 26.63, 26.63, 26.63, 26.63, 1059]
['2019-03-28 12:16:00', 26.6, 26.6, 26.6, 26.6, 903]
['2019-03-28 12:15:00', 26.57, 26.57, 26.57, 26.57, 293]
['2019-03-28 12:12:00', 26.6, 26.6, 26.6, 26.6, 101]
['2019-03-28 12:11:00', 26.58, 26.58, 26.58, 26.58, 302]
['2019-03-28 12:10:00', 26.58, 26.58, 26.58, 26.58, 401]
['2019-03-28 12:09:00', 26.62, 26.59, 26.59, 26.62, 1734]
['2019-03-28 12:08:00', 26.64, 26.64, 26.64, 26.64, 814]
['2019-03-28 12:07:00', 26.64, 26.64, 26.64, 26.64, 1484]
['2019-03-28 12:05:00', 26.5928, 26.6, 26.5928, 26.6, 1088]
['2019-03-28 12:04:00', 26.59, 26.59, 26.59, 26.59, 935]
['2019-03-28 12:03:00', 26.55, 26.61, 26.55, 26.61, 1839]
['2019-03-28 12:02:00', 26.57, 26.57, 26.57, 26.57, 504]
['2019-03-28 12:01:00', 26.52, 26.52, 26.52, 26.52, 1421]
['2019-03-28 12:00:00', 26.48, 26.48, 26.48, 26.48, 344]
['2019-03-28 11:58:00', 26.5, 26.5, 26.5, 26.5, 1120]
['2019-03-28 11:57:00', 26.5, 26.5, 26.5, 26.5, 1313]
['2019-03-28 11:56:00', 26.505, 26.505, 26.505, 26.505, 533]
['2019-03-28 11:55:00', 26.5, 26.5, 26.5, 26.5, 1172]
['2019-03-28 11:54:00', 26.5, 26.5, 26.5, 26.5, 1131]
['2019-03-28 11:53:00', 26.52, 26.49, 26.49, 26.52, 1723]
['2019-03-28 11:52:00', 26.55, 26.55, 26.55, 26.55, 806]
['2019-03-28 11:50:00', 26.56, 26.55, 26.55, 26.56, 1231]
['2019-03-28 11:48:00', 26.54, 26.54, 26.54, 26.54, 656]
['2019-03-28 11:47:00', 26.505, 26.5, 26.49, 26.505, 3084]
['2019-03-28 11:46:00', 26.5001, 26.5, 26.5, 26.5001, 1507]
['2019-03-28 11:45:00', 26.5, 26.5, 26.5, 26.5, 400]
['2019-03-28 11:44:00', 26.46, 26.46, 26.46, 26.46, 669]
['2019-03-28 11:41:00', 26.53, 26.53, 26.53, 26.53, 1384]
['2019-03-28 11:40:00', 26.56, 26.56, 26.56, 26.56, 1222]
['2019-03-28 11:39:00', 26.51, 26.51, 26.51, 26.51, 1208]
['2019-03-28 11:38:00', 26.53, 26.53, 26.53, 26.53, 796]
['2019-03-28 11:37:00', 26.515, 26.5, 26.5, 26.515, 3017]
['2019-03-28 11:36:00', 26.49, 26.53, 26.49, 26.53, 2024]
['2019-03-28 11:34:00', 26.41, 26.44, 26.41, 26.44, 2152]
['2019-03-28 11:32:00', 26.38, 26.38, 26.38, 26.38, 404]
['2019-03-28 11:31:00', 26.36, 26.35, 26.35, 26.36, 2706]
['2019-03-28 11:30:00', 26.34, 26.32, 26.32, 26.34, 2234]
['2019-03-28 11:29:00', 26.3599, 26.3599, 26.3599, 26.3599, 1179]
['2019-03-28 11:27:00', 26.38, 26.38, 26.38, 26.38, 2118]
['2019-03-28 11:26:00', 26.3991, 26.3991, 26.3991, 26.3991, 2407]
['2019-03-28 11:25:00', 26.3801, 26.3801, 26.3801, 26.3801, 702]
['2019-03-28 11:24:00', 26.41, 26.41, 26.41, 26.41, 791]
['2019-03-28 11:23:00', 26.45, 26.45, 26.45, 26.45, 469]
['2019-03-28 11:22:00', 26.46, 26.46, 26.46, 26.46, 505]
['2019-03-28 11:21:00', 26.41, 26.46, 26.41, 26.46, 1695]
['2019-03-28 11:20:00', 26.45, 26.45, 26.45, 26.45, 803]
['2019-03-28 11:19:00', 26.44, 26.44, 26.44, 26.44, 1695]
['2019-03-28 11:18:00', 26.51, 26.5, 26.5, 26.51, 541]
['2019-03-28 11:16:00', 26.47, 26.47, 26.47, 26.47, 1307]
['2019-03-28 11:15:00', 26.5121, 26.5121, 26.5121, 26.5121, 1002]
['2019-03-28 11:14:00', 26.48, 26.48, 26.48, 26.48, 683]
['2019-03-28 11:13:00', 26.49, 26.5, 26.49, 26.5, 1540]
['2019-03-28 11:12:00', 26.54, 26.54, 26.54, 26.54, 714]
['2019-03-28 11:11:00', 26.51, 26.51, 26.51, 26.51, 1862]
['2019-03-28 11:10:00', 26.47, 26.48, 26.47, 26.48, 1142]
['2019-03-28 11:09:00', 26.44, 26.44, 26.44, 26.44, 807]
['2019-03-28 11:08:00', 26.43, 26.43, 26.43, 26.43, 282]
['2019-03-28 11:07:00', 26.39, 26.39, 26.39, 26.39, 998]
['2019-03-28 11:06:00', 26.41, 26.41, 26.41, 26.41, 3417]
['2019-03-28 11:04:00', 26.49, 26.49, 26.49, 26.49, 642]
['2019-03-28 11:03:00', 26.525, 26.49, 26.49, 26.525, 1076]
['2019-03-28 11:01:00', 26.58, 26.54, 26.54, 26.58, 2107]
['2019-03-28 10:59:00', 26.565, 26.56, 26.56, 26.565, 1060]
['2019-03-28 10:58:00', 26.61, 26.61, 26.61, 26.61, 301]
['2019-03-28 10:57:00', 26.6129, 26.6129, 26.6129, 26.6129, 802]
['2019-03-28 10:56:00', 26.59, 26.64, 26.59, 26.64, 3691]
['2019-03-28 10:54:00', 26.65, 26.61, 26.61, 26.65, 1340]
['2019-03-28 10:52:00', 26.6716, 26.6716, 26.6716, 26.6716, 771]
['2019-03-28 10:51:00', 26.74, 26.72, 26.72, 26.74, 1865]
['2019-03-28 10:50:00', 26.78, 26.78, 26.78, 26.78, 602]
['2019-03-28 10:48:00', 26.77, 26.77, 26.77, 26.77, 263]
['2019-03-28 10:47:00', 26.74, 26.76, 26.74, 26.76, 1235]
['2019-03-28 10:45:00', 26.76, 26.76, 26.76, 26.76, 1864]
['2019-03-28 10:44:00', 26.74, 26.78, 26.74, 26.78, 2473]
['2019-03-28 10:43:00', 26.735, 26.725, 26.725, 26.735, 3403]
['2019-03-28 10:42:00', 26.72, 26.72, 26.72, 26.72, 274]
['2019-03-28 10:41:00', 26.71, 26.71, 26.71, 26.71, 707]
['2019-03-28 10:40:00', 26.7401, 26.7401, 26.7401, 26.7401, 1802]
['2019-03-28 10:39:00', 26.71, 26.71, 26.71, 26.71, 1359]
['2019-03-28 10:38:00', 26.76, 26.79, 26.76, 26.79, 1400]
['2019-03-28 10:37:00', 26.72, 26.78, 26.72, 26.78, 6497]
['2019-03-28 10:36:00', 26.69, 26.69, 26.69, 26.69, 705]
['2019-03-28 10:35:00', 26.71, 26.71, 26.71, 26.71, 1678]
['2019-03-28 10:34:00', 26.66, 26.66, 26.66, 26.66, 1094]
['2019-03-28 10:32:00', 26.59, 26.61, 26.59, 26.61, 1725]
['2019-03-28 10:31:00', 26.64, 26.64, 26.64, 26.64, 665]
['2019-03-28 10:29:00', 26.59, 26.59, 26.59, 26.59, 306]
['2019-03-28 10:28:00', 26.56, 26.56, 26.56, 26.56, 207]
['2019-03-28 10:26:00', 26.55, 26.55, 26.55, 26.55, 439]
['2019-03-28 10:25:00', 26.67, 26.66, 26.66, 26.67, 980]
['2019-03-28 10:23:00', 26.68, 26.68, 26.68, 26.68, 729]
['2019-03-28 10:22:00', 26.69, 26.69, 26.69, 26.69, 427]
['2019-03-28 10:21:00', 26.69, 26.69, 26.69, 26.69, 277]
['2019-03-28 10:20:00', 26.73, 26.73, 26.73, 26.73, 405]
['2019-03-28 10:18:00', 26.71, 26.7, 26.7, 26.71, 1073]
['2019-03-28 10:16:00', 26.68, 26.68, 26.68, 26.68, 702]
['2019-03-28 10:14:00', 26.71, 26.71, 26.71, 26.71, 1308]
['2019-03-28 10:12:00', 26.71, 26.71, 26.71, 26.71, 101]
['2019-03-28 10:11:00', 26.66, 26.69, 26.66, 26.69, 4091]
['2019-03-28 10:10:00', 26.65, 26.65, 26.65, 26.65, 412]
['2019-03-28 10:09:00', 26.71, 26.71, 26.71, 26.71, 710]
['2019-03-28 10:08:00', 26.685, 26.685, 26.685, 26.685, 304]
['2019-03-28 10:07:00', 26.69, 26.69, 26.69, 26.69, 1266]
['2019-03-28 10:06:00', 26.72, 26.72, 26.72, 26.72, 1600]
['2019-03-28 10:05:00', 26.74, 26.74, 26.74, 26.74, 626]
['2019-03-28 10:04:00', 26.74, 26.74, 26.74, 26.74, 2899]
['2019-03-28 10:03:00', 26.71, 26.71, 26.71, 26.71, 879]
['2019-03-28 10:02:00', 26.6925, 26.6925, 26.6925, 26.6925, 601]
['2019-03-28 10:01:00', 26.72, 26.72, 26.72, 26.72, 654]
['2019-03-28 10:00:00', 26.635, 26.635, 26.635, 26.635, 549]
['2019-03-28 09:58:00', 26.6, 26.6, 26.6, 26.6, 202]
['2019-03-28 09:57:00', 26.535, 26.55, 26.535, 26.55, 11312]
['2019-03-28 09:56:00', 26.56, 26.56, 26.56, 26.56, 905]
['2019-03-28 09:55:00', 26.52, 26.52, 26.52, 26.52, 1301]
['2019-03-28 09:53:00', 26.54, 26.54, 26.54, 26.54, 1107]
['2019-03-28 09:51:00', 26.73, 26.6383, 26.6383, 26.73, 3953]
['2019-03-28 09:50:00', 26.74, 26.74, 26.74, 26.74, 112]
['2019-03-28 09:49:00', 26.69, 26.67, 26.67, 26.69, 2203]
['2019-03-28 09:48:00', 26.51, 26.6965, 26.51, 26.72, 19048]
['2019-03-28 09:46:00', 26.57, 26.57, 26.57, 26.57, 501]
['2019-03-28 09:45:00', 26.46, 26.46, 26.46, 26.46, 1302]
['2019-03-28 09:44:00', 26.49, 26.43, 26.43, 26.49, 2000]
['2019-03-28 09:42:00', 26.4497, 26.4497, 26.4497, 26.4497, 768]
['2019-03-28 09:41:00', 26.34, 26.34, 26.34, 26.34, 232]
['2019-03-28 09:39:00', 26.35, 26.35, 26.35, 26.35, 747]
['2019-03-28 09:38:00', 26.45, 26.5, 26.45, 26.5, 5227]
['2019-03-28 09:37:00', 26.5299, 26.5299, 26.5299, 26.5299, 1019]
['2019-03-28 09:36:00', 26.35, 26.35, 26.35, 26.35, 761]
['2019-03-28 09:35:00', 26.47, 26.47, 26.47, 26.47, 359]
['2019-03-28 09:33:00', 26.5999, 26.5999, 26.5999, 26.5999, 1552]
['2019-03-28 09:31:00', 26.27, 26.27, 26.27, 26.27, 8273]
['2019-03-27 16:00:00', 26.225, 26.25, 26.21, 26.25, 42045]
['2019-03-27 15:59:00', 26.25, 26.22, 26.22, 26.28, 19333]
['2019-03-27 15:58:00', 26.25, 26.25, 26.23, 26.26, 12407]
['2019-03-27 15:57:00', 26.27, 26.24, 26.24, 26.27, 7185]
['2019-03-27 15:56:00', 26.24, 26.28, 26.24, 26.28, 15991]
['2019-03-27 15:55:00', 26.25, 26.26, 26.25, 26.27, 8007]
['2019-03-27 15:54:00', 26.31, 26.25, 26.25, 26.31, 8277]
['2019-03-27 15:53:00', 26.39, 26.32, 26.31, 26.39, 6490]
['2019-03-27 15:52:00', 26.4, 26.4, 26.4, 26.4, 1103]
['2019-03-27 15:51:00', 26.45, 26.41, 26.4, 26.45, 3498]
['2019-03-27 15:50:00', 26.45, 26.44, 26.44, 26.455, 5725]
['2019-03-27 15:49:00', 26.46, 26.47, 26.46, 26.47, 2188]
['2019-03-27 15:48:00', 26.44, 26.45, 26.44, 26.45, 2266]
['2019-03-27 15:47:00', 26.47, 26.445, 26.44, 26.47, 2905]
['2019-03-27 15:46:00', 26.44, 26.46, 26.44, 26.46, 4211]
['2019-03-27 15:45:00', 26.42, 26.42, 26.42, 26.42, 4852]
['2019-03-27 15:44:00', 26.42, 26.42, 26.42, 26.42, 941]
['2019-03-27 15:43:00', 26.43, 26.43, 26.43, 26.44, 2267]
['2019-03-27 15:42:00', 26.42, 26.43, 26.417, 26.43, 5240]
['2019-03-27 15:41:00', 26.412, 26.41, 26.41, 26.412, 1625]
['2019-03-27 15:40:00', 26.38, 26.4113, 26.38, 26.4113, 4586]
['2019-03-27 15:39:00', 26.38, 26.38, 26.38, 26.38, 4831]
['2019-03-27 15:38:00', 26.39, 26.39, 26.39, 26.39, 793]
['2019-03-27 15:37:00', 26.41, 26.39, 26.39, 26.41, 2220]
['2019-03-27 15:36:00', 26.45, 26.42, 26.42, 26.45, 6637]
['2019-03-27 15:35:00', 26.44, 26.44, 26.44, 26.44, 941]
['2019-03-27 15:34:00', 26.4, 26.435, 26.4, 26.435, 3658]
['2019-03-27 15:33:00', 26.43, 26.43, 26.43, 26.43, 404]
['2019-03-27 15:32:00', 26.47, 26.44, 26.44, 26.48, 3752]
['2019-03-27 15:31:00', 26.46, 26.48, 26.46, 26.48, 5790]
['2019-03-27 15:30:00', 26.43, 26.43, 26.43, 26.43, 1123]
['2019-03-27 15:29:00', 26.41, 26.42, 26.41, 26.42, 1702]
['2019-03-27 15:28:00', 26.41, 26.43, 26.41, 26.43, 2137]
['2019-03-27 15:27:00', 26.4, 26.38, 26.38, 26.4, 1928]
['2019-03-27 15:26:00', 26.39, 26.38, 26.38, 26.39, 1425]
['2019-03-27 15:25:00', 26.39, 26.41, 26.39, 26.42, 5027]
['2019-03-27 15:24:00', 26.38, 26.4, 26.38, 26.4, 2607]
['2019-03-27 15:23:00', 26.36, 26.37, 26.36, 26.37, 1245]
['2019-03-27 15:22:00', 26.36, 26.36, 26.36, 26.36, 1420]
['2019-03-27 15:21:00', 26.38, 26.38, 26.38, 26.38, 521]
['2019-03-27 15:20:00', 26.38, 26.38, 26.38, 26.38, 455]
['2019-03-27 15:19:00', 26.37, 26.38, 26.37, 26.38, 937]
['2019-03-27 15:18:00', 26.37, 26.34, 26.34, 26.37, 2854]
['2019-03-27 15:17:00', 26.33, 26.34, 26.33, 26.34, 1564]
['2019-03-27 15:16:00', 26.34, 26.35, 26.34, 26.35, 3715]
['2019-03-27 15:15:00', 26.34, 26.34, 26.34, 26.34, 810]
['2019-03-27 15:14:00', 26.335, 26.335, 26.335, 26.335, 1108]
['2019-03-27 15:13:00', 26.39, 26.35, 26.35, 26.39, 893]
['2019-03-27 15:12:00', 26.38, 26.38, 26.38, 26.38, 438]
['2019-03-27 15:11:00', 26.36, 26.36, 26.36, 26.36, 528]
['2019-03-27 15:10:00', 26.36, 26.36, 26.36, 26.36, 241]
['2019-03-27 15:09:00', 26.37, 26.37, 26.37, 26.37, 1331]
['2019-03-27 15:07:00', 26.36, 26.38, 26.36, 26.38, 2209]
['2019-03-27 15:06:00', 26.33, 26.33, 26.33, 26.33, 1871]
['2019-03-27 15:05:00', 26.35, 26.36, 26.35, 26.36, 3493]
['2019-03-27 15:04:00', 26.3614, 26.34, 26.34, 26.3614, 2003]
['2019-03-27 15:03:00', 26.35, 26.35, 26.35, 26.35, 1033]
['2019-03-27 15:02:00', 26.37, 26.37, 26.37, 26.37, 420]
['2019-03-27 15:01:00', 26.35, 26.35, 26.34, 26.36, 26946]
['2019-03-27 15:00:00', 26.34, 26.34, 26.34, 26.34, 740]
['2019-03-27 14:59:00', 26.34, 26.34, 26.34, 26.34, 420]
['2019-03-27 14:58:00', 26.39, 26.39, 26.39, 26.39, 1777]
['2019-03-27 14:57:00', 26.39, 26.39, 26.39, 26.39, 800]
['2019-03-27 14:56:00', 26.44, 26.44, 26.44, 26.44, 708]
['2019-03-27 14:55:00', 26.43, 26.43, 26.43, 26.43, 367]
['2019-03-27 14:54:00', 26.45, 26.45, 26.45, 26.45, 647]
['2019-03-27 14:53:00', 26.47, 26.45, 26.45, 26.47, 1816]
['2019-03-27 14:52:00', 26.47, 26.47, 26.47, 26.47, 510]
['2019-03-27 14:51:00', 26.4616, 26.4616, 26.4616, 26.4616, 2139]
['2019-03-27 14:49:00', 26.42, 26.41, 26.41, 26.42, 462]
['2019-03-27 14:48:00', 26.4, 26.4, 26.4, 26.4, 11132]
['2019-03-27 14:46:00', 26.4, 26.42, 26.4, 26.42, 549]
['2019-03-27 14:43:00', 26.4, 26.38, 26.37, 26.4, 4348]
['2019-03-27 14:42:00', 26.41, 26.41, 26.41, 26.41, 825]
['2019-03-27 14:41:00', 26.39, 26.41, 26.39, 26.41, 895]
['2019-03-27 14:40:00', 26.39, 26.39, 26.39, 26.39, 1706]
['2019-03-27 14:38:00', 26.45, 26.45, 26.45, 26.45, 337]
['2019-03-27 14:37:00', 26.46, 26.47, 26.46, 26.47, 1253]
['2019-03-27 14:35:00', 26.49, 26.475, 26.475, 26.49, 3292]
['2019-03-27 14:34:00', 26.46, 26.46, 26.46, 26.46, 558]
['2019-03-27 14:33:00', 26.51, 26.51, 26.51, 26.51, 200]
['2019-03-27 14:32:00', 26.52, 26.52, 26.52, 26.52, 612]
['2019-03-27 14:30:00', 26.53, 26.52, 26.52, 26.53, 615]
['2019-03-27 14:29:00', 26.51, 26.51, 26.51, 26.51, 1024]
['2019-03-27 14:28:00', 26.5, 26.5, 26.5, 26.5, 617]
['2019-03-27 14:27:00', 26.52, 26.52, 26.52, 26.52, 571]
['2019-03-27 14:26:00', 26.525, 26.47, 26.47, 26.525, 981]
['2019-03-27 14:25:00', 26.52, 26.52, 26.52, 26.52, 629]
['2019-03-27 14:23:00', 26.51, 26.51, 26.51, 26.51, 425]
['2019-03-27 14:22:00', 26.49, 26.49, 26.49, 26.5, 3138]
['2019-03-27 14:21:00', 26.53, 26.53, 26.53, 26.53, 373]
['2019-03-27 14:20:00', 26.56, 26.56, 26.56, 26.56, 900]
['2019-03-27 14:18:00', 26.575, 26.575, 26.575, 26.575, 2303]
['2019-03-27 14:17:00', 26.58, 26.58, 26.58, 26.58, 132]
['2019-03-27 14:16:00', 26.62, 26.62, 26.62, 26.62, 460]
['2019-03-27 14:15:00', 26.63, 26.6118, 26.6118, 26.63, 3344]
['2019-03-27 14:14:00', 26.63, 26.63, 26.63, 26.63, 2053]
['2019-03-27 14:13:00', 26.63, 26.63, 26.63, 26.63, 522]
['2019-03-27 14:12:00', 26.58, 26.65, 26.58, 26.68, 4151]
['2019-03-27 14:09:00', 26.57, 26.57, 26.57, 26.57, 231]
['2019-03-27 14:08:00', 26.55, 26.56, 26.55, 26.56, 1425]
['2019-03-27 14:07:00', 26.58, 26.55, 26.55, 26.58, 3726]
['2019-03-27 14:06:00', 26.59, 26.5856, 26.5856, 26.59, 760]
['2019-03-27 14:05:00', 26.62, 26.62, 26.62, 26.62, 459]
['2019-03-27 14:04:00', 26.58, 26.58, 26.58, 26.58, 494]
['2019-03-27 14:02:00', 26.54, 26.54, 26.54, 26.54, 645]
['2019-03-27 14:01:00', 26.573, 26.573, 26.573, 26.573, 1000]
['2019-03-27 14:00:00', 26.56, 26.56, 26.56, 26.56, 605]
['2019-03-27 13:58:00', 26.55, 26.55, 26.55, 26.55, 692]
['2019-03-27 13:57:00', 26.575, 26.57, 26.57, 26.575, 1052]
['2019-03-27 13:56:00', 26.57, 26.57, 26.57, 26.57, 560]
['2019-03-27 13:55:00', 26.55, 26.61, 26.55, 26.61, 1948]
['2019-03-27 13:54:00', 26.58, 26.58, 26.58, 26.58, 1006]
['2019-03-27 13:53:00', 26.61, 26.61, 26.61, 26.61, 1445]
['2019-03-27 13:52:00', 26.58, 26.58, 26.58, 26.58, 359]
['2019-03-27 13:51:00', 26.5978, 26.5978, 26.5978, 26.5978, 1064]
['2019-03-27 13:50:00', 26.6, 26.6, 26.6, 26.6, 397]
['2019-03-27 13:49:00', 26.58, 26.58, 26.58, 26.58, 174]
['2019-03-27 13:47:00', 26.62, 26.62, 26.62, 26.62, 954]
['2019-03-27 13:46:00', 26.68, 26.68, 26.68, 26.68, 926]
['2019-03-27 13:45:00', 26.55, 26.57, 26.55, 26.57, 1005]
['2019-03-27 13:44:00', 26.54, 26.54, 26.54, 26.54, 1287]
['2019-03-27 13:43:00', 26.55, 26.55, 26.55, 26.55, 457]
['2019-03-27 13:41:00', 26.53, 26.53, 26.53, 26.53, 1171]
['2019-03-27 13:40:00', 26.55, 26.53, 26.53, 26.55, 1543]
['2019-03-27 13:39:00', 26.58, 26.57, 26.57, 26.58, 1394]
['2019-03-27 13:38:00', 26.5787, 26.5787, 26.5787, 26.5787, 1009]
['2019-03-27 13:37:00', 26.55, 26.55, 26.54, 26.55, 2121]
['2019-03-27 13:36:00', 26.55, 26.58, 26.55, 26.58, 3224]
['2019-03-27 13:35:00', 26.55, 26.55, 26.55, 26.55, 619]
['2019-03-27 13:34:00', 26.55, 26.55, 26.55, 26.55, 919]
['2019-03-27 13:33:00', 26.56, 26.56, 26.56, 26.56, 324]
['2019-03-27 13:32:00', 26.54, 26.55, 26.54, 26.55, 2517]
['2019-03-27 13:30:00', 26.545, 26.545, 26.545, 26.545, 391]
['2019-03-27 13:29:00', 26.56, 26.58, 26.56, 26.58, 1981]
['2019-03-27 13:28:00', 26.57, 26.57, 26.57, 26.57, 307]
['2019-03-27 13:27:00', 26.57, 26.57, 26.57, 26.57, 753]
['2019-03-27 13:26:00', 26.52, 26.56, 26.52, 26.56, 2042]
['2019-03-27 13:25:00', 26.5, 26.5, 26.5, 26.5, 692]
['2019-03-27 13:22:00', 26.505, 26.52, 26.505, 26.52, 2158]
['2019-03-27 13:21:00', 26.51, 26.51, 26.51, 26.51, 906]
['2019-03-27 13:19:00', 26.5098, 26.5098, 26.5098, 26.5098, 1749]
['2019-03-27 13:18:00', 26.54, 26.54, 26.54, 26.54, 594]
['2019-03-27 13:17:00', 26.52, 26.52, 26.52, 26.52, 435]
['2019-03-27 13:16:00', 26.53, 26.53, 26.53, 26.53, 2004]
['2019-03-27 13:15:00', 26.49, 26.55, 26.49, 26.55, 4414]
['2019-03-27 13:14:00', 26.46, 26.46, 26.46, 26.46, 710]
['2019-03-27 13:13:00', 26.35, 26.35, 26.35, 26.35, 748]
['2019-03-27 13:12:00', 26.36, 26.36, 26.36, 26.36, 398]
['2019-03-27 13:11:00', 26.36, 26.36, 26.36, 26.36, 503]
['2019-03-27 13:10:00', 26.35, 26.35, 26.35, 26.35, 412]
['2019-03-27 13:08:00', 26.41, 26.41, 26.41, 26.41, 1957]
['2019-03-27 13:07:00', 26.42, 26.42, 26.42, 26.42, 439]
['2019-03-27 13:06:00', 26.41, 26.41, 26.41, 26.41, 535]
['2019-03-27 13:05:00', 26.4, 26.4, 26.4, 26.4, 705]
['2019-03-27 13:04:00', 26.41, 26.4, 26.4, 26.41, 1900]
['2019-03-27 13:02:00', 26.43, 26.43, 26.43, 26.43, 2144]
['2019-03-27 13:01:00', 26.43, 26.42, 26.42, 26.43, 1545]
['2019-03-27 13:00:00', 26.45, 26.43, 26.43, 26.45, 1589]
['2019-03-27 12:57:00', 26.5, 26.5, 26.5, 26.5, 310]
['2019-03-27 12:56:00', 26.55, 26.55, 26.55, 26.55, 221]
['2019-03-27 12:55:00', 26.52, 26.52, 26.52, 26.52, 364]
['2019-03-27 12:54:00', 26.57, 26.52, 26.52, 26.57, 1331]
['2019-03-27 12:53:00', 26.54, 26.54, 26.54, 26.54, 510]
['2019-03-27 12:52:00', 26.49, 26.49, 26.49, 26.49, 691]
['2019-03-27 12:51:00', 26.52, 26.52, 26.52, 26.52, 339]
['2019-03-27 12:50:00', 26.57, 26.57, 26.57, 26.57, 612]
['2019-03-27 12:49:00', 26.53, 26.53, 26.53, 26.53, 244]
['2019-03-27 12:47:00', 26.59, 26.54, 26.54, 26.59, 1171]
['2019-03-27 12:46:00', 26.62, 26.62, 26.62, 26.62, 1930]
['2019-03-27 12:45:00', 26.55, 26.58, 26.55, 26.61, 3794]
['2019-03-27 12:44:00', 26.55, 26.55, 26.55, 26.55, 326]
['2019-03-27 12:42:00', 26.51, 26.51, 26.51, 26.51, 951]
['2019-03-27 12:41:00', 26.52, 26.51, 26.51, 26.52, 1536]
['2019-03-27 12:40:00', 26.55, 26.55, 26.55, 26.55, 392]
['2019-03-27 12:39:00', 26.56, 26.58, 26.56, 26.59, 5957]
['2019-03-27 12:38:00', 26.545, 26.52, 26.52, 26.545, 2150]
['2019-03-27 12:37:00', 26.55, 26.55, 26.55, 26.55, 700]
['2019-03-27 12:36:00', 26.505, 26.505, 26.505, 26.505, 1445]
['2019-03-27 12:35:00', 26.53, 26.55, 26.53, 26.55, 9836]
['2019-03-27 12:34:00', 26.49, 26.49, 26.49, 26.49, 500]
['2019-03-27 12:33:00', 26.465, 26.465, 26.465, 26.465, 624]
['2019-03-27 12:32:00', 26.46, 26.49, 26.455, 26.49, 5699]
['2019-03-27 12:30:00', 26.44, 26.44, 26.44, 26.44, 130]
['2019-03-27 12:29:00', 26.42, 26.42, 26.42, 26.42, 409]
['2019-03-27 12:28:00', 26.46, 26.46, 26.46, 26.46, 1256]
['2019-03-27 12:27:00', 26.36, 26.4, 26.36, 26.4, 1573]
['2019-03-27 12:26:00', 26.36, 26.36, 26.36, 26.36, 1068]
['2019-03-27 12:25:00', 26.34, 26.42, 26.34, 26.42, 1418]
['2019-03-27 12:24:00', 26.35, 26.31, 26.31, 26.35, 1646]
['2019-03-27 12:23:00', 26.385, 26.37, 26.37, 26.385, 1870]
['2019-03-27 12:22:00', 26.4, 26.4, 26.4, 26.4, 2129]
['2019-03-27 12:21:00', 26.35, 26.35, 26.35, 26.35, 1706]
['2019-03-27 12:20:00', 26.285, 26.2824, 26.2824, 26.285, 1251]
['2019-03-27 12:19:00', 26.3, 26.3, 26.3, 26.3, 590]
['2019-03-27 12:18:00', 26.3, 26.3, 26.3, 26.3, 238]
['2019-03-27 12:17:00', 26.29, 26.29, 26.29, 26.29, 1825]
['2019-03-27 12:16:00', 26.29, 26.29, 26.29, 26.29, 1301]
['2019-03-27 12:15:00', 26.29, 26.3, 26.29, 26.3, 7613]
['2019-03-27 12:14:00', 26.31, 26.29, 26.29, 26.31, 1699]
['2019-03-27 12:13:00', 26.28, 26.33, 26.28, 26.33, 2812]
['2019-03-27 12:12:00', 26.265, 26.29, 26.265, 26.29, 2635]
['2019-03-27 12:10:00', 26.2104, 26.25, 26.2104, 26.25, 2085]
['2019-03-27 12:09:00', 26.2, 26.2, 26.2, 26.2, 820]
['2019-03-27 12:07:00', 26.1813, 26.175, 26.175, 26.1813, 7287]
['2019-03-27 12:06:00', 26.15, 26.15, 26.15, 26.15, 1102]
['2019-03-27 12:05:00', 26.1, 26.1, 26.1, 26.1, 913]
['2019-03-27 12:04:00', 26.03, 26.05, 26.03, 26.05, 1440]
['2019-03-27 12:02:00', 26.03, 26.03, 26.03, 26.03, 225]
['2019-03-27 12:01:00', 26.02, 26.02, 26.02, 26.02, 791]
['2019-03-27 12:00:00', 26.05, 26.05, 26.05, 26.05, 273]
['2019-03-27 11:58:00', 26.09, 26.09, 26.09, 26.09, 528]
['2019-03-27 11:57:00', 26.03, 26.03, 26.03, 26.03, 1997]
['2019-03-27 11:56:00', 25.96, 25.9866, 25.96, 25.9866, 2671]
['2019-03-27 11:55:00', 25.995, 25.995, 25.995, 25.995, 600]
['2019-03-27 11:53:00', 26.04, 26.03, 26.03, 26.04, 3830]
['2019-03-27 11:51:00', 26.0, 26.08, 26.0, 26.08, 5696]
['2019-03-27 11:50:00', 26.005, 26.005, 26.005, 26.005, 1196]
['2019-03-27 11:48:00', 26.02, 26.02, 26.02, 26.02, 1895]
['2019-03-27 11:47:00', 26.02, 26.02, 26.02, 26.02, 698]
['2019-03-27 11:46:00', 26.0, 26.0, 26.0, 26.0, 2142]
['2019-03-27 11:45:00', 26.0155, 26.0155, 26.0155, 26.0155, 505]
['2019-03-27 11:43:00', 26.05, 26.05, 26.05, 26.05, 1205]
['2019-03-27 11:42:00', 26.05, 26.05, 26.05, 26.05, 544]
['2019-03-27 11:41:00', 26.02, 26.03, 26.02, 26.03, 2104]
['2019-03-27 11:40:00', 26.07, 26.07, 26.07, 26.07, 604]
['2019-03-27 11:39:00', 26.09, 26.09, 26.09, 26.09, 1374]
['2019-03-27 11:38:00', 26.08, 26.08, 26.08, 26.08, 1000]
['2019-03-27 11:37:00', 26.01, 26.09, 26.0, 26.09, 10746]
['2019-03-27 11:36:00', 26.1, 26.03, 26.03, 26.1, 5237]
['2019-03-27 11:35:00', 26.22, 26.18, 26.18, 26.22, 2302]
['2019-03-27 11:33:00', 26.28, 26.28, 26.28, 26.28, 1330]
['2019-03-27 11:31:00', 26.22, 26.22, 26.22, 26.22, 2818]
['2019-03-27 11:30:00', 26.25, 26.24, 26.24, 26.25, 2942]
['2019-03-27 11:29:00', 26.305, 26.305, 26.305, 26.305, 2684]
['2019-03-27 11:28:00', 26.34, 26.34, 26.34, 26.34, 425]
['2019-03-27 11:27:00', 26.35, 26.35, 26.35, 26.35, 2405]
['2019-03-27 11:26:00', 26.36, 26.36, 26.36, 26.39, 3757]
['2019-03-27 11:25:00', 26.2741, 26.31, 26.2741, 26.31, 4433]
['2019-03-27 11:24:00', 26.275, 26.275, 26.275, 26.275, 600]
['2019-03-27 11:23:00', 26.27, 26.27, 26.27, 26.27, 783]
['2019-03-27 11:22:00', 26.285, 26.285, 26.285, 26.285, 2297]
['2019-03-27 11:21:00', 26.285, 26.285, 26.285, 26.285, 300]
['2019-03-27 11:20:00', 26.29, 26.29, 26.29, 26.29, 900]
['2019-03-27 11:19:00', 26.32, 26.32, 26.32, 26.32, 1922]
['2019-03-27 11:18:00', 26.27, 26.27, 26.27, 26.27, 730]
['2019-03-27 11:17:00', 26.25, 26.27, 26.25, 26.27, 8284]
['2019-03-27 11:14:00', 26.37, 26.37, 26.37, 26.37, 594]
['2019-03-27 11:13:00', 26.38, 26.38, 26.38, 26.38, 1163]
['2019-03-27 11:12:00', 26.39, 26.4125, 26.39, 26.4125, 1922]
['2019-03-27 11:11:00', 26.405, 26.405, 26.405, 26.405, 1806]
['2019-03-27 11:10:00', 26.36, 26.38, 26.36, 26.38, 1780]
['2019-03-27 11:07:00', 26.35, 26.4, 26.35, 26.4, 2542]
['2019-03-27 11:06:00', 26.36, 26.36, 26.36, 26.36, 889]
['2019-03-27 11:05:00', 26.38, 26.41, 26.38, 26.41, 1713]
['2019-03-27 11:04:00', 26.44, 26.44, 26.44, 26.44, 635]
['2019-03-27 11:03:00', 26.56, 26.56, 26.56, 26.56, 460]
['2019-03-27 11:01:00', 26.61, 26.59, 26.59, 26.61, 1246]
['2019-03-27 11:00:00', 26.58, 26.58, 26.58, 26.58, 1352]
['2019-03-27 10:59:00', 26.51, 26.51, 26.51, 26.51, 560]
['2019-03-27 10:58:00', 26.41, 26.44, 26.41, 26.44, 2947]
['2019-03-27 10:57:00', 26.42, 26.38, 26.38, 26.42, 2340]
['2019-03-27 10:56:00', 26.42, 26.4, 26.4, 26.42, 1325]
['2019-03-27 10:55:00', 26.434, 26.434, 26.434, 26.434, 2017]
['2019-03-27 10:54:00', 26.3684, 26.3684, 26.3684, 26.3684, 469]
['2019-03-27 10:52:00', 26.33, 26.4, 26.33, 26.4, 1722]
['2019-03-27 10:51:00', 26.32, 26.32, 26.32, 26.32, 1204]
['2019-03-27 10:50:00', 26.31, 26.31, 26.31, 26.31, 601]
['2019-03-27 10:49:00', 26.21, 26.21, 26.21, 26.21, 1524]
['2019-03-27 10:46:00', 26.26, 26.2, 26.2, 26.26, 1346]
['2019-03-27 10:44:00', 26.24, 26.24, 26.24, 26.24, 1959]
['2019-03-27 10:43:00', 26.32, 26.32, 26.32, 26.32, 968]
['2019-03-27 10:41:00', 26.28, 26.38, 26.28, 26.38, 7521]
['2019-03-27 10:37:00', 26.38, 26.37, 26.37, 26.38, 859]
['2019-03-27 10:36:00', 26.41, 26.41, 26.41, 26.41, 2004]
['2019-03-27 10:34:00', 26.48, 26.475, 26.475, 26.48, 2597]
['2019-03-27 10:31:00', 26.53, 26.48, 26.48, 26.53, 1104]
['2019-03-27 10:29:00', 26.51, 26.52, 26.51, 26.52, 642]
['2019-03-27 10:28:00', 26.49, 26.49, 26.49, 26.49, 788]
['2019-03-27 10:27:00', 26.5365, 26.5365, 26.5365, 26.5365, 1824]
['2019-03-27 10:24:00', 26.53, 26.53, 26.53, 26.53, 800]
['2019-03-27 10:20:00', 26.55, 26.55, 26.55, 26.55, 830]
['2019-03-27 10:19:00', 26.51, 26.51, 26.51, 26.51, 404]
['2019-03-27 10:17:00', 26.49, 26.49, 26.49, 26.49, 320]
['2019-03-27 10:15:00', 26.51, 26.51, 26.51, 26.51, 345]
['2019-03-27 10:14:00', 26.5, 26.5, 26.5, 26.5, 1000]
['2019-03-27 10:13:00', 26.49, 26.49, 26.49, 26.49, 690]
['2019-03-27 10:10:00', 26.47, 26.47, 26.47, 26.47, 1105]
['2019-03-27 10:09:00', 26.4363, 26.4363, 26.4363, 26.4363, 100]
['2019-03-27 10:08:00', 26.49, 26.49, 26.49, 26.49, 2797]
['2019-03-27 10:07:00', 26.45, 26.43, 26.43, 26.45, 3019]
['2019-03-27 10:06:00', 26.44, 26.44, 26.44, 26.44, 307]
['2019-03-27 10:02:00', 26.48, 26.48, 26.48, 26.48, 519]
['2019-03-27 10:01:00', 26.41, 26.41, 26.41, 26.41, 933]
['2019-03-27 10:00:00', 26.51, 26.51, 26.51, 26.51, 904]
['2019-03-27 09:59:00', 26.55, 26.55, 26.55, 26.55, 835]
['2019-03-27 09:58:00', 26.56, 26.56, 26.56, 26.56, 1926]
['2019-03-27 09:57:00', 26.57, 26.57, 26.57, 26.57, 2261]
['2019-03-27 09:56:00', 26.69, 26.69, 26.69, 26.69, 1005]
['2019-03-27 09:54:00', 26.78, 26.7, 26.7, 26.78, 1022]
['2019-03-27 09:53:00', 26.8333, 26.8333, 26.8333, 26.8333, 1392]
['2019-03-27 09:52:00', 26.75, 26.75, 26.75, 26.75, 515]
['2019-03-27 09:50:00', 26.78, 26.78, 26.78, 26.78, 2701]
['2019-03-27 09:48:00', 26.82, 26.84, 26.82, 26.84, 2421]
['2019-03-27 09:47:00', 26.7554, 26.7554, 26.7554, 26.7554, 20878]
['2019-03-27 09:46:00', 26.879, 26.92, 26.879, 26.92, 4724]
['2019-03-27 09:45:00', 26.78, 26.8, 26.78, 26.8, 2976]
['2019-03-27 09:43:00', 26.85, 26.9, 26.85, 26.9, 1605]
['2019-03-27 09:42:00', 26.92, 26.92, 26.92, 26.92, 2215]
['2019-03-27 09:41:00', 26.99, 26.99, 26.99, 26.99, 1029]
['2019-03-27 09:39:00', 26.81, 26.86, 26.81, 26.86, 2844]
['2019-03-27 09:38:00', 26.85, 26.85, 26.85, 26.85, 1355]
['2019-03-27 09:37:00', 26.95, 26.95, 26.95, 26.95, 1493]
['2019-03-27 09:36:00', 26.82, 26.82, 26.82, 26.82, 325]
['2019-03-27 09:35:00', 26.89, 26.89, 26.89, 26.89, 2513]
['2019-03-27 09:32:00', 26.87, 26.837, 26.837, 26.87, 2295]
['2019-03-27 09:31:00', 26.79, 26.79, 26.79, 26.79, 5744]
['2019-03-26 16:00:00', 26.9, 26.98, 26.9, 26.98, 50650]
['2019-03-26 15:59:00', 26.88, 26.91, 26.88, 26.91, 21144]
['2019-03-26 15:58:00', 26.87, 26.88, 26.86, 26.88, 12016]
['2019-03-26 15:57:00', 26.81, 26.86, 26.81, 26.86, 9974]
['2019-03-26 15:56:00', 26.73, 26.8, 26.73, 26.8, 11809]
['2019-03-26 15:55:00', 26.69, 26.71, 26.69, 26.71, 5083]
['2019-03-26 15:54:00', 26.71, 26.69, 26.69, 26.71, 5430]
['2019-03-26 15:53:00', 26.68, 26.6999, 26.68, 26.7, 2335]
['2019-03-26 15:52:00', 26.65, 26.69, 26.64, 26.69, 5496]
['2019-03-26 15:51:00', 26.65, 26.64, 26.64, 26.65, 1472]
['2019-03-26 15:50:00', 26.65, 26.64, 26.64, 26.65, 1496]
['2019-03-26 15:49:00', 26.68, 26.66, 26.66, 26.68, 2645]
['2019-03-26 15:48:00', 26.63, 26.65, 26.63, 26.65, 2324]
['2019-03-26 15:47:00', 26.6, 26.6261, 26.6, 26.6261, 3215]
['2019-03-26 15:46:00', 26.6, 26.6, 26.6, 26.6, 4504]
['2019-03-26 15:45:00', 26.595, 26.6, 26.595, 26.6, 3503]
['2019-03-26 15:44:00', 26.6, 26.6, 26.6, 26.6, 1099]
['2019-03-26 15:43:00', 26.59, 26.6, 26.59, 26.62, 4554]
['2019-03-26 15:42:00', 26.6, 26.6, 26.6, 26.6, 2380]
['2019-03-26 15:41:00', 26.58, 26.6, 26.58, 26.6, 3901]
['2019-03-26 15:40:00', 26.58, 26.57, 26.57, 26.6, 3357]
['2019-03-26 15:39:00', 26.6, 26.58, 26.58, 26.6, 1365]
['2019-03-26 15:38:00', 26.6, 26.6, 26.6, 26.6, 913]
['2019-03-26 15:37:00', 26.59, 26.6, 26.59, 26.6, 3977]
['2019-03-26 15:36:00', 26.62, 26.61, 26.61, 26.62, 1492]
['2019-03-26 15:35:00', 26.62, 26.6, 26.6, 26.62, 3521]
['2019-03-26 15:33:00', 26.6, 26.62, 26.6, 26.63, 3739]
['2019-03-26 15:32:00', 26.6, 26.61, 26.6, 26.61, 1707]
['2019-03-26 15:31:00', 26.65, 26.59, 26.59, 26.65, 4920]
['2019-03-26 15:30:00', 26.65, 26.65, 26.65, 26.65, 2521]
['2019-03-26 15:29:00', 26.66, 26.65, 26.65, 26.66, 4292]
['2019-03-26 15:28:00', 26.67, 26.64, 26.64, 26.67, 3846]
['2019-03-26 15:27:00', 26.67, 26.67, 26.67, 26.67, 1880]
['2019-03-26 15:26:00', 26.69, 26.71, 26.69, 26.71, 3904]
['2019-03-26 15:25:00', 26.7, 26.7, 26.7, 26.7, 531]
['2019-03-26 15:24:00', 26.68, 26.72, 26.68, 26.72, 4989]
['2019-03-26 15:23:00', 26.7, 26.7, 26.7, 26.7, 1073]
['2019-03-26 15:22:00', 26.7, 26.69, 26.69, 26.7, 2182]
['2019-03-26 15:21:00', 26.675, 26.695, 26.675, 26.695, 3782]
['2019-03-26 15:20:00', 26.67, 26.69, 26.67, 26.69, 5214]
['2019-03-26 15:19:00', 26.69, 26.68, 26.68, 26.69, 1133]
['2019-03-26 15:18:00', 26.69, 26.69, 26.69, 26.69, 650]
['2019-03-26 15:17:00', 26.65, 26.69, 26.65, 26.69, 1730]
['2019-03-26 15:16:00', 26.66, 26.65, 26.65, 26.66, 1531]
['2019-03-26 15:15:00', 26.65, 26.65, 26.65, 26.65, 435]
['2019-03-26 15:14:00', 26.7, 26.68, 26.68, 26.7, 1244]
['2019-03-26 15:13:00', 26.74, 26.72, 26.72, 26.74, 2628]
['2019-03-26 15:12:00', 26.73, 26.72, 26.72, 26.73, 1389]
['2019-03-26 15:11:00', 26.73, 26.73, 26.73, 26.73, 879]
['2019-03-26 15:10:00', 26.76, 26.75, 26.75, 26.76, 2205]
['2019-03-26 15:09:00', 26.78, 26.78, 26.78, 26.78, 1907]
['2019-03-26 15:08:00', 26.75, 26.75, 26.75, 26.75, 851]
['2019-03-26 15:07:00', 26.7535, 26.7551, 26.7535, 26.7551, 1571]
['2019-03-26 15:06:00', 26.77, 26.77, 26.77, 26.77, 380]
['2019-03-26 15:05:00', 26.77, 26.76, 26.76, 26.77, 1010]
['2019-03-26 15:04:00', 26.77, 26.78, 26.77, 26.78, 1260]
['2019-03-26 15:03:00', 26.8, 26.77, 26.77, 26.8, 7053]
['2019-03-26 15:02:00', 26.75, 26.75, 26.745, 26.75, 7850]
['2019-03-26 15:01:00', 26.76, 26.76, 26.76, 26.76, 549]
['2019-03-26 15:00:00', 26.725, 26.7275, 26.725, 26.7275, 1794]
['2019-03-26 14:59:00', 26.74, 26.72, 26.72, 26.74, 5774]
['2019-03-26 14:58:00', 26.72, 26.73, 26.72, 26.73, 1472]
['2019-03-26 14:57:00', 26.69, 26.69, 26.69, 26.69, 1114]
['2019-03-26 14:56:00', 26.67, 26.67, 26.67, 26.67, 840]
['2019-03-26 14:55:00', 26.65, 26.67, 26.65, 26.67, 2423]
['2019-03-26 14:54:00', 26.66, 26.66, 26.66, 26.66, 842]
['2019-03-26 14:53:00', 26.69, 26.69, 26.69, 26.69, 873]
['2019-03-26 14:52:00', 26.69, 26.69, 26.69, 26.69, 895]
['2019-03-26 14:51:00', 26.69, 26.69, 26.69, 26.69, 1376]
['2019-03-26 14:50:00', 26.69, 26.69, 26.69, 26.69, 2759]
['2019-03-26 14:49:00', 26.705, 26.7003, 26.7003, 26.705, 2204]
['2019-03-26 14:48:00', 26.73, 26.7003, 26.7, 26.73, 5338]
['2019-03-26 14:47:00', 26.7, 26.695, 26.695, 26.7, 1549]
['2019-03-26 14:46:00', 26.7, 26.7, 26.7, 26.7, 311]
['2019-03-26 14:45:00', 26.67, 26.69, 26.67, 26.69, 1049]
['2019-03-26 14:43:00', 26.68, 26.68, 26.68, 26.68, 1403]
['2019-03-26 14:42:00', 26.7, 26.7, 26.7, 26.72, 2841]
['2019-03-26 14:41:00', 26.73, 26.71, 26.71, 26.73, 2027]
['2019-03-26 14:40:00', 26.71, 26.71, 26.71, 26.71, 201]
['2019-03-26 14:39:00', 26.71, 26.71, 26.71, 26.71, 1909]
['2019-03-26 14:38:00', 26.7, 26.7, 26.7, 26.7, 669]
['2019-03-26 14:37:00', 26.7, 26.7, 26.7, 26.7, 1032]
['2019-03-26 14:36:00', 26.7, 26.7, 26.7, 26.7, 741]
['2019-03-26 14:35:00', 26.68, 26.68, 26.68, 26.68, 639]
['2019-03-26 14:34:00', 26.67, 26.69, 26.67, 26.69, 1670]
['2019-03-26 14:33:00', 26.65, 26.67, 26.65, 26.67, 2600]
['2019-03-26 14:32:00', 26.64, 26.64, 26.64, 26.64, 2753]
['2019-03-26 14:31:00', 26.67, 26.67, 26.67, 26.67, 677]
['2019-03-26 14:30:00', 26.68, 26.68, 26.68, 26.68, 301]
['2019-03-26 14:29:00', 26.66, 26.675, 26.66, 26.675, 1516]
['2019-03-26 14:28:00', 26.68, 26.68, 26.68, 26.68, 1402]
['2019-03-26 14:27:00', 26.7, 26.7, 26.7, 26.7, 680]
['2019-03-26 14:25:00', 26.72, 26.71, 26.71, 26.72, 556]
['2019-03-26 14:24:00', 26.7, 26.68, 26.68, 26.7, 500]
['2019-03-26 14:23:00', 26.68, 26.68, 26.68, 26.68, 801]
['2019-03-26 14:22:00', 26.72, 26.72, 26.72, 26.72, 304]
['2019-03-26 14:21:00', 26.71, 26.71, 26.71, 26.71, 1100]
['2019-03-26 14:20:00', 26.68, 26.71, 26.68, 26.71, 2117]
['2019-03-26 14:19:00', 26.64, 26.66, 26.64, 26.66, 16744]
['2019-03-26 14:18:00', 26.62, 26.61, 26.61, 26.62, 1486]
['2019-03-26 14:17:00', 26.63, 26.63, 26.63, 26.63, 365]
['2019-03-26 14:16:00', 26.62, 26.62, 26.62, 26.62, 213]
['2019-03-26 14:15:00', 26.61, 26.61, 26.61, 26.61, 211]
['2019-03-26 14:14:00', 26.62, 26.62, 26.62, 26.62, 600]
['2019-03-26 14:13:00', 26.66, 26.644, 26.63, 26.66, 7458]
['2019-03-26 14:11:00', 26.65, 26.66, 26.645, 26.66, 8087]
['2019-03-26 14:10:00', 26.66, 26.66, 26.66, 26.66, 412]
['2019-03-26 14:08:00', 26.67, 26.67, 26.67, 26.67, 366]
['2019-03-26 14:06:00', 26.67, 26.66, 26.66, 26.67, 763]
['2019-03-26 14:05:00', 26.65, 26.66, 26.65, 26.66, 1811]
['2019-03-26 14:04:00', 26.65, 26.65, 26.65, 26.65, 622]
['2019-03-26 14:03:00', 26.64, 26.67, 26.64, 26.67, 3603]
['2019-03-26 14:02:00', 26.63, 26.63, 26.63, 26.63, 441]
['2019-03-26 14:01:00', 26.66, 26.65, 26.65, 26.66, 1230]
['2019-03-26 13:59:00', 26.64, 26.64, 26.64, 26.64, 203]
['2019-03-26 13:58:00', 26.65, 26.655, 26.65, 26.655, 1040]
['2019-03-26 13:57:00', 26.65, 26.65, 26.65, 26.65, 916]
['2019-03-26 13:56:00', 26.65, 26.66, 26.65, 26.66, 1528]
['2019-03-26 13:55:00', 26.66, 26.66, 26.66, 26.66, 501]
['2019-03-26 13:54:00', 26.68, 26.68, 26.68, 26.68, 1058]
['2019-03-26 13:52:00', 26.68, 26.68, 26.68, 26.68, 502]
['2019-03-26 13:50:00', 26.69, 26.69, 26.69, 26.69, 2100]
['2019-03-26 13:49:00', 26.67, 26.67, 26.67, 26.67, 487]
['2019-03-26 13:48:00', 26.67, 26.68, 26.67, 26.68, 1280]
['2019-03-26 13:47:00', 26.69, 26.7, 26.69, 26.7, 685]
['2019-03-26 13:46:00', 26.68, 26.68, 26.68, 26.68, 472]
['2019-03-26 13:45:00', 26.67, 26.67, 26.67, 26.67, 828]
['2019-03-26 13:44:00', 26.69, 26.68, 26.68, 26.69, 944]
['2019-03-26 13:43:00', 26.69, 26.69, 26.69, 26.69, 648]
['2019-03-26 13:42:00', 26.68, 26.68, 26.68, 26.68, 2113]
['2019-03-26 13:40:00', 26.65, 26.66, 26.65, 26.66, 766]
['2019-03-26 13:39:00', 26.65, 26.65, 26.65, 26.65, 2446]
['2019-03-26 13:38:00', 26.66, 26.65, 26.65, 26.67, 5480]
['2019-03-26 13:37:00', 26.68, 26.6632, 26.6632, 26.68, 7036]
['2019-03-26 13:35:00', 26.69, 26.69, 26.69, 26.69, 1322]
['2019-03-26 13:34:00', 26.685, 26.685, 26.685, 26.685, 401]
['2019-03-26 13:32:00', 26.696, 26.696, 26.696, 26.696, 273]
['2019-03-26 13:31:00', 26.69, 26.69, 26.69, 26.69, 451]
['2019-03-26 13:29:00', 26.72, 26.72, 26.72, 26.72, 404]
['2019-03-26 13:28:00', 26.72, 26.72, 26.72, 26.72, 399]
['2019-03-26 13:27:00', 26.73, 26.73, 26.73, 26.73, 416]
['2019-03-26 13:26:00', 26.74, 26.74, 26.74, 26.74, 313]
['2019-03-26 13:24:00', 26.75, 26.75, 26.75, 26.75, 303]
['2019-03-26 13:23:00', 26.75, 26.75, 26.75, 26.75, 1399]
['2019-03-26 13:22:00', 26.76, 26.76, 26.76, 26.76, 800]
['2019-03-26 13:21:00', 26.8, 26.78, 26.78, 26.8, 1204]
['2019-03-26 13:19:00', 26.78, 26.79, 26.78, 26.79, 429]
['2019-03-26 13:18:00', 26.77, 26.8, 26.77, 26.8, 1028]
['2019-03-26 13:17:00', 26.77, 26.77, 26.77, 26.77, 353]
['2019-03-26 13:15:00', 26.755, 26.755, 26.755, 26.755, 910]
['2019-03-26 13:13:00', 26.72, 26.72, 26.72, 26.72, 538]
['2019-03-26 13:12:00', 26.73, 26.73, 26.73, 26.73, 776]
['2019-03-26 13:10:00', 26.72, 26.72, 26.72, 26.72, 1700]
['2019-03-26 13:09:00', 26.71, 26.71, 26.71, 26.71, 423]
['2019-03-26 13:08:00', 26.69, 26.69, 26.69, 26.69, 450]
['2019-03-26 13:07:00', 26.68, 26.68, 26.68, 26.68, 877]
['2019-03-26 13:06:00', 26.71, 26.67, 26.67, 26.71, 1297]
['2019-03-26 13:05:00', 26.71, 26.71, 26.71, 26.71, 192]
['2019-03-26 13:04:00', 26.68, 26.7, 26.68, 26.7, 1730]
['2019-03-26 13:03:00', 26.65, 26.7, 26.65, 26.7, 2017]
['2019-03-26 13:02:00', 26.67, 26.66, 26.66, 26.67, 1437]
['2019-03-26 13:01:00', 26.67, 26.66, 26.66, 26.675, 2062]
['2019-03-26 13:00:00', 26.69, 26.66, 26.66, 26.69, 2967]
['2019-03-26 12:59:00', 26.76, 26.72, 26.72, 26.76, 1660]
['2019-03-26 12:58:00', 26.82, 26.82, 26.82, 26.82, 496]
['2019-03-26 12:57:00', 26.82, 26.82, 26.82, 26.82, 4293]
['2019-03-26 12:56:00', 26.83, 26.83, 26.83, 26.83, 537]
['2019-03-26 12:53:00', 26.8, 26.8, 26.8, 26.8, 466]
['2019-03-26 12:52:00', 26.79, 26.79, 26.79, 26.79, 405]
['2019-03-26 12:51:00', 26.77, 26.77, 26.77, 26.77, 304]
['2019-03-26 12:50:00', 26.7501, 26.7501, 26.7501, 26.7501, 246]
['2019-03-26 12:49:00', 26.78, 26.77, 26.77, 26.79, 2551]
['2019-03-26 12:47:00', 26.78, 26.8, 26.78, 26.8, 967]
['2019-03-26 12:46:00', 26.7, 26.76, 26.7, 26.76, 3010]
['2019-03-26 12:45:00', 26.72, 26.72, 26.72, 26.72, 1086]
['2019-03-26 12:44:00', 26.7, 26.7, 26.7, 26.7, 465]
['2019-03-26 12:43:00', 26.72, 26.72, 26.72, 26.72, 403]
['2019-03-26 12:42:00', 26.73, 26.72, 26.72, 26.73, 1319]
['2019-03-26 12:41:00', 26.71, 26.71, 26.71, 26.71, 1351]
['2019-03-26 12:40:00', 26.75, 26.745, 26.745, 26.75, 1007]
['2019-03-26 12:39:00', 26.75, 26.75, 26.75, 26.75, 510]
['2019-03-26 12:38:00', 26.77, 26.77, 26.77, 26.77, 804]
['2019-03-26 12:37:00', 26.7511, 26.7511, 26.7511, 26.7511, 2192]
['2019-03-26 12:36:00', 26.79, 26.78, 26.78, 26.79, 1178]
['2019-03-26 12:35:00', 26.79, 26.79, 26.79, 26.79, 481]
['2019-03-26 12:34:00', 26.79, 26.8, 26.79, 26.8, 1547]
['2019-03-26 12:32:00', 26.75, 26.755, 26.75, 26.755, 3266]
['2019-03-26 12:31:00', 26.79, 26.79, 26.79, 26.79, 809]
['2019-03-26 12:30:00', 26.77, 26.77, 26.77, 26.77, 813]
['2019-03-26 12:28:00', 26.78, 26.75, 26.75, 26.78, 4219]
['2019-03-26 12:27:00', 26.76, 26.75, 26.75, 26.76, 3612]
['2019-03-26 12:26:00', 26.76, 26.76, 26.76, 26.76, 1085]
['2019-03-26 12:25:00', 26.75, 26.75, 26.75, 26.75, 1820]
['2019-03-26 12:24:00', 26.75, 26.735, 26.735, 26.75, 2285]
['2019-03-26 12:22:00', 26.79, 26.79, 26.79, 26.79, 1008]
['2019-03-26 12:21:00', 26.81, 26.81, 26.81, 26.81, 431]
['2019-03-26 12:19:00', 26.81, 26.82, 26.81, 26.82, 606]
['2019-03-26 12:17:00', 26.84, 26.84, 26.84, 26.84, 332]
['2019-03-26 12:15:00', 26.82, 26.81, 26.81, 26.82, 860]
['2019-03-26 12:14:00', 26.82, 26.82, 26.82, 26.82, 1035]
['2019-03-26 12:13:00', 26.85, 26.85, 26.85, 26.85, 453]
['2019-03-26 12:12:00', 26.85, 26.85, 26.85, 26.85, 877]
['2019-03-26 12:11:00', 26.835, 26.835, 26.835, 26.835, 1010]
['2019-03-26 12:10:00', 26.855, 26.855, 26.855, 26.855, 703]
['2019-03-26 12:09:00', 26.842, 26.842, 26.842, 26.842, 806]
['2019-03-26 12:07:00', 26.83, 26.86, 26.83, 26.86, 3792]
['2019-03-26 12:06:00', 26.84, 26.84, 26.84, 26.84, 585]
['2019-03-26 12:04:00', 26.83, 26.86, 26.83, 26.86, 2155]
['2019-03-26 12:03:00', 26.832, 26.832, 26.832, 26.832, 5934]
['2019-03-26 12:02:00', 26.85, 26.86, 26.85, 26.88, 8989]
['2019-03-26 12:01:00', 26.805, 26.805, 26.805, 26.805, 451]
['2019-03-26 12:00:00', 26.82, 26.82, 26.82, 26.82, 502]
['2019-03-26 11:59:00', 26.8242, 26.8242, 26.8242, 26.8242, 1107]
['2019-03-26 11:57:00', 26.785, 26.78, 26.78, 26.79, 1585]
['2019-03-26 11:56:00', 26.78, 26.78, 26.78, 26.78, 1164]
['2019-03-26 11:55:00', 26.78, 26.77, 26.77, 26.78, 4931]
['2019-03-26 11:54:00', 26.74, 26.77, 26.74, 26.77, 1804]
['2019-03-26 11:53:00', 26.7556, 26.75, 26.75, 26.7556, 3825]
['2019-03-26 11:52:00', 26.75, 26.75, 26.75, 26.75, 2809]
['2019-03-26 11:49:00', 26.73, 26.73, 26.73, 26.73, 1628]
['2019-03-26 11:48:00', 26.74, 26.745, 26.725, 26.75, 7925]
['2019-03-26 11:47:00', 26.77, 26.76, 26.76, 26.77, 2104]
['2019-03-26 11:46:00', 26.74, 26.75, 26.74, 26.75, 4105]
['2019-03-26 11:45:00', 26.75, 26.75, 26.75, 26.75, 1382]
['2019-03-26 11:44:00', 26.79, 26.77, 26.77, 26.79, 2309]
['2019-03-26 11:43:00', 26.79, 26.79, 26.79, 26.79, 504]
['2019-03-26 11:42:00', 26.78, 26.78, 26.78, 26.78, 671]
['2019-03-26 11:40:00', 26.79, 26.79, 26.79, 26.79, 1246]
['2019-03-26 11:38:00', 26.75, 26.78, 26.75, 26.78, 1310]
['2019-03-26 11:37:00', 26.72, 26.72, 26.72, 26.72, 505]
['2019-03-26 11:36:00', 26.75, 26.75, 26.75, 26.75, 307]
['2019-03-26 11:35:00', 26.76, 26.76, 26.76, 26.76, 3641]
['2019-03-26 11:34:00', 26.72, 26.72, 26.72, 26.72, 1913]
['2019-03-26 11:33:00', 26.71, 26.71, 26.71, 26.71, 1174]
['2019-03-26 11:31:00', 26.74, 26.74, 26.74, 26.74, 444]
['2019-03-26 11:29:00', 26.78, 26.7649, 26.7649, 26.78, 1451]
['2019-03-26 11:28:00', 26.78, 26.78, 26.78, 26.78, 403]
['2019-03-26 11:27:00', 26.75, 26.75, 26.75, 26.75, 414]
['2019-03-26 11:26:00', 26.72, 26.72, 26.72, 26.72, 680]
['2019-03-26 11:24:00', 26.68, 26.68, 26.68, 26.68, 135]
['2019-03-26 11:21:00', 26.67, 26.67, 26.67, 26.67, 412]
['2019-03-26 11:20:00', 26.636, 26.636, 26.636, 26.636, 605]
['2019-03-26 11:19:00', 26.68, 26.65, 26.65, 26.68, 2057]
['2019-03-26 11:18:00', 26.7, 26.7, 26.7, 26.7, 502]
['2019-03-26 11:16:00', 26.66, 26.645, 26.645, 26.66, 2440]
['2019-03-26 11:15:00', 26.6552, 26.6552, 26.6552, 26.6552, 773]
['2019-03-26 11:12:00', 26.65, 26.65, 26.65, 26.65, 2533]
['2019-03-26 11:11:00', 26.73, 26.64, 26.64, 26.75, 7596]
['2019-03-26 11:10:00', 26.745, 26.74, 26.74, 26.745, 4731]
['2019-03-26 11:09:00', 26.735, 26.76, 26.735, 26.76, 1655]
['2019-03-26 11:08:00', 26.78, 26.78, 26.78, 26.78, 1780]
['2019-03-26 11:07:00', 26.76, 26.76, 26.76, 26.76, 1004]
['2019-03-26 11:06:00', 26.745, 26.75, 26.745, 26.75, 2716]
['2019-03-26 11:05:00', 26.7509, 26.7509, 26.7509, 26.7509, 4242]
['2019-03-26 11:03:00', 26.75, 26.75, 26.75, 26.75, 1598]
['2019-03-26 11:02:00', 26.85, 26.745, 26.745, 26.85, 13156]
['2019-03-26 11:01:00', 26.84, 26.84, 26.84, 26.84, 1044]
['2019-03-26 11:00:00', 26.78, 26.8, 26.78, 26.8, 5360]
['2019-03-26 10:59:00', 26.75, 26.75, 26.75, 26.75, 905]
['2019-03-26 10:58:00', 26.735, 26.77, 26.735, 26.77, 12140]
['2019-03-26 10:56:00', 26.725, 26.725, 26.725, 26.725, 200]
['2019-03-26 10:55:00', 26.76, 26.69, 26.69, 26.76, 1262]
['2019-03-26 10:54:00', 26.72, 26.72, 26.72, 26.72, 740]
['2019-03-26 10:53:00', 26.7516, 26.7516, 26.7516, 26.7516, 4801]
['2019-03-26 10:52:00', 26.76, 26.76, 26.76, 26.76, 1618]
['2019-03-26 10:51:00', 26.75, 26.75, 26.75, 26.75, 1150]
['2019-03-26 10:50:00', 26.7, 26.75, 26.7, 26.75, 5189]
['2019-03-26 10:49:00', 26.66, 26.66, 26.66, 26.66, 8010]
['2019-03-26 10:48:00', 26.59, 26.65, 26.59, 26.65, 5003]
['2019-03-26 10:47:00', 26.55, 26.55, 26.55, 26.55, 1005]
['2019-03-26 10:46:00', 26.56, 26.56, 26.56, 26.56, 1006]
['2019-03-26 10:44:00', 26.4638, 26.53, 26.4638, 26.53, 1682]
['2019-03-26 10:42:00', 26.495, 26.495, 26.495, 26.495, 500]
['2019-03-26 10:41:00', 26.5, 26.54, 26.5, 26.54, 6303]
['2019-03-26 10:38:00', 26.4836, 26.4836, 26.4836, 26.4836, 1052]
['2019-03-26 10:37:00', 26.5, 26.49, 26.49, 26.5, 1391]
['2019-03-26 10:35:00', 26.56, 26.56, 26.56, 26.56, 200]
['2019-03-26 10:34:00', 26.48, 26.56, 26.48, 26.56, 6253]
['2019-03-26 10:33:00', 26.435, 26.435, 26.435, 26.435, 2383]
['2019-03-26 10:31:00', 26.49, 26.49, 26.49, 26.49, 261]
['2019-03-26 10:30:00', 26.46, 26.46, 26.46, 26.46, 100]
['2019-03-26 10:28:00', 26.46, 26.46, 26.46, 26.46, 200]
['2019-03-26 10:25:00', 26.44, 26.44, 26.44, 26.44, 265]
['2019-03-26 10:23:00', 26.42, 26.42, 26.42, 26.42, 500]
['2019-03-26 10:22:00', 26.46, 26.46, 26.46, 26.46, 1400]
['2019-03-26 10:20:00', 26.46, 26.46, 26.46, 26.46, 600]
['2019-03-26 10:18:00', 26.56, 26.56, 26.56, 26.56, 780]
['2019-03-26 10:16:00', 26.63, 26.63, 26.63, 26.63, 187]
['2019-03-26 10:15:00', 26.67, 26.67, 26.67, 26.67, 922]
['2019-03-26 10:14:00', 26.6433, 26.65, 26.6433, 26.65, 2244]
['2019-03-26 10:13:00', 26.62, 26.62, 26.62, 26.62, 1400]
['2019-03-26 10:11:00', 26.5669, 26.5669, 26.5669, 26.5669, 339]
['2019-03-26 10:10:00', 26.56, 26.56, 26.56, 26.56, 900]
['2019-03-26 10:08:00', 26.63, 26.63, 26.63, 26.63, 1850]
['2019-03-26 10:07:00', 26.6301, 26.6301, 26.6301, 26.6301, 1387]
['2019-03-26 10:06:00', 26.65, 26.65, 26.65, 26.65, 400]
['2019-03-26 10:04:00', 26.64, 26.64, 26.64, 26.64, 235]
['2019-03-26 10:02:00', 26.61, 26.61, 26.61, 26.61, 200]
['2019-03-26 10:01:00', 26.48, 26.48, 26.48, 26.48, 705]
['2019-03-26 10:00:00', 26.59, 26.59, 26.59, 26.59, 900]
['2019-03-26 09:59:00', 26.66, 26.66, 26.66, 26.66, 875]
['2019-03-26 09:58:00', 26.62, 26.62, 26.62, 26.62, 830]
['2019-03-26 09:57:00', 26.625, 26.625, 26.625, 26.625, 2794]
['2019-03-26 09:56:00', 26.48, 26.48, 26.48, 26.48, 900]
['2019-03-26 09:55:00', 26.53, 26.53, 26.53, 26.53, 1650]
['2019-03-26 09:54:00', 26.52, 26.52, 26.52, 26.52, 863]
['2019-03-26 09:53:00', 26.3499, 26.51, 26.3499, 26.51, 5729]
['2019-03-26 09:52:00', 26.28, 26.28, 26.28, 26.28, 1200]
['2019-03-26 09:51:00', 26.27, 26.27, 26.27, 26.27, 2546]
['2019-03-26 09:50:00', 26.25, 26.25, 26.25, 26.25, 630]
['2019-03-26 09:49:00', 26.35, 26.35, 26.35, 26.35, 1400]
['2019-03-26 09:48:00', 26.38, 26.38, 26.38, 26.38, 202]
['2019-03-26 09:45:00', 26.59, 26.34, 26.27, 26.59, 32869]
['2019-03-26 09:42:00', 26.52, 26.6, 26.52, 26.6, 2186]
['2019-03-26 09:41:00', 26.62, 26.62, 26.62, 26.62, 1752]
['2019-03-26 09:40:00', 26.57, 26.57, 26.57, 26.57, 2237]
['2019-03-26 09:38:00', 26.5, 26.5, 26.5, 26.5, 268]
['2019-03-26 09:32:00', 26.45, 26.38, 26.38, 26.45, 5507]
['2019-03-25 16:00:00', 26.16, 26.18, 26.12, 26.18, 32491]
['2019-03-25 15:59:00', 26.145, 26.16, 26.145, 26.19, 17195]
['2019-03-25 15:58:00', 26.12, 26.13, 26.12, 26.15, 15363]
['2019-03-25 15:57:00', 26.055, 26.14, 26.055, 26.15, 17961]
['2019-03-25 15:56:00', 26.12, 26.07, 26.07, 26.13, 14578]
['2019-03-25 15:55:00', 26.15, 26.12, 26.12, 26.15, 2811]
['2019-03-25 15:54:00', 26.15, 26.14, 26.14, 26.15, 6536]
['2019-03-25 15:53:00', 26.14, 26.13, 26.12, 26.14, 5485]
['2019-03-25 15:52:00', 26.17, 26.13, 26.125, 26.17, 7105]
['2019-03-25 15:51:00', 26.12, 26.15, 26.12, 26.15, 3453]
['2019-03-25 15:50:00', 26.15, 26.14, 26.14, 26.15, 3421]
['2019-03-25 15:49:00', 26.19, 26.14, 26.14, 26.19, 8702]
['2019-03-25 15:48:00', 26.22, 26.23, 26.22, 26.23, 1297]
['2019-03-25 15:47:00', 26.23, 26.23, 26.23, 26.23, 971]
['2019-03-25 15:46:00', 26.23, 26.23, 26.23, 26.24, 4493]
['2019-03-25 15:45:00', 26.24, 26.24, 26.24, 26.24, 1626]
['2019-03-25 15:44:00', 26.22, 26.2, 26.2, 26.22, 2149]
['2019-03-25 15:43:00', 26.19, 26.2, 26.1801, 26.2, 3093]
['2019-03-25 15:42:00', 26.17, 26.17, 26.17, 26.17, 2123]
['2019-03-25 15:41:00', 26.19, 26.16, 26.16, 26.19, 5880]
['2019-03-25 15:40:00', 26.21, 26.21, 26.21, 26.21, 1700]
['2019-03-25 15:39:00', 26.24, 26.2, 26.2, 26.24, 1293]
['2019-03-25 15:38:00', 26.26, 26.26, 26.26, 26.26, 1509]
['2019-03-25 15:37:00', 26.24, 26.24, 26.24, 26.24, 1809]
['2019-03-25 15:36:00', 26.25, 26.25, 26.25, 26.25, 751]
['2019-03-25 15:35:00', 26.26, 26.25, 26.25, 26.26, 2508]
['2019-03-25 15:34:00', 26.27, 26.26, 26.26, 26.27, 1469]
['2019-03-25 15:33:00', 26.24, 26.25, 26.24, 26.25, 1340]
['2019-03-25 15:32:00', 26.23, 26.23, 26.23, 26.23, 616]
['2019-03-25 15:31:00', 26.24, 26.24, 26.24, 26.24, 3638]
['2019-03-25 15:30:00', 26.23, 26.23, 26.23, 26.23, 678]
['2019-03-25 15:29:00', 26.25, 26.23, 26.23, 26.26, 1979]
['2019-03-25 15:28:00', 26.27, 26.27, 26.27, 26.27, 642]
['2019-03-25 15:27:00', 26.27, 26.27, 26.27, 26.27, 1061]
['2019-03-25 15:26:00', 26.23, 26.23, 26.23, 26.23, 940]
['2019-03-25 15:25:00', 26.26, 26.25, 26.25, 26.26, 2475]
['2019-03-25 15:24:00', 26.2203, 26.2203, 26.2203, 26.2203, 1830]
['2019-03-25 15:23:00', 26.17, 26.2, 26.17, 26.2, 3951]
['2019-03-25 15:22:00', 26.17, 26.17, 26.17, 26.17, 3590]
['2019-03-25 15:21:00', 26.2, 26.2, 26.2, 26.2, 700]
['2019-03-25 15:20:00', 26.23, 26.22, 26.22, 26.23, 1435]
['2019-03-25 15:19:00', 26.24, 26.24, 26.24, 26.24, 714]
['2019-03-25 15:18:00', 26.25, 26.21, 26.21, 26.25, 1167]
['2019-03-25 15:17:00', 26.28, 26.28, 26.28, 26.28, 1680]
['2019-03-25 15:16:00', 26.27, 26.28, 26.27, 26.28, 1186]
['2019-03-25 15:15:00', 26.27, 26.27, 26.27, 26.27, 1863]
['2019-03-25 15:14:00', 26.29, 26.3, 26.29, 26.3, 1996]
['2019-03-25 15:13:00', 26.25, 26.27, 26.25, 26.27, 1406]
['2019-03-25 15:12:00', 26.25, 26.25, 26.25, 26.25, 305]
['2019-03-25 15:11:00', 26.23, 26.24, 26.23, 26.24, 1750]
['2019-03-25 15:10:00', 26.23, 26.22, 26.22, 26.23, 1394]
['2019-03-25 15:09:00', 26.26, 26.26, 26.26, 26.26, 327]
['2019-03-25 15:08:00', 26.24, 26.24, 26.24, 26.24, 1539]
['2019-03-25 15:07:00', 26.25, 26.27, 26.25, 26.27, 1288]
['2019-03-25 15:06:00', 26.22, 26.22, 26.22, 26.22, 2840]
['2019-03-25 15:05:00', 26.24, 26.23, 26.23, 26.24, 1838]
['2019-03-25 15:03:00', 26.27, 26.27, 26.27, 26.27, 627]
['2019-03-25 15:02:00', 26.26, 26.28, 26.26, 26.28, 1515]
['2019-03-25 15:01:00', 26.28, 26.28, 26.28, 26.28, 739]
['2019-03-25 15:00:00', 26.24, 26.24, 26.24, 26.24, 446]
['2019-03-25 14:59:00', 26.24, 26.24, 26.24, 26.24, 519]
['2019-03-25 14:58:00', 26.23, 26.25, 26.23, 26.25, 2422]
['2019-03-25 14:56:00', 26.21, 26.21, 26.21, 26.21, 430]
['2019-03-25 14:55:00', 26.18, 26.2, 26.18, 26.2, 1404]
['2019-03-25 14:54:00', 26.2, 26.2, 26.2, 26.2, 655]
['2019-03-25 14:53:00', 26.2, 26.21, 26.2, 26.21, 1922]
['2019-03-25 14:52:00', 26.17, 26.19, 26.17, 26.19, 1268]
['2019-03-25 14:51:00', 26.22, 26.22, 26.22, 26.22, 600]
['2019-03-25 14:50:00', 26.23, 26.23, 26.23, 26.23, 490]
['2019-03-25 14:49:00', 26.26, 26.25, 26.25, 26.26, 1329]
['2019-03-25 14:48:00', 26.22, 26.23, 26.22, 26.23, 2271]
['2019-03-25 14:47:00', 26.2049, 26.22, 26.2049, 26.22, 1833]
['2019-03-25 14:46:00', 26.24, 26.24, 26.24, 26.24, 1192]
['2019-03-25 14:45:00', 26.24, 26.24, 26.24, 26.24, 527]
['2019-03-25 14:44:00', 26.23, 26.25, 26.23, 26.25, 2681]
['2019-03-25 14:42:00', 26.22, 26.1816, 26.1816, 26.22, 3072]
['2019-03-25 14:41:00', 26.16, 26.17, 26.16, 26.17, 1209]
['2019-03-25 14:40:00', 26.14, 26.14, 26.14, 26.14, 700]
['2019-03-25 14:39:00', 26.135, 26.135, 26.135, 26.135, 457]
['2019-03-25 14:38:00', 26.12, 26.12, 26.12, 26.12, 1695]
['2019-03-25 14:36:00', 26.14, 26.14, 26.14, 26.14, 281]
['2019-03-25 14:35:00', 26.13, 26.13, 26.13, 26.13, 805]
['2019-03-25 14:33:00', 26.11, 26.11, 26.11, 26.11, 711]
['2019-03-25 14:32:00', 26.14, 26.14, 26.14, 26.14, 966]
['2019-03-25 14:31:00', 26.08, 26.08, 26.08, 26.08, 450]
['2019-03-25 14:30:00', 26.06, 26.06, 26.06, 26.06, 806]
['2019-03-25 14:29:00', 26.07, 26.05, 26.05, 26.07, 1598]
['2019-03-25 14:28:00', 26.04, 26.04, 26.04, 26.04, 1189]
['2019-03-25 14:27:00', 26.03, 26.08, 26.03, 26.08, 2149]
['2019-03-25 14:26:00', 26.03, 26.03, 26.03, 26.03, 600]
['2019-03-25 14:25:00', 26.01, 26.01, 26.01, 26.01, 700]
['2019-03-25 14:24:00', 26.0, 26.01, 26.0, 26.01, 2540]
['2019-03-25 14:23:00', 26.02, 26.02, 26.02, 26.02, 620]
['2019-03-25 14:22:00', 26.05, 26.05, 26.05, 26.05, 434]
['2019-03-25 14:21:00', 26.04, 26.05, 26.04, 26.05, 1019]
['2019-03-25 14:20:00', 26.058, 26.06, 26.058, 26.06, 1696]
['2019-03-25 14:19:00', 26.07, 26.07, 26.07, 26.07, 1100]
['2019-03-25 14:18:00', 26.1, 26.11, 26.1, 26.11, 3273]
['2019-03-25 14:17:00', 26.12, 26.12, 26.12, 26.12, 1135]
['2019-03-25 14:16:00', 26.13, 26.15, 26.13, 26.15, 2493]
['2019-03-25 14:14:00', 26.12, 26.12, 26.12, 26.12, 524]
['2019-03-25 14:13:00', 26.12, 26.12, 26.12, 26.12, 1289]
['2019-03-25 14:12:00', 26.0901, 26.0901, 26.0901, 26.0901, 324]
['2019-03-25 14:11:00', 26.096, 26.096, 26.096, 26.096, 4320]
['2019-03-25 14:10:00', 26.0997, 26.0997, 26.0997, 26.0997, 1093]
['2019-03-25 14:08:00', 26.13, 26.135, 26.13, 26.135, 961]
['2019-03-25 14:07:00', 26.1, 26.0975, 26.0975, 26.1101, 4220]
['2019-03-25 14:06:00', 26.15, 26.15, 26.15, 26.15, 685]
['2019-03-25 14:04:00', 26.17, 26.17, 26.17, 26.17, 312]
['2019-03-25 14:03:00', 26.17, 26.17, 26.17, 26.17, 325]
['2019-03-25 14:02:00', 26.15, 26.15, 26.15, 26.15, 410]
['2019-03-25 14:01:00', 26.17, 26.17, 26.17, 26.17, 297]
['2019-03-25 14:00:00', 26.15, 26.15, 26.15, 26.15, 482]
['2019-03-25 13:59:00', 26.18, 26.15, 26.15, 26.18, 1131]
['2019-03-25 13:57:00', 26.18, 26.18, 26.18, 26.18, 614]
['2019-03-25 13:56:00', 26.19, 26.19, 26.19, 26.19, 420]
['2019-03-25 13:55:00', 26.22, 26.18, 26.18, 26.22, 2042]
['2019-03-25 13:54:00', 26.2373, 26.22, 26.22, 26.2373, 2541]
['2019-03-25 13:53:00', 26.22, 26.25, 26.22, 26.25, 1630]
['2019-03-25 13:52:00', 26.25, 26.21, 26.2, 26.25, 14062]
['2019-03-25 13:51:00', 26.24, 26.24, 26.22, 26.2436, 15200]
['2019-03-25 13:50:00', 26.23, 26.24, 26.23, 26.24, 7626]
['2019-03-25 13:49:00', 26.28, 26.25, 26.25, 26.28, 8325]
['2019-03-25 13:48:00', 26.27, 26.29, 26.27, 26.29, 11784]
['2019-03-25 13:47:00', 26.28, 26.28, 26.28, 26.28, 800]
['2019-03-25 13:46:00', 26.29, 26.29, 26.29, 26.29, 242]
['2019-03-25 13:45:00', 26.32, 26.32, 26.32, 26.32, 129]
['2019-03-25 13:44:00', 26.32, 26.32, 26.32, 26.32, 200]
['2019-03-25 13:43:00', 26.33, 26.33, 26.33, 26.33, 700]
['2019-03-25 13:42:00', 26.36, 26.36, 26.36, 26.36, 975]
['2019-03-25 13:41:00', 26.34, 26.34, 26.34, 26.34, 698]
['2019-03-25 13:40:00', 26.35, 26.35, 26.35, 26.35, 3015]
['2019-03-25 13:39:00', 26.35, 26.35, 26.35, 26.35, 528]
['2019-03-25 13:38:00', 26.33, 26.33, 26.33, 26.33, 900]
['2019-03-25 13:37:00', 26.32, 26.32, 26.32, 26.32, 529]
['2019-03-25 13:36:00', 26.28, 26.3, 26.28, 26.3, 1699]
['2019-03-25 13:35:00', 26.29, 26.29, 26.29, 26.29, 1576]
['2019-03-25 13:34:00', 26.27, 26.27, 26.27, 26.27, 440]
['2019-03-25 13:33:00', 26.26, 26.26, 26.24, 26.26, 2917]
['2019-03-25 13:31:00', 26.28, 26.3, 26.28, 26.3, 1861]
['2019-03-25 13:30:00', 26.27, 26.3, 26.27, 26.3, 1477]
['2019-03-25 13:28:00', 26.2581, 26.2581, 26.2581, 26.2581, 302]
['2019-03-25 13:27:00', 26.29, 26.29, 26.29, 26.29, 747]
['2019-03-25 13:26:00', 26.32, 26.32, 26.32, 26.32, 297]
['2019-03-25 13:25:00', 26.3, 26.3, 26.3, 26.3, 750]
['2019-03-25 13:24:00', 26.32, 26.32, 26.32, 26.32, 296]
['2019-03-25 13:22:00', 26.34, 26.33, 26.33, 26.34, 1035]
['2019-03-25 13:21:00', 26.34, 26.34, 26.34, 26.34, 548]
['2019-03-25 13:19:00', 26.34, 26.34, 26.34, 26.34, 830]
['2019-03-25 13:18:00', 26.31, 26.32, 26.31, 26.32, 1028]
['2019-03-25 13:16:00', 26.36, 26.36, 26.36, 26.36, 500]
['2019-03-25 13:15:00', 26.4, 26.38, 26.38, 26.4, 1528]
['2019-03-25 13:14:00', 26.43, 26.43, 26.43, 26.43, 651]
['2019-03-25 13:13:00', 26.3365, 26.39, 26.3365, 26.39, 3939]
['2019-03-25 13:11:00', 26.35, 26.35, 26.35, 26.35, 492]
['2019-03-25 13:10:00', 26.35, 26.36, 26.35, 26.36, 1676]
['2019-03-25 13:09:00', 26.3579, 26.3579, 26.3579, 26.3579, 571]
['2019-03-25 13:08:00', 26.35, 26.33, 26.33, 26.35, 829]
['2019-03-25 13:07:00', 26.29, 26.34, 26.29, 26.34, 3106]
['2019-03-25 13:06:00', 26.29, 26.28, 26.28, 26.29, 3313]
['2019-03-25 13:05:00', 26.27, 26.27, 26.27, 26.27, 639]
['2019-03-25 13:04:00', 26.3, 26.3, 26.3, 26.3, 426]
['2019-03-25 13:03:00', 26.33, 26.33, 26.33, 26.33, 400]
['2019-03-25 13:02:00', 26.3384, 26.3384, 26.3384, 26.3384, 707]
['2019-03-25 13:01:00', 26.37, 26.37, 26.37, 26.37, 620]
['2019-03-25 13:00:00', 26.3, 26.34, 26.3, 26.34, 7136]
['2019-03-25 12:59:00', 26.3, 26.35, 26.3, 26.36, 3285]
['2019-03-25 12:58:00', 26.31, 26.3, 26.3, 26.31, 1750]
['2019-03-25 12:56:00', 26.26, 26.27, 26.26, 26.27, 745]
['2019-03-25 12:55:00', 26.25, 26.25, 26.25, 26.25, 752]
['2019-03-25 12:54:00', 26.23, 26.23, 26.23, 26.23, 800]
['2019-03-25 12:53:00', 26.2, 26.2, 26.2, 26.2, 1496]
['2019-03-25 12:52:00', 26.19, 26.19, 26.19, 26.19, 1889]
['2019-03-25 12:51:00', 26.18, 26.19, 26.18, 26.19, 995]
['2019-03-25 12:50:00', 26.15, 26.15, 26.15, 26.15, 1639]
['2019-03-25 12:49:00', 26.15, 26.15, 26.12, 26.15, 3039]
['2019-03-25 12:48:00', 26.17, 26.14, 26.14, 26.17, 1424]
['2019-03-25 12:47:00', 26.18, 26.175, 26.175, 26.19, 2674]
['2019-03-25 12:46:00', 26.14, 26.16, 26.14, 26.16, 2411]
['2019-03-25 12:45:00', 26.16, 26.16, 26.16, 26.16, 2075]
['2019-03-25 12:44:00', 26.16, 26.13, 26.13, 26.16, 6902]
['2019-03-25 12:43:00', 26.17, 26.17, 26.17, 26.17, 215]
['2019-03-25 12:42:00', 26.16, 26.16, 26.16, 26.16, 1754]
['2019-03-25 12:41:00', 26.16, 26.17, 26.16, 26.17, 2196]
['2019-03-25 12:40:00', 26.18, 26.18, 26.18, 26.18, 1004]
['2019-03-25 12:39:00', 26.17, 26.17, 26.17, 26.17, 200]
['2019-03-25 12:38:00', 26.18, 26.18, 26.18, 26.18, 1195]
['2019-03-25 12:37:00', 26.18, 26.18, 26.18, 26.18, 328]
['2019-03-25 12:36:00', 26.17, 26.17, 26.17, 26.17, 1008]
['2019-03-25 12:35:00', 26.22, 26.21, 26.21, 26.22, 1256]
['2019-03-25 12:34:00', 26.25, 26.23, 26.23, 26.25, 2051]
['2019-03-25 12:32:00', 26.28, 26.28, 26.28, 26.28, 238]
['2019-03-25 12:31:00', 26.299, 26.305, 26.299, 26.305, 3586]
['2019-03-25 12:30:00', 26.3154, 26.3154, 26.3154, 26.3154, 1232]
['2019-03-25 12:29:00', 26.33, 26.3, 26.3, 26.33, 2182]
['2019-03-25 12:28:00', 26.34, 26.34, 26.34, 26.34, 800]
['2019-03-25 12:27:00', 26.34, 26.36, 26.34, 26.36, 1366]
['2019-03-25 12:26:00', 26.365, 26.37, 26.365, 26.37, 1365]
['2019-03-25 12:25:00', 26.34, 26.34, 26.34, 26.34, 341]
['2019-03-25 12:24:00', 26.38, 26.35, 26.35, 26.38, 1540]
['2019-03-25 12:23:00', 26.36, 26.36, 26.36, 26.36, 566]
['2019-03-25 12:22:00', 26.38, 26.38, 26.38, 26.38, 500]
['2019-03-25 12:21:00', 26.37, 26.37, 26.37, 26.37, 1102]
['2019-03-25 12:20:00', 26.37, 26.36, 26.36, 26.37, 4909]
['2019-03-25 12:19:00', 26.4, 26.37, 26.37, 26.4, 2510]
['2019-03-25 12:18:00', 26.405, 26.4094, 26.405, 26.4094, 4010]
['2019-03-25 12:17:00', 26.38, 26.38, 26.38, 26.38, 1592]
['2019-03-25 12:16:00', 26.38, 26.38, 26.38, 26.38, 1200]
['2019-03-25 12:15:00', 26.36, 26.36, 26.36, 26.36, 667]
['2019-03-25 12:14:00', 26.345, 26.345, 26.345, 26.345, 862]
['2019-03-25 12:13:00', 26.36, 26.36, 26.36, 26.36, 1900]
['2019-03-25 12:12:00', 26.35, 26.35, 26.35, 26.35, 907]
['2019-03-25 12:11:00', 26.3, 26.3, 26.3, 26.3, 536]
['2019-03-25 12:10:00', 26.34, 26.33, 26.33, 26.34, 1970]
['2019-03-25 12:09:00', 26.32, 26.32, 26.32, 26.32, 835]
['2019-03-25 12:07:00', 26.39, 26.39, 26.39, 26.39, 3000]
['2019-03-25 12:06:00', 26.41, 26.405, 26.405, 26.41, 4512]
['2019-03-25 12:05:00', 26.33, 26.37, 26.33, 26.37, 3648]
['2019-03-25 12:04:00', 26.3, 26.3, 26.3, 26.3, 700]
['2019-03-25 12:03:00', 26.31, 26.29, 26.29, 26.31, 6028]
['2019-03-25 12:02:00', 26.3, 26.3, 26.3, 26.3, 2542]
['2019-03-25 12:01:00', 26.33, 26.33, 26.33, 26.33, 1068]
['2019-03-25 12:00:00', 26.32, 26.32, 26.32, 26.32, 740]
['2019-03-25 11:59:00', 26.31, 26.31, 26.31, 26.31, 2000]
['2019-03-25 11:58:00', 26.3, 26.3, 26.3, 26.3, 750]
['2019-03-25 11:57:00', 26.245, 26.27, 26.245, 26.27, 2806]
['2019-03-25 11:56:00', 26.23, 26.23, 26.23, 26.23, 905]
['2019-03-25 11:54:00', 26.26, 26.23, 26.23, 26.26, 1012]
['2019-03-25 11:53:00', 26.26, 26.26, 26.26, 26.26, 630]
['2019-03-25 11:51:00', 26.25, 26.25, 26.25, 26.25, 600]
['2019-03-25 11:50:00', 26.22, 26.22, 26.22, 26.22, 235]
['2019-03-25 11:49:00', 26.25, 26.25, 26.25, 26.25, 920]
['2019-03-25 11:48:00', 26.26, 26.26, 26.26, 26.26, 828]
['2019-03-25 11:47:00', 26.28, 26.28, 26.28, 26.28, 300]
['2019-03-25 11:46:00', 26.29, 26.29, 26.29, 26.29, 502]
['2019-03-25 11:44:00', 26.31, 26.26, 26.26, 26.31, 2854]
['2019-03-25 11:42:00', 26.29, 26.29, 26.29, 26.29, 1208]
['2019-03-25 11:41:00', 26.39, 26.33, 26.33, 26.39, 1850]
['2019-03-25 11:40:00', 26.34, 26.37, 26.34, 26.37, 2179]
['2019-03-25 11:39:00', 26.33, 26.33, 26.33, 26.33, 600]
['2019-03-25 11:38:00', 26.36, 26.36, 26.36, 26.36, 695]
['2019-03-25 11:37:00', 26.4, 26.4, 26.4, 26.4, 988]
['2019-03-25 11:36:00', 26.44, 26.4, 26.4, 26.44, 1714]
['2019-03-25 11:35:00', 26.44, 26.44, 26.44, 26.44, 1342]
['2019-03-25 11:34:00', 26.47, 26.45, 26.45, 26.47, 4850]
['2019-03-25 11:33:00', 26.54, 26.54, 26.54, 26.54, 850]
['2019-03-25 11:32:00', 26.6, 26.58, 26.58, 26.66, 8636]
['2019-03-25 11:31:00', 26.65, 26.58, 26.58, 26.65, 2830]
['2019-03-25 11:30:00', 26.65, 26.65, 26.65, 26.65, 1027]
['2019-03-25 11:29:00', 26.61, 26.63, 26.61, 26.63, 2221]
['2019-03-25 11:28:00', 26.61, 26.61, 26.61, 26.61, 1184]
['2019-03-25 11:27:00', 26.62, 26.62, 26.62, 26.62, 2567]
['2019-03-25 11:26:00', 26.54, 26.59, 26.54, 26.59, 1757]
['2019-03-25 11:25:00', 26.61, 26.61, 26.61, 26.61, 1350]
['2019-03-25 11:24:00', 26.58, 26.58, 26.58, 26.58, 400]
['2019-03-25 11:23:00', 26.47, 26.48, 26.47, 26.48, 4061]
['2019-03-25 11:22:00', 26.57, 26.57, 26.57, 26.57, 4400]
['2019-03-25 11:21:00', 26.5, 26.56, 26.5, 26.56, 3041]
['2019-03-25 11:20:00', 26.505, 26.53, 26.505, 26.53, 3010]
['2019-03-25 11:19:00', 26.53, 26.53, 26.53, 26.53, 1020]
['2019-03-25 11:18:00', 26.52, 26.52, 26.52, 26.52, 330]
['2019-03-25 11:17:00', 26.52, 26.46, 26.46, 26.52, 2489]
['2019-03-25 11:16:00', 26.51, 26.51, 26.49, 26.51, 4581]
['2019-03-25 11:15:00', 26.49, 26.54, 26.49, 26.54, 3903]
['2019-03-25 11:14:00', 26.43, 26.5, 26.43, 26.5, 5774]
['2019-03-25 11:13:00', 26.38, 26.4569, 26.38, 26.4569, 3312]
['2019-03-25 11:12:00', 26.38, 26.36, 26.36, 26.38, 5716]
['2019-03-25 11:11:00', 26.38, 26.38, 26.37, 26.38, 3592]
['2019-03-25 11:10:00', 26.33, 26.33, 26.33, 26.33, 832]
['2019-03-25 11:09:00', 26.32, 26.345, 26.32, 26.345, 3236]
['2019-03-25 11:08:00', 26.28, 26.29, 26.27, 26.29, 5980]
['2019-03-25 11:07:00', 26.26, 26.23, 26.23, 26.26, 3977]
['2019-03-25 11:06:00', 26.2, 26.25, 26.2, 26.25, 6679]
['2019-03-25 11:05:00', 26.08, 26.1, 26.08, 26.1, 5468]
['2019-03-25 11:04:00', 26.02, 26.04, 26.02, 26.04, 3375]
['2019-03-25 11:03:00', 25.99, 25.98, 25.98, 25.99, 2438]
['2019-03-25 11:02:00', 25.97, 25.97, 25.97, 25.97, 1590]
['2019-03-25 11:01:00', 25.91, 25.91, 25.91, 25.93, 3298]
['2019-03-25 11:00:00', 25.99, 25.97, 25.97, 25.99, 4117]
['2019-03-25 10:59:00', 26.04, 26.05, 26.04, 26.05, 3308]
['2019-03-25 10:58:00', 26.08, 26.1, 26.08, 26.1, 2866]
['2019-03-25 10:57:00', 26.12, 26.12, 26.12, 26.12, 1096]
['2019-03-25 10:56:00', 26.08, 26.08, 26.08, 26.08, 1021]
['2019-03-25 10:55:00', 26.11, 26.11, 26.11, 26.11, 1095]
['2019-03-25 10:54:00', 26.1, 26.09, 26.09, 26.1, 1899]
['2019-03-25 10:53:00', 26.1237, 26.1237, 26.1237, 26.1237, 1600]
['2019-03-25 10:52:00', 26.08, 26.15, 26.08, 26.15, 3044]
['2019-03-25 10:51:00', 26.1, 26.105, 26.09, 26.12, 8070]
['2019-03-25 10:50:00', 26.07, 26.07, 26.07, 26.07, 5302]
['2019-03-25 10:49:00', 25.94, 25.98, 25.94, 25.98, 4131]
['2019-03-25 10:48:00', 25.9, 25.88, 25.88, 25.9, 9605]
['2019-03-25 10:47:00', 25.9, 25.92, 25.9, 25.93, 7227]
['2019-03-25 10:46:00', 25.85, 25.92, 25.85, 25.92, 1900]
['2019-03-25 10:45:00', 25.77, 25.86, 25.77, 25.86, 4185]
['2019-03-25 10:44:00', 25.72, 25.77, 25.72, 25.785, 6565]
['2019-03-25 10:43:00', 25.64, 25.7, 25.63, 25.71, 11769]
['2019-03-25 10:41:00', 25.58, 25.57, 25.57, 25.58, 2386]
['2019-03-25 10:40:00', 25.59, 25.59, 25.59, 25.59, 1240]
['2019-03-25 10:39:00', 25.62, 25.61, 25.61, 25.62, 3795]
['2019-03-25 10:38:00', 25.63, 25.65, 25.63, 25.65, 2130]
['2019-03-25 10:37:00', 25.68, 25.71, 25.68, 25.71, 1508]
['2019-03-25 10:36:00', 25.71, 25.68, 25.66, 25.71, 3064]
['2019-03-25 10:35:00', 25.75, 25.75, 25.75, 25.75, 2071]
['2019-03-25 10:34:00', 25.83, 25.75, 25.75, 25.83, 3680]
['2019-03-25 10:33:00', 25.77, 25.78, 25.77, 25.78, 3068]
['2019-03-25 10:32:00', 25.82, 25.82, 25.82, 25.82, 2601]
['2019-03-25 10:31:00', 25.69, 25.69, 25.69, 25.69, 2873]
['2019-03-25 10:30:00', 25.65, 25.7, 25.65, 25.7, 1915]
['2019-03-25 10:28:00', 25.64, 25.64, 25.64, 25.64, 476]
['2019-03-25 10:27:00', 25.64, 25.6, 25.6, 25.64, 9955]
['2019-03-25 10:26:00', 25.65, 25.65, 25.65, 25.65, 1120]
['2019-03-25 10:24:00', 25.5307, 25.6, 25.5307, 25.6, 3209]
['2019-03-25 10:23:00', 25.64, 25.64, 25.64, 25.64, 779]
['2019-03-25 10:22:00', 25.63, 25.65, 25.63, 25.65, 2191]
['2019-03-25 10:21:00', 25.61, 25.61, 25.61, 25.61, 1215]
['2019-03-25 10:19:00', 25.62, 25.62, 25.62, 25.62, 781]
['2019-03-25 10:18:00', 25.63, 25.63, 25.63, 25.63, 432]
['2019-03-25 10:17:00', 25.64, 25.64, 25.64, 25.64, 650]
['2019-03-25 10:16:00', 25.62, 25.63, 25.62, 25.63, 2613]
['2019-03-25 10:15:00', 25.58, 25.58, 25.58, 25.58, 500]
['2019-03-25 10:14:00', 25.61, 25.61, 25.61, 25.61, 1574]
['2019-03-25 10:13:00', 25.6, 25.6, 25.6, 25.6, 5830]
['2019-03-25 10:12:00', 25.65, 25.68, 25.65, 25.68, 3639]
['2019-03-25 10:11:00', 25.72, 25.66, 25.66, 25.72, 4268]
['2019-03-25 10:10:00', 25.73, 25.73, 25.73, 25.73, 1103]
['2019-03-25 10:09:00', 25.6936, 25.6936, 25.6936, 25.6936, 575]
['2019-03-25 10:08:00', 25.78, 25.73, 25.73, 25.78, 5730]
['2019-03-25 10:07:00', 25.86, 25.86, 25.86, 25.86, 1600]
['2019-03-25 10:06:00', 25.84, 25.8, 25.8, 25.84, 3424]
['2019-03-25 10:05:00', 25.86, 25.82, 25.82, 25.86, 6284]
['2019-03-25 10:04:00', 25.87, 25.87, 25.87, 25.87, 1274]
['2019-03-25 10:03:00', 25.91, 25.91, 25.91, 25.91, 1382]
['2019-03-25 10:02:00', 25.95, 25.95, 25.95, 25.95, 1132]
['2019-03-25 10:01:00', 25.94, 25.93, 25.92, 25.94, 3800]
['2019-03-25 10:00:00', 25.995, 25.995, 25.995, 25.995, 763]
['2019-03-25 09:59:00', 26.015, 26.045, 25.98, 26.045, 4849]
['2019-03-25 09:58:00', 26.01, 25.99, 25.99, 26.01, 3152]
['2019-03-25 09:56:00', 26.1, 25.9867, 25.9867, 26.1, 2894]
['2019-03-25 09:55:00', 25.935, 25.99, 25.935, 25.99, 5265]
['2019-03-25 09:54:00', 25.94, 25.95, 25.94, 25.95, 3039]
['2019-03-25 09:53:00', 25.955, 25.955, 25.955, 25.955, 1283]
['2019-03-25 09:52:00', 25.98, 25.98, 25.98, 25.98, 800]
['2019-03-25 09:51:00', 26.01, 26.01, 26.01, 26.01, 1024]
['2019-03-25 09:50:00', 25.98, 25.9, 25.9, 25.98, 6107]
['2019-03-25 09:48:00', 25.94, 25.94, 25.94, 25.94, 1604]
['2019-03-25 09:47:00', 26.04, 25.94, 25.94, 26.04, 7091]
['2019-03-25 09:46:00', 26.07, 26.09, 26.07, 26.09, 4856]
['2019-03-25 09:45:00', 26.27, 26.11, 26.09, 26.27, 4285]
['2019-03-25 09:43:00', 26.29, 26.29, 26.29, 26.29, 503]
['2019-03-25 09:42:00', 26.3323, 26.3323, 26.3323, 26.3323, 699]
['2019-03-25 09:41:00', 26.46, 26.45, 26.45, 26.52, 5743]
['2019-03-25 09:40:00', 26.28, 26.49, 26.28, 26.67, 28750]
['2019-03-25 09:37:00', 26.0717, 26.0717, 26.0717, 26.0717, 1833]
['2019-03-25 09:36:00', 26.09, 26.09, 26.09, 26.09, 698]
['2019-03-25 09:35:00', 25.98, 25.98, 25.98, 25.98, 667]
['2019-03-25 09:34:00', 25.8855, 25.8855, 25.8855, 25.8855, 1202]
['2019-03-25 09:33:00', 25.82, 25.89, 25.82, 25.89, 4072]
['2019-03-25 09:32:00', 25.95, 25.8828, 25.8828, 25.95, 4232]
['2019-03-25 09:31:00', 26.0404, 26.0404, 26.0404, 26.0404, 0]
