AMN
['2019-03-29 16:00:00', 47.2, 47.1, 47.1, 47.2, 26213]
['2019-03-29 15:59:00', 47.28, 47.3, 47.28, 47.3, 9131]
['2019-03-29 15:58:00', 47.3, 47.28, 47.28, 47.3, 3745]
['2019-03-29 15:57:00', 47.28, 47.28, 47.28, 47.28, 1471]
['2019-03-29 15:56:00', 47.27, 47.3, 47.27, 47.3, 5173]
['2019-03-29 15:55:00', 47.27, 47.27, 47.27, 47.27, 1978]
['2019-03-29 15:54:00', 47.26, 47.27, 47.26, 47.27, 4721]
['2019-03-29 15:53:00', 47.26, 47.26, 47.26, 47.26, 1047]
['2019-03-29 15:52:00', 47.25, 47.25, 47.25, 47.25, 1593]
['2019-03-29 15:51:00', 47.26, 47.25, 47.25, 47.26, 2321]
['2019-03-29 15:50:00', 47.29, 47.28, 47.28, 47.29, 2997]
['2019-03-29 15:49:00', 47.28, 47.29, 47.28, 47.29, 2208]
['2019-03-29 15:48:00', 47.35, 47.32, 47.32, 47.35, 4221]
['2019-03-29 15:47:00', 47.335, 47.35, 47.335, 47.35, 2968]
['2019-03-29 15:46:00', 47.23, 47.32, 47.23, 47.32, 2682]
['2019-03-29 15:45:00', 47.22, 47.21, 47.21, 47.22, 1564]
['2019-03-29 15:44:00', 47.2, 47.23, 47.2, 47.23, 2124]
['2019-03-29 15:43:00', 47.21, 47.19, 47.19, 47.21, 2251]
['2019-03-29 15:42:00', 47.21, 47.2, 47.2, 47.21, 1750]
['2019-03-29 15:41:00', 47.2, 47.2, 47.2, 47.2, 1045]
['2019-03-29 15:40:00', 47.16, 47.19, 47.16, 47.2, 3661]
['2019-03-29 15:39:00', 47.2, 47.2, 47.2, 47.2, 721]
['2019-03-29 15:38:00', 47.21, 47.2, 47.2, 47.21, 1559]
['2019-03-29 15:37:00', 47.23, 47.22, 47.22, 47.23, 1408]
['2019-03-29 15:36:00', 47.3, 47.27, 47.27, 47.3, 1989]
['2019-03-29 15:35:00', 47.26, 47.28, 47.26, 47.28, 2313]
['2019-03-29 15:34:00', 47.24, 47.24, 47.24, 47.24, 1057]
['2019-03-29 15:33:00', 47.28, 47.26, 47.26, 47.28, 1357]
['2019-03-29 15:32:00', 47.26, 47.26, 47.26, 47.26, 1056]
['2019-03-29 15:31:00', 47.28, 47.29, 47.26, 47.29, 2556]
['2019-03-29 15:30:00', 47.3, 47.3, 47.3, 47.3, 1738]
['2019-03-29 15:29:00', 47.2484, 47.2484, 47.2484, 47.2484, 1048]
['2019-03-29 15:28:00', 47.21, 47.22, 47.21, 47.22, 1923]
['2019-03-29 15:27:00', 47.16, 47.16, 47.16, 47.16, 1106]
['2019-03-29 15:26:00', 47.11, 47.11, 47.11, 47.11, 1001]
['2019-03-29 15:25:00', 47.06, 47.08, 47.06, 47.08, 782]
['2019-03-29 15:24:00', 47.06, 47.06, 47.06, 47.06, 764]
['2019-03-29 15:23:00', 47.075, 47.075, 47.075, 47.075, 534]
['2019-03-29 15:22:00', 47.06, 47.06, 47.06, 47.06, 761]
['2019-03-29 15:21:00', 47.05, 47.05, 47.05, 47.05, 225]
['2019-03-29 15:20:00', 47.1, 47.06, 47.06, 47.1, 656]
['2019-03-29 15:19:00', 47.1, 47.1, 47.1, 47.1, 724]
['2019-03-29 15:17:00', 47.14, 47.12, 47.12, 47.14, 575]
['2019-03-29 15:16:00', 47.12, 47.12, 47.12, 47.12, 396]
['2019-03-29 15:15:00', 47.1, 47.12, 47.1, 47.12, 1560]
['2019-03-29 15:14:00', 47.09, 47.09, 47.09, 47.09, 317]
['2019-03-29 15:13:00', 47.11, 47.11, 47.11, 47.11, 314]
['2019-03-29 15:12:00', 47.14, 47.14, 47.14, 47.14, 300]
['2019-03-29 15:09:00', 47.15, 47.15, 47.15, 47.15, 200]
['2019-03-29 15:07:00', 47.185, 47.185, 47.185, 47.185, 568]
['2019-03-29 15:05:00', 47.22, 47.2, 47.2, 47.22, 1082]
['2019-03-29 15:02:00', 47.25, 47.25, 47.25, 47.25, 754]
['2019-03-29 15:00:00', 47.22, 47.22, 47.22, 47.22, 496]
['2019-03-29 14:58:00', 47.27, 47.23, 47.23, 47.27, 1240]
['2019-03-29 14:57:00', 47.28, 47.28, 47.28, 47.28, 257]
['2019-03-29 14:55:00', 47.23, 47.28, 47.23, 47.3, 1588]
['2019-03-29 14:52:00', 47.17, 47.17, 47.17, 47.17, 521]
['2019-03-29 14:48:00', 47.21, 47.21, 47.21, 47.21, 100]
['2019-03-29 14:46:00', 47.22, 47.22, 47.22, 47.22, 412]
['2019-03-29 14:43:00', 47.12, 47.14, 47.12, 47.14, 1438]
['2019-03-29 14:41:00', 47.1, 47.1, 47.1, 47.1, 403]
['2019-03-29 14:39:00', 47.09, 47.1, 47.09, 47.1, 666]
['2019-03-29 14:38:00', 47.13, 47.13, 47.13, 47.13, 582]
['2019-03-29 14:36:00', 47.2, 47.2, 47.2, 47.2, 594]
['2019-03-29 14:35:00', 47.2, 47.2, 47.2, 47.2, 300]
['2019-03-29 14:32:00', 47.24, 47.24, 47.24, 47.24, 387]
['2019-03-29 14:31:00', 47.16, 47.25, 47.16, 47.25, 1042]
['2019-03-29 14:30:00', 47.1464, 47.1464, 47.1464, 47.1464, 1171]
['2019-03-29 14:29:00', 47.08, 47.11, 47.08, 47.11, 3906]
['2019-03-29 14:26:00', 47.08, 47.055, 47.055, 47.08, 492]
['2019-03-29 14:23:00', 47.04, 47.04, 47.04, 47.04, 200]
['2019-03-29 14:21:00', 47.1, 47.1, 47.1, 47.1, 326]
['2019-03-29 14:18:00', 47.18, 47.11, 47.11, 47.18, 773]
['2019-03-29 14:17:00', 47.19, 47.19, 47.19, 47.19, 414]
['2019-03-29 14:16:00', 47.2, 47.2, 47.2, 47.2, 193]
['2019-03-29 14:14:00', 47.2, 47.2, 47.2, 47.2, 401]
['2019-03-29 14:11:00', 47.18, 47.18, 47.18, 47.18, 686]
['2019-03-29 14:10:00', 47.125, 47.125, 47.125, 47.125, 238]
['2019-03-29 14:09:00', 47.12, 47.12, 47.12, 47.12, 382]
['2019-03-29 14:06:00', 47.06, 47.06, 47.06, 47.06, 637]
['2019-03-29 14:04:00', 47.09, 47.09, 47.09, 47.09, 757]
['2019-03-29 14:02:00', 47.08, 47.08, 47.08, 47.08, 313]
['2019-03-29 14:01:00', 47.1007, 47.1007, 47.1007, 47.1007, 469]
['2019-03-29 14:00:00', 47.07, 47.07, 47.07, 47.07, 512]
['2019-03-29 13:58:00', 47.07, 47.07, 47.07, 47.07, 236]
['2019-03-29 13:57:00', 47.05, 47.08, 47.05, 47.08, 6406]
['2019-03-29 13:56:00', 47.07, 47.07, 47.07, 47.07, 2981]
['2019-03-29 13:55:00', 47.055, 47.065, 47.055, 47.07, 2765]
['2019-03-29 13:53:00', 47.01, 47.01, 47.01, 47.01, 549]
['2019-03-29 13:52:00', 46.99, 46.99, 46.99, 46.99, 1052]
['2019-03-29 13:51:00', 46.95, 46.955, 46.95, 46.955, 1507]
['2019-03-29 13:49:00', 46.93, 46.93, 46.93, 46.93, 1226]
['2019-03-29 13:48:00', 46.94, 46.94, 46.94, 46.94, 773]
['2019-03-29 13:47:00', 46.84, 46.9, 46.84, 46.91, 3864]
['2019-03-29 13:46:00', 47.0, 47.0, 47.0, 47.0, 451]
['2019-03-29 13:45:00', 47.03, 47.03, 47.03, 47.03, 110]
['2019-03-29 13:44:00', 47.012, 47.012, 47.012, 47.012, 659]
['2019-03-29 13:40:00', 47.0, 47.0, 47.0, 47.0, 566]
['2019-03-29 13:39:00', 46.95, 46.95, 46.95, 46.95, 200]
['2019-03-29 13:37:00', 46.96, 46.96, 46.96, 46.96, 697]
['2019-03-29 13:36:00', 46.96, 46.96, 46.96, 46.96, 769]
['2019-03-29 13:35:00', 46.99, 46.99, 46.99, 46.99, 358]
['2019-03-29 13:34:00', 46.98, 46.98, 46.98, 46.98, 729]
['2019-03-29 13:32:00', 47.0, 47.02, 47.0, 47.02, 1318]
['2019-03-29 13:31:00', 46.95, 46.95, 46.95, 46.95, 768]
['2019-03-29 13:29:00', 46.94, 46.94, 46.94, 46.94, 237]
['2019-03-29 13:28:00', 46.98, 46.98, 46.98, 46.98, 854]
['2019-03-29 13:23:00', 46.92, 46.92, 46.92, 46.92, 698]
['2019-03-29 13:22:00', 46.9, 46.9, 46.9, 46.9, 159]
['2019-03-29 13:21:00', 46.86, 46.85, 46.85, 46.87, 3941]
['2019-03-29 13:19:00', 46.8, 46.9, 46.8, 46.9, 1874]
['2019-03-29 13:17:00', 46.85, 46.85, 46.85, 46.85, 107]
['2019-03-29 13:15:00', 46.9, 46.9, 46.9, 46.9, 2693]
['2019-03-29 13:14:00', 46.94, 46.94, 46.94, 46.94, 264]
['2019-03-29 13:12:00', 46.92, 46.92, 46.92, 46.92, 313]
['2019-03-29 13:09:00', 46.92, 46.92, 46.92, 46.92, 587]
['2019-03-29 13:06:00', 46.9, 46.9, 46.9, 46.9, 410]
['2019-03-29 13:04:00', 46.91, 46.91, 46.91, 46.91, 144]
['2019-03-29 13:01:00', 46.93, 46.9091, 46.9091, 46.93, 1043]
['2019-03-29 12:58:00', 46.86, 46.86, 46.86, 46.86, 275]
['2019-03-29 12:56:00', 46.8, 46.8, 46.8, 46.8, 1026]
['2019-03-29 12:55:00', 46.775, 46.775, 46.775, 46.775, 295]
['2019-03-29 12:47:00', 46.795, 46.795, 46.795, 46.795, 384]
['2019-03-29 12:45:00', 46.83, 46.83, 46.83, 46.83, 614]
['2019-03-29 12:44:00', 46.85, 46.85, 46.85, 46.85, 225]
['2019-03-29 12:43:00', 46.84, 46.84, 46.84, 46.84, 1017]
['2019-03-29 12:40:00', 46.85, 46.85, 46.85, 46.85, 417]
['2019-03-29 12:39:00', 46.82, 46.82, 46.82, 46.82, 441]
['2019-03-29 12:37:00', 46.83, 46.82, 46.82, 46.83, 1024]
['2019-03-29 12:36:00', 46.8, 46.8, 46.8, 46.8, 311]
['2019-03-29 12:32:00', 46.8, 46.82, 46.8, 46.82, 799]
['2019-03-29 12:30:00', 46.83, 46.83, 46.83, 46.83, 539]
['2019-03-29 12:29:00', 46.82, 46.82, 46.82, 46.82, 596]
['2019-03-29 12:27:00', 46.8, 46.8, 46.8, 46.8, 934]
['2019-03-29 12:25:00', 46.82, 46.82, 46.82, 46.82, 487]
['2019-03-29 12:24:00', 46.82, 46.82, 46.82, 46.82, 200]
['2019-03-29 12:20:00', 46.75, 46.78, 46.75, 46.78, 859]
['2019-03-29 12:19:00', 46.77, 46.77, 46.77, 46.77, 512]
['2019-03-29 12:14:00', 46.775, 46.75, 46.75, 46.775, 751]
['2019-03-29 12:11:00', 46.79, 46.79, 46.79, 46.79, 277]
['2019-03-29 12:10:00', 46.775, 46.775, 46.775, 46.775, 1035]
['2019-03-29 12:09:00', 46.8, 46.77, 46.77, 46.8, 1648]
['2019-03-29 12:08:00', 46.82, 46.8, 46.77, 46.82, 3347]
['2019-03-29 12:07:00', 46.77, 46.79, 46.77, 46.79, 2435]
['2019-03-29 12:06:00', 46.77, 46.77, 46.77, 46.77, 1048]
['2019-03-29 12:04:00', 46.73, 46.79, 46.73, 46.79, 1540]
['2019-03-29 12:02:00', 46.73, 46.75, 46.73, 46.75, 1537]
['2019-03-29 12:00:00', 46.75, 46.75, 46.75, 46.75, 597]
['2019-03-29 11:59:00', 46.76, 46.76, 46.76, 46.76, 516]
['2019-03-29 11:58:00', 46.79, 46.79, 46.79, 46.79, 5830]
['2019-03-29 11:57:00', 46.71, 46.75, 46.71, 46.75, 3987]
['2019-03-29 11:55:00', 46.62, 46.695, 46.62, 46.695, 6012]
['2019-03-29 11:51:00', 46.655, 46.655, 46.655, 46.655, 513]
['2019-03-29 11:50:00', 46.67, 46.67, 46.67, 46.67, 309]
['2019-03-29 11:47:00', 46.66, 46.68, 46.66, 46.68, 1248]
['2019-03-29 11:46:00', 46.69, 46.69, 46.69, 46.69, 302]
['2019-03-29 11:43:00', 46.77, 46.75, 46.75, 46.77, 885]
['2019-03-29 11:41:00', 46.85, 46.85, 46.85, 46.85, 433]
['2019-03-29 11:40:00', 46.85, 46.85, 46.85, 46.85, 158]
['2019-03-29 11:38:00', 46.84, 46.84, 46.84, 46.84, 830]
['2019-03-29 11:37:00', 46.8409, 46.8409, 46.8409, 46.8409, 100]
['2019-03-29 11:36:00', 46.8409, 46.8409, 46.8409, 46.8409, 1053]
['2019-03-29 11:35:00', 46.71, 46.72, 46.71, 46.72, 2222]
['2019-03-29 11:34:00', 46.575, 46.65, 46.575, 46.65, 6014]
['2019-03-29 11:31:00', 46.66, 46.65, 46.65, 46.66, 991]
['2019-03-29 11:27:00', 46.59, 46.59, 46.59, 46.59, 409]
['2019-03-29 11:26:00', 46.5033, 46.5033, 46.5033, 46.5033, 379]
['2019-03-29 11:23:00', 46.54, 46.56, 46.54, 46.56, 1382]
['2019-03-29 11:22:00', 46.62, 46.62, 46.62, 46.62, 165]
['2019-03-29 11:19:00', 46.61, 46.61, 46.61, 46.61, 795]
['2019-03-29 11:18:00', 46.61, 46.61, 46.61, 46.61, 104]
['2019-03-29 11:16:00', 46.59, 46.59, 46.59, 46.59, 457]
['2019-03-29 11:13:00', 46.57, 46.57, 46.57, 46.57, 500]
['2019-03-29 11:11:00', 46.62, 46.62, 46.62, 46.62, 309]
['2019-03-29 11:07:00', 46.61, 46.61, 46.61, 46.61, 613]
['2019-03-29 11:06:00', 46.63, 46.62, 46.62, 46.63, 1259]
['2019-03-29 11:04:00', 46.7, 46.69, 46.69, 46.7, 937]
['2019-03-29 11:02:00', 46.74, 46.74, 46.74, 46.74, 262]
['2019-03-29 11:00:00', 46.6965, 46.6965, 46.6965, 46.6965, 1719]
['2019-03-29 10:59:00', 46.65, 46.65, 46.65, 46.65, 100]
['2019-03-29 10:57:00', 46.72, 46.7, 46.7, 46.72, 2293]
['2019-03-29 10:55:00', 46.76, 46.76, 46.76, 46.76, 1488]
['2019-03-29 10:50:00', 46.75, 46.76, 46.75, 46.76, 1197]
['2019-03-29 10:48:00', 46.69, 46.7, 46.69, 46.7, 440]
['2019-03-29 10:46:00', 46.715, 46.715, 46.715, 46.715, 1530]
['2019-03-29 10:44:00', 46.745, 46.745, 46.745, 46.745, 519]
['2019-03-29 10:43:00', 46.75, 46.76, 46.75, 46.76, 1107]
['2019-03-29 10:39:00', 46.72, 46.74, 46.72, 46.74, 1812]
['2019-03-29 10:38:00', 46.67, 46.67, 46.67, 46.67, 911]
['2019-03-29 10:37:00', 46.63, 46.66, 46.63, 46.66, 2968]
['2019-03-29 10:35:00', 46.6, 46.605, 46.6, 46.605, 1642]
['2019-03-29 10:33:00', 46.54, 46.56, 46.54, 46.56, 2009]
['2019-03-29 10:32:00', 46.61, 46.61, 46.61, 46.61, 920]
['2019-03-29 10:30:00', 46.62, 46.62, 46.62, 46.62, 251]
['2019-03-29 10:27:00', 46.62, 46.62, 46.62, 46.62, 470]
['2019-03-29 10:26:00', 46.57, 46.57, 46.57, 46.57, 121]
['2019-03-29 10:24:00', 46.4781, 46.4781, 46.4781, 46.4781, 834]
['2019-03-29 10:22:00', 46.49, 46.49, 46.49, 46.49, 1392]
['2019-03-29 10:21:00', 46.59, 46.59, 46.59, 46.59, 338]
['2019-03-29 10:16:00', 46.59, 46.54, 46.54, 46.59, 1365]
['2019-03-29 10:09:00', 46.58, 46.58, 46.58, 46.58, 1011]
['2019-03-29 10:04:00', 46.58, 46.58, 46.58, 46.58, 1874]
['2019-03-29 10:00:00', 46.5923, 46.5923, 46.5923, 46.5923, 489]
['2019-03-29 09:59:00', 46.66, 46.61, 46.61, 46.66, 2257]
['2019-03-29 09:58:00', 46.58, 46.58, 46.58, 46.58, 725]
['2019-03-29 09:57:00', 46.65, 46.65, 46.65, 46.65, 757]
['2019-03-29 09:55:00', 46.66, 46.62, 46.62, 46.66, 1609]
['2019-03-29 09:54:00', 46.55, 46.55, 46.55, 46.55, 1563]
['2019-03-29 09:52:00', 46.39, 46.39, 46.39, 46.39, 561]
['2019-03-29 09:51:00', 46.31, 46.31, 46.31, 46.31, 1099]
['2019-03-29 09:49:00', 46.395, 46.39, 46.39, 46.395, 1242]
['2019-03-29 09:48:00', 46.36, 46.43, 46.36, 46.43, 2422]
['2019-03-29 09:47:00', 46.36, 46.4, 46.36, 46.4, 3520]
['2019-03-29 09:46:00', 46.36, 46.36, 46.36, 46.36, 565]
['2019-03-29 09:44:00', 46.2, 46.2, 46.2, 46.2, 321]
['2019-03-29 09:43:00', 46.105, 46.105, 46.105, 46.105, 255]
['2019-03-29 09:42:00', 46.105, 46.105, 46.105, 46.105, 810]
['2019-03-29 09:40:00', 46.22, 46.18, 46.18, 46.22, 1433]
['2019-03-29 09:38:00', 46.21, 46.21, 46.21, 46.21, 4174]
['2019-03-28 16:00:00', 46.0, 46.0, 45.97, 46.0, 15387]
['2019-03-28 15:59:00', 46.02, 46.025, 46.02, 46.025, 6573]
['2019-03-28 15:58:00', 46.06, 46.08, 46.06, 46.08, 3804]
['2019-03-28 15:57:00', 46.05, 46.065, 46.05, 46.065, 4975]
['2019-03-28 15:56:00', 46.035, 46.035, 46.035, 46.035, 3206]
['2019-03-28 15:55:00', 46.04, 46.03, 46.03, 46.04, 2989]
['2019-03-28 15:54:00', 46.02, 46.02, 46.02, 46.02, 3332]
['2019-03-28 15:53:00', 46.03, 46.03, 46.03, 46.03, 1626]
['2019-03-28 15:52:00', 46.02, 46.02, 46.02, 46.02, 3504]
['2019-03-28 15:51:00', 46.0, 46.0, 46.0, 46.0, 1575]
['2019-03-28 15:50:00', 46.04, 46.04, 46.04, 46.04, 808]
['2019-03-28 15:49:00', 46.105, 46.08, 46.08, 46.105, 2213]
['2019-03-28 15:47:00', 46.12, 46.13, 46.12, 46.13, 2998]
['2019-03-28 15:46:00', 46.12, 46.12, 46.12, 46.12, 1516]
['2019-03-28 15:45:00', 46.12, 46.115, 46.115, 46.12, 1609]
['2019-03-28 15:44:00', 46.1, 46.1, 46.1, 46.1, 1943]
['2019-03-28 15:43:00', 46.08, 46.09, 46.08, 46.09, 2760]
['2019-03-28 15:42:00', 46.105, 46.09, 46.09, 46.105, 1386]
['2019-03-28 15:40:00', 46.14, 46.12, 46.12, 46.14, 1428]
['2019-03-28 15:38:00', 46.14, 46.14, 46.14, 46.14, 1044]
['2019-03-28 15:36:00', 46.12, 46.12, 46.12, 46.12, 660]
['2019-03-28 15:35:00', 46.08, 46.1, 46.08, 46.1, 1725]
['2019-03-28 15:34:00', 46.07, 46.07, 46.07, 46.07, 910]
['2019-03-28 15:33:00', 46.09, 46.07, 46.07, 46.09, 1374]
['2019-03-28 15:32:00', 46.0715, 46.0715, 46.0715, 46.0715, 1382]
['2019-03-28 15:31:00', 46.14, 46.1, 46.1, 46.14, 2157]
['2019-03-28 15:29:00', 46.12, 46.12, 46.12, 46.12, 213]
['2019-03-28 15:28:00', 46.18, 46.18, 46.18, 46.18, 202]
['2019-03-28 15:27:00', 46.18, 46.21, 46.18, 46.21, 1833]
['2019-03-28 15:25:00', 46.15, 46.15, 46.15, 46.15, 1110]
['2019-03-28 15:23:00', 46.2, 46.2, 46.2, 46.2, 855]
['2019-03-28 15:22:00', 46.21, 46.21, 46.21, 46.21, 460]
['2019-03-28 15:20:00', 46.21, 46.21, 46.21, 46.22, 3129]
['2019-03-28 15:19:00', 46.2, 46.2, 46.2, 46.2, 780]
['2019-03-28 15:18:00', 46.21, 46.21, 46.21, 46.21, 860]
['2019-03-28 15:17:00', 46.23, 46.2, 46.2, 46.23, 1317]
['2019-03-28 15:16:00', 46.23, 46.23, 46.23, 46.23, 598]
['2019-03-28 15:15:00', 46.22, 46.22, 46.22, 46.22, 283]
['2019-03-28 15:12:00', 46.14, 46.2, 46.14, 46.2, 2383]
['2019-03-28 15:11:00', 46.105, 46.13, 46.105, 46.13, 2256]
['2019-03-28 15:08:00', 46.13, 46.12, 46.12, 46.13, 1571]
['2019-03-28 15:06:00', 46.12, 46.115, 46.115, 46.12, 666]
['2019-03-28 15:05:00', 46.11, 46.11, 46.11, 46.11, 412]
['2019-03-28 15:03:00', 46.1, 46.11, 46.1, 46.11, 1143]
['2019-03-28 15:02:00', 46.07, 46.07, 46.07, 46.07, 403]
['2019-03-28 15:01:00', 46.04, 46.04, 46.04, 46.04, 112]
['2019-03-28 14:57:00', 46.04, 46.07, 46.04, 46.07, 1964]
['2019-03-28 14:55:00', 46.0, 46.0, 46.0, 46.0, 226]
['2019-03-28 14:54:00', 46.04, 46.04, 46.04, 46.04, 160]
['2019-03-28 14:53:00', 46.0, 46.03, 46.0, 46.03, 1206]
['2019-03-28 14:52:00', 46.05, 46.05, 46.05, 46.05, 870]
['2019-03-28 14:51:00', 46.03, 46.04, 46.03, 46.04, 689]
['2019-03-28 14:50:00', 46.06, 46.06, 46.06, 46.06, 734]
['2019-03-28 14:49:00', 46.08, 46.08, 46.08, 46.08, 188]
['2019-03-28 14:48:00', 46.09, 46.09, 46.09, 46.09, 444]
['2019-03-28 14:47:00', 46.05, 46.07, 46.05, 46.07, 917]
['2019-03-28 14:45:00', 46.06, 46.04, 46.04, 46.06, 814]
['2019-03-28 14:43:00', 46.08, 46.08, 46.08, 46.08, 490]
['2019-03-28 14:42:00', 46.04, 46.04, 46.04, 46.04, 163]
['2019-03-28 14:38:00', 46.04, 46.1, 46.04, 46.1, 2055]
['2019-03-28 14:36:00', 45.99, 46.0079, 45.99, 46.0079, 2259]
['2019-03-28 14:35:00', 45.99, 45.99, 45.99, 45.99, 215]
['2019-03-28 14:34:00', 46.01, 46.01, 46.01, 46.01, 423]
['2019-03-28 14:33:00', 46.015, 46.015, 46.015, 46.015, 322]
['2019-03-28 14:32:00', 46.0, 46.04, 46.0, 46.04, 823]
['2019-03-28 14:31:00', 45.98, 45.98, 45.98, 45.98, 236]
['2019-03-28 14:29:00', 46.0, 46.0, 46.0, 46.0, 325]
['2019-03-28 14:28:00', 46.05, 46.05, 46.05, 46.05, 116]
['2019-03-28 14:27:00', 46.03, 46.03, 46.03, 46.03, 201]
['2019-03-28 14:26:00', 46.08, 46.08, 46.08, 46.08, 239]
['2019-03-28 14:25:00', 46.06, 46.08, 46.06, 46.08, 522]
['2019-03-28 14:23:00', 46.05, 46.05, 46.05, 46.05, 501]
['2019-03-28 14:22:00', 46.0, 46.0, 46.0, 46.0, 302]
['2019-03-28 14:20:00', 46.06, 46.07, 46.06, 46.07, 1487]
['2019-03-28 14:18:00', 46.1, 46.1, 46.1, 46.1, 620]
['2019-03-28 14:17:00', 46.12, 46.12, 46.12, 46.12, 102]
['2019-03-28 14:16:00', 46.13, 46.13, 46.13, 46.13, 938]
['2019-03-28 14:15:00', 46.19, 46.19, 46.19, 46.19, 1005]
['2019-03-28 14:13:00', 46.18, 46.18, 46.18, 46.18, 130]
['2019-03-28 14:10:00', 46.04, 46.19, 46.04, 46.19, 1809]
['2019-03-28 14:08:00', 45.97, 46.03, 45.97, 46.03, 1959]
['2019-03-28 14:07:00', 45.98, 45.95, 45.95, 45.98, 920]
['2019-03-28 14:06:00', 45.975, 45.975, 45.975, 45.975, 355]
['2019-03-28 14:04:00', 45.99, 45.99, 45.99, 45.99, 805]
['2019-03-28 14:03:00', 45.95, 45.95, 45.95, 45.95, 154]
['2019-03-28 14:02:00', 45.96, 45.96, 45.96, 45.96, 498]
['2019-03-28 14:00:00', 46.0, 46.0, 46.0, 46.0, 968]
['2019-03-28 13:58:00', 45.99, 45.995, 45.99, 45.995, 409]
['2019-03-28 13:57:00', 45.99, 45.99, 45.99, 45.99, 384]
['2019-03-28 13:55:00', 46.01, 46.01, 46.01, 46.01, 381]
['2019-03-28 13:53:00', 46.03, 46.03, 46.03, 46.03, 473]
['2019-03-28 13:52:00', 45.99, 46.02, 45.99, 46.02, 811]
['2019-03-28 13:51:00', 46.0038, 46.0038, 46.0038, 46.0038, 832]
['2019-03-28 13:49:00', 45.98, 45.98, 45.98, 45.98, 461]
['2019-03-28 13:48:00', 46.0, 46.0, 46.0, 46.0, 487]
['2019-03-28 13:47:00', 45.97, 45.97, 45.97, 45.97, 514]
['2019-03-28 13:45:00', 46.02, 46.02, 46.02, 46.02, 346]
['2019-03-28 13:43:00', 45.99, 45.99, 45.99, 45.99, 707]
['2019-03-28 13:42:00', 45.97, 45.97, 45.97, 45.97, 501]
['2019-03-28 13:41:00', 46.01, 45.965, 45.965, 46.01, 769]
['2019-03-28 13:38:00', 46.0, 46.0, 46.0, 46.0, 858]
['2019-03-28 13:36:00', 45.97, 45.97, 45.97, 45.97, 494]
['2019-03-28 13:34:00', 46.005, 46.02, 46.005, 46.02, 870]
['2019-03-28 13:31:00', 46.01, 46.01, 46.01, 46.01, 360]
['2019-03-28 13:29:00', 45.94, 45.94, 45.94, 45.94, 349]
['2019-03-28 13:28:00', 45.91, 45.92, 45.91, 45.92, 936]
['2019-03-28 13:27:00', 45.851, 45.89, 45.851, 45.89, 1006]
['2019-03-28 13:26:00', 45.89, 45.89, 45.89, 45.89, 449]
['2019-03-28 13:24:00', 45.94, 45.94, 45.94, 45.94, 228]
['2019-03-28 13:23:00', 45.92, 45.95, 45.92, 45.95, 443]
['2019-03-28 13:22:00', 45.88, 45.88, 45.88, 45.88, 823]
['2019-03-28 13:21:00', 45.83, 45.85, 45.83, 45.85, 1703]
['2019-03-28 13:20:00', 45.855, 45.855, 45.855, 45.855, 161]
['2019-03-28 13:17:00', 45.85, 45.85, 45.85, 45.85, 807]
['2019-03-28 13:16:00', 45.84, 45.84, 45.84, 45.84, 101]
['2019-03-28 13:12:00', 45.81, 45.81, 45.81, 45.81, 352]
['2019-03-28 13:11:00', 45.83, 45.83, 45.83, 45.83, 470]
['2019-03-28 13:09:00', 45.83, 45.83, 45.83, 45.83, 512]
['2019-03-28 13:08:00', 45.8124, 45.8124, 45.8124, 45.8124, 236]
['2019-03-28 13:07:00', 45.82, 45.82, 45.82, 45.82, 201]
['2019-03-28 13:06:00', 45.85, 45.85, 45.85, 45.85, 198]
['2019-03-28 13:04:00', 45.81, 45.81, 45.81, 45.81, 686]
['2019-03-28 13:02:00', 45.71, 45.75, 45.71, 45.75, 1214]
['2019-03-28 13:00:00', 45.6238, 45.66, 45.62, 45.66, 2929]
['2019-03-28 12:59:00', 45.62, 45.62, 45.62, 45.62, 603]
['2019-03-28 12:58:00', 45.62, 45.62, 45.62, 45.62, 302]
['2019-03-28 12:55:00', 45.645, 45.645, 45.645, 45.645, 103]
['2019-03-28 12:53:00', 45.67, 45.67, 45.67, 45.67, 636]
['2019-03-28 12:52:00', 45.648, 45.648, 45.648, 45.648, 901]
['2019-03-28 12:51:00', 45.6, 45.6, 45.6, 45.6, 101]
['2019-03-28 12:50:00', 45.585, 45.61, 45.585, 45.61, 1307]
['2019-03-28 12:49:00', 45.59, 45.59, 45.59, 45.59, 329]
['2019-03-28 12:48:00', 45.61, 45.61, 45.61, 45.61, 890]
['2019-03-28 12:47:00', 45.6438, 45.6438, 45.6438, 45.6438, 500]
['2019-03-28 12:46:00', 45.65, 45.65, 45.65, 45.65, 701]
['2019-03-28 12:45:00', 45.71, 45.72, 45.71, 45.72, 1774]
['2019-03-28 12:44:00', 45.675, 45.675, 45.675, 45.675, 206]
['2019-03-28 12:42:00', 45.68, 45.68, 45.68, 45.68, 101]
['2019-03-28 12:41:00', 45.7, 45.7, 45.7, 45.7, 386]
['2019-03-28 12:39:00', 45.69, 45.69, 45.69, 45.69, 983]
['2019-03-28 12:37:00', 45.66, 45.68, 45.66, 45.68, 1206]
['2019-03-28 12:35:00', 45.72, 45.69, 45.69, 45.72, 816]
['2019-03-28 12:34:00', 45.76, 45.76, 45.76, 45.76, 730]
['2019-03-28 12:33:00', 45.75, 45.75, 45.75, 45.75, 442]
['2019-03-28 12:32:00', 45.72, 45.77, 45.72, 45.77, 1585]
['2019-03-28 12:31:00', 45.71, 45.71, 45.71, 45.71, 906]
['2019-03-28 12:30:00', 45.65, 45.7, 45.65, 45.7, 53217]
['2019-03-28 12:28:00', 45.64, 45.64, 45.64, 45.64, 725]
['2019-03-28 12:26:00', 45.62, 45.62, 45.62, 45.62, 360]
['2019-03-28 12:25:00', 45.62, 45.62, 45.62, 45.62, 452]
['2019-03-28 12:21:00', 45.66, 45.66, 45.66, 45.66, 428]
['2019-03-28 12:20:00', 45.59, 45.59, 45.59, 45.59, 3377]
['2019-03-28 12:18:00', 45.565, 45.565, 45.565, 45.565, 521]
['2019-03-28 12:17:00', 45.58, 45.58, 45.58, 45.58, 307]
['2019-03-28 12:16:00', 45.6, 45.6, 45.6, 45.6, 780]
['2019-03-28 12:15:00', 45.57, 45.58, 45.57, 45.58, 1814]
['2019-03-28 12:14:00', 45.56, 45.56, 45.56, 45.56, 302]
['2019-03-28 12:13:00', 45.57, 45.57, 45.57, 45.57, 451]
['2019-03-28 12:12:00', 45.57, 45.57, 45.57, 45.57, 1692]
['2019-03-28 12:09:00', 45.605, 45.605, 45.605, 45.605, 713]
['2019-03-28 12:08:00', 45.62, 45.62, 45.62, 45.62, 225]
['2019-03-28 12:07:00', 45.66, 45.66, 45.66, 45.66, 898]
['2019-03-28 12:06:00', 45.73, 45.73, 45.73, 45.73, 497]
['2019-03-28 12:04:00', 45.69, 45.69, 45.69, 45.69, 202]
['2019-03-28 12:02:00', 45.69, 45.69, 45.69, 45.69, 753]
['2019-03-28 12:01:00', 45.76, 45.73, 45.73, 45.76, 1114]
['2019-03-28 12:00:00', 45.76, 45.76, 45.76, 45.76, 627]
['2019-03-28 11:58:00', 45.76, 45.76, 45.76, 45.76, 700]
['2019-03-28 11:56:00', 45.78, 45.78, 45.78, 45.78, 103]
['2019-03-28 11:55:00', 45.8, 45.8, 45.8, 45.8, 1030]
['2019-03-28 11:54:00', 45.82, 45.82, 45.82, 45.82, 1908]
['2019-03-28 11:53:00', 45.7965, 45.7965, 45.7965, 45.7965, 332]
['2019-03-28 11:52:00', 45.8, 45.8, 45.8, 45.8, 321]
['2019-03-28 11:51:00', 45.8377, 45.8377, 45.8377, 45.8377, 402]
['2019-03-28 11:50:00', 45.82, 45.82, 45.82, 45.82, 820]
['2019-03-28 11:49:00', 45.78, 45.78, 45.78, 45.78, 425]
['2019-03-28 11:47:00', 45.76, 45.73, 45.73, 45.76, 959]
['2019-03-28 11:46:00', 45.74, 45.74, 45.74, 45.74, 991]
['2019-03-28 11:45:00', 45.625, 45.73, 45.625, 45.73, 1220]
['2019-03-28 11:43:00', 45.62, 45.62, 45.62, 45.62, 662]
['2019-03-28 11:41:00', 45.71, 45.675, 45.675, 45.71, 1848]
['2019-03-28 11:39:00', 45.7, 45.7, 45.7, 45.7, 702]
['2019-03-28 11:38:00', 45.63, 45.63, 45.63, 45.63, 117]
['2019-03-28 11:36:00', 45.64, 45.64, 45.64, 45.64, 344]
['2019-03-28 11:34:00', 45.65, 45.65, 45.65, 45.65, 323]
['2019-03-28 11:33:00', 45.69, 45.69, 45.69, 45.69, 601]
['2019-03-28 11:32:00', 45.59, 45.59, 45.59, 45.59, 318]
['2019-03-28 11:31:00', 45.58, 45.58, 45.58, 45.58, 457]
['2019-03-28 11:30:00', 45.615, 45.56, 45.56, 45.615, 1699]
['2019-03-28 11:28:00', 45.58, 45.58, 45.58, 45.58, 500]
['2019-03-28 11:25:00', 45.63, 45.66, 45.63, 45.66, 1688]
['2019-03-28 11:24:00', 45.62, 45.62, 45.62, 45.62, 439]
['2019-03-28 11:23:00', 45.7053, 45.7053, 45.7053, 45.7053, 319]
['2019-03-28 11:20:00', 45.72, 45.68, 45.68, 45.72, 843]
['2019-03-28 11:18:00', 45.81, 45.81, 45.81, 45.81, 639]
['2019-03-28 11:17:00', 45.73, 45.73, 45.73, 45.73, 897]
['2019-03-28 11:16:00', 45.66, 45.66, 45.66, 45.66, 701]
['2019-03-28 11:15:00', 45.7, 45.7, 45.7, 45.7, 305]
['2019-03-28 11:13:00', 45.79, 45.77, 45.77, 45.79, 740]
['2019-03-28 11:12:00', 45.8, 45.8, 45.8, 45.8, 622]
['2019-03-28 11:11:00', 45.7643, 45.7643, 45.7643, 45.7643, 563]
['2019-03-28 11:09:00', 45.75, 45.75, 45.75, 45.75, 708]
['2019-03-28 11:08:00', 45.81, 45.81, 45.81, 45.81, 529]
['2019-03-28 11:07:00', 45.67, 45.78, 45.67, 45.78, 3106]
['2019-03-28 11:06:00', 45.71, 45.74, 45.71, 45.74, 4159]
['2019-03-28 11:05:00', 45.68, 45.68, 45.68, 45.68, 400]
['2019-03-28 11:03:00', 45.74, 45.74, 45.74, 45.74, 1301]
['2019-03-28 11:02:00', 45.74, 45.74, 45.74, 45.74, 601]
['2019-03-28 11:01:00', 45.77, 45.77, 45.77, 45.77, 902]
['2019-03-28 10:59:00', 45.75, 45.775, 45.75, 45.775, 848]
['2019-03-28 10:57:00', 45.77, 45.77, 45.77, 45.77, 505]
['2019-03-28 10:56:00', 45.795, 45.795, 45.795, 45.795, 678]
['2019-03-28 10:54:00', 45.85, 45.85, 45.85, 45.85, 103]
['2019-03-28 10:53:00', 45.85, 45.87, 45.85, 45.89, 2607]
['2019-03-28 10:52:00', 45.81, 45.81, 45.81, 45.81, 1660]
['2019-03-28 10:51:00', 45.83, 45.83, 45.83, 45.83, 702]
['2019-03-28 10:49:00', 45.86, 45.86, 45.86, 45.86, 331]
['2019-03-28 10:48:00', 45.87, 45.87, 45.87, 45.87, 472]
['2019-03-28 10:47:00', 45.9295, 45.9295, 45.9295, 45.9295, 1166]
['2019-03-28 10:46:00', 45.98, 45.98, 45.98, 45.98, 1353]
['2019-03-28 10:45:00', 46.0, 46.0, 46.0, 46.0, 731]
['2019-03-28 10:44:00', 46.06, 46.06, 46.06, 46.06, 402]
['2019-03-28 10:43:00', 46.01, 46.01, 46.01, 46.01, 1877]
['2019-03-28 10:42:00', 45.93, 45.93, 45.93, 45.93, 721]
['2019-03-28 10:41:00', 45.91, 45.91, 45.91, 45.91, 646]
['2019-03-28 10:40:00', 45.9152, 45.9152, 45.9152, 45.9152, 1001]
['2019-03-28 10:38:00', 45.92, 45.92, 45.92, 45.92, 735]
['2019-03-28 10:37:00', 45.98, 45.98, 45.98, 45.98, 390]
['2019-03-28 10:35:00', 46.0, 46.0, 46.0, 46.0, 148]
['2019-03-28 10:34:00', 45.93, 45.93, 45.93, 45.93, 211]
['2019-03-28 10:33:00', 45.985, 45.985, 45.985, 45.985, 500]
['2019-03-28 10:32:00', 45.915, 45.915, 45.915, 45.915, 316]
['2019-03-28 10:30:00', 45.915, 45.915, 45.915, 45.915, 606]
['2019-03-28 10:28:00', 46.02, 45.92, 45.92, 46.02, 922]
['2019-03-28 10:27:00', 45.95, 45.95, 45.95, 45.95, 283]
['2019-03-28 10:25:00', 46.09, 46.09, 46.09, 46.09, 310]
['2019-03-28 10:24:00', 46.08, 46.08, 46.08, 46.08, 863]
['2019-03-28 10:23:00', 46.08, 46.08, 46.08, 46.08, 567]
['2019-03-28 10:22:00', 46.05, 46.05, 46.05, 46.05, 845]
['2019-03-28 10:21:00', 45.95, 45.95, 45.95, 45.95, 541]
['2019-03-28 10:20:00', 45.895, 45.895, 45.895, 45.895, 402]
['2019-03-28 10:18:00', 45.95, 45.95, 45.95, 45.95, 455]
['2019-03-28 10:17:00', 45.96, 45.96, 45.96, 45.96, 818]
['2019-03-28 10:16:00', 45.96, 45.96, 45.96, 45.96, 602]
['2019-03-28 10:15:00', 45.925, 45.925, 45.925, 45.925, 1202]
['2019-03-28 10:13:00', 45.98, 46.0, 45.98, 46.0, 1050]
['2019-03-28 10:11:00', 46.08, 46.08, 46.08, 46.08, 538]
['2019-03-28 10:10:00', 46.1, 46.1, 46.1, 46.1, 312]
['2019-03-28 10:08:00', 46.07, 46.0803, 46.07, 46.0803, 1985]
['2019-03-28 10:07:00', 46.07, 46.07, 46.07, 46.07, 519]
['2019-03-28 10:06:00', 46.11, 46.11, 46.11, 46.11, 552]
['2019-03-28 10:05:00', 46.125, 46.125, 46.125, 46.125, 466]
['2019-03-28 10:04:00', 46.02, 46.02, 46.02, 46.02, 730]
['2019-03-28 10:02:00', 46.13, 46.13, 46.13, 46.13, 976]
['2019-03-28 10:01:00', 46.14, 46.14, 46.14, 46.14, 426]
['2019-03-28 10:00:00', 46.025, 46.025, 46.025, 46.025, 1612]
['2019-03-28 09:58:00', 45.995, 45.995, 45.995, 45.995, 601]
['2019-03-28 09:57:00', 46.01, 46.01, 46.01, 46.01, 1042]
['2019-03-28 09:55:00', 46.01, 46.01, 46.01, 46.01, 237]
['2019-03-28 09:53:00', 45.955, 45.955, 45.955, 45.955, 632]
['2019-03-28 09:52:00', 45.8766, 45.8766, 45.8766, 45.8766, 4649]
['2019-03-28 09:51:00', 45.93, 45.93, 45.93, 45.93, 419]
['2019-03-28 09:50:00', 45.88, 45.88, 45.88, 45.88, 615]
['2019-03-28 09:48:00', 45.75, 45.83, 45.75, 45.83, 2682]
['2019-03-28 09:47:00', 45.79, 45.79, 45.79, 45.79, 2661]
['2019-03-28 09:44:00', 45.73, 45.73, 45.73, 45.73, 1347]
['2019-03-28 09:43:00', 45.7876, 45.7876, 45.7876, 45.7876, 1823]
['2019-03-28 09:42:00', 45.86, 45.86, 45.86, 45.86, 1418]
['2019-03-28 09:41:00', 45.89, 45.89, 45.89, 45.89, 1434]
['2019-03-28 09:40:00', 45.93, 45.93, 45.93, 45.93, 1146]
['2019-03-28 09:39:00', 46.11, 46.11, 46.11, 46.11, 1679]
['2019-03-28 09:38:00', 46.16, 46.36, 46.16, 46.36, 2121]
['2019-03-28 09:37:00', 46.255, 46.255, 46.255, 46.255, 1728]
['2019-03-28 09:32:00', 46.1, 46.1, 46.1, 46.1, 6029]
['2019-03-27 16:00:00', 46.17, 46.16, 46.16, 46.17, 10925]
['2019-03-27 15:59:00', 46.19, 46.16, 46.16, 46.2, 7670]
['2019-03-27 15:58:00', 46.24, 46.21, 46.21, 46.24, 8107]
['2019-03-27 15:57:00', 46.31, 46.21, 46.21, 46.31, 6783]
['2019-03-27 15:56:00', 46.35, 46.36, 46.35, 46.36, 3098]
['2019-03-27 15:55:00', 46.35, 46.32, 46.32, 46.35, 4432]
['2019-03-27 15:54:00', 46.335, 46.335, 46.335, 46.335, 1863]
['2019-03-27 15:53:00', 46.33, 46.32, 46.32, 46.33, 3024]
['2019-03-27 15:52:00', 46.31, 46.31, 46.31, 46.31, 666]
['2019-03-27 15:51:00', 46.31, 46.31, 46.31, 46.31, 1058]
['2019-03-27 15:50:00', 46.3, 46.3, 46.3, 46.3, 1269]
['2019-03-27 15:49:00', 46.32, 46.32, 46.32, 46.32, 953]
['2019-03-27 15:48:00', 46.32, 46.33, 46.32, 46.33, 2769]
['2019-03-27 15:47:00', 46.33, 46.33, 46.33, 46.33, 2891]
['2019-03-27 15:46:00', 46.36, 46.37, 46.36, 46.37, 3796]
['2019-03-27 15:45:00', 46.45, 46.345, 46.345, 46.45, 4282]
['2019-03-27 15:43:00', 46.475, 46.475, 46.475, 46.475, 1069]
['2019-03-27 15:42:00', 46.48, 46.48, 46.48, 46.48, 1474]
['2019-03-27 15:40:00', 46.45, 46.45, 46.45, 46.45, 1242]
['2019-03-27 15:38:00', 46.525, 46.44, 46.44, 46.525, 2708]
['2019-03-27 15:36:00', 46.47, 46.5, 46.47, 46.5, 925]
['2019-03-27 15:35:00', 46.44, 46.5, 46.44, 46.5, 1870]
['2019-03-27 15:34:00', 46.41, 46.45, 46.41, 46.45, 1133]
['2019-03-27 15:33:00', 46.41, 46.4, 46.4, 46.41, 3830]
['2019-03-27 15:32:00', 46.44, 46.44, 46.44, 46.44, 543]
['2019-03-27 15:31:00', 46.42, 46.42, 46.42, 46.42, 825]
['2019-03-27 15:30:00', 46.34, 46.37, 46.34, 46.37, 1111]
['2019-03-27 15:28:00', 46.27, 46.29, 46.27, 46.29, 1089]
['2019-03-27 15:27:00', 46.26, 46.24, 46.24, 46.26, 1612]
['2019-03-27 15:24:00', 46.22, 46.26, 46.22, 46.3, 2310]
['2019-03-27 15:22:00', 46.205, 46.205, 46.205, 46.205, 105]
['2019-03-27 15:21:00', 46.21, 46.24, 46.21, 46.24, 1523]
['2019-03-27 15:20:00', 46.1797, 46.1797, 46.1797, 46.1797, 976]
['2019-03-27 15:19:00', 46.13, 46.13, 46.13, 46.13, 110]
['2019-03-27 15:18:00', 46.13, 46.13, 46.13, 46.13, 134]
['2019-03-27 15:16:00', 46.1163, 46.16, 46.1163, 46.16, 2653]
['2019-03-27 15:15:00', 46.14, 46.1107, 46.0968, 46.14, 4370]
['2019-03-27 15:13:00', 46.13, 46.13, 46.13, 46.13, 213]
['2019-03-27 15:11:00', 46.16, 46.16, 46.16, 46.16, 524]
['2019-03-27 15:10:00', 46.12, 46.12, 46.12, 46.12, 610]
['2019-03-27 15:09:00', 46.09, 46.04, 46.04, 46.09, 829]
['2019-03-27 15:08:00', 46.14, 46.14, 46.14, 46.14, 315]
['2019-03-27 15:07:00', 46.0844, 46.17, 46.0844, 46.17, 3034]
['2019-03-27 15:05:00', 46.07, 46.07, 46.07, 46.07, 129]
['2019-03-27 15:03:00', 46.09, 46.09, 46.09, 46.09, 1604]
['2019-03-27 15:00:00', 46.0951, 46.0951, 46.0951, 46.0951, 620]
['2019-03-27 14:58:00', 46.09, 46.09, 46.09, 46.09, 1139]
['2019-03-27 14:57:00', 46.1, 46.1, 46.1, 46.1, 1025]
['2019-03-27 14:56:00', 46.1469, 46.1469, 46.1469, 46.1469, 741]
['2019-03-27 14:51:00', 46.25, 46.25, 46.25, 46.25, 865]
['2019-03-27 14:48:00', 46.1317, 46.1317, 46.1317, 46.1317, 392]
['2019-03-27 14:47:00', 46.13, 46.13, 46.13, 46.13, 831]
['2019-03-27 14:46:00', 46.06, 46.06, 46.06, 46.06, 419]
['2019-03-27 14:41:00', 46.04, 46.0824, 46.04, 46.1, 2749]
['2019-03-27 14:40:00', 45.99, 46.01, 45.99, 46.01, 2207]
['2019-03-27 14:39:00', 46.055, 46.055, 46.055, 46.055, 720]
['2019-03-27 14:38:00', 46.07, 46.07, 46.07, 46.07, 302]
['2019-03-27 14:37:00', 46.13, 46.13, 46.13, 46.13, 536]
['2019-03-27 14:36:00', 46.05, 46.09, 46.05, 46.09, 868]
['2019-03-27 14:35:00', 46.08, 46.08, 46.08, 46.08, 832]
['2019-03-27 14:33:00', 46.0702, 46.07, 46.07, 46.0702, 1334]
['2019-03-27 14:29:00', 46.03, 46.05, 46.03, 46.05, 1127]
['2019-03-27 14:28:00', 46.03, 46.03, 46.03, 46.03, 394]
['2019-03-27 14:27:00', 46.08, 46.08, 46.08, 46.08, 1021]
['2019-03-27 14:24:00', 45.99, 46.0, 45.99, 46.0, 1130]
['2019-03-27 14:23:00', 45.96, 45.96, 45.96, 45.96, 135]
['2019-03-27 14:22:00', 45.97, 45.97, 45.97, 45.97, 420]
['2019-03-27 14:21:00', 45.97, 45.97, 45.97, 45.97, 406]
['2019-03-27 14:19:00', 45.99, 46.0, 45.99, 46.0, 2774]
['2019-03-27 14:18:00', 45.98, 45.98, 45.98, 45.98, 525]
['2019-03-27 14:17:00', 45.99, 45.98, 45.98, 45.99, 5755]
['2019-03-27 14:16:00', 46.01, 46.01, 46.01, 46.01, 248]
['2019-03-27 14:13:00', 46.01, 46.01, 46.01, 46.01, 589]
['2019-03-27 14:12:00', 46.01, 46.01, 46.01, 46.01, 1701]
['2019-03-27 14:11:00', 45.95, 45.95, 45.95, 45.95, 320]
['2019-03-27 14:10:00', 45.95, 45.95, 45.95, 45.95, 241]
['2019-03-27 14:08:00', 46.0, 45.985, 45.985, 46.0, 1678]
['2019-03-27 14:07:00', 45.98, 45.98, 45.98, 45.98, 730]
['2019-03-27 14:04:00', 45.9719, 45.99, 45.9719, 45.99, 883]
['2019-03-27 14:01:00', 45.95, 45.95, 45.95, 45.95, 500]
['2019-03-27 13:58:00', 45.94, 45.94, 45.94, 45.94, 344]
['2019-03-27 13:57:00', 45.91, 45.91, 45.91, 45.91, 540]
['2019-03-27 13:56:00', 45.89, 45.9, 45.89, 45.9, 1782]
['2019-03-27 13:55:00', 45.88, 45.88, 45.88, 45.88, 126]
['2019-03-27 13:54:00', 45.93, 45.93, 45.93, 45.93, 1089]
['2019-03-27 13:53:00', 45.98, 46.0, 45.98, 46.0, 1816]
['2019-03-27 13:52:00', 45.94, 45.94, 45.94, 45.94, 350]
['2019-03-27 13:50:00', 45.9591, 45.9591, 45.9591, 45.9591, 456]
['2019-03-27 13:49:00', 45.93, 45.92, 45.92, 45.93, 1183]
['2019-03-27 13:48:00', 45.93, 45.93, 45.93, 45.93, 273]
['2019-03-27 13:47:00', 45.98, 45.98, 45.98, 45.98, 469]
['2019-03-27 13:46:00', 46.03, 46.0, 46.0, 46.03, 1591]
['2019-03-27 13:43:00', 45.99, 46.0, 45.99, 46.0, 977]
['2019-03-27 13:41:00', 45.9584, 45.9584, 45.9584, 45.9584, 906]
['2019-03-27 13:38:00', 45.9, 45.9, 45.9, 45.9, 330]
['2019-03-27 13:35:00', 45.885, 45.885, 45.885, 45.885, 197]
['2019-03-27 13:34:00', 45.89, 45.89, 45.89, 45.89, 696]
['2019-03-27 13:32:00', 45.83, 45.89, 45.83, 45.89, 970]
['2019-03-27 13:31:00', 45.84, 45.84, 45.84, 45.84, 1012]
['2019-03-27 13:30:00', 45.83, 45.83, 45.83, 45.83, 404]
['2019-03-27 13:28:00', 45.86, 45.86, 45.86, 45.86, 208]
['2019-03-27 13:25:00', 45.85, 45.85, 45.85, 45.85, 702]
['2019-03-27 13:23:00', 45.94, 45.94, 45.94, 45.94, 635]
['2019-03-27 13:22:00', 45.92, 45.94, 45.92, 45.94, 1556]
['2019-03-27 13:20:00', 45.83, 45.83, 45.83, 45.83, 500]
['2019-03-27 13:18:00', 45.9, 45.9, 45.9, 45.9, 576]
['2019-03-27 13:16:00', 45.93, 45.93, 45.93, 45.93, 315]
['2019-03-27 13:15:00', 45.85, 45.91, 45.85, 45.91, 636]
['2019-03-27 13:14:00', 45.79, 45.79, 45.79, 45.79, 1303]
['2019-03-27 13:12:00', 45.69, 45.69, 45.69, 45.69, 214]
['2019-03-27 13:10:00', 45.68, 45.67, 45.67, 45.68, 1440]
['2019-03-27 13:08:00', 45.74, 45.74, 45.74, 45.74, 543]
['2019-03-27 13:07:00', 45.81, 45.81, 45.81, 45.81, 1145]
['2019-03-27 13:06:00', 45.79, 45.79, 45.79, 45.79, 226]
['2019-03-27 13:05:00', 45.8, 45.8, 45.8, 45.8, 537]
['2019-03-27 13:04:00', 45.8832, 45.8832, 45.8832, 45.8832, 521]
['2019-03-27 13:03:00', 45.92, 45.92, 45.92, 45.92, 444]
['2019-03-27 13:01:00', 45.88, 45.895, 45.88, 45.895, 802]
['2019-03-27 12:59:00', 46.01, 46.01, 46.01, 46.01, 225]
['2019-03-27 12:58:00', 45.98, 46.01, 45.98, 46.01, 3534]
['2019-03-27 12:57:00', 46.015, 46.015, 46.015, 46.015, 418]
['2019-03-27 12:56:00', 46.08, 46.03, 46.03, 46.08, 2483]
['2019-03-27 12:53:00', 46.03, 46.03, 46.03, 46.03, 514]
['2019-03-27 12:51:00', 45.99, 45.98, 45.98, 45.99, 726]
['2019-03-27 12:48:00', 45.9737, 45.9737, 45.9737, 45.9737, 454]
['2019-03-27 12:46:00', 45.99, 46.02, 45.99, 46.02, 395]
['2019-03-27 12:45:00', 45.97, 45.97, 45.97, 45.97, 609]
['2019-03-27 12:44:00', 45.89, 45.9, 45.89, 45.9, 909]
['2019-03-27 12:43:00', 45.89, 45.89, 45.89, 45.89, 505]
['2019-03-27 12:42:00', 45.8601, 45.8601, 45.8601, 45.8601, 1069]
['2019-03-27 12:39:00', 45.89, 45.89, 45.89, 45.89, 543]
['2019-03-27 12:37:00', 45.8772, 45.8772, 45.8772, 45.8772, 581]
['2019-03-27 12:35:00', 45.86, 45.86, 45.86, 45.89, 1677]
['2019-03-27 12:33:00', 45.84, 45.81, 45.81, 45.84, 654]
['2019-03-27 12:32:00', 45.88, 45.88, 45.88, 45.88, 321]
['2019-03-27 12:31:00', 45.85, 45.85, 45.85, 45.85, 251]
['2019-03-27 12:29:00', 45.89, 45.89, 45.89, 45.89, 898]
['2019-03-27 12:27:00', 45.85, 45.95, 45.85, 45.95, 1232]
['2019-03-27 12:25:00', 45.77, 45.78, 45.77, 45.78, 1575]
['2019-03-27 12:24:00', 45.69, 45.71, 45.69, 45.71, 1380]
['2019-03-27 12:21:00', 45.67, 45.67, 45.67, 45.67, 844]
['2019-03-27 12:19:00', 45.53, 45.53, 45.53, 45.53, 310]
['2019-03-27 12:17:00', 45.57, 45.62, 45.57, 45.62, 1198]
['2019-03-27 12:16:00', 45.5, 45.5, 45.5, 45.5, 847]
['2019-03-27 12:15:00', 45.5, 45.5, 45.5, 45.5, 516]
['2019-03-27 12:11:00', 45.533, 45.533, 45.533, 45.533, 853]
['2019-03-27 12:10:00', 45.315, 45.52, 45.315, 45.52, 13293]
['2019-03-27 12:07:00', 45.3425, 45.3425, 45.3425, 45.3425, 1130]
['2019-03-27 12:06:00', 45.29, 45.33, 45.28, 45.33, 2889]
['2019-03-27 12:05:00', 45.25, 45.25, 45.25, 45.25, 590]
['2019-03-27 12:04:00', 45.18, 45.18, 45.18, 45.18, 108]
['2019-03-27 12:02:00', 45.24, 45.24, 45.24, 45.24, 1306]
['2019-03-27 12:01:00', 45.25, 45.25, 45.25, 45.25, 441]
['2019-03-27 12:00:00', 45.295, 45.295, 45.295, 45.295, 306]
['2019-03-27 11:57:00', 45.255, 45.255, 45.255, 45.255, 460]
['2019-03-27 11:56:00', 45.15, 45.16, 45.1, 45.16, 4025]
['2019-03-27 11:55:00', 45.07, 45.07, 45.07, 45.07, 2898]
['2019-03-27 11:53:00', 45.245, 45.17, 45.17, 45.245, 2779]
['2019-03-27 11:51:00', 45.25, 45.23, 45.23, 45.25, 2602]
['2019-03-27 11:50:00', 45.26, 45.26, 45.26, 45.26, 939]
['2019-03-27 11:49:00', 45.23, 45.24, 45.23, 45.255, 4815]
['2019-03-27 11:45:00', 45.21, 45.19, 45.19, 45.21, 1559]
['2019-03-27 11:44:00', 45.25, 45.25, 45.25, 45.25, 779]
['2019-03-27 11:43:00', 45.235, 45.245, 45.235, 45.245, 1509]
['2019-03-27 11:42:00', 45.245, 45.28, 45.245, 45.28, 1880]
['2019-03-27 11:40:00', 45.285, 45.285, 45.285, 45.285, 1536]
['2019-03-27 11:39:00', 45.33, 45.29, 45.29, 45.33, 13538]
['2019-03-27 11:36:00', 45.3, 45.3, 45.3, 45.3, 309]
['2019-03-27 11:35:00', 45.44, 45.44, 45.44, 45.44, 1772]
['2019-03-27 11:34:00', 45.4992, 45.4992, 45.4992, 45.4992, 596]
['2019-03-27 11:32:00', 45.48, 45.48, 45.48, 45.48, 862]
['2019-03-27 11:31:00', 45.48, 45.48, 45.48, 45.48, 512]
['2019-03-27 11:30:00', 45.49, 45.49, 45.49, 45.49, 603]
['2019-03-27 11:29:00', 45.54, 45.54, 45.54, 45.54, 310]
['2019-03-27 11:25:00', 45.56, 45.56, 45.56, 45.56, 1321]
['2019-03-27 11:24:00', 45.58, 45.5401, 45.5401, 45.58, 757]
['2019-03-27 11:22:00', 45.58, 45.58, 45.58, 45.58, 791]
['2019-03-27 11:21:00', 45.65, 45.615, 45.615, 45.65, 2401]
['2019-03-27 11:19:00', 45.7, 45.7, 45.7, 45.7, 512]
['2019-03-27 11:17:00', 45.66, 45.66, 45.66, 45.66, 701]
['2019-03-27 11:16:00', 45.75, 45.72, 45.72, 45.75, 1945]
['2019-03-27 11:15:00', 45.8, 45.8, 45.8, 45.8, 976]
['2019-03-27 11:13:00', 45.84, 45.84, 45.84, 45.84, 523]
['2019-03-27 11:12:00', 45.9, 45.9, 45.9, 45.9, 309]
['2019-03-27 11:11:00', 45.91, 45.91, 45.91, 45.91, 614]
['2019-03-27 11:10:00', 45.89, 45.89, 45.89, 45.89, 1101]
['2019-03-27 11:09:00', 45.89, 45.89, 45.89, 45.89, 1600]
['2019-03-27 11:08:00', 45.92, 45.92, 45.92, 45.92, 1309]
['2019-03-27 11:07:00', 45.9, 45.8766, 45.8766, 45.9, 6103]
['2019-03-27 11:06:00', 45.94, 45.94, 45.94, 45.94, 475]
['2019-03-27 11:05:00', 45.94, 45.94, 45.94, 45.94, 1032]
['2019-03-27 11:04:00', 45.98, 45.98, 45.98, 45.98, 513]
['2019-03-27 11:03:00', 46.0, 46.0, 46.0, 46.0, 1045]
['2019-03-27 11:02:00', 46.03, 46.03, 46.03, 46.03, 333]
['2019-03-27 11:01:00', 46.03, 46.03, 46.03, 46.03, 782]
['2019-03-27 10:58:00', 45.91, 45.9846, 45.91, 45.9846, 2741]
['2019-03-27 10:55:00', 45.98, 45.98, 45.98, 45.98, 477]
['2019-03-27 10:54:00', 45.95, 45.95, 45.95, 45.95, 401]
['2019-03-27 10:52:00', 46.0, 46.0, 46.0, 46.0, 1208]
['2019-03-27 10:51:00', 45.99, 45.99, 45.99, 45.99, 1214]
['2019-03-27 10:48:00', 45.99, 46.0, 45.99, 46.0, 2098]
['2019-03-27 10:47:00', 46.0132, 46.0132, 46.0132, 46.0132, 580]
['2019-03-27 10:45:00', 46.01, 46.01, 46.01, 46.01, 456]
['2019-03-27 10:44:00', 45.99, 45.99, 45.99, 45.99, 545]
['2019-03-27 10:40:00', 46.025, 46.07, 46.025, 46.07, 2644]
['2019-03-27 10:39:00', 46.0, 46.0, 46.0, 46.0, 103]
['2019-03-27 10:36:00', 46.0, 46.02, 46.0, 46.02, 4717]
['2019-03-27 10:35:00', 46.04, 46.03, 46.03, 46.04, 912]
['2019-03-27 10:34:00', 46.02, 46.02, 46.02, 46.02, 593]
['2019-03-27 10:30:00', 46.105, 46.105, 46.105, 46.105, 392]
['2019-03-27 10:28:00', 46.1, 46.1, 46.1, 46.1, 438]
['2019-03-27 10:27:00', 46.05, 46.105, 46.05, 46.105, 1782]
['2019-03-27 10:25:00', 46.12, 46.12, 46.12, 46.12, 1231]
['2019-03-27 10:24:00', 46.15, 46.13, 46.13, 46.15, 1943]
['2019-03-27 10:23:00', 46.1425, 46.1425, 46.1425, 46.1425, 517]
['2019-03-27 10:21:00', 46.11, 46.11, 46.11, 46.11, 518]
['2019-03-27 10:19:00', 46.115, 46.115, 46.115, 46.115, 317]
['2019-03-27 10:17:00', 46.105, 46.105, 46.105, 46.105, 1375]
['2019-03-27 10:16:00', 46.09, 46.09, 46.09, 46.09, 742]
['2019-03-27 10:15:00', 46.04, 46.04, 46.04, 46.04, 768]
['2019-03-27 10:14:00', 46.14, 46.12, 46.12, 46.14, 5272]
['2019-03-27 10:13:00', 46.06, 46.06, 46.06, 46.06, 1485]
['2019-03-27 10:12:00', 46.23, 46.23, 46.23, 46.23, 584]
['2019-03-27 10:11:00', 46.275, 46.275, 46.275, 46.275, 1092]
['2019-03-27 10:09:00', 46.175, 46.175, 46.175, 46.175, 384]
['2019-03-27 10:06:00', 46.07, 46.12, 46.07, 46.12, 1619]
['2019-03-27 10:04:00', 46.07, 46.11, 46.07, 46.11, 585]
['2019-03-27 10:03:00', 46.2, 46.14, 46.14, 46.2, 2247]
['2019-03-27 10:02:00', 46.16, 46.16, 46.16, 46.16, 1164]
['2019-03-27 09:59:00', 46.11, 46.11, 46.11, 46.11, 413]
['2019-03-27 09:57:00', 46.16, 46.16, 46.16, 46.16, 361]
['2019-03-27 09:55:00', 46.19, 46.19, 46.19, 46.19, 868]
['2019-03-27 09:54:00', 46.23, 46.23, 46.23, 46.23, 475]
['2019-03-27 09:53:00', 46.39, 46.38, 46.38, 46.39, 3501]
['2019-03-27 09:50:00', 46.32, 46.32, 46.32, 46.32, 252]
['2019-03-27 09:48:00', 46.35, 46.35, 46.35, 46.35, 135]
['2019-03-27 09:46:00', 46.37, 46.37, 46.37, 46.37, 644]
['2019-03-27 09:43:00', 46.325, 46.325, 46.325, 46.325, 977]
['2019-03-27 09:42:00', 46.35, 46.35, 46.35, 46.35, 1136]
['2019-03-27 09:41:00', 46.4, 46.4, 46.4, 46.4, 857]
['2019-03-27 09:35:00', 46.41, 46.41, 46.41, 46.41, 657]
['2019-03-27 09:32:00', 46.2, 46.2, 46.2, 46.2, 636]
['2019-03-27 09:31:00', 46.3, 46.3, 46.3, 46.3, 4975]
['2019-03-26 16:00:00', 46.48, 46.49, 46.48, 46.49, 8649]
['2019-03-26 15:59:00', 46.48, 46.5, 46.48, 46.5, 6078]
['2019-03-26 15:58:00', 46.47, 46.47, 46.47, 46.47, 3655]
['2019-03-26 15:57:00', 46.47, 46.47, 46.47, 46.47, 872]
['2019-03-26 15:56:00', 46.49, 46.48, 46.48, 46.49, 4296]
['2019-03-26 15:55:00', 46.45, 46.48, 46.45, 46.48, 2146]
['2019-03-26 15:54:00', 46.5099, 46.5099, 46.5099, 46.5099, 1893]
['2019-03-26 15:53:00', 46.51, 46.485, 46.48, 46.51, 3750]
['2019-03-26 15:52:00', 46.48, 46.48, 46.48, 46.48, 1068]
['2019-03-26 15:51:00', 46.48, 46.48, 46.48, 46.48, 2956]
['2019-03-26 15:50:00', 46.49, 46.45, 46.45, 46.49, 4972]
['2019-03-26 15:49:00', 46.51, 46.51, 46.51, 46.51, 850]
['2019-03-26 15:48:00', 46.485, 46.485, 46.485, 46.485, 1168]
['2019-03-26 15:47:00', 46.35, 46.43, 46.35, 46.43, 7155]
['2019-03-26 15:46:00', 46.33, 46.33, 46.33, 46.33, 673]
['2019-03-26 15:45:00', 46.34, 46.34, 46.34, 46.34, 918]
['2019-03-26 15:44:00', 46.35, 46.355, 46.35, 46.355, 1641]
['2019-03-26 15:43:00', 46.37, 46.37, 46.37, 46.37, 927]
['2019-03-26 15:42:00', 46.365, 46.4, 46.365, 46.4, 1203]
['2019-03-26 15:41:00', 46.34, 46.34, 46.34, 46.34, 502]
['2019-03-26 15:40:00', 46.365, 46.365, 46.365, 46.365, 406]
['2019-03-26 15:39:00', 46.39, 46.39, 46.39, 46.39, 1842]
['2019-03-26 15:38:00', 46.43, 46.42, 46.42, 46.43, 847]
['2019-03-26 15:37:00', 46.41, 46.41, 46.41, 46.41, 572]
['2019-03-26 15:36:00', 46.41, 46.44, 46.41, 46.44, 1379]
['2019-03-26 15:35:00', 46.4, 46.4, 46.4, 46.4, 540]
['2019-03-26 15:34:00', 46.4, 46.4, 46.4, 46.4, 1038]
['2019-03-26 15:33:00', 46.39, 46.39, 46.39, 46.39, 1008]
['2019-03-26 15:32:00', 46.375, 46.39, 46.375, 46.39, 1907]
['2019-03-26 15:31:00', 46.39, 46.39, 46.39, 46.39, 628]
['2019-03-26 15:30:00', 46.44, 46.44, 46.44, 46.44, 863]
['2019-03-26 15:29:00', 46.46, 46.43, 46.43, 46.46, 2156]
['2019-03-26 15:28:00', 46.49, 46.46, 46.46, 46.49, 1653]
['2019-03-26 15:27:00', 46.4561, 46.4561, 46.4561, 46.4561, 607]
['2019-03-26 15:26:00', 46.47, 46.47, 46.47, 46.47, 793]
['2019-03-26 15:25:00', 46.49, 46.49, 46.49, 46.49, 751]
['2019-03-26 15:24:00', 46.47, 46.49, 46.47, 46.49, 964]
['2019-03-26 15:23:00', 46.44, 46.48, 46.44, 46.48, 1355]
['2019-03-26 15:21:00', 46.49, 46.49, 46.49, 46.49, 258]
['2019-03-26 15:19:00', 46.505, 46.505, 46.505, 46.505, 1431]
['2019-03-26 15:17:00', 46.49, 46.475, 46.475, 46.49, 1444]
['2019-03-26 15:16:00', 46.55, 46.52, 46.52, 46.55, 1596]
['2019-03-26 15:14:00', 46.57, 46.57, 46.57, 46.57, 2205]
['2019-03-26 15:13:00', 46.54, 46.53, 46.53, 46.54, 1028]
['2019-03-26 15:11:00', 46.6, 46.6, 46.6, 46.6, 877]
['2019-03-26 15:10:00', 46.63, 46.63, 46.63, 46.63, 709]
['2019-03-26 15:09:00', 46.575, 46.575, 46.575, 46.575, 448]
['2019-03-26 15:07:00', 46.565, 46.565, 46.565, 46.565, 221]
['2019-03-26 15:06:00', 46.545, 46.56, 46.545, 46.56, 1772]
['2019-03-26 15:05:00', 46.6, 46.6, 46.6, 46.6, 601]
['2019-03-26 15:04:00', 46.63, 46.63, 46.63, 46.63, 731]
['2019-03-26 15:02:00', 46.66, 46.69, 46.66, 46.69, 976]
['2019-03-26 15:00:00', 46.56, 46.6, 46.56, 46.6, 1916]
['2019-03-26 14:59:00', 46.545, 46.545, 46.545, 46.545, 890]
['2019-03-26 14:58:00', 46.51, 46.51, 46.51, 46.51, 474]
['2019-03-26 14:57:00', 46.5, 46.5, 46.5, 46.5, 540]
['2019-03-26 14:56:00', 46.4, 46.43, 46.4, 46.43, 1541]
['2019-03-26 14:54:00', 46.42, 46.405, 46.405, 46.42, 798]
['2019-03-26 14:53:00', 46.44, 46.44, 46.44, 46.44, 317]
['2019-03-26 14:52:00', 46.47, 46.455, 46.455, 46.47, 1179]
['2019-03-26 14:51:00', 46.47, 46.47, 46.47, 46.47, 483]
['2019-03-26 14:50:00', 46.5, 46.48, 46.48, 46.505, 3131]
['2019-03-26 14:49:00', 46.45, 46.45, 46.45, 46.45, 249]
['2019-03-26 14:48:00', 46.485, 46.485, 46.485, 46.485, 462]
['2019-03-26 14:46:00', 46.5, 46.5, 46.5, 46.5, 601]
['2019-03-26 14:45:00', 46.49, 46.49, 46.49, 46.49, 1308]
['2019-03-26 14:43:00', 46.5, 46.47, 46.47, 46.5, 1144]
['2019-03-26 14:42:00', 46.49, 46.49, 46.49, 46.49, 298]
['2019-03-26 14:41:00', 46.47, 46.47, 46.47, 46.47, 103]
['2019-03-26 14:39:00', 46.42, 46.43, 46.42, 46.43, 1245]
['2019-03-26 14:37:00', 46.37, 46.39, 46.37, 46.39, 849]
['2019-03-26 14:36:00', 46.372, 46.372, 46.372, 46.372, 607]
['2019-03-26 14:35:00', 46.4, 46.4, 46.4, 46.4, 899]
['2019-03-26 14:34:00', 46.31, 46.34, 46.31, 46.34, 1697]
['2019-03-26 14:32:00', 46.3, 46.3, 46.3, 46.3, 228]
['2019-03-26 14:31:00', 46.36, 46.36, 46.36, 46.36, 645]
['2019-03-26 14:30:00', 46.41, 46.41, 46.41, 46.41, 216]
['2019-03-26 14:29:00', 46.41, 46.48, 46.41, 46.48, 1395]
['2019-03-26 14:28:00', 46.49, 46.49, 46.49, 46.49, 894]
['2019-03-26 14:27:00', 46.5, 46.5, 46.5, 46.5, 418]
['2019-03-26 14:26:00', 46.505, 46.505, 46.505, 46.505, 117]
['2019-03-26 14:24:00', 46.5, 46.5, 46.5, 46.5, 507]
['2019-03-26 14:23:00', 46.45, 46.44, 46.44, 46.45, 1686]
['2019-03-26 14:19:00', 46.44, 46.44, 46.44, 46.44, 237]
['2019-03-26 14:18:00', 46.39, 46.39, 46.39, 46.39, 711]
['2019-03-26 14:17:00', 46.38, 46.41, 46.38, 46.41, 508]
['2019-03-26 14:16:00', 46.35, 46.35, 46.35, 46.35, 405]
['2019-03-26 14:15:00', 46.34, 46.34, 46.34, 46.34, 746]
['2019-03-26 14:14:00', 46.3, 46.37, 46.3, 46.37, 1705]
['2019-03-26 14:10:00', 46.34, 46.34, 46.34, 46.34, 534]
['2019-03-26 14:08:00', 46.34, 46.31, 46.31, 46.34, 502]
['2019-03-26 14:07:00', 46.34, 46.34, 46.34, 46.34, 1137]
['2019-03-26 14:06:00', 46.27, 46.27, 46.27, 46.27, 1301]
['2019-03-26 14:04:00', 46.41, 46.44, 46.41, 46.44, 481]
['2019-03-26 14:01:00', 46.46, 46.46, 46.46, 46.46, 634]
['2019-03-26 14:00:00', 46.4719, 46.4719, 46.4719, 46.4719, 832]
['2019-03-26 13:59:00', 46.465, 46.465, 46.465, 46.465, 491]
['2019-03-26 13:58:00', 46.44, 46.44, 46.44, 46.44, 525]
['2019-03-26 13:57:00', 46.39, 46.39, 46.39, 46.39, 348]
['2019-03-26 13:56:00', 46.44, 46.41, 46.41, 46.44, 1009]
['2019-03-26 13:55:00', 46.46, 46.46, 46.46, 46.46, 279]
['2019-03-26 13:54:00', 46.41, 46.41, 46.41, 46.41, 353]
['2019-03-26 13:52:00', 46.54, 46.47, 46.47, 46.54, 2538]
['2019-03-26 13:51:00', 46.54, 46.54, 46.54, 46.54, 16400]
['2019-03-26 13:50:00', 46.485, 46.42, 46.42, 46.485, 1764]
['2019-03-26 13:49:00', 46.43, 46.43, 46.43, 46.43, 375]
['2019-03-26 13:48:00', 46.42, 46.42, 46.42, 46.42, 146]
['2019-03-26 13:47:00', 46.37, 46.37, 46.37, 46.37, 616]
['2019-03-26 13:46:00', 46.36, 46.36, 46.36, 46.36, 799]
['2019-03-26 13:45:00', 46.34, 46.34, 46.34, 46.34, 465]
['2019-03-26 13:43:00', 46.36, 46.36, 46.36, 46.36, 502]
['2019-03-26 13:42:00', 46.335, 46.335, 46.335, 46.335, 475]
['2019-03-26 13:41:00', 46.25, 46.34, 46.25, 46.34, 960]
['2019-03-26 13:40:00', 46.25, 46.25, 46.25, 46.25, 430]
['2019-03-26 13:39:00', 46.22, 46.22, 46.22, 46.22, 443]
['2019-03-26 13:38:00', 46.22, 46.22, 46.22, 46.22, 1161]
['2019-03-26 13:36:00', 46.22, 46.22, 46.22, 46.22, 294]
['2019-03-26 13:35:00', 46.2066, 46.2066, 46.2066, 46.2066, 214]
['2019-03-26 13:34:00', 46.22, 46.22, 46.22, 46.22, 702]
['2019-03-26 13:33:00', 46.22, 46.19, 46.19, 46.22, 633]
['2019-03-26 13:32:00', 46.19, 46.19, 46.19, 46.19, 1381]
['2019-03-26 13:31:00', 46.22, 46.275, 46.22, 46.36, 6824]
['2019-03-26 13:30:00', 46.3, 46.27, 46.27, 46.3, 793]
['2019-03-26 13:27:00', 46.34, 46.34, 46.34, 46.34, 519]
['2019-03-26 13:26:00', 46.405, 46.405, 46.405, 46.405, 502]
['2019-03-26 13:24:00', 46.38, 46.36, 46.36, 46.38, 1038]
['2019-03-26 13:22:00', 46.41, 46.41, 46.41, 46.41, 643]
['2019-03-26 13:20:00', 46.46, 46.49, 46.46, 46.49, 816]
['2019-03-26 13:19:00', 46.5, 46.46, 46.46, 46.5, 3015]
['2019-03-26 13:16:00', 46.525, 46.49, 46.41, 46.525, 2801]
['2019-03-26 13:15:00', 46.555, 46.57, 46.555, 46.57, 2481]
['2019-03-26 13:12:00', 46.58, 46.58, 46.58, 46.58, 1567]
['2019-03-26 13:10:00', 46.5, 46.51, 46.5, 46.51, 1556]
['2019-03-26 13:05:00', 46.4461, 46.4461, 46.4461, 46.4461, 492]
['2019-03-26 13:04:00', 46.4, 46.4, 46.4, 46.4, 425]
['2019-03-26 13:01:00', 46.32, 46.36, 46.32, 46.36, 1521]
['2019-03-26 12:59:00', 46.38, 46.25, 46.25, 46.38, 1726]
['2019-03-26 12:58:00', 46.5, 46.5, 46.5, 46.5, 1100]
['2019-03-26 12:56:00', 46.57, 46.54, 46.54, 46.57, 1736]
['2019-03-26 12:53:00', 46.55, 46.55, 46.55, 46.55, 340]
['2019-03-26 12:52:00', 46.52, 46.54, 46.52, 46.54, 1054]
['2019-03-26 12:50:00', 46.51, 46.51, 46.51, 46.51, 607]
['2019-03-26 12:48:00', 46.44, 46.49, 46.44, 46.49, 1114]
['2019-03-26 12:46:00', 46.47, 46.47, 46.47, 46.47, 447]
['2019-03-26 12:45:00', 46.465, 46.465, 46.465, 46.465, 543]
['2019-03-26 12:43:00', 46.47, 46.44, 46.44, 46.47, 2967]
['2019-03-26 12:42:00', 46.445, 46.445, 46.445, 46.445, 517]
['2019-03-26 12:41:00', 46.445, 46.445, 46.445, 46.445, 801]
['2019-03-26 12:40:00', 46.46, 46.46, 46.46, 46.46, 410]
['2019-03-26 12:39:00', 46.45, 46.4, 46.4, 46.5, 2557]
['2019-03-26 12:38:00', 46.475, 46.475, 46.475, 46.475, 1200]
['2019-03-26 12:37:00', 46.5, 46.5, 46.5, 46.5, 233]
['2019-03-26 12:36:00', 46.515, 46.515, 46.515, 46.515, 701]
['2019-03-26 12:35:00', 46.57, 46.47, 46.47, 46.57, 1257]
['2019-03-26 12:34:00', 46.55, 46.55, 46.55, 46.55, 1101]
['2019-03-26 12:33:00', 46.54, 46.54, 46.54, 46.54, 1516]
['2019-03-26 12:31:00', 46.61, 46.635, 46.61, 46.635, 1818]
['2019-03-26 12:30:00', 46.57, 46.57, 46.57, 46.57, 602]
['2019-03-26 12:28:00', 46.54, 46.54, 46.54, 46.54, 520]
['2019-03-26 12:27:00', 46.63, 46.55, 46.55, 46.63, 819]
['2019-03-26 12:26:00', 46.735, 46.66, 46.66, 46.735, 2724]
['2019-03-26 12:24:00', 46.73, 46.71, 46.71, 46.73, 902]
['2019-03-26 12:22:00', 46.8, 46.77, 46.77, 46.8, 943]
['2019-03-26 12:21:00', 46.8418, 46.8418, 46.8418, 46.8418, 404]
['2019-03-26 12:19:00', 46.86, 46.86, 46.86, 46.86, 652]
['2019-03-26 12:18:00', 46.88, 46.82, 46.82, 46.88, 1688]
['2019-03-26 12:17:00', 46.92, 46.88, 46.88, 46.92, 3304]
['2019-03-26 12:16:00', 46.89, 46.89, 46.89, 46.89, 566]
['2019-03-26 12:15:00', 46.89, 46.86, 46.86, 46.89, 1002]
['2019-03-26 12:14:00', 46.91, 46.84, 46.84, 46.91, 5108]
['2019-03-26 12:13:00', 46.915, 46.915, 46.915, 46.915, 429]
['2019-03-26 12:11:00', 46.915, 46.915, 46.915, 46.915, 1020]
['2019-03-26 12:09:00', 46.96, 46.92, 46.92, 46.96, 648]
['2019-03-26 12:07:00', 46.91, 46.97, 46.91, 46.97, 576]
['2019-03-26 12:05:00', 46.9514, 46.9514, 46.9514, 46.9514, 274]
['2019-03-26 12:04:00', 46.92, 46.92, 46.92, 46.92, 921]
['2019-03-26 12:03:00', 46.965, 46.965, 46.965, 46.965, 491]
['2019-03-26 12:01:00', 46.925, 46.925, 46.925, 46.925, 402]
['2019-03-26 11:59:00', 46.92, 46.92, 46.92, 46.92, 604]
['2019-03-26 11:55:00', 46.9, 46.9, 46.9, 46.9, 1575]
['2019-03-26 11:54:00', 46.9, 46.9, 46.9, 46.9, 146]
['2019-03-26 11:52:00', 46.91, 46.91, 46.91, 46.91, 264]
['2019-03-26 11:51:00', 46.93, 46.93, 46.93, 46.93, 619]
['2019-03-26 11:49:00', 46.96, 46.9633, 46.96, 46.9633, 1186]
['2019-03-26 11:48:00', 46.95, 46.95, 46.95, 46.95, 603]
['2019-03-26 11:47:00', 47.02, 47.02, 47.02, 47.02, 1031]
['2019-03-26 11:46:00', 47.06, 47.04, 47.04, 47.06, 1445]
['2019-03-26 11:45:00', 47.1, 47.1, 47.1, 47.1, 934]
['2019-03-26 11:44:00', 47.07, 47.07, 47.07, 47.07, 265]
['2019-03-26 11:42:00', 47.08, 47.08, 47.08, 47.08, 288]
['2019-03-26 11:39:00', 47.11, 47.11, 47.11, 47.11, 479]
['2019-03-26 11:38:00', 47.07, 47.07, 47.07, 47.07, 426]
['2019-03-26 11:37:00', 47.04, 47.04, 47.04, 47.04, 316]
['2019-03-26 11:35:00', 47.0, 47.0, 47.0, 47.0, 194]
['2019-03-26 11:33:00', 47.02, 47.02, 47.02, 47.02, 944]
['2019-03-26 11:32:00', 47.0892, 47.0892, 47.0892, 47.0892, 248]
['2019-03-26 11:30:00', 47.09, 47.1299, 47.09, 47.1299, 2353]
['2019-03-26 11:26:00', 47.07, 47.07, 47.07, 47.07, 308]
['2019-03-26 11:25:00', 47.04, 47.01, 47.01, 47.04, 861]
['2019-03-26 11:23:00', 47.1, 47.1, 47.1, 47.1, 753]
['2019-03-26 11:22:00', 47.09, 47.09, 47.09, 47.09, 406]
['2019-03-26 11:21:00', 47.03, 47.03, 47.03, 47.03, 210]
['2019-03-26 11:20:00', 47.01, 47.01, 47.01, 47.01, 1513]
['2019-03-26 11:18:00', 47.08, 47.04, 47.04, 47.08, 1248]
['2019-03-26 11:16:00', 47.09, 47.09, 47.09, 47.09, 101]
['2019-03-26 11:14:00', 47.13, 47.12, 47.12, 47.13, 813]
['2019-03-26 11:11:00', 47.04, 47.07, 47.04, 47.07, 2145]
['2019-03-26 11:10:00', 47.07, 47.07, 47.07, 47.07, 268]
['2019-03-26 11:09:00', 47.02, 47.02, 47.02, 47.02, 344]
['2019-03-26 11:06:00', 47.13, 47.09, 47.09, 47.13, 732]
['2019-03-26 11:05:00', 47.17, 47.17, 47.17, 47.17, 486]
['2019-03-26 11:04:00', 47.125, 47.125, 47.125, 47.125, 580]
['2019-03-26 11:01:00', 47.18, 47.18, 47.18, 47.18, 307]
['2019-03-26 10:59:00', 47.19, 47.19, 47.19, 47.19, 491]
['2019-03-26 10:58:00', 47.2, 47.25, 47.2, 47.25, 1902]
['2019-03-26 10:56:00', 47.25, 47.25, 47.25, 47.25, 803]
['2019-03-26 10:55:00', 47.26, 47.2, 47.2, 47.3, 4991]
['2019-03-26 10:53:00', 47.25, 47.21, 47.21, 47.25, 1144]
['2019-03-26 10:52:00', 47.25, 47.22, 47.22, 47.25, 5512]
['2019-03-26 10:51:00', 47.26, 47.26, 47.26, 47.26, 2000]
['2019-03-26 10:50:00', 47.15, 47.22, 47.15, 47.22, 2033]
['2019-03-26 10:49:00', 47.15, 47.15, 47.15, 47.15, 3514]
['2019-03-26 10:48:00', 47.15, 47.15, 47.15, 47.15, 1126]
['2019-03-26 10:46:00', 47.075, 47.075, 47.075, 47.075, 238]
['2019-03-26 10:44:00', 47.005, 47.03, 47.005, 47.03, 863]
['2019-03-26 10:43:00', 47.09, 47.09, 47.09, 47.09, 225]
['2019-03-26 10:41:00', 47.1024, 47.1024, 47.1024, 47.1024, 525]
['2019-03-26 10:39:00', 47.12, 47.08, 47.08, 47.12, 478]
['2019-03-26 10:37:00', 47.035, 47.08, 47.035, 47.08, 429]
['2019-03-26 10:36:00', 47.03, 47.03, 47.03, 47.03, 1007]
['2019-03-26 10:34:00', 47.04, 47.04, 47.04, 47.04, 314]
['2019-03-26 10:33:00', 47.12, 47.12, 47.12, 47.12, 1539]
['2019-03-26 10:31:00', 47.17, 47.17, 47.17, 47.17, 1446]
['2019-03-26 10:30:00', 47.19, 47.19, 47.19, 47.19, 1727]
['2019-03-26 10:29:00', 47.19, 47.19, 47.19, 47.19, 500]
['2019-03-26 10:28:00', 47.19, 47.19, 47.19, 47.19, 1510]
['2019-03-26 10:27:00', 47.3, 47.3, 47.3, 47.3, 403]
['2019-03-26 10:26:00', 47.15, 47.15, 47.15, 47.15, 468]
['2019-03-26 10:25:00', 47.2066, 47.153, 47.153, 47.2066, 2471]
['2019-03-26 10:24:00', 47.25, 47.25, 47.25, 47.25, 1250]
['2019-03-26 10:23:00', 47.28, 47.29, 47.28, 47.29, 2694]
['2019-03-26 10:22:00', 47.23, 47.23, 47.23, 47.23, 394]
['2019-03-26 10:20:00', 47.165, 47.165, 47.165, 47.165, 507]
['2019-03-26 10:19:00', 47.2, 47.2, 47.2, 47.2, 562]
['2019-03-26 10:18:00', 47.1765, 47.1765, 47.1765, 47.1765, 1545]
['2019-03-26 10:16:00', 47.14, 47.14, 47.14, 47.14, 1186]
['2019-03-26 10:14:00', 47.25, 47.2, 47.2, 47.265, 2174]
['2019-03-26 10:13:00', 47.25, 47.25, 47.25, 47.25, 404]
['2019-03-26 10:12:00', 47.19, 47.19, 47.19, 47.19, 1026]
['2019-03-26 10:11:00', 47.24, 47.24, 47.24, 47.24, 1300]
['2019-03-26 10:10:00', 47.285, 47.285, 47.285, 47.285, 739]
['2019-03-26 10:08:00', 47.32, 47.32, 47.32, 47.32, 1241]
['2019-03-26 10:05:00', 47.265, 47.265, 47.265, 47.265, 202]
['2019-03-26 10:04:00', 47.28, 47.27, 47.27, 47.28, 2231]
['2019-03-26 10:03:00', 47.365, 47.31, 47.31, 47.365, 2390]
['2019-03-26 10:02:00', 47.42, 47.42, 47.42, 47.42, 540]
['2019-03-26 10:01:00', 47.385, 47.385, 47.385, 47.385, 426]
['2019-03-26 09:59:00', 47.3382, 47.3382, 47.3382, 47.3382, 757]
['2019-03-26 09:58:00', 47.34, 47.34, 47.34, 47.34, 622]
['2019-03-26 09:54:00', 47.35, 47.35, 47.35, 47.35, 2018]
['2019-03-26 09:52:00', 47.36, 47.36, 47.36, 47.36, 723]
['2019-03-26 09:51:00', 47.42, 47.42, 47.42, 47.42, 478]
['2019-03-26 09:50:00', 47.48, 47.48, 47.48, 47.48, 841]
['2019-03-26 09:48:00', 47.5245, 47.5245, 47.5245, 47.5245, 418]
['2019-03-26 09:47:00', 47.63, 47.56, 47.56, 47.63, 1554]
['2019-03-26 09:46:00', 47.57, 47.57, 47.57, 47.57, 514]
['2019-03-26 09:45:00', 47.45, 47.45, 47.45, 47.45, 251]
['2019-03-26 09:43:00', 47.4867, 47.4867, 47.4867, 47.4867, 477]
['2019-03-26 09:41:00', 47.2408, 47.2408, 47.2408, 47.2408, 238]
['2019-03-26 09:38:00', 47.24, 47.24, 47.24, 47.24, 1279]
['2019-03-26 09:36:00', 47.3, 47.28, 47.28, 47.3, 830]
['2019-03-26 09:35:00', 47.37, 47.37, 47.37, 47.37, 627]
['2019-03-26 09:31:00', 47.21, 47.21, 47.21, 47.21, 3676]
['2019-03-25 16:00:00', 47.06, 47.03, 47.03, 47.06, 13364]
['2019-03-25 15:59:00', 47.08, 47.09, 47.08, 47.09, 5761]
['2019-03-25 15:58:00', 47.08, 47.07, 47.07, 47.08, 4179]
['2019-03-25 15:57:00', 47.04, 47.04, 47.04, 47.04, 1944]
['2019-03-25 15:56:00', 47.0, 47.0, 47.0, 47.0, 1840]
['2019-03-25 15:55:00', 47.01, 46.98, 46.98, 47.01, 4839]
['2019-03-25 15:54:00', 47.05, 47.02, 47.02, 47.055, 5347]
['2019-03-25 15:53:00', 47.045, 47.045, 47.045, 47.045, 1147]
['2019-03-25 15:52:00', 47.03, 47.03, 47.03, 47.03, 1445]
['2019-03-25 15:51:00', 47.04, 47.07, 47.04, 47.08, 4951]
['2019-03-25 15:50:00', 47.05, 47.05, 47.05, 47.05, 631]
['2019-03-25 15:49:00', 47.08, 47.08, 47.08, 47.08, 1492]
['2019-03-25 15:48:00', 47.15, 47.11, 47.11, 47.15, 2495]
['2019-03-25 15:47:00', 47.18, 47.18, 47.18, 47.18, 1555]
['2019-03-25 15:46:00', 47.25, 47.21, 47.21, 47.25, 2450]
['2019-03-25 15:45:00', 47.13, 47.15, 47.13, 47.15, 1634]
['2019-03-25 15:44:00', 47.14, 47.14, 47.14, 47.14, 287]
['2019-03-25 15:43:00', 47.14, 47.13, 47.1, 47.14, 3484]
['2019-03-25 15:42:00', 47.16, 47.16, 47.16, 47.16, 1207]
['2019-03-25 15:41:00', 47.21, 47.19, 47.19, 47.21, 2342]
['2019-03-25 15:40:00', 47.21, 47.2, 47.2, 47.21, 2064]
['2019-03-25 15:39:00', 47.18, 47.18, 47.18, 47.18, 1342]
['2019-03-25 15:38:00', 47.18, 47.18, 47.18, 47.18, 579]
['2019-03-25 15:37:00', 47.17, 47.1565, 47.1565, 47.17, 2034]
['2019-03-25 15:35:00', 47.21, 47.19, 47.17, 47.21, 4676]
['2019-03-25 15:34:00', 47.2, 47.21, 47.2, 47.21, 1279]
['2019-03-25 15:33:00', 47.21, 47.21, 47.21, 47.21, 161]
['2019-03-25 15:32:00', 47.2, 47.19, 47.19, 47.2, 1956]
['2019-03-25 15:31:00', 47.2, 47.2, 47.18, 47.2, 3319]
['2019-03-25 15:30:00', 47.22, 47.21, 47.21, 47.22, 911]
['2019-03-25 15:29:00', 47.25, 47.25, 47.25, 47.25, 409]
['2019-03-25 15:28:00', 47.25, 47.25, 47.25, 47.25, 381]
['2019-03-25 15:27:00', 47.23, 47.285, 47.23, 47.285, 1997]
['2019-03-25 15:26:00', 47.235, 47.2, 47.2, 47.235, 4368]
['2019-03-25 15:25:00', 47.32, 47.25, 47.25, 47.32, 1202]
['2019-03-25 15:24:00', 47.32, 47.32, 47.32, 47.32, 1073]
['2019-03-25 15:23:00', 47.25, 47.28, 47.25, 47.28, 2066]
['2019-03-25 15:22:00', 47.22, 47.235, 47.22, 47.235, 2357]
['2019-03-25 15:21:00', 47.17, 47.2, 47.17, 47.2, 810]
['2019-03-25 15:20:00', 47.205, 47.205, 47.205, 47.205, 815]
['2019-03-25 15:19:00', 47.2, 47.22, 47.2, 47.22, 2171]
['2019-03-25 15:18:00', 47.23, 47.23, 47.23, 47.23, 237]
['2019-03-25 15:17:00', 47.25, 47.25, 47.25, 47.25, 400]
['2019-03-25 15:16:00', 47.2515, 47.2682, 47.2515, 47.2682, 616]
['2019-03-25 15:13:00', 47.22, 47.25, 47.22, 47.25, 1150]
['2019-03-25 15:11:00', 47.22, 47.24, 47.22, 47.24, 922]
['2019-03-25 15:09:00', 47.23, 47.235, 47.23, 47.235, 1379]
['2019-03-25 15:08:00', 47.21, 47.25, 47.21, 47.25, 1940]
['2019-03-25 15:07:00', 47.235, 47.2, 47.2, 47.235, 3358]
['2019-03-25 15:05:00', 47.23, 47.23, 47.23, 47.23, 501]
['2019-03-25 15:04:00', 47.3, 47.3, 47.3, 47.3, 125]
['2019-03-25 15:02:00', 47.34, 47.34, 47.34, 47.34, 147]
['2019-03-25 15:01:00', 47.29, 47.32, 47.29, 47.32, 864]
['2019-03-25 14:58:00', 47.25, 47.25, 47.25, 47.25, 715]
['2019-03-25 14:57:00', 47.22, 47.23, 47.22, 47.23, 1321]
['2019-03-25 14:56:00', 47.22, 47.22, 47.22, 47.22, 1843]
['2019-03-25 14:53:00', 47.265, 47.29, 47.265, 47.29, 1538]
['2019-03-25 14:51:00', 47.26, 47.26, 47.26, 47.26, 160]
['2019-03-25 14:50:00', 47.255, 47.255, 47.255, 47.255, 364]
['2019-03-25 14:49:00', 47.27, 47.27, 47.27, 47.27, 102]
['2019-03-25 14:48:00', 47.21, 47.22, 47.21, 47.22, 959]
['2019-03-25 14:47:00', 47.22, 47.22, 47.22, 47.22, 325]
['2019-03-25 14:46:00', 47.21, 47.21, 47.21, 47.21, 700]
['2019-03-25 14:45:00', 47.25, 47.25, 47.25, 47.25, 228]
['2019-03-25 14:44:00', 47.205, 47.26, 47.205, 47.26, 1376]
['2019-03-25 14:42:00', 47.18, 47.18, 47.18, 47.18, 934]
['2019-03-25 14:41:00', 47.195, 47.17, 47.17, 47.22, 4552]
['2019-03-25 14:40:00', 47.25, 47.25, 47.25, 47.25, 507]
['2019-03-25 14:39:00', 47.275, 47.275, 47.275, 47.275, 543]
['2019-03-25 14:38:00', 47.3057, 47.3057, 47.3057, 47.3057, 791]
['2019-03-25 14:37:00', 47.29, 47.29, 47.29, 47.29, 1252]
['2019-03-25 14:36:00', 47.25, 47.245, 47.245, 47.25, 1668]
['2019-03-25 14:35:00', 47.24, 47.24, 47.24, 47.24, 510]
['2019-03-25 14:34:00', 47.19, 47.19, 47.19, 47.19, 901]
['2019-03-25 14:33:00', 47.19, 47.19, 47.19, 47.19, 401]
['2019-03-25 14:31:00', 47.07, 47.13, 47.07, 47.13, 909]
['2019-03-25 14:30:00', 46.995, 47.04, 46.995, 47.04, 1320]
['2019-03-25 14:29:00', 46.94, 46.96, 46.94, 46.96, 1190]
['2019-03-25 14:28:00', 46.86, 46.86, 46.86, 46.87, 2342]
['2019-03-25 14:27:00', 46.92, 46.87, 46.87, 46.92, 1478]
['2019-03-25 14:26:00', 46.88, 46.88, 46.88, 46.88, 398]
['2019-03-25 14:24:00', 46.9, 46.9, 46.9, 46.9, 472]
['2019-03-25 14:22:00', 46.9268, 46.9, 46.9, 46.9268, 1106]
['2019-03-25 14:21:00', 46.94, 46.94, 46.94, 46.94, 301]
['2019-03-25 14:20:00', 46.94, 46.94, 46.94, 46.94, 995]
['2019-03-25 14:19:00', 46.97, 46.97, 46.97, 46.97, 630]
['2019-03-25 14:18:00', 46.99, 46.955, 46.955, 46.99, 1526]
['2019-03-25 14:17:00', 47.04, 47.04, 47.04, 47.04, 460]
['2019-03-25 14:16:00', 47.01, 47.01, 47.01, 47.01, 429]
['2019-03-25 14:13:00', 46.98, 47.0, 46.98, 47.0, 2769]
['2019-03-25 14:10:00', 46.99, 46.94, 46.94, 46.99, 2561]
['2019-03-25 14:09:00', 47.0145, 47.0145, 47.0145, 47.0145, 182]
['2019-03-25 14:08:00', 47.08, 47.08, 47.08, 47.08, 942]
['2019-03-25 14:06:00', 47.04, 47.04, 47.04, 47.04, 366]
['2019-03-25 14:04:00', 47.11, 47.11, 47.11, 47.11, 570]
['2019-03-25 14:03:00', 47.1, 47.1, 47.1, 47.1, 205]
['2019-03-25 14:02:00', 47.08, 47.08, 47.08, 47.08, 675]
['2019-03-25 14:00:00', 47.08, 47.08, 47.08, 47.08, 163]
['2019-03-25 13:59:00', 47.18, 47.18, 47.18, 47.18, 410]
['2019-03-25 13:57:00', 47.17, 47.17, 47.17, 47.17, 237]
['2019-03-25 13:56:00', 47.213, 47.213, 47.213, 47.213, 426]
['2019-03-25 13:55:00', 47.19, 47.19, 47.19, 47.19, 123]
['2019-03-25 13:53:00', 47.22, 47.28, 47.22, 47.28, 2028]
['2019-03-25 13:49:00', 47.32, 47.24, 47.24, 47.32, 1275]
['2019-03-25 13:48:00', 47.32, 47.35, 47.32, 47.35, 2513]
['2019-03-25 13:47:00', 47.3366, 47.3366, 47.3366, 47.3366, 639]
['2019-03-25 13:45:00', 47.37, 47.37, 47.37, 47.37, 427]
['2019-03-25 13:44:00', 47.39, 47.39, 47.39, 47.39, 338]
['2019-03-25 13:43:00', 47.44, 47.44, 47.44, 47.44, 252]
['2019-03-25 13:42:00', 47.475, 47.475, 47.475, 47.475, 611]
['2019-03-25 13:40:00', 47.48, 47.48, 47.48, 47.48, 176]
['2019-03-25 13:39:00', 47.45, 47.45, 47.45, 47.45, 554]
['2019-03-25 13:37:00', 47.46, 47.5, 47.46, 47.5, 648]
['2019-03-25 13:35:00', 47.38, 47.44, 47.38, 47.44, 2105]
['2019-03-25 13:30:00', 47.35, 47.38, 47.35, 47.38, 657]
['2019-03-25 13:29:00', 47.32, 47.32, 47.32, 47.32, 810]
['2019-03-25 13:28:00', 47.3, 47.3, 47.3, 47.3, 564]
['2019-03-25 13:27:00', 47.34, 47.3, 47.3, 47.34, 2071]
['2019-03-25 13:26:00', 47.42, 47.39, 47.39, 47.42, 2071]
['2019-03-25 13:25:00', 47.295, 47.435, 47.295, 47.435, 18239]
['2019-03-25 13:24:00', 47.37, 47.34, 47.34, 47.37, 13706]
['2019-03-25 13:22:00', 47.42, 47.42, 47.42, 47.42, 317]
['2019-03-25 13:20:00', 47.35, 47.35, 47.35, 47.35, 780]
['2019-03-25 13:18:00', 47.3, 47.3175, 47.3, 47.3175, 858]
['2019-03-25 13:17:00', 47.4, 47.4, 47.4, 47.4, 326]
['2019-03-25 13:16:00', 47.39, 47.39, 47.39, 47.39, 773]
['2019-03-25 13:14:00', 47.42, 47.42, 47.42, 47.42, 425]
['2019-03-25 13:13:00', 47.36, 47.41, 47.36, 47.41, 1460]
['2019-03-25 13:12:00', 47.35, 47.35, 47.35, 47.35, 320]
['2019-03-25 13:11:00', 47.33, 47.33, 47.33, 47.33, 101]
['2019-03-25 13:09:00', 47.325, 47.325, 47.325, 47.325, 301]
['2019-03-25 13:08:00', 47.36, 47.36, 47.36, 47.36, 509]
['2019-03-25 13:07:00', 47.39, 47.39, 47.39, 47.39, 858]
['2019-03-25 13:06:00', 47.34, 47.32, 47.32, 47.34, 1451]
['2019-03-25 13:05:00', 47.31, 47.31, 47.31, 47.31, 315]
['2019-03-25 13:04:00', 47.33, 47.33, 47.33, 47.33, 619]
['2019-03-25 13:03:00', 47.39, 47.39, 47.39, 47.39, 101]
['2019-03-25 13:01:00', 47.39, 47.39, 47.39, 47.39, 390]
['2019-03-25 13:00:00', 47.395, 47.395, 47.395, 47.395, 947]
['2019-03-25 12:59:00', 47.39, 47.37, 47.37, 47.39, 1716]
['2019-03-25 12:58:00', 47.39, 47.39, 47.39, 47.39, 608]
['2019-03-25 12:57:00', 47.3106, 47.3106, 47.3106, 47.3106, 505]
['2019-03-25 12:56:00', 47.3101, 47.3101, 47.3101, 47.3101, 1468]
['2019-03-25 12:54:00', 47.42, 47.42, 47.42, 47.42, 465]
['2019-03-25 12:52:00', 47.49, 47.49, 47.49, 47.49, 505]
['2019-03-25 12:51:00', 47.47, 47.47, 47.47, 47.47, 638]
['2019-03-25 12:49:00', 47.46, 47.46, 47.46, 47.46, 313]
['2019-03-25 12:47:00', 47.47, 47.44, 47.44, 47.47, 832]
['2019-03-25 12:45:00', 47.43, 47.43, 47.43, 47.43, 173]
['2019-03-25 12:44:00', 47.43, 47.43, 47.43, 47.43, 296]
['2019-03-25 12:42:00', 47.5, 47.46, 47.46, 47.5, 3874]
['2019-03-25 12:41:00', 47.47, 47.47, 47.47, 47.47, 679]
['2019-03-25 12:39:00', 47.55, 47.58, 47.55, 47.58, 821]
['2019-03-25 12:38:00', 47.53, 47.54, 47.52, 47.54, 2589]
['2019-03-25 12:37:00', 47.52, 47.52, 47.52, 47.52, 985]
['2019-03-25 12:36:00', 47.52, 47.49, 47.49, 47.52, 1500]
['2019-03-25 12:35:00', 47.53, 47.53, 47.53, 47.53, 367]
['2019-03-25 12:34:00', 47.555, 47.555, 47.555, 47.555, 823]
['2019-03-25 12:33:00', 47.575, 47.575, 47.575, 47.575, 433]
['2019-03-25 12:32:00', 47.59, 47.59, 47.59, 47.59, 899]
['2019-03-25 12:31:00', 47.615, 47.59, 47.59, 47.615, 1905]
['2019-03-25 12:30:00', 47.5825, 47.6, 47.5825, 47.6, 2199]
['2019-03-25 12:29:00', 47.59, 47.59, 47.59, 47.59, 396]
['2019-03-25 12:28:00', 47.62, 47.59, 47.59, 47.62, 1745]
['2019-03-25 12:27:00', 47.66, 47.66, 47.66, 47.66, 100]
['2019-03-25 12:26:00', 47.63, 47.63, 47.63, 47.63, 747]
['2019-03-25 12:25:00', 47.645, 47.65, 47.6325, 47.65, 12222]
['2019-03-25 12:24:00', 47.65, 47.65, 47.65, 47.65, 411]
['2019-03-25 12:23:00', 47.615, 47.615, 47.615, 47.615, 301]
['2019-03-25 12:18:00', 47.61, 47.61, 47.61, 47.61, 130]
['2019-03-25 12:15:00', 47.61, 47.61, 47.61, 47.61, 1013]
['2019-03-25 12:14:00', 47.635, 47.635, 47.635, 47.635, 503]
['2019-03-25 12:13:00', 47.64, 47.64, 47.64, 47.64, 301]
['2019-03-25 12:12:00', 47.63, 47.63, 47.63, 47.63, 800]
['2019-03-25 12:11:00', 47.565, 47.565, 47.565, 47.565, 603]
['2019-03-25 12:09:00', 47.62, 47.62, 47.62, 47.62, 110]
['2019-03-25 12:08:00', 47.62, 47.62, 47.62, 47.62, 332]
['2019-03-25 12:07:00', 47.63, 47.63, 47.63, 47.63, 412]
['2019-03-25 12:06:00', 47.66, 47.66, 47.66, 47.66, 506]
['2019-03-25 12:05:00', 47.6, 47.6, 47.6, 47.6, 812]
['2019-03-25 12:04:00', 47.45, 47.45, 47.45, 47.45, 1154]
['2019-03-25 12:03:00', 47.43, 47.43, 47.43, 47.43, 699]
['2019-03-25 12:02:00', 47.41, 47.41, 47.41, 47.41, 591]
['2019-03-25 12:01:00', 47.43, 47.43, 47.43, 47.43, 618]
['2019-03-25 11:59:00', 47.4, 47.4, 47.4, 47.4, 1020]
['2019-03-25 11:54:00', 47.42, 47.46, 47.42, 47.5, 2571]
['2019-03-25 11:53:00', 47.41, 47.41, 47.41, 47.41, 1101]
['2019-03-25 11:52:00', 47.42, 47.4, 47.385, 47.42, 9714]
['2019-03-25 11:51:00', 47.35, 47.39, 47.35, 47.39, 2369]
['2019-03-25 11:50:00', 47.35, 47.35, 47.35, 47.35, 2800]
['2019-03-25 11:49:00', 47.29, 47.4, 47.29, 47.4, 7638]
['2019-03-25 11:46:00', 47.295, 47.295, 47.295, 47.295, 303]
['2019-03-25 11:45:00', 47.29, 47.29, 47.29, 47.29, 754]
['2019-03-25 11:44:00', 47.345, 47.345, 47.345, 47.345, 1010]
['2019-03-25 11:43:00', 47.29, 47.36, 47.29, 47.36, 2878]
['2019-03-25 11:41:00', 47.3, 47.3, 47.3, 47.3, 418]
['2019-03-25 11:40:00', 47.305, 47.305, 47.305, 47.305, 608]
['2019-03-25 11:38:00', 47.295, 47.295, 47.295, 47.295, 285]
['2019-03-25 11:37:00', 47.305, 47.305, 47.305, 47.305, 227]
['2019-03-25 11:35:00', 47.355, 47.355, 47.355, 47.355, 302]
['2019-03-25 11:34:00', 47.4, 47.4, 47.4, 47.4, 981]
['2019-03-25 11:32:00', 47.54, 47.54, 47.54, 47.54, 634]
['2019-03-25 11:30:00', 47.54, 47.53, 47.53, 47.54, 1270]
['2019-03-25 11:29:00', 47.455, 47.455, 47.455, 47.455, 680]
['2019-03-25 11:27:00', 47.47, 47.47, 47.47, 47.47, 332]
['2019-03-25 11:26:00', 47.4, 47.4, 47.4, 47.4, 101]
['2019-03-25 11:25:00', 47.38, 47.38, 47.38, 47.38, 1230]
['2019-03-25 11:24:00', 47.39, 47.39, 47.39, 47.39, 651]
['2019-03-25 11:22:00', 47.28, 47.3083, 47.28, 47.31, 3670]
['2019-03-25 11:21:00', 47.29, 47.29, 47.29, 47.29, 702]
['2019-03-25 11:20:00', 47.23, 47.23, 47.23, 47.23, 831]
['2019-03-25 11:18:00', 47.3, 47.2298, 47.2298, 47.3, 1766]
['2019-03-25 11:17:00', 47.27, 47.27, 47.27, 47.27, 433]
['2019-03-25 11:16:00', 47.155, 47.2, 47.155, 47.2, 1757]
['2019-03-25 11:15:00', 47.105, 47.105, 47.105, 47.105, 1011]
['2019-03-25 11:14:00', 47.04, 47.04, 47.04, 47.04, 737]
['2019-03-25 11:11:00', 47.0161, 47.02, 47.0161, 47.02, 1146]
['2019-03-25 11:09:00', 47.12, 47.12, 47.12, 47.12, 456]
['2019-03-25 11:08:00', 47.05, 47.05, 47.05, 47.05, 450]
['2019-03-25 11:06:00', 47.0, 47.0, 47.0, 47.0, 705]
['2019-03-25 11:05:00', 46.97, 46.94, 46.94, 47.01, 3471]
['2019-03-25 11:04:00', 46.92, 46.92, 46.92, 46.92, 752]
['2019-03-25 11:02:00', 46.99, 46.94, 46.94, 46.99, 1852]
['2019-03-25 11:00:00', 46.93, 46.93, 46.93, 46.93, 1001]
['2019-03-25 10:59:00', 47.14, 47.08, 47.08, 47.14, 2107]
['2019-03-25 10:58:00', 47.15, 47.15, 47.15, 47.15, 1282]
['2019-03-25 10:57:00', 47.1024, 47.1024, 47.1024, 47.1024, 701]
['2019-03-25 10:55:00', 47.22, 47.22, 47.22, 47.22, 808]
['2019-03-25 10:54:00', 47.18, 47.18, 47.18, 47.18, 699]
['2019-03-25 10:53:00', 47.16, 47.16, 47.16, 47.16, 1196]
['2019-03-25 10:52:00', 47.0673, 47.0673, 47.0673, 47.0673, 443]
['2019-03-25 10:50:00', 46.98, 46.98, 46.98, 46.98, 651]
['2019-03-25 10:49:00', 47.04, 47.025, 47.025, 47.04, 1675]
['2019-03-25 10:48:00', 46.98, 46.99, 46.98, 46.99, 2488]
['2019-03-25 10:47:00', 47.03, 47.03, 47.03, 47.03, 145]
['2019-03-25 10:46:00', 47.0, 47.0, 47.0, 47.0, 651]
['2019-03-25 10:45:00', 46.855, 46.91, 46.855, 46.91, 1827]
['2019-03-25 10:43:00', 46.925, 46.925, 46.925, 46.925, 378]
['2019-03-25 10:42:00', 46.91, 46.91, 46.91, 46.91, 625]
['2019-03-25 10:40:00', 47.065, 47.01, 47.01, 47.065, 1489]
['2019-03-25 10:39:00', 47.0709, 47.0709, 47.0709, 47.0709, 707]
['2019-03-25 10:37:00', 47.01, 47.07, 47.01, 47.07, 2402]
['2019-03-25 10:36:00', 47.08, 47.08, 47.08, 47.08, 618]
['2019-03-25 10:35:00', 47.055, 47.055, 47.055, 47.055, 1242]
['2019-03-25 10:34:00', 47.2, 47.13, 47.13, 47.2, 2062]
['2019-03-25 10:32:00', 47.15, 47.13, 47.13, 47.15, 1935]
['2019-03-25 10:30:00', 47.08, 47.08, 47.08, 47.08, 463]
['2019-03-25 10:29:00', 47.1297, 47.1297, 47.1297, 47.1297, 216]
['2019-03-25 10:27:00', 47.05, 47.08, 47.05, 47.08, 855]
['2019-03-25 10:26:00', 46.97, 46.97, 46.97, 46.97, 548]
['2019-03-25 10:23:00', 47.05, 46.96, 46.96, 47.05, 1430]
['2019-03-25 10:22:00', 47.0, 47.0, 47.0, 47.0, 1489]
['2019-03-25 10:21:00', 46.92, 46.95, 46.92, 46.95, 1663]
['2019-03-25 10:19:00', 46.99, 46.99, 46.99, 46.99, 401]
['2019-03-25 10:18:00', 46.96, 46.96, 46.96, 46.96, 1390]
['2019-03-25 10:17:00', 47.0, 47.0, 47.0, 47.0, 1694]
['2019-03-25 10:16:00', 47.09, 47.1, 47.09, 47.1, 1768]
['2019-03-25 10:15:00', 47.09, 47.09, 47.09, 47.09, 458]
['2019-03-25 10:13:00', 47.14, 47.12, 47.12, 47.14, 2753]
['2019-03-25 10:11:00', 47.23, 47.26, 47.23, 47.26, 3621]
['2019-03-25 10:08:00', 47.22, 47.22, 47.22, 47.22, 686]
['2019-03-25 10:05:00', 47.28, 47.28, 47.28, 47.28, 657]
['2019-03-25 10:01:00', 47.316, 47.316, 47.316, 47.316, 1065]
['2019-03-25 10:00:00', 47.43, 47.43, 47.43, 47.43, 232]
['2019-03-25 09:57:00', 47.51, 47.42, 47.42, 47.51, 1384]
['2019-03-25 09:55:00', 47.62, 47.62, 47.62, 47.62, 521]
['2019-03-25 09:54:00', 47.685, 47.685, 47.685, 47.685, 501]
['2019-03-25 09:53:00', 47.755, 47.755, 47.755, 47.755, 428]
['2019-03-25 09:52:00', 47.7, 47.7, 47.7, 47.7, 1633]
['2019-03-25 09:51:00', 47.63, 47.63, 47.63, 47.63, 325]
['2019-03-25 09:49:00', 47.95, 47.86, 47.86, 47.95, 1682]
['2019-03-25 09:46:00', 47.91, 47.91, 47.91, 47.91, 311]
['2019-03-25 09:45:00', 47.9894, 47.9894, 47.9894, 47.9894, 1158]
['2019-03-25 09:44:00', 47.98, 47.98, 47.98, 47.98, 643]
['2019-03-25 09:42:00', 47.97, 47.97, 47.97, 47.97, 1375]
['2019-03-25 09:40:00', 47.94, 47.94, 47.94, 47.94, 1525]
['2019-03-25 09:36:00', 47.87, 47.87, 47.87, 47.87, 2200]
['2019-03-25 09:35:00', 47.83, 47.83, 47.83, 47.83, 749]
['2019-03-25 09:34:00', 47.67, 47.67, 47.67, 47.67, 961]
['2019-03-25 09:31:00', 47.61, 47.58, 47.58, 47.61, 0]
