ADVM
['2019-03-29 16:00:00', 5.24, 5.23, 5.23, 5.24, 14476]
['2019-03-29 15:59:00', 5.24, 5.24, 5.24, 5.24, 2088]
['2019-03-29 15:58:00', 5.235, 5.24, 5.235, 5.24, 4553]
['2019-03-29 15:57:00', 5.25, 5.25, 5.25, 5.25, 1303]
['2019-03-29 15:56:00', 5.24, 5.24, 5.24, 5.24, 4207]
['2019-03-29 15:55:00', 5.24, 5.23, 5.23, 5.24, 4476]
['2019-03-29 15:53:00', 5.24, 5.24, 5.24, 5.24, 2400]
['2019-03-29 15:52:00', 5.23, 5.23, 5.23, 5.23, 990]
['2019-03-29 15:51:00', 5.23, 5.23, 5.23, 5.23, 1300]
['2019-03-29 15:50:00', 5.23, 5.23, 5.23, 5.23, 137]
['2019-03-29 15:49:00', 5.22, 5.22, 5.22, 5.22, 1403]
['2019-03-29 15:48:00', 5.22, 5.22, 5.22, 5.22, 805]
['2019-03-29 15:47:00', 5.22, 5.23, 5.22, 5.23, 3000]
['2019-03-29 15:46:00', 5.2201, 5.2201, 5.2201, 5.2201, 2349]
['2019-03-29 15:44:00', 5.22, 5.22, 5.22, 5.22, 359]
['2019-03-29 15:41:00', 5.23, 5.23, 5.23, 5.23, 800]
['2019-03-29 15:40:00', 5.22, 5.23, 5.22, 5.23, 1855]
['2019-03-29 15:38:00', 5.22, 5.22, 5.22, 5.22, 1739]
['2019-03-29 15:34:00', 5.24, 5.24, 5.24, 5.24, 101]
['2019-03-29 15:33:00', 5.23, 5.23, 5.23, 5.23, 1243]
['2019-03-29 15:32:00', 5.24, 5.231, 5.231, 5.24, 2700]
['2019-03-29 15:31:00', 5.25, 5.25, 5.25, 5.25, 109]
['2019-03-29 15:29:00', 5.25, 5.25, 5.25, 5.25, 1100]
['2019-03-29 15:27:00', 5.25, 5.24, 5.24, 5.25, 2200]
['2019-03-29 15:26:00', 5.27, 5.27, 5.27, 5.27, 303]
['2019-03-29 15:24:00', 5.26, 5.26, 5.26, 5.26, 300]
['2019-03-29 15:23:00', 5.27, 5.27, 5.27, 5.27, 567]
['2019-03-29 15:20:00', 5.277, 5.28, 5.277, 5.28, 1435]
['2019-03-29 15:19:00', 5.2788, 5.2788, 5.2788, 5.2788, 855]
['2019-03-29 15:17:00', 5.27, 5.27, 5.27, 5.27, 565]
['2019-03-29 15:16:00', 5.25, 5.25, 5.25, 5.25, 817]
['2019-03-29 15:15:00', 5.27, 5.27, 5.27, 5.27, 15000]
['2019-03-29 15:13:00', 5.28, 5.28, 5.28, 5.28, 472]
['2019-03-29 15:11:00', 5.28, 5.28, 5.28, 5.28, 305]
['2019-03-29 15:09:00', 5.29, 5.29, 5.28, 5.29, 1358]
['2019-03-29 15:03:00', 5.3, 5.3, 5.3, 5.3, 1002]
['2019-03-29 15:01:00', 5.32, 5.32, 5.32, 5.32, 453]
['2019-03-29 15:00:00', 5.32, 5.32, 5.32, 5.32, 638]
['2019-03-29 14:58:00', 5.33, 5.33, 5.33, 5.33, 300]
['2019-03-29 14:56:00', 5.33, 5.33, 5.33, 5.33, 311]
['2019-03-29 14:54:00', 5.33, 5.33, 5.33, 5.33, 240]
['2019-03-29 14:52:00', 5.33, 5.33, 5.33, 5.33, 1171]
['2019-03-29 14:51:00', 5.34, 5.34, 5.34, 5.34, 681]
['2019-03-29 14:49:00', 5.3384, 5.3384, 5.3384, 5.3384, 621]
['2019-03-29 14:48:00', 5.33, 5.33, 5.33, 5.33, 700]
['2019-03-29 14:46:00', 5.33, 5.33, 5.33, 5.33, 1212]
['2019-03-29 14:45:00', 5.33, 5.33, 5.33, 5.33, 1088]
['2019-03-29 14:44:00', 5.36, 5.33, 5.33, 5.36, 3465]
['2019-03-29 14:42:00', 5.33, 5.33, 5.33, 5.33, 412]
['2019-03-29 14:36:00', 5.34, 5.34, 5.34, 5.34, 801]
['2019-03-29 14:31:00', 5.33, 5.35, 5.33, 5.35, 1179]
['2019-03-29 14:26:00', 5.33, 5.33, 5.33, 5.33, 961]
['2019-03-29 14:25:00', 5.34, 5.34, 5.34, 5.34, 1000]
['2019-03-29 14:23:00', 5.35, 5.35, 5.35, 5.35, 321]
['2019-03-29 14:21:00', 5.34, 5.33, 5.33, 5.34, 1245]
['2019-03-29 14:19:00', 5.36, 5.36, 5.36, 5.36, 600]
['2019-03-29 14:16:00', 5.35, 5.35, 5.35, 5.35, 140]
['2019-03-29 14:13:00', 5.35, 5.35, 5.35, 5.35, 1000]
['2019-03-29 14:10:00', 5.32, 5.32, 5.32, 5.32, 100]
['2019-03-29 14:07:00', 5.32, 5.32, 5.32, 5.32, 100]
['2019-03-29 14:01:00', 5.33, 5.32, 5.32, 5.33, 1472]
['2019-03-29 14:00:00', 5.32, 5.32, 5.32, 5.32, 505]
['2019-03-29 13:55:00', 5.3, 5.3, 5.3, 5.3, 195]
['2019-03-29 13:54:00', 5.33, 5.33, 5.33, 5.33, 100]
['2019-03-29 13:49:00', 5.31, 5.31, 5.31, 5.31, 400]
['2019-03-29 13:48:00', 5.27, 5.27, 5.27, 5.27, 2380]
['2019-03-29 13:47:00', 5.31, 5.29, 5.29, 5.31, 2507]
['2019-03-29 13:46:00', 5.31, 5.31, 5.31, 5.31, 800]
['2019-03-29 13:37:00', 5.335, 5.32, 5.32, 5.335, 1878]
['2019-03-29 13:31:00', 5.31, 5.31, 5.31, 5.31, 1402]
['2019-03-29 13:27:00', 5.33, 5.33, 5.33, 5.33, 305]
['2019-03-29 13:25:00', 5.33, 5.33, 5.33, 5.33, 226]
['2019-03-29 13:19:00', 5.35, 5.35, 5.35, 5.35, 916]
['2019-03-29 13:18:00', 5.37, 5.37, 5.37, 5.37, 509]
['2019-03-29 13:11:00', 5.39, 5.39, 5.39, 5.39, 600]
['2019-03-29 13:05:00', 5.39, 5.39, 5.39, 5.39, 1274]
['2019-03-29 13:00:00', 5.4, 5.4, 5.4, 5.4, 200]
['2019-03-29 12:58:00', 5.4, 5.4, 5.4, 5.4, 830]
['2019-03-29 12:56:00', 5.39, 5.4, 5.39, 5.4, 1197]
['2019-03-29 12:45:00', 5.3708, 5.3708, 5.3708, 5.3708, 502]
['2019-03-29 12:42:00', 5.4, 5.4, 5.4, 5.4, 220]
['2019-03-29 12:39:00', 5.37, 5.37, 5.37, 5.37, 405]
['2019-03-29 12:38:00', 5.38, 5.38, 5.38, 5.38, 255]
['2019-03-29 12:37:00', 5.39, 5.39, 5.39, 5.39, 600]
['2019-03-29 12:34:00', 5.42, 5.436, 5.42, 5.436, 2207]
['2019-03-29 12:33:00', 5.39, 5.42, 5.39, 5.42, 1696]
['2019-03-29 12:30:00', 5.4, 5.4, 5.4, 5.4, 717]
['2019-03-29 12:29:00', 5.405, 5.405, 5.405, 5.405, 443]
['2019-03-29 12:28:00', 5.37, 5.44, 5.37, 5.44, 10635]
['2019-03-29 12:27:00', 5.36, 5.35, 5.35, 5.36, 1693]
['2019-03-29 12:25:00', 5.32, 5.35, 5.32, 5.35, 3001]
['2019-03-29 12:23:00', 5.32, 5.32, 5.32, 5.32, 2000]
['2019-03-29 12:22:00', 5.305, 5.305, 5.305, 5.305, 1496]
['2019-03-29 12:21:00', 5.29, 5.3, 5.29, 5.3, 9471]
['2019-03-29 12:15:00', 5.25, 5.25, 5.25, 5.25, 810]
['2019-03-29 12:14:00', 5.26, 5.26, 5.26, 5.26, 400]
['2019-03-29 12:12:00', 5.25, 5.25, 5.25, 5.25, 710]
['2019-03-29 12:09:00', 5.2334, 5.2334, 5.2334, 5.2334, 1110]
['2019-03-29 12:07:00', 5.25, 5.25, 5.25, 5.25, 364]
['2019-03-29 12:04:00', 5.2498, 5.2498, 5.2498, 5.2498, 1000]
['2019-03-29 11:58:00', 5.24, 5.24, 5.24, 5.24, 233]
['2019-03-29 11:56:00', 5.24, 5.24, 5.24, 5.24, 405]
['2019-03-29 11:55:00', 5.23, 5.23, 5.23, 5.23, 1105]
['2019-03-29 11:54:00', 5.25, 5.25, 5.25, 5.25, 320]
['2019-03-29 11:47:00', 5.25, 5.25, 5.25, 5.25, 1039]
['2019-03-29 11:44:00', 5.29, 5.29, 5.29, 5.29, 700]
['2019-03-29 11:43:00', 5.28, 5.29, 5.28, 5.29, 1540]
['2019-03-29 11:41:00', 5.27, 5.27, 5.27, 5.27, 900]
['2019-03-29 11:35:00', 5.26, 5.26, 5.26, 5.26, 398]
['2019-03-29 11:33:00', 5.26, 5.26, 5.26, 5.26, 1412]
['2019-03-29 11:32:00', 5.25, 5.25, 5.25, 5.25, 1500]
['2019-03-29 11:29:00', 5.25, 5.25, 5.25, 5.25, 2100]
['2019-03-29 11:28:00', 5.22, 5.26, 5.22, 5.28, 32173]
['2019-03-29 11:27:00', 5.19, 5.19, 5.19, 5.19, 307]
['2019-03-29 11:25:00', 5.18, 5.18, 5.18, 5.18, 200]
['2019-03-29 11:20:00', 5.18, 5.18, 5.18, 5.18, 365]
['2019-03-29 11:18:00', 5.165, 5.165, 5.165, 5.165, 535]
['2019-03-29 11:13:00', 5.13, 5.13, 5.13, 5.13, 905]
['2019-03-29 11:09:00', 5.16, 5.16, 5.16, 5.16, 400]
['2019-03-29 11:08:00', 5.14, 5.14, 5.14, 5.14, 303]
['2019-03-29 11:04:00', 5.17, 5.15, 5.15, 5.17, 500]
['2019-03-29 11:02:00', 5.16, 5.16, 5.16, 5.16, 607]
['2019-03-29 11:00:00', 5.16, 5.16, 5.16, 5.16, 505]
['2019-03-29 10:59:00', 5.14, 5.14, 5.14, 5.14, 100]
['2019-03-29 10:57:00', 5.14, 5.14, 5.14, 5.14, 100]
['2019-03-29 10:54:00', 5.15, 5.15, 5.15, 5.15, 600]
['2019-03-29 10:53:00', 5.165, 5.165, 5.165, 5.165, 511]
['2019-03-29 10:51:00', 5.2, 5.2, 5.2, 5.2, 1472]
['2019-03-29 10:45:00', 5.16, 5.16, 5.16, 5.16, 1928]
['2019-03-29 10:43:00', 5.15, 5.15, 5.15, 5.15, 300]
['2019-03-29 10:42:00', 5.15, 5.15, 5.15, 5.15, 600]
['2019-03-29 10:40:00', 5.15, 5.15, 5.15, 5.15, 200]
['2019-03-29 10:38:00', 5.16, 5.16, 5.16, 5.16, 905]
['2019-03-29 10:37:00', 5.17, 5.17, 5.17, 5.17, 700]
['2019-03-29 10:34:00', 5.16, 5.16, 5.16, 5.16, 10986]
['2019-03-29 10:33:00', 5.16, 5.16, 5.16, 5.16, 806]
['2019-03-29 10:32:00', 5.13, 5.13, 5.13, 5.13, 251]
['2019-03-29 10:31:00', 5.14, 5.14, 5.14, 5.14, 200]
['2019-03-29 10:30:00', 5.13, 5.13, 5.13, 5.13, 300]
['2019-03-29 10:27:00', 5.13, 5.13, 5.13, 5.13, 300]
['2019-03-29 10:23:00', 5.145, 5.145, 5.145, 5.145, 4725]
['2019-03-29 10:22:00', 5.17, 5.17, 5.17, 5.17, 3324]
['2019-03-29 10:21:00', 5.17, 5.17, 5.17, 5.17, 343]
['2019-03-29 10:19:00', 5.18, 5.19, 5.18, 5.19, 1766]
['2019-03-29 10:16:00', 5.185, 5.17, 5.17, 5.185, 8812]
['2019-03-29 10:15:00', 5.19, 5.19, 5.19, 5.19, 100]
['2019-03-29 10:08:00', 5.22, 5.22, 5.22, 5.22, 338]
['2019-03-29 10:04:00', 5.19, 5.19, 5.19, 5.19, 2065]
['2019-03-29 10:02:00', 5.17, 5.17, 5.17, 5.17, 400]
['2019-03-29 10:00:00', 5.205, 5.205, 5.205, 5.205, 2726]
['2019-03-29 09:58:00', 5.14, 5.14, 5.14, 5.14, 209]
['2019-03-29 09:57:00', 5.15, 5.15, 5.15, 5.15, 200]
['2019-03-29 09:54:00', 5.09, 5.09, 5.09, 5.09, 400]
['2019-03-29 09:51:00', 5.0684, 5.0684, 5.0684, 5.0684, 917]
['2019-03-29 09:49:00', 5.11, 5.11, 5.11, 5.11, 700]
['2019-03-29 09:45:00', 5.1, 5.155, 5.1, 5.155, 1548]
['2019-03-29 09:44:00', 5.06, 5.06, 5.06, 5.06, 305]
['2019-03-29 09:40:00', 5.12, 5.12, 5.12, 5.12, 300]
['2019-03-29 09:31:00', 5.0451, 5.0451, 5.0451, 5.0451, 3379]
['2019-03-28 16:00:00', 5.055, 5.05, 5.05, 5.06, 18774]
['2019-03-28 15:59:00', 5.06, 5.06, 5.06, 5.06, 1200]
['2019-03-28 15:58:00', 5.04, 5.06, 5.04, 5.06, 9109]
['2019-03-28 15:56:00', 5.05, 5.035, 5.035, 5.05, 7088]
['2019-03-28 15:55:00', 5.06, 5.05, 5.05, 5.06, 2306]
['2019-03-28 15:54:00', 5.06, 5.06, 5.06, 5.06, 700]
['2019-03-28 15:53:00', 5.06, 5.06, 5.06, 5.06, 960]
['2019-03-28 15:51:00', 5.06, 5.06, 5.06, 5.06, 1416]
['2019-03-28 15:50:00', 5.06, 5.06, 5.06, 5.06, 100]
['2019-03-28 15:48:00', 5.075, 5.07, 5.07, 5.075, 2960]
['2019-03-28 15:47:00', 5.08, 5.08, 5.08, 5.08, 910]
['2019-03-28 15:46:00', 5.07, 5.07, 5.07, 5.07, 210]
['2019-03-28 15:45:00', 5.07, 5.07, 5.07, 5.07, 504]
['2019-03-28 15:42:00', 5.07, 5.07, 5.07, 5.075, 1621]
['2019-03-28 15:41:00', 5.065, 5.05, 5.05, 5.07, 5033]
['2019-03-28 15:40:00', 5.065, 5.065, 5.065, 5.065, 500]
['2019-03-28 15:38:00', 5.045, 5.06, 5.045, 5.06, 6070]
['2019-03-28 15:37:00', 5.05, 5.05, 5.05, 5.05, 410]
['2019-03-28 15:35:00', 5.05, 5.05, 5.05, 5.05, 1109]
['2019-03-28 15:31:00', 5.025, 5.025, 5.025, 5.025, 1587]
['2019-03-28 15:30:00', 5.05, 5.05, 5.05, 5.05, 255]
['2019-03-28 15:29:00', 5.05, 5.05, 5.05, 5.05, 860]
['2019-03-28 15:28:00', 5.04, 5.04, 5.04, 5.04, 3512]
['2019-03-28 15:27:00', 5.03, 5.03, 5.03, 5.03, 100]
['2019-03-28 15:26:00', 5.03, 5.03, 5.03, 5.03, 200]
['2019-03-28 15:25:00', 5.01, 5.01, 5.01, 5.01, 400]
['2019-03-28 15:22:00', 5.0, 5.02, 5.0, 5.02, 2338]
['2019-03-28 15:21:00', 5.0, 5.0, 5.0, 5.0, 2550]
['2019-03-28 15:19:00', 4.99, 4.99, 4.99, 4.99, 500]
['2019-03-28 15:17:00', 5.0, 5.0, 5.0, 5.0, 2300]
['2019-03-28 15:16:00', 5.0, 5.0, 5.0, 5.0, 300]
['2019-03-28 15:15:00', 5.0, 5.0, 5.0, 5.0, 500]
['2019-03-28 15:12:00', 5.0, 5.0, 5.0, 5.0, 3716]
['2019-03-28 15:11:00', 5.0, 5.0, 4.99, 5.0, 4827]
['2019-03-28 15:07:00', 4.99, 4.99, 4.99, 4.99, 300]
['2019-03-28 15:05:00', 5.0, 5.0, 5.0, 5.0, 400]
['2019-03-28 15:03:00', 4.99, 4.99, 4.99, 4.99, 900]
['2019-03-28 15:02:00', 4.9708, 4.99, 4.9708, 4.99, 2405]
['2019-03-28 14:57:00', 4.97, 4.97, 4.97, 4.97, 200]
['2019-03-28 14:55:00', 4.97, 4.97, 4.97, 4.97, 400]
['2019-03-28 14:53:00', 4.98, 4.98, 4.98, 4.98, 1000]
['2019-03-28 14:45:00', 4.99, 4.99, 4.99, 4.99, 405]
['2019-03-28 14:44:00', 5.01, 5.0, 5.0, 5.01, 1756]
['2019-03-28 14:43:00', 5.01, 5.01, 5.0, 5.01, 2671]
['2019-03-28 14:35:00', 5.03, 5.03, 5.03, 5.03, 535]
['2019-03-28 14:34:00', 5.01, 5.01, 5.01, 5.01, 200]
['2019-03-28 14:29:00', 5.03, 5.03, 5.03, 5.03, 400]
['2019-03-28 14:28:00', 5.02, 5.02, 5.02, 5.02, 350]
['2019-03-28 14:26:00', 5.02, 5.03, 5.02, 5.03, 1872]
['2019-03-28 14:22:00', 5.01, 5.01, 5.01, 5.01, 1350]
['2019-03-28 14:21:00', 5.01, 5.01, 5.01, 5.01, 200]
['2019-03-28 14:18:00', 5.01, 5.0, 5.0, 5.01, 700]
['2019-03-28 14:16:00', 5.01, 5.02, 5.01, 5.02, 3015]
['2019-03-28 14:14:00', 5.03, 5.03, 5.03, 5.03, 300]
['2019-03-28 14:09:00', 5.03, 5.03, 5.03, 5.03, 300]
['2019-03-28 14:00:00', 5.06, 5.06, 5.06, 5.06, 405]
['2019-03-28 13:57:00', 5.05, 5.06, 5.05, 5.06, 3071]
['2019-03-28 13:52:00', 5.04, 5.04, 5.04, 5.04, 1248]
['2019-03-28 13:51:00', 5.06, 5.06, 5.06, 5.06, 1142]
['2019-03-28 13:46:00', 5.04, 5.04, 5.04, 5.04, 2332]
['2019-03-28 13:45:00', 5.04, 5.04, 5.04, 5.04, 500]
['2019-03-28 13:37:00', 5.04, 5.04, 5.04, 5.04, 805]
['2019-03-28 13:34:00', 5.05, 5.05, 5.05, 5.05, 300]
['2019-03-28 13:30:00', 5.05, 5.05, 5.05, 5.05, 150]
['2019-03-28 13:26:00', 5.06, 5.06, 5.06, 5.06, 1201]
['2019-03-28 13:23:00', 5.075, 5.075, 5.075, 5.075, 588]
['2019-03-28 13:21:00', 5.08, 5.08, 5.08, 5.08, 700]
['2019-03-28 13:20:00', 5.05, 5.05, 5.05, 5.06, 3000]
['2019-03-28 13:13:00', 5.0602, 5.0602, 5.0602, 5.0602, 1420]
['2019-03-28 13:07:00', 5.07, 5.07, 5.07, 5.07, 510]
['2019-03-28 13:04:00', 5.09, 5.09, 5.09, 5.09, 1205]
['2019-03-28 13:02:00', 5.08, 5.08, 5.08, 5.08, 852]
['2019-03-28 12:58:00', 5.07, 5.065, 5.065, 5.07, 778]
['2019-03-28 12:57:00', 5.06, 5.07, 5.06, 5.07, 2700]
['2019-03-28 12:55:00', 5.06, 5.06, 5.06, 5.06, 200]
['2019-03-28 12:49:00', 5.03, 5.03, 5.03, 5.03, 103]
['2019-03-28 12:42:00', 5.045, 5.045, 5.045, 5.045, 1795]
['2019-03-28 12:34:00', 5.01, 5.03, 5.01, 5.03, 2596]
['2019-03-28 12:32:00', 5.03, 5.03, 5.03, 5.03, 300]
['2019-03-28 12:28:00', 5.04, 5.03, 5.03, 5.04, 3229]
['2019-03-28 12:27:00', 5.05, 5.05, 5.05, 5.05, 1306]
['2019-03-28 12:22:00', 5.06, 5.06, 5.06, 5.06, 605]
['2019-03-28 12:11:00', 5.065, 5.06, 5.06, 5.065, 1200]
['2019-03-28 12:09:00', 5.09, 5.09, 5.09, 5.09, 900]
['2019-03-28 12:06:00', 5.06, 5.075, 5.06, 5.075, 1633]
['2019-03-28 12:05:00', 5.07, 5.07, 5.07, 5.07, 840]
['2019-03-28 12:02:00', 5.09, 5.09, 5.09, 5.09, 500]
['2019-03-28 12:00:00', 5.09, 5.08, 5.08, 5.09, 1416]
['2019-03-28 11:56:00', 5.07, 5.07, 5.07, 5.07, 176]
['2019-03-28 11:54:00', 5.06, 5.06, 5.06, 5.06, 1181]
['2019-03-28 11:53:00', 5.04, 5.04, 5.04, 5.04, 1611]
['2019-03-28 11:51:00', 5.05, 5.05, 5.05, 5.05, 1411]
['2019-03-28 11:47:00', 5.04, 5.04, 5.04, 5.04, 800]
['2019-03-28 11:46:00', 5.03, 5.03, 5.03, 5.03, 401]
['2019-03-28 11:45:00', 5.02, 5.02, 5.02, 5.02, 1408]
['2019-03-28 11:44:00', 5.01, 5.01, 5.01, 5.01, 1137]
['2019-03-28 11:41:00', 5.03, 5.03, 5.03, 5.03, 200]
['2019-03-28 11:38:00', 5.05, 5.05, 5.05, 5.05, 720]
['2019-03-28 11:37:00', 5.06, 5.06, 5.06, 5.06, 1275]
['2019-03-28 11:36:00', 5.04, 5.04, 5.04, 5.04, 1241]
['2019-03-28 11:34:00', 5.01, 5.01, 5.01, 5.01, 1600]
['2019-03-28 11:33:00', 4.985, 4.985, 4.985, 4.985, 400]
['2019-03-28 11:29:00', 5.0, 5.0, 5.0, 5.0, 600]
['2019-03-28 11:27:00', 5.02, 5.01, 5.01, 5.02, 1205]
['2019-03-28 11:24:00', 5.03, 5.03, 5.03, 5.03, 1100]
['2019-03-28 11:22:00', 5.01, 5.04, 5.01, 5.04, 8262]
['2019-03-28 11:21:00', 5.0, 5.0, 5.0, 5.0, 400]
['2019-03-28 11:19:00', 4.99, 4.99, 4.99, 4.99, 400]
['2019-03-28 11:18:00', 5.01, 5.01, 5.01, 5.01, 400]
['2019-03-28 11:17:00', 5.0, 5.0, 5.0, 5.0, 200]
['2019-03-28 11:15:00', 5.01, 5.01, 5.01, 5.01, 360]
['2019-03-28 11:13:00', 5.02, 5.01, 5.01, 5.02, 2847]
['2019-03-28 11:10:00', 5.035, 5.035, 5.035, 5.035, 17089]
['2019-03-28 11:08:00', 5.02, 5.02, 5.02, 5.02, 1600]
['2019-03-28 11:06:00', 5.01, 5.01, 5.01, 5.01, 200]
['2019-03-28 11:04:00', 5.03, 5.03, 5.03, 5.03, 305]
['2019-03-28 11:00:00', 5.04, 5.04, 5.04, 5.04, 300]
['2019-03-28 10:58:00', 5.04, 5.04, 5.04, 5.04, 1230]
['2019-03-28 10:57:00', 5.03, 5.03, 5.03, 5.03, 100]
['2019-03-28 10:56:00', 5.05, 5.05, 5.05, 5.05, 100]
['2019-03-28 10:55:00', 5.03, 5.03, 5.03, 5.03, 1071]
['2019-03-28 10:52:00', 5.03, 5.03, 5.03, 5.03, 520]
['2019-03-28 10:50:00', 5.07, 5.05, 5.05, 5.07, 9656]
['2019-03-28 10:46:00', 5.09, 5.09, 5.09, 5.09, 200]
['2019-03-28 10:41:00', 5.0822, 5.0822, 5.0822, 5.0822, 1748]
['2019-03-28 10:40:00', 5.107, 5.107, 5.107, 5.107, 1126]
['2019-03-28 10:36:00', 5.115, 5.115, 5.115, 5.115, 585]
['2019-03-28 10:32:00', 5.1, 5.1, 5.1, 5.1, 1206]
['2019-03-28 10:31:00', 5.08, 5.08, 5.08, 5.08, 250]
['2019-03-28 10:29:00', 5.08, 5.08, 5.08, 5.08, 222]
['2019-03-28 10:24:00', 5.1, 5.13, 5.1, 5.13, 2100]
['2019-03-28 10:23:00', 5.14, 5.14, 5.14, 5.14, 206]
['2019-03-28 10:18:00', 5.1403, 5.1403, 5.1403, 5.1403, 406]
['2019-03-28 10:14:00', 5.1679, 5.1679, 5.1679, 5.1679, 521]
['2019-03-28 10:13:00', 5.15, 5.15, 5.15, 5.15, 10205]
['2019-03-28 10:12:00', 5.2, 5.2, 5.2, 5.2, 483]
['2019-03-28 10:10:00', 5.2, 5.2, 5.2, 5.2, 2110]
['2019-03-28 10:06:00', 5.14, 5.14, 5.14, 5.14, 1229]
['2019-03-28 10:05:00', 5.1, 5.1, 5.1, 5.1, 12201]
['2019-03-28 10:04:00', 5.21, 5.18, 5.18, 5.21, 1735]
['2019-03-28 10:00:00', 5.18, 5.18, 5.18, 5.18, 403]
['2019-03-28 09:54:00', 5.2299, 5.2299, 5.2299, 5.2299, 1390]
['2019-03-28 09:51:00', 5.16, 5.16, 5.16, 5.16, 1600]
['2019-03-28 09:49:00', 5.07, 5.07, 5.07, 5.07, 400]
['2019-03-28 09:48:00', 5.06, 5.06, 5.06, 5.06, 1995]
['2019-03-28 09:46:00', 5.13, 5.13, 5.13, 5.13, 206]
['2019-03-28 09:39:00', 5.16, 5.16, 5.16, 5.16, 600]
['2019-03-28 09:31:00', 5.21, 5.21, 5.21, 5.21, 2856]
['2019-03-27 16:00:00', 5.15, 5.15, 5.15, 5.15, 3596]
['2019-03-27 15:59:00', 5.13, 5.16, 5.13, 5.16, 4702]
['2019-03-27 15:57:00', 5.14, 5.14, 5.14, 5.14, 233]
['2019-03-27 15:56:00', 5.14, 5.14, 5.14, 5.14, 883]
['2019-03-27 15:55:00', 5.16, 5.16, 5.16, 5.16, 1001]
['2019-03-27 15:52:00', 5.16, 5.16, 5.16, 5.16, 1067]
['2019-03-27 15:50:00', 5.17, 5.22, 5.17, 5.22, 6226]
['2019-03-27 15:48:00', 5.16, 5.14, 5.14, 5.16, 859]
['2019-03-27 15:47:00', 5.17, 5.17, 5.17, 5.17, 390]
['2019-03-27 15:46:00', 5.17, 5.17, 5.17, 5.17, 429]
['2019-03-27 15:45:00', 5.16, 5.16, 5.16, 5.16, 1366]
['2019-03-27 15:43:00', 5.16, 5.17, 5.16, 5.17, 2698]
['2019-03-27 15:42:00', 5.17, 5.17, 5.17, 5.17, 1592]
['2019-03-27 15:31:00', 5.21, 5.21, 5.21, 5.21, 1806]
['2019-03-27 15:30:00', 5.21, 5.21, 5.21, 5.21, 596]
['2019-03-27 15:28:00', 5.19, 5.19, 5.19, 5.19, 880]
['2019-03-27 15:25:00', 5.17, 5.18, 5.17, 5.18, 1061]
['2019-03-27 15:24:00', 5.19, 5.19, 5.19, 5.19, 945]
['2019-03-27 15:23:00', 5.17, 5.17, 5.17, 5.17, 100]
['2019-03-27 15:16:00', 5.19, 5.19, 5.19, 5.19, 200]
['2019-03-27 15:14:00', 5.1732, 5.1732, 5.1732, 5.1732, 327]
['2019-03-27 15:08:00', 5.14, 5.16, 5.14, 5.16, 802]
['2019-03-27 15:04:00', 5.14, 5.14, 5.14, 5.14, 400]
['2019-03-27 15:03:00', 5.17, 5.17, 5.17, 5.17, 100]
['2019-03-27 14:58:00', 5.17, 5.17, 5.17, 5.17, 775]
['2019-03-27 14:53:00', 5.2, 5.2, 5.2, 5.2, 202]
['2019-03-27 14:43:00', 5.2, 5.2, 5.2, 5.2, 109]
['2019-03-27 14:42:00', 5.21, 5.21, 5.21, 5.21, 1028]
['2019-03-27 14:39:00', 5.2, 5.2, 5.2, 5.2, 302]
['2019-03-27 14:36:00', 5.22, 5.22, 5.22, 5.22, 434]
['2019-03-27 14:31:00', 5.24, 5.24, 5.24, 5.24, 1158]
['2019-03-27 14:29:00', 5.23, 5.23, 5.23, 5.23, 296]
['2019-03-27 14:22:00', 5.23, 5.23, 5.23, 5.23, 208]
['2019-03-27 14:14:00', 5.22, 5.22, 5.22, 5.22, 780]
['2019-03-27 14:13:00', 5.215, 5.215, 5.215, 5.215, 901]
['2019-03-27 14:10:00', 5.2, 5.2, 5.2, 5.2, 200]
['2019-03-27 14:07:00', 5.18, 5.18, 5.18, 5.18, 700]
['2019-03-27 14:04:00', 5.2, 5.2, 5.2, 5.2, 204]
['2019-03-27 14:02:00', 5.18, 5.18, 5.18, 5.18, 142]
['2019-03-27 13:53:00', 5.21, 5.18, 5.18, 5.21, 300]
['2019-03-27 13:49:00', 5.18, 5.18, 5.18, 5.18, 303]
['2019-03-27 13:46:00', 5.2, 5.2, 5.2, 5.2, 2502]
['2019-03-27 13:43:00', 5.185, 5.185, 5.185, 5.185, 101]
['2019-03-27 13:39:00', 5.18, 5.18, 5.18, 5.18, 163]
['2019-03-27 13:38:00', 5.17, 5.17, 5.17, 5.17, 827]
['2019-03-27 13:30:00', 5.18, 5.18, 5.18, 5.18, 1002]
['2019-03-27 13:23:00', 5.1679, 5.1679, 5.1679, 5.1679, 305]
['2019-03-27 13:15:00', 5.17, 5.17, 5.17, 5.17, 400]
['2019-03-27 13:14:00', 5.15, 5.15, 5.15, 5.15, 803]
['2019-03-27 13:10:00', 5.13, 5.13, 5.13, 5.13, 205]
['2019-03-27 13:06:00', 5.13, 5.13, 5.13, 5.13, 4376]
['2019-03-27 13:05:00', 5.15, 5.14, 5.14, 5.15, 4300]
['2019-03-27 13:03:00', 5.15, 5.15, 5.15, 5.15, 2600]
['2019-03-27 13:01:00', 5.145, 5.145, 5.145, 5.145, 922]
['2019-03-27 13:00:00', 5.175, 5.175, 5.175, 5.175, 1000]
['2019-03-27 12:56:00', 5.1858, 5.1858, 5.1858, 5.1858, 7685]
['2019-03-27 12:52:00', 5.1641, 5.1641, 5.1641, 5.1641, 200]
['2019-03-27 12:50:00', 5.18, 5.18, 5.18, 5.18, 100]
['2019-03-27 12:45:00', 5.16, 5.16, 5.16, 5.16, 301]
['2019-03-27 12:44:00', 5.145, 5.145, 5.145, 5.145, 1418]
['2019-03-27 12:41:00', 5.15, 5.15, 5.15, 5.15, 1723]
['2019-03-27 12:38:00', 5.14, 5.14, 5.14, 5.14, 700]
['2019-03-27 12:37:00', 5.14, 5.14, 5.14, 5.14, 1152]
['2019-03-27 12:35:00', 5.13, 5.13, 5.13, 5.13, 1013]
['2019-03-27 12:32:00', 5.11, 5.12, 5.11, 5.12, 1401]
['2019-03-27 12:31:00', 5.12, 5.12, 5.12, 5.12, 3000]
['2019-03-27 12:29:00', 5.1, 5.1, 5.1, 5.1, 300]
['2019-03-27 12:22:00', 5.11, 5.11, 5.11, 5.11, 100]
['2019-03-27 12:21:00', 5.08, 5.08, 5.08, 5.08, 200]
['2019-03-27 12:14:00', 5.11, 5.11, 5.11, 5.11, 505]
['2019-03-27 12:07:00', 5.07, 5.07, 5.07, 5.07, 500]
['2019-03-27 12:03:00', 5.055, 5.055, 5.055, 5.055, 401]
['2019-03-27 12:00:00', 5.03, 5.03, 5.03, 5.03, 1272]
['2019-03-27 11:59:00', 5.07, 5.01, 5.0, 5.07, 16047]
['2019-03-27 11:58:00', 5.0676, 5.0676, 5.0676, 5.0676, 1326]
['2019-03-27 11:54:00', 5.075, 5.06, 5.06, 5.075, 2443]
['2019-03-27 11:53:00', 5.095, 5.08, 5.08, 5.095, 2380]
['2019-03-27 11:51:00', 5.08, 5.08, 5.08, 5.08, 5569]
['2019-03-27 11:43:00', 5.055, 5.055, 5.055, 5.055, 356]
['2019-03-27 11:39:00', 5.05, 5.05, 5.05, 5.05, 603]
['2019-03-27 11:37:00', 5.04, 5.05, 5.04, 5.05, 1401]
['2019-03-27 11:35:00', 5.08, 5.03, 5.03, 5.08, 23459]
['2019-03-27 11:34:00', 5.1, 5.1, 5.1, 5.1, 200]
['2019-03-27 11:33:00', 5.1045, 5.1045, 5.1045, 5.1045, 301]
['2019-03-27 11:29:00', 5.1254, 5.1254, 5.1254, 5.1254, 1158]
['2019-03-27 11:27:00', 5.12, 5.12, 5.12, 5.12, 520]
['2019-03-27 11:26:00', 5.13, 5.12, 5.09, 5.13, 11294]
['2019-03-27 11:24:00', 5.14, 5.14, 5.14, 5.14, 210]
['2019-03-27 11:22:00', 5.14, 5.14, 5.14, 5.14, 201]
['2019-03-27 11:20:00', 5.14, 5.14, 5.14, 5.14, 102]
['2019-03-27 11:17:00', 5.165, 5.165, 5.165, 5.165, 2398]
['2019-03-27 11:16:00', 5.17, 5.17, 5.17, 5.17, 705]
['2019-03-27 11:15:00', 5.2, 5.2, 5.2, 5.2, 210]
['2019-03-27 11:05:00', 5.205, 5.205, 5.205, 5.205, 1127]
['2019-03-27 11:00:00', 5.22, 5.22, 5.22, 5.22, 1672]
['2019-03-27 10:52:00', 5.21, 5.21, 5.21, 5.21, 747]
['2019-03-27 10:50:00', 5.18, 5.18, 5.18, 5.18, 100]
['2019-03-27 10:49:00', 5.16, 5.17, 5.16, 5.17, 1798]
['2019-03-27 10:43:00', 5.14, 5.14, 5.14, 5.14, 600]
['2019-03-27 10:40:00', 5.15, 5.15, 5.15, 5.15, 2260]
['2019-03-27 10:38:00', 5.16, 5.16, 5.16, 5.16, 1153]
['2019-03-27 10:37:00', 5.2, 5.168, 5.168, 5.2, 11561]
['2019-03-27 10:34:00', 5.23, 5.23, 5.23, 5.23, 600]
['2019-03-27 10:33:00', 5.22, 5.22, 5.22, 5.22, 1300]
['2019-03-27 10:30:00', 5.24, 5.24, 5.24, 5.24, 960]
['2019-03-27 10:28:00', 5.24, 5.24, 5.24, 5.24, 100]
['2019-03-27 10:25:00', 5.24, 5.24, 5.24, 5.24, 2350]
['2019-03-27 10:22:00', 5.26, 5.26, 5.26, 5.26, 2446]
['2019-03-27 10:19:00', 5.28, 5.28, 5.28, 5.28, 329]
['2019-03-27 10:18:00', 5.28, 5.29, 5.28, 5.29, 881]
['2019-03-27 10:14:00', 5.3009, 5.3009, 5.3009, 5.3009, 2033]
['2019-03-27 10:09:00', 5.27, 5.2741, 5.27, 5.3, 30653]
['2019-03-27 10:08:00', 5.3, 5.3, 5.3, 5.3, 717]
['2019-03-27 10:04:00', 5.35, 5.3, 5.3, 5.35, 15855]
['2019-03-27 10:01:00', 5.33, 5.33, 5.33, 5.33, 300]
['2019-03-27 09:57:00', 5.34, 5.34, 5.34, 5.34, 1014]
['2019-03-27 09:55:00', 5.32, 5.32, 5.32, 5.32, 1154]
['2019-03-27 09:52:00', 5.36, 5.36, 5.36, 5.36, 100]
['2019-03-27 09:46:00', 5.42, 5.42, 5.42, 5.42, 1130]
['2019-03-27 09:31:00', 5.46, 5.46, 5.46, 5.46, 1819]
['2019-03-26 16:00:00', 5.46, 5.47, 5.46, 5.47, 3281]
['2019-03-26 15:59:00', 5.46, 5.46, 5.46, 5.46, 1245]
['2019-03-26 15:58:00', 5.46, 5.46, 5.46, 5.46, 7522]
['2019-03-26 15:57:00', 5.455, 5.46, 5.455, 5.46, 8433]
['2019-03-26 15:56:00', 5.455, 5.455, 5.455, 5.455, 1422]
['2019-03-26 15:55:00', 5.45, 5.46, 5.45, 5.46, 690]
['2019-03-26 15:54:00', 5.46, 5.46, 5.46, 5.46, 1960]
['2019-03-26 15:53:00', 5.46, 5.46, 5.46, 5.46, 400]
['2019-03-26 15:52:00', 5.46, 5.46, 5.46, 5.46, 3067]
['2019-03-26 15:51:00', 5.45, 5.46, 5.45, 5.46, 2424]
['2019-03-26 15:50:00', 5.46, 5.45, 5.45, 5.46, 1996]
['2019-03-26 15:49:00', 5.46, 5.46, 5.46, 5.46, 828]
['2019-03-26 15:48:00', 5.46, 5.46, 5.46, 5.46, 1511]
['2019-03-26 15:47:00', 5.46, 5.46, 5.46, 5.46, 492]
['2019-03-26 15:46:00', 5.47, 5.47, 5.47, 5.47, 619]
['2019-03-26 15:45:00', 5.47, 5.47, 5.47, 5.47, 367]
['2019-03-26 15:44:00', 5.48, 5.48, 5.48, 5.48, 1198]
['2019-03-26 15:43:00', 5.49, 5.49, 5.49, 5.49, 1050]
['2019-03-26 15:41:00', 5.495, 5.495, 5.495, 5.495, 1339]
['2019-03-26 15:40:00', 5.5, 5.5, 5.5, 5.5, 500]
['2019-03-26 15:38:00', 5.5, 5.5, 5.5, 5.5, 1807]
['2019-03-26 15:36:00', 5.5, 5.5, 5.5, 5.5, 1356]
['2019-03-26 15:35:00', 5.5, 5.5, 5.5, 5.5, 1390]
['2019-03-26 15:34:00', 5.49, 5.49, 5.49, 5.49, 854]
['2019-03-26 15:33:00', 5.49, 5.49, 5.49, 5.49, 1394]
['2019-03-26 15:31:00', 5.49, 5.49, 5.49, 5.49, 1076]
['2019-03-26 15:29:00', 5.49, 5.49, 5.49, 5.49, 107]
['2019-03-26 15:28:00', 5.5, 5.5, 5.5, 5.5, 731]
['2019-03-26 15:24:00', 5.5, 5.5, 5.5, 5.5, 1281]
['2019-03-26 15:23:00', 5.51, 5.51, 5.51, 5.51, 145]
['2019-03-26 15:19:00', 5.505, 5.505, 5.505, 5.505, 825]
['2019-03-26 15:18:00', 5.51, 5.51, 5.51, 5.51, 1015]
['2019-03-26 15:17:00', 5.49, 5.49, 5.49, 5.49, 200]
['2019-03-26 15:14:00', 5.49, 5.49, 5.49, 5.49, 300]
['2019-03-26 15:10:00', 5.5, 5.5, 5.5, 5.5, 1674]
['2019-03-26 15:09:00', 5.51, 5.52, 5.51, 5.52, 1154]
['2019-03-26 15:05:00', 5.52, 5.52, 5.52, 5.52, 1107]
['2019-03-26 15:03:00', 5.52, 5.52, 5.52, 5.52, 480]
['2019-03-26 14:58:00', 5.51, 5.51, 5.51, 5.51, 622]
['2019-03-26 14:57:00', 5.48, 5.51, 5.48, 5.51, 1558]
['2019-03-26 14:55:00', 5.49, 5.49, 5.49, 5.49, 103]
['2019-03-26 14:52:00', 5.49, 5.5, 5.49, 5.5, 882]
['2019-03-26 14:51:00', 5.495, 5.495, 5.495, 5.495, 157]
['2019-03-26 14:50:00', 5.49, 5.49, 5.49, 5.49, 300]
['2019-03-26 14:49:00', 5.49, 5.49, 5.49, 5.49, 300]
['2019-03-26 14:47:00', 5.5, 5.49, 5.49, 5.5, 501]
['2019-03-26 14:45:00', 5.49, 5.49, 5.49, 5.49, 201]
['2019-03-26 14:44:00', 5.49, 5.49, 5.49, 5.49, 300]
['2019-03-26 14:42:00', 5.49, 5.49, 5.49, 5.49, 201]
['2019-03-26 14:41:00', 5.49, 5.49, 5.49, 5.49, 500]
['2019-03-26 14:39:00', 5.49, 5.49, 5.49, 5.49, 301]
['2019-03-26 14:37:00', 5.5, 5.5, 5.5, 5.5, 339]
['2019-03-26 14:36:00', 5.5, 5.5, 5.5, 5.5, 699]
['2019-03-26 14:35:00', 5.5, 5.5, 5.5, 5.5, 2152]
['2019-03-26 14:33:00', 5.5, 5.5, 5.5, 5.5, 2831]
['2019-03-26 14:32:00', 5.5, 5.5, 5.5, 5.5, 800]
['2019-03-26 14:27:00', 5.51, 5.51, 5.51, 5.51, 802]
['2019-03-26 14:25:00', 5.5, 5.5, 5.5, 5.5, 1904]
['2019-03-26 14:22:00', 5.49, 5.49, 5.49, 5.49, 548]
['2019-03-26 14:21:00', 5.49, 5.49, 5.49, 5.49, 208]
['2019-03-26 14:19:00', 5.49, 5.49, 5.49, 5.49, 300]
['2019-03-26 14:17:00', 5.49, 5.49, 5.49, 5.49, 147]
['2019-03-26 14:16:00', 5.49, 5.49, 5.49, 5.49, 302]
['2019-03-26 14:15:00', 5.49, 5.49, 5.49, 5.49, 100]
['2019-03-26 14:14:00', 5.49, 5.49, 5.49, 5.49, 724]
['2019-03-26 14:12:00', 5.49, 5.49, 5.49, 5.49, 1400]
['2019-03-26 14:11:00', 5.5, 5.5, 5.5, 5.5, 1212]
['2019-03-26 14:09:00', 5.5, 5.5, 5.5, 5.5, 100]
['2019-03-26 14:04:00', 5.5, 5.5, 5.5, 5.5, 1532]
['2019-03-26 14:03:00', 5.51, 5.51, 5.51, 5.51, 826]
['2019-03-26 14:02:00', 5.51, 5.51, 5.51, 5.51, 938]
['2019-03-26 14:01:00', 5.51, 5.51, 5.51, 5.51, 848]
['2019-03-26 13:59:00', 5.52, 5.52, 5.52, 5.52, 501]
['2019-03-26 13:54:00', 5.52, 5.52, 5.52, 5.52, 628]
['2019-03-26 13:50:00', 5.51, 5.52, 5.51, 5.52, 1236]
['2019-03-26 13:39:00', 5.51, 5.51, 5.51, 5.51, 1230]
['2019-03-26 13:38:00', 5.51, 5.51, 5.51, 5.51, 405]
['2019-03-26 13:37:00', 5.51, 5.51, 5.51, 5.51, 1602]
['2019-03-26 13:34:00', 5.51, 5.51, 5.51, 5.51, 323]
['2019-03-26 13:31:00', 5.5, 5.5, 5.5, 5.5, 507]
['2019-03-26 13:28:00', 5.5, 5.5, 5.5, 5.5, 662]
['2019-03-26 13:27:00', 5.5, 5.5, 5.5, 5.5, 633]
['2019-03-26 13:26:00', 5.5, 5.5, 5.5, 5.5, 101]
['2019-03-26 13:23:00', 5.51, 5.51, 5.51, 5.51, 306]
['2019-03-26 13:22:00', 5.5, 5.5, 5.5, 5.5, 201]
['2019-03-26 13:16:00', 5.5, 5.5, 5.5, 5.5, 235]
['2019-03-26 13:06:00', 5.51, 5.51, 5.51, 5.51, 204]
['2019-03-26 13:05:00', 5.49, 5.49, 5.49, 5.49, 1534]
['2019-03-26 13:03:00', 5.49, 5.49, 5.49, 5.49, 467]
['2019-03-26 13:01:00', 5.48, 5.48, 5.48, 5.48, 802]
['2019-03-26 12:59:00', 5.5, 5.5, 5.5, 5.5, 900]
['2019-03-26 12:58:00', 5.51, 5.51, 5.51, 5.51, 2306]
['2019-03-26 12:57:00', 5.5, 5.5, 5.5, 5.5, 286]
['2019-03-26 12:54:00', 5.52, 5.52, 5.52, 5.52, 735]
['2019-03-26 12:49:00', 5.53, 5.53, 5.53, 5.53, 603]
['2019-03-26 12:45:00', 5.5, 5.5, 5.5, 5.5, 2300]
['2019-03-26 12:42:00', 5.4996, 5.4996, 5.4996, 5.4996, 401]
['2019-03-26 12:36:00', 5.4829, 5.5, 5.4829, 5.5, 7744]
['2019-03-26 12:34:00', 5.4901, 5.4901, 5.4901, 5.4901, 382]
['2019-03-26 12:33:00', 5.5, 5.5, 5.5, 5.5, 401]
['2019-03-26 12:30:00', 5.49, 5.49, 5.49, 5.49, 204]
['2019-03-26 12:29:00', 5.48, 5.48, 5.48, 5.48, 2451]
['2019-03-26 12:28:00', 5.4764, 5.4764, 5.4764, 5.4764, 700]
['2019-03-26 12:26:00', 5.47, 5.47, 5.47, 5.47, 203]
['2019-03-26 12:25:00', 5.48, 5.48, 5.48, 5.48, 600]
['2019-03-26 12:24:00', 5.48, 5.48, 5.48, 5.48, 200]
['2019-03-26 12:21:00', 5.49, 5.49, 5.49, 5.49, 907]
['2019-03-26 12:20:00', 5.4999, 5.4999, 5.4999, 5.4999, 1500]
['2019-03-26 12:18:00', 5.5, 5.5, 5.5, 5.5, 201]
['2019-03-26 12:16:00', 5.5, 5.5, 5.5, 5.5, 1120]
['2019-03-26 12:09:00', 5.51, 5.5125, 5.51, 5.5125, 2631]
['2019-03-26 12:03:00', 5.48, 5.5, 5.48, 5.5, 1773]
['2019-03-26 12:02:00', 5.47, 5.47, 5.47, 5.47, 400]
['2019-03-26 11:59:00', 5.47, 5.47, 5.47, 5.47, 1124]
['2019-03-26 11:55:00', 5.49, 5.49, 5.49, 5.49, 228]
['2019-03-26 11:54:00', 5.47, 5.47, 5.47, 5.47, 304]
['2019-03-26 11:52:00', 5.5, 5.51, 5.5, 5.51, 802]
['2019-03-26 11:49:00', 5.5, 5.51, 5.5, 5.51, 1470]
['2019-03-26 11:48:00', 5.5, 5.5, 5.5, 5.5, 350]
['2019-03-26 11:47:00', 5.51, 5.51, 5.51, 5.51, 522]
['2019-03-26 11:44:00', 5.52, 5.52, 5.52, 5.52, 149]
['2019-03-26 11:42:00', 5.52, 5.52, 5.52, 5.52, 332]
['2019-03-26 11:40:00', 5.53, 5.52, 5.52, 5.53, 1702]
['2019-03-26 11:39:00', 5.48, 5.48, 5.48, 5.48, 401]
['2019-03-26 11:36:00', 5.5, 5.49, 5.49, 5.5, 2171]
['2019-03-26 11:33:00', 5.5131, 5.5132, 5.5131, 5.5132, 2162]
['2019-03-26 11:31:00', 5.5216, 5.5216, 5.5216, 5.5216, 1402]
['2019-03-26 11:30:00', 5.52, 5.52, 5.52, 5.52, 949]
['2019-03-26 11:28:00', 5.52, 5.53, 5.52, 5.53, 1633]
['2019-03-26 11:27:00', 5.48, 5.48, 5.48, 5.48, 412]
['2019-03-26 11:26:00', 5.47, 5.47, 5.47, 5.47, 702]
['2019-03-26 11:16:00', 5.48, 5.48, 5.48, 5.48, 15507]
['2019-03-26 11:14:00', 5.49, 5.49, 5.49, 5.49, 753]
['2019-03-26 11:09:00', 5.46, 5.46, 5.46, 5.46, 960]
['2019-03-26 11:08:00', 5.47, 5.47, 5.47, 5.47, 414]
['2019-03-26 11:05:00', 5.49, 5.49, 5.49, 5.49, 307]
['2019-03-26 11:04:00', 5.48, 5.48, 5.48, 5.48, 741]
['2019-03-26 11:00:00', 5.48, 5.48, 5.48, 5.48, 1178]
['2019-03-26 10:59:00', 5.48, 5.48, 5.48, 5.48, 539]
['2019-03-26 10:58:00', 5.49, 5.49, 5.49, 5.49, 1113]
['2019-03-26 10:55:00', 5.5, 5.5, 5.5, 5.5, 2004]
['2019-03-26 10:51:00', 5.4772, 5.4772, 5.4772, 5.4772, 1457]
['2019-03-26 10:48:00', 5.44, 5.44, 5.44, 5.44, 1202]
['2019-03-26 10:47:00', 5.42, 5.42, 5.42, 5.42, 200]
['2019-03-26 10:46:00', 5.41, 5.41, 5.41, 5.41, 305]
['2019-03-26 10:45:00', 5.43, 5.43, 5.43, 5.43, 906]
['2019-03-26 10:44:00', 5.43, 5.43, 5.43, 5.43, 100]
['2019-03-26 10:43:00', 5.43, 5.43, 5.43, 5.43, 483]
['2019-03-26 10:41:00', 5.44, 5.44, 5.44, 5.44, 1208]
['2019-03-26 10:40:00', 5.4501, 5.45, 5.45, 5.4501, 3391]
['2019-03-26 10:39:00', 5.47, 5.47, 5.47, 5.47, 1101]
['2019-03-26 10:30:00', 5.48, 5.48, 5.48, 5.48, 1624]
['2019-03-26 10:29:00', 5.45, 5.49, 5.45, 5.49, 2739]
['2019-03-26 10:26:00', 5.4405, 5.46, 5.4405, 5.46, 1902]
['2019-03-26 10:23:00', 5.47, 5.47, 5.47, 5.47, 301]
['2019-03-26 10:21:00', 5.41, 5.46, 5.41, 5.46, 16850]
['2019-03-26 10:20:00', 5.44, 5.44, 5.44, 5.44, 1697]
['2019-03-26 10:13:00', 5.44, 5.45, 5.44, 5.45, 1172]
['2019-03-26 10:10:00', 5.45, 5.45, 5.45, 5.45, 502]
['2019-03-26 09:59:00', 5.46, 5.46, 5.46, 5.46, 1325]
['2019-03-26 09:57:00', 5.42, 5.42, 5.42, 5.42, 1301]
['2019-03-26 09:51:00', 5.39, 5.39, 5.39, 5.39, 702]
['2019-03-26 09:48:00', 5.42, 5.42, 5.42, 5.42, 299]
['2019-03-26 09:47:00', 5.42, 5.42, 5.42, 5.42, 501]
['2019-03-26 09:45:00', 5.45, 5.45, 5.45, 5.45, 309]
['2019-03-26 09:44:00', 5.46, 5.46, 5.46, 5.46, 1298]
['2019-03-26 09:41:00', 5.46, 5.46, 5.46, 5.46, 204]
['2019-03-26 09:31:00', 5.48, 5.48, 5.48, 5.48, 0]
['2019-03-25 16:00:00', 5.4, 5.41, 5.4, 5.41, 6491]
['2019-03-25 15:59:00', 5.41, 5.405, 5.405, 5.41, 1933]
['2019-03-25 15:58:00', 5.4, 5.4, 5.4, 5.4, 1619]
['2019-03-25 15:57:00', 5.405, 5.4, 5.4, 5.405, 3553]
['2019-03-25 15:56:00', 5.42, 5.41, 5.41, 5.42, 3340]
['2019-03-25 15:55:00', 5.42, 5.42, 5.42, 5.42, 524]
['2019-03-25 15:54:00', 5.42, 5.415, 5.415, 5.42, 1439]
['2019-03-25 15:52:00', 5.415, 5.41, 5.41, 5.415, 1120]
['2019-03-25 15:51:00', 5.415, 5.415, 5.415, 5.415, 1076]
['2019-03-25 15:50:00', 5.425, 5.42, 5.42, 5.425, 1511]
['2019-03-25 15:49:00', 5.42, 5.425, 5.42, 5.425, 2901]
['2019-03-25 15:48:00', 5.43, 5.43, 5.43, 5.43, 645]
['2019-03-25 15:47:00', 5.435, 5.435, 5.435, 5.435, 820]
['2019-03-25 15:46:00', 5.425, 5.43, 5.425, 5.43, 3670]
['2019-03-25 15:45:00', 5.43, 5.43, 5.43, 5.43, 500]
['2019-03-25 15:44:00', 5.435, 5.435, 5.435, 5.435, 800]
['2019-03-25 15:43:00', 5.44, 5.44, 5.44, 5.44, 800]
['2019-03-25 15:42:00', 5.43, 5.43, 5.43, 5.43, 955]
['2019-03-25 15:41:00', 5.44, 5.43, 5.43, 5.44, 1041]
['2019-03-25 15:39:00', 5.44, 5.44, 5.44, 5.44, 944]
['2019-03-25 15:38:00', 5.45, 5.45, 5.45, 5.45, 1604]
['2019-03-25 15:37:00', 5.45, 5.44, 5.44, 5.45, 2367]
['2019-03-25 15:33:00', 5.46, 5.45, 5.45, 5.46, 2273]
['2019-03-25 15:32:00', 5.44, 5.44, 5.44, 5.44, 803]
['2019-03-25 15:29:00', 5.44, 5.44, 5.44, 5.44, 647]
['2019-03-25 15:26:00', 5.44, 5.44, 5.44, 5.44, 316]
['2019-03-25 15:23:00', 5.45, 5.455, 5.45, 5.47, 2259]
['2019-03-25 15:22:00', 5.445, 5.45, 5.445, 5.45, 1528]
['2019-03-25 15:19:00', 5.46, 5.46, 5.46, 5.46, 400]
['2019-03-25 15:16:00', 5.47, 5.47, 5.47, 5.47, 185]
['2019-03-25 15:14:00', 5.45, 5.45, 5.45, 5.45, 193]
['2019-03-25 15:11:00', 5.45, 5.44, 5.44, 5.45, 1365]
['2019-03-25 15:09:00', 5.44, 5.43, 5.43, 5.44, 1203]
['2019-03-25 15:08:00', 5.44, 5.44, 5.44, 5.44, 1900]
['2019-03-25 15:06:00', 5.44, 5.44, 5.44, 5.44, 569]
['2019-03-25 15:05:00', 5.435, 5.43, 5.43, 5.435, 2178]
['2019-03-25 15:04:00', 5.435, 5.435, 5.435, 5.435, 500]
['2019-03-25 15:03:00', 5.43, 5.43, 5.43, 5.43, 1400]
['2019-03-25 15:02:00', 5.4201, 5.4201, 5.4201, 5.4201, 600]
['2019-03-25 15:00:00', 5.43, 5.43, 5.43, 5.43, 300]
['2019-03-25 14:59:00', 5.42, 5.42, 5.42, 5.42, 600]
['2019-03-25 14:56:00', 5.42, 5.42, 5.42, 5.42, 200]
['2019-03-25 14:54:00', 5.44, 5.44, 5.44, 5.44, 300]
['2019-03-25 14:51:00', 5.45, 5.4401, 5.4401, 5.45, 1129]
['2019-03-25 14:47:00', 5.43, 5.43, 5.43, 5.43, 969]
['2019-03-25 14:46:00', 5.44, 5.44, 5.44, 5.44, 540]
['2019-03-25 14:45:00', 5.45, 5.45, 5.45, 5.45, 805]
['2019-03-25 14:43:00', 5.45, 5.45, 5.45, 5.45, 362]
['2019-03-25 14:42:00', 5.43, 5.43, 5.43, 5.43, 400]
['2019-03-25 14:38:00', 5.43, 5.43, 5.43, 5.43, 763]
['2019-03-25 14:35:00', 5.43, 5.43, 5.43, 5.43, 2525]
['2019-03-25 14:32:00', 5.41, 5.43, 5.41, 5.43, 2949]
['2019-03-25 14:31:00', 5.41, 5.41, 5.41, 5.41, 261]
['2019-03-25 14:30:00', 5.405, 5.405, 5.405, 5.405, 405]
['2019-03-25 14:29:00', 5.405, 5.405, 5.405, 5.405, 400]
['2019-03-25 14:27:00', 5.405, 5.405, 5.405, 5.405, 510]
['2019-03-25 14:25:00', 5.405, 5.405, 5.405, 5.405, 3500]
['2019-03-25 14:23:00', 5.4, 5.4, 5.4, 5.4, 200]
['2019-03-25 14:22:00', 5.4, 5.4, 5.4, 5.4, 296]
['2019-03-25 14:21:00', 5.4, 5.4, 5.4, 5.4, 400]
['2019-03-25 14:19:00', 5.405, 5.405, 5.405, 5.405, 200]
['2019-03-25 14:18:00', 5.4, 5.4, 5.4, 5.4, 449]
['2019-03-25 14:16:00', 5.4, 5.4, 5.4, 5.4, 100]
['2019-03-25 14:14:00', 5.4, 5.4, 5.4, 5.4, 200]
['2019-03-25 14:12:00', 5.4, 5.4, 5.4, 5.4, 349]
['2019-03-25 14:11:00', 5.41, 5.41, 5.41, 5.41, 704]
['2019-03-25 14:10:00', 5.4, 5.4, 5.4, 5.4, 248]
['2019-03-25 14:08:00', 5.4017, 5.4017, 5.4017, 5.4017, 935]
['2019-03-25 14:06:00', 5.4, 5.4, 5.4, 5.4, 500]
['2019-03-25 14:04:00', 5.41, 5.41, 5.41, 5.41, 166]
['2019-03-25 14:01:00', 5.41, 5.41, 5.41, 5.41, 3415]
['2019-03-25 14:00:00', 5.4, 5.4, 5.4, 5.4, 100]
['2019-03-25 13:59:00', 5.4, 5.4, 5.4, 5.4, 300]
['2019-03-25 13:58:00', 5.405, 5.4, 5.4, 5.405, 549]
['2019-03-25 13:54:00', 5.4, 5.4, 5.4, 5.4, 210]
['2019-03-25 13:53:00', 5.4, 5.405, 5.4, 5.405, 1068]
['2019-03-25 13:50:00', 5.4, 5.4, 5.4, 5.4, 622]
['2019-03-25 13:48:00', 5.41, 5.41, 5.41, 5.41, 100]
['2019-03-25 13:40:00', 5.41, 5.41, 5.41, 5.41, 1300]
['2019-03-25 13:38:00', 5.41, 5.41, 5.41, 5.41, 400]
['2019-03-25 13:36:00', 5.42, 5.42, 5.42, 5.42, 507]
['2019-03-25 13:35:00', 5.42, 5.42, 5.42, 5.42, 900]
['2019-03-25 13:31:00', 5.42, 5.42, 5.42, 5.42, 924]
['2019-03-25 13:25:00', 5.41, 5.41, 5.41, 5.41, 405]
['2019-03-25 13:23:00', 5.41, 5.42, 5.41, 5.42, 1789]
['2019-03-25 13:22:00', 5.42, 5.42, 5.42, 5.42, 200]
['2019-03-25 13:18:00', 5.41, 5.41, 5.41, 5.41, 310]
['2019-03-25 13:14:00', 5.43, 5.43, 5.43, 5.43, 1000]
['2019-03-25 13:12:00', 5.41, 5.41, 5.41, 5.41, 700]
['2019-03-25 13:10:00', 5.4101, 5.4101, 5.4101, 5.4101, 615]
['2019-03-25 13:09:00', 5.42, 5.42, 5.42, 5.42, 308]
['2019-03-25 13:08:00', 5.41, 5.41, 5.41, 5.41, 584]
['2019-03-25 13:06:00', 5.41, 5.4, 5.4, 5.41, 435]
['2019-03-25 13:05:00', 5.41, 5.41, 5.41, 5.41, 500]
['2019-03-25 13:04:00', 5.42, 5.42, 5.42, 5.42, 1200]
['2019-03-25 13:03:00', 5.4201, 5.4201, 5.4201, 5.4201, 500]
['2019-03-25 12:58:00', 5.41, 5.42, 5.41, 5.42, 1119]
['2019-03-25 12:57:00', 5.41, 5.41, 5.41, 5.41, 130]
['2019-03-25 12:53:00', 5.405, 5.4, 5.4, 5.405, 5446]
['2019-03-25 12:52:00', 5.411, 5.411, 5.411, 5.411, 400]
['2019-03-25 12:48:00', 5.4101, 5.4101, 5.4101, 5.4101, 1000]
['2019-03-25 12:46:00', 5.41, 5.41, 5.41, 5.41, 100]
['2019-03-25 12:44:00', 5.41, 5.41, 5.41, 5.41, 1400]
['2019-03-25 12:42:00', 5.4, 5.405, 5.4, 5.405, 1005]
['2019-03-25 12:40:00', 5.4, 5.4, 5.4, 5.4, 500]
['2019-03-25 12:38:00', 5.39, 5.41, 5.39, 5.41, 3278]
['2019-03-25 12:37:00', 5.38, 5.38, 5.38, 5.38, 407]
['2019-03-25 12:35:00', 5.4, 5.4, 5.4, 5.4, 1100]
['2019-03-25 12:33:00', 5.4, 5.4, 5.4, 5.4, 400]
['2019-03-25 12:27:00', 5.42, 5.42, 5.42, 5.42, 151]
['2019-03-25 12:26:00', 5.38, 5.38, 5.38, 5.38, 567]
['2019-03-25 12:25:00', 5.4101, 5.4101, 5.4101, 5.4101, 101]
['2019-03-25 12:23:00', 5.4152, 5.4152, 5.4152, 5.4152, 291]
['2019-03-25 12:21:00', 5.43, 5.43, 5.43, 5.43, 393]
['2019-03-25 12:20:00', 5.44, 5.44, 5.44, 5.44, 100]
['2019-03-25 12:19:00', 5.44, 5.44, 5.44, 5.44, 979]
['2019-03-25 12:18:00', 5.43, 5.43, 5.43, 5.43, 260]
['2019-03-25 12:17:00', 5.44, 5.44, 5.44, 5.44, 100]
['2019-03-25 12:13:00', 5.45, 5.45, 5.45, 5.45, 110]
['2019-03-25 12:12:00', 5.46, 5.46, 5.46, 5.46, 605]
['2019-03-25 12:10:00', 5.46, 5.45, 5.45, 5.46, 1575]
['2019-03-25 12:09:00', 5.46, 5.46, 5.46, 5.46, 704]
['2019-03-25 12:08:00', 5.48, 5.48, 5.48, 5.48, 500]
['2019-03-25 12:06:00', 5.47, 5.47, 5.47, 5.47, 1105]
['2019-03-25 12:05:00', 5.44, 5.44, 5.44, 5.44, 200]
['2019-03-25 12:03:00', 5.44, 5.44, 5.44, 5.44, 200]
['2019-03-25 11:58:00', 5.45, 5.45, 5.45, 5.45, 9549]
['2019-03-25 11:57:00', 5.46, 5.46, 5.46, 5.46, 103]
['2019-03-25 11:56:00', 5.455, 5.45, 5.45, 5.455, 1000]
['2019-03-25 11:53:00', 5.46, 5.46, 5.46, 5.46, 718]
['2019-03-25 11:52:00', 5.47, 5.47, 5.47, 5.47, 711]
['2019-03-25 11:49:00', 5.47, 5.47, 5.47, 5.47, 264]
['2019-03-25 11:48:00', 5.47, 5.47, 5.47, 5.47, 3]
['2019-03-25 11:47:00', 5.49, 5.49, 5.49, 5.49, 500]
['2019-03-25 11:44:00', 5.49, 5.5, 5.49, 5.5, 1264]
['2019-03-25 11:40:00', 5.49, 5.49, 5.49, 5.49, 300]
['2019-03-25 11:38:00', 5.51, 5.51, 5.51, 5.51, 101]
['2019-03-25 11:36:00', 5.51, 5.51, 5.51, 5.51, 952]
['2019-03-25 11:35:00', 5.51, 5.51, 5.51, 5.51, 748]
['2019-03-25 11:32:00', 5.5101, 5.5101, 5.5101, 5.5101, 700]
['2019-03-25 11:31:00', 5.515, 5.53, 5.515, 5.53, 3827]
['2019-03-25 11:30:00', 5.52, 5.52, 5.52, 5.52, 300]
['2019-03-25 11:26:00', 5.535, 5.535, 5.535, 5.535, 600]
['2019-03-25 11:25:00', 5.54, 5.54, 5.54, 5.54, 590]
['2019-03-25 11:22:00', 5.5201, 5.5201, 5.5201, 5.5201, 2036]
['2019-03-25 11:20:00', 5.5, 5.5, 5.5, 5.5, 200]
['2019-03-25 11:17:00', 5.5001, 5.5001, 5.5001, 5.5001, 1205]
['2019-03-25 11:14:00', 5.51, 5.51, 5.51, 5.51, 800]
['2019-03-25 11:11:00', 5.4901, 5.4901, 5.4901, 5.4901, 551]
['2019-03-25 11:09:00', 5.49, 5.49, 5.49, 5.49, 706]
['2019-03-25 11:08:00', 5.485, 5.485, 5.485, 5.485, 602]
['2019-03-25 11:07:00', 5.48, 5.48, 5.48, 5.48, 1000]
['2019-03-25 11:06:00', 5.47, 5.47, 5.47, 5.47, 700]
['2019-03-25 11:05:00', 5.46, 5.46, 5.46, 5.46, 2853]
['2019-03-25 11:04:00', 5.46, 5.46, 5.46, 5.46, 400]
['2019-03-25 11:03:00', 5.4523, 5.4523, 5.4523, 5.4523, 452]
['2019-03-25 11:00:00', 5.45, 5.45, 5.45, 5.45, 453]
['2019-03-25 10:58:00', 5.46, 5.46, 5.46, 5.46, 400]
['2019-03-25 10:53:00', 5.48, 5.4601, 5.4601, 5.48, 900]
['2019-03-25 10:52:00', 5.4901, 5.4901, 5.4901, 5.4901, 200]
['2019-03-25 10:49:00', 5.46, 5.46, 5.46, 5.46, 2241]
['2019-03-25 10:47:00', 5.45, 5.45, 5.45, 5.45, 2070]
['2019-03-25 10:43:00', 5.45, 5.45, 5.45, 5.45, 509]
['2019-03-25 10:42:00', 5.45, 5.45, 5.45, 5.45, 449]
['2019-03-25 10:41:00', 5.45, 5.45, 5.45, 5.45, 925]
['2019-03-25 10:36:00', 5.45, 5.455, 5.45, 5.455, 8275]
['2019-03-25 10:35:00', 5.47, 5.47, 5.47, 5.47, 400]
['2019-03-25 10:34:00', 5.4301, 5.46, 5.4301, 5.46, 1833]
['2019-03-25 10:30:00', 5.44, 5.44, 5.44, 5.44, 1300]
['2019-03-25 10:29:00', 5.42, 5.42, 5.42, 5.42, 400]
['2019-03-25 10:28:00', 5.4401, 5.4401, 5.4401, 5.4401, 700]
['2019-03-25 10:26:00', 5.485, 5.485, 5.485, 5.485, 200]
['2019-03-25 10:24:00', 5.5, 5.5, 5.5, 5.5, 200]
['2019-03-25 10:21:00', 5.4801, 5.4801, 5.4801, 5.4801, 704]
['2019-03-25 10:20:00', 5.485, 5.485, 5.485, 5.485, 100]
['2019-03-25 10:19:00', 5.485, 5.485, 5.485, 5.485, 2612]
['2019-03-25 10:18:00', 5.44, 5.44, 5.44, 5.44, 1224]
['2019-03-25 10:17:00', 5.4, 5.46, 5.355, 5.46, 21283]
['2019-03-25 10:16:00', 5.4, 5.4, 5.4, 5.4, 2970]
['2019-03-25 10:15:00', 5.4, 5.4, 5.4, 5.4, 756]
['2019-03-25 10:13:00', 5.4, 5.4, 5.4, 5.4, 1500]
['2019-03-25 10:12:00', 5.4, 5.4, 5.4, 5.4, 848]
['2019-03-25 10:11:00', 5.44, 5.42, 5.42, 5.44, 6500]
['2019-03-25 10:10:00', 5.445, 5.445, 5.445, 5.445, 3100]
['2019-03-25 10:09:00', 5.425, 5.425, 5.425, 5.425, 1456]
['2019-03-25 10:08:00', 5.43, 5.43, 5.43, 5.43, 907]
['2019-03-25 10:07:00', 5.43, 5.43, 5.43, 5.43, 2102]
['2019-03-25 10:06:00', 5.445, 5.44, 5.44, 5.445, 2373]
['2019-03-25 10:05:00', 5.5, 5.455, 5.455, 5.5, 18053]
['2019-03-25 10:03:00', 5.49, 5.49, 5.49, 5.49, 722]
['2019-03-25 10:02:00', 5.5, 5.5, 5.5, 5.5, 1392]
['2019-03-25 10:01:00', 5.46, 5.46, 5.46, 5.46, 626]
['2019-03-25 10:00:00', 5.47, 5.47, 5.47, 5.47, 753]
['2019-03-25 09:59:00', 5.47, 5.47, 5.47, 5.47, 727]
['2019-03-25 09:58:00', 5.46, 5.46, 5.46, 5.46, 710]
['2019-03-25 09:57:00', 5.48, 5.48, 5.48, 5.48, 1798]
['2019-03-25 09:56:00', 5.47, 5.47, 5.47, 5.47, 3140]
['2019-03-25 09:55:00', 5.41, 5.39, 5.39, 5.41, 6938]
['2019-03-25 09:54:00', 5.41, 5.41, 5.41, 5.41, 1700]
['2019-03-25 09:52:00', 5.39, 5.44, 5.39, 5.44, 440]
['2019-03-25 09:45:00', 5.47, 5.47, 5.47, 5.47, 216]
['2019-03-25 09:44:00', 5.49, 5.49, 5.49, 5.49, 1000]
['2019-03-25 09:42:00', 5.51, 5.51, 5.51, 5.51, 2100]
['2019-03-25 09:41:00', 5.47, 5.4582, 5.4582, 5.47, 4816]
['2019-03-25 09:40:00', 5.47, 5.47, 5.47, 5.47, 318]
['2019-03-25 09:31:00', 5.3601, 5.3601, 5.3601, 5.3601, 0]
