AQST
['2019-03-29 16:00:00', 6.9, 6.88, 6.88, 6.94, 12451]
['2019-03-29 15:59:00', 6.9, 6.9, 6.9, 6.9, 574]
['2019-03-29 15:57:00', 6.905, 6.905, 6.905, 6.905, 1140]
['2019-03-29 15:56:00', 6.89, 6.89, 6.89, 6.89, 700]
['2019-03-29 15:53:00', 6.84, 6.86, 6.84, 6.86, 4076]
['2019-03-29 15:51:00', 6.84, 6.85, 6.84, 6.85, 1607]
['2019-03-29 15:50:00', 6.82, 6.82, 6.82, 6.82, 741]
['2019-03-29 15:49:00', 6.82, 6.82, 6.82, 6.82, 2845]
['2019-03-29 15:48:00', 6.82, 6.82, 6.82, 6.82, 503]
['2019-03-29 15:47:00', 6.82, 6.81, 6.81, 6.82, 985]
['2019-03-29 15:46:00', 6.82, 6.82, 6.82, 6.82, 1064]
['2019-03-29 15:45:00', 6.82, 6.82, 6.82, 6.82, 988]
['2019-03-29 15:44:00', 6.82, 6.82, 6.82, 6.82, 5059]
['2019-03-29 15:43:00', 6.8, 6.8, 6.8, 6.8, 400]
['2019-03-29 15:42:00', 6.8, 6.8, 6.8, 6.8, 1158]
['2019-03-29 15:40:00', 6.83, 6.83, 6.83, 6.83, 1246]
['2019-03-29 15:33:00', 6.77, 6.77, 6.73, 6.8, 4224]
['2019-03-29 15:32:00', 6.77, 6.77, 6.77, 6.77, 1517]
['2019-03-29 15:31:00', 6.76, 6.77, 6.76, 6.77, 8467]
['2019-03-29 15:28:00', 6.77, 6.77, 6.77, 6.77, 100]
['2019-03-29 15:26:00', 6.65, 6.65, 6.65, 6.65, 946]
['2019-03-29 15:19:00', 6.78, 6.78, 6.78, 6.78, 920]
['2019-03-29 15:17:00', 6.77, 6.77, 6.77, 6.77, 2963]
['2019-03-29 15:16:00', 6.7, 6.72, 6.7, 6.72, 2277]
['2019-03-29 15:15:00', 6.66, 6.66, 6.66, 6.66, 1110]
['2019-03-29 15:14:00', 6.59, 6.6, 6.59, 6.6, 1933]
['2019-03-29 15:13:00', 6.5, 6.52, 6.5, 6.52, 7284]
['2019-03-29 15:07:00', 6.5, 6.5, 6.5, 6.5, 241]
['2019-03-29 14:58:00', 6.48, 6.48, 6.48, 6.48, 500]
['2019-03-29 14:53:00', 6.47, 6.5, 6.47, 6.5, 5318]
['2019-03-29 14:38:00', 6.43, 6.43, 6.43, 6.43, 547]
['2019-03-29 14:32:00', 6.43, 6.43, 6.43, 6.43, 100]
['2019-03-29 14:21:00', 6.4, 6.4, 6.4, 6.4, 571]
['2019-03-29 14:18:00', 6.3781, 6.3781, 6.3781, 6.3781, 1006]
['2019-03-29 14:07:00', 6.3685, 6.3685, 6.3685, 6.3685, 332]
['2019-03-29 14:03:00', 6.4, 6.4, 6.4, 6.4, 270]
['2019-03-29 13:52:00', 6.3189, 6.3189, 6.3189, 6.3189, 432]
['2019-03-29 13:27:00', 6.4, 6.4, 6.4, 6.4, 653]
['2019-03-29 13:24:00', 6.36, 6.36, 6.36, 6.36, 101]
['2019-03-29 13:09:00', 6.36, 6.36, 6.36, 6.36, 297]
['2019-03-29 13:05:00', 6.3521, 6.3521, 6.3521, 6.3521, 868]
['2019-03-29 13:03:00', 6.31, 6.31, 6.31, 6.31, 341]
['2019-03-29 12:53:00', 6.39, 6.39, 6.39, 6.39, 100]
['2019-03-29 12:41:00', 6.365, 6.34, 6.34, 6.365, 1222]
['2019-03-29 12:38:00', 6.39, 6.39, 6.39, 6.39, 200]
['2019-03-29 12:25:00', 6.39, 6.39, 6.39, 6.39, 460]
['2019-03-29 12:12:00', 6.36, 6.36, 6.36, 6.36, 629]
['2019-03-29 12:11:00', 6.36, 6.36, 6.36, 6.36, 100]
['2019-03-29 12:09:00', 6.4, 6.4, 6.4, 6.4, 200]
['2019-03-29 12:04:00', 6.39, 6.39, 6.39, 6.39, 500]
['2019-03-29 11:49:00', 6.31, 6.36, 6.31, 6.36, 1883]
['2019-03-29 11:21:00', 6.28, 6.28, 6.28, 6.28, 605]
['2019-03-29 11:11:00', 6.31, 6.31, 6.31, 6.31, 950]
['2019-03-29 11:06:00', 6.3, 6.31, 6.3, 6.31, 2084]
['2019-03-29 11:05:00', 6.31, 6.31, 6.31, 6.31, 100]
['2019-03-29 11:03:00', 6.3384, 6.3384, 6.3384, 6.3384, 1528]
['2019-03-29 10:53:00', 6.3699, 6.31, 6.31, 6.3699, 3240]
['2019-03-29 10:43:00', 6.3462, 6.3462, 6.3462, 6.3462, 1588]
['2019-03-29 10:33:00', 6.35, 6.35, 6.35, 6.35, 384]
['2019-03-29 10:30:00', 6.4002, 6.4002, 6.4002, 6.4002, 400]
['2019-03-29 10:27:00', 6.3508, 6.3508, 6.3508, 6.3508, 1140]
['2019-03-29 10:25:00', 6.43, 6.43, 6.43, 6.43, 258]
['2019-03-29 10:17:00', 6.5, 6.52, 6.5, 6.52, 2063]
['2019-03-29 10:15:00', 6.5035, 6.57, 6.5035, 6.57, 1507]
['2019-03-29 09:56:00', 6.63, 6.63, 6.63, 6.63, 461]
['2019-03-29 09:54:00', 6.5124, 6.5124, 6.5124, 6.5124, 600]
['2019-03-29 09:46:00', 6.7762, 6.7762, 6.7762, 6.7762, 2394]
['2019-03-29 09:45:00', 6.31, 6.85, 6.31, 6.93, 24415]
['2019-03-29 09:44:00', 6.23, 6.23, 6.23, 6.23, 2274]
['2019-03-29 09:36:00', 6.16, 6.16, 6.16, 6.16, 276]
['2019-03-29 09:32:00', 6.147, 6.147, 6.147, 6.147, 4545]
['2019-03-28 16:00:00', 6.22, 6.22, 6.22, 6.22, 926]
['2019-03-28 15:59:00', 6.22, 6.22, 6.22, 6.22, 518]
['2019-03-28 15:58:00', 6.14, 6.18, 6.14, 6.18, 6504]
['2019-03-28 15:57:00', 6.15, 6.15, 6.15, 6.15, 504]
['2019-03-28 15:55:00', 6.17, 6.17, 6.17, 6.17, 452]
['2019-03-28 15:53:00', 6.17, 6.17, 6.17, 6.17, 100]
['2019-03-28 15:52:00', 6.17, 6.17, 6.17, 6.17, 439]
['2019-03-28 15:51:00', 6.17, 6.17, 6.17, 6.17, 200]
['2019-03-28 15:48:00', 6.17, 6.17, 6.17, 6.17, 305]
['2019-03-28 15:47:00', 6.17, 6.17, 6.17, 6.17, 135]
['2019-03-28 15:44:00', 6.1935, 6.1935, 6.1935, 6.1935, 395]
['2019-03-28 15:35:00', 6.1935, 6.1935, 6.1935, 6.1935, 577]
['2019-03-28 15:32:00', 6.25, 6.25, 6.25, 6.25, 445]
['2019-03-28 15:30:00', 6.25, 6.25, 6.25, 6.25, 165]
['2019-03-28 15:29:00', 6.2405, 6.2405, 6.2405, 6.2405, 150]
['2019-03-28 15:27:00', 6.2, 6.2, 6.2, 6.2, 507]
['2019-03-28 15:24:00', 6.28, 6.2685, 6.2685, 6.28, 255]
['2019-03-28 15:20:00', 6.28, 6.28, 6.28, 6.28, 429]
['2019-03-28 15:10:00', 6.21, 6.21, 6.21, 6.21, 1990]
['2019-03-28 15:07:00', 6.1, 6.1, 6.1, 6.1, 352]
['2019-03-28 14:42:00', 6.16, 6.16, 6.16, 6.16, 502]
['2019-03-28 14:19:00', 6.16, 6.16, 6.16, 6.16, 547]
['2019-03-28 14:16:00', 6.16, 6.16, 6.16, 6.16, 100]
['2019-03-28 14:03:00', 6.16, 6.16, 6.16, 6.16, 357]
['2019-03-28 14:00:00', 6.0417, 6.0417, 6.0417, 6.0417, 274]
['2019-03-28 13:51:00', 6.1082, 6.1082, 6.1082, 6.1082, 209]
['2019-03-28 13:46:00', 6.16, 6.16, 6.16, 6.16, 142]
['2019-03-28 13:18:00', 6.1, 6.1, 6.1, 6.1, 428]
['2019-03-28 13:13:00', 6.07, 6.07, 6.07, 6.07, 225]
['2019-03-28 12:46:00', 6.1, 6.09, 6.09, 6.1, 1111]
['2019-03-28 12:44:00', 6.09, 6.09, 6.09, 6.09, 200]
['2019-03-28 12:37:00', 6.11, 6.11, 6.11, 6.11, 663]
['2019-03-28 12:28:00', 6.04, 6.04, 6.04, 6.04, 242]
['2019-03-28 12:25:00', 6.1, 6.1, 6.1, 6.1, 105]
['2019-03-28 12:20:00', 6.1, 6.1, 6.1, 6.1, 139]
['2019-03-28 12:10:00', 6.041, 6.041, 6.041, 6.041, 590]
['2019-03-28 12:09:00', 6.02, 6.02, 6.02, 6.02, 9036]
['2019-03-28 12:03:00', 6.13, 6.13, 6.13, 6.13, 720]
['2019-03-28 11:53:00', 6.1, 6.1, 6.1, 6.1, 3715]
['2019-03-28 11:51:00', 6.18, 6.18, 6.18, 6.18, 442]
['2019-03-28 11:47:00', 6.16, 6.16, 6.16, 6.16, 205]
['2019-03-28 11:41:00', 6.18, 6.18, 6.18, 6.18, 115]
['2019-03-28 11:37:00', 6.15, 6.15, 6.15, 6.15, 115]
['2019-03-28 11:36:00', 6.0958, 6.0958, 6.0958, 6.0958, 188]
['2019-03-28 11:24:00', 6.05, 5.98, 5.98, 6.05, 11817]
['2019-03-28 11:22:00', 6.28, 6.28, 6.28, 6.28, 332]
['2019-03-28 11:16:00', 6.24, 6.24, 6.24, 6.24, 210]
['2019-03-28 11:11:00', 6.13, 6.13, 6.13, 6.13, 1207]
['2019-03-28 11:02:00', 6.3, 6.3, 6.3, 6.3, 415]
['2019-03-28 10:57:00', 6.3, 6.3, 6.3, 6.3, 180]
['2019-03-28 10:53:00', 6.25, 6.25, 6.25, 6.25, 1291]
['2019-03-28 10:52:00', 6.1846, 6.1846, 6.1846, 6.1846, 100]
['2019-03-28 10:45:00', 6.2, 6.19, 6.19, 6.2, 3449]
['2019-03-28 10:44:00', 6.3, 6.3, 6.3, 6.3, 100]
['2019-03-28 10:43:00', 6.3, 6.3, 6.3, 6.3, 100]
['2019-03-28 10:40:00', 6.3, 6.3, 6.3, 6.3, 1142]
['2019-03-28 10:36:00', 6.25, 6.25, 6.25, 6.25, 105]
['2019-03-28 10:35:00', 6.25, 6.25, 6.25, 6.25, 1245]
['2019-03-28 10:33:00', 6.2, 6.2, 6.2, 6.2, 715]
['2019-03-28 10:27:00', 6.2, 6.2, 6.2, 6.2, 265]
['2019-03-28 10:26:00', 6.2, 6.2, 6.2, 6.2, 100]
['2019-03-28 10:24:00', 6.1697, 6.1697, 6.1697, 6.1697, 500]
['2019-03-28 09:43:00', 6.1, 6.1, 6.1, 6.1, 805]
['2019-03-28 09:31:00', 6.2, 6.2, 6.2, 6.2, 0]
['2019-03-27 16:00:00', 6.06, 6.06, 6.06, 6.06, 373]
['2019-03-27 15:57:00', 6.2, 6.18, 6.18, 6.2, 5933]
['2019-03-27 15:56:00', 6.1, 6.1, 6.1, 6.1, 605]
['2019-03-27 15:51:00', 6.1, 6.1, 6.1, 6.1, 425]
['2019-03-27 15:48:00', 6.04, 6.0468, 6.04, 6.0468, 1070]
['2019-03-27 15:44:00', 6.04, 6.04, 6.04, 6.04, 778]
['2019-03-27 15:39:00', 6.1, 6.1, 6.1, 6.1, 230]
['2019-03-27 15:38:00', 6.07, 6.07, 6.07, 6.07, 100]
['2019-03-27 15:36:00', 6.05, 6.04, 6.04, 6.05, 905]
['2019-03-27 15:29:00', 6.05, 6.05, 6.05, 6.05, 100]
['2019-03-27 15:26:00', 6.1, 6.1, 6.1, 6.1, 215]
['2019-03-27 15:15:00', 6.04, 6.04, 6.04, 6.04, 230]
['2019-03-27 15:06:00', 6.15, 6.15, 6.15, 6.15, 125]
['2019-03-27 15:01:00', 6.08, 6.08, 6.08, 6.08, 531]
['2019-03-27 14:59:00', 6.08, 6.08, 6.08, 6.08, 120]
['2019-03-27 14:50:00', 6.15, 6.15, 6.15, 6.15, 110]
['2019-03-27 14:44:00', 6.11, 6.11, 6.11, 6.11, 1030]
['2019-03-27 14:42:00', 6.14, 6.14, 6.14, 6.14, 370]
['2019-03-27 14:39:00', 6.18, 6.18, 6.18, 6.18, 210]
['2019-03-27 14:31:00', 6.18, 6.18, 6.18, 6.18, 381]
['2019-03-27 14:30:00', 6.12, 6.11, 6.11, 6.12, 2891]
['2019-03-27 14:27:00', 6.28, 6.28, 6.28, 6.28, 100]
['2019-03-27 14:12:00', 6.21, 6.21, 6.21, 6.21, 1117]
['2019-03-27 14:10:00', 6.11, 6.11, 6.11, 6.11, 105]
['2019-03-27 14:06:00', 6.075, 6.075, 6.075, 6.075, 1415]
['2019-03-27 14:05:00', 6.04, 6.04, 6.04, 6.04, 100]
['2019-03-27 13:57:00', 6.04, 6.01, 6.01, 6.04, 215]
['2019-03-27 13:39:00', 5.98, 5.98, 5.98, 5.98, 170]
['2019-03-27 13:24:00', 6.04, 6.04, 6.04, 6.04, 125]
['2019-03-27 13:15:00', 5.98, 5.98, 5.98, 5.98, 120]
['2019-03-27 12:52:00', 6.005, 6.005, 6.005, 6.005, 192]
['2019-03-27 12:48:00', 6.03, 6.03, 6.03, 6.03, 311]
['2019-03-27 12:46:00', 6.01, 6.0, 6.0, 6.01, 3487]
['2019-03-27 12:45:00', 6.01, 6.01, 6.01, 6.01, 3000]
['2019-03-27 12:35:00', 6.05, 6.05, 6.05, 6.05, 311]
['2019-03-27 12:32:00', 6.09, 6.09, 6.09, 6.09, 310]
['2019-03-27 12:31:00', 6.08, 6.08, 6.08, 6.08, 215]
['2019-03-27 12:09:00', 6.0681, 6.0681, 6.0681, 6.0681, 3503]
['2019-03-27 12:05:00', 6.011, 6.011, 6.011, 6.011, 4300]
['2019-03-27 12:02:00', 6.09, 6.09, 6.09, 6.09, 220]
['2019-03-27 12:01:00', 6.03, 6.03, 6.03, 6.03, 531]
['2019-03-27 12:00:00', 5.99, 5.99, 5.99, 5.99, 1085]
['2019-03-27 11:58:00', 6.0, 6.0, 6.0, 6.0, 100]
['2019-03-27 11:56:00', 5.96, 5.96, 5.96, 5.96, 2138]
['2019-03-27 11:55:00', 5.94, 5.94, 5.94, 5.94, 150]
['2019-03-27 11:53:00', 5.9, 5.9, 5.9, 5.9, 3187]
['2019-03-27 11:48:00', 5.92, 5.92, 5.92, 5.92, 335]
['2019-03-27 11:43:00', 5.95, 5.95, 5.95, 5.95, 1249]
['2019-03-27 11:42:00', 5.99, 5.99, 5.99, 5.99, 515]
['2019-03-27 11:39:00', 5.98, 5.98, 5.98, 5.98, 1849]
['2019-03-27 11:38:00', 6.0, 6.0, 6.0, 6.0, 1128]
['2019-03-27 11:36:00', 6.01, 6.01, 6.01, 6.01, 982]
['2019-03-27 11:35:00', 6.04, 6.04, 6.04, 6.04, 652]
['2019-03-27 11:34:00', 6.08, 6.08, 6.08, 6.08, 1494]
['2019-03-27 11:33:00', 6.08, 6.08, 6.08, 6.08, 151]
['2019-03-27 11:31:00', 6.15, 6.15, 6.15, 6.15, 259]
['2019-03-27 11:28:00', 6.08, 6.08, 6.08, 6.08, 1155]
['2019-03-27 11:07:00', 6.16, 6.16, 6.16, 6.16, 123]
['2019-03-27 10:27:00', 6.09, 6.09, 6.09, 6.09, 741]
['2019-03-27 10:23:00', 6.04, 6.09, 6.04, 6.09, 1156]
['2019-03-27 10:21:00', 6.05, 6.05, 6.05, 6.05, 340]
['2019-03-27 10:19:00', 6.05, 6.05, 6.05, 6.05, 1100]
['2019-03-27 09:55:00', 6.2, 6.2, 6.2, 6.2, 631]
['2019-03-27 09:33:00', 6.0025, 6.01, 6.0025, 6.01, 0]
['2019-03-26 16:00:00', 6.11, 6.11, 6.11, 6.11, 747]
['2019-03-26 15:59:00', 6.11, 6.11, 6.11, 6.11, 457]
['2019-03-26 15:57:00', 6.13, 6.13, 6.13, 6.13, 584]
['2019-03-26 15:56:00', 6.09, 6.09, 6.09, 6.09, 200]
['2019-03-26 15:54:00', 6.1212, 6.1212, 6.1212, 6.1212, 400]
['2019-03-26 15:52:00', 6.0998, 6.0998, 6.0998, 6.0998, 1164]
['2019-03-26 15:49:00', 6.02, 6.02, 6.02, 6.02, 1405]
['2019-03-26 15:48:00', 6.005, 6.005, 6.005, 6.005, 100]
['2019-03-26 15:45:00', 6.03, 5.99, 5.99, 6.03, 1420]
['2019-03-26 15:27:00', 6.01, 6.0, 6.0, 6.01, 205]
['2019-03-26 15:23:00', 6.06, 6.06, 6.06, 6.06, 416]
['2019-03-26 15:19:00', 6.11, 6.11, 6.11, 6.11, 100]
['2019-03-26 15:14:00', 6.04, 6.04, 6.04, 6.04, 590]
['2019-03-26 15:13:00', 6.04, 6.02, 6.02, 6.04, 3471]
['2019-03-26 15:12:00', 6.09, 6.09, 6.09, 6.09, 500]
['2019-03-26 15:10:00', 6.09, 6.09, 6.09, 6.09, 1101]
['2019-03-26 15:08:00', 6.19, 6.19, 6.19, 6.19, 1329]
['2019-03-26 15:07:00', 6.2, 6.2, 6.2, 6.2, 700]
['2019-03-26 15:05:00', 6.2, 6.2, 6.2, 6.2, 1020]
['2019-03-26 15:04:00', 6.25, 6.25, 6.25, 6.25, 779]
['2019-03-26 15:02:00', 6.26, 6.26, 6.26, 6.26, 620]
['2019-03-26 15:01:00', 6.26, 6.26, 6.26, 6.26, 761]
['2019-03-26 15:00:00', 6.27, 6.27, 6.27, 6.27, 200]
['2019-03-26 14:52:00', 6.27, 6.27, 6.27, 6.27, 705]
['2019-03-26 14:43:00', 6.25, 6.25, 6.25, 6.25, 100]
['2019-03-26 14:26:00', 6.25, 6.25, 6.25, 6.25, 217]
['2019-03-26 14:25:00', 6.23, 6.23, 6.23, 6.23, 1800]
['2019-03-26 14:24:00', 6.24, 6.24, 6.24, 6.24, 200]
['2019-03-26 14:10:00', 6.27, 6.27, 6.27, 6.27, 119]
['2019-03-26 14:08:00', 6.27, 6.26, 6.26, 6.27, 310]
['2019-03-26 14:06:00', 6.26, 6.26, 6.26, 6.26, 100]
['2019-03-26 13:56:00', 6.26, 6.26, 6.26, 6.26, 239]
['2019-03-26 13:55:00', 6.26, 6.26, 6.26, 6.26, 100]
['2019-03-26 13:47:00', 6.275, 6.275, 6.275, 6.275, 200]
['2019-03-26 13:27:00', 6.27, 6.28, 6.27, 6.28, 508]
['2019-03-26 13:20:00', 6.2899, 6.2899, 6.2899, 6.2899, 300]
['2019-03-26 13:02:00', 6.24, 6.24, 6.24, 6.24, 273]
['2019-03-26 12:34:00', 6.2, 6.2, 6.2, 6.2, 105]
['2019-03-26 12:29:00', 6.2, 6.2, 6.2, 6.2, 122]
['2019-03-26 12:25:00', 6.22, 6.22, 6.22, 6.22, 328]
['2019-03-26 12:24:00', 6.28, 6.28, 6.28, 6.28, 222]
['2019-03-26 12:21:00', 6.29, 6.29, 6.29, 6.29, 100]
['2019-03-26 12:15:00', 6.3, 6.3, 6.3, 6.3, 805]
['2019-03-26 12:07:00', 6.22, 6.22, 6.22, 6.22, 1060]
['2019-03-26 11:50:00', 6.22, 6.22, 6.22, 6.22, 105]
['2019-03-26 11:41:00', 6.27, 6.27, 6.27, 6.27, 900]
['2019-03-26 11:26:00', 6.3, 6.3, 6.3, 6.3, 206]
['2019-03-26 11:17:00', 6.24, 6.24, 6.24, 6.24, 100]
['2019-03-26 11:15:00', 6.24, 6.24, 6.24, 6.24, 150]
['2019-03-26 10:58:00', 6.4599, 6.4599, 6.4599, 6.4599, 1070]
['2019-03-26 10:51:00', 6.345, 6.345, 6.345, 6.345, 100]
['2019-03-26 10:47:00', 6.29, 6.29, 6.29, 6.29, 100]
['2019-03-26 10:35:00', 6.29, 6.34, 6.29, 6.34, 1955]
['2019-03-26 10:25:00', 6.38, 6.38, 6.38, 6.38, 100]
['2019-03-26 10:19:00', 6.3179, 6.3179, 6.3179, 6.3179, 200]
['2019-03-26 10:10:00', 6.3042, 6.3042, 6.3042, 6.3042, 530]
['2019-03-26 10:08:00', 6.5, 6.5, 6.5, 6.5, 1902]
['2019-03-26 10:04:00', 6.4807, 6.4807, 6.4807, 6.4807, 2411]
['2019-03-26 09:53:00', 6.221, 6.221, 6.221, 6.221, 150]
['2019-03-26 09:52:00', 6.3954, 6.3954, 6.3954, 6.3954, 100]
['2019-03-26 09:46:00', 6.55, 6.42, 6.42, 6.55, 11186]
['2019-03-26 09:31:00', 6.19, 6.19, 6.19, 6.19, 0]
['2019-03-25 16:00:00', 6.1599, 6.1599, 6.1599, 6.1599, 1266]
['2019-03-25 15:58:00', 6.15, 6.15, 6.15, 6.15, 956]
['2019-03-25 15:57:00', 6.18, 6.18, 6.18, 6.18, 284]
['2019-03-25 15:53:00', 6.2, 6.2, 6.2, 6.2, 300]
['2019-03-25 15:47:00', 6.105, 6.14, 6.105, 6.14, 2382]
['2019-03-25 15:45:00', 6.11, 6.11, 6.11, 6.11, 405]
['2019-03-25 15:40:00', 6.105, 6.105, 6.105, 6.105, 164]
['2019-03-25 15:38:00', 6.11, 6.11, 6.11, 6.11, 100]
['2019-03-25 15:28:00', 6.11, 6.105, 6.105, 6.11, 1391]
['2019-03-25 15:27:00', 6.16, 6.16, 6.16, 6.16, 705]
['2019-03-25 15:24:00', 6.18, 6.18, 6.18, 6.18, 429]
['2019-03-25 14:51:00', 6.17, 6.17, 6.17, 6.17, 285]
['2019-03-25 14:44:00', 6.175, 6.175, 6.175, 6.175, 420]
['2019-03-25 14:16:00', 6.175, 6.175, 6.175, 6.175, 140]
['2019-03-25 14:15:00', 6.175, 6.175, 6.175, 6.175, 100]
['2019-03-25 14:09:00', 6.191, 6.191, 6.191, 6.191, 3776]
['2019-03-25 14:07:00', 6.19, 6.19, 6.19, 6.19, 414]
['2019-03-25 13:58:00', 6.24, 6.24, 6.24, 6.24, 125]
['2019-03-25 13:34:00', 6.2517, 6.2517, 6.2517, 6.2517, 491]
['2019-03-25 13:33:00', 6.2, 6.2, 6.2, 6.2, 105]
['2019-03-25 13:20:00', 6.28, 6.28, 6.28, 6.28, 505]
['2019-03-25 13:16:00', 6.1799, 6.1899, 6.1799, 6.1899, 1430]
['2019-03-25 13:12:00', 6.15, 6.15, 6.15, 6.15, 105]
['2019-03-25 13:10:00', 6.15, 6.15, 6.15, 6.15, 205]
['2019-03-25 13:07:00', 6.15, 6.15, 6.15, 6.15, 205]
['2019-03-25 12:59:00', 6.155, 6.155, 6.155, 6.155, 110]
['2019-03-25 12:42:00', 6.19, 6.19, 6.19, 6.19, 125]
['2019-03-25 12:34:00', 6.16, 6.16, 6.16, 6.16, 415]
['2019-03-25 12:09:00', 6.18, 6.18, 6.18, 6.18, 140]
['2019-03-25 12:04:00', 6.18, 6.18, 6.18, 6.18, 110]
['2019-03-25 12:02:00', 6.18, 6.18, 6.18, 6.18, 106]
['2019-03-25 11:57:00', 6.28, 6.28, 6.28, 6.28, 1043]
['2019-03-25 11:50:00', 6.41, 6.41, 6.41, 6.41, 322]
['2019-03-25 11:47:00', 6.39, 6.39, 6.39, 6.39, 100]
['2019-03-25 11:45:00', 6.42, 6.39, 6.39, 6.42, 10248]
['2019-03-25 11:42:00', 6.54, 6.605, 6.54, 6.605, 641]
['2019-03-25 11:40:00', 6.53, 6.53, 6.53, 6.53, 289]
['2019-03-25 11:36:00', 6.6204, 6.6204, 6.6204, 6.6204, 300]
['2019-03-25 11:33:00', 6.57, 6.57, 6.57, 6.57, 810]
['2019-03-25 11:32:00', 6.45, 6.45, 6.45, 6.45, 1421]
['2019-03-25 11:25:00', 6.36, 6.36, 6.36, 6.36, 225]
['2019-03-25 11:23:00', 6.4059, 6.4059, 6.4059, 6.4059, 276]
['2019-03-25 11:19:00', 6.4031, 6.4031, 6.4031, 6.4031, 161]
['2019-03-25 11:15:00', 6.36, 6.36, 6.36, 6.36, 592]
['2019-03-25 11:12:00', 6.39, 6.39, 6.39, 6.39, 221]
['2019-03-25 11:10:00', 6.4875, 6.4889, 6.4875, 6.4889, 1977]
['2019-03-25 11:09:00', 6.37, 6.37, 6.37, 6.37, 214]
['2019-03-25 11:07:00', 6.5075, 6.3401, 6.3401, 6.5075, 5909]
['2019-03-25 11:06:00', 6.1, 6.36, 6.1, 6.36, 5192]
['2019-03-25 11:05:00', 6.04, 6.04, 6.04, 6.04, 100]
['2019-03-25 10:54:00', 6.035, 6.04, 6.035, 6.04, 315]
['2019-03-25 10:51:00', 6.0, 6.0, 6.0, 6.0, 5334]
['2019-03-25 10:48:00', 6.12, 6.06, 6.06, 6.12, 1100]
['2019-03-25 10:46:00', 6.12, 6.12, 6.12, 6.12, 200]
['2019-03-25 10:39:00', 6.15, 6.15, 6.15, 6.15, 596]
['2019-03-25 10:36:00', 6.09, 6.09, 6.09, 6.09, 147]
['2019-03-25 10:35:00', 6.08, 6.08, 6.08, 6.08, 292]
['2019-03-25 10:33:00', 6.085, 6.085, 6.085, 6.085, 102]
['2019-03-25 10:32:00', 6.05, 6.05, 6.05, 6.05, 394]
['2019-03-25 10:30:00', 6.05, 6.05, 6.05, 6.05, 600]
['2019-03-25 10:29:00', 6.04, 6.04, 6.04, 6.04, 144]
['2019-03-25 10:27:00', 6.0494, 6.0494, 6.0494, 6.0494, 544]
['2019-03-25 10:25:00', 5.96, 5.96, 5.96, 5.96, 100]
['2019-03-25 10:24:00', 5.96, 5.96, 5.96, 5.96, 100]
['2019-03-25 10:22:00', 5.94, 5.97, 5.94, 5.97, 2796]
['2019-03-25 10:21:00', 5.94, 5.94, 5.94, 5.94, 2304]
['2019-03-25 10:13:00', 5.9331, 5.9399, 5.9331, 5.9399, 4112]
['2019-03-25 10:11:00', 5.93, 5.93, 5.93, 5.93, 100]
['2019-03-25 10:06:00', 5.9387, 5.9387, 5.9387, 5.9387, 1995]
['2019-03-25 10:04:00', 6.0, 5.95, 5.95, 6.0, 2535]
['2019-03-25 10:03:00', 6.0, 6.0, 6.0, 6.0, 100]
['2019-03-25 10:01:00', 6.0, 6.0, 6.0, 6.0, 1039]
['2019-03-25 09:59:00', 6.0, 6.0, 6.0, 6.0, 114]
['2019-03-25 09:52:00', 6.04, 6.01, 6.01, 6.04, 2052]
['2019-03-25 09:46:00', 6.04, 6.01, 6.01, 6.04, 3599]
['2019-03-25 09:45:00', 6.25, 6.25, 6.25, 6.25, 788]
['2019-03-25 09:41:00', 6.25, 6.25, 6.25, 6.25, 210]
['2019-03-25 09:31:00', 6.26, 6.26, 6.26, 6.26, 0]
