ACIU
['2019-03-29 16:00:00', 5.05, 5.05, 5.05, 5.05, 10396]
['2019-03-29 15:59:00', 5.03, 5.05, 5.03, 5.05, 813]
['2019-03-29 15:58:00', 5.04, 5.04, 5.04, 5.04, 300]
['2019-03-29 15:57:00', 5.034, 5.05, 5.034, 5.05, 4400]
['2019-03-29 15:56:00', 5.04, 5.04, 5.04, 5.04, 202]
['2019-03-29 15:53:00', 5.04, 5.0301, 5.0301, 5.04, 700]
['2019-03-29 15:52:00', 5.04, 5.04, 5.035, 5.04, 1003]
['2019-03-29 15:51:00', 5.04, 5.03, 5.03, 5.04, 4431]
['2019-03-29 15:50:00', 5.04, 5.035, 5.035, 5.04, 303]
['2019-03-29 15:49:00', 5.035, 5.035, 5.035, 5.035, 100]
['2019-03-29 15:48:00', 5.04, 5.04, 5.04, 5.04, 200]
['2019-03-29 15:45:00', 5.04, 5.0333, 5.0333, 5.04, 410]
['2019-03-29 15:44:00', 5.04, 5.04, 5.04, 5.04, 100]
['2019-03-29 15:43:00', 5.04, 5.04, 5.03, 5.04, 1735]
['2019-03-29 15:41:00', 5.05, 5.04, 5.04, 5.05, 200]
['2019-03-29 15:40:00', 5.04, 5.04, 5.04, 5.04, 850]
['2019-03-29 15:39:00', 5.03, 5.03, 5.03, 5.03, 500]
['2019-03-29 15:36:00', 5.0231, 5.03, 5.0231, 5.03, 375]
['2019-03-29 15:34:00', 5.025, 5.025, 5.025, 5.025, 251]
['2019-03-29 15:33:00', 5.025, 5.025, 5.025, 5.025, 100]
['2019-03-29 15:32:00', 5.02, 5.03, 5.02, 5.03, 706]
['2019-03-29 15:31:00', 5.025, 5.025, 5.025, 5.025, 146]
['2019-03-29 15:30:00', 5.025, 5.025, 5.025, 5.025, 497]
['2019-03-29 15:29:00', 5.025, 5.025, 5.025, 5.025, 113]
['2019-03-29 15:28:00', 5.025, 5.025, 5.025, 5.025, 100]
['2019-03-29 15:24:00', 5.04, 5.04, 5.04, 5.04, 100]
['2019-03-29 15:21:00', 5.02, 5.02, 5.02, 5.02, 500]
['2019-03-29 15:20:00', 5.04, 5.04, 5.04, 5.04, 440]
['2019-03-29 15:18:00', 5.0299, 5.0299, 5.0299, 5.0299, 300]
['2019-03-29 15:16:00', 5.02, 5.034, 5.01, 5.034, 1327]
['2019-03-29 15:15:00', 5.02, 5.02, 5.01, 5.02, 3452]
['2019-03-29 15:14:00', 5.02, 5.02, 5.02, 5.04, 900]
['2019-03-29 15:13:00', 5.02, 5.02, 5.02, 5.05, 2331]
['2019-03-29 15:12:00', 5.05, 5.02, 5.02, 5.05, 200]
['2019-03-29 15:11:00', 5.05, 5.05, 5.05, 5.05, 216]
['2019-03-29 15:10:00', 5.05, 5.05, 5.05, 5.05, 210]
['2019-03-29 15:09:00', 5.05, 5.05, 5.05, 5.05, 100]
['2019-03-29 15:08:00', 5.03, 5.035, 5.03, 5.04, 1060]
['2019-03-29 15:07:00', 5.035, 5.035, 5.035, 5.035, 100]
['2019-03-29 15:06:00', 5.035, 5.035, 5.035, 5.035, 100]
['2019-03-29 15:04:00', 5.035, 5.035, 5.035, 5.035, 210]
['2019-03-29 15:03:00', 5.03, 5.03, 5.03, 5.03, 100]
['2019-03-29 15:02:00', 5.04, 5.03, 5.02, 5.04, 500]
['2019-03-29 15:01:00', 4.9924, 5.0, 4.992, 5.0, 13723]
['2019-03-29 15:00:00', 4.995, 5.0, 4.995, 5.0, 200]
['2019-03-29 14:59:00', 5.0, 5.0, 5.0, 5.0, 100]
['2019-03-29 14:58:00', 5.0, 5.0, 5.0, 5.0, 110]
['2019-03-29 14:57:00', 5.0, 5.0, 5.0, 5.0, 100]
['2019-03-29 14:56:00', 5.0, 5.0, 5.0, 5.0, 100]
['2019-03-29 14:55:00', 5.0, 5.0, 5.0, 5.0, 100]
['2019-03-29 14:54:00', 5.0, 5.0, 5.0, 5.0, 102]
['2019-03-29 14:53:00', 5.0, 5.0, 4.995, 5.0, 1041]
['2019-03-29 14:52:00', 5.0, 5.0, 5.0, 5.0, 202]
['2019-03-29 14:51:00', 5.0, 5.0, 5.0, 5.0, 200]
['2019-03-29 14:50:00', 5.0, 4.9934, 4.9934, 5.0, 350]
['2019-03-29 14:49:00', 5.0, 5.0, 4.995, 5.0, 300]
['2019-03-29 14:48:00', 5.0, 5.0, 5.0, 5.0, 100]
['2019-03-29 14:47:00', 5.0, 5.0, 5.0, 5.0, 204]
['2019-03-29 14:46:00', 5.0, 5.0, 5.0, 5.0, 200]
['2019-03-29 14:45:00', 5.0, 5.0, 5.0, 5.0, 220]
['2019-03-29 14:44:00', 5.0, 5.0, 5.0, 5.0, 100]
['2019-03-29 14:43:00', 5.0, 5.0, 5.0, 5.0, 110]
['2019-03-29 14:41:00', 5.0, 5.0, 5.0, 5.0, 200]
['2019-03-29 14:40:00', 4.995, 5.0, 4.995, 5.0, 200]
['2019-03-29 14:39:00', 5.0, 5.0, 4.99, 5.0, 7158]
['2019-03-29 14:37:00', 5.0, 4.9895, 4.9894, 5.0, 2602]
['2019-03-29 14:36:00', 5.0, 5.0, 5.0, 5.0, 140]
['2019-03-29 14:35:00', 5.0, 4.99, 4.99, 5.0, 200]
['2019-03-29 14:34:00', 4.99, 4.99, 4.99, 4.99, 100]
['2019-03-29 14:31:00', 5.0, 5.0, 5.0, 5.0, 100]
['2019-03-29 14:30:00', 5.0, 5.0, 5.0, 5.0, 200]
['2019-03-29 14:28:00', 5.0, 4.99, 4.99, 5.0, 500]
['2019-03-29 14:25:00', 5.0, 5.0, 5.0, 5.0, 127]
['2019-03-29 14:24:00', 5.0, 5.0, 5.0, 5.0, 200]
['2019-03-29 14:21:00', 5.0, 5.0, 5.0, 5.0, 100]
['2019-03-29 14:18:00', 5.0, 5.0, 5.0, 5.0, 101]
['2019-03-29 14:17:00', 5.0, 5.0, 5.0, 5.0, 104]
['2019-03-29 14:16:00', 4.9701, 4.9701, 4.9701, 4.9701, 100]
['2019-03-29 14:14:00', 5.0, 5.0, 5.0, 5.0, 140]
['2019-03-29 14:13:00', 4.99, 4.99, 4.99, 4.99, 100]
['2019-03-29 14:11:00', 4.99, 4.99, 4.99, 4.99, 200]
['2019-03-29 14:09:00', 4.99, 4.99, 4.99, 4.99, 100]
['2019-03-29 14:07:00', 4.98, 4.98, 4.98, 4.98, 100]
['2019-03-29 13:59:00', 4.96, 4.96, 4.96, 4.96, 1450]
['2019-03-29 13:58:00', 4.98, 4.96, 4.96, 4.98, 1148]
['2019-03-29 13:56:00', 4.9749, 4.9749, 4.9749, 4.9749, 585]
['2019-03-29 13:54:00', 4.97, 4.97, 4.97, 4.97, 350]
['2019-03-29 13:48:00', 4.98, 4.98, 4.98, 4.98, 100]
['2019-03-29 13:47:00', 5.0, 4.98, 4.98, 5.0, 900]
['2019-03-29 13:44:00', 5.0, 5.0, 5.0, 5.0, 100]
['2019-03-29 13:41:00', 5.0, 4.99, 4.99, 5.0, 200]
['2019-03-29 13:39:00', 5.0, 4.99, 4.99, 5.0, 200]
['2019-03-29 13:37:00', 5.0, 4.99, 4.99, 5.0, 203]
['2019-03-29 13:35:00', 5.0, 5.0, 5.0, 5.0, 103]
['2019-03-29 13:34:00', 5.0, 5.0, 5.0, 5.0, 100]
['2019-03-29 13:32:00', 4.99, 4.99, 4.99, 4.99, 100]
['2019-03-29 13:31:00', 4.99, 4.9897, 4.9897, 4.99, 200]
['2019-03-29 13:30:00', 4.99, 4.99, 4.99, 4.99, 500]
['2019-03-29 13:29:00', 4.99, 4.99, 4.99, 4.99, 100]
['2019-03-29 13:28:00', 4.99, 4.99, 4.99, 4.99, 100]
['2019-03-29 13:26:00', 4.99, 4.99, 4.99, 4.99, 200]
['2019-03-29 13:25:00', 4.99, 4.99, 4.99, 4.99, 386]
['2019-03-29 13:24:00', 4.985, 4.985, 4.985, 4.985, 100]
['2019-03-29 13:23:00', 4.985, 4.985, 4.985, 4.985, 100]
['2019-03-29 13:22:00', 4.985, 4.985, 4.985, 4.985, 141]
['2019-03-29 13:20:00', 5.0, 5.0, 5.0, 5.0, 113]
['2019-03-29 13:16:00', 4.9941, 4.9965, 4.9941, 5.0, 7711]
['2019-03-29 13:12:00', 4.98, 5.0, 4.98, 5.0, 754]
['2019-03-29 13:11:00', 4.99, 4.99, 4.99, 4.99, 203]
['2019-03-29 13:10:00', 4.98, 4.99, 4.98, 4.99, 362]
['2019-03-29 13:08:00', 4.99, 4.98, 4.98, 4.99, 201]
['2019-03-29 13:06:00', 4.99, 4.99, 4.99, 4.99, 100]
['2019-03-29 13:04:00', 4.99, 4.99, 4.99, 4.99, 100]
['2019-03-29 13:03:00', 4.99, 4.99, 4.99, 4.99, 100]
['2019-03-29 13:00:00', 4.99, 4.99, 4.99, 4.99, 100]
['2019-03-29 12:59:00', 5.0, 5.0, 5.0, 5.0, 3011]
['2019-03-29 12:58:00', 4.99, 4.99, 4.99, 4.99, 100]
['2019-03-29 12:51:00', 4.9828, 4.9828, 4.9828, 4.9828, 500]
['2019-03-29 12:48:00', 4.99, 4.985, 4.985, 4.99, 1638]
['2019-03-29 12:45:00', 4.99, 4.985, 4.98, 4.99, 1176]
['2019-03-29 12:43:00', 4.99, 4.99, 4.99, 4.99, 100]
['2019-03-29 12:41:00', 4.99, 4.99, 4.99, 4.99, 100]
['2019-03-29 12:40:00', 4.99, 4.99, 4.99, 4.99, 100]
['2019-03-29 12:38:00', 4.99, 4.99, 4.99, 4.99, 101]
['2019-03-29 12:37:00', 4.99, 4.99, 4.99, 4.99, 100]
['2019-03-29 12:36:00', 4.99, 4.99, 4.99, 4.99, 178]
['2019-03-29 12:35:00', 4.99, 4.99, 4.99, 4.99, 100]
['2019-03-29 12:34:00', 4.99, 4.99, 4.99, 4.99, 100]
['2019-03-29 12:33:00', 4.99, 4.99, 4.99, 4.99, 100]
['2019-03-29 12:32:00', 4.99, 4.98, 4.9746, 4.99, 450]
['2019-03-29 12:31:00', 4.99, 4.99, 4.99, 4.99, 100]
['2019-03-29 12:30:00', 4.99, 4.99, 4.99, 4.99, 100]
['2019-03-29 12:29:00', 4.99, 4.99, 4.99, 4.99, 100]
['2019-03-29 12:28:00', 4.98, 4.98, 4.98, 4.98, 100]
['2019-03-29 12:24:00', 4.95, 4.95, 4.95, 4.95, 4044]
['2019-03-29 12:22:00', 4.965, 4.94, 4.94, 4.965, 2890]
['2019-03-29 12:21:00', 4.965, 4.965, 4.965, 4.965, 100]
['2019-03-29 12:20:00', 4.96, 4.965, 4.96, 4.965, 200]
['2019-03-29 12:19:00', 4.965, 4.965, 4.965, 4.965, 100]
['2019-03-29 12:17:00', 4.965, 4.95, 4.95, 4.965, 1700]
['2019-03-29 12:16:00', 4.965, 4.965, 4.965, 4.965, 100]
['2019-03-29 12:12:00', 4.95, 4.95, 4.95, 4.95, 1276]
['2019-03-29 12:09:00', 4.93, 4.94, 4.93, 4.94, 1590]
['2019-03-29 12:08:00', 4.95, 4.935, 4.935, 4.9501, 4279]
['2019-03-29 12:07:00', 4.965, 4.965, 4.965, 4.965, 100]
['2019-03-29 12:05:00', 4.965, 4.965, 4.965, 4.965, 100]
['2019-03-29 12:00:00', 4.95, 4.95, 4.95, 4.95, 400]
['2019-03-29 11:56:00', 4.97, 4.97, 4.97, 4.97, 100]
['2019-03-29 11:55:00', 4.95, 4.95, 4.95, 4.95, 100]
['2019-03-29 11:54:00', 4.9598, 4.95, 4.95, 4.9598, 1300]
['2019-03-29 11:47:00', 4.96, 4.96, 4.96, 4.96, 213]
['2019-03-29 11:45:00', 4.97, 4.97, 4.97, 4.97, 300]
['2019-03-29 11:44:00', 4.97, 4.97, 4.96, 4.97, 800]
['2019-03-29 11:43:00', 4.97, 4.97, 4.97, 4.97, 210]
['2019-03-29 11:42:00', 4.99, 4.99, 4.99, 4.99, 100]
['2019-03-29 11:39:00', 4.98, 4.98, 4.98, 4.98, 121]
['2019-03-29 11:37:00', 4.97, 4.97, 4.97, 4.97, 500]
['2019-03-29 11:35:00', 5.0, 5.0, 5.0, 5.0, 100]
['2019-03-29 11:34:00', 5.0, 5.0, 5.0, 5.0, 200]
['2019-03-29 11:32:00', 4.99, 4.99, 4.99, 4.99, 600]
['2019-03-29 11:30:00', 4.99, 4.99, 4.99, 4.99, 100]
['2019-03-29 11:27:00', 4.99, 4.99, 4.99, 4.99, 333]
['2019-03-29 11:26:00', 4.975, 4.99, 4.97, 4.99, 1100]
['2019-03-29 11:25:00', 4.975, 4.975, 4.975, 4.975, 100]
['2019-03-29 11:23:00', 4.975, 4.975, 4.975, 4.975, 150]
['2019-03-29 11:21:00', 4.975, 4.975, 4.975, 4.975, 121]
['2019-03-29 11:20:00', 4.95, 4.96, 4.95, 4.97, 1600]
['2019-03-29 11:19:00', 4.955, 4.955, 4.955, 4.955, 100]
['2019-03-29 11:17:00', 4.955, 4.955, 4.955, 4.955, 100]
['2019-03-29 11:16:00', 4.955, 4.955, 4.955, 4.955, 100]
['2019-03-29 11:12:00', 4.95, 4.95, 4.95, 4.95, 194]
['2019-03-29 11:07:00', 4.94, 4.9288, 4.9288, 4.94, 1993]
['2019-03-29 11:06:00', 4.955, 4.955, 4.955, 4.955, 200]
['2019-03-29 11:05:00', 4.95, 4.95, 4.95, 4.95, 200]
['2019-03-29 11:04:00', 4.95, 4.95, 4.95, 4.95, 100]
['2019-03-29 11:03:00', 4.95, 4.95, 4.95, 4.95, 300]
['2019-03-29 11:00:00', 4.9673, 4.9673, 4.9673, 4.9673, 400]
['2019-03-29 10:58:00', 4.92, 4.92, 4.92, 4.92, 222]
['2019-03-29 10:55:00', 4.89, 4.94, 4.87, 4.95, 19863]
['2019-03-29 10:54:00', 4.95, 4.89, 4.89, 4.95, 21800]
['2019-03-29 10:53:00', 4.96, 4.96, 4.95, 4.96, 6405]
['2019-03-29 10:50:00', 4.965, 4.965, 4.965, 4.965, 130]
['2019-03-29 10:46:00', 4.965, 4.965, 4.965, 4.965, 140]
['2019-03-29 10:45:00', 4.973, 4.973, 4.973, 4.973, 200]
['2019-03-29 10:44:00', 4.965, 4.959, 4.959, 4.965, 225]
['2019-03-29 10:43:00', 4.965, 4.965, 4.965, 4.965, 100]
['2019-03-29 10:41:00', 4.965, 4.959, 4.9501, 4.965, 1105]
['2019-03-29 10:40:00', 4.9799, 4.9799, 4.9799, 4.9799, 250]
['2019-03-29 10:37:00', 4.965, 4.965, 4.965, 4.965, 100]
['2019-03-29 10:34:00', 4.965, 4.965, 4.965, 4.965, 100]
['2019-03-29 10:33:00', 4.965, 4.974, 4.965, 4.974, 1100]
['2019-03-29 10:32:00', 4.974, 4.974, 4.974, 4.974, 2005]
['2019-03-29 10:30:00', 4.97, 4.97, 4.97, 4.97, 300]
['2019-03-29 10:29:00', 4.965, 4.965, 4.965, 4.965, 101]
['2019-03-29 10:25:00', 4.95, 4.95, 4.95, 4.965, 440]
['2019-03-29 10:20:00', 4.98, 4.98, 4.98, 4.98, 157]
['2019-03-29 10:19:00', 4.99, 4.98, 4.98, 4.99, 1318]
['2019-03-29 10:17:00', 4.99, 4.99, 4.99, 4.99, 115]
['2019-03-29 10:15:00', 4.99, 4.99, 4.99, 4.99, 100]
['2019-03-29 10:14:00', 4.99, 4.99, 4.99, 4.99, 300]
['2019-03-29 10:13:00', 4.99, 4.99, 4.99, 4.99, 376]
['2019-03-29 10:12:00', 4.99, 4.9801, 4.98, 4.99, 6485]
['2019-03-29 10:08:00', 4.9827, 4.9827, 4.9827, 4.9827, 1500]
['2019-03-29 10:04:00', 4.98, 4.98, 4.98, 4.98, 104]
['2019-03-29 10:03:00', 4.97, 4.97, 4.97, 4.97, 1053]
['2019-03-29 10:00:00', 4.97, 4.96, 4.96, 4.97, 976]
['2019-03-29 09:58:00', 4.9604, 4.9604, 4.9604, 4.9604, 2000]
['2019-03-29 09:57:00', 5.0, 4.98, 4.98, 5.0, 278]
['2019-03-29 09:55:00', 4.97, 4.98, 4.97, 4.98, 4632]
['2019-03-29 09:53:00', 4.95, 4.95, 4.95, 4.95, 3000]
['2019-03-29 09:52:00', 4.95, 4.95, 4.95, 4.95, 2525]
['2019-03-29 09:51:00', 4.96, 4.96, 4.96, 4.96, 100]
['2019-03-29 09:50:00', 4.956, 4.914, 4.914, 4.9598, 2660]
['2019-03-29 09:48:00', 4.96, 4.96, 4.96, 4.96, 101]
['2019-03-29 09:44:00', 4.92, 4.95, 4.92, 4.95, 880]
['2019-03-29 09:40:00', 4.8901, 4.89, 4.89, 4.8901, 1914]
['2019-03-29 09:39:00', 4.89, 4.89, 4.89, 4.89, 100]
['2019-03-29 09:38:00', 4.9, 4.9, 4.9, 4.91, 600]
['2019-03-29 09:37:00', 4.91, 4.9101, 4.91, 4.9101, 2565]
['2019-03-29 09:36:00', 4.93, 4.91, 4.9, 4.93, 1508]
['2019-03-29 09:34:00', 4.97, 4.97, 4.97, 4.97, 159]
['2019-03-29 09:33:00', 4.9898, 4.9898, 4.9898, 4.9898, 501]
['2019-03-29 09:31:00', 5.0, 5.0, 5.0, 5.0, 3794]
['2019-03-28 16:00:00', 4.91, 4.89, 4.89, 4.91, 3099]
['2019-03-28 15:59:00', 4.9, 4.91, 4.89, 4.91, 5643]
['2019-03-28 15:58:00', 4.905, 4.91, 4.905, 4.91, 300]
['2019-03-28 15:57:00', 4.905, 4.905, 4.905, 4.905, 300]
['2019-03-28 15:56:00', 4.91, 4.9, 4.9, 4.91, 1904]
['2019-03-28 15:55:00', 4.91, 4.91, 4.91, 4.91, 200]
['2019-03-28 15:53:00', 4.91, 4.89, 4.89, 4.91, 2154]
['2019-03-28 15:52:00', 4.91, 4.91, 4.89, 4.91, 636]
['2019-03-28 15:51:00', 4.91, 4.91, 4.8901, 4.91, 654]
['2019-03-28 15:50:00', 4.91, 4.89, 4.89, 4.91, 571]
['2019-03-28 15:48:00', 4.91, 4.89, 4.89, 4.91, 548]
['2019-03-28 15:47:00', 4.91, 4.91, 4.91, 4.91, 100]
['2019-03-28 15:45:00', 4.9, 4.895, 4.895, 4.9, 1000]
['2019-03-28 15:44:00', 4.91, 4.88, 4.88, 4.91, 3802]
['2019-03-28 15:43:00', 4.9, 4.9, 4.9, 4.9, 300]
['2019-03-28 15:42:00', 4.91, 4.89, 4.89, 4.91, 3104]
['2019-03-28 15:41:00', 4.91, 4.91, 4.91, 4.91, 100]
['2019-03-28 15:38:00', 4.92, 4.91, 4.91, 4.93, 500]
['2019-03-28 15:37:00', 4.91, 4.91, 4.91, 4.91, 200]
['2019-03-28 15:36:00', 4.91, 4.91, 4.91, 4.92, 600]
['2019-03-28 15:35:00', 4.92, 4.92, 4.92, 4.92, 100]
['2019-03-28 15:34:00', 4.92, 4.92, 4.92, 4.92, 100]
['2019-03-28 15:33:00', 4.92, 4.9271, 4.92, 4.9271, 689]
['2019-03-28 15:32:00', 4.93, 4.93, 4.93, 4.93, 200]
['2019-03-28 15:29:00', 4.91, 4.91, 4.91, 4.91, 100]
['2019-03-28 15:26:00', 4.95, 4.91, 4.91, 4.95, 1820]
['2019-03-28 15:17:00', 4.96, 4.95, 4.95, 4.96, 900]
['2019-03-28 15:16:00', 4.97, 4.97, 4.97, 4.97, 120]
['2019-03-28 15:15:00', 4.97, 4.96, 4.96, 4.97, 316]
['2019-03-28 15:14:00', 4.959, 4.97, 4.959, 4.97, 200]
['2019-03-28 15:13:00', 4.97, 4.97, 4.97, 4.97, 100]
['2019-03-28 15:12:00', 4.96, 4.96, 4.96, 4.96, 400]
['2019-03-28 15:11:00', 4.97, 4.97, 4.97, 4.97, 100]
['2019-03-28 15:05:00', 4.96, 4.96, 4.96, 4.96, 100]
['2019-03-28 15:03:00', 4.96, 4.96, 4.96, 4.96, 602]
['2019-03-28 15:02:00', 4.96, 4.96, 4.96, 4.96, 200]
['2019-03-28 15:01:00', 4.96, 4.96, 4.96, 4.96, 100]
['2019-03-28 15:00:00', 4.95, 4.96, 4.95, 4.96, 300]
['2019-03-28 14:58:00', 4.945, 4.945, 4.945, 4.945, 101]
['2019-03-28 14:57:00', 4.96, 4.96, 4.96, 4.96, 100]
['2019-03-28 14:54:00', 4.96, 4.93, 4.93, 4.96, 402]
['2019-03-28 14:53:00', 4.96, 4.96, 4.96, 4.96, 400]
['2019-03-28 14:52:00', 4.96, 4.96, 4.96, 4.96, 100]
['2019-03-28 14:51:00', 4.9547, 4.9547, 4.9547, 4.9547, 250]
['2019-03-28 14:50:00', 4.96, 4.9406, 4.9406, 4.96, 410]
['2019-03-28 14:48:00', 4.96, 4.96, 4.96, 4.96, 100]
['2019-03-28 14:47:00', 4.96, 4.96, 4.96, 4.96, 100]
['2019-03-28 14:42:00', 4.96, 4.96, 4.96, 4.96, 120]
['2019-03-28 14:40:00', 4.96, 4.96, 4.96, 4.96, 100]
['2019-03-28 14:39:00', 4.94, 4.94, 4.94, 4.94, 235]
['2019-03-28 14:37:00', 4.95, 4.95, 4.95, 4.95, 1296]
['2019-03-28 14:35:00', 4.96, 4.96, 4.96, 4.96, 154]
['2019-03-28 14:32:00', 4.9612, 4.9612, 4.9612, 4.9612, 826]
['2019-03-28 14:31:00', 4.97, 4.97, 4.97, 4.97, 556]
['2019-03-28 14:30:00', 4.9801, 4.97, 4.97, 4.99, 1599]
['2019-03-28 14:27:00', 4.99, 4.99, 4.99, 4.99, 105]
['2019-03-28 14:25:00', 4.99, 4.99, 4.99, 4.99, 101]
['2019-03-28 14:23:00', 4.98, 4.99, 4.98, 4.99, 300]
['2019-03-28 14:21:00', 5.0, 4.99, 4.99, 5.0, 230]
['2019-03-28 14:20:00', 5.0, 4.99, 4.99, 5.0, 200]
['2019-03-28 14:18:00', 5.0, 5.0, 5.0, 5.0, 146]
['2019-03-28 14:16:00', 4.9931, 5.0, 4.9931, 5.0, 256]
['2019-03-28 14:14:00', 5.0, 5.0, 5.0, 5.0, 100]
['2019-03-28 14:13:00', 4.99, 5.0, 4.99, 5.0, 200]
['2019-03-28 14:12:00', 5.0, 5.0, 5.0, 5.0, 100]
['2019-03-28 14:11:00', 5.0, 5.0, 5.0, 5.0, 100]
['2019-03-28 14:09:00', 5.0, 5.0, 5.0, 5.0, 300]
['2019-03-28 14:07:00', 5.0, 5.0, 5.0, 5.0, 100]
['2019-03-28 14:05:00', 5.0, 5.0, 5.0, 5.0, 100]
['2019-03-28 14:04:00', 4.99, 4.99, 4.99, 4.99, 700]
['2019-03-28 14:03:00', 5.0, 5.0, 5.0, 5.0, 100]
['2019-03-28 14:02:00', 4.9998, 4.9998, 4.9998, 4.9998, 1500]
['2019-03-28 14:00:00', 4.9998, 4.9998, 4.9998, 4.9998, 1528]
['2019-03-28 13:59:00', 4.98, 4.9801, 4.98, 4.9801, 1200]
['2019-03-28 13:57:00', 5.0, 5.0, 5.0, 5.0, 100]
['2019-03-28 13:55:00', 5.0, 5.0, 5.0, 5.0, 100]
['2019-03-28 13:53:00', 5.0, 5.0, 5.0, 5.0, 100]
['2019-03-28 13:51:00', 5.0, 5.0, 5.0, 5.0, 300]
['2019-03-28 13:50:00', 4.99, 4.99, 4.99, 4.99, 100]
['2019-03-28 13:49:00', 5.0, 5.0, 5.0, 5.0, 100]
['2019-03-28 13:47:00', 5.0, 5.0, 5.0, 5.0, 100]
['2019-03-28 13:45:00', 5.0, 5.0, 5.0, 5.0, 100]
['2019-03-28 13:42:00', 4.99, 4.99, 4.99, 4.99, 100]
['2019-03-28 13:41:00', 5.0, 5.0, 5.0, 5.0, 100]
['2019-03-28 13:34:00', 5.0, 5.0, 5.0, 5.0, 143]
['2019-03-28 13:33:00', 4.991, 4.991, 4.991, 4.991, 2656]
['2019-03-28 13:31:00', 4.99, 4.99, 4.99, 4.99, 464]
['2019-03-28 13:29:00', 4.995, 4.995, 4.995, 4.995, 100]
['2019-03-28 13:26:00', 4.99, 4.99, 4.99, 4.99, 200]
['2019-03-28 13:25:00', 4.995, 4.995, 4.995, 4.995, 100]
['2019-03-28 13:23:00', 5.0, 4.99, 4.99, 5.0, 1504]
['2019-03-28 13:22:00', 5.0, 5.0, 5.0, 5.0, 100]
['2019-03-28 13:21:00', 5.0, 5.0, 5.0, 5.0, 600]
['2019-03-28 13:20:00', 5.0, 5.0, 5.0, 5.0, 700]
['2019-03-28 13:19:00', 5.0, 5.0, 5.0, 5.0, 100]
['2019-03-28 13:17:00', 5.0, 5.0, 5.0, 5.0, 100]
['2019-03-28 13:15:00', 5.0, 5.0, 5.0, 5.0, 1500]
['2019-03-28 13:14:00', 5.0, 5.0, 5.0, 5.0, 120]
['2019-03-28 13:13:00', 5.0, 5.0, 5.0, 5.0, 100]
['2019-03-28 13:12:00', 4.99, 4.99, 4.99, 4.99, 100]
['2019-03-28 13:11:00', 5.0, 5.0, 5.0, 5.0, 100]
['2019-03-28 13:09:00', 5.0, 5.0, 5.0, 5.0, 100]
['2019-03-28 13:07:00', 5.0, 5.0, 5.0, 5.0, 102]
['2019-03-28 13:06:00', 4.9991, 5.0, 4.9991, 5.0, 610]
['2019-03-28 13:05:00', 5.0, 5.0, 5.0, 5.0, 100]
['2019-03-28 13:02:00', 5.0, 5.0, 5.0, 5.0, 200]
['2019-03-28 13:00:00', 5.0, 5.0, 5.0, 5.0, 635]
['2019-03-28 12:56:00', 5.0, 5.0, 5.0, 5.0, 320]
['2019-03-28 12:54:00', 5.0, 4.99, 4.99, 5.0, 1330]
['2019-03-28 12:52:00', 5.0, 5.0, 5.0, 5.0, 100]
['2019-03-28 12:50:00', 5.0, 4.99, 4.99, 5.0, 300]
['2019-03-28 12:48:00', 5.0, 5.0, 5.0, 5.0, 100]
['2019-03-28 12:46:00', 5.0, 5.0, 5.0, 5.0, 100]
['2019-03-28 12:42:00', 5.0, 4.99, 4.99, 5.0, 200]
['2019-03-28 12:40:00', 4.99, 4.99, 4.99, 4.99, 100]
['2019-03-28 12:38:00', 4.99, 4.99, 4.99, 4.99, 100]
['2019-03-28 12:34:00', 4.98, 4.98, 4.98, 5.0, 306]
['2019-03-28 12:32:00', 5.0, 5.0, 5.0, 5.0, 140]
['2019-03-28 12:30:00', 5.0, 5.0, 5.0, 5.0, 100]
['2019-03-28 12:28:00', 5.0, 5.0, 5.0, 5.0, 100]
['2019-03-28 12:21:00', 4.99, 4.995, 4.99, 4.995, 626]
['2019-03-28 12:19:00', 5.0, 5.0, 5.0, 5.0, 131]
['2019-03-28 12:18:00', 5.0, 4.995, 4.995, 5.0, 200]
['2019-03-28 12:15:00', 4.99, 4.99, 4.99, 4.99, 100]
['2019-03-28 12:14:00', 5.0, 4.995, 4.995, 5.0, 241]
['2019-03-28 12:12:00', 4.99, 5.0, 4.99, 5.0, 200]
['2019-03-28 12:10:00', 5.0, 4.989, 4.989, 5.0, 200]
['2019-03-28 12:09:00', 5.0, 4.989, 4.989, 5.0, 200]
['2019-03-28 12:08:00', 5.0, 4.99, 4.99, 5.0, 600]
['2019-03-28 12:07:00', 5.0, 5.0, 5.0, 5.0, 301]
['2019-03-28 12:05:00', 5.0, 5.0, 5.0, 5.0, 150]
['2019-03-28 12:04:00', 4.99, 4.99, 4.99, 4.99, 603]
['2019-03-28 12:03:00', 5.0, 5.0, 5.0, 5.0, 100]
['2019-03-28 11:59:00', 4.99, 4.99, 4.99, 4.99, 319]
['2019-03-28 11:58:00', 4.99, 4.99, 4.99, 4.99, 205]
['2019-03-28 11:57:00', 4.989, 4.989, 4.989, 4.989, 162]
['2019-03-28 11:54:00', 4.98, 4.98, 4.98, 4.98, 219]
['2019-03-28 11:53:00', 4.99, 4.99, 4.99, 4.99, 504]
['2019-03-28 11:51:00', 4.99, 4.99, 4.99, 4.99, 125]
['2019-03-28 11:49:00', 4.99, 4.99, 4.99, 4.99, 134]
['2019-03-28 11:47:00', 4.995, 4.99, 4.99, 4.995, 300]
['2019-03-28 11:46:00', 4.995, 4.995, 4.995, 4.995, 102]
['2019-03-28 11:44:00', 4.995, 5.0, 4.995, 5.0, 200]
['2019-03-28 11:43:00', 5.0, 4.995, 4.995, 5.0, 200]
['2019-03-28 11:41:00', 5.01, 5.01, 5.01, 5.01, 112]
['2019-03-28 11:40:00', 4.99, 5.01, 4.99, 5.01, 300]
['2019-03-28 11:39:00', 5.01, 5.01, 5.01, 5.01, 100]
['2019-03-28 11:37:00', 5.01, 5.01, 5.01, 5.01, 150]
['2019-03-28 11:35:00', 4.995, 4.995, 4.995, 4.995, 100]
['2019-03-28 11:27:00', 5.0075, 5.01, 5.0052, 5.01, 1120]
['2019-03-28 11:25:00', 5.02, 4.9743, 4.9743, 5.02, 2600]
['2019-03-28 11:24:00', 5.03, 5.03, 5.03, 5.03, 100]
['2019-03-28 11:23:00', 5.01, 5.03, 5.01, 5.03, 309]
['2019-03-28 11:22:00', 5.03, 5.03, 5.03, 5.03, 104]
['2019-03-28 11:21:00', 5.03, 5.03, 5.03, 5.03, 200]
['2019-03-28 11:19:00', 5.03, 5.03, 5.03, 5.03, 100]
['2019-03-28 11:18:00', 5.03, 5.03, 5.03, 5.03, 100]
['2019-03-28 11:16:00', 5.03, 5.03, 5.03, 5.03, 107]
['2019-03-28 11:15:00', 5.03, 5.03, 5.03, 5.03, 100]
['2019-03-28 11:12:00', 5.02, 5.02, 5.02, 5.02, 317]
['2019-03-28 11:07:00', 5.02, 4.99, 4.97, 5.02, 3183]
['2019-03-28 11:06:00', 5.03, 5.03, 5.03, 5.03, 602]
['2019-03-28 11:05:00', 5.05, 5.05, 5.05, 5.05, 100]
['2019-03-28 11:04:00', 5.05, 5.05, 5.05, 5.05, 101]
['2019-03-28 11:03:00', 5.05, 5.05, 5.05, 5.05, 103]
['2019-03-28 11:01:00', 5.05, 5.05, 5.05, 5.05, 101]
['2019-03-28 10:55:00', 5.03, 5.0317, 5.03, 5.0317, 1334]
['2019-03-28 10:52:00', 5.04, 5.0401, 5.04, 5.0401, 2440]
['2019-03-28 10:51:00', 5.05, 5.05, 5.05, 5.05, 2300]
['2019-03-28 10:50:00', 5.05, 5.05, 5.05, 5.05, 112]
['2019-03-28 10:48:00', 5.05, 5.05, 5.05, 5.05, 100]
['2019-03-28 10:47:00', 5.05, 5.05, 5.05, 5.05, 130]
['2019-03-28 10:46:00', 5.05, 5.05, 5.05, 5.05, 100]
['2019-03-28 10:45:00', 5.05, 5.05, 5.05, 5.05, 113]
['2019-03-28 10:44:00', 5.05, 5.05, 5.05, 5.05, 101]
['2019-03-28 10:43:00', 5.05, 5.04, 5.04, 5.05, 370]
['2019-03-28 10:42:00', 5.05, 5.05, 5.05, 5.05, 102]
['2019-03-28 10:41:00', 5.05, 5.05, 5.05, 5.05, 137]
['2019-03-28 10:40:00', 5.05, 5.04, 5.04, 5.05, 1091]
['2019-03-28 10:39:00', 5.05, 5.05, 5.05, 5.05, 100]
['2019-03-28 10:37:00', 5.05, 5.04, 5.04, 5.05, 904]
['2019-03-28 10:36:00', 5.05, 5.05, 5.05, 5.05, 103]
['2019-03-28 10:35:00', 5.05, 5.05, 5.05, 5.05, 100]
['2019-03-28 10:34:00', 5.05, 5.05, 5.05, 5.05, 204]
['2019-03-28 10:32:00', 5.05, 5.05, 5.05, 5.05, 101]
['2019-03-28 10:31:00', 5.05, 5.05, 5.05, 5.05, 102]
['2019-03-28 10:26:00', 5.01, 5.03, 5.01, 5.03, 4317]
['2019-03-28 10:25:00', 5.03, 5.02, 5.02, 5.03, 1066]
['2019-03-28 10:24:00', 5.03, 5.03, 5.03, 5.03, 258]
['2019-03-28 10:23:00', 5.0325, 5.03, 5.03, 5.0325, 342]
['2019-03-28 10:22:00', 5.03, 5.03, 5.03, 5.03, 501]
['2019-03-28 10:21:00', 5.04, 5.04, 5.04, 5.04, 1601]
['2019-03-28 10:20:00', 5.04, 5.04, 5.04, 5.04, 180]
['2019-03-28 10:19:00', 5.035, 5.035, 5.035, 5.035, 103]
['2019-03-28 10:18:00', 5.03, 5.03, 5.03, 5.04, 302]
['2019-03-28 10:17:00', 5.035, 5.035, 5.035, 5.035, 101]
['2019-03-28 10:16:00', 5.03, 5.03, 5.03, 5.03, 100]
['2019-03-28 10:14:00', 5.04, 5.04, 5.04, 5.04, 430]
['2019-03-28 10:13:00', 5.055, 5.05, 5.05, 5.07, 1475]
['2019-03-28 10:12:00', 5.055, 5.055, 5.055, 5.055, 100]
['2019-03-28 10:11:00', 5.055, 5.055, 5.055, 5.055, 202]
['2019-03-28 10:10:00', 5.055, 5.055, 5.055, 5.055, 100]
['2019-03-28 10:09:00', 5.055, 5.055, 5.055, 5.055, 102]
['2019-03-28 10:08:00', 5.055, 5.055, 5.055, 5.055, 102]
['2019-03-28 10:07:00', 5.055, 5.055, 5.055, 5.055, 100]
['2019-03-28 10:06:00', 5.055, 5.055, 5.055, 5.055, 100]
['2019-03-28 10:05:00', 5.055, 5.055, 5.055, 5.055, 100]
['2019-03-28 10:04:00', 5.046, 5.055, 5.046, 5.055, 1103]
['2019-03-28 10:03:00', 5.055, 5.055, 5.055, 5.055, 100]
['2019-03-28 10:02:00', 5.055, 5.055, 5.055, 5.055, 100]
['2019-03-28 10:01:00', 5.055, 5.055, 5.055, 5.055, 100]
['2019-03-28 09:58:00', 5.04, 5.04, 5.04, 5.04, 175]
['2019-03-28 09:57:00', 5.05, 5.05, 5.05, 5.05, 754]
['2019-03-28 09:55:00', 5.09, 5.09, 5.06, 5.09, 5786]
['2019-03-28 09:53:00', 5.05, 5.065, 5.05, 5.065, 845]
['2019-03-28 09:52:00', 5.065, 5.065, 5.065, 5.065, 101]
['2019-03-28 09:51:00', 5.065, 5.065, 5.065, 5.065, 126]
['2019-03-28 09:50:00', 5.06, 5.06, 5.06, 5.06, 532]
['2019-03-28 09:49:00', 5.06, 5.06, 5.06, 5.06, 100]
['2019-03-28 09:48:00', 5.06, 5.06, 5.06, 5.06, 100]
['2019-03-28 09:47:00', 5.05, 5.05, 5.05, 5.05, 205]
['2019-03-28 09:45:00', 5.0101, 5.04, 5.0101, 5.04, 1702]
['2019-03-28 09:44:00', 5.0448, 5.04, 5.04, 5.0448, 1218]
['2019-03-28 09:43:00', 5.06, 5.06, 5.05, 5.08, 2820]
['2019-03-28 09:42:00', 5.06, 5.06, 5.06, 5.06, 100]
['2019-03-28 09:41:00', 5.04, 5.04, 5.04, 5.04, 537]
['2019-03-28 09:39:00', 5.05, 5.05, 5.05, 5.05, 4511]
['2019-03-28 09:37:00', 5.06, 5.05, 5.05, 5.09, 9659]
['2019-03-28 09:36:00', 5.055, 5.055, 5.055, 5.055, 252]
['2019-03-28 09:35:00', 5.055, 5.055, 5.055, 5.055, 400]
['2019-03-28 09:32:00', 5.05, 5.055, 5.02, 5.055, 2706]
['2019-03-28 09:31:00', 5.02, 5.02, 5.02, 5.02, 2737]
['2019-03-27 16:00:00', 5.01, 5.02, 4.97, 5.05, 10740]
['2019-03-27 15:59:00', 4.98, 4.98, 4.98, 4.985, 1490]
['2019-03-27 15:58:00', 5.01, 4.99, 4.99, 5.02, 1907]
['2019-03-27 15:57:00', 5.02, 5.0, 5.0, 5.02, 1012]
['2019-03-27 15:56:00', 5.01, 5.02, 5.0, 5.02, 1718]
['2019-03-27 15:55:00', 5.01, 5.01, 5.01, 5.01, 300]
['2019-03-27 15:54:00', 5.02, 5.02, 5.02, 5.04, 1979]
['2019-03-27 15:53:00', 5.036, 5.04, 5.02, 5.04, 1050]
['2019-03-27 15:52:00', 5.03, 5.03, 5.03, 5.05, 463]
['2019-03-27 15:51:00', 5.02, 5.03, 5.02, 5.03, 900]
['2019-03-27 15:50:00', 5.01, 5.02, 5.01, 5.03, 1172]
['2019-03-27 15:49:00', 5.01, 5.02, 5.01, 5.02, 1847]
['2019-03-27 15:48:00', 5.02, 5.03, 5.02, 5.03, 600]
['2019-03-27 15:47:00', 5.01, 5.03, 5.01, 5.03, 410]
['2019-03-27 15:46:00', 5.02, 5.0173, 5.0173, 5.03, 1625]
['2019-03-27 15:45:00', 5.03, 5.03, 5.03, 5.03, 100]
['2019-03-27 15:44:00', 5.02, 5.02, 5.02, 5.02, 505]
['2019-03-27 15:43:00', 5.04, 5.04, 5.02, 5.04, 2668]
['2019-03-27 15:42:00', 5.04, 5.04, 5.04, 5.04, 1800]
['2019-03-27 15:40:00', 5.0, 5.02, 4.9989, 5.035, 12263]
['2019-03-27 15:39:00', 5.0, 5.0, 5.0, 5.0, 100]
['2019-03-27 15:37:00', 4.98, 5.0, 4.98, 5.0, 8357]
['2019-03-27 15:34:00', 4.99, 4.99, 4.99, 4.99, 8010]
['2019-03-27 15:29:00', 4.976, 4.976, 4.976, 4.976, 213]
['2019-03-27 15:24:00', 4.94, 4.96, 4.94, 4.96, 3208]
['2019-03-27 15:23:00', 4.945, 4.94, 4.94, 4.945, 1600]
['2019-03-27 15:22:00', 4.95, 4.95, 4.95, 4.95, 702]
['2019-03-27 15:19:00', 4.955, 4.955, 4.955, 4.955, 103]
['2019-03-27 15:18:00', 4.95, 4.95, 4.95, 4.95, 335]
['2019-03-27 15:08:00', 4.9797, 4.9625, 4.9625, 4.9797, 942]
['2019-03-27 15:06:00', 4.95, 4.96, 4.95, 4.96, 1403]
['2019-03-27 14:59:00', 4.95, 4.95, 4.95, 4.95, 2434]
['2019-03-27 14:58:00', 4.97, 4.9501, 4.95, 4.97, 2100]
['2019-03-27 14:52:00', 4.95, 4.95, 4.94, 4.95, 1792]
['2019-03-27 14:51:00', 4.94, 4.94, 4.94, 4.94, 100]
['2019-03-27 14:49:00', 4.9391, 4.9391, 4.9391, 4.9391, 600]
['2019-03-27 14:47:00', 4.94, 4.94, 4.94, 4.94, 300]
['2019-03-27 14:46:00', 4.95, 4.9401, 4.94, 4.95, 3404]
['2019-03-27 14:44:00', 4.94, 4.95, 4.94, 4.95, 975]
['2019-03-27 14:40:00', 4.95, 4.95, 4.95, 4.95, 354]
['2019-03-27 14:38:00', 4.9626, 4.95, 4.95, 4.9626, 513]
['2019-03-27 14:36:00', 4.96, 4.96, 4.96, 4.96, 100]
['2019-03-27 14:30:00', 4.99, 4.99, 4.99, 4.99, 223]
['2019-03-27 14:27:00', 4.96, 4.96, 4.96, 4.96, 141]
['2019-03-27 14:23:00', 4.97, 4.97, 4.97, 4.97, 304]
['2019-03-27 14:12:00', 4.97, 4.97, 4.96, 4.97, 3691]
['2019-03-27 14:06:00', 4.95, 4.95, 4.95, 4.95, 106]
['2019-03-27 14:02:00', 4.9673, 4.9673, 4.9673, 4.9673, 300]
['2019-03-27 13:55:00', 4.97, 4.97, 4.97, 4.97, 1334]
['2019-03-27 13:53:00', 4.9799, 4.9799, 4.9799, 4.9799, 250]
['2019-03-27 13:52:00', 4.98, 4.975, 4.975, 4.98, 600]
['2019-03-27 13:48:00', 4.985, 4.9801, 4.98, 4.985, 2263]
['2019-03-27 13:45:00', 4.98, 4.99, 4.98, 4.99, 603]
['2019-03-27 13:44:00', 4.9855, 4.9855, 4.9855, 4.9855, 250]
['2019-03-27 13:39:00', 4.98, 4.98, 4.98, 4.98, 311]
['2019-03-27 13:33:00', 4.982, 4.982, 4.982, 4.982, 1505]
['2019-03-27 13:31:00', 4.9858, 4.9858, 4.9858, 4.9858, 200]
['2019-03-27 13:30:00', 4.98, 4.98, 4.98, 4.98, 203]
['2019-03-27 13:26:00', 4.98, 4.98, 4.98, 4.98, 300]
['2019-03-27 13:25:00', 4.98, 4.98, 4.98, 4.98, 200]
['2019-03-27 13:24:00', 4.98, 4.98, 4.98, 4.98, 116]
['2019-03-27 13:17:00', 4.982, 4.982, 4.982, 4.982, 501]
['2019-03-27 13:16:00', 4.9808, 4.9808, 4.9808, 4.9808, 259]
['2019-03-27 13:15:00', 4.98, 4.98, 4.98, 4.99, 2510]
['2019-03-27 13:13:00', 4.971, 4.971, 4.971, 4.971, 304]
['2019-03-27 13:12:00', 4.99, 4.98, 4.98, 4.99, 325]
['2019-03-27 13:07:00', 4.99, 4.99, 4.99, 4.99, 267]
['2019-03-27 13:05:00', 4.982, 4.982, 4.982, 4.982, 700]
['2019-03-27 13:02:00', 4.99, 4.99, 4.99, 4.99, 1093]
['2019-03-27 13:01:00', 4.991, 4.99, 4.99, 4.991, 2503]
['2019-03-27 12:57:00', 5.0, 5.0, 5.0, 5.0, 604]
['2019-03-27 12:56:00', 5.0, 5.0, 5.0, 5.0, 200]
['2019-03-27 12:55:00', 4.97, 5.0, 4.97, 5.0, 6337]
['2019-03-27 12:54:00', 4.95, 4.95, 4.9435, 4.95, 5913]
['2019-03-27 12:52:00', 4.9201, 4.9201, 4.9201, 4.9201, 270]
['2019-03-27 12:49:00', 4.93, 4.926, 4.926, 4.95, 1209]
['2019-03-27 12:44:00', 4.9228, 4.9228, 4.9228, 4.9228, 250]
['2019-03-27 12:41:00', 4.9201, 4.92, 4.92, 4.9201, 1045]
['2019-03-27 12:37:00', 4.9337, 4.9261, 4.9261, 4.9337, 529]
['2019-03-27 12:34:00', 4.9205, 4.9205, 4.9205, 4.9205, 200]
['2019-03-27 12:31:00', 4.9201, 4.9201, 4.9201, 4.9201, 160]
['2019-03-27 12:29:00', 4.93, 4.93, 4.93, 4.93, 1011]
['2019-03-27 12:23:00', 4.9398, 4.924, 4.924, 4.9398, 702]
['2019-03-27 12:22:00', 4.9218, 4.9218, 4.9218, 4.9218, 114]
['2019-03-27 12:20:00', 4.906, 4.906, 4.906, 4.906, 110]
['2019-03-27 12:19:00', 4.9151, 4.9151, 4.9151, 4.9151, 200]
['2019-03-27 12:18:00', 4.8825, 4.8872, 4.8825, 4.9, 900]
['2019-03-27 12:16:00', 4.88, 4.9, 4.88, 4.9, 4302]
['2019-03-27 12:13:00', 4.8675, 4.8675, 4.8675, 4.8675, 500]
['2019-03-27 12:12:00', 4.8684, 4.87, 4.8684, 4.87, 300]
['2019-03-27 12:11:00', 4.866, 4.866, 4.866, 4.866, 2400]
['2019-03-27 12:10:00', 4.87, 4.87, 4.87, 4.87, 500]
['2019-03-27 12:09:00', 4.88, 4.87, 4.87, 4.88, 704]
['2019-03-27 12:08:00', 4.87, 4.88, 4.87, 4.88, 3002]
['2019-03-27 12:07:00', 4.872, 4.88, 4.872, 4.88, 2799]
['2019-03-27 12:06:00', 4.8701, 4.8701, 4.8701, 4.8701, 801]
['2019-03-27 11:58:00', 4.87, 4.85, 4.85, 4.87, 5673]
['2019-03-27 11:56:00', 4.88, 4.88, 4.88, 4.88, 100]
['2019-03-27 11:55:00', 4.88, 4.88, 4.88, 4.88, 1040]
['2019-03-27 11:51:00', 4.89, 4.89, 4.89, 4.89, 300]
['2019-03-27 11:48:00', 4.8804, 4.87, 4.87, 4.8804, 2318]
['2019-03-27 11:46:00', 4.8748, 4.8868, 4.8748, 4.8868, 5101]
['2019-03-27 11:44:00', 4.89, 4.89, 4.89, 4.89, 200]
['2019-03-27 11:41:00', 4.87, 4.88, 4.87, 4.88, 205]
['2019-03-27 11:38:00', 4.8638, 4.8638, 4.8638, 4.8638, 216]
['2019-03-27 11:37:00', 4.84, 4.84, 4.84, 4.84, 100]
['2019-03-27 11:35:00', 4.85, 4.85, 4.85, 4.85, 300]
['2019-03-27 11:33:00', 4.86, 4.86, 4.86, 4.86, 5509]
['2019-03-27 11:32:00', 4.84, 4.83, 4.83, 4.84, 2507]
['2019-03-27 11:29:00', 4.83, 4.83, 4.83, 4.83, 200]
['2019-03-27 11:26:00', 4.84, 4.84, 4.84, 4.84, 902]
['2019-03-27 11:21:00', 4.8403, 4.8403, 4.8403, 4.8403, 299]
['2019-03-27 11:17:00', 4.83, 4.83, 4.83, 4.83, 100]
['2019-03-27 11:14:00', 4.82, 4.85, 4.82, 4.85, 7700]
['2019-03-27 11:13:00', 4.83, 4.83, 4.83, 4.83, 2200]
['2019-03-27 11:12:00', 4.85, 4.83, 4.83, 4.85, 1840]
['2019-03-27 11:11:00', 4.87, 4.85, 4.85, 4.88, 3755]
['2019-03-27 11:10:00', 4.79, 4.87, 4.79, 4.87, 4810]
['2019-03-27 11:09:00', 4.8, 4.8, 4.79, 4.8, 3892]
['2019-03-27 11:07:00', 4.81, 4.79, 4.79, 4.81, 700]
['2019-03-27 11:06:00', 4.8, 4.8, 4.8, 4.802, 5332]
['2019-03-27 11:05:00', 4.8, 4.8, 4.8, 4.8, 975]
['2019-03-27 11:04:00', 4.8, 4.8, 4.8, 4.8, 693]
['2019-03-27 11:03:00', 4.79, 4.8, 4.79, 4.8, 553]
['2019-03-27 11:02:00', 4.81, 4.81, 4.81, 4.81, 2373]
['2019-03-27 11:01:00', 4.82, 4.81, 4.81, 4.82, 723]
['2019-03-27 11:00:00', 4.82, 4.82, 4.82, 4.82, 605]
['2019-03-27 10:59:00', 4.815, 4.815, 4.815, 4.815, 100]
['2019-03-27 10:58:00', 4.81, 4.8116, 4.81, 4.8116, 886]
['2019-03-27 10:56:00', 4.8103, 4.8103, 4.8103, 4.8103, 500]
['2019-03-27 10:55:00', 4.8143, 4.8143, 4.8143, 4.8143, 290]
['2019-03-27 10:53:00', 4.81, 4.81, 4.81, 4.81, 150]
['2019-03-27 10:52:00', 4.82, 4.81, 4.81, 4.82, 506]
['2019-03-27 10:50:00', 4.81, 4.81, 4.81, 4.81, 104]
['2019-03-27 10:49:00', 4.82, 4.81, 4.81, 4.82, 917]
['2019-03-27 10:48:00', 4.82, 4.8193, 4.8193, 4.825, 5001]
['2019-03-27 10:47:00', 4.8293, 4.8293, 4.82, 4.8293, 1250]
['2019-03-27 10:46:00', 4.8253, 4.8253, 4.8253, 4.8253, 250]
['2019-03-27 10:45:00', 4.82, 4.82, 4.82, 4.82, 412]
['2019-03-27 10:44:00', 4.82, 4.82, 4.82, 4.82, 106]
['2019-03-27 10:42:00', 4.8482, 4.83, 4.83, 4.8482, 270]
['2019-03-27 10:41:00', 4.85, 4.85, 4.85, 4.85, 504]
['2019-03-27 10:40:00', 4.85, 4.85, 4.85, 4.85, 225]
['2019-03-27 10:39:00', 4.865, 4.865, 4.865, 4.865, 202]
['2019-03-27 10:38:00', 4.856, 4.856, 4.856, 4.856, 400]
['2019-03-27 10:37:00', 4.855, 4.85, 4.85, 4.88, 600]
['2019-03-27 10:36:00', 4.91, 4.88, 4.88, 4.91, 12360]
['2019-03-27 10:35:00', 4.91, 4.91, 4.9005, 4.91, 300]
['2019-03-27 10:34:00', 4.92, 4.9, 4.9, 4.92, 2350]
['2019-03-27 10:30:00', 4.92, 4.92, 4.92, 4.92, 101]
['2019-03-27 10:29:00', 4.92, 4.92, 4.92, 4.92, 553]
['2019-03-27 10:25:00', 4.932, 4.932, 4.932, 4.932, 573]
['2019-03-27 10:24:00', 4.9, 4.9, 4.9, 4.9, 200]
['2019-03-27 10:19:00', 4.925, 4.925, 4.925, 4.925, 400]
['2019-03-27 10:18:00', 4.9253, 4.9253, 4.9253, 4.9253, 105]
['2019-03-27 10:17:00', 4.88, 4.93, 4.88, 4.93, 1808]
['2019-03-27 10:16:00', 4.88, 4.88, 4.88, 4.88, 10011]
['2019-03-27 10:08:00', 4.82, 4.82, 4.82, 4.82, 712]
['2019-03-27 10:06:00', 4.8561, 4.84, 4.84, 4.8561, 1104]
['2019-03-27 10:04:00', 4.8335, 4.85, 4.8335, 4.85, 1890]
['2019-03-27 10:03:00', 4.83, 4.83, 4.83, 4.83, 150]
['2019-03-27 09:58:00', 4.83, 4.86, 4.83, 4.86, 811]
['2019-03-27 09:57:00', 4.85, 4.84, 4.84, 4.85, 1250]
['2019-03-27 09:55:00', 4.85, 4.85, 4.85, 4.85, 742]
['2019-03-27 09:51:00', 4.85, 4.85, 4.85, 4.85, 228]
['2019-03-27 09:50:00', 4.8531, 4.85, 4.85, 4.8531, 1140]
['2019-03-27 09:49:00', 4.85, 4.85, 4.85, 4.855, 952]
['2019-03-27 09:48:00', 4.85, 4.85, 4.85, 4.85, 204]
['2019-03-27 09:47:00', 4.8378, 4.8378, 4.8378, 4.8378, 260]
['2019-03-27 09:43:00', 4.83, 4.8363, 4.81, 4.84, 6863]
['2019-03-27 09:42:00', 4.82, 4.833, 4.82, 4.833, 630]
['2019-03-27 09:39:00', 4.81, 4.852, 4.81, 4.852, 672]
['2019-03-27 09:38:00', 4.8194, 4.8194, 4.8194, 4.8194, 100]
['2019-03-27 09:37:00', 4.8466, 4.8466, 4.8466, 4.8466, 100]
['2019-03-27 09:35:00', 4.8295, 4.8295, 4.8295, 4.8295, 236]
['2019-03-27 09:34:00', 4.7806, 4.7701, 4.7701, 4.7939, 8701]
['2019-03-27 09:33:00', 4.8358, 4.8358, 4.8358, 4.8358, 500]
['2019-03-27 09:31:00', 4.84, 4.84, 4.84, 4.84, 3189]
['2019-03-26 16:00:00', 4.86, 4.87, 4.86, 4.87, 9243]
['2019-03-26 15:59:00', 4.85, 4.85, 4.85, 4.85, 946]
['2019-03-26 15:58:00', 4.85, 4.855, 4.85, 4.855, 4631]
['2019-03-26 15:57:00', 4.8352, 4.8352, 4.8352, 4.8352, 2679]
['2019-03-26 15:56:00', 4.8, 4.8, 4.8, 4.8, 3000]
['2019-03-26 15:55:00', 4.82, 4.8, 4.8, 4.82, 1915]
['2019-03-26 15:54:00', 4.805, 4.805, 4.805, 4.805, 136]
['2019-03-26 15:53:00', 4.79, 4.82, 4.79, 4.82, 3372]
['2019-03-26 15:52:00', 4.7702, 4.7702, 4.7702, 4.7702, 1282]
['2019-03-26 15:51:00', 4.804, 4.804, 4.804, 4.804, 1100]
['2019-03-26 15:50:00', 4.815, 4.8001, 4.8001, 4.815, 8333]
['2019-03-26 15:49:00', 4.82, 4.82, 4.82, 4.82, 2700]
['2019-03-26 15:48:00', 4.82, 4.82, 4.82, 4.82, 2107]
['2019-03-26 15:46:00', 4.8, 4.8001, 4.8, 4.8001, 2370]
['2019-03-26 15:44:00', 4.8, 4.8, 4.8, 4.8, 110]
['2019-03-26 15:41:00', 4.79, 4.79, 4.79, 4.79, 735]
['2019-03-26 15:39:00', 4.8, 4.8, 4.8, 4.8, 2072]
['2019-03-26 15:38:00', 4.79, 4.81, 4.79, 4.81, 4357]
['2019-03-26 15:37:00', 4.84, 4.8, 4.8, 4.85, 2757]
['2019-03-26 15:36:00', 4.858, 4.858, 4.858, 4.858, 685]
['2019-03-26 15:33:00', 4.86, 4.86, 4.86, 4.86, 1769]
['2019-03-26 15:31:00', 4.87, 4.87, 4.87, 4.87, 207]
['2019-03-26 15:30:00', 4.87, 4.87, 4.87, 4.87, 840]
['2019-03-26 15:29:00', 4.87, 4.87, 4.87, 4.87, 103]
['2019-03-26 15:28:00', 4.87, 4.87, 4.87, 4.87, 205]
['2019-03-26 15:26:00', 4.87, 4.87, 4.87, 4.87, 105]
['2019-03-26 15:20:00', 4.85, 4.85, 4.85, 4.85, 2212]
['2019-03-26 15:17:00', 4.85, 4.85, 4.85, 4.85, 1343]
['2019-03-26 15:14:00', 4.88, 4.85, 4.84, 4.88, 2970]
['2019-03-26 15:13:00', 4.85, 4.85, 4.85, 4.85, 2313]
['2019-03-26 15:12:00', 4.85, 4.85, 4.85, 4.85, 224]
['2019-03-26 15:11:00', 4.85, 4.85, 4.85, 4.85, 210]
['2019-03-26 15:10:00', 4.85, 4.85, 4.85, 4.85, 670]
['2019-03-26 15:08:00', 4.82, 4.82, 4.82, 4.82, 3038]
['2019-03-26 15:05:00', 4.7844, 4.8096, 4.7844, 4.8096, 4297]
['2019-03-26 15:04:00', 4.8, 4.8, 4.8, 4.8, 807]
['2019-03-26 15:03:00', 4.76, 4.7677, 4.76, 4.7677, 10425]
['2019-03-26 15:01:00', 4.7637, 4.7637, 4.7637, 4.7637, 1201]
['2019-03-26 15:00:00', 4.78, 4.74, 4.72, 4.78, 27546]
['2019-03-26 14:59:00', 4.8, 4.8, 4.8, 4.8, 501]
['2019-03-26 14:58:00', 4.8, 4.8, 4.8, 4.8, 792]
['2019-03-26 14:57:00', 4.8, 4.8, 4.8, 4.8, 206]
['2019-03-26 14:56:00', 4.8, 4.8, 4.8, 4.8, 300]
['2019-03-26 14:54:00', 4.8, 4.8, 4.8, 4.8, 260]
['2019-03-26 14:52:00', 4.795, 4.795, 4.795, 4.795, 800]
['2019-03-26 14:45:00', 4.8003, 4.8003, 4.8003, 4.8003, 365]
['2019-03-26 14:43:00', 4.82, 4.8, 4.8, 4.82, 7148]
['2019-03-26 14:42:00', 4.84, 4.84, 4.84, 4.84, 368]
['2019-03-26 14:41:00', 4.84, 4.84, 4.84, 4.84, 1624]
['2019-03-26 14:40:00', 4.84, 4.84, 4.84, 4.84, 200]
['2019-03-26 14:38:00', 4.8289, 4.8289, 4.8289, 4.8289, 1203]
['2019-03-26 14:37:00', 4.83, 4.83, 4.83, 4.83, 2300]
['2019-03-26 14:36:00', 4.8207, 4.8207, 4.8207, 4.8207, 100]
['2019-03-26 14:31:00', 4.8207, 4.8207, 4.8207, 4.8207, 112]
['2019-03-26 14:30:00', 4.8432, 4.8432, 4.8432, 4.8432, 200]
['2019-03-26 14:29:00', 4.82, 4.82, 4.82, 4.82, 1110]
['2019-03-26 14:27:00', 4.87, 4.83, 4.83, 4.87, 2711]
['2019-03-26 14:25:00', 4.8734, 4.8734, 4.8734, 4.8734, 152]
['2019-03-26 14:23:00', 4.9001, 4.87, 4.87, 4.9001, 2779]
['2019-03-26 14:22:00', 4.92, 4.92, 4.92, 4.92, 233]
['2019-03-26 14:19:00', 4.92, 4.91, 4.91, 4.92, 4053]
['2019-03-26 14:15:00', 4.92, 4.92, 4.92, 4.92, 720]
['2019-03-26 14:10:00', 4.915, 4.915, 4.915, 4.915, 1125]
['2019-03-26 13:59:00', 4.9, 4.9, 4.9, 4.9, 776]
['2019-03-26 13:58:00', 4.93, 4.93, 4.93, 4.93, 500]
['2019-03-26 13:54:00', 4.93, 4.93, 4.93, 4.93, 722]
['2019-03-26 13:53:00', 4.9, 4.9, 4.9, 4.9, 121]
['2019-03-26 13:50:00', 4.9, 4.9108, 4.9, 4.9108, 297]
['2019-03-26 13:47:00', 4.91, 4.91, 4.91, 4.91, 601]
['2019-03-26 13:43:00', 4.9299, 4.9299, 4.9299, 4.9299, 313]
['2019-03-26 13:42:00', 4.91, 4.91, 4.91, 4.91, 2330]
['2019-03-26 13:41:00', 4.93, 4.93, 4.93, 4.93, 427]
['2019-03-26 13:34:00', 4.9199, 4.9199, 4.9199, 4.9199, 770]
['2019-03-26 13:33:00', 4.9159, 4.9159, 4.9159, 4.9159, 12269]
['2019-03-26 13:32:00', 4.92, 4.88, 4.88, 4.92, 3238]
['2019-03-26 13:31:00', 4.93, 4.93, 4.93, 4.93, 1713]
['2019-03-26 13:30:00', 4.9501, 4.91, 4.87, 4.9501, 20483]
['2019-03-26 13:29:00', 5.01, 4.95, 4.95, 5.0101, 8939]
['2019-03-26 13:20:00', 5.03, 5.03, 5.03, 5.03, 709]
['2019-03-26 13:18:00', 5.02, 5.02, 5.02, 5.02, 300]
['2019-03-26 13:12:00', 5.01, 5.01, 5.01, 5.01, 30]
['2019-03-26 13:03:00', 5.0, 5.0, 5.0, 5.0, 740]
['2019-03-26 13:01:00', 4.9953, 4.9953, 4.9953, 4.9953, 799]
['2019-03-26 12:59:00', 4.9901, 4.9901, 4.9901, 4.9901, 5022]
['2019-03-26 12:58:00', 5.0, 5.0, 5.0, 5.0, 1035]
['2019-03-26 12:57:00', 5.04, 5.0, 5.0, 5.04, 6231]
['2019-03-26 12:56:00', 5.045, 5.045, 5.045, 5.045, 2000]
['2019-03-26 12:52:00', 5.05, 5.04, 5.04, 5.05, 2237]
['2019-03-26 12:48:00', 5.0301, 5.0301, 5.0301, 5.0301, 384]
['2019-03-26 12:41:00', 5.065, 5.05, 5.05, 5.065, 6835]
['2019-03-26 12:36:00', 5.05, 5.05, 5.05, 5.05, 2507]
['2019-03-26 12:35:00', 5.05, 5.05, 5.05, 5.05, 7100]
['2019-03-26 12:34:00', 5.049, 5.05, 5.049, 5.05, 5268]
['2019-03-26 12:32:00', 5.05, 5.05, 5.05, 5.05, 1121]
['2019-03-26 12:25:00', 5.0248, 5.0248, 5.0248, 5.0248, 3299]
['2019-03-26 12:22:00', 5.05, 5.05, 5.05, 5.05, 21604]
['2019-03-26 12:14:00', 5.06, 5.06, 5.06, 5.06, 2014]
['2019-03-26 12:13:00', 5.0496, 5.0496, 5.0496, 5.0496, 3000]
['2019-03-26 12:06:00', 5.07, 5.07, 5.07, 5.07, 3295]
['2019-03-26 12:04:00', 5.05, 5.05, 5.05, 5.05, 1210]
['2019-03-26 12:03:00', 5.046, 5.046, 5.046, 5.046, 576]
['2019-03-26 12:02:00', 5.05, 5.05, 5.05, 5.05, 100]
['2019-03-26 11:53:00', 5.05, 5.05, 5.05, 5.05, 1409]
['2019-03-26 11:52:00', 5.05, 5.05, 5.05, 5.05, 4181]
['2019-03-26 11:51:00', 5.02, 5.02, 5.02, 5.02, 1944]
['2019-03-26 11:48:00', 5.0001, 5.0001, 5.0001, 5.0001, 383]
['2019-03-26 11:47:00', 5.02, 5.02, 5.02, 5.02, 305]
['2019-03-26 11:46:00', 5.02, 5.02, 5.02, 5.02, 412]
['2019-03-26 11:41:00', 5.04, 5.04, 5.04, 5.04, 830]
['2019-03-26 11:40:00', 5.02, 5.02, 5.02, 5.02, 3965]
['2019-03-26 11:36:00', 5.03, 5.03, 5.03, 5.03, 281]
['2019-03-26 11:33:00', 5.02, 5.02, 5.02, 5.02, 161]
['2019-03-26 11:31:00', 5.0314, 5.0314, 5.0314, 5.0314, 310]
['2019-03-26 11:29:00', 5.0157, 5.0157, 5.0157, 5.0157, 3002]
['2019-03-26 11:23:00', 5.04, 5.04, 5.019, 5.04, 2719]
['2019-03-26 11:21:00', 5.0567, 5.0567, 5.0567, 5.0567, 1554]
['2019-03-26 11:17:00', 5.05, 5.05, 5.05, 5.05, 957]
['2019-03-26 11:15:00', 5.045, 5.045, 5.045, 5.045, 100]
['2019-03-26 11:12:00', 5.04, 5.04, 5.04, 5.04, 1183]
['2019-03-26 11:11:00', 5.03, 5.03, 5.03, 5.03, 803]
['2019-03-26 11:10:00', 5.0201, 5.0201, 5.0201, 5.0201, 800]
['2019-03-26 11:09:00', 5.026, 5.026, 5.026, 5.026, 150]
['2019-03-26 11:06:00', 5.05, 5.05, 5.05, 5.05, 100]
['2019-03-26 11:02:00', 5.02, 5.02, 5.02, 5.02, 412]
['2019-03-26 11:01:00', 5.04, 5.04, 5.04, 5.04, 1113]
['2019-03-26 11:00:00', 5.0297, 5.0297, 5.0297, 5.0297, 1217]
['2019-03-26 10:59:00', 5.0301, 5.0301, 5.0301, 5.0301, 880]
['2019-03-26 10:55:00', 5.05, 5.05, 5.05, 5.05, 605]
['2019-03-26 10:54:00', 5.05, 5.05, 5.05, 5.05, 779]
['2019-03-26 10:53:00', 5.05, 5.05, 5.05, 5.05, 540]
['2019-03-26 10:51:00', 5.05, 5.05, 5.05, 5.05, 653]
['2019-03-26 10:50:00', 5.05, 5.05, 5.05, 5.05, 503]
['2019-03-26 10:49:00', 5.05, 5.05, 5.05, 5.05, 3203]
['2019-03-26 10:48:00', 5.04, 5.04, 5.04, 5.04, 701]
['2019-03-26 10:42:00', 5.05, 5.05, 5.05, 5.05, 1980]
['2019-03-26 10:40:00', 5.02, 5.02, 5.02, 5.02, 1023]
['2019-03-26 10:34:00', 5.0, 5.0, 5.0, 5.0, 112]
['2019-03-26 10:31:00', 5.04, 5.04, 5.04, 5.04, 310]
['2019-03-26 10:24:00', 5.03, 5.03, 5.03, 5.03, 591]
['2019-03-26 10:22:00', 5.04, 5.04, 5.04, 5.04, 550]
['2019-03-26 10:21:00', 5.04, 5.04, 5.04, 5.04, 200]
['2019-03-26 10:18:00', 5.0448, 5.0448, 5.0448, 5.0448, 305]
['2019-03-26 10:10:00', 5.03, 5.03, 5.03, 5.03, 224]
['2019-03-26 10:09:00', 5.01, 5.01, 5.01, 5.01, 1655]
['2019-03-26 10:08:00', 5.0, 5.0, 5.0, 5.0, 844]
['2019-03-26 10:05:00', 5.0114, 5.0114, 5.0114, 5.0114, 757]
['2019-03-26 09:59:00', 4.998, 4.998, 4.998, 4.998, 317]
['2019-03-26 09:57:00', 5.0, 4.9901, 4.9901, 5.0, 5353]
['2019-03-26 09:54:00', 5.0128, 5.0128, 5.0128, 5.0128, 1720]
['2019-03-26 09:52:00', 5.0101, 4.9746, 4.9746, 5.0101, 3014]
['2019-03-26 09:51:00', 5.011, 5.011, 5.011, 5.011, 1523]
['2019-03-26 09:47:00', 5.05, 5.05, 5.05, 5.05, 1151]
['2019-03-26 09:45:00', 5.0313, 5.042, 5.0313, 5.042, 2176]
['2019-03-26 09:44:00', 5.0393, 5.0393, 5.0393, 5.0393, 1262]
['2019-03-26 09:43:00', 5.086, 5.086, 5.086, 5.086, 962]
['2019-03-26 09:38:00', 5.0988, 5.0988, 5.0988, 5.0988, 285]
['2019-03-26 09:36:00', 5.06, 5.075, 5.06, 5.075, 16081]
['2019-03-26 09:33:00', 5.038, 5.038, 5.038, 5.038, 1093]
['2019-03-26 09:32:00', 5.0301, 5.0301, 5.0301, 5.0301, 2032]
['2019-03-26 09:31:00', 5.05, 5.05, 5.05, 5.05, 2076]
['2019-03-25 16:00:00', 5.06, 5.04, 5.04, 5.06, 5847]
['2019-03-25 15:59:00', 5.035, 5.035, 5.035, 5.035, 3826]
['2019-03-25 15:58:00', 5.02, 5.05, 5.02, 5.05, 3585]
['2019-03-25 15:57:00', 5.04, 5.04, 5.04, 5.04, 1692]
['2019-03-25 15:56:00', 5.01, 5.01, 5.01, 5.01, 2806]
['2019-03-25 15:55:00', 5.03, 5.03, 5.03, 5.03, 707]
['2019-03-25 15:54:00', 5.03, 5.03, 5.03, 5.03, 700]
['2019-03-25 15:53:00', 5.04, 5.03, 5.03, 5.04, 2066]
['2019-03-25 15:51:00', 5.0201, 5.0201, 5.0201, 5.0201, 1155]
['2019-03-25 15:50:00', 5.03, 5.02, 5.02, 5.03, 3622]
['2019-03-25 15:49:00', 5.04, 5.04, 5.04, 5.04, 3588]
['2019-03-25 15:46:00', 5.03, 5.03, 5.03, 5.03, 1001]
['2019-03-25 15:45:00', 5.01, 5.01, 5.01, 5.01, 307]
['2019-03-25 15:44:00', 5.0227, 5.0227, 5.0227, 5.0227, 1254]
['2019-03-25 15:42:00', 5.0241, 5.0241, 5.0241, 5.0241, 200]
['2019-03-25 15:41:00', 5.04, 5.04, 5.04, 5.04, 905]
['2019-03-25 15:38:00', 5.0397, 5.0397, 5.0397, 5.0397, 2860]
['2019-03-25 15:36:00', 5.03, 5.0, 5.0, 5.03, 4999]
['2019-03-25 15:35:00', 5.035, 5.035, 5.035, 5.035, 110]
['2019-03-25 15:34:00', 5.02, 5.02, 5.02, 5.02, 249]
['2019-03-25 15:30:00', 5.05, 5.05, 5.05, 5.05, 352]
['2019-03-25 15:28:00', 5.03, 5.03, 5.03, 5.03, 1900]
['2019-03-25 15:27:00', 5.05, 5.05, 5.05, 5.05, 350]
['2019-03-25 15:24:00', 5.05, 5.05, 5.05, 5.05, 3557]
['2019-03-25 15:23:00', 5.04, 5.04, 5.04, 5.04, 402]
['2019-03-25 15:19:00', 5.05, 5.05, 5.05, 5.05, 644]
['2019-03-25 15:17:00', 5.0451, 5.0451, 5.0451, 5.0451, 448]
['2019-03-25 15:15:00', 5.05, 5.05, 5.05, 5.05, 450]
['2019-03-25 15:14:00', 5.04, 5.04, 5.04, 5.04, 3179]
['2019-03-25 15:13:00', 5.0252, 5.0252, 5.0252, 5.0252, 100]
['2019-03-25 15:12:00', 5.01, 5.01, 5.01, 5.01, 305]
['2019-03-25 15:08:00', 5.05, 5.05, 5.05, 5.05, 200]
['2019-03-25 15:06:00', 5.035, 5.035, 5.035, 5.035, 1059]
['2019-03-25 15:00:00', 5.05, 5.05, 5.05, 5.05, 189]
['2019-03-25 14:58:00', 5.03, 5.03, 5.03, 5.03, 1103]
['2019-03-25 14:57:00', 5.05, 5.05, 5.05, 5.05, 506]
['2019-03-25 14:56:00', 5.0201, 5.0201, 5.0201, 5.0201, 1400]
['2019-03-25 14:55:00', 5.05, 5.05, 5.05, 5.05, 608]
['2019-03-25 14:54:00', 5.05, 5.05, 5.05, 5.05, 101]
['2019-03-25 14:50:00', 5.05, 5.05, 5.05, 5.05, 406]
['2019-03-25 14:49:00', 5.0239, 5.0239, 5.0239, 5.0239, 1916]
['2019-03-25 14:46:00', 5.0499, 5.0499, 5.0499, 5.0499, 451]
['2019-03-25 14:44:00', 5.05, 5.05, 5.05, 5.05, 701]
['2019-03-25 14:43:00', 5.04, 5.04, 5.04, 5.04, 100]
['2019-03-25 14:37:00', 5.0149, 5.0149, 5.0149, 5.0149, 703]
['2019-03-25 14:35:00', 5.0, 5.0, 5.0, 5.0, 911]
['2019-03-25 14:34:00', 4.97, 5.0, 4.97, 5.0, 1900]
['2019-03-25 14:33:00', 4.9793, 4.9793, 4.9793, 4.9793, 2630]
['2019-03-25 14:28:00', 5.01, 4.99, 4.99, 5.01, 3595]
['2019-03-25 14:27:00', 5.01, 5.01, 5.01, 5.01, 810]
['2019-03-25 14:26:00', 5.03, 5.03, 5.03, 5.03, 600]
['2019-03-25 14:22:00', 5.02, 5.02, 5.02, 5.02, 700]
['2019-03-25 14:20:00', 5.04, 5.04, 5.04, 5.04, 210]
['2019-03-25 14:18:00', 5.03, 5.03, 5.03, 5.03, 957]
['2019-03-25 14:17:00', 5.0496, 5.0496, 5.0496, 5.0496, 1050]
['2019-03-25 14:13:00', 5.026, 5.05, 5.026, 5.05, 750]
['2019-03-25 14:05:00', 5.05, 5.05, 5.05, 5.05, 702]
['2019-03-25 13:59:00', 5.02, 5.02, 5.02, 5.02, 345]
['2019-03-25 13:58:00', 5.02, 5.02, 5.02, 5.02, 1400]
['2019-03-25 13:55:00', 5.03, 5.03, 5.03, 5.03, 300]
['2019-03-25 13:52:00', 5.03, 5.03, 5.03, 5.03, 862]
['2019-03-25 13:49:00', 5.03, 5.03, 5.03, 5.03, 350]
['2019-03-25 13:46:00', 5.05, 5.05, 5.05, 5.05, 305]
['2019-03-25 13:40:00', 5.05, 5.05, 5.05, 5.05, 650]
['2019-03-25 13:39:00', 5.053, 5.053, 5.053, 5.053, 355]
['2019-03-25 13:37:00', 5.06, 5.06, 5.06, 5.06, 800]
['2019-03-25 13:34:00', 5.06, 5.06, 5.06, 5.06, 1514]
['2019-03-25 13:32:00', 5.03, 5.03, 5.03, 5.03, 500]
['2019-03-25 13:29:00', 5.005, 5.005, 5.005, 5.005, 232]
['2019-03-25 13:22:00', 5.034, 5.034, 5.034, 5.034, 913]
['2019-03-25 13:17:00', 5.02, 5.02, 5.02, 5.02, 593]
['2019-03-25 13:13:00', 4.99, 5.0, 4.99, 5.0, 8751]
['2019-03-25 13:11:00', 5.02, 5.02, 5.02, 5.02, 594]
['2019-03-25 13:10:00', 5.03, 5.03, 5.03, 5.03, 585]
['2019-03-25 13:08:00', 5.055, 5.05, 5.05, 5.055, 1955]
['2019-03-25 13:07:00', 5.04, 5.04, 5.04, 5.04, 706]
['2019-03-25 13:02:00', 5.04, 5.04, 5.04, 5.04, 460]
['2019-03-25 13:01:00', 5.04, 5.04, 5.04, 5.04, 900]
['2019-03-25 12:59:00', 5.0342, 5.0399, 5.0342, 5.0399, 3739]
['2019-03-25 12:57:00', 4.99, 4.99, 4.99, 4.99, 214]
['2019-03-25 12:55:00', 5.01, 5.01, 5.01, 5.01, 2830]
['2019-03-25 12:54:00', 5.0, 5.0, 5.0, 5.0, 2434]
['2019-03-25 12:53:00', 4.97, 4.97, 4.97, 4.97, 335]
['2019-03-25 12:51:00', 4.9601, 4.99, 4.9601, 4.99, 1271]
['2019-03-25 12:49:00', 4.9852, 4.9852, 4.9852, 4.9852, 1702]
['2019-03-25 12:46:00', 4.97, 4.97, 4.97, 4.97, 8687]
['2019-03-25 12:45:00', 4.9499, 4.9499, 4.9499, 4.9499, 778]
['2019-03-25 12:42:00', 4.97, 4.97, 4.97, 4.97, 357]
['2019-03-25 12:40:00', 4.95, 4.95, 4.95, 4.95, 1550]
['2019-03-25 12:39:00', 4.947, 4.947, 4.947, 4.947, 560]
['2019-03-25 12:38:00', 4.95, 4.95, 4.95, 4.95, 600]
['2019-03-25 12:37:00', 4.937, 4.937, 4.937, 4.937, 1076]
['2019-03-25 12:34:00', 4.95, 4.95, 4.95, 4.95, 6433]
['2019-03-25 12:31:00', 4.9729, 4.9729, 4.9729, 4.9729, 617]
['2019-03-25 12:26:00', 4.95, 4.95, 4.95, 4.95, 301]
['2019-03-25 12:24:00', 4.95, 4.95, 4.95, 4.95, 1302]
['2019-03-25 12:22:00', 4.95, 4.9433, 4.9433, 4.95, 1515]
['2019-03-25 12:21:00', 4.92, 4.93, 4.92, 4.93, 8443]
['2019-03-25 12:20:00', 4.97, 4.97, 4.97, 4.97, 1100]
['2019-03-25 12:18:00', 4.99, 4.97, 4.97, 4.99, 761]
['2019-03-25 12:15:00', 4.99, 4.99, 4.99, 4.99, 100]
['2019-03-25 12:13:00', 4.96, 4.96, 4.96, 4.96, 100]
['2019-03-25 12:11:00', 4.975, 4.975, 4.975, 4.975, 709]
['2019-03-25 12:07:00', 4.96, 4.96, 4.96, 4.96, 217]
['2019-03-25 12:04:00', 4.99, 4.99, 4.99, 4.99, 491]
['2019-03-25 12:02:00', 4.9674, 4.9674, 4.9674, 4.9674, 500]
['2019-03-25 11:58:00', 4.99, 4.99, 4.99, 4.99, 601]
['2019-03-25 11:55:00', 4.95, 4.95, 4.95, 4.95, 710]
['2019-03-25 11:52:00', 4.934, 4.934, 4.934, 4.934, 1441]
['2019-03-25 11:51:00', 4.94, 4.94, 4.94, 4.94, 5470]
['2019-03-25 11:48:00', 4.99, 4.99, 4.99, 4.99, 433]
['2019-03-25 11:46:00', 4.99, 4.99, 4.99, 4.99, 1171]
['2019-03-25 11:45:00', 4.98, 4.98, 4.98, 4.98, 785]
['2019-03-25 11:43:00', 4.99, 4.99, 4.99, 4.99, 450]
['2019-03-25 11:40:00', 5.02, 5.02, 5.02, 5.02, 561]
['2019-03-25 11:38:00', 5.0, 5.004, 5.0, 5.004, 1439]
['2019-03-25 11:34:00', 5.0171, 5.0171, 5.0171, 5.0171, 1126]
['2019-03-25 11:33:00', 5.02, 5.02, 5.02, 5.02, 575]
['2019-03-25 11:32:00', 5.01, 5.01, 5.01, 5.01, 583]
['2019-03-25 11:31:00', 5.02, 5.02, 5.02, 5.02, 806]
['2019-03-25 11:28:00', 5.009, 5.009, 5.009, 5.009, 638]
['2019-03-25 11:27:00', 5.04, 5.0273, 5.0273, 5.04, 3417]
['2019-03-25 11:25:00', 5.02, 5.02, 5.02, 5.02, 727]
['2019-03-25 11:24:00', 5.0, 5.0, 5.0, 5.0, 3363]
['2019-03-25 11:23:00', 4.9701, 4.9701, 4.9701, 4.9701, 890]
['2019-03-25 11:22:00', 4.985, 4.985, 4.985, 4.985, 760]
['2019-03-25 11:21:00', 4.97, 4.97, 4.97, 4.97, 458]
['2019-03-25 11:18:00', 4.98, 4.98, 4.98, 4.98, 712]
['2019-03-25 11:14:00', 4.93, 4.954, 4.93, 4.954, 1291]
['2019-03-25 11:12:00', 4.92, 4.92, 4.92, 4.92, 310]
['2019-03-25 11:11:00', 4.92, 4.92, 4.92, 4.92, 779]
['2019-03-25 11:10:00', 4.96, 4.96, 4.96, 4.96, 2061]
['2019-03-25 11:09:00', 4.9669, 4.9669, 4.9669, 4.9669, 995]
['2019-03-25 11:07:00', 4.95, 4.97, 4.95, 4.97, 2743]
['2019-03-25 11:06:00', 4.9, 4.9, 4.9, 4.9, 2650]
['2019-03-25 11:04:00', 4.856, 4.856, 4.856, 4.856, 106]
['2019-03-25 11:02:00', 4.87, 4.87, 4.87, 4.87, 345]
['2019-03-25 11:00:00', 4.87, 4.87, 4.87, 4.87, 550]
['2019-03-25 10:59:00', 4.86, 4.86, 4.86, 4.86, 905]
['2019-03-25 10:58:00', 4.84, 4.84, 4.84, 4.84, 2544]
['2019-03-25 10:57:00', 4.86, 4.86, 4.86, 4.86, 1482]
['2019-03-25 10:56:00', 4.85, 4.85, 4.85, 4.85, 464]
['2019-03-25 10:51:00', 4.81, 4.81, 4.81, 4.81, 668]
['2019-03-25 10:50:00', 4.7804, 4.7804, 4.7804, 4.7804, 1200]
['2019-03-25 10:47:00', 4.83, 4.76, 4.76, 4.83, 5483]
['2019-03-25 10:46:00', 4.81, 4.81, 4.81, 4.81, 4970]
['2019-03-25 10:45:00', 4.81, 4.81, 4.81, 4.81, 402]
['2019-03-25 10:43:00', 4.8, 4.81, 4.8, 4.81, 525]
['2019-03-25 10:40:00', 4.78, 4.78, 4.78, 4.78, 542]
['2019-03-25 10:35:00', 4.79, 4.79, 4.79, 4.79, 3094]
['2019-03-25 10:34:00', 4.85, 4.85, 4.85, 4.85, 200]
['2019-03-25 10:31:00', 4.84, 4.84, 4.84, 4.84, 1658]
['2019-03-25 10:28:00', 4.8, 4.8, 4.8, 4.8, 5969]
['2019-03-25 10:26:00', 4.7658, 4.79, 4.7658, 4.79, 1120]
['2019-03-25 10:21:00', 4.7403, 4.75, 4.7403, 4.75, 2569]
['2019-03-25 10:19:00', 4.7329, 4.7329, 4.7329, 4.7329, 2051]
['2019-03-25 10:18:00', 4.74, 4.74, 4.74, 4.74, 1650]
['2019-03-25 10:17:00', 4.79, 4.76, 4.76, 4.8, 11558]
['2019-03-25 10:16:00', 4.78, 4.78, 4.78, 4.78, 3447]
['2019-03-25 10:15:00', 4.77, 4.74, 4.74, 4.77, 9218]
['2019-03-25 10:10:00', 4.7812, 4.7812, 4.7812, 4.7812, 150]
['2019-03-25 10:09:00', 4.7795, 4.7795, 4.7795, 4.7795, 1630]
['2019-03-25 10:06:00', 4.8, 4.8, 4.8, 4.8, 238]
['2019-03-25 10:04:00', 4.79, 4.775, 4.775, 4.79, 1608]
['2019-03-25 10:03:00', 4.8105, 4.8105, 4.8105, 4.8105, 9300]
['2019-03-25 10:01:00', 4.79, 4.79, 4.79, 4.79, 949]
['2019-03-25 09:59:00', 4.83, 4.79, 4.79, 4.83, 11221]
['2019-03-25 09:58:00', 4.8113, 4.8113, 4.8113, 4.8113, 2356]
['2019-03-25 09:54:00', 4.8007, 4.8007, 4.8007, 4.8007, 302]
['2019-03-25 09:53:00', 4.81, 4.81, 4.81, 4.81, 470]
['2019-03-25 09:52:00', 4.79, 4.79, 4.79, 4.79, 4470]
['2019-03-25 09:50:00', 4.79, 4.79, 4.79, 4.79, 928]
['2019-03-25 09:49:00', 4.84, 4.84, 4.84, 4.84, 1265]
['2019-03-25 09:48:00', 4.84, 4.84, 4.84, 4.84, 927]
['2019-03-25 09:47:00', 4.8523, 4.8523, 4.8523, 4.8523, 829]
['2019-03-25 09:45:00', 4.84, 4.84, 4.84, 4.84, 2532]
['2019-03-25 09:44:00', 4.88, 4.87, 4.87, 4.88, 1791]
['2019-03-25 09:42:00', 4.878, 4.878, 4.878, 4.878, 2155]
['2019-03-25 09:40:00', 4.856, 4.88, 4.856, 4.88, 5768]
['2019-03-25 09:39:00', 4.85, 4.85, 4.85, 4.85, 676]
['2019-03-25 09:38:00', 4.79, 4.79, 4.79, 4.79, 517]
['2019-03-25 09:36:00', 4.75, 4.75, 4.75, 4.75, 4685]
['2019-03-25 09:35:00', 4.77, 4.74, 4.74, 4.77, 3708]
['2019-03-25 09:34:00', 4.853, 4.853, 4.853, 4.853, 1367]
['2019-03-25 09:32:00', 4.85, 4.892, 4.85, 4.892, 6270]
['2019-03-25 09:31:00', 4.8, 4.8, 4.8, 4.8, 0]
