AWI
['2019-03-29 16:00:00', 79.46, 79.45, 79.45, 79.46, 21658]
['2019-03-29 15:59:00', 79.47, 79.51, 79.47, 79.52, 8270]
['2019-03-29 15:58:00', 79.46, 79.4925, 79.459, 79.53, 9218]
['2019-03-29 15:57:00', 79.48, 79.445, 79.4244, 79.5, 10696]
['2019-03-29 15:56:00', 79.45, 79.48, 79.45, 79.49, 4665]
['2019-03-29 15:55:00', 79.46, 79.45, 79.42, 79.48, 10510]
['2019-03-29 15:54:00', 79.47, 79.46, 79.45, 79.48, 8059]
['2019-03-29 15:53:00', 79.44, 79.46, 79.425, 79.47, 4834]
['2019-03-29 15:52:00', 79.41, 79.435, 79.41, 79.44, 5246]
['2019-03-29 15:51:00', 79.42, 79.4, 79.37, 79.43, 5465]
['2019-03-29 15:50:00', 79.425, 79.43, 79.42, 79.44, 11399]
['2019-03-29 15:49:00', 79.44, 79.44, 79.39, 79.44, 8649]
['2019-03-29 15:48:00', 79.445, 79.43, 79.43, 79.45, 3247]
['2019-03-29 15:47:00', 79.46, 79.45, 79.44, 79.46, 15799]
['2019-03-29 15:46:00', 79.4275, 79.46, 79.4275, 79.48, 4606]
['2019-03-29 15:45:00', 79.42, 79.42, 79.41, 79.43, 2861]
['2019-03-29 15:44:00', 79.43, 79.43, 79.4, 79.45, 2487]
['2019-03-29 15:43:00', 79.415, 79.47, 79.415, 79.47, 3248]
['2019-03-29 15:42:00', 79.39, 79.43, 79.39, 79.45, 3947]
['2019-03-29 15:41:00', 79.35, 79.37, 79.35, 79.38, 1516]
['2019-03-29 15:40:00', 79.26, 79.335, 79.26, 79.335, 3963]
['2019-03-29 15:39:00', 79.27, 79.255, 79.24, 79.27, 536]
['2019-03-29 15:38:00', 79.29, 79.255, 79.255, 79.29, 1632]
['2019-03-29 15:37:00', 79.32, 79.3001, 79.3001, 79.32, 965]
['2019-03-29 15:36:00', 79.38, 79.32, 79.32, 79.38, 2339]
['2019-03-29 15:35:00', 79.28, 79.34, 79.275, 79.34, 2813]
['2019-03-29 15:34:00', 79.275, 79.29, 79.2, 79.29, 4709]
['2019-03-29 15:33:00', 79.285, 79.275, 79.215, 79.29, 4241]
['2019-03-29 15:32:00', 79.235, 79.3, 79.225, 79.3, 4438]
['2019-03-29 15:31:00', 79.275, 79.25, 79.24, 79.31, 5580]
['2019-03-29 15:30:00', 79.25, 79.27, 79.25, 79.27, 3807]
['2019-03-29 15:29:00', 79.28, 79.26, 79.26, 79.28, 878]
['2019-03-29 15:28:00', 79.28, 79.28, 79.27, 79.3, 4366]
['2019-03-29 15:27:00', 79.26, 79.28, 79.25, 79.28, 1762]
['2019-03-29 15:26:00', 79.27, 79.255, 79.255, 79.27, 629]
['2019-03-29 15:25:00', 79.24, 79.28, 79.24, 79.29, 4314]
['2019-03-29 15:24:00', 79.265, 79.26, 79.215, 79.265, 3542]
['2019-03-29 15:23:00', 79.27, 79.265, 79.26, 79.28, 926]
['2019-03-29 15:22:00', 79.265, 79.28, 79.265, 79.28, 1009]
['2019-03-29 15:21:00', 79.28, 79.26, 79.24, 79.28, 3432]
['2019-03-29 15:19:00', 79.29, 79.265, 79.265, 79.29, 1808]
['2019-03-29 15:18:00', 79.27, 79.29, 79.27, 79.29, 1257]
['2019-03-29 15:17:00', 79.2, 79.25, 79.2, 79.25, 3848]
['2019-03-29 15:15:00', 79.22, 79.22, 79.2, 79.22, 1738]
['2019-03-29 15:13:00', 79.2, 79.205, 79.2, 79.22, 737]
['2019-03-29 15:12:00', 79.225, 79.225, 79.21, 79.225, 1040]
['2019-03-29 15:11:00', 79.2, 79.23, 79.2, 79.24, 2301]
['2019-03-29 15:08:00', 79.1, 79.18, 79.1, 79.19, 4188]
['2019-03-29 15:07:00', 79.07, 79.1, 79.06, 79.13, 6929]
['2019-03-29 15:06:00', 79.07, 79.07, 79.07, 79.075, 1718]
['2019-03-29 15:05:00', 79.07, 79.05, 79.05, 79.08, 1880]
['2019-03-29 15:04:00', 79.07, 79.06, 79.06, 79.07, 801]
['2019-03-29 15:03:00', 79.09, 79.09, 79.09, 79.09, 361]
['2019-03-29 15:02:00', 79.08, 79.08, 79.08, 79.08, 300]
['2019-03-29 15:01:00', 79.035, 79.07, 79.035, 79.07, 1226]
['2019-03-29 15:00:00', 79.055, 79.02, 79.02, 79.055, 515]
['2019-03-29 14:59:00', 79.07, 79.07, 79.07, 79.07, 100]
['2019-03-29 14:58:00', 79.07, 79.07, 79.07, 79.07, 327]
['2019-03-29 14:57:00', 79.0971, 79.09, 79.09, 79.0971, 419]
['2019-03-29 14:56:00', 79.12, 79.11, 79.11, 79.12, 803]
['2019-03-29 14:55:00', 79.11, 79.135, 79.11, 79.14, 510]
['2019-03-29 14:54:00', 79.08, 79.11, 79.08, 79.11, 1457]
['2019-03-29 14:53:00', 79.07, 79.08, 79.06, 79.08, 987]
['2019-03-29 14:52:00', 79.05, 79.05, 79.05, 79.05, 324]
['2019-03-29 14:51:00', 79.02, 79.02, 79.02, 79.02, 387]
['2019-03-29 14:50:00', 79.03, 79.05, 79.02, 79.05, 1467]
['2019-03-29 14:49:00', 79.015, 79.015, 79.015, 79.015, 300]
['2019-03-29 14:47:00', 79.0, 78.98, 78.98, 79.0, 842]
['2019-03-29 14:46:00', 79.01, 79.02, 78.99, 79.02, 972]
['2019-03-29 14:45:00', 79.02, 79.02, 79.02, 79.02, 136]
['2019-03-29 14:43:00', 79.03, 79.01, 79.01, 79.03, 624]
['2019-03-29 14:42:00', 78.99, 79.03, 78.97, 79.03, 1715]
['2019-03-29 14:40:00', 78.99, 79.01, 78.99, 79.01, 1892]
['2019-03-29 14:36:00', 78.97, 79.03, 78.965, 79.03, 4417]
['2019-03-29 14:35:00', 78.97, 78.97, 78.97, 78.97, 302]
['2019-03-29 14:34:00', 78.98, 78.96, 78.96, 78.98, 205]
['2019-03-29 14:33:00', 78.96, 78.98, 78.96, 78.98, 277]
['2019-03-29 14:32:00', 79.0, 79.0, 79.0, 79.0, 469]
['2019-03-29 14:31:00', 79.015, 79.015, 79.015, 79.015, 300]
['2019-03-29 14:30:00', 79.02, 79.02, 79.02, 79.02, 230]
['2019-03-29 14:29:00', 79.02, 79.02, 79.02, 79.02, 142]
['2019-03-29 14:28:00', 79.03, 79.03, 79.03, 79.03, 115]
['2019-03-29 14:26:00', 78.99, 79.04, 78.99, 79.04, 1899]
['2019-03-29 14:25:00', 79.005, 79.02, 79.005, 79.02, 317]
['2019-03-29 14:24:00', 79.02, 78.99, 78.99, 79.02, 634]
['2019-03-29 14:23:00', 79.025, 79.01, 79.01, 79.025, 326]
['2019-03-29 14:21:00', 79.05, 79.05, 79.05, 79.05, 1296]
['2019-03-29 14:20:00', 79.06, 79.08, 79.06, 79.09, 2118]
['2019-03-29 14:19:00', 79.05, 79.055, 79.05, 79.055, 561]
['2019-03-29 14:18:00', 79.06, 79.04, 79.03, 79.06, 694]
['2019-03-29 14:17:00', 79.06, 79.0792, 79.06, 79.0792, 313]
['2019-03-29 14:16:00', 79.08, 79.07, 79.07, 79.08, 885]
['2019-03-29 14:15:00', 79.08, 79.095, 79.08, 79.1, 442]
['2019-03-29 14:12:00', 79.08, 79.08, 79.08, 79.08, 101]
['2019-03-29 14:11:00', 79.08, 79.08, 79.08, 79.08, 101]
['2019-03-29 14:09:00', 79.06, 79.095, 79.06, 79.095, 1117]
['2019-03-29 14:08:00', 79.06, 79.06, 79.06, 79.06, 429]
['2019-03-29 14:07:00', 79.05, 79.03, 79.03, 79.05, 913]
['2019-03-29 14:06:00', 78.99, 79.04, 78.99, 79.04, 1650]
['2019-03-29 14:03:00', 79.01, 79.01, 79.01, 79.01, 203]
['2019-03-29 14:02:00', 78.98, 79.01, 78.98, 79.01, 500]
['2019-03-29 14:01:00', 78.96, 78.98, 78.96, 79.02, 3063]
['2019-03-29 14:00:00', 78.96, 78.96, 78.96, 78.98, 1327]
['2019-03-29 13:59:00', 78.96, 78.96, 78.96, 78.96, 100]
['2019-03-29 13:58:00', 78.97, 78.98, 78.97, 78.98, 201]
['2019-03-29 13:56:00', 78.98, 78.985, 78.98, 78.985, 200]
['2019-03-29 13:52:00', 78.99, 78.995, 78.99, 79.0, 797]
['2019-03-29 13:51:00', 78.96, 78.98, 78.96, 78.98, 1419]
['2019-03-29 13:50:00', 78.98, 78.98, 78.98, 78.98, 286]
['2019-03-29 13:49:00', 78.975, 78.99, 78.975, 78.99, 725]
['2019-03-29 13:48:00', 78.92, 78.98, 78.92, 78.98, 1624]
['2019-03-29 13:47:00', 78.96, 78.89, 78.89, 78.97, 2377]
['2019-03-29 13:46:00', 78.99, 78.98, 78.96, 78.99, 1858]
['2019-03-29 13:45:00', 79.01, 79.0001, 79.0001, 79.01, 500]
['2019-03-29 13:43:00', 79.01, 78.988, 78.988, 79.01, 331]
['2019-03-29 13:41:00', 78.99, 78.975, 78.975, 79.02, 1225]
['2019-03-29 13:40:00', 78.985, 78.99, 78.96, 78.99, 2243]
['2019-03-29 13:39:00', 78.97, 78.97, 78.97, 78.97, 159]
['2019-03-29 13:38:00', 79.005, 78.99, 78.98, 79.005, 402]
['2019-03-29 13:37:00', 78.97, 78.9942, 78.97, 78.9942, 2400]
['2019-03-29 13:36:00', 78.965, 78.97, 78.965, 78.97, 553]
['2019-03-29 13:35:00', 79.01, 78.9575, 78.95, 79.05, 3675]
['2019-03-29 13:34:00', 78.99, 79.0, 78.97, 79.0, 1805]
['2019-03-29 13:31:00', 79.02, 78.99, 78.99, 79.02, 1233]
['2019-03-29 13:30:00', 79.01, 79.02, 79.01, 79.05, 1985]
['2019-03-29 13:29:00', 79.08, 78.985, 78.985, 79.0985, 1920]
['2019-03-29 13:28:00', 79.08, 79.085, 79.08, 79.11, 3181]
['2019-03-29 13:27:00', 79.05, 79.06, 79.05, 79.06, 320]
['2019-03-29 13:26:00', 78.99, 79.06, 78.99, 79.06, 2273]
['2019-03-29 13:25:00', 78.97, 78.99, 78.97, 78.99, 921]
['2019-03-29 13:24:00', 78.985, 79.0, 78.955, 79.0, 2512]
['2019-03-29 13:23:00', 78.985, 78.985, 78.985, 78.985, 1100]
['2019-03-29 13:22:00', 78.94, 78.99, 78.94, 78.99, 221]
['2019-03-29 13:21:00', 78.94, 78.94, 78.93, 78.99, 3496]
['2019-03-29 13:19:00', 78.92, 78.95, 78.89, 78.99, 4783]
['2019-03-29 13:18:00', 78.94, 78.93, 78.93, 78.96, 608]
['2019-03-29 13:17:00', 78.94, 78.94, 78.94, 78.94, 206]
['2019-03-29 13:16:00', 78.98, 78.98, 78.98, 78.98, 117]
['2019-03-29 13:15:00', 78.98, 78.98, 78.98, 78.98, 554]
['2019-03-29 13:12:00', 79.0, 78.98, 78.98, 79.0, 1043]
['2019-03-29 13:10:00', 78.963, 79.01, 78.963, 79.01, 871]
['2019-03-29 13:09:00', 78.99, 78.97, 78.97, 78.99, 301]
['2019-03-29 13:06:00', 78.97, 79.0, 78.97, 79.0, 597]
['2019-03-29 13:05:00', 79.0, 79.0, 79.0, 79.0, 307]
['2019-03-29 13:04:00', 78.98, 78.99, 78.98, 78.99, 302]
['2019-03-29 13:03:00', 78.995, 78.995, 78.995, 78.995, 102]
['2019-03-29 13:01:00', 79.0, 78.991, 78.967, 79.0, 2931]
['2019-03-29 13:00:00', 79.0226, 79.0226, 79.0226, 79.0226, 371]
['2019-03-29 12:59:00', 79.06, 79.06, 79.06, 79.06, 100]
['2019-03-29 12:58:00', 78.99, 79.015, 78.99, 79.03, 1068]
['2019-03-29 12:57:00', 78.97, 78.97, 78.95, 78.98, 860]
['2019-03-29 12:56:00', 78.93, 78.95, 78.93, 78.95, 1126]
['2019-03-29 12:54:00', 78.9, 78.92, 78.9, 78.92, 1149]
['2019-03-29 12:53:00', 78.88, 78.89, 78.88, 78.89, 410]
['2019-03-29 12:52:00', 78.87, 78.88, 78.85, 78.88, 1179]
['2019-03-29 12:51:00', 78.84, 78.85, 78.81, 78.85, 1933]
['2019-03-29 12:50:00', 78.87, 78.86, 78.86, 78.87, 832]
['2019-03-29 12:49:00', 78.83, 78.84, 78.81, 78.84, 660]
['2019-03-29 12:48:00', 78.81, 78.82, 78.81, 78.82, 611]
['2019-03-29 12:47:00', 78.87, 78.8, 78.8, 78.87, 717]
['2019-03-29 12:46:00', 78.88, 78.895, 78.8705, 78.9, 1151]
['2019-03-29 12:45:00', 78.87, 78.87, 78.87, 78.93, 2461]
['2019-03-29 12:44:00', 78.855, 78.855, 78.855, 78.855, 104]
['2019-03-29 12:43:00', 78.85, 78.8595, 78.85, 78.8595, 201]
['2019-03-29 12:42:00', 78.85, 78.855, 78.85, 78.87, 406]
['2019-03-29 12:41:00', 78.88, 78.88, 78.88, 78.88, 100]
['2019-03-29 12:40:00', 78.87, 78.85, 78.85, 78.87, 422]
['2019-03-29 12:39:00', 78.895, 78.91, 78.84, 78.91, 640]
['2019-03-29 12:38:00', 78.86, 78.89, 78.86, 78.9, 1772]
['2019-03-29 12:37:00', 78.84, 78.86, 78.84, 78.86, 320]
['2019-03-29 12:36:00', 78.79, 78.84, 78.79, 78.84, 1438]
['2019-03-29 12:35:00', 78.8, 78.8, 78.8, 78.8, 662]
['2019-03-29 12:33:00', 78.8, 78.8, 78.8, 78.8, 102]
['2019-03-29 12:32:00', 78.82, 78.81, 78.81, 78.82, 401]
['2019-03-29 12:31:00', 78.795, 78.83, 78.76, 78.83, 1701]
['2019-03-29 12:30:00', 78.82, 78.792, 78.78, 78.82, 659]
['2019-03-29 12:29:00', 78.85, 78.85, 78.85, 78.85, 316]
['2019-03-29 12:28:00', 78.74, 78.84, 78.74, 78.84, 1683]
['2019-03-29 12:27:00', 78.675, 78.73, 78.65, 78.73, 1729]
['2019-03-29 12:24:00', 78.64, 78.69, 78.64, 78.69, 2998]
['2019-03-29 12:23:00', 78.62, 78.62, 78.62, 78.62, 204]
['2019-03-29 12:22:00', 78.61, 78.62, 78.61, 78.64, 1047]
['2019-03-29 12:21:00', 78.65, 78.63, 78.63, 78.65, 390]
['2019-03-29 12:20:00', 78.61, 78.63, 78.58, 78.63, 2694]
['2019-03-29 12:19:00', 78.62, 78.62, 78.62, 78.62, 156]
['2019-03-29 12:18:00', 78.63, 78.63, 78.63, 78.63, 705]
['2019-03-29 12:17:00', 78.68, 78.65, 78.65, 78.68, 923]
['2019-03-29 12:16:00', 78.75, 78.68, 78.68, 78.75, 8031]
['2019-03-29 12:15:00', 78.74, 78.75, 78.735, 78.75, 3734]
['2019-03-29 12:14:00', 78.75, 78.745, 78.74, 78.77, 2049]
['2019-03-29 12:13:00', 78.715, 78.76, 78.705, 78.77, 6792]
['2019-03-29 12:12:00', 78.72, 78.71, 78.7, 78.72, 1515]
['2019-03-29 12:11:00', 78.72, 78.71, 78.71, 78.735, 604]
['2019-03-29 12:09:00', 78.755, 78.73, 78.73, 78.755, 1738]
['2019-03-29 12:08:00', 78.74, 78.755, 78.74, 78.77, 1106]
['2019-03-29 12:07:00', 78.76, 78.77, 78.73, 78.77, 3406]
['2019-03-29 12:06:00', 78.78, 78.78, 78.74, 78.78, 1820]
['2019-03-29 12:05:00', 78.83, 78.83, 78.8, 78.83, 1871]
['2019-03-29 12:04:00', 78.885, 78.86, 78.83, 78.885, 1160]
['2019-03-29 12:03:00', 78.905, 78.91, 78.89, 78.92, 2385]
['2019-03-29 12:02:00', 78.94, 78.905, 78.87, 78.95, 4977]
['2019-03-29 12:01:00', 79.0, 78.96, 78.91, 79.0, 5528]
['2019-03-29 12:00:00', 79.0, 78.99, 78.96, 79.01, 2539]
['2019-03-29 11:59:00', 78.99, 79.0, 78.99, 79.01, 2345]
['2019-03-29 11:58:00', 79.015, 79.015, 79.015, 79.04, 495]
['2019-03-29 11:57:00', 78.995, 78.97, 78.95, 79.02, 2748]
['2019-03-29 11:56:00', 78.98, 78.995, 78.94, 79.01, 3497]
['2019-03-29 11:55:00', 79.11, 78.96, 78.92, 79.14, 8099]
['2019-03-29 11:54:00', 79.12, 79.1, 79.1, 79.18, 8909]
['2019-03-29 11:53:00', 79.09, 79.15, 79.07, 79.16, 8907]
['2019-03-29 11:52:00', 79.11, 79.105, 79.06, 79.16, 10705]
['2019-03-29 11:51:00', 79.16, 79.12, 79.08, 79.18, 3797]
['2019-03-29 11:50:00', 79.13, 79.16, 79.1, 79.16, 2843]
['2019-03-29 11:49:00', 79.13, 79.13, 79.1, 79.16, 825]
['2019-03-29 11:48:00', 79.115, 79.16, 79.115, 79.195, 6982]
['2019-03-29 11:47:00', 79.185, 79.12, 79.1, 79.185, 1618]
['2019-03-29 11:46:00', 79.105, 79.16, 79.105, 79.21, 3411]
['2019-03-29 11:45:00', 79.15, 79.135, 79.135, 79.165, 2078]
['2019-03-29 11:44:00', 79.13, 79.14, 79.13, 79.18, 2946]
['2019-03-29 11:43:00', 79.135, 79.15, 79.11, 79.15, 1181]
['2019-03-29 11:42:00', 79.17, 79.14, 79.12, 79.24, 5977]
['2019-03-29 11:41:00', 79.165, 79.175, 79.08, 79.175, 1380]
['2019-03-29 11:40:00', 79.11, 79.11, 79.11, 79.11, 107]
['2019-03-29 11:39:00', 79.24, 79.23, 79.23, 79.24, 629]
['2019-03-29 11:38:00', 79.14, 79.26, 79.14, 79.26, 3375]
['2019-03-29 11:37:00', 79.09, 79.14, 79.08, 79.17, 6424]
['2019-03-29 11:36:00', 79.175, 79.07, 79.07, 79.175, 2093]
['2019-03-29 11:35:00', 79.15, 79.19, 79.15, 79.19, 952]
['2019-03-29 11:34:00', 79.11, 79.15, 79.09, 79.15, 2668]
['2019-03-29 11:33:00', 79.11, 79.07, 79.07, 79.11, 223]
['2019-03-29 11:32:00', 79.12, 79.13, 79.1, 79.15, 1446]
['2019-03-29 11:31:00', 79.06, 79.12, 79.06, 79.15, 1886]
['2019-03-29 11:30:00', 79.06, 79.075, 79.06, 79.075, 269]
['2019-03-29 11:29:00', 79.06, 79.06, 79.06, 79.06, 200]
['2019-03-29 11:28:00', 79.06, 79.075, 79.05, 79.09, 1182]
['2019-03-29 11:27:00', 79.06, 79.06, 79.05, 79.06, 620]
['2019-03-29 11:26:00', 79.025, 79.06, 79.01, 79.07, 2120]
['2019-03-29 11:25:00', 79.03, 79.01, 79.01, 79.03, 304]
['2019-03-29 11:24:00', 78.945, 79.0, 78.945, 79.02, 3628]
['2019-03-29 11:23:00', 78.96, 78.97, 78.96, 78.97, 800]
['2019-03-29 11:22:00', 78.94, 78.95, 78.92, 78.96, 1104]
['2019-03-29 11:21:00', 78.97, 78.93, 78.91, 78.99, 1798]
['2019-03-29 11:20:00', 78.975, 78.995, 78.975, 79.02, 1909]
['2019-03-29 11:19:00', 79.0, 78.99, 78.91, 79.0, 5301]
['2019-03-29 11:18:00', 79.01, 79.0, 79.0, 79.01, 782]
['2019-03-29 11:17:00', 78.985, 78.985, 78.985, 78.985, 150]
['2019-03-29 11:16:00', 78.99, 79.01, 78.99, 79.01, 920]
['2019-03-29 11:15:00', 78.96, 78.98, 78.935, 79.0, 4410]
['2019-03-29 11:14:00', 78.95, 78.96, 78.945, 78.98, 1068]
['2019-03-29 11:13:00', 78.985, 78.99, 78.985, 78.99, 500]
['2019-03-29 11:12:00', 79.01, 78.99, 78.98, 79.01, 1679]
['2019-03-29 11:11:00', 79.03, 79.01, 79.01, 79.06, 505]
['2019-03-29 11:10:00', 79.055, 79.055, 79.055, 79.055, 200]
['2019-03-29 11:09:00', 79.05, 79.05, 79.05, 79.05, 400]
['2019-03-29 11:08:00', 79.02, 79.02, 79.02, 79.03, 651]
['2019-03-29 11:06:00', 78.975, 79.0, 78.97, 79.0, 2765]
['2019-03-29 11:05:00', 78.99, 78.985, 78.98, 78.99, 1883]
['2019-03-29 11:03:00', 78.945, 78.97, 78.945, 78.97, 1249]
['2019-03-29 11:02:00', 78.945, 78.96, 78.92, 78.96, 1501]
['2019-03-29 11:01:00', 78.97, 78.9, 78.9, 78.97, 519]
['2019-03-29 11:00:00', 78.97, 78.99, 78.97, 79.01, 2479]
['2019-03-29 10:59:00', 78.95, 78.95, 78.89, 78.975, 1789]
['2019-03-29 10:58:00', 78.99, 78.99, 78.99, 78.99, 332]
['2019-03-29 10:57:00', 79.03, 79.03, 79.03, 79.03, 290]
['2019-03-29 10:56:00', 78.98, 79.02, 78.98, 79.02, 1008]
['2019-03-29 10:55:00', 78.99, 78.965, 78.95, 78.99, 1824]
['2019-03-29 10:54:00', 78.97, 78.99, 78.97, 79.01, 2200]
['2019-03-29 10:53:00', 78.93, 78.93, 78.86, 78.93, 1822]
['2019-03-29 10:52:00', 78.98, 78.95, 78.94, 78.995, 7285]
['2019-03-29 10:51:00', 78.94, 78.965, 78.89, 78.965, 5804]
['2019-03-29 10:50:00', 78.96, 78.97, 78.93, 78.97, 1433]
['2019-03-29 10:49:00', 78.99, 78.97, 78.97, 79.0, 1347]
['2019-03-29 10:48:00', 79.0, 78.99, 78.99, 79.0, 300]
['2019-03-29 10:47:00', 78.975, 78.98, 78.975, 78.98, 300]
['2019-03-29 10:46:00', 78.9153, 78.97, 78.91, 78.97, 2556]
['2019-03-29 10:45:00', 78.99, 78.945, 78.92, 78.99, 1055]
['2019-03-29 10:43:00', 78.99, 78.99, 78.99, 78.99, 328]
['2019-03-29 10:42:00', 79.0, 79.0, 79.0, 79.0, 300]
['2019-03-29 10:41:00', 79.04, 79.04, 79.04, 79.04, 204]
['2019-03-29 10:40:00', 78.98, 78.98, 78.98, 78.98, 361]
['2019-03-29 10:39:00', 78.93, 78.99, 78.92, 79.04, 4195]
['2019-03-29 10:38:00', 78.93, 78.87, 78.87, 78.93, 2474]
['2019-03-29 10:37:00', 78.965, 78.95, 78.93, 78.965, 932]
['2019-03-29 10:36:00', 78.96, 78.9586, 78.9586, 78.96, 300]
['2019-03-29 10:35:00', 78.96, 78.9805, 78.96, 78.99, 1551]
['2019-03-29 10:34:00', 78.92, 78.94, 78.9, 78.97, 4820]
['2019-03-29 10:33:00', 78.97, 78.93, 78.93, 78.97, 613]
['2019-03-29 10:31:00', 79.015, 79.03, 79.015, 79.07, 1161]
['2019-03-29 10:30:00', 78.94, 79.03, 78.94, 79.03, 821]
['2019-03-29 10:29:00', 78.98, 78.98, 78.98, 78.98, 241]
['2019-03-29 10:26:00', 78.98, 79.01, 78.98, 79.01, 404]
['2019-03-29 10:25:00', 78.94, 78.97, 78.92, 78.97, 999]
['2019-03-29 10:24:00', 78.94, 78.975, 78.94, 78.98, 502]
['2019-03-29 10:23:00', 78.92, 78.98, 78.88, 79.0, 4397]
['2019-03-29 10:22:00', 78.94, 78.94, 78.94, 78.94, 100]
['2019-03-29 10:21:00', 79.03, 79.0, 78.95, 79.03, 2245]
['2019-03-29 10:20:00', 79.08, 79.03, 79.03, 79.08, 1300]
['2019-03-29 10:19:00', 79.01, 79.06, 78.9863, 79.06, 1704]
['2019-03-29 10:18:00', 79.05, 79.02, 78.98, 79.06, 2150]
['2019-03-29 10:17:00', 79.09, 79.07, 79.07, 79.1, 540]
['2019-03-29 10:16:00', 79.105, 79.11, 79.035, 79.12, 4219]
['2019-03-29 10:14:00', 79.08, 79.1, 79.08, 79.18, 2788]
['2019-03-29 10:13:00', 79.05, 79.03, 79.03, 79.055, 648]
['2019-03-29 10:12:00', 79.06, 79.07, 78.94, 79.07, 3024]
['2019-03-29 10:11:00', 79.15, 79.12, 79.12, 79.15, 702]
['2019-03-29 10:10:00', 79.095, 79.095, 79.095, 79.12, 300]
['2019-03-29 10:09:00', 79.05, 79.09, 79.05, 79.12, 2400]
['2019-03-29 10:08:00', 79.04, 79.045, 78.96, 79.05, 2599]
['2019-03-29 10:07:00', 78.97, 79.03, 78.97, 79.03, 3315]
['2019-03-29 10:06:00', 79.03, 79.0, 79.0, 79.03, 1179]
['2019-03-29 10:05:00', 78.99, 78.995, 78.97, 78.995, 1149]
['2019-03-29 10:04:00', 79.03, 78.97, 78.97, 79.03, 663]
['2019-03-29 10:03:00', 79.11, 79.05, 79.05, 79.11, 319]
['2019-03-29 10:02:00', 79.09, 79.1, 79.05, 79.1, 658]
['2019-03-29 10:01:00', 79.055, 79.05, 78.985, 79.19, 4590]
['2019-03-29 10:00:00', 79.055, 79.055, 79.055, 79.055, 600]
['2019-03-29 09:59:00', 79.12, 79.045, 79.045, 79.12, 695]
['2019-03-29 09:58:00', 79.15, 79.1, 79.08, 79.15, 842]
['2019-03-29 09:57:00', 78.93, 79.2, 78.93, 79.2, 1625]
['2019-03-29 09:56:00', 78.88, 78.895, 78.88, 78.93, 483]
['2019-03-29 09:55:00', 78.825, 78.9, 78.814, 78.9, 864]
['2019-03-29 09:54:00', 78.8, 78.82, 78.7905, 78.825, 1420]
['2019-03-29 09:53:00', 78.72, 78.85, 78.71, 78.85, 1114]
['2019-03-29 09:52:00', 78.69, 78.6925, 78.69, 78.6925, 295]
['2019-03-29 09:51:00', 78.75, 78.76, 78.69, 78.8, 1217]
['2019-03-29 09:50:00', 78.7975, 78.73, 78.73, 78.7975, 292]
['2019-03-29 09:49:00', 78.82, 78.765, 78.765, 78.9, 2106]
['2019-03-29 09:48:00', 78.73, 78.83, 78.73, 78.83, 1571]
['2019-03-29 09:47:00', 78.75, 78.8, 78.75, 78.8, 574]
['2019-03-29 09:46:00', 78.79, 78.8, 78.79, 78.93, 3570]
['2019-03-29 09:45:00', 78.75, 78.78, 78.75, 78.78, 573]
['2019-03-29 09:44:00', 78.67, 78.7, 78.67, 78.7, 790]
['2019-03-29 09:43:00', 78.56, 78.61, 78.56, 78.61, 304]
['2019-03-29 09:42:00', 78.51, 78.53, 78.51, 78.61, 2251]
['2019-03-29 09:41:00', 78.5, 78.5, 78.5, 78.5, 2850]
['2019-03-29 09:40:00', 78.57, 78.62, 78.57, 78.71, 2283]
['2019-03-29 09:39:00', 78.61, 78.58, 78.48, 78.61, 505]
['2019-03-29 09:38:00', 78.55, 78.62, 78.55, 78.63, 402]
['2019-03-29 09:37:00', 78.43, 78.59, 78.43, 78.59, 844]
['2019-03-29 09:36:00', 78.35, 78.375, 78.35, 78.41, 409]
['2019-03-29 09:35:00', 78.22, 78.31, 78.17, 78.31, 2987]
['2019-03-29 09:31:00', 78.25, 78.25, 78.25, 78.25, 2233]
['2019-03-28 16:00:00', 77.895, 77.87, 77.87, 77.97, 25715]
['2019-03-28 15:59:00', 77.91, 77.895, 77.88, 77.92, 8905]
['2019-03-28 15:58:00', 77.9, 77.91, 77.885, 77.95, 9143]
['2019-03-28 15:57:00', 77.87, 77.93, 77.85, 77.93, 5558]
['2019-03-28 15:56:00', 77.81, 77.87, 77.8, 77.87, 4346]
['2019-03-28 15:55:00', 77.76, 77.8, 77.755, 77.8, 4197]
['2019-03-28 15:54:00', 77.72, 77.75, 77.72, 77.75, 2840]
['2019-03-28 15:53:00', 77.705, 77.74, 77.705, 77.75, 3270]
['2019-03-28 15:52:00', 77.75, 77.71, 77.69, 77.75, 4875]
['2019-03-28 15:51:00', 77.735, 77.74, 77.72, 77.75, 860]
['2019-03-28 15:50:00', 77.72, 77.74, 77.72, 77.75, 1411]
['2019-03-28 15:49:00', 77.7, 77.735, 77.7, 77.8, 4765]
['2019-03-28 15:48:00', 77.785, 77.715, 77.7, 77.7899, 2588]
['2019-03-28 15:47:00', 77.74, 77.77, 77.71, 77.77, 16249]
['2019-03-28 15:46:00', 77.74, 77.73, 77.73, 77.76, 3434]
['2019-03-28 15:45:00', 77.735, 77.75, 77.6975, 77.77, 3783]
['2019-03-28 15:44:00', 77.68, 77.755, 77.67, 77.755, 5647]
['2019-03-28 15:43:00', 77.69, 77.69, 77.69, 77.72, 3459]
['2019-03-28 15:42:00', 77.655, 77.695, 77.655, 77.73, 4633]
['2019-03-28 15:41:00', 77.705, 77.67, 77.64, 77.71, 5002]
['2019-03-28 15:40:00', 77.69, 77.705, 77.66, 77.715, 5042]
['2019-03-28 15:39:00', 77.705, 77.68, 77.655, 77.72, 2333]
['2019-03-28 15:38:00', 77.7, 77.705, 77.67, 77.71, 4498]
['2019-03-28 15:37:00', 77.685, 77.68, 77.68, 77.71, 4751]
['2019-03-28 15:36:00', 77.69, 77.685, 77.68, 77.695, 7645]
['2019-03-28 15:35:00', 77.7, 77.7, 77.69, 77.72, 1344]
['2019-03-28 15:34:00', 77.71, 77.695, 77.695, 77.71, 3306]
['2019-03-28 15:33:00', 77.71, 77.695, 77.69, 77.71, 2683]
['2019-03-28 15:32:00', 77.69, 77.71, 77.67, 77.71, 3144]
['2019-03-28 15:31:00', 77.71, 77.6971, 77.69, 77.72, 2147]
['2019-03-28 15:30:00', 77.74, 77.7, 77.7, 77.74, 1017]
['2019-03-28 15:29:00', 77.79, 77.75, 77.75, 77.79, 529]
['2019-03-28 15:28:00', 77.9, 77.81, 77.81, 77.9, 1484]
['2019-03-28 15:27:00', 77.84, 77.9, 77.84, 77.9, 1741]
['2019-03-28 15:26:00', 77.79, 77.83, 77.79, 77.835, 2191]
['2019-03-28 15:25:00', 77.8, 77.8, 77.79, 77.815, 2000]
['2019-03-28 15:24:00', 77.8, 77.8, 77.79, 77.8, 1419]
['2019-03-28 15:23:00', 77.8, 77.8, 77.795, 77.8, 824]
['2019-03-28 15:22:00', 77.8, 77.805, 77.8, 77.82, 3120]
['2019-03-28 15:21:00', 77.78, 77.8, 77.77, 77.8, 2273]
['2019-03-28 15:20:00', 77.775, 77.78, 77.7528, 77.82, 2906]
['2019-03-28 15:19:00', 77.775, 77.8, 77.775, 77.8, 1240]
['2019-03-28 15:18:00', 77.78, 77.775, 77.775, 77.78, 400]
['2019-03-28 15:17:00', 77.765, 77.765, 77.765, 77.8, 2120]
['2019-03-28 15:16:00', 77.79, 77.78, 77.77, 77.8, 1748]
['2019-03-28 15:15:00', 77.77, 77.77, 77.77, 77.77, 245]
['2019-03-28 15:14:00', 77.775, 77.77, 77.77, 77.775, 518]
['2019-03-28 15:13:00', 77.73, 77.76, 77.71, 77.8, 2807]
['2019-03-28 15:12:00', 77.74, 77.72, 77.71, 77.75, 1526]
['2019-03-28 15:11:00', 77.72, 77.72, 77.72, 77.72, 105]
['2019-03-28 15:10:00', 77.72, 77.72, 77.72, 77.72, 285]
['2019-03-28 15:08:00', 77.74, 77.7, 77.7, 77.74, 427]
['2019-03-28 15:07:00', 77.725, 77.725, 77.72, 77.75, 2522]
['2019-03-28 15:05:00', 77.725, 77.725, 77.725, 77.725, 212]
['2019-03-28 15:03:00', 77.68, 77.74, 77.675, 77.74, 847]
['2019-03-28 15:02:00', 77.66, 77.69, 77.66, 77.69, 862]
['2019-03-28 15:01:00', 77.595, 77.64, 77.595, 77.66, 1877]
['2019-03-28 14:59:00', 77.6, 77.625, 77.6, 77.625, 1049]
['2019-03-28 14:58:00', 77.56, 77.59, 77.56, 77.59, 314]
['2019-03-28 14:57:00', 77.48, 77.56, 77.48, 77.56, 2422]
['2019-03-28 14:56:00', 77.56, 77.56, 77.54, 77.56, 404]
['2019-03-28 14:55:00', 77.57, 77.57, 77.57, 77.57, 500]
['2019-03-28 14:54:00', 77.58, 77.575, 77.575, 77.58, 2983]
['2019-03-28 14:53:00', 77.6, 77.57, 77.56, 77.62, 5377]
['2019-03-28 14:52:00', 77.6, 77.62, 77.6, 77.62, 1933]
['2019-03-28 14:51:00', 77.56, 77.59, 77.56, 77.59, 1951]
['2019-03-28 14:50:00', 77.58, 77.6, 77.58, 77.6, 204]
['2019-03-28 14:49:00', 77.6, 77.59, 77.57, 77.6, 890]
['2019-03-28 14:48:00', 77.58, 77.6, 77.56, 77.6, 1401]
['2019-03-28 14:47:00', 77.53, 77.55, 77.53, 77.55, 1013]
['2019-03-28 14:46:00', 77.55, 77.55, 77.55, 77.55, 197]
['2019-03-28 14:45:00', 77.54, 77.54, 77.54, 77.54, 139]
['2019-03-28 14:43:00', 77.49, 77.52, 77.48, 77.52, 2149]
['2019-03-28 14:42:00', 77.5, 77.52, 77.5, 77.52, 1029]
['2019-03-28 14:41:00', 77.46, 77.48, 77.45, 77.5, 1451]
['2019-03-28 14:39:00', 77.49, 77.45, 77.45, 77.5, 1015]
['2019-03-28 14:38:00', 77.51, 77.45, 77.45, 77.51, 882]
['2019-03-28 14:37:00', 77.57, 77.53, 77.53, 77.57, 624]
['2019-03-28 14:36:00', 77.49, 77.57, 77.48, 77.57, 3118]
['2019-03-28 14:35:00', 77.5082, 77.523, 77.5, 77.54, 434]
['2019-03-28 14:34:00', 77.53, 77.54, 77.53, 77.54, 216]
['2019-03-28 14:33:00', 77.56, 77.57, 77.54, 77.57, 530]
['2019-03-28 14:31:00', 77.6, 77.6, 77.54, 77.6, 999]
['2019-03-28 14:30:00', 77.6, 77.6, 77.59, 77.62, 1097]
['2019-03-28 14:29:00', 77.62, 77.62, 77.62, 77.62, 100]
['2019-03-28 14:28:00', 77.61, 77.58, 77.58, 77.61, 200]
['2019-03-28 14:26:00', 77.51, 77.615, 77.51, 77.615, 3911]
['2019-03-28 14:23:00', 77.5, 77.51, 77.5, 77.51, 270]
['2019-03-28 14:22:00', 77.51, 77.5, 77.5, 77.51, 957]
['2019-03-28 14:21:00', 77.56, 77.54, 77.52, 77.56, 700]
['2019-03-28 14:20:00', 77.54, 77.56, 77.52, 77.56, 463]
['2019-03-28 14:19:00', 77.57, 77.57, 77.57, 77.57, 219]
['2019-03-28 14:18:00', 77.58, 77.58, 77.58, 77.58, 100]
['2019-03-28 14:17:00', 77.58, 77.6, 77.58, 77.64, 2897]
['2019-03-28 14:14:00', 77.65, 77.625, 77.62, 77.66, 1413]
['2019-03-28 14:13:00', 77.65, 77.65, 77.65, 77.65, 100]
['2019-03-28 14:12:00', 77.68, 77.67, 77.66, 77.685, 1200]
['2019-03-28 14:11:00', 77.665, 77.68, 77.665, 77.68, 600]
['2019-03-28 14:10:00', 77.675, 77.675, 77.675, 77.675, 103]
['2019-03-28 14:09:00', 77.67, 77.7, 77.65, 77.7, 5150]
['2019-03-28 14:08:00', 77.63, 77.63, 77.63, 77.63, 100]
['2019-03-28 14:07:00', 77.66, 77.645, 77.645, 77.66, 509]
['2019-03-28 14:05:00', 77.645, 77.645, 77.645, 77.645, 200]
['2019-03-28 14:04:00', 77.63, 77.645, 77.63, 77.645, 400]
['2019-03-28 14:03:00', 77.6, 77.605, 77.595, 77.62, 1756]
['2019-03-28 14:02:00', 77.66, 77.62, 77.61, 77.66, 2089]
['2019-03-28 14:01:00', 77.645, 77.645, 77.645, 77.645, 200]
['2019-03-28 14:00:00', 77.66, 77.66, 77.66, 77.66, 206]
['2019-03-28 13:59:00', 77.6275, 77.66, 77.6275, 77.66, 300]
['2019-03-28 13:58:00', 77.55, 77.62, 77.55, 77.62, 1702]
['2019-03-28 13:57:00', 77.545, 77.52, 77.51, 77.545, 1024]
['2019-03-28 13:56:00', 77.52, 77.54, 77.52, 77.54, 1563]
['2019-03-28 13:55:00', 77.51, 77.525, 77.51, 77.525, 639]
['2019-03-28 13:54:00', 77.51, 77.5, 77.5, 77.51, 202]
['2019-03-28 13:53:00', 77.465, 77.49, 77.465, 77.49, 765]
['2019-03-28 13:51:00', 77.45, 77.45, 77.45, 77.45, 215]
['2019-03-28 13:50:00', 77.44, 77.43, 77.43, 77.44, 370]
['2019-03-28 13:46:00', 77.42, 77.44, 77.42, 77.45, 1210]
['2019-03-28 13:45:00', 77.39, 77.385, 77.36, 77.4395, 3155]
['2019-03-28 13:44:00', 77.44, 77.41, 77.41, 77.44, 406]
['2019-03-28 13:43:00', 77.49, 77.5, 77.49, 77.5, 290]
['2019-03-28 13:42:00', 77.53, 77.475, 77.475, 77.53, 1006]
['2019-03-28 13:41:00', 77.59, 77.585, 77.585, 77.59, 651]
['2019-03-28 13:40:00', 77.58, 77.58, 77.55, 77.58, 1191]
['2019-03-28 13:38:00', 77.61, 77.61, 77.61, 77.61, 219]
['2019-03-28 13:37:00', 77.59, 77.59, 77.59, 77.6, 964]
['2019-03-28 13:36:00', 77.58, 77.58, 77.58, 77.58, 249]
['2019-03-28 13:35:00', 77.555, 77.57, 77.555, 77.57, 310]
['2019-03-28 13:34:00', 77.57, 77.57, 77.54, 77.57, 818]
['2019-03-28 13:32:00', 77.57, 77.57, 77.57, 77.57, 491]
['2019-03-28 13:31:00', 77.545, 77.545, 77.545, 77.545, 607]
['2019-03-28 13:30:00', 77.515, 77.54, 77.5015, 77.54, 600]
['2019-03-28 13:29:00', 77.515, 77.515, 77.515, 77.515, 321]
['2019-03-28 13:25:00', 77.55, 77.51, 77.5, 77.55, 1195]
['2019-03-28 13:24:00', 77.58, 77.6, 77.58, 77.61, 833]
['2019-03-28 13:23:00', 77.47, 77.5895, 77.47, 77.5895, 1780]
['2019-03-28 13:22:00', 77.45, 77.435, 77.435, 77.45, 2138]
['2019-03-28 13:21:00', 77.39, 77.42, 77.39, 77.42, 76410]
['2019-03-28 13:19:00', 77.4, 77.4, 77.4, 77.4, 199]
['2019-03-28 13:18:00', 77.395, 77.395, 77.395, 77.395, 200]
['2019-03-28 13:17:00', 77.365, 77.395, 77.365, 77.44, 2416]
['2019-03-28 13:16:00', 77.35, 77.34, 77.34, 77.37, 9043]
['2019-03-28 13:15:00', 77.335, 77.3425, 77.32, 77.35, 3748]
['2019-03-28 13:14:00', 77.35, 77.34, 77.34, 77.35, 634]
['2019-03-28 13:12:00', 77.34, 77.34, 77.34, 77.34, 114]
['2019-03-28 13:11:00', 77.33, 77.35, 77.33, 77.35, 200]
['2019-03-28 13:10:00', 77.34, 77.31, 77.3, 77.34, 1130]
['2019-03-28 13:09:00', 77.34, 77.34, 77.34, 77.34, 329]
['2019-03-28 13:08:00', 77.34, 77.34, 77.34, 77.34, 136]
['2019-03-28 13:07:00', 77.29, 77.295, 77.29, 77.3, 514]
['2019-03-28 13:06:00', 77.25, 77.27, 77.25, 77.27, 440]
['2019-03-28 13:03:00', 77.255, 77.255, 77.255, 77.255, 230]
['2019-03-28 13:02:00', 77.16, 77.25, 77.16, 77.25, 1029]
['2019-03-28 12:58:00', 77.135, 77.15, 77.135, 77.15, 243]
['2019-03-28 12:57:00', 77.15, 77.15, 77.15, 77.15, 133]
['2019-03-28 12:56:00', 77.12, 77.15, 77.12, 77.15, 216]
['2019-03-28 12:55:00', 77.11, 77.12, 77.11, 77.12, 210]
['2019-03-28 12:54:00', 77.07, 77.09, 77.07, 77.09, 615]
['2019-03-28 12:53:00', 77.025, 77.06, 76.98, 77.06, 1185]
['2019-03-28 12:52:00', 77.05, 77.03, 77.02, 77.05, 1175]
['2019-03-28 12:49:00', 77.02, 77.02, 77.02, 77.02, 207]
['2019-03-28 12:47:00', 77.0205, 77.0205, 77.0205, 77.0205, 115]
['2019-03-28 12:46:00', 77.07, 77.03, 77.03, 77.07, 271]
['2019-03-28 12:43:00', 77.0356, 77.0356, 77.0356, 77.0356, 537]
['2019-03-28 12:41:00', 77.09, 77.03, 77.03, 77.15, 2364]
['2019-03-28 12:40:00', 77.08, 77.08, 77.08, 77.08, 310]
['2019-03-28 12:39:00', 76.98, 77.02, 76.98, 77.03, 1674]
['2019-03-28 12:38:00', 76.94, 76.945, 76.94, 76.98, 1561]
['2019-03-28 12:37:00', 76.94, 76.91, 76.91, 76.95, 888]
['2019-03-28 12:36:00', 76.92, 76.9125, 76.9125, 76.92, 749]
['2019-03-28 12:35:00', 76.875, 76.86, 76.86, 76.875, 200]
['2019-03-28 12:34:00', 77.02, 76.93, 76.91, 77.02, 5012]
['2019-03-28 12:33:00', 76.935, 77.01, 76.935, 77.03, 2838]
['2019-03-28 12:32:00', 76.89, 76.89, 76.89, 76.89, 479]
['2019-03-28 12:30:00', 76.83, 76.855, 76.83, 76.89, 353]
['2019-03-28 12:29:00', 76.84, 76.89, 76.84, 76.89, 1149]
['2019-03-28 12:28:00', 76.77, 76.81, 76.77, 76.82, 402]
['2019-03-28 12:27:00', 76.795, 76.795, 76.795, 76.795, 143]
['2019-03-28 12:26:00', 76.77, 76.77, 76.77, 76.77, 100]
['2019-03-28 12:24:00', 76.8, 76.8, 76.8, 76.8, 105]
['2019-03-28 12:23:00', 76.74, 76.78, 76.74, 76.79, 1453]
['2019-03-28 12:22:00', 76.735, 76.74, 76.735, 76.75, 600]
['2019-03-28 12:21:00', 76.72, 76.75, 76.72, 76.75, 405]
['2019-03-28 12:19:00', 76.685, 76.67, 76.67, 76.7, 1126]
['2019-03-28 12:18:00', 76.68, 76.68, 76.67, 76.7, 1747]
['2019-03-28 12:17:00', 76.65, 76.65, 76.65, 76.65, 378]
['2019-03-28 12:16:00', 76.615, 76.64, 76.6, 76.64, 510]
['2019-03-28 12:15:00', 76.56, 76.62, 76.56, 76.65, 1968]
['2019-03-28 12:13:00', 76.52, 76.55, 76.51, 76.56, 1600]
['2019-03-28 12:12:00', 76.59, 76.5, 76.5, 76.6, 1508]
['2019-03-28 12:11:00', 76.54, 76.55, 76.54, 76.64, 6630]
['2019-03-28 12:10:00', 76.56, 76.52, 76.52, 76.56, 800]
['2019-03-28 12:09:00', 76.55, 76.56, 76.525, 76.6, 2450]
['2019-03-28 12:08:00', 76.58, 76.549, 76.5, 76.58, 3229]
['2019-03-28 12:07:00', 76.52, 76.59, 76.52, 76.59, 3228]
['2019-03-28 12:06:00', 76.53, 76.52, 76.52, 76.53, 400]
['2019-03-28 12:05:00', 76.49, 76.53, 76.43, 76.53, 1596]
['2019-03-28 12:04:00', 76.46, 76.49, 76.46, 76.49, 200]
['2019-03-28 12:03:00', 76.58, 76.5, 76.5, 76.58, 3176]
['2019-03-28 12:02:00', 76.54, 76.58, 76.5, 76.58, 2864]
['2019-03-28 12:01:00', 76.44, 76.51, 76.44, 76.51, 1313]
['2019-03-28 12:00:00', 76.48, 76.47, 76.47, 76.48, 412]
['2019-03-28 11:59:00', 76.46, 76.465, 76.45, 76.48, 829]
['2019-03-28 11:58:00', 76.47, 76.47, 76.47, 76.47, 115]
['2019-03-28 11:53:00', 76.53, 76.46, 76.46, 76.53, 820]
['2019-03-28 11:52:00', 76.51, 76.51, 76.51, 76.51, 453]
['2019-03-28 11:51:00', 76.54, 76.56, 76.52, 76.56, 413]
['2019-03-28 11:49:00', 76.48, 76.5, 76.48, 76.5, 1391]
['2019-03-28 11:48:00', 76.43, 76.47, 76.43, 76.5, 568]
['2019-03-28 11:47:00', 76.42, 76.39, 76.39, 76.42, 314]
['2019-03-28 11:46:00', 76.42, 76.4, 76.39, 76.42, 455]
['2019-03-28 11:45:00', 76.39, 76.39, 76.39, 76.39, 351]
['2019-03-28 11:44:00', 76.32, 76.32, 76.32, 76.33, 693]
['2019-03-28 11:43:00', 76.38, 76.38, 76.38, 76.38, 100]
['2019-03-28 11:42:00', 76.4, 76.415, 76.4, 76.42, 400]
['2019-03-28 11:41:00', 76.41, 76.41, 76.41, 76.41, 200]
['2019-03-28 11:38:00', 76.28, 76.305, 76.28, 76.305, 660]
['2019-03-28 11:37:00', 76.27, 76.28, 76.25, 76.28, 707]
['2019-03-28 11:35:00', 76.27, 76.33, 76.27, 76.33, 427]
['2019-03-28 11:34:00', 76.31, 76.3, 76.3, 76.31, 200]
['2019-03-28 11:32:00', 76.25, 76.28, 76.25, 76.305, 2050]
['2019-03-28 11:31:00', 76.28, 76.27, 76.27, 76.3, 1307]
['2019-03-28 11:30:00', 76.265, 76.24, 76.24, 76.265, 214]
['2019-03-28 11:29:00', 76.36, 76.32, 76.32, 76.36, 361]
['2019-03-28 11:28:00', 76.345, 76.345, 76.345, 76.345, 155]
['2019-03-28 11:27:00', 76.41, 76.41, 76.41, 76.41, 100]
['2019-03-28 11:25:00', 76.36, 76.41, 76.36, 76.41, 600]
['2019-03-28 11:23:00', 76.45, 76.43, 76.43, 76.45, 818]
['2019-03-28 11:22:00', 76.41, 76.49, 76.41, 76.49, 500]
['2019-03-28 11:21:00', 76.39, 76.43, 76.36, 76.43, 985]
['2019-03-28 11:20:00', 76.43, 76.39, 76.39, 76.43, 200]
['2019-03-28 11:18:00', 76.43, 76.43, 76.43, 76.43, 470]
['2019-03-28 11:16:00', 76.395, 76.395, 76.395, 76.395, 290]
['2019-03-28 11:15:00', 76.42, 76.43, 76.42, 76.43, 300]
['2019-03-28 11:14:00', 76.44, 76.4, 76.4, 76.44, 676]
['2019-03-28 11:13:00', 76.5, 76.47, 76.47, 76.5, 200]
['2019-03-28 11:11:00', 76.47, 76.52, 76.47, 76.52, 469]
['2019-03-28 11:10:00', 76.5, 76.52, 76.5, 76.52, 358]
['2019-03-28 11:08:00', 76.48, 76.48, 76.48, 76.48, 423]
['2019-03-28 11:06:00', 76.46, 76.46, 76.46, 76.46, 300]
['2019-03-28 11:05:00', 76.49, 76.49, 76.49, 76.49, 170]
['2019-03-28 11:04:00', 76.57, 76.505, 76.505, 76.57, 257]
['2019-03-28 11:03:00', 76.49, 76.485, 76.485, 76.49, 311]
['2019-03-28 11:02:00', 76.51, 76.51, 76.51, 76.57, 804]
['2019-03-28 11:00:00', 76.56, 76.6, 76.56, 76.61, 1668]
['2019-03-28 10:59:00', 76.63, 76.54, 76.54, 76.63, 908]
['2019-03-28 10:57:00', 76.64, 76.65, 76.64, 76.66, 1032]
['2019-03-28 10:55:00', 76.63, 76.63, 76.63, 76.63, 150]
['2019-03-28 10:54:00', 76.56, 76.56, 76.56, 76.56, 183]
['2019-03-28 10:52:00', 76.6, 76.6, 76.6, 76.6, 133]
['2019-03-28 10:51:00', 76.66, 76.66, 76.66, 76.66, 195]
['2019-03-28 10:48:00', 76.62, 76.62, 76.62, 76.62, 221]
['2019-03-28 10:45:00', 76.675, 76.54, 76.54, 76.675, 904]
['2019-03-28 10:44:00', 76.67, 76.63, 76.63, 76.68, 621]
['2019-03-28 10:43:00', 76.73, 76.65, 76.64, 76.73, 1080]
['2019-03-28 10:42:00', 76.67, 76.72, 76.65, 76.72, 709]
['2019-03-28 10:41:00', 76.64, 76.6, 76.6, 76.64, 514]
['2019-03-28 10:40:00', 76.6, 76.6, 76.6, 76.6, 742]
['2019-03-28 10:37:00', 76.71, 76.68, 76.68, 76.73, 554]
['2019-03-28 10:36:00', 76.67, 76.67, 76.67, 76.67, 235]
['2019-03-28 10:35:00', 76.68, 76.68, 76.68, 76.68, 323]
['2019-03-28 10:34:00', 76.7, 76.715, 76.7, 76.715, 322]
['2019-03-28 10:33:00', 76.73, 76.73, 76.73, 76.73, 205]
['2019-03-28 10:32:00', 76.71, 76.6873, 76.63, 76.71, 1616]
['2019-03-28 10:30:00', 76.68, 76.68, 76.68, 76.68, 125]
['2019-03-28 10:28:00', 76.65, 76.63, 76.63, 76.67, 543]
['2019-03-28 10:27:00', 76.68, 76.59, 76.59, 76.68, 1102]
['2019-03-28 10:26:00', 76.64, 76.68, 76.64, 76.68, 722]
['2019-03-28 10:25:00', 76.62, 76.535, 76.535, 76.62, 1172]
['2019-03-28 10:24:00', 76.62, 76.56, 76.56, 76.62, 328]
['2019-03-28 10:23:00', 76.59, 76.59, 76.59, 76.59, 100]
['2019-03-28 10:22:00', 76.6, 76.61, 76.54, 76.61, 442]
['2019-03-28 10:20:00', 76.51, 76.51, 76.51, 76.51, 111]
['2019-03-28 10:18:00', 76.58, 76.51, 76.51, 76.58, 848]
['2019-03-28 10:17:00', 76.675, 76.605, 76.605, 76.675, 523]
['2019-03-28 10:16:00', 76.64, 76.64, 76.64, 76.64, 100]
['2019-03-28 10:15:00', 76.64, 76.64, 76.64, 76.64, 111]
['2019-03-28 10:14:00', 76.71, 76.6475, 76.64, 76.71, 908]
['2019-03-28 10:13:00', 76.6984, 76.6984, 76.6984, 76.6984, 160]
['2019-03-28 10:12:00', 76.595, 76.63, 76.595, 76.63, 891]
['2019-03-28 10:10:00', 76.56, 76.63, 76.56, 76.63, 1779]
['2019-03-28 10:08:00', 76.61, 76.6, 76.6, 76.61, 387]
['2019-03-28 10:07:00', 76.72, 76.72, 76.72, 76.72, 209]
['2019-03-28 10:06:00', 76.64, 76.7, 76.64, 76.7, 300]
['2019-03-28 10:05:00', 76.67, 76.68, 76.67, 76.68, 632]
['2019-03-28 10:04:00', 76.75, 76.68, 76.68, 76.75, 311]
['2019-03-28 10:03:00', 76.71, 76.66, 76.66, 76.71, 437]
['2019-03-28 10:02:00', 76.75, 76.67, 76.67, 76.75, 720]
['2019-03-28 10:00:00', 76.745, 76.745, 76.745, 76.745, 102]
['2019-03-28 09:58:00', 76.76, 76.76, 76.76, 76.76, 146]
['2019-03-28 09:57:00', 76.71, 76.75, 76.71, 76.75, 337]
['2019-03-28 09:56:00', 76.6, 76.6, 76.6, 76.6, 180]
['2019-03-28 09:54:00', 76.63, 76.67, 76.63, 76.71, 2699]
['2019-03-28 09:49:00', 76.51, 76.57, 76.51, 76.61, 702]
['2019-03-28 09:46:00', 76.575, 76.46, 76.46, 76.575, 1106]
['2019-03-28 09:45:00', 76.57, 76.59, 76.57, 76.62, 1341]
['2019-03-28 09:44:00', 76.57, 76.57, 76.57, 76.57, 100]
['2019-03-28 09:43:00', 76.52, 76.52, 76.52, 76.52, 588]
['2019-03-28 09:39:00', 76.285, 76.285, 76.285, 76.285, 356]
['2019-03-28 09:38:00', 76.38, 76.38, 76.38, 76.38, 100]
['2019-03-28 09:37:00', 76.59, 76.415, 76.415, 76.59, 1334]
['2019-03-28 09:35:00', 76.63, 76.63, 76.63, 76.63, 122]
['2019-03-28 09:34:00', 76.6, 76.68, 76.6, 76.68, 250]
['2019-03-28 09:33:00', 76.55, 76.55, 76.55, 76.55, 203]
['2019-03-28 09:32:00', 76.5, 76.5, 76.5, 76.5, 100]
['2019-03-28 09:31:00', 76.13, 76.13, 76.13, 76.13, 940]
['2019-03-27 16:00:00', 75.9, 75.91, 75.88, 75.94, 11274]
['2019-03-27 15:59:00', 75.93, 75.87, 75.81, 75.93, 11811]
['2019-03-27 15:58:00', 75.99, 75.93, 75.93, 75.99, 7725]
['2019-03-27 15:57:00', 75.96, 75.99, 75.91, 76.0, 11951]
['2019-03-27 15:56:00', 75.98, 75.98, 75.94, 76.0, 9637]
['2019-03-27 15:55:00', 75.99, 75.99, 75.99, 76.01, 1284]
['2019-03-27 15:54:00', 75.99, 75.995, 75.97, 75.995, 4549]
['2019-03-27 15:53:00', 76.02, 75.995, 75.99, 76.02, 1438]
['2019-03-27 15:52:00', 76.055, 76.02, 76.02, 76.055, 1202]
['2019-03-27 15:51:00', 76.03, 76.06, 76.03, 76.11, 4376]
['2019-03-27 15:50:00', 76.03, 76.02, 76.02, 76.03, 1512]
['2019-03-27 15:49:00', 75.995, 76.02, 75.99, 76.02, 2561]
['2019-03-27 15:48:00', 76.0, 76.0, 75.985, 76.0, 2075]
['2019-03-27 15:47:00', 75.95, 75.98, 75.95, 75.99, 7948]
['2019-03-27 15:46:00', 75.94, 75.98, 75.94, 75.99, 1403]
['2019-03-27 15:45:00', 75.92, 75.98, 75.92, 75.99, 5191]
['2019-03-27 15:44:00', 75.96, 75.92, 75.92, 75.96, 632]
['2019-03-27 15:42:00', 75.96, 75.9852, 75.96, 75.9852, 2443]
['2019-03-27 15:41:00', 75.98, 75.96, 75.96, 75.98, 947]
['2019-03-27 15:40:00', 76.02, 76.0, 76.0, 76.03, 2258]
['2019-03-27 15:39:00', 76.01, 76.0, 76.0, 76.02, 1068]
['2019-03-27 15:38:00', 76.06, 76.06, 76.06, 76.06, 100]
['2019-03-27 15:37:00', 76.07, 76.05, 76.05, 76.09, 1520]
['2019-03-27 15:36:00', 76.11, 76.095, 76.085, 76.11, 1860]
['2019-03-27 15:35:00', 76.1145, 76.1, 76.1, 76.1145, 345]
['2019-03-27 15:34:00', 76.14, 76.14, 76.14, 76.14, 591]
['2019-03-27 15:32:00', 76.22, 76.19, 76.19, 76.22, 742]
['2019-03-27 15:31:00', 76.2, 76.235, 76.19, 76.235, 1821]
['2019-03-27 15:30:00', 76.15, 76.15, 76.15, 76.15, 560]
['2019-03-27 15:29:00', 76.07, 76.13, 76.07, 76.14, 3436]
['2019-03-27 15:28:00', 76.04, 76.05, 76.04, 76.05, 517]
['2019-03-27 15:27:00', 76.03, 76.03, 76.03, 76.08, 2195]
['2019-03-27 15:25:00', 76.03, 76.03, 76.03, 76.03, 525]
['2019-03-27 15:23:00', 76.0, 76.02, 76.0, 76.02, 407]
['2019-03-27 15:22:00', 75.96, 75.98, 75.96, 75.98, 291]
['2019-03-27 15:21:00', 75.97, 75.96, 75.96, 75.99, 1367]
['2019-03-27 15:20:00', 75.94, 75.95, 75.94, 75.96, 1000]
['2019-03-27 15:19:00', 75.93, 75.93, 75.93, 75.93, 495]
['2019-03-27 15:18:00', 75.9237, 75.91, 75.91, 75.93, 1150]
['2019-03-27 15:17:00', 75.91, 75.91, 75.91, 75.91, 101]
['2019-03-27 15:16:00', 75.9171, 75.93, 75.9171, 75.94, 440]
['2019-03-27 15:15:00', 75.925, 75.925, 75.925, 75.925, 149]
['2019-03-27 15:14:00', 75.9478, 75.94, 75.94, 75.9478, 390]
['2019-03-27 15:13:00', 76.02, 75.96, 75.96, 76.02, 305]
['2019-03-27 15:12:00', 75.96, 75.99, 75.96, 75.99, 800]
['2019-03-27 15:11:00', 75.9205, 75.92, 75.92, 75.9205, 456]
['2019-03-27 15:10:00', 75.94, 75.93, 75.92, 75.97, 4218]
['2019-03-27 15:09:00', 75.97, 75.939, 75.9, 75.97, 2001]
['2019-03-27 15:08:00', 75.97, 76.04, 75.97, 76.04, 2085]
['2019-03-27 15:07:00', 75.889, 75.96, 75.889, 75.96, 2311]
['2019-03-27 15:06:00', 75.84, 75.88, 75.84, 75.88, 4120]
['2019-03-27 15:05:00', 75.83, 75.82, 75.82, 75.83, 438]
['2019-03-27 15:04:00', 75.83, 75.82, 75.82, 75.83, 354]
['2019-03-27 15:03:00', 75.8838, 75.8838, 75.8838, 75.8838, 310]
['2019-03-27 15:02:00', 75.93, 75.93, 75.93, 75.93, 156]
['2019-03-27 15:01:00', 75.93, 75.91, 75.91, 75.93, 438]
['2019-03-27 15:00:00', 75.9, 75.94, 75.9, 75.97, 2877]
['2019-03-27 14:59:00', 75.9, 75.88, 75.88, 75.9, 542]
['2019-03-27 14:58:00', 75.965, 75.905, 75.905, 75.965, 1440]
['2019-03-27 14:57:00', 75.955, 75.955, 75.955, 75.955, 200]
['2019-03-27 14:56:00', 76.05, 75.99, 75.99, 76.05, 1500]
['2019-03-27 14:55:00', 76.01, 76.02, 76.01, 76.02, 390]
['2019-03-27 14:54:00', 75.96, 76.02, 75.96, 76.02, 1980]
['2019-03-27 14:53:00', 75.99, 75.97, 75.97, 75.99, 300]
['2019-03-27 14:52:00', 75.96, 75.98, 75.95, 75.98, 1101]
['2019-03-27 14:51:00', 75.96, 75.97, 75.96, 75.97, 557]
['2019-03-27 14:49:00', 75.91, 75.93, 75.91, 75.94, 1768]
['2019-03-27 14:48:00', 75.86, 75.91, 75.86, 75.91, 1012]
['2019-03-27 14:47:00', 75.86, 75.87, 75.86, 75.88, 863]
['2019-03-27 14:46:00', 75.83, 75.83, 75.83, 75.845, 618]
['2019-03-27 14:45:00', 75.815, 75.86, 75.815, 75.86, 2053]
['2019-03-27 14:44:00', 75.81, 75.815, 75.81, 75.815, 400]
['2019-03-27 14:42:00', 75.805, 75.81, 75.805, 75.82, 2728]
['2019-03-27 14:41:00', 75.78, 75.82, 75.78, 75.82, 1460]
['2019-03-27 14:40:00', 75.74, 75.74, 75.74, 75.74, 100]
['2019-03-27 14:39:00', 75.85, 75.8466, 75.8466, 75.85, 300]
['2019-03-27 14:38:00', 75.905, 75.86, 75.86, 75.905, 700]
['2019-03-27 14:37:00', 75.88, 75.91, 75.85, 75.91, 933]
['2019-03-27 14:34:00', 75.92, 75.92, 75.92, 75.92, 300]
['2019-03-27 14:32:00', 76.02, 75.95, 75.95, 76.02, 1931]
['2019-03-27 14:31:00', 76.02, 76.03, 76.02, 76.04, 1139]
['2019-03-27 14:30:00', 75.99, 76.01, 75.99, 76.01, 406]
['2019-03-27 14:29:00', 75.99, 75.96, 75.96, 75.99, 203]
['2019-03-27 14:28:00', 75.915, 75.97, 75.915, 75.97, 954]
['2019-03-27 14:26:00', 75.9299, 75.9299, 75.9299, 75.9299, 277]
['2019-03-27 14:25:00', 75.88, 75.88, 75.88, 75.88, 201]
['2019-03-27 14:24:00', 75.85, 75.87, 75.85, 75.87, 633]
['2019-03-27 14:21:00', 75.895, 75.87, 75.86, 75.895, 443]
['2019-03-27 14:20:00', 75.985, 75.93, 75.9, 75.985, 5591]
['2019-03-27 14:17:00', 76.01, 76.03, 75.96, 76.03, 2289]
['2019-03-27 14:13:00', 76.04, 76.04, 75.99, 76.04, 930]
['2019-03-27 14:12:00', 76.03, 76.03, 76.03, 76.03, 174]
['2019-03-27 14:11:00', 75.98, 75.98, 75.98, 75.98, 628]
['2019-03-27 14:10:00', 75.99, 75.98, 75.98, 75.99, 435]
['2019-03-27 14:09:00', 76.02, 76.02, 76.02, 76.02, 301]
['2019-03-27 14:08:00', 75.98, 75.98, 75.98, 75.98, 424]
['2019-03-27 14:07:00', 75.96, 75.96, 75.96, 75.96, 300]
['2019-03-27 14:06:00', 75.98, 75.97, 75.97, 75.98, 767]
['2019-03-27 14:04:00', 76.02, 76.0, 76.0, 76.02, 947]
['2019-03-27 14:03:00', 75.96, 75.96, 75.96, 75.96, 100]
['2019-03-27 14:01:00', 75.945, 75.94, 75.94, 75.945, 420]
['2019-03-27 14:00:00', 75.96, 75.96, 75.96, 75.96, 298]
['2019-03-27 13:58:00', 75.93, 75.93, 75.93, 75.93, 341]
['2019-03-27 13:57:00', 76.0, 76.0, 76.0, 76.0, 200]
['2019-03-27 13:56:00', 76.0, 76.03, 76.0, 76.03, 562]
['2019-03-27 13:52:00', 75.99, 75.99, 75.99, 75.99, 306]
['2019-03-27 13:50:00', 76.02, 75.98, 75.98, 76.02, 1644]
['2019-03-27 13:49:00', 76.01, 76.01, 76.01, 76.01, 100]
['2019-03-27 13:48:00', 75.94, 75.97, 75.91, 75.97, 1626]
['2019-03-27 13:45:00', 75.95, 75.95, 75.95, 75.95, 950]
['2019-03-27 13:44:00', 75.955, 75.92, 75.92, 75.955, 907]
['2019-03-27 13:43:00', 75.94, 75.96, 75.94, 75.96, 1632]
['2019-03-27 13:42:00', 75.94, 75.94, 75.94, 75.94, 100]
['2019-03-27 13:41:00', 75.91, 75.91, 75.91, 75.91, 208]
['2019-03-27 13:40:00', 75.89, 75.89, 75.89, 75.89, 135]
['2019-03-27 13:38:00', 75.87, 75.875, 75.87, 75.88, 702]
['2019-03-27 13:37:00', 75.86, 75.85, 75.85, 75.86, 610]
['2019-03-27 13:35:00', 75.93, 75.89, 75.89, 75.93, 669]
['2019-03-27 13:34:00', 75.935, 75.92, 75.92, 75.935, 200]
['2019-03-27 13:33:00', 75.94, 75.94, 75.94, 75.94, 425]
['2019-03-27 13:32:00', 75.955, 75.955, 75.955, 75.955, 501]
['2019-03-27 13:31:00', 75.9643, 75.9643, 75.9643, 75.9643, 302]
['2019-03-27 13:30:00', 75.945, 75.945, 75.945, 75.945, 202]
['2019-03-27 13:28:00', 75.98, 75.98, 75.98, 75.98, 102]
['2019-03-27 13:27:00', 75.99, 75.96, 75.96, 76.02, 1620]
['2019-03-27 13:25:00', 75.96, 75.96, 75.96, 75.96, 204]
['2019-03-27 13:24:00', 75.985, 75.985, 75.985, 75.985, 103]
['2019-03-27 13:23:00', 76.01, 75.99, 75.99, 76.02, 845]
['2019-03-27 13:22:00', 75.98, 76.03, 75.98, 76.03, 999]
['2019-03-27 13:21:00', 75.95, 75.95, 75.95, 75.95, 513]
['2019-03-27 13:20:00', 75.9, 75.945, 75.9, 75.95, 916]
['2019-03-27 13:18:00', 75.98, 75.955, 75.95, 75.98, 598]
['2019-03-27 13:17:00', 76.01, 76.01, 76.01, 76.01, 210]
['2019-03-27 13:16:00', 76.01, 76.0, 76.0, 76.01, 503]
['2019-03-27 13:15:00', 76.0, 76.045, 76.0, 76.045, 566]
['2019-03-27 13:14:00', 75.88, 75.93, 75.88, 75.93, 657]
['2019-03-27 13:12:00', 75.83, 75.83, 75.83, 75.83, 162]
['2019-03-27 13:11:00', 75.75, 75.84, 75.75, 75.84, 3151]
['2019-03-27 13:10:00', 75.8, 75.76, 75.76, 75.8, 712]
['2019-03-27 13:08:00', 75.845, 75.81, 75.8, 75.845, 1740]
['2019-03-27 13:06:00', 75.83, 75.83, 75.83, 75.83, 100]
['2019-03-27 13:05:00', 75.845, 75.79, 75.74, 75.845, 1404]
['2019-03-27 13:04:00', 75.85, 75.85, 75.85, 75.85, 217]
['2019-03-27 13:01:00', 75.89, 75.91, 75.89, 75.91, 310]
['2019-03-27 13:00:00', 75.8, 75.845, 75.8, 75.845, 1489]
['2019-03-27 12:59:00', 75.8, 75.8, 75.8, 75.8, 300]
['2019-03-27 12:58:00', 75.8, 75.8, 75.8, 75.8, 201]
['2019-03-27 12:56:00', 75.82, 75.82, 75.82, 75.82, 102]
['2019-03-27 12:54:00', 75.8, 75.78, 75.76, 75.8, 959]
['2019-03-27 12:53:00', 75.77, 75.81, 75.77, 75.81, 564]
['2019-03-27 12:50:00', 75.72, 75.7672, 75.72, 75.7672, 453]
['2019-03-27 12:49:00', 75.66, 75.68, 75.66, 75.68, 330]
['2019-03-27 12:48:00', 75.635, 75.635, 75.635, 75.635, 260]
['2019-03-27 12:47:00', 75.65, 75.65, 75.65, 75.65, 100]
['2019-03-27 12:46:00', 75.67, 75.64, 75.63, 75.67, 619]
['2019-03-27 12:44:00', 75.55, 75.55, 75.55, 75.55, 290]
['2019-03-27 12:43:00', 75.47, 75.54, 75.47, 75.56, 1915]
['2019-03-27 12:42:00', 75.45, 75.48, 75.45, 75.48, 878]
['2019-03-27 12:39:00', 75.42, 75.51, 75.42, 75.51, 1730]
['2019-03-27 12:38:00', 75.445, 75.445, 75.445, 75.445, 106]
['2019-03-27 12:36:00', 75.475, 75.46, 75.46, 75.475, 513]
['2019-03-27 12:35:00', 75.51, 75.46, 75.46, 75.51, 428]
['2019-03-27 12:32:00', 75.49, 75.49, 75.49, 75.49, 117]
['2019-03-27 12:30:00', 75.42, 75.42, 75.42, 75.42, 206]
['2019-03-27 12:29:00', 75.43, 75.4, 75.4, 75.43, 212]
['2019-03-27 12:28:00', 75.43, 75.43, 75.43, 75.43, 336]
['2019-03-27 12:27:00', 75.405, 75.37, 75.37, 75.405, 306]
['2019-03-27 12:25:00', 75.39, 75.46, 75.39, 75.46, 260]
['2019-03-27 12:23:00', 75.46, 75.42, 75.42, 75.46, 568]
['2019-03-27 12:22:00', 75.45, 75.46, 75.45, 75.46, 656]
['2019-03-27 12:21:00', 75.385, 75.41, 75.38, 75.41, 445]
['2019-03-27 12:20:00', 75.325, 75.38, 75.28, 75.38, 828]
['2019-03-27 12:18:00', 75.43, 75.43, 75.43, 75.43, 465]
['2019-03-27 12:17:00', 75.45, 75.5, 75.45, 75.5, 389]
['2019-03-27 12:15:00', 75.39, 75.45, 75.39, 75.45, 715]
['2019-03-27 12:14:00', 75.46, 75.43, 75.43, 75.46, 453]
['2019-03-27 12:13:00', 75.48, 75.52, 75.48, 75.52, 414]
['2019-03-27 12:12:00', 75.462, 75.462, 75.462, 75.462, 359]
['2019-03-27 12:11:00', 75.48, 75.48, 75.48, 75.48, 204]
['2019-03-27 12:09:00', 75.41, 75.47, 75.41, 75.47, 640]
['2019-03-27 12:08:00', 75.44, 75.44, 75.44, 75.44, 100]
['2019-03-27 12:07:00', 75.44, 75.43, 75.43, 75.44, 300]
['2019-03-27 12:06:00', 75.45, 75.45, 75.45, 75.45, 228]
['2019-03-27 12:05:00', 75.46, 75.46, 75.46, 75.46, 143]
['2019-03-27 12:04:00', 75.38, 75.43, 75.38, 75.43, 1678]
['2019-03-27 12:01:00', 75.41, 75.37, 75.37, 75.41, 1493]
['2019-03-27 12:00:00', 75.41, 75.44, 75.41, 75.44, 394]
['2019-03-27 11:59:00', 75.32, 75.3782, 75.32, 75.38, 503]
['2019-03-27 11:57:00', 75.32, 75.32, 75.32, 75.32, 407]
['2019-03-27 11:56:00', 75.26, 75.26, 75.26, 75.26, 390]
['2019-03-27 11:55:00', 75.19, 75.19, 75.19, 75.19, 250]
['2019-03-27 11:53:00', 75.22, 75.13, 75.13, 75.22, 1036]
['2019-03-27 11:51:00', 75.11, 75.2747, 75.11, 75.2747, 2954]
['2019-03-27 11:50:00', 75.26, 75.26, 75.26, 75.26, 104]
['2019-03-27 11:49:00', 75.34, 75.29, 75.29, 75.34, 614]
['2019-03-27 11:48:00', 75.42, 75.42, 75.42, 75.42, 128]
['2019-03-27 11:46:00', 75.4, 75.42, 75.4, 75.42, 446]
['2019-03-27 11:44:00', 75.4, 75.44, 75.39, 75.44, 3467]
['2019-03-27 11:42:00', 75.43, 75.3752, 75.3752, 75.43, 684]
['2019-03-27 11:41:00', 75.44, 75.44, 75.44, 75.44, 542]
['2019-03-27 11:40:00', 75.36, 75.42, 75.32, 75.42, 3942]
['2019-03-27 11:39:00', 75.32, 75.32, 75.32, 75.32, 364]
['2019-03-27 11:37:00', 75.24, 75.2901, 75.1952, 75.2901, 4519]
['2019-03-27 11:35:00', 75.29, 75.255, 75.255, 75.29, 982]
['2019-03-27 11:34:00', 75.37, 75.37, 75.37, 75.37, 365]
['2019-03-27 11:33:00', 75.2, 75.32, 75.2, 75.33, 1590]
['2019-03-27 11:32:00', 75.14, 75.14, 75.14, 75.14, 101]
['2019-03-27 11:31:00', 75.19, 75.12, 75.12, 75.25, 3889]
['2019-03-27 11:30:00', 75.29, 75.3299, 75.27, 75.3299, 596]
['2019-03-27 11:28:00', 75.34, 75.44, 75.34, 75.44, 301]
['2019-03-27 11:27:00', 75.4084, 75.34, 75.34, 75.4084, 1627]
['2019-03-27 11:26:00', 75.41, 75.39, 75.39, 75.41, 827]
['2019-03-27 11:25:00', 75.35, 75.41, 75.35, 75.41, 427]
['2019-03-27 11:24:00', 75.34, 75.3094, 75.26, 75.34, 501]
['2019-03-27 11:23:00', 75.3, 75.3, 75.3, 75.3, 593]
['2019-03-27 11:22:00', 75.29, 75.29, 75.29, 75.29, 209]
['2019-03-27 11:20:00', 75.36, 75.3, 75.24, 75.41, 3146]
['2019-03-27 11:19:00', 75.325, 75.36, 75.325, 75.36, 603]
['2019-03-27 11:17:00', 75.2, 75.32, 75.2, 75.32, 1493]
['2019-03-27 11:16:00', 75.36, 75.32, 75.28, 75.36, 2001]
['2019-03-27 11:15:00', 75.45, 75.395, 75.395, 75.45, 527]
['2019-03-27 11:14:00', 75.45, 75.45, 75.45, 75.45, 125]
['2019-03-27 11:13:00', 75.49, 75.52, 75.45, 75.52, 376]
['2019-03-27 11:12:00', 75.52, 75.52, 75.51, 75.52, 670]
['2019-03-27 11:11:00', 75.42, 75.51, 75.42, 75.51, 1285]
['2019-03-27 11:10:00', 75.5, 75.4472, 75.4472, 75.5, 360]
['2019-03-27 11:08:00', 75.41, 75.38, 75.38, 75.43, 408]
['2019-03-27 11:07:00', 75.325, 75.325, 75.325, 75.325, 426]
['2019-03-27 11:06:00', 75.29, 75.38, 75.29, 75.38, 476]
['2019-03-27 11:04:00', 75.4, 75.39, 75.39, 75.4, 639]
['2019-03-27 11:03:00', 75.44, 75.44, 75.43, 75.44, 678]
['2019-03-27 11:01:00', 75.49, 75.45, 75.45, 75.49, 420]
['2019-03-27 11:00:00', 75.31, 75.3062, 75.3062, 75.31, 480]
['2019-03-27 10:59:00', 75.245, 75.3, 75.245, 75.3, 1352]
['2019-03-27 10:58:00', 75.24, 75.245, 75.24, 75.245, 300]
['2019-03-27 10:55:00', 75.34, 75.34, 75.34, 75.34, 369]
['2019-03-27 10:53:00', 75.32, 75.32, 75.32, 75.32, 412]
['2019-03-27 10:52:00', 75.33, 75.33, 75.33, 75.36, 1540]
['2019-03-27 10:51:00', 75.29, 75.32, 75.27, 75.32, 1476]
['2019-03-27 10:49:00', 75.26, 75.33, 75.26, 75.33, 615]
['2019-03-27 10:48:00', 75.25, 75.25, 75.25, 75.25, 228]
['2019-03-27 10:47:00', 75.24, 75.3, 75.21, 75.3, 693]
['2019-03-27 10:44:00', 75.24, 75.29, 75.24, 75.29, 204]
['2019-03-27 10:41:00', 75.3, 75.3, 75.3, 75.3, 273]
['2019-03-27 10:40:00', 75.37, 75.37, 75.37, 75.37, 260]
['2019-03-27 10:39:00', 75.37, 75.37, 75.37, 75.37, 105]
['2019-03-27 10:38:00', 75.44, 75.44, 75.44, 75.44, 487]
['2019-03-27 10:37:00', 75.49, 75.49, 75.49, 75.49, 200]
['2019-03-27 10:36:00', 75.451, 75.451, 75.451, 75.451, 142]
['2019-03-27 10:34:00', 75.451, 75.5387, 75.451, 75.5387, 455]
['2019-03-27 10:33:00', 75.55, 75.51, 75.51, 75.55, 626]
['2019-03-27 10:29:00', 75.62, 75.62, 75.62, 75.62, 226]
['2019-03-27 10:27:00', 75.68, 75.63, 75.63, 75.68, 547]
['2019-03-27 10:26:00', 75.7, 75.71, 75.7, 75.71, 610]
['2019-03-27 10:25:00', 75.64, 75.685, 75.64, 75.685, 3017]
['2019-03-27 10:24:00', 75.59, 75.59, 75.59, 75.59, 100]
['2019-03-27 10:23:00', 75.66, 75.615, 75.56, 75.67, 1824]
['2019-03-27 10:20:00', 75.62, 75.62, 75.62, 75.62, 216]
['2019-03-27 10:19:00', 75.56, 75.57, 75.56, 75.57, 248]
['2019-03-27 10:18:00', 75.49, 75.49, 75.49, 75.49, 119]
['2019-03-27 10:16:00', 75.52, 75.5, 75.5, 75.52, 380]
['2019-03-27 10:15:00', 75.62, 75.62, 75.59, 75.62, 511]
['2019-03-27 10:14:00', 75.43, 75.57, 75.43, 75.57, 702]
['2019-03-27 10:12:00', 75.43, 75.43, 75.43, 75.43, 500]
['2019-03-27 10:10:00', 75.34, 75.39, 75.29, 75.39, 2912]
['2019-03-27 10:09:00', 75.41, 75.39, 75.38, 75.41, 500]
['2019-03-27 10:08:00', 75.26, 75.22, 75.22, 75.31, 2180]
['2019-03-27 10:06:00', 75.23, 75.2, 75.185, 75.23, 1269]
['2019-03-27 10:05:00', 75.27, 75.27, 75.27, 75.27, 335]
['2019-03-27 10:04:00', 75.37, 75.27, 75.27, 75.37, 1741]
['2019-03-27 10:03:00', 75.31, 75.31, 75.31, 75.31, 154]
['2019-03-27 10:02:00', 75.23, 75.23, 75.23, 75.23, 200]
['2019-03-27 10:01:00', 75.38, 75.38, 75.38, 75.38, 191]
['2019-03-27 10:00:00', 75.31, 75.25, 75.25, 75.31, 819]
['2019-03-27 09:59:00', 75.3, 75.4, 75.26, 75.4, 4064]
['2019-03-27 09:58:00', 75.458, 75.435, 75.37, 75.64, 2554]
['2019-03-27 09:57:00', 75.65, 75.66, 75.605, 75.66, 594]
['2019-03-27 09:55:00', 75.73, 75.69, 75.69, 75.73, 349]
['2019-03-27 09:54:00', 75.68, 75.675, 75.675, 75.68, 231]
['2019-03-27 09:52:00', 75.655, 75.655, 75.655, 75.655, 300]
['2019-03-27 09:50:00', 75.75, 75.75, 75.75, 75.75, 207]
['2019-03-27 09:45:00', 75.7, 75.7, 75.7, 75.7, 469]
['2019-03-27 09:43:00', 75.62, 75.53, 75.53, 75.63, 893]
['2019-03-27 09:41:00', 75.58, 75.8, 75.58, 75.8, 1580]
['2019-03-27 09:39:00', 75.59, 75.515, 75.515, 75.59, 2203]
['2019-03-27 09:37:00', 75.685, 75.685, 75.685, 75.685, 350]
['2019-03-27 09:35:00', 75.76, 75.66, 75.66, 75.76, 648]
['2019-03-27 09:34:00', 75.63, 75.72, 75.63, 75.72, 976]
['2019-03-27 09:33:00', 75.51, 75.51, 75.51, 75.51, 2260]
['2019-03-26 16:00:00', 75.3, 75.3, 75.3, 75.3, 2941]
['2019-03-26 15:59:00', 75.27, 75.3075, 75.27, 75.3075, 4075]
['2019-03-26 15:58:00', 75.33, 75.33, 75.33, 75.33, 1622]
['2019-03-26 15:57:00', 75.34, 75.34, 75.34, 75.34, 1230]
['2019-03-26 15:56:00', 75.3, 75.3, 75.3, 75.3, 1121]
['2019-03-26 15:55:00', 75.29, 75.28, 75.28, 75.29, 2253]
['2019-03-26 15:54:00', 75.335, 75.335, 75.335, 75.335, 1731]
['2019-03-26 15:52:00', 75.28, 75.3, 75.27, 75.3, 3570]
['2019-03-26 15:51:00', 75.27, 75.28, 75.27, 75.28, 2606]
['2019-03-26 15:49:00', 75.26, 75.25, 75.25, 75.26, 1520]
['2019-03-26 15:47:00', 75.23, 75.22, 75.22, 75.23, 2591]
['2019-03-26 15:46:00', 75.23, 75.23, 75.23, 75.23, 412]
['2019-03-26 15:45:00', 75.21, 75.21, 75.21, 75.21, 1353]
['2019-03-26 15:44:00', 75.24, 75.25, 75.24, 75.25, 1324]
['2019-03-26 15:43:00', 75.25, 75.25, 75.25, 75.25, 1159]
['2019-03-26 15:42:00', 75.28, 75.28, 75.28, 75.28, 335]
['2019-03-26 15:41:00', 75.21, 75.25, 75.21, 75.25, 1632]
['2019-03-26 15:40:00', 75.24, 75.24, 75.24, 75.24, 400]
['2019-03-26 15:39:00', 75.22, 75.23, 75.22, 75.23, 1576]
['2019-03-26 15:37:00', 75.23, 75.23, 75.23, 75.23, 394]
['2019-03-26 15:36:00', 75.18, 75.25, 75.18, 75.25, 1039]
['2019-03-26 15:35:00', 75.16, 75.165, 75.16, 75.165, 1069]
['2019-03-26 15:34:00', 75.18, 75.18, 75.18, 75.18, 627]
['2019-03-26 15:33:00', 75.19, 75.19, 75.19, 75.19, 485]
['2019-03-26 15:32:00', 75.18, 75.2, 75.18, 75.2, 1284]
['2019-03-26 15:31:00', 75.17, 75.15, 75.15, 75.17, 1560]
['2019-03-26 15:30:00', 75.19, 75.19, 75.19, 75.19, 397]
['2019-03-26 15:28:00', 75.15, 75.19, 75.14, 75.21, 3803]
['2019-03-26 15:25:00', 75.16, 75.16, 75.16, 75.16, 491]
['2019-03-26 15:24:00', 75.15, 75.15, 75.15, 75.15, 755]
['2019-03-26 15:23:00', 75.1692, 75.1692, 75.1692, 75.1692, 111]
['2019-03-26 15:21:00', 75.16, 75.16, 75.16, 75.16, 406]
['2019-03-26 15:20:00', 75.13, 75.13, 75.13, 75.13, 623]
['2019-03-26 15:19:00', 75.19, 75.21, 75.19, 75.21, 808]
['2019-03-26 15:18:00', 75.18, 75.18, 75.18, 75.18, 386]
['2019-03-26 15:17:00', 75.19, 75.19, 75.19, 75.19, 615]
['2019-03-26 15:16:00', 75.185, 75.185, 75.185, 75.185, 769]
['2019-03-26 15:15:00', 75.19, 75.19, 75.19, 75.19, 718]
['2019-03-26 15:13:00', 75.15, 75.19, 75.15, 75.19, 774]
['2019-03-26 15:11:00', 75.11, 75.095, 75.095, 75.17, 5840]
['2019-03-26 15:10:00', 75.15, 75.15, 75.15, 75.15, 308]
['2019-03-26 15:08:00', 75.095, 75.095, 75.095, 75.095, 455]
['2019-03-26 15:07:00', 75.1127, 75.1127, 75.1127, 75.1127, 454]
['2019-03-26 15:06:00', 75.1084, 75.1084, 75.1084, 75.1084, 814]
['2019-03-26 15:05:00', 75.15, 75.15, 75.15, 75.15, 318]
['2019-03-26 15:04:00', 75.13, 75.13, 75.13, 75.13, 403]
['2019-03-26 15:03:00', 75.1301, 75.1301, 75.1301, 75.1301, 265]
['2019-03-26 15:02:00', 75.14, 75.14, 75.14, 75.14, 434]
['2019-03-26 15:00:00', 75.01, 75.01, 75.01, 75.01, 570]
['2019-03-26 14:58:00', 74.9232, 74.97, 74.9232, 74.97, 876]
['2019-03-26 14:56:00', 74.94, 74.94, 74.94, 74.94, 1017]
['2019-03-26 14:54:00', 74.945, 74.945, 74.945, 74.945, 723]
['2019-03-26 14:53:00', 74.975, 74.975, 74.975, 74.975, 109]
['2019-03-26 14:52:00', 74.985, 74.985, 74.985, 74.985, 555]
['2019-03-26 14:47:00', 74.97, 74.97, 74.97, 74.97, 229]
['2019-03-26 14:46:00', 74.95, 74.95, 74.95, 74.95, 1457]
['2019-03-26 14:45:00', 74.895, 74.93, 74.89, 74.93, 2861]
['2019-03-26 14:43:00', 74.91, 74.88, 74.88, 74.91, 416]
['2019-03-26 14:39:00', 74.9, 74.9, 74.9, 74.9, 256]
['2019-03-26 14:37:00', 74.89, 74.89, 74.89, 74.89, 339]
['2019-03-26 14:36:00', 74.89, 74.9, 74.89, 74.9, 1840]
['2019-03-26 14:34:00', 74.83, 74.83, 74.83, 74.83, 129]
['2019-03-26 14:31:00', 74.92, 74.92, 74.92, 74.92, 391]
['2019-03-26 14:30:00', 74.96, 74.96, 74.96, 74.96, 593]
['2019-03-26 14:29:00', 74.91, 74.93, 74.91, 74.93, 1621]
['2019-03-26 14:28:00', 74.92, 74.92, 74.92, 74.92, 374]
['2019-03-26 14:26:00', 75.02, 75.005, 75.005, 75.02, 785]
['2019-03-26 14:25:00', 75.05, 75.05, 75.05, 75.05, 2229]
['2019-03-26 14:24:00', 75.135, 75.1, 75.1, 75.135, 7796]
['2019-03-26 14:23:00', 75.15, 75.15, 75.15, 75.15, 1250]
['2019-03-26 14:22:00', 75.145, 75.145, 75.145, 75.145, 816]
['2019-03-26 14:21:00', 75.249, 75.249, 75.249, 75.249, 403]
['2019-03-26 14:20:00', 75.25, 75.21, 75.21, 75.25, 1704]
['2019-03-26 14:19:00', 75.21, 75.21, 75.21, 75.21, 193]
['2019-03-26 14:15:00', 75.17, 75.2, 75.17, 75.2, 2094]
['2019-03-26 14:14:00', 75.095, 75.095, 75.095, 75.095, 632]
['2019-03-26 14:13:00', 75.09, 75.08, 75.08, 75.09, 926]
['2019-03-26 14:10:00', 75.18, 75.18, 75.18, 75.18, 1012]
['2019-03-26 14:09:00', 75.115, 75.19, 75.115, 75.19, 10352]
['2019-03-26 14:08:00', 75.1, 75.14, 75.1, 75.14, 6338]
['2019-03-26 14:05:00', 75.05, 75.09, 75.05, 75.1, 1842]
['2019-03-26 14:01:00', 75.1, 75.1, 75.1, 75.1, 300]
['2019-03-26 13:59:00', 75.14, 75.14, 75.14, 75.14, 274]
['2019-03-26 13:58:00', 75.2, 75.2, 75.2, 75.2, 1275]
['2019-03-26 13:57:00', 75.19, 75.23, 75.19, 75.23, 1361]
['2019-03-26 13:56:00', 75.18, 75.18, 75.18, 75.18, 201]
['2019-03-26 13:54:00', 75.24, 75.24, 75.24, 75.24, 306]
['2019-03-26 13:52:00', 75.24, 75.23, 75.23, 75.24, 372]
['2019-03-26 13:49:00', 75.26, 75.26, 75.26, 75.26, 782]
['2019-03-26 13:45:00', 75.2, 75.245, 75.2, 75.245, 3686]
['2019-03-26 13:44:00', 75.125, 75.21, 75.12, 75.21, 3776]
['2019-03-26 13:43:00', 75.155, 75.16, 75.15, 75.16, 12727]
['2019-03-26 13:40:00', 75.16, 75.16, 75.16, 75.16, 407]
['2019-03-26 13:37:00', 75.25, 75.25, 75.25, 75.25, 4399]
['2019-03-26 13:34:00', 75.25, 75.25, 75.25, 75.25, 2188]
['2019-03-26 13:33:00', 75.29, 75.25, 75.25, 75.29, 1069]
['2019-03-26 13:30:00', 75.27, 75.27, 75.27, 75.27, 907]
['2019-03-26 13:28:00', 75.31, 75.29, 75.29, 75.31, 751]
['2019-03-26 13:26:00', 75.33, 75.33, 75.33, 75.33, 329]
['2019-03-26 13:25:00', 75.33, 75.33, 75.33, 75.33, 2609]
['2019-03-26 13:22:00', 75.4025, 75.3929, 75.3929, 75.4025, 302]
['2019-03-26 13:20:00', 75.38, 75.38, 75.38, 75.38, 100]
['2019-03-26 13:16:00', 75.41, 75.41, 75.41, 75.41, 528]
['2019-03-26 13:14:00', 75.35, 75.35, 75.35, 75.35, 375]
['2019-03-26 13:13:00', 75.32, 75.32, 75.32, 75.32, 478]
['2019-03-26 13:12:00', 75.32, 75.32, 75.32, 75.32, 205]
['2019-03-26 13:08:00', 75.3, 75.3, 75.3, 75.3, 560]
['2019-03-26 13:07:00', 75.29, 75.29, 75.29, 75.29, 483]
['2019-03-26 13:05:00', 75.315, 75.315, 75.315, 75.315, 978]
['2019-03-26 13:04:00', 75.295, 75.295, 75.295, 75.295, 640]
['2019-03-26 13:02:00', 75.29, 75.29, 75.29, 75.29, 516]
['2019-03-26 13:01:00', 75.27, 75.285, 75.27, 75.285, 2470]
['2019-03-26 12:58:00', 75.24, 75.26, 75.24, 75.26, 1106]
['2019-03-26 12:56:00', 75.265, 75.265, 75.265, 75.265, 372]
['2019-03-26 12:52:00', 75.245, 75.26, 75.245, 75.26, 966]
['2019-03-26 12:51:00', 75.24, 75.24, 75.24, 75.24, 1079]
['2019-03-26 12:50:00', 75.21, 75.21, 75.21, 75.21, 117]
['2019-03-26 12:48:00', 75.22, 75.22, 75.22, 75.22, 342]
['2019-03-26 12:46:00', 75.26, 75.26, 75.26, 75.26, 818]
['2019-03-26 12:42:00', 75.25, 75.25, 75.25, 75.25, 1297]
['2019-03-26 12:41:00', 75.23, 75.23, 75.23, 75.23, 953]
['2019-03-26 12:40:00', 75.24, 75.24, 75.24, 75.24, 115]
['2019-03-26 12:38:00', 75.22, 75.24, 75.22, 75.24, 1506]
['2019-03-26 12:36:00', 75.25, 75.25, 75.25, 75.25, 513]
['2019-03-26 12:34:00', 75.24, 75.24, 75.24, 75.24, 118]
['2019-03-26 12:33:00', 75.26, 75.26, 75.26, 75.26, 103]
['2019-03-26 12:30:00', 75.26, 75.25, 75.25, 75.26, 1718]
['2019-03-26 12:26:00', 75.2, 75.2, 75.2, 75.2, 990]
['2019-03-26 12:25:00', 75.14, 75.22, 75.14, 75.22, 1800]
['2019-03-26 12:24:00', 75.19, 75.19, 75.18, 75.19, 3449]
['2019-03-26 12:23:00', 75.15, 75.15, 75.15, 75.15, 817]
['2019-03-26 12:21:00', 75.22, 75.22, 75.22, 75.24, 2251]
['2019-03-26 12:19:00', 75.23, 75.23, 75.23, 75.23, 129]
['2019-03-26 12:17:00', 75.2, 75.2, 75.2, 75.2, 100]
['2019-03-26 12:16:00', 75.1992, 75.1992, 75.1992, 75.1992, 147]
['2019-03-26 12:15:00', 75.2, 75.2, 75.2, 75.2, 739]
['2019-03-26 12:14:00', 75.18, 75.21, 75.18, 75.21, 858]
['2019-03-26 12:13:00', 75.19, 75.19, 75.19, 75.19, 1000]
['2019-03-26 12:11:00', 75.22, 75.22, 75.22, 75.22, 619]
['2019-03-26 12:10:00', 75.19, 75.19, 75.19, 75.19, 900]
['2019-03-26 12:09:00', 75.195, 75.195, 75.195, 75.195, 1527]
['2019-03-26 12:07:00', 75.235, 75.235, 75.235, 75.235, 670]
['2019-03-26 12:06:00', 75.23, 75.23, 75.23, 75.23, 752]
['2019-03-26 12:04:00', 75.22, 75.22, 75.22, 75.22, 1016]
['2019-03-26 12:03:00', 75.23, 75.25, 75.23, 75.25, 867]
['2019-03-26 12:02:00', 75.23, 75.23, 75.23, 75.23, 318]
['2019-03-26 11:59:00', 75.18, 75.18, 75.18, 75.18, 884]
['2019-03-26 11:58:00', 75.15, 75.15, 75.15, 75.15, 304]
['2019-03-26 11:56:00', 75.11, 75.11, 75.11, 75.11, 300]
['2019-03-26 11:55:00', 75.08, 75.08, 75.08, 75.08, 602]
['2019-03-26 11:53:00', 75.09, 75.09, 75.09, 75.09, 500]
['2019-03-26 11:52:00', 75.12, 75.12, 75.12, 75.12, 619]
['2019-03-26 11:51:00', 75.02, 75.08, 75.02, 75.08, 2136]
['2019-03-26 11:47:00', 75.05, 75.05, 75.05, 75.05, 364]
['2019-03-26 11:46:00', 75.08, 75.08, 75.08, 75.08, 1204]
['2019-03-26 11:44:00', 75.14, 75.14, 75.14, 75.14, 677]
['2019-03-26 11:43:00', 75.1, 75.1, 75.1, 75.1, 226]
['2019-03-26 11:40:00', 75.18, 75.18, 75.18, 75.18, 224]
['2019-03-26 11:38:00', 75.09, 75.09, 75.09, 75.09, 966]
['2019-03-26 11:36:00', 75.0, 75.0, 75.0, 75.0, 200]
['2019-03-26 11:34:00', 75.05, 75.05, 75.05, 75.05, 489]
['2019-03-26 11:33:00', 75.13, 74.9957, 74.9957, 75.13, 1902]
['2019-03-26 11:31:00', 75.1, 75.1, 75.1, 75.1, 802]
['2019-03-26 11:30:00', 75.06, 75.06, 75.06, 75.06, 564]
['2019-03-26 11:28:00', 75.02, 75.02, 75.02, 75.02, 260]
['2019-03-26 11:27:00', 75.005, 75.005, 75.005, 75.005, 300]
['2019-03-26 11:26:00', 74.94, 75.0, 74.94, 75.0, 2190]
['2019-03-26 11:24:00', 74.925, 74.925, 74.925, 74.925, 1238]
['2019-03-26 11:23:00', 74.95, 74.95, 74.95, 74.95, 500]
['2019-03-26 11:21:00', 74.98, 74.98, 74.98, 74.98, 1293]
['2019-03-26 11:20:00', 75.015, 74.975, 74.975, 75.015, 1858]
['2019-03-26 11:19:00', 74.97, 74.97, 74.97, 74.97, 807]
['2019-03-26 11:18:00', 75.0173, 75.0173, 75.0173, 75.0173, 1528]
['2019-03-26 11:17:00', 74.93, 74.965, 74.93, 74.965, 3040]
['2019-03-26 11:16:00', 74.89, 74.89, 74.89, 74.89, 404]
['2019-03-26 11:15:00', 74.9212, 74.9212, 74.9212, 74.9212, 1009]
['2019-03-26 11:14:00', 74.9189, 74.9189, 74.9189, 74.9189, 710]
['2019-03-26 11:11:00', 74.97, 74.96, 74.96, 74.97, 2012]
['2019-03-26 11:09:00', 74.995, 74.995, 74.995, 74.995, 406]
['2019-03-26 11:08:00', 74.985, 74.995, 74.985, 75.02, 2734]
['2019-03-26 11:07:00', 75.0, 75.0, 75.0, 75.0, 200]
['2019-03-26 11:05:00', 75.0, 75.0, 75.0, 75.0, 457]
['2019-03-26 11:00:00', 75.105, 75.08, 75.08, 75.105, 1482]
['2019-03-26 10:59:00', 75.1, 75.1, 75.1, 75.1, 504]
['2019-03-26 10:58:00', 75.05, 75.05, 75.05, 75.05, 204]
['2019-03-26 10:57:00', 75.1, 75.1, 75.1, 75.1, 200]
['2019-03-26 10:55:00', 75.1072, 75.1072, 75.1072, 75.1072, 1832]
['2019-03-26 10:53:00', 75.125, 75.06, 75.06, 75.125, 1392]
['2019-03-26 10:51:00', 75.0162, 75.0162, 75.0162, 75.0162, 275]
['2019-03-26 10:49:00', 74.88, 74.93, 74.88, 74.93, 1168]
['2019-03-26 10:42:00', 74.8, 74.8, 74.8, 74.8, 703]
['2019-03-26 10:41:00', 74.715, 74.82, 74.715, 74.82, 1431]
['2019-03-26 10:40:00', 74.68, 74.68, 74.68, 74.68, 1227]
['2019-03-26 10:39:00', 74.71, 74.71, 74.71, 74.71, 817]
['2019-03-26 10:35:00', 74.635, 74.635, 74.635, 74.635, 185]
['2019-03-26 10:34:00', 74.64, 74.64, 74.64, 74.64, 255]
['2019-03-26 10:33:00', 74.67, 74.67, 74.67, 74.67, 437]
['2019-03-26 10:32:00', 74.68, 74.68, 74.68, 74.68, 131]
['2019-03-26 10:31:00', 74.69, 74.69, 74.69, 74.69, 200]
['2019-03-26 10:27:00', 74.72, 74.72, 74.72, 74.72, 817]
['2019-03-26 10:23:00', 74.74, 74.74, 74.74, 74.74, 355]
['2019-03-26 10:22:00', 74.78, 74.78, 74.78, 74.78, 482]
['2019-03-26 10:21:00', 74.79, 74.79, 74.79, 74.79, 308]
['2019-03-26 10:17:00', 74.875, 74.83, 74.83, 74.875, 321]
['2019-03-26 10:15:00', 74.81, 74.81, 74.81, 74.81, 666]
['2019-03-26 10:14:00', 74.84, 74.84, 74.84, 74.84, 776]
['2019-03-26 10:13:00', 74.68, 74.68, 74.68, 74.68, 660]
['2019-03-26 10:12:00', 74.67, 74.67, 74.67, 74.67, 1139]
['2019-03-26 10:11:00', 74.8, 74.8, 74.8, 74.8, 557]
['2019-03-26 10:10:00', 74.81, 74.81, 74.81, 74.81, 1308]
['2019-03-26 10:09:00', 74.74, 74.74, 74.74, 74.74, 847]
['2019-03-26 10:08:00', 74.79, 74.79, 74.79, 74.79, 216]
['2019-03-26 10:06:00', 74.81, 74.78, 74.78, 74.84, 1887]
['2019-03-26 10:02:00', 74.9386, 74.9386, 74.9386, 74.9386, 813]
['2019-03-26 10:01:00', 74.87, 74.87, 74.87, 74.87, 840]
['2019-03-26 10:00:00', 74.99, 74.99, 74.99, 74.99, 300]
['2019-03-26 09:58:00', 75.04, 75.04, 75.04, 75.04, 1048]
['2019-03-26 09:57:00', 75.0364, 75.0364, 75.0364, 75.0364, 404]
['2019-03-26 09:51:00', 75.05, 75.05, 75.05, 75.05, 758]
['2019-03-26 09:49:00', 75.25, 75.25, 75.25, 75.25, 404]
['2019-03-26 09:48:00', 75.35, 75.35, 75.35, 75.35, 434]
['2019-03-26 09:46:00', 75.39, 75.39, 75.39, 75.39, 213]
['2019-03-26 09:45:00', 75.32, 75.32, 75.32, 75.32, 232]
['2019-03-26 09:44:00', 75.23, 75.23, 75.23, 75.23, 750]
['2019-03-26 09:43:00', 75.26, 75.26, 75.26, 75.26, 583]
['2019-03-26 09:42:00', 75.21, 75.21, 75.21, 75.21, 314]
['2019-03-26 09:40:00', 75.41, 75.22, 75.22, 75.41, 2771]
['2019-03-26 09:35:00', 75.53, 75.45, 75.45, 75.53, 1439]
['2019-03-26 09:34:00', 75.35, 75.35, 75.35, 75.35, 100]
['2019-03-26 09:31:00', 75.3, 75.3, 75.3, 75.3, 3230]
['2019-03-25 16:00:00', 74.965, 74.94, 74.94, 74.965, 7711]
['2019-03-25 15:59:00', 74.99, 74.96, 74.96, 74.99, 4269]
['2019-03-25 15:58:00', 74.98, 74.99, 74.98, 74.99, 3853]
['2019-03-25 15:57:00', 74.94, 74.99, 74.94, 74.99, 3147]
['2019-03-25 15:56:00', 74.93, 74.94, 74.91, 74.96, 8305]
['2019-03-25 15:55:00', 74.96, 74.9, 74.895, 74.96, 4752]
['2019-03-25 15:54:00', 74.96, 74.96, 74.96, 74.96, 2320]
['2019-03-25 15:53:00', 74.96, 74.96, 74.96, 74.96, 3397]
['2019-03-25 15:52:00', 74.97, 74.97, 74.97, 74.97, 1988]
['2019-03-25 15:51:00', 74.97, 74.99, 74.97, 74.99, 3439]
['2019-03-25 15:50:00', 74.95, 74.95, 74.92, 74.95, 4900]
['2019-03-25 15:49:00', 75.03, 75.0, 75.0, 75.03, 2412]
['2019-03-25 15:48:00', 75.05, 75.05, 75.05, 75.05, 1504]
['2019-03-25 15:47:00', 75.05, 75.075, 75.05, 75.075, 4623]
['2019-03-25 15:46:00', 75.0, 75.05, 75.0, 75.05, 1980]
['2019-03-25 15:45:00', 75.02, 75.01, 75.01, 75.02, 1804]
['2019-03-25 15:44:00', 74.95, 74.98, 74.95, 74.98, 5952]
['2019-03-25 15:43:00', 74.955, 74.955, 74.955, 74.955, 731]
['2019-03-25 15:42:00', 74.95, 74.95, 74.95, 74.95, 1321]
['2019-03-25 15:41:00', 74.95, 74.95, 74.95, 74.95, 1703]
['2019-03-25 15:40:00', 74.94, 74.95, 74.94, 74.95, 1899]
['2019-03-25 15:39:00', 74.9985, 74.975, 74.975, 74.9985, 1521]
['2019-03-25 15:38:00', 75.01, 75.01, 75.01, 75.01, 11212]
['2019-03-25 15:37:00', 75.0, 75.0, 75.0, 75.0, 766]
['2019-03-25 15:36:00', 75.02, 75.03, 75.02, 75.03, 1210]
['2019-03-25 15:35:00', 75.04, 75.04, 75.04, 75.04, 640]
['2019-03-25 15:34:00', 75.04, 75.03, 75.03, 75.04, 1185]
['2019-03-25 15:33:00', 75.02, 75.02, 75.02, 75.02, 865]
['2019-03-25 15:32:00', 74.99, 75.02, 74.99, 75.02, 2256]
['2019-03-25 15:31:00', 75.04, 75.04, 75.04, 75.04, 730]
['2019-03-25 15:30:00', 75.09, 75.08, 75.08, 75.09, 1127]
['2019-03-25 15:29:00', 75.1, 75.1, 75.1, 75.1, 460]
['2019-03-25 15:28:00', 75.13, 75.13, 75.13, 75.13, 623]
['2019-03-25 15:27:00', 75.075, 75.17, 75.075, 75.17, 2036]
['2019-03-25 15:26:00', 75.05, 75.05, 75.05, 75.05, 607]
['2019-03-25 15:25:00', 75.09, 75.09, 75.09, 75.09, 671]
['2019-03-25 15:24:00', 75.07, 75.07, 75.07, 75.07, 915]
['2019-03-25 15:23:00', 75.01, 75.03, 75.01, 75.03, 2296]
['2019-03-25 15:22:00', 74.99, 74.99, 74.99, 74.99, 825]
['2019-03-25 15:20:00', 74.99, 75.01, 74.99, 75.01, 963]
['2019-03-25 15:18:00', 74.99, 75.0, 74.99, 75.01, 2372]
['2019-03-25 15:17:00', 75.06, 75.05, 75.05, 75.06, 1883]
['2019-03-25 15:16:00', 75.05, 75.05, 75.05, 75.05, 871]
['2019-03-25 15:15:00', 75.04, 75.04, 75.04, 75.04, 593]
['2019-03-25 15:14:00', 75.04, 75.075, 75.04, 75.075, 1244]
['2019-03-25 15:13:00', 75.02, 75.02, 75.02, 75.02, 919]
['2019-03-25 15:12:00', 75.02, 75.02, 75.02, 75.02, 420]
['2019-03-25 15:11:00', 75.07, 75.07, 75.07, 75.07, 314]
['2019-03-25 15:10:00', 75.03, 75.03, 75.03, 75.03, 891]
['2019-03-25 15:09:00', 75.03, 75.02, 75.02, 75.03, 2367]
['2019-03-25 15:08:00', 75.0, 75.0, 75.0, 75.0, 377]
['2019-03-25 15:07:00', 75.03, 75.04, 75.03, 75.04, 2116]
['2019-03-25 15:04:00', 75.05, 75.04, 75.04, 75.05, 979]
['2019-03-25 15:03:00', 75.09, 75.09, 75.09, 75.09, 1053]
['2019-03-25 15:02:00', 75.1, 75.09, 75.09, 75.1, 989]
['2019-03-25 15:01:00', 75.1, 75.1, 75.1, 75.1, 1145]
['2019-03-25 15:00:00', 75.07, 75.07, 75.07, 75.07, 1557]
['2019-03-25 14:59:00', 75.07, 75.07, 75.07, 75.07, 361]
['2019-03-25 14:58:00', 75.04, 75.06, 75.04, 75.06, 789]
['2019-03-25 14:57:00', 75.02, 75.02, 75.02, 75.02, 364]
['2019-03-25 14:56:00', 75.01, 75.01, 75.01, 75.01, 917]
['2019-03-25 14:55:00', 75.0, 75.0, 75.0, 75.0, 667]
['2019-03-25 14:54:00', 75.0, 75.0, 75.0, 75.0, 378]
['2019-03-25 14:53:00', 75.0, 75.0, 75.0, 75.0, 1563]
['2019-03-25 14:52:00', 75.0, 75.0, 75.0, 75.0, 525]
['2019-03-25 14:51:00', 75.01, 75.01, 75.01, 75.01, 1138]
['2019-03-25 14:50:00', 75.01, 75.01, 75.01, 75.01, 1170]
['2019-03-25 14:49:00', 75.02, 75.02, 75.02, 75.02, 711]
['2019-03-25 14:48:00', 75.01, 75.02, 75.01, 75.02, 1076]
['2019-03-25 14:47:00', 75.0, 75.0, 75.0, 75.0, 776]
['2019-03-25 14:46:00', 75.07, 75.07, 75.07, 75.07, 373]
['2019-03-25 14:45:00', 75.12, 75.05, 75.05, 75.12, 2513]
['2019-03-25 14:44:00', 75.1, 75.1, 75.1, 75.1, 476]
['2019-03-25 14:43:00', 75.07, 75.07, 75.07, 75.07, 281]
['2019-03-25 14:42:00', 75.03, 75.06, 75.03, 75.06, 1143]
['2019-03-25 14:41:00', 74.99, 74.99, 74.99, 74.99, 773]
['2019-03-25 14:40:00', 75.01, 75.01, 75.01, 75.01, 570]
['2019-03-25 14:39:00', 75.02, 75.02, 75.02, 75.02, 402]
['2019-03-25 14:38:00', 75.0, 75.0, 75.0, 75.0, 607]
['2019-03-25 14:36:00', 75.05, 75.06, 75.05, 75.06, 703]
['2019-03-25 14:35:00', 75.02, 75.02, 75.02, 75.02, 308]
['2019-03-25 14:34:00', 75.04, 75.05, 75.04, 75.05, 825]
['2019-03-25 14:33:00', 75.015, 75.015, 75.015, 75.015, 839]
['2019-03-25 14:32:00', 75.0, 75.0, 75.0, 75.0, 734]
['2019-03-25 14:31:00', 74.99, 74.99, 74.99, 74.99, 1298]
['2019-03-25 14:30:00', 74.97, 74.96, 74.95, 74.97, 1611]
['2019-03-25 14:29:00', 74.96, 74.96, 74.96, 74.96, 414]
['2019-03-25 14:28:00', 74.95, 74.95, 74.95, 74.95, 512]
['2019-03-25 14:27:00', 74.98, 74.98, 74.98, 74.98, 443]
['2019-03-25 14:26:00', 74.94, 74.96, 74.94, 74.96, 1605]
['2019-03-25 14:24:00', 74.93, 74.975, 74.93, 74.975, 1661]
['2019-03-25 14:23:00', 74.965, 74.965, 74.965, 74.965, 1110]
['2019-03-25 14:22:00', 74.935, 74.92, 74.92, 74.935, 1900]
['2019-03-25 14:21:00', 74.96, 75.0, 74.96, 75.0, 1751]
['2019-03-25 14:20:00', 74.94, 74.94, 74.94, 74.94, 621]
['2019-03-25 14:18:00', 74.95, 74.93, 74.92, 74.95, 2122]
['2019-03-25 14:17:00', 74.95, 74.95, 74.95, 74.95, 501]
['2019-03-25 14:15:00', 74.95, 74.95, 74.95, 74.95, 426]
['2019-03-25 14:14:00', 74.91, 74.94, 74.91, 74.94, 1352]
['2019-03-25 14:10:00', 74.91, 74.9026, 74.9026, 74.91, 3349]
['2019-03-25 14:09:00', 74.9499, 74.9499, 74.9499, 74.9499, 872]
['2019-03-25 14:08:00', 74.945, 74.945, 74.945, 74.945, 849]
['2019-03-25 14:07:00', 74.88, 74.915, 74.88, 74.915, 1543]
['2019-03-25 14:06:00', 74.93, 74.93, 74.93, 74.93, 543]
['2019-03-25 14:05:00', 74.985, 74.97, 74.97, 74.985, 553]
['2019-03-25 14:03:00', 74.96, 74.97, 74.96, 74.99, 1968]
['2019-03-25 14:02:00', 74.91, 74.93, 74.91, 74.93, 1207]
['2019-03-25 14:01:00', 74.875, 74.91, 74.875, 74.91, 2108]
['2019-03-25 14:00:00', 74.85, 74.86, 74.85, 74.86, 1412]
['2019-03-25 13:57:00', 74.88, 74.88, 74.88, 74.88, 300]
['2019-03-25 13:55:00', 74.885, 74.885, 74.885, 74.885, 719]
['2019-03-25 13:54:00', 74.94, 74.94, 74.94, 74.94, 616]
['2019-03-25 13:52:00', 74.89, 74.89, 74.89, 74.89, 284]
['2019-03-25 13:51:00', 74.9399, 74.9399, 74.9399, 74.9399, 271]
['2019-03-25 13:49:00', 74.97, 74.95, 74.93, 74.97, 1224]
['2019-03-25 13:48:00', 74.93, 74.9899, 74.93, 74.9899, 4165]
['2019-03-25 13:45:00', 75.01, 75.01, 75.01, 75.01, 435]
['2019-03-25 13:44:00', 75.03, 75.04, 75.03, 75.04, 1062]
['2019-03-25 13:42:00', 75.11, 75.11, 75.11, 75.11, 575]
['2019-03-25 13:41:00', 75.11, 75.11, 75.11, 75.11, 397]
['2019-03-25 13:39:00', 75.145, 75.145, 75.145, 75.145, 369]
['2019-03-25 13:37:00', 75.12, 75.12, 75.12, 75.12, 510]
['2019-03-25 13:36:00', 75.15, 75.15, 75.15, 75.15, 1275]
['2019-03-25 13:35:00', 75.23, 75.23, 75.23, 75.23, 859]
['2019-03-25 13:34:00', 75.33, 75.2, 75.2, 75.33, 5101]
['2019-03-25 13:33:00', 75.34, 75.37, 75.34, 75.37, 3556]
['2019-03-25 13:31:00', 75.4, 75.4, 75.4, 75.4, 189]
['2019-03-25 13:30:00', 75.39, 75.41, 75.39, 75.41, 875]
['2019-03-25 13:29:00', 75.38, 75.375, 75.375, 75.38, 2019]
['2019-03-25 13:28:00', 75.34, 75.39, 75.34, 75.39, 1372]
['2019-03-25 13:27:00', 75.34, 75.34, 75.34, 75.34, 1023]
['2019-03-25 13:26:00', 75.39, 75.4, 75.39, 75.4, 1072]
['2019-03-25 13:25:00', 75.39, 75.39, 75.39, 75.39, 1105]
['2019-03-25 13:24:00', 75.36, 75.385, 75.36, 75.39, 3128]
['2019-03-25 13:23:00', 75.355, 75.355, 75.355, 75.355, 400]
['2019-03-25 13:22:00', 75.34, 75.34, 75.34, 75.34, 582]
['2019-03-25 13:21:00', 75.37, 75.37, 75.37, 75.37, 109]
['2019-03-25 13:18:00', 75.355, 75.355, 75.355, 75.355, 646]
['2019-03-25 13:17:00', 75.43, 75.43, 75.43, 75.43, 297]
['2019-03-25 13:15:00', 75.44, 75.43, 75.43, 75.44, 981]
['2019-03-25 13:14:00', 75.43, 75.43, 75.43, 75.43, 716]
['2019-03-25 13:13:00', 75.405, 75.405, 75.405, 75.405, 1858]
['2019-03-25 13:11:00', 75.375, 75.385, 75.34, 75.385, 12208]
['2019-03-25 13:10:00', 75.35, 75.35, 75.35, 75.35, 300]
['2019-03-25 13:09:00', 75.32, 75.37, 75.32, 75.37, 1911]
['2019-03-25 13:08:00', 75.34, 75.33, 75.33, 75.34, 1558]
['2019-03-25 13:07:00', 75.37, 75.38, 75.37, 75.39, 4335]
['2019-03-25 13:06:00', 75.31, 75.31, 75.31, 75.31, 533]
['2019-03-25 13:05:00', 75.39, 75.39, 75.39, 75.39, 109]
['2019-03-25 12:59:00', 75.44, 75.45, 75.44, 75.45, 977]
['2019-03-25 12:57:00', 75.41, 75.41, 75.41, 75.41, 590]
['2019-03-25 12:56:00', 75.33, 75.4, 75.33, 75.4, 1429]
['2019-03-25 12:55:00', 75.325, 75.325, 75.325, 75.325, 523]
['2019-03-25 12:54:00', 75.37, 75.345, 75.345, 75.37, 792]
['2019-03-25 12:53:00', 75.39, 75.39, 75.39, 75.39, 357]
['2019-03-25 12:52:00', 75.45, 75.45, 75.45, 75.45, 515]
['2019-03-25 12:51:00', 75.39, 75.44, 75.39, 75.44, 2656]
['2019-03-25 12:50:00', 75.345, 75.345, 75.345, 75.345, 526]
['2019-03-25 12:49:00', 75.315, 75.33, 75.28, 75.33, 3053]
['2019-03-25 12:48:00', 75.25, 75.3, 75.23, 75.3, 7551]
['2019-03-25 12:47:00', 75.25, 75.285, 75.25, 75.285, 2113]
['2019-03-25 12:46:00', 75.28, 75.29, 75.28, 75.29, 2456]
['2019-03-25 12:45:00', 75.32, 75.29, 75.29, 75.32, 4601]
['2019-03-25 12:44:00', 75.225, 75.2799, 75.225, 75.2799, 1236]
['2019-03-25 12:43:00', 75.32, 75.2925, 75.2925, 75.32, 2546]
['2019-03-25 12:42:00', 75.275, 75.32, 75.275, 75.32, 3276]
['2019-03-25 12:41:00', 75.3, 75.355, 75.3, 75.355, 3645]
['2019-03-25 12:40:00', 75.285, 75.33, 75.285, 75.33, 2600]
['2019-03-25 12:39:00', 75.28, 75.26, 75.26, 75.28, 2226]
['2019-03-25 12:38:00', 75.34, 75.38, 75.34, 75.38, 2904]
['2019-03-25 12:37:00', 75.3, 75.33, 75.3, 75.33, 1280]
['2019-03-25 12:36:00', 75.36, 75.36, 75.36, 75.36, 897]
['2019-03-25 12:35:00', 75.34, 75.385, 75.34, 75.39, 4423]
['2019-03-25 12:34:00', 75.31, 75.32, 75.31, 75.39, 2327]
['2019-03-25 12:33:00', 75.32, 75.34, 75.32, 75.34, 1640]
['2019-03-25 12:32:00', 75.33, 75.33, 75.33, 75.33, 1290]
['2019-03-25 12:31:00', 75.27, 75.38, 75.27, 75.38, 5019]
['2019-03-25 12:29:00', 75.31, 75.31, 75.31, 75.31, 157]
['2019-03-25 12:23:00', 75.375, 75.375, 75.375, 75.375, 241]
['2019-03-25 12:22:00', 75.38, 75.38, 75.38, 75.38, 470]
['2019-03-25 12:21:00', 75.39, 75.39, 75.39, 75.39, 247]
['2019-03-25 12:20:00', 75.34, 75.36, 75.34, 75.36, 1130]
['2019-03-25 12:19:00', 75.34, 75.34, 75.34, 75.34, 319]
['2019-03-25 12:17:00', 75.33, 75.33, 75.33, 75.33, 688]
['2019-03-25 12:14:00', 75.385, 75.385, 75.385, 75.385, 670]
['2019-03-25 12:13:00', 75.39, 75.39, 75.39, 75.39, 225]
['2019-03-25 12:12:00', 75.43, 75.43, 75.43, 75.43, 876]
['2019-03-25 12:11:00', 75.385, 75.385, 75.385, 75.385, 154]
['2019-03-25 12:06:00', 75.515, 75.48, 75.48, 75.515, 1330]
['2019-03-25 12:04:00', 75.43, 75.43, 75.43, 75.43, 1738]
['2019-03-25 12:02:00', 75.37, 75.37, 75.37, 75.37, 158]
['2019-03-25 12:01:00', 75.32, 75.34, 75.32, 75.34, 1959]
['2019-03-25 11:59:00', 75.36, 75.36, 75.36, 75.36, 654]
['2019-03-25 11:57:00', 75.4, 75.375, 75.375, 75.4, 2089]
['2019-03-25 11:56:00', 75.36, 75.42, 75.36, 75.42, 1906]
['2019-03-25 11:53:00', 75.34, 75.34, 75.34, 75.34, 430]
['2019-03-25 11:52:00', 75.27, 75.31, 75.27, 75.31, 1465]
['2019-03-25 11:51:00', 75.2, 75.2, 75.2, 75.2, 704]
['2019-03-25 11:50:00', 75.275, 75.275, 75.275, 75.275, 879]
['2019-03-25 11:48:00', 75.35, 75.35, 75.35, 75.35, 489]
['2019-03-25 11:47:00', 75.41, 75.41, 75.41, 75.41, 227]
['2019-03-25 11:45:00', 75.38, 75.38, 75.38, 75.38, 2334]
['2019-03-25 11:44:00', 75.43, 75.4, 75.4, 75.43, 2004]
['2019-03-25 11:43:00', 75.395, 75.395, 75.395, 75.395, 421]
['2019-03-25 11:41:00', 75.39, 75.39, 75.39, 75.39, 640]
['2019-03-25 11:40:00', 75.43, 75.43, 75.43, 75.43, 435]
['2019-03-25 11:39:00', 75.48, 75.48, 75.48, 75.48, 500]
['2019-03-25 11:36:00', 75.61, 75.61, 75.61, 75.61, 124]
['2019-03-25 11:34:00', 75.66, 75.66, 75.66, 75.66, 601]
['2019-03-25 11:32:00', 75.77, 75.77, 75.77, 75.77, 390]
['2019-03-25 11:31:00', 75.76, 75.76, 75.76, 75.76, 900]
['2019-03-25 11:30:00', 75.89, 75.89, 75.89, 75.89, 305]
['2019-03-25 11:28:00', 75.86, 75.86, 75.86, 75.86, 402]
['2019-03-25 11:27:00', 75.83, 75.83, 75.83, 75.83, 478]
['2019-03-25 11:26:00', 75.77, 75.77, 75.77, 75.77, 500]
['2019-03-25 11:25:00', 75.66, 75.695, 75.66, 75.695, 1750]
['2019-03-25 11:22:00', 75.68, 75.68, 75.68, 75.68, 891]
['2019-03-25 11:21:00', 75.62, 75.62, 75.62, 75.62, 474]
['2019-03-25 11:20:00', 75.53, 75.53, 75.53, 75.53, 706]
['2019-03-25 11:17:00', 75.55, 75.57, 75.55, 75.57, 585]
['2019-03-25 11:16:00', 75.51, 75.51, 75.51, 75.51, 558]
['2019-03-25 11:15:00', 75.42, 75.455, 75.42, 75.455, 1635]
['2019-03-25 11:14:00', 75.375, 75.375, 75.375, 75.375, 100]
['2019-03-25 11:12:00', 75.39, 75.39, 75.39, 75.39, 500]
['2019-03-25 11:11:00', 75.46, 75.46, 75.46, 75.46, 325]
['2019-03-25 11:09:00', 75.45, 75.45, 75.45, 75.45, 219]
['2019-03-25 11:08:00', 75.425, 75.425, 75.425, 75.425, 1117]
['2019-03-25 11:07:00', 75.4, 75.41, 75.4, 75.41, 1915]
['2019-03-25 11:06:00', 75.35, 75.35, 75.35, 75.35, 808]
['2019-03-25 11:02:00', 75.41, 75.385, 75.385, 75.41, 2188]
['2019-03-25 11:01:00', 75.4, 75.385, 75.385, 75.4, 2743]
['2019-03-25 11:00:00', 75.33, 75.36, 75.33, 75.36, 3047]
['2019-03-25 10:59:00', 75.335, 75.335, 75.335, 75.335, 214]
['2019-03-25 10:58:00', 75.39, 75.39, 75.39, 75.39, 1544]
['2019-03-25 10:56:00', 75.39, 75.39, 75.39, 75.39, 656]
['2019-03-25 10:54:00', 75.43, 75.43, 75.43, 75.43, 400]
['2019-03-25 10:53:00', 75.465, 75.465, 75.465, 75.465, 1193]
['2019-03-25 10:52:00', 75.42, 75.42, 75.42, 75.42, 928]
['2019-03-25 10:51:00', 75.34, 75.36, 75.34, 75.36, 1580]
['2019-03-25 10:49:00', 75.26, 75.3, 75.26, 75.3, 1436]
['2019-03-25 10:47:00', 75.29, 75.3, 75.29, 75.3, 1654]
['2019-03-25 10:44:00', 75.25, 75.28, 75.25, 75.28, 2174]
['2019-03-25 10:43:00', 75.25, 75.25, 75.25, 75.25, 487]
['2019-03-25 10:42:00', 75.29, 75.29, 75.29, 75.29, 1449]
['2019-03-25 10:40:00', 75.31, 75.33, 75.31, 75.33, 1307]
['2019-03-25 10:37:00', 75.33, 75.33, 75.33, 75.33, 468]
['2019-03-25 10:36:00', 75.31, 75.31, 75.31, 75.31, 1952]
['2019-03-25 10:35:00', 75.34, 75.34, 75.34, 75.34, 492]
['2019-03-25 10:33:00', 75.55, 75.55, 75.55, 75.55, 2566]
['2019-03-25 10:32:00', 75.45, 75.5, 75.45, 75.5, 2337]
['2019-03-25 10:30:00', 75.28, 75.38, 75.28, 75.38, 2189]
['2019-03-25 10:29:00', 75.24, 75.24, 75.24, 75.24, 491]
['2019-03-25 10:28:00', 75.225, 75.225, 75.225, 75.225, 716]
['2019-03-25 10:27:00', 75.16, 75.2, 75.16, 75.2, 2483]
['2019-03-25 10:26:00', 75.1, 75.115, 75.1, 75.115, 3092]
['2019-03-25 10:25:00', 75.06, 75.06, 75.06, 75.06, 1100]
['2019-03-25 10:24:00', 75.14, 75.12, 75.12, 75.14, 3548]
['2019-03-25 10:23:00', 75.09, 75.12, 75.09, 75.12, 4821]
['2019-03-25 10:22:00', 75.06, 75.0925, 75.041, 75.0925, 11632]
['2019-03-25 10:21:00', 75.015, 75.07, 75.015, 75.07, 3466]
['2019-03-25 10:20:00', 75.085, 75.09, 75.085, 75.09, 3225]
['2019-03-25 10:19:00', 75.15, 75.13, 75.13, 75.15, 3424]
['2019-03-25 10:18:00', 75.125, 75.13, 75.125, 75.13, 3606]
['2019-03-25 10:17:00', 75.17, 75.07, 75.07, 75.17, 6021]
['2019-03-25 10:16:00', 75.18, 75.23, 75.18, 75.23, 4148]
['2019-03-25 10:15:00', 75.155, 75.13, 75.12, 75.19, 10362]
['2019-03-25 10:14:00', 75.11, 75.19, 75.11, 75.19, 11832]
['2019-03-25 10:13:00', 75.14, 75.17, 75.13, 75.17, 3713]
['2019-03-25 10:12:00', 75.155, 75.19, 75.155, 75.19, 2098]
['2019-03-25 10:11:00', 75.085, 75.085, 75.085, 75.085, 870]
['2019-03-25 10:10:00', 75.21, 75.21, 75.21, 75.21, 2437]
['2019-03-25 10:09:00', 75.12, 75.16, 75.12, 75.16, 1584]
['2019-03-25 10:08:00', 75.16, 75.16, 75.16, 75.16, 1126]
['2019-03-25 10:07:00', 75.19, 75.21, 75.19, 75.21, 2617]
['2019-03-25 10:06:00', 75.27, 75.19, 75.19, 75.27, 3341]
['2019-03-25 10:05:00', 75.17, 75.24, 75.17, 75.24, 6831]
['2019-03-25 10:03:00', 75.198, 75.198, 75.198, 75.198, 862]
['2019-03-25 10:02:00', 75.26, 75.275, 75.26, 75.275, 2504]
['2019-03-25 10:01:00', 75.1748, 75.1748, 75.1748, 75.1748, 406]
['2019-03-25 09:59:00', 75.29, 75.29, 75.29, 75.29, 549]
['2019-03-25 09:58:00', 75.19, 75.2, 75.19, 75.2, 1878]
['2019-03-25 09:56:00', 75.13, 75.13, 75.13, 75.13, 1065]
['2019-03-25 09:55:00', 75.02, 75.02, 75.02, 75.02, 1130]
['2019-03-25 09:54:00', 75.16, 75.16, 75.16, 75.16, 1240]
['2019-03-25 09:53:00', 75.13, 75.13, 75.13, 75.13, 1335]
['2019-03-25 09:51:00', 75.05, 75.105, 75.035, 75.105, 1743]
['2019-03-25 09:48:00', 75.13, 75.13, 75.13, 75.13, 3188]
['2019-03-25 09:45:00', 75.37, 75.37, 75.37, 75.37, 180]
['2019-03-25 09:44:00', 75.3345, 75.3345, 75.3345, 75.3345, 314]
['2019-03-25 09:42:00', 75.33, 75.33, 75.33, 75.33, 541]
['2019-03-25 09:41:00', 75.26, 75.26, 75.26, 75.26, 485]
['2019-03-25 09:39:00', 75.31, 75.31, 75.31, 75.31, 1135]
['2019-03-25 09:37:00', 75.03, 75.03, 75.03, 75.03, 971]
['2019-03-25 09:34:00', 75.06, 75.06, 75.06, 75.06, 150]
['2019-03-25 09:31:00', 75.05, 75.05, 75.05, 75.05, 0]
