AYTU
['2019-03-29 15:59:00', 1.6734, 1.671, 1.671, 1.69, 7924]
['2019-03-29 15:58:00', 1.685, 1.681, 1.661, 1.685, 11806]
['2019-03-29 15:57:00', 1.69, 1.69, 1.69, 1.69, 0]
['2019-03-29 15:56:00', 1.69, 1.69, 1.69, 1.69, 200]
['2019-03-29 15:54:00', 1.6899, 1.69, 1.6899, 1.69, 441]
['2019-03-29 15:53:00', 1.6807, 1.6807, 1.6807, 1.6807, 1500]
['2019-03-29 15:52:00', 1.7, 1.7, 1.7, 1.7, 200]
['2019-03-29 15:51:00', 1.69, 1.685, 1.685, 1.7, 11219]
['2019-03-29 15:50:00', 1.67, 1.67, 1.67, 1.67, 100]
['2019-03-29 15:42:00', 1.6683, 1.6634, 1.6634, 1.6683, 4000]
['2019-03-29 15:39:00', 1.69, 1.68, 1.68, 1.695, 3115]
['2019-03-29 15:34:00', 1.6851, 1.6753, 1.6753, 1.6851, 1198]
['2019-03-29 15:33:00', 1.68, 1.68, 1.68, 1.68, 200]
['2019-03-29 15:31:00', 1.6837, 1.6837, 1.6837, 1.6837, 8766]
['2019-03-29 15:29:00', 1.6802, 1.6802, 1.6802, 1.6802, 2000]
['2019-03-29 15:28:00', 1.66, 1.66, 1.66, 1.66, 3893]
['2019-03-29 15:26:00', 1.655, 1.6567, 1.65, 1.66, 10000]
['2019-03-29 15:24:00', 1.654, 1.654, 1.654, 1.654, 6700]
['2019-03-29 15:23:00', 1.6599, 1.6599, 1.6599, 1.6599, 1000]
['2019-03-29 15:21:00', 1.6599, 1.6599, 1.6599, 1.6599, 495]
['2019-03-29 15:20:00', 1.6585, 1.6585, 1.6585, 1.6585, 6702]
['2019-03-29 15:19:00', 1.665, 1.654, 1.654, 1.665, 3328]
['2019-03-29 15:18:00', 1.68, 1.6618, 1.6618, 1.68, 7822]
['2019-03-29 15:17:00', 1.675, 1.68, 1.67, 1.68, 18212]
['2019-03-29 15:16:00', 1.6751, 1.6799, 1.6751, 1.6799, 3700]
['2019-03-29 15:14:00', 1.679, 1.68, 1.679, 1.68, 6500]
['2019-03-29 15:13:00', 1.6766, 1.6766, 1.6766, 1.6766, 500]
['2019-03-29 15:11:00', 1.6755, 1.6755, 1.6755, 1.6755, 1176]
['2019-03-29 15:10:00', 1.68, 1.6716, 1.67, 1.68, 10041]
['2019-03-29 15:09:00', 1.67, 1.6832, 1.67, 1.69, 749]
['2019-03-29 15:07:00', 1.675, 1.68, 1.675, 1.68, 400]
['2019-03-29 15:06:00', 1.68, 1.68, 1.68, 1.68, 191]
['2019-03-29 15:04:00', 1.66, 1.6734, 1.66, 1.6734, 1500]
['2019-03-29 15:03:00', 1.66, 1.66, 1.66, 1.66, 3000]
['2019-03-29 15:02:00', 1.66, 1.67, 1.66, 1.67, 225]
['2019-03-29 15:01:00', 1.65, 1.65, 1.65, 1.65, 894]
['2019-03-29 15:00:00', 1.6583, 1.6501, 1.6501, 1.6583, 500]
['2019-03-29 14:59:00', 1.6583, 1.6583, 1.6583, 1.6583, 2000]
['2019-03-29 14:56:00', 1.67, 1.651, 1.651, 1.67, 6012]
['2019-03-29 14:53:00', 1.69, 1.67, 1.67, 1.69, 5620]
['2019-03-29 14:51:00', 1.6884, 1.6884, 1.6884, 1.6884, 100]
['2019-03-29 14:41:00', 1.68, 1.68, 1.68, 1.68, 1000]
['2019-03-29 14:40:00', 1.6916, 1.6916, 1.6916, 1.6916, 100]
['2019-03-29 14:34:00', 1.7166, 1.7166, 1.7166, 1.7166, 561]
['2019-03-29 14:32:00', 1.705, 1.7025, 1.681, 1.705, 3700]
['2019-03-29 14:30:00', 1.705, 1.69, 1.69, 1.705, 2500]
['2019-03-29 14:22:00', 1.69, 1.69, 1.68, 1.69, 3321]
['2019-03-29 14:20:00', 1.71, 1.69, 1.69, 1.715, 5100]
['2019-03-29 14:17:00', 1.71, 1.71, 1.71, 1.71, 400]
['2019-03-29 14:16:00', 1.7205, 1.7205, 1.7205, 1.7205, 115]
['2019-03-29 14:14:00', 1.71, 1.71, 1.71, 1.71, 100]
['2019-03-29 14:06:00', 1.715, 1.71, 1.71, 1.72, 7519]
['2019-03-29 14:02:00', 1.72, 1.72, 1.72, 1.72, 301]
['2019-03-29 14:00:00', 1.7, 1.73, 1.7, 1.73, 10237]
['2019-03-29 13:59:00', 1.6977, 1.7, 1.6977, 1.7, 1200]
['2019-03-29 13:56:00', 1.6915, 1.7, 1.6915, 1.7, 600]
['2019-03-29 13:52:00', 1.6922, 1.7, 1.6922, 1.7, 258]
['2019-03-29 13:51:00', 1.7, 1.7, 1.7, 1.7, 1400]
['2019-03-29 13:50:00', 1.7, 1.7, 1.7, 1.7, 1355]
['2019-03-29 13:49:00', 1.692, 1.7, 1.692, 1.7, 5528]
['2019-03-29 13:48:00', 1.6964, 1.6964, 1.6964, 1.6964, 100]
['2019-03-29 13:42:00', 1.6948, 1.6948, 1.6948, 1.6948, 2000]
['2019-03-29 13:35:00', 1.69, 1.69, 1.69, 1.69, 112]
['2019-03-29 13:33:00', 1.69, 1.69, 1.69, 1.695, 13400]
['2019-03-29 13:32:00', 1.685, 1.69, 1.68, 1.69, 2300]
['2019-03-29 13:25:00', 1.6899, 1.69, 1.6899, 1.69, 1601]
['2019-03-29 13:23:00', 1.69, 1.69, 1.69, 1.69, 400]
['2019-03-29 13:22:00', 1.69, 1.6803, 1.6803, 1.69, 200]
['2019-03-29 13:17:00', 1.68, 1.7, 1.6734, 1.7, 10976]
['2019-03-29 13:16:00', 1.6929, 1.6929, 1.6929, 1.6929, 100]
['2019-03-29 13:15:00', 1.6878, 1.6878, 1.6878, 1.6878, 500]
['2019-03-29 13:08:00', 1.68, 1.6801, 1.68, 1.6801, 1534]
['2019-03-29 13:03:00', 1.68, 1.68, 1.68, 1.68, 264]
['2019-03-29 12:57:00', 1.68, 1.68, 1.68, 1.68, 362]
['2019-03-29 12:54:00', 1.6801, 1.6801, 1.6801, 1.6801, 1000]
['2019-03-29 12:52:00', 1.69, 1.68, 1.68, 1.69, 2200]
['2019-03-29 12:50:00', 1.6993, 1.695, 1.695, 1.7, 1115]
['2019-03-29 12:45:00', 1.69, 1.69, 1.69, 1.69, 103]
['2019-03-29 12:42:00', 1.6941, 1.7, 1.6941, 1.7, 750]
['2019-03-29 12:36:00', 1.69, 1.69, 1.69, 1.69, 201]
['2019-03-29 12:34:00', 1.6866, 1.7, 1.685, 1.7, 6879]
['2019-03-29 12:31:00', 1.6899, 1.6899, 1.6899, 1.6899, 350]
['2019-03-29 12:29:00', 1.69, 1.69, 1.69, 1.69, 200]
['2019-03-29 12:28:00', 1.7, 1.7, 1.7, 1.7, 593]
['2019-03-29 12:27:00', 1.67, 1.67, 1.67, 1.67, 200]
['2019-03-29 12:26:00', 1.6997, 1.6997, 1.6997, 1.6997, 100]
['2019-03-29 12:24:00', 1.6784, 1.67, 1.67, 1.6784, 1100]
['2019-03-29 12:22:00', 1.68, 1.68, 1.68, 1.68, 500]
['2019-03-29 12:18:00', 1.71, 1.67, 1.67, 1.71, 9065]
['2019-03-29 12:17:00', 1.7, 1.7, 1.7, 1.7, 100]
['2019-03-29 12:13:00', 1.69, 1.7, 1.69, 1.7, 1319]
['2019-03-29 12:11:00', 1.7272, 1.69, 1.69, 1.7272, 11300]
['2019-03-29 12:10:00', 1.73, 1.73, 1.73, 1.73, 200]
['2019-03-29 12:07:00', 1.7184, 1.73, 1.7184, 1.73, 400]
['2019-03-29 12:05:00', 1.73, 1.73, 1.73, 1.73, 120]
['2019-03-29 12:02:00', 1.7185, 1.7185, 1.7185, 1.7185, 564]
['2019-03-29 11:59:00', 1.72, 1.71, 1.71, 1.72, 200]
['2019-03-29 11:57:00', 1.7171, 1.7171, 1.7171, 1.7171, 117]
['2019-03-29 11:52:00', 1.7201, 1.7201, 1.7201, 1.7201, 2000]
['2019-03-29 11:49:00', 1.7251, 1.7251, 1.7251, 1.7251, 583]
['2019-03-29 11:48:00', 1.72, 1.72, 1.72, 1.72, 100]
['2019-03-29 11:47:00', 1.72, 1.71, 1.71, 1.7286, 5000]
['2019-03-29 11:45:00', 1.73, 1.73, 1.73, 1.73, 100]
['2019-03-29 11:43:00', 1.73, 1.73, 1.73, 1.73, 200]
['2019-03-29 11:41:00', 1.73, 1.73, 1.73, 1.73, 100]
['2019-03-29 11:40:00', 1.7101, 1.7101, 1.7101, 1.7101, 800]
['2019-03-29 11:39:00', 1.73, 1.73, 1.73, 1.73, 200]
['2019-03-29 11:38:00', 1.7186, 1.7186, 1.7186, 1.7186, 125]
['2019-03-29 11:37:00', 1.71, 1.73, 1.71, 1.73, 200]
['2019-03-29 11:35:00', 1.73, 1.73, 1.73, 1.73, 100]
['2019-03-29 11:34:00', 1.7109, 1.7109, 1.7109, 1.7109, 385]
['2019-03-29 11:33:00', 1.72, 1.72, 1.72, 1.72, 200]
['2019-03-29 11:32:00', 1.71, 1.71, 1.71, 1.71, 116]
['2019-03-29 11:31:00', 1.73, 1.73, 1.73, 1.73, 100]
['2019-03-29 11:29:00', 1.73, 1.73, 1.73, 1.73, 100]
['2019-03-29 11:27:00', 1.73, 1.73, 1.73, 1.73, 200]
['2019-03-29 11:25:00', 1.73, 1.73, 1.73, 1.73, 100]
['2019-03-29 11:23:00', 1.73, 1.73, 1.73, 1.73, 100]
['2019-03-29 11:21:00', 1.73, 1.73, 1.73, 1.73, 200]
['2019-03-29 11:19:00', 1.73, 1.73, 1.73, 1.73, 100]
['2019-03-29 11:18:00', 1.71, 1.71, 1.71, 1.71, 110]
['2019-03-29 11:17:00', 1.73, 1.73, 1.73, 1.73, 100]
['2019-03-29 11:15:00', 1.73, 1.73, 1.73, 1.73, 280]
['2019-03-29 11:14:00', 1.73, 1.73, 1.73, 1.73, 140]
['2019-03-29 11:12:00', 1.73, 1.73, 1.73, 1.73, 261]
['2019-03-29 11:10:00', 1.73, 1.73, 1.73, 1.73, 300]
['2019-03-29 11:09:00', 1.7001, 1.7167, 1.7001, 1.7167, 485]
['2019-03-29 11:07:00', 1.71, 1.71, 1.71, 1.71, 214]
['2019-03-29 11:06:00', 1.73, 1.73, 1.73, 1.73, 100]
['2019-03-29 11:03:00', 1.71, 1.725, 1.71, 1.725, 200]
['2019-03-29 11:02:00', 1.72, 1.73, 1.72, 1.73, 301]
['2019-03-29 10:58:00', 1.715, 1.715, 1.715, 1.72, 300]
['2019-03-29 10:55:00', 1.72, 1.71, 1.71, 1.7237, 7564]
['2019-03-29 10:46:00', 1.74, 1.73, 1.73, 1.74, 1735]
['2019-03-29 10:43:00', 1.73, 1.7387, 1.7299, 1.7387, 10002]
['2019-03-29 10:41:00', 1.72, 1.725, 1.72, 1.725, 600]
['2019-03-29 10:40:00', 1.72, 1.72, 1.72, 1.725, 5380]
['2019-03-29 10:37:00', 1.7079, 1.73, 1.7079, 1.73, 4400]
['2019-03-29 10:30:00', 1.7038, 1.73, 1.7038, 1.73, 629]
['2019-03-29 10:29:00', 1.7, 1.73, 1.7, 1.73, 10250]
['2019-03-29 10:27:00', 1.71, 1.71, 1.71, 1.71, 1500]
['2019-03-29 10:26:00', 1.7, 1.7, 1.7, 1.7, 200]
['2019-03-29 10:19:00', 1.7012, 1.7012, 1.7012, 1.7012, 1000]
['2019-03-29 10:18:00', 1.7085, 1.7085, 1.7085, 1.7085, 300]
['2019-03-29 10:17:00', 1.7161, 1.7161, 1.7161, 1.7161, 401]
['2019-03-29 10:16:00', 1.7254, 1.7063, 1.7063, 1.7254, 1100]
['2019-03-29 10:15:00', 1.71, 1.71, 1.71, 1.71, 101]
['2019-03-29 10:14:00', 1.7034, 1.7034, 1.7034, 1.7034, 100]
['2019-03-29 10:13:00', 1.7085, 1.7085, 1.7085, 1.7085, 500]
['2019-03-29 10:12:00', 1.72, 1.72, 1.72, 1.73, 10600]
['2019-03-29 10:08:00', 1.7256, 1.7256, 1.7256, 1.7256, 1593]
['2019-03-29 10:07:00', 1.73, 1.73, 1.73, 1.73, 1703]
['2019-03-29 10:05:00', 1.72, 1.72, 1.72, 1.72, 201]
['2019-03-29 10:04:00', 1.72, 1.72, 1.72, 1.72, 200]
['2019-03-29 10:03:00', 1.74, 1.7399, 1.721, 1.74, 9320]
['2019-03-29 10:02:00', 1.7314, 1.7314, 1.7314, 1.7314, 200]
['2019-03-29 10:00:00', 1.7379, 1.7379, 1.7379, 1.7379, 300]
['2019-03-29 09:58:00', 1.7125, 1.7125, 1.7125, 1.7125, 357]
['2019-03-29 09:53:00', 1.72, 1.72, 1.72, 1.72, 2548]
['2019-03-29 09:51:00', 1.714, 1.714, 1.714, 1.714, 130]
['2019-03-29 09:48:00', 1.7, 1.7, 1.7, 1.7, 105]
['2019-03-29 09:44:00', 1.7071, 1.7071, 1.7071, 1.7071, 120]
['2019-03-29 09:43:00', 1.7085, 1.7085, 1.7085, 1.7085, 445]
['2019-03-29 09:42:00', 1.7085, 1.7085, 1.7085, 1.7085, 440]
['2019-03-29 09:39:00', 1.7007, 1.7007, 1.7007, 1.7007, 125]
['2019-03-29 09:38:00', 1.7199, 1.7199, 1.7199, 1.7199, 500]
['2019-03-29 09:37:00', 1.712, 1.712, 1.712, 1.712, 115]
['2019-03-29 09:36:00', 1.68, 1.68, 1.68, 1.68, 224]
['2019-03-29 09:35:00', 1.7, 1.7, 1.7, 1.7, 2000]
['2019-03-29 09:34:00', 1.71, 1.71, 1.71, 1.71, 567]
['2019-03-29 09:31:00', 1.73, 1.71, 1.7, 1.73, 5650]
['2019-03-28 16:00:00', 1.7, 1.7, 1.7, 1.71, 751]
['2019-03-28 15:59:00', 1.7, 1.7069, 1.7, 1.7069, 699]
['2019-03-28 15:57:00', 1.7297, 1.7, 1.7, 1.73, 5765]
['2019-03-28 15:56:00', 1.7, 1.7242, 1.7, 1.7242, 392]
['2019-03-28 15:54:00', 1.7, 1.7142, 1.7, 1.7142, 390]
['2019-03-28 15:53:00', 1.72, 1.72, 1.72, 1.72, 100]
['2019-03-28 15:52:00', 1.72, 1.72, 1.72, 1.72, 2104]
['2019-03-28 15:50:00', 1.7001, 1.7, 1.7, 1.7001, 204]
['2019-03-28 15:48:00', 1.7, 1.71, 1.7, 1.71, 275]
['2019-03-28 15:47:00', 1.7001, 1.73, 1.7001, 1.73, 1400]
['2019-03-28 15:45:00', 1.71, 1.71, 1.71, 1.71, 112]
['2019-03-28 15:42:00', 1.72, 1.72, 1.7115, 1.72, 1900]
['2019-03-28 15:41:00', 1.71, 1.71, 1.71, 1.71, 100]
['2019-03-28 15:40:00', 1.7104, 1.72, 1.7104, 1.72, 1100]
['2019-03-28 15:32:00', 1.71, 1.72, 1.71, 1.72, 400]
['2019-03-28 15:31:00', 1.71, 1.7, 1.7, 1.715, 1375]
['2019-03-28 15:28:00', 1.7, 1.7, 1.7, 1.7, 100]
['2019-03-28 15:27:00', 1.7, 1.7, 1.7, 1.7, 105]
['2019-03-28 15:22:00', 1.7, 1.7, 1.7, 1.7, 102]
['2019-03-28 15:21:00', 1.7, 1.71, 1.7, 1.71, 700]
['2019-03-28 15:18:00', 1.7, 1.7, 1.7, 1.7, 100]
['2019-03-28 15:16:00', 1.7, 1.7, 1.7, 1.7, 100]
['2019-03-28 15:11:00', 1.7, 1.7, 1.7, 1.7, 201]
['2019-03-28 15:06:00', 1.7, 1.7, 1.7, 1.7, 100]
['2019-03-28 15:02:00', 1.7259, 1.7259, 1.7259, 1.7259, 1500]
['2019-03-28 14:57:00', 1.7, 1.7, 1.7, 1.7, 122]
['2019-03-28 14:56:00', 1.7299, 1.7299, 1.7299, 1.7299, 100]
['2019-03-28 14:55:00', 1.71, 1.71, 1.71, 1.71, 600]
['2019-03-28 14:54:00', 1.7186, 1.7186, 1.7186, 1.7186, 100]
['2019-03-28 14:45:00', 1.7, 1.7, 1.7, 1.7, 175]
['2019-03-28 14:44:00', 1.7, 1.707, 1.7, 1.707, 336]
['2019-03-28 14:40:00', 1.72, 1.71, 1.7, 1.72, 6977]
['2019-03-28 14:29:00', 1.72, 1.72, 1.72, 1.72, 180]
['2019-03-28 14:26:00', 1.73, 1.73, 1.73, 1.73, 200]
['2019-03-28 14:22:00', 1.734, 1.73, 1.73, 1.74, 3200]
['2019-03-28 14:21:00', 1.73, 1.73, 1.73, 1.74, 3100]
['2019-03-28 14:17:00', 1.73, 1.74, 1.7233, 1.74, 2250]
['2019-03-28 14:16:00', 1.7298, 1.73, 1.7298, 1.73, 1300]
['2019-03-28 14:08:00', 1.73, 1.73, 1.72, 1.73, 2558]
['2019-03-28 14:06:00', 1.735, 1.735, 1.735, 1.735, 195]
['2019-03-28 14:05:00', 1.73, 1.73, 1.73, 1.73, 100]
['2019-03-28 14:04:00', 1.73, 1.735, 1.73, 1.74, 1100]
['2019-03-28 14:01:00', 1.73, 1.73, 1.73, 1.73, 200]
['2019-03-28 13:57:00', 1.72, 1.72, 1.72, 1.72, 280]
['2019-03-28 13:52:00', 1.7399, 1.7399, 1.7399, 1.7399, 250]
['2019-03-28 13:50:00', 1.74, 1.74, 1.74, 1.74, 1526]
['2019-03-28 13:47:00', 1.7252, 1.7252, 1.7252, 1.7252, 1000]
['2019-03-28 13:44:00', 1.72, 1.72, 1.72, 1.72, 200]
['2019-03-28 13:42:00', 1.72, 1.73, 1.72, 1.73, 300]
['2019-03-28 13:41:00', 1.745, 1.74, 1.74, 1.745, 2558]
['2019-03-28 13:39:00', 1.74, 1.74, 1.74, 1.74, 100]
['2019-03-28 13:36:00', 1.74, 1.74, 1.74, 1.74, 100]
['2019-03-28 13:34:00', 1.74, 1.74, 1.74, 1.74, 500]
['2019-03-28 13:32:00', 1.7587, 1.7587, 1.7587, 1.7587, 800]
['2019-03-28 13:27:00', 1.7138, 1.7138, 1.7138, 1.7138, 103]
['2019-03-28 13:19:00', 1.74, 1.74, 1.74, 1.74, 200]
['2019-03-28 13:14:00', 1.73, 1.73, 1.73, 1.73, 205]
['2019-03-28 13:04:00', 1.7433, 1.7433, 1.7433, 1.7433, 3017]
['2019-03-28 12:59:00', 1.7531, 1.7531, 1.7531, 1.7531, 100]
['2019-03-28 12:55:00', 1.76, 1.76, 1.76, 1.76, 4326]
['2019-03-28 12:52:00', 1.77, 1.77, 1.77, 1.77, 500]
['2019-03-28 12:50:00', 1.7531, 1.7531, 1.7531, 1.7531, 151]
['2019-03-28 12:49:00', 1.7564, 1.7564, 1.7564, 1.7564, 700]
['2019-03-28 12:47:00', 1.74, 1.7599, 1.74, 1.7599, 476]
['2019-03-28 12:46:00', 1.75, 1.74, 1.73, 1.75, 4824]
['2019-03-28 12:43:00', 1.73, 1.73, 1.73, 1.73, 1600]
['2019-03-28 12:42:00', 1.71, 1.71, 1.71, 1.71, 100]
['2019-03-28 12:36:00', 1.7, 1.7001, 1.7, 1.7001, 1413]
['2019-03-28 12:20:00', 1.6891, 1.6891, 1.6891, 1.6891, 3603]
['2019-03-28 12:18:00', 1.6819, 1.6819, 1.6819, 1.6819, 760]
['2019-03-28 12:16:00', 1.68, 1.6811, 1.68, 1.6811, 570]
['2019-03-28 12:14:00', 1.71, 1.705, 1.7, 1.71, 2408]
['2019-03-28 12:11:00', 1.725, 1.72, 1.71, 1.725, 3035]
['2019-03-28 12:08:00', 1.7214, 1.7214, 1.7214, 1.7214, 102]
['2019-03-28 12:03:00', 1.725, 1.7359, 1.725, 1.7359, 3118]
['2019-03-28 12:02:00', 1.72, 1.72, 1.72, 1.72, 500]
['2019-03-28 11:55:00', 1.7354, 1.7354, 1.7354, 1.7354, 1032]
['2019-03-28 11:51:00', 1.71, 1.7, 1.7, 1.71, 1100]
['2019-03-28 11:48:00', 1.7452, 1.7452, 1.7452, 1.7452, 501]
['2019-03-28 11:47:00', 1.7438, 1.7438, 1.7438, 1.7438, 3400]
['2019-03-28 11:44:00', 1.75, 1.75, 1.75, 1.75, 4628]
['2019-03-28 11:43:00', 1.73, 1.73, 1.73, 1.73, 1059]
['2019-03-28 11:38:00', 1.73, 1.74, 1.73, 1.74, 519]
['2019-03-28 11:37:00', 1.74, 1.74, 1.74, 1.74, 2075]
['2019-03-28 11:35:00', 1.745, 1.74, 1.74, 1.745, 325]
['2019-03-28 11:33:00', 1.78, 1.75, 1.75, 1.78, 10349]
['2019-03-28 11:28:00', 1.7896, 1.7896, 1.7896, 1.7896, 904]
['2019-03-28 11:26:00', 1.77, 1.77, 1.77, 1.77, 202]
['2019-03-28 11:24:00', 1.7846, 1.7846, 1.7846, 1.7846, 1004]
['2019-03-28 11:23:00', 1.78, 1.78, 1.78, 1.78, 1200]
['2019-03-28 11:22:00', 1.77, 1.77, 1.77, 1.77, 100]
['2019-03-28 11:21:00', 1.7757, 1.7757, 1.7757, 1.7757, 105]
['2019-03-28 11:19:00', 1.77, 1.77, 1.77, 1.77, 450]
['2019-03-28 11:18:00', 1.7825, 1.77, 1.77, 1.7825, 600]
['2019-03-28 11:17:00', 1.78, 1.78, 1.78, 1.78, 300]
['2019-03-28 11:15:00', 1.7747, 1.7747, 1.7747, 1.7747, 500]
['2019-03-28 11:12:00', 1.7796, 1.7796, 1.7796, 1.7796, 715]
['2019-03-28 11:11:00', 1.78, 1.77, 1.77, 1.78, 3400]
['2019-03-28 11:10:00', 1.7722, 1.78, 1.7722, 1.78, 4156]
['2019-03-28 11:09:00', 1.7744, 1.77, 1.77, 1.7744, 280]
['2019-03-28 11:07:00', 1.75, 1.76, 1.75, 1.77, 2855]
['2019-03-28 11:06:00', 1.73, 1.7424, 1.73, 1.7424, 3500]
['2019-03-28 11:05:00', 1.74, 1.73, 1.73, 1.7427, 1314]
['2019-03-28 11:04:00', 1.75, 1.7501, 1.75, 1.7501, 1168]
['2019-03-28 11:03:00', 1.75, 1.75, 1.75, 1.75, 1768]
['2019-03-28 11:02:00', 1.77, 1.7785, 1.77, 1.7785, 2700]
['2019-03-28 11:01:00', 1.77, 1.77, 1.77, 1.77, 661]
['2019-03-28 11:00:00', 1.77, 1.77, 1.77, 1.77, 201]
['2019-03-28 10:59:00', 1.78, 1.7758, 1.77, 1.785, 8810]
['2019-03-28 10:58:00', 1.7811, 1.7867, 1.78, 1.7867, 1640]
['2019-03-28 10:57:00', 1.78, 1.7899, 1.78, 1.7899, 2500]
['2019-03-28 10:56:00', 1.77, 1.77, 1.77, 1.77, 100]
['2019-03-28 10:55:00', 1.79, 1.7739, 1.77, 1.8, 5260]
['2019-03-28 10:54:00', 1.78, 1.79, 1.78, 1.794, 2200]
['2019-03-28 10:53:00', 1.79, 1.7999, 1.79, 1.805, 11261]
['2019-03-28 10:52:00', 1.79, 1.79, 1.79, 1.79, 254]
['2019-03-28 10:51:00', 1.79, 1.79, 1.79, 1.801, 1700]
['2019-03-28 10:49:00', 1.7917, 1.7917, 1.79, 1.7917, 3495]
['2019-03-28 10:48:00', 1.7889, 1.7836, 1.7836, 1.7889, 3136]
['2019-03-28 10:47:00', 1.7845, 1.7845, 1.7845, 1.7845, 100]
['2019-03-28 10:46:00', 1.7962, 1.79, 1.79, 1.7962, 200]
['2019-03-28 10:44:00', 1.803, 1.8053, 1.8, 1.8053, 18157]
['2019-03-28 10:43:00', 1.81, 1.8, 1.8, 1.83, 5660]
['2019-03-28 10:42:00', 1.825, 1.81, 1.81, 1.83, 3142]
['2019-03-28 10:41:00', 1.81, 1.82, 1.8, 1.84, 12108]
['2019-03-28 10:40:00', 1.79, 1.7978, 1.79, 1.8002, 24176]
['2019-03-28 10:39:00', 1.78, 1.77, 1.77, 1.78, 9200]
['2019-03-28 10:38:00', 1.7731, 1.7731, 1.7731, 1.7731, 562]
['2019-03-28 10:37:00', 1.7799, 1.7799, 1.7799, 1.7799, 1525]
['2019-03-28 10:36:00', 1.77, 1.7712, 1.77, 1.78, 11088]
['2019-03-28 10:35:00', 1.77, 1.766, 1.766, 1.77, 11924]
['2019-03-28 10:34:00', 1.76, 1.7618, 1.76, 1.7618, 1069]
['2019-03-28 10:32:00', 1.7626, 1.7618, 1.7618, 1.77, 5395]
['2019-03-28 10:31:00', 1.76, 1.75, 1.75, 1.76, 5000]
['2019-03-28 10:30:00', 1.76, 1.76, 1.76, 1.76, 200]
['2019-03-28 10:29:00', 1.755, 1.76, 1.75, 1.76, 5432]
['2019-03-28 10:28:00', 1.74, 1.7526, 1.74, 1.7526, 7900]
['2019-03-28 10:27:00', 1.7613, 1.7613, 1.7613, 1.7613, 1019]
['2019-03-28 10:26:00', 1.74, 1.7475, 1.74, 1.7475, 10600]
['2019-03-28 10:25:00', 1.74, 1.7391, 1.7391, 1.74, 8009]
['2019-03-28 10:24:00', 1.7257, 1.7257, 1.7257, 1.7257, 3000]
['2019-03-28 10:23:00', 1.74, 1.7354, 1.7287, 1.74, 4415]
['2019-03-28 10:22:00', 1.73, 1.74, 1.72, 1.74, 3300]
['2019-03-28 10:21:00', 1.7221, 1.7295, 1.7221, 1.7295, 574]
['2019-03-28 10:19:00', 1.7, 1.7, 1.7, 1.7, 2991]
['2019-03-28 10:08:00', 1.7, 1.7, 1.7, 1.7, 275]
['2019-03-28 10:07:00', 1.6992, 1.7, 1.6992, 1.7, 1863]
['2019-03-28 10:06:00', 1.6884, 1.6884, 1.6884, 1.6884, 250]
['2019-03-28 10:03:00', 1.6801, 1.6801, 1.6801, 1.6801, 180]
['2019-03-28 10:00:00', 1.7, 1.7, 1.7, 1.7, 742]
['2019-03-28 09:59:00', 1.687, 1.69, 1.687, 1.69, 2300]
['2019-03-28 09:57:00', 1.6845, 1.7, 1.6845, 1.7, 6120]
['2019-03-28 09:55:00', 1.7, 1.7, 1.7, 1.7, 1210]
['2019-03-28 09:54:00', 1.7, 1.7, 1.6999, 1.72, 3029]
['2019-03-28 09:53:00', 1.68, 1.6916, 1.68, 1.6916, 3750]
['2019-03-28 09:52:00', 1.682, 1.682, 1.682, 1.682, 500]
['2019-03-28 09:51:00', 1.6717, 1.6816, 1.6717, 1.6816, 2305]
['2019-03-28 09:50:00', 1.6765, 1.6795, 1.6765, 1.6795, 450]
['2019-03-28 09:46:00', 1.6569, 1.6569, 1.6569, 1.6569, 4705]
['2019-03-28 09:43:00', 1.6503, 1.6503, 1.6503, 1.6503, 1020]
['2019-03-28 09:42:00', 1.65, 1.65, 1.65, 1.65, 170]
['2019-03-28 09:40:00', 1.6657, 1.6657, 1.6657, 1.6657, 300]
['2019-03-28 09:38:00', 1.6401, 1.6401, 1.6401, 1.6401, 109]
['2019-03-28 09:35:00', 1.64, 1.6368, 1.63, 1.64, 1161]
['2019-03-28 09:34:00', 1.6482, 1.6482, 1.6482, 1.6482, 300]
['2019-03-28 09:32:00', 1.651, 1.6599, 1.64, 1.6599, 5663]
['2019-03-28 09:31:00', 1.68, 1.68, 1.68, 1.68, 10481]
['2019-03-27 16:00:00', 1.69, 1.6999, 1.69, 1.7, 1450]
['2019-03-27 15:58:00', 1.689, 1.69, 1.689, 1.69, 4633]
['2019-03-27 15:57:00', 1.68, 1.68, 1.68, 1.68, 104]
['2019-03-27 15:56:00', 1.6999, 1.69, 1.69, 1.6999, 9327]
['2019-03-27 15:55:00', 1.69, 1.696, 1.68, 1.696, 5321]
['2019-03-27 15:54:00', 1.69, 1.7, 1.69, 1.7, 1021]
['2019-03-27 15:53:00', 1.6948, 1.69, 1.69, 1.6948, 2300]
['2019-03-27 15:52:00', 1.6913, 1.69, 1.69, 1.695, 3999]
['2019-03-27 15:50:00', 1.6901, 1.6901, 1.6901, 1.6901, 1500]
['2019-03-27 15:49:00', 1.6999, 1.699, 1.699, 1.6999, 3515]
['2019-03-27 15:48:00', 1.69, 1.695, 1.69, 1.695, 381]
['2019-03-27 15:47:00', 1.69, 1.6888, 1.6888, 1.69, 4125]
['2019-03-27 15:44:00', 1.6816, 1.6899, 1.6816, 1.6899, 545]
['2019-03-27 15:41:00', 1.67, 1.67, 1.67, 1.67, 142]
['2019-03-27 15:39:00', 1.675, 1.6732, 1.67, 1.6783, 7028]
['2019-03-27 15:38:00', 1.67, 1.67, 1.67, 1.67, 4318]
['2019-03-27 15:37:00', 1.67, 1.6617, 1.6617, 1.67, 600]
['2019-03-27 15:35:00', 1.67, 1.67, 1.67, 1.67, 882]
['2019-03-27 15:34:00', 1.65, 1.69, 1.65, 1.69, 12516]
['2019-03-27 15:33:00', 1.64, 1.64, 1.64, 1.64, 100]
['2019-03-27 15:32:00', 1.645, 1.645, 1.645, 1.645, 100]
['2019-03-27 15:30:00', 1.64, 1.64, 1.64, 1.64, 103]
['2019-03-27 15:26:00', 1.63, 1.63, 1.63, 1.63, 100]
['2019-03-27 15:24:00', 1.65, 1.65, 1.65, 1.65, 500]
['2019-03-27 15:19:00', 1.63, 1.63, 1.63, 1.63, 125]
['2019-03-27 15:17:00', 1.63, 1.63, 1.63, 1.63, 125]
['2019-03-27 15:16:00', 1.63, 1.63, 1.63, 1.63, 150]
['2019-03-27 15:14:00', 1.6365, 1.6365, 1.6365, 1.6365, 600]
['2019-03-27 15:12:00', 1.63, 1.63, 1.63, 1.63, 100]
['2019-03-27 15:00:00', 1.645, 1.64, 1.64, 1.645, 1180]
['2019-03-27 14:59:00', 1.64, 1.64, 1.64, 1.645, 3000]
['2019-03-27 14:56:00', 1.64, 1.64, 1.64, 1.64, 2225]
['2019-03-27 14:53:00', 1.63, 1.63, 1.63, 1.63, 100]
['2019-03-27 14:51:00', 1.6315, 1.63, 1.63, 1.6315, 226]
['2019-03-27 14:48:00', 1.63, 1.63, 1.63, 1.63, 303]
['2019-03-27 14:47:00', 1.6437, 1.6437, 1.6437, 1.6437, 229]
['2019-03-27 14:42:00', 1.6301, 1.6301, 1.6301, 1.6301, 529]
['2019-03-27 14:40:00', 1.63, 1.6454, 1.63, 1.6454, 3711]
['2019-03-27 14:38:00', 1.6499, 1.6499, 1.6499, 1.6499, 2506]
['2019-03-27 14:37:00', 1.63, 1.63, 1.63, 1.63, 1500]
['2019-03-27 14:36:00', 1.63, 1.63, 1.63, 1.63, 100]
['2019-03-27 14:35:00', 1.63, 1.63, 1.63, 1.63, 100]
['2019-03-27 14:34:00', 1.63, 1.63, 1.63, 1.63, 100]
['2019-03-27 14:32:00', 1.63, 1.63, 1.63, 1.63, 200]
['2019-03-27 14:23:00', 1.63, 1.63, 1.63, 1.63, 104]
['2019-03-27 14:20:00', 1.63, 1.63, 1.63, 1.63, 540]
['2019-03-27 14:19:00', 1.6454, 1.6454, 1.6454, 1.6454, 241]
['2019-03-27 14:17:00', 1.63, 1.63, 1.63, 1.63, 100]
['2019-03-27 14:16:00', 1.65, 1.65, 1.6352, 1.65, 4900]
['2019-03-27 14:15:00', 1.6388, 1.6388, 1.6388, 1.6388, 500]
['2019-03-27 14:12:00', 1.62, 1.63, 1.62, 1.63, 4200]
['2019-03-27 14:09:00', 1.63, 1.63, 1.63, 1.63, 202]
['2019-03-27 14:07:00', 1.64, 1.6418, 1.636, 1.6418, 6100]
['2019-03-27 14:06:00', 1.6321, 1.6321, 1.6321, 1.6321, 2000]
['2019-03-27 14:03:00', 1.625, 1.625, 1.625, 1.625, 100]
['2019-03-27 14:01:00', 1.63, 1.63, 1.63, 1.63, 100]
['2019-03-27 13:57:00', 1.63, 1.63, 1.63, 1.63, 125]
['2019-03-27 13:53:00', 1.63, 1.63, 1.63, 1.63, 201]
['2019-03-27 13:52:00', 1.6306, 1.6306, 1.6306, 1.6306, 546]
['2019-03-27 13:51:00', 1.6357, 1.6357, 1.6357, 1.6357, 5025]
['2019-03-27 13:50:00', 1.63, 1.63, 1.63, 1.63, 200]
['2019-03-27 13:49:00', 1.64, 1.64, 1.64, 1.64, 600]
['2019-03-27 13:48:00', 1.63, 1.63, 1.63, 1.63, 100]
['2019-03-27 13:42:00', 1.64, 1.6338, 1.63, 1.64, 1743]
['2019-03-27 13:36:00', 1.6195, 1.63, 1.6195, 1.63, 7124]
['2019-03-27 13:35:00', 1.61, 1.61, 1.61, 1.61, 200]
['2019-03-27 13:34:00', 1.61, 1.6185, 1.61, 1.6185, 1200]
['2019-03-27 13:33:00', 1.61, 1.61, 1.61, 1.61, 100]
['2019-03-27 13:32:00', 1.605, 1.605, 1.605, 1.605, 100]
['2019-03-27 13:30:00', 1.6, 1.6, 1.6, 1.6, 100]
['2019-03-27 13:29:00', 1.6, 1.6, 1.6, 1.6, 100]
['2019-03-27 13:27:00', 1.6152, 1.619, 1.6152, 1.619, 3502]
['2019-03-27 13:25:00', 1.6168, 1.6168, 1.6168, 1.6168, 275]
['2019-03-27 13:24:00', 1.61, 1.6, 1.6, 1.61, 238]
['2019-03-27 13:21:00', 1.6126, 1.6, 1.6, 1.6126, 1267]
['2019-03-27 13:20:00', 1.6, 1.6, 1.6, 1.6, 200]
['2019-03-27 13:19:00', 1.61, 1.61, 1.61, 1.61, 800]
['2019-03-27 13:17:00', 1.6043, 1.6043, 1.6043, 1.6043, 1000]
['2019-03-27 13:16:00', 1.6, 1.6043, 1.6, 1.6043, 1160]
['2019-03-27 13:13:00', 1.61, 1.61, 1.61, 1.61, 600]
['2019-03-27 13:12:00', 1.6, 1.6, 1.6, 1.6, 3124]
['2019-03-27 13:11:00', 1.6, 1.6, 1.6, 1.6, 200]
['2019-03-27 13:09:00', 1.602, 1.602, 1.602, 1.602, 191]
['2019-03-27 13:08:00', 1.605, 1.605, 1.605, 1.605, 102]
['2019-03-27 13:07:00', 1.6, 1.6, 1.6, 1.6, 5397]
['2019-03-27 13:00:00', 1.61, 1.61, 1.61, 1.61, 778]
['2019-03-27 12:58:00', 1.61, 1.61, 1.61, 1.61, 100]
['2019-03-27 12:57:00', 1.61, 1.61, 1.61, 1.61, 100]
['2019-03-27 12:53:00', 1.61, 1.61, 1.61, 1.61, 1510]
['2019-03-27 12:50:00', 1.6, 1.6, 1.6, 1.6, 103]
['2019-03-27 12:48:00', 1.61, 1.6085, 1.6085, 1.61, 800]
['2019-03-27 12:46:00', 1.605, 1.605, 1.605, 1.605, 100]
['2019-03-27 12:41:00', 1.6, 1.6, 1.6, 1.6, 310]
['2019-03-27 12:37:00', 1.6, 1.6, 1.6, 1.6, 100]
['2019-03-27 12:36:00', 1.6199, 1.61, 1.61, 1.6199, 800]
['2019-03-27 12:35:00', 1.6085, 1.6085, 1.6085, 1.6085, 1300]
['2019-03-27 12:34:00', 1.6154, 1.6, 1.6, 1.6154, 200]
['2019-03-27 12:33:00', 1.6, 1.6, 1.6, 1.6, 100]
['2019-03-27 12:32:00', 1.6, 1.6, 1.6, 1.6, 100]
['2019-03-27 12:29:00', 1.6, 1.6, 1.6, 1.6, 100]
['2019-03-27 12:27:00', 1.6, 1.6, 1.6, 1.6, 100]
['2019-03-27 12:26:00', 1.61, 1.6, 1.6, 1.61, 258]
['2019-03-27 12:23:00', 1.6, 1.6, 1.6, 1.6, 100]
['2019-03-27 12:21:00', 1.6, 1.6, 1.6, 1.6, 100]
['2019-03-27 12:19:00', 1.6, 1.6, 1.6, 1.6, 200]
['2019-03-27 12:17:00', 1.6, 1.6, 1.6, 1.6, 127]
['2019-03-27 12:15:00', 1.6, 1.6, 1.6, 1.6, 2700]
['2019-03-27 12:10:00', 1.6, 1.6, 1.6, 1.6, 1950]
['2019-03-27 12:08:00', 1.6, 1.6, 1.6, 1.6, 116]
['2019-03-27 12:07:00', 1.6, 1.6, 1.6, 1.6, 200]
['2019-03-27 12:06:00', 1.6, 1.6, 1.6, 1.6, 100]
['2019-03-27 11:59:00', 1.6, 1.6, 1.6, 1.6, 100]
['2019-03-27 11:58:00', 1.605, 1.605, 1.605, 1.605, 100]
['2019-03-27 11:56:00', 1.6, 1.6001, 1.6, 1.605, 2107]
['2019-03-27 11:52:00', 1.5943, 1.5932, 1.5932, 1.5943, 4212]
['2019-03-27 11:48:00', 1.6069, 1.598, 1.598, 1.6069, 850]
['2019-03-27 11:46:00', 1.6, 1.6, 1.6, 1.6, 199]
['2019-03-27 11:44:00', 1.615, 1.615, 1.615, 1.615, 2001]
['2019-03-27 11:40:00', 1.6, 1.6, 1.6, 1.6, 338]
['2019-03-27 11:39:00', 1.6001, 1.6001, 1.6001, 1.6001, 1000]
['2019-03-27 11:37:00', 1.608, 1.608, 1.608, 1.608, 200]
['2019-03-27 11:35:00', 1.6, 1.6, 1.6, 1.6, 100]
['2019-03-27 11:34:00', 1.629, 1.627, 1.627, 1.629, 1001]
['2019-03-27 11:28:00', 1.62, 1.62, 1.61, 1.62, 2369]
['2019-03-27 11:25:00', 1.61, 1.61, 1.61, 1.61, 290]
['2019-03-27 11:23:00', 1.6181, 1.6181, 1.6181, 1.6181, 360]
['2019-03-27 11:22:00', 1.6127, 1.6127, 1.6127, 1.6127, 301]
['2019-03-27 11:21:00', 1.61, 1.62, 1.61, 1.6334, 7419]
['2019-03-27 11:19:00', 1.61, 1.61, 1.61, 1.61, 100]
['2019-03-27 11:18:00', 1.628, 1.628, 1.628, 1.628, 3000]
['2019-03-27 11:13:00', 1.61, 1.61, 1.61, 1.61, 100]
['2019-03-27 11:12:00', 1.61, 1.61, 1.61, 1.61, 100]
['2019-03-27 11:11:00', 1.61, 1.61, 1.6097, 1.63, 6483]
['2019-03-27 11:10:00', 1.6093, 1.605, 1.605, 1.6093, 5200]
['2019-03-27 11:07:00', 1.605, 1.605, 1.605, 1.605, 222]
['2019-03-27 11:04:00', 1.6061, 1.6061, 1.6061, 1.6061, 200]
['2019-03-27 11:03:00', 1.6, 1.6, 1.6, 1.6, 165]
['2019-03-27 11:01:00', 1.6074, 1.6074, 1.6074, 1.6074, 2104]
['2019-03-27 11:00:00', 1.6115, 1.6115, 1.6115, 1.6115, 300]
['2019-03-27 10:57:00', 1.6032, 1.6, 1.6, 1.6032, 402]
['2019-03-27 10:56:00', 1.6, 1.6, 1.6, 1.6027, 800]
['2019-03-27 10:55:00', 1.608, 1.608, 1.608, 1.608, 425]
['2019-03-27 10:51:00', 1.6028, 1.6028, 1.6028, 1.6028, 769]
['2019-03-27 10:49:00', 1.6, 1.6, 1.6, 1.6, 111]
['2019-03-27 10:48:00', 1.622, 1.622, 1.622, 1.622, 400]
['2019-03-27 10:45:00', 1.6272, 1.6272, 1.6272, 1.6272, 240]
['2019-03-27 10:44:00', 1.62, 1.62, 1.62, 1.62, 286]
['2019-03-27 10:43:00', 1.639, 1.64, 1.634, 1.64, 2500]
['2019-03-27 10:42:00', 1.62, 1.6306, 1.62, 1.6306, 325]
['2019-03-27 10:40:00', 1.62, 1.62, 1.62, 1.63, 4274]
['2019-03-27 10:38:00', 1.62, 1.62, 1.62, 1.62, 621]
['2019-03-27 10:34:00', 1.6, 1.6, 1.6, 1.6, 140]
['2019-03-27 10:33:00', 1.62, 1.62, 1.62, 1.62, 900]
['2019-03-27 10:31:00', 1.6331, 1.62, 1.62, 1.6331, 2255]
['2019-03-27 10:30:00', 1.6331, 1.6331, 1.6331, 1.6331, 101]
['2019-03-27 10:28:00', 1.623, 1.623, 1.623, 1.623, 1780]
['2019-03-27 10:27:00', 1.6318, 1.6238, 1.6238, 1.6318, 2396]
['2019-03-27 10:26:00', 1.6027, 1.65, 1.6027, 1.65, 5100]
['2019-03-27 10:25:00', 1.6499, 1.623, 1.623, 1.6499, 487]
['2019-03-27 10:23:00', 1.6421, 1.6421, 1.6421, 1.6421, 316]
['2019-03-27 10:16:00', 1.5732, 1.66, 1.5732, 1.66, 14467]
['2019-03-27 10:14:00', 1.579, 1.579, 1.579, 1.579, 1001]
['2019-03-27 10:13:00', 1.58, 1.58, 1.58, 1.58, 200]
['2019-03-27 10:12:00', 1.56, 1.56, 1.56, 1.56, 20667]
['2019-03-27 10:11:00', 1.55, 1.55, 1.55, 1.55, 500]
['2019-03-27 10:10:00', 1.56, 1.55, 1.55, 1.56, 600]
['2019-03-27 10:09:00', 1.5599, 1.5599, 1.5599, 1.5599, 511]
['2019-03-27 10:08:00', 1.5515, 1.5515, 1.5515, 1.5515, 1033]
['2019-03-27 10:07:00', 1.58, 1.56, 1.56, 1.58, 13089]
['2019-03-27 10:06:00', 1.56, 1.56, 1.56, 1.56, 1000]
['2019-03-27 10:05:00', 1.55, 1.56, 1.55, 1.5754, 1248]
['2019-03-27 10:04:00', 1.551, 1.5622, 1.551, 1.5622, 2252]
['2019-03-27 10:03:00', 1.56, 1.55, 1.55, 1.56, 755]
['2019-03-27 10:02:00', 1.5752, 1.57, 1.57, 1.58, 6015]
['2019-03-27 10:01:00', 1.58, 1.5799, 1.5799, 1.58, 5068]
['2019-03-27 10:00:00', 1.588, 1.588, 1.588, 1.588, 5042]
['2019-03-27 09:59:00', 1.569, 1.57, 1.569, 1.57, 9201]
['2019-03-27 09:58:00', 1.57, 1.56, 1.56, 1.57, 1549]
['2019-03-27 09:57:00', 1.57, 1.5699, 1.56, 1.57, 10750]
['2019-03-27 09:56:00', 1.5805, 1.561, 1.56, 1.5829, 22967]
['2019-03-27 09:55:00', 1.5758, 1.5701, 1.5701, 1.5758, 4213]
['2019-03-27 09:53:00', 1.6, 1.6, 1.6, 1.6, 3552]
['2019-03-27 09:52:00', 1.61, 1.61, 1.61, 1.6102, 9602]
['2019-03-27 09:51:00', 1.6171, 1.6171, 1.6171, 1.6171, 290]
['2019-03-27 09:50:00', 1.6308, 1.6308, 1.6308, 1.6308, 307]
['2019-03-27 09:49:00', 1.66, 1.61, 1.61, 1.66, 29744]
['2019-03-27 09:48:00', 1.68, 1.68, 1.68, 1.68, 499]
['2019-03-27 09:47:00', 1.67, 1.6627, 1.6627, 1.67, 700]
['2019-03-27 09:45:00', 1.6702, 1.6702, 1.6702, 1.6702, 182]
['2019-03-27 09:43:00', 1.6774, 1.66, 1.66, 1.6774, 1598]
['2019-03-27 09:41:00', 1.6732, 1.6732, 1.6732, 1.6732, 502]
['2019-03-27 09:40:00', 1.6717, 1.67, 1.67, 1.6717, 3167]
['2019-03-27 09:39:00', 1.66, 1.66, 1.66, 1.66, 505]
['2019-03-27 09:38:00', 1.68, 1.665, 1.665, 1.68, 1370]
['2019-03-27 09:37:00', 1.699, 1.68, 1.68, 1.699, 509]
['2019-03-27 09:36:00', 1.69, 1.69, 1.69, 1.69, 1200]
['2019-03-27 09:35:00', 1.66, 1.67, 1.66, 1.67, 509]
['2019-03-27 09:34:00', 1.6993, 1.6801, 1.6801, 1.6993, 519]
['2019-03-27 09:33:00', 1.72, 1.6896, 1.6896, 1.72, 3506]
['2019-03-27 09:32:00', 1.69, 1.7087, 1.6897, 1.7189, 6861]
['2019-03-27 09:31:00', 1.68, 1.6799, 1.6646, 1.68, 40798]
['2019-03-26 15:59:00', 1.637, 1.637, 1.637, 1.637, 2460]
['2019-03-26 15:58:00', 1.63, 1.63, 1.63, 1.63, 1800]
['2019-03-26 15:57:00', 1.6223, 1.6223, 1.6223, 1.6223, 3000]
['2019-03-26 15:56:00', 1.6147, 1.6147, 1.6147, 1.6147, 775]
['2019-03-26 15:54:00', 1.62, 1.62, 1.62, 1.62, 3045]
['2019-03-26 15:53:00', 1.62, 1.62, 1.62, 1.62, 1441]
['2019-03-26 15:42:00', 1.6102, 1.6102, 1.6102, 1.6102, 1204]
['2019-03-26 15:33:00', 1.6187, 1.6187, 1.6187, 1.6187, 311]
['2019-03-26 15:29:00', 1.62, 1.62, 1.62, 1.62, 660]
['2019-03-26 15:28:00', 1.6146, 1.6146, 1.6146, 1.6146, 3746]
['2019-03-26 15:23:00', 1.61, 1.61, 1.61, 1.61, 2509]
['2019-03-26 15:18:00', 1.6277, 1.6277, 1.6277, 1.6277, 280]
['2019-03-26 15:14:00', 1.624, 1.624, 1.624, 1.624, 473]
['2019-03-26 15:12:00', 1.6354, 1.6354, 1.6354, 1.6354, 737]
['2019-03-26 15:10:00', 1.63, 1.63, 1.63, 1.63, 1800]
['2019-03-26 15:08:00', 1.6165, 1.6165, 1.6165, 1.6165, 1293]
['2019-03-26 14:59:00', 1.6184, 1.6184, 1.6184, 1.6184, 100]
['2019-03-26 14:53:00', 1.63, 1.63, 1.63, 1.63, 5800]
['2019-03-26 14:50:00', 1.6199, 1.6199, 1.6199, 1.6199, 505]
['2019-03-26 14:44:00', 1.6226, 1.6226, 1.6226, 1.6226, 265]
['2019-03-26 14:37:00', 1.6308, 1.6308, 1.6308, 1.6308, 416]
['2019-03-26 14:34:00', 1.63, 1.63, 1.63, 1.63, 100]
['2019-03-26 14:30:00', 1.6239, 1.6239, 1.6239, 1.6239, 10026]
['2019-03-26 14:25:00', 1.6399, 1.6399, 1.6399, 1.6399, 500]
['2019-03-26 14:16:00', 1.635, 1.635, 1.635, 1.635, 600]
['2019-03-26 14:11:00', 1.629, 1.629, 1.629, 1.629, 5056]
['2019-03-26 14:09:00', 1.6269, 1.6269, 1.6269, 1.6269, 250]
['2019-03-26 14:03:00', 1.6299, 1.6299, 1.6299, 1.6299, 1001]
['2019-03-26 13:50:00', 1.6199, 1.62, 1.6199, 1.62, 1147]
['2019-03-26 13:45:00', 1.6101, 1.6101, 1.6101, 1.6101, 2014]
['2019-03-26 13:44:00', 1.615, 1.615, 1.615, 1.615, 125]
['2019-03-26 13:41:00', 1.6101, 1.6101, 1.6101, 1.6101, 2500]
['2019-03-26 13:28:00', 1.6199, 1.6199, 1.6199, 1.6199, 732]
['2019-03-26 13:20:00', 1.6135, 1.6106, 1.6106, 1.6135, 1652]
['2019-03-26 13:18:00', 1.6149, 1.6149, 1.6149, 1.6149, 870]
['2019-03-26 13:14:00', 1.6199, 1.6199, 1.6199, 1.6199, 4183]
['2019-03-26 13:13:00', 1.6199, 1.6199, 1.6199, 1.6199, 3297]
['2019-03-26 13:11:00', 1.61, 1.61, 1.61, 1.61, 1000]
['2019-03-26 13:10:00', 1.6101, 1.6101, 1.6101, 1.6101, 1876]
['2019-03-26 13:07:00', 1.6199, 1.6199, 1.6199, 1.6199, 250]
['2019-03-26 13:01:00', 1.6133, 1.6133, 1.6133, 1.6133, 2525]
['2019-03-26 12:47:00', 1.6171, 1.6171, 1.6171, 1.6171, 3092]
['2019-03-26 12:45:00', 1.6196, 1.6196, 1.6196, 1.6196, 205]
['2019-03-26 12:44:00', 1.6135, 1.6135, 1.6135, 1.6135, 1852]
['2019-03-26 12:33:00', 1.61, 1.61, 1.61, 1.61, 110]
['2019-03-26 12:26:00', 1.62, 1.62, 1.62, 1.62, 765]
['2019-03-26 12:25:00', 1.6182, 1.6182, 1.6182, 1.6182, 246]
['2019-03-26 12:13:00', 1.6399, 1.6399, 1.6399, 1.6399, 5293]
['2019-03-26 12:08:00', 1.6501, 1.61, 1.61, 1.6501, 14990]
['2019-03-26 12:02:00', 1.6501, 1.6501, 1.6501, 1.6501, 112]
['2019-03-26 12:01:00', 1.6583, 1.6583, 1.6583, 1.6583, 4300]
['2019-03-26 11:56:00', 1.65, 1.65, 1.65, 1.65, 1250]
['2019-03-26 11:55:00', 1.6342, 1.6342, 1.6342, 1.6342, 1200]
['2019-03-26 11:41:00', 1.6275, 1.6275, 1.6275, 1.6275, 227]
['2019-03-26 11:39:00', 1.64, 1.64, 1.64, 1.64, 3717]
['2019-03-26 11:32:00', 1.6509, 1.6509, 1.6509, 1.6509, 294]
['2019-03-26 11:29:00', 1.6599, 1.6599, 1.6599, 1.6599, 3600]
['2019-03-26 11:27:00', 1.6403, 1.6403, 1.6403, 1.6403, 1001]
['2019-03-26 11:24:00', 1.6447, 1.6447, 1.6447, 1.6447, 480]
['2019-03-26 11:21:00', 1.6401, 1.6401, 1.6401, 1.6401, 5060]
['2019-03-26 11:20:00', 1.6519, 1.6519, 1.6519, 1.6519, 250]
['2019-03-26 11:18:00', 1.6649, 1.6649, 1.6649, 1.6649, 1000]
['2019-03-26 11:16:00', 1.6685, 1.6685, 1.6685, 1.6685, 654]
['2019-03-26 11:13:00', 1.6533, 1.6533, 1.6533, 1.6533, 251]
['2019-03-26 11:05:00', 1.67, 1.67, 1.67, 1.67, 300]
['2019-03-26 11:03:00', 1.6683, 1.6683, 1.6683, 1.6683, 913]
['2019-03-26 10:59:00', 1.6554, 1.6554, 1.6554, 1.6554, 1132]
['2019-03-26 10:53:00', 1.6584, 1.6584, 1.6584, 1.6584, 2200]
['2019-03-26 10:52:00', 1.66, 1.66, 1.66, 1.66, 1400]
['2019-03-26 10:51:00', 1.65, 1.65, 1.65, 1.65, 1000]
['2019-03-26 10:46:00', 1.6399, 1.63, 1.63, 1.6399, 4976]
['2019-03-26 10:39:00', 1.6, 1.6, 1.6, 1.6, 417]
['2019-03-26 10:37:00', 1.602, 1.602, 1.602, 1.602, 5640]
['2019-03-26 10:33:00', 1.605, 1.605, 1.605, 1.605, 1196]
['2019-03-26 10:32:00', 1.61, 1.61, 1.61, 1.61, 5000]
['2019-03-26 10:25:00', 1.6001, 1.6001, 1.6001, 1.6001, 7915]
['2019-03-26 10:21:00', 1.6107, 1.6107, 1.6107, 1.6107, 2651]
['2019-03-26 10:18:00', 1.61, 1.61, 1.61, 1.61, 1386]
['2019-03-26 10:15:00', 1.62, 1.62, 1.62, 1.62, 100]
['2019-03-26 10:14:00', 1.6281, 1.6281, 1.6281, 1.6281, 100]
['2019-03-26 10:13:00', 1.6265, 1.6265, 1.6265, 1.6265, 2408]
['2019-03-26 10:10:00', 1.6399, 1.6399, 1.6399, 1.6399, 5502]
['2019-03-26 10:09:00', 1.62, 1.62, 1.62, 1.62, 2107]
['2019-03-26 10:05:00', 1.62, 1.62, 1.62, 1.62, 220]
['2019-03-26 10:01:00', 1.624, 1.624, 1.624, 1.624, 900]
['2019-03-26 09:57:00', 1.6321, 1.6321, 1.6321, 1.6321, 2021]
['2019-03-26 09:56:00', 1.6496, 1.6496, 1.6496, 1.6496, 1000]
['2019-03-26 09:54:00', 1.6359, 1.6359, 1.6359, 1.6359, 5210]
['2019-03-26 09:52:00', 1.629, 1.629, 1.629, 1.629, 7565]
['2019-03-26 09:49:00', 1.61, 1.61, 1.61, 1.61, 2322]
['2019-03-26 09:48:00', 1.63, 1.63, 1.63, 1.63, 230]
['2019-03-26 09:45:00', 1.6142, 1.6142, 1.6142, 1.6142, 1133]
['2019-03-26 09:43:00', 1.62, 1.62, 1.62, 1.62, 3953]
['2019-03-26 09:42:00', 1.6181, 1.6181, 1.6181, 1.6181, 4585]
['2019-03-26 09:41:00', 1.6101, 1.6101, 1.6101, 1.6101, 1551]
['2019-03-26 09:37:00', 1.627, 1.627, 1.627, 1.627, 700]
['2019-03-26 09:35:00', 1.636, 1.636, 1.636, 1.636, 6099]
['2019-03-26 09:32:00', 1.65, 1.65, 1.65, 1.65, 15105]
['2019-03-25 16:00:00', 1.58, 1.6, 1.58, 1.6, 12862]
['2019-03-25 15:59:00', 1.5978, 1.5978, 1.5978, 1.5978, 3979]
['2019-03-25 15:57:00', 1.5867, 1.5867, 1.5867, 1.5867, 500]
['2019-03-25 15:56:00', 1.59, 1.5825, 1.5825, 1.59, 1703]
['2019-03-25 15:55:00', 1.59, 1.59, 1.59, 1.59, 2297]
['2019-03-25 15:53:00', 1.6, 1.6, 1.6, 1.6, 650]
['2019-03-25 15:52:00', 1.58, 1.58, 1.58, 1.58, 5800]
['2019-03-25 15:51:00', 1.58, 1.58, 1.58, 1.58, 246]
['2019-03-25 15:50:00', 1.58, 1.58, 1.58, 1.58, 3605]
['2019-03-25 15:48:00', 1.5754, 1.5754, 1.5754, 1.5754, 1830]
['2019-03-25 15:47:00', 1.5768, 1.5768, 1.5768, 1.5768, 724]
['2019-03-25 15:46:00', 1.55, 1.55, 1.55, 1.55, 4890]
['2019-03-25 15:44:00', 1.59, 1.5418, 1.5418, 1.59, 22943]
['2019-03-25 15:43:00', 1.61, 1.61, 1.61, 1.61, 2500]
['2019-03-25 15:42:00', 1.61, 1.61, 1.61, 1.61, 130]
['2019-03-25 15:40:00', 1.6099, 1.6099, 1.6099, 1.6099, 100]
['2019-03-25 15:38:00', 1.6133, 1.6133, 1.6133, 1.6133, 1105]
['2019-03-25 15:29:00', 1.6285, 1.6285, 1.6285, 1.6285, 101]
['2019-03-25 15:27:00', 1.59, 1.6, 1.59, 1.6, 12001]
['2019-03-25 15:26:00', 1.6382, 1.6, 1.6, 1.6382, 18765]
['2019-03-25 15:20:00', 1.63, 1.6323, 1.63, 1.6323, 352]
['2019-03-25 15:18:00', 1.6392, 1.6392, 1.6392, 1.6392, 300]
['2019-03-25 15:17:00', 1.64, 1.64, 1.64, 1.64, 2600]
['2019-03-25 15:15:00', 1.64, 1.64, 1.64, 1.64, 829]
['2019-03-25 15:14:00', 1.6424, 1.6424, 1.6424, 1.6424, 150]
['2019-03-25 15:10:00', 1.66, 1.66, 1.66, 1.66, 5322]
['2019-03-25 15:08:00', 1.6317, 1.6317, 1.6317, 1.6317, 4422]
['2019-03-25 15:03:00', 1.63, 1.62, 1.62, 1.63, 1830]
['2019-03-25 15:02:00', 1.62, 1.61, 1.61, 1.62, 13398]
['2019-03-25 15:00:00', 1.66, 1.66, 1.66, 1.66, 2100]
['2019-03-25 14:53:00', 1.65, 1.65, 1.65, 1.65, 203]
['2019-03-25 14:43:00', 1.6515, 1.65, 1.65, 1.6515, 893]
['2019-03-25 14:37:00', 1.66, 1.66, 1.66, 1.66, 110]
['2019-03-25 14:36:00', 1.6581, 1.6581, 1.6581, 1.6581, 2280]
['2019-03-25 14:33:00', 1.6599, 1.6599, 1.6599, 1.6599, 500]
['2019-03-25 14:14:00', 1.66, 1.6512, 1.6512, 1.66, 1359]
['2019-03-25 14:10:00', 1.65, 1.66, 1.65, 1.66, 6691]
['2019-03-25 14:05:00', 1.663, 1.663, 1.663, 1.663, 2427]
['2019-03-25 14:03:00', 1.6609, 1.6609, 1.6609, 1.6609, 500]
['2019-03-25 14:00:00', 1.66, 1.66, 1.66, 1.66, 1000]
['2019-03-25 13:58:00', 1.6635, 1.6635, 1.6635, 1.6635, 250]
['2019-03-25 13:42:00', 1.66, 1.66, 1.66, 1.66, 343]
['2019-03-25 13:41:00', 1.685, 1.685, 1.685, 1.685, 500]
['2019-03-25 13:37:00', 1.69, 1.69, 1.69, 1.69, 3081]
['2019-03-25 13:35:00', 1.69, 1.69, 1.69, 1.69, 270]
['2019-03-25 13:34:00', 1.69, 1.69, 1.69, 1.69, 100]
['2019-03-25 13:29:00', 1.69, 1.69, 1.69, 1.69, 2500]
['2019-03-25 13:19:00', 1.69, 1.69, 1.69, 1.69, 408]
['2019-03-25 13:17:00', 1.69, 1.69, 1.69, 1.69, 1600]
['2019-03-25 13:15:00', 1.68, 1.68, 1.68, 1.68, 800]
['2019-03-25 13:09:00', 1.68, 1.68, 1.68, 1.68, 450]
['2019-03-25 13:07:00', 1.69, 1.69, 1.69, 1.69, 720]
['2019-03-25 13:01:00', 1.6765, 1.6765, 1.6765, 1.6765, 500]
['2019-03-25 12:56:00', 1.6699, 1.6699, 1.6699, 1.6699, 2019]
['2019-03-25 12:52:00', 1.69, 1.69, 1.69, 1.69, 100]
['2019-03-25 12:48:00', 1.69, 1.69, 1.69, 1.69, 102]
['2019-03-25 12:46:00', 1.69, 1.69, 1.69, 1.69, 107]
['2019-03-25 12:45:00', 1.69, 1.69, 1.69, 1.69, 1661]
['2019-03-25 12:41:00', 1.67, 1.67, 1.67, 1.67, 348]
['2019-03-25 12:39:00', 1.6656, 1.6656, 1.6656, 1.6656, 384]
['2019-03-25 12:37:00', 1.67, 1.67, 1.67, 1.67, 106]
['2019-03-25 12:33:00', 1.6599, 1.6599, 1.6599, 1.6599, 100]
['2019-03-25 12:29:00', 1.6593, 1.6593, 1.6593, 1.6593, 256]
['2019-03-25 12:26:00', 1.65, 1.65, 1.65, 1.65, 1006]
['2019-03-25 12:24:00', 1.66, 1.66, 1.66, 1.66, 100]
['2019-03-25 12:20:00', 1.6699, 1.6699, 1.6699, 1.6699, 388]
['2019-03-25 12:19:00', 1.66, 1.66, 1.66, 1.66, 1525]
['2019-03-25 12:16:00', 1.6599, 1.6599, 1.6599, 1.6599, 1115]
['2019-03-25 12:15:00', 1.66, 1.66, 1.66, 1.66, 10299]
['2019-03-25 12:14:00', 1.68, 1.67, 1.67, 1.68, 7168]
['2019-03-25 12:09:00', 1.6899, 1.68, 1.68, 1.6899, 1655]
['2019-03-25 11:56:00', 1.6804, 1.6804, 1.6804, 1.6804, 1601]
['2019-03-25 11:50:00', 1.7, 1.7, 1.7, 1.7, 2958]
['2019-03-25 11:47:00', 1.6925, 1.6925, 1.6925, 1.6925, 301]
['2019-03-25 11:45:00', 1.69, 1.69, 1.69, 1.69, 2000]
['2019-03-25 11:39:00', 1.71, 1.71, 1.71, 1.71, 2846]
['2019-03-25 11:37:00', 1.7399, 1.7399, 1.7399, 1.7399, 143]
['2019-03-25 11:36:00', 1.74, 1.74, 1.74, 1.74, 252]
['2019-03-25 11:33:00', 1.7, 1.7, 1.7, 1.7, 300]
['2019-03-25 11:28:00', 1.6975, 1.71, 1.6975, 1.71, 5665]
['2019-03-25 11:27:00', 1.6999, 1.6999, 1.6999, 1.6999, 1699]
['2019-03-25 11:23:00', 1.6801, 1.6801, 1.6801, 1.6801, 1005]
['2019-03-25 11:21:00', 1.6875, 1.6875, 1.6875, 1.6875, 3230]
['2019-03-25 11:17:00', 1.7, 1.7, 1.7, 1.7, 204]
['2019-03-25 11:15:00', 1.6958, 1.6958, 1.6958, 1.6958, 240]
['2019-03-25 11:13:00', 1.6847, 1.6847, 1.6847, 1.6847, 624]
['2019-03-25 11:12:00', 1.7, 1.7, 1.7, 1.7, 400]
['2019-03-25 11:07:00', 1.6765, 1.6765, 1.6765, 1.6765, 3271]
['2019-03-25 11:05:00', 1.6501, 1.6501, 1.6501, 1.6501, 3900]
['2019-03-25 11:03:00', 1.6588, 1.6588, 1.6588, 1.6588, 237]
['2019-03-25 11:02:00', 1.6584, 1.6584, 1.6584, 1.6584, 3771]
['2019-03-25 11:01:00', 1.65, 1.65, 1.65, 1.65, 18686]
['2019-03-25 11:00:00', 1.62, 1.62, 1.62, 1.62, 16440]
['2019-03-25 10:56:00', 1.617, 1.62, 1.617, 1.62, 11224]
['2019-03-25 10:54:00', 1.62, 1.62, 1.62, 1.62, 1318]
['2019-03-25 10:53:00', 1.62, 1.62, 1.62, 1.62, 12204]
['2019-03-25 10:52:00', 1.62, 1.62, 1.62, 1.62, 2676]
['2019-03-25 10:51:00', 1.6094, 1.6094, 1.6094, 1.6094, 794]
['2019-03-25 10:49:00', 1.6001, 1.6001, 1.6001, 1.6001, 7196]
['2019-03-25 10:48:00', 1.6, 1.6, 1.6, 1.6, 12290]
['2019-03-25 10:46:00', 1.6, 1.6, 1.6, 1.6, 5900]
['2019-03-25 10:44:00', 1.6, 1.6, 1.6, 1.6, 7700]
['2019-03-25 10:43:00', 1.592, 1.592, 1.592, 1.592, 850]
['2019-03-25 10:42:00', 1.5999, 1.5999, 1.5999, 1.5999, 200]
['2019-03-25 10:40:00', 1.5914, 1.5914, 1.5914, 1.5914, 3770]
['2019-03-25 10:39:00', 1.5924, 1.5924, 1.5924, 1.5924, 1540]
['2019-03-25 10:38:00', 1.5929, 1.5929, 1.5929, 1.5929, 2190]
['2019-03-25 10:36:00', 1.5965, 1.5965, 1.5965, 1.5965, 1486]
['2019-03-25 10:34:00', 1.5987, 1.597, 1.597, 1.5987, 12309]
['2019-03-25 10:32:00', 1.5977, 1.5977, 1.5977, 1.5977, 4501]
['2019-03-25 10:29:00', 1.5995, 1.5995, 1.5995, 1.5995, 5991]
['2019-03-25 10:28:00', 1.599, 1.5787, 1.5787, 1.599, 39451]
['2019-03-25 10:25:00', 1.6, 1.6, 1.6, 1.6, 13314]
['2019-03-25 10:24:00', 1.59, 1.59, 1.59, 1.59, 3050]
['2019-03-25 10:22:00', 1.6121, 1.6, 1.6, 1.6121, 8350]
['2019-03-25 10:19:00', 1.6149, 1.6001, 1.6001, 1.6149, 20024]
['2019-03-25 10:17:00', 1.63, 1.63, 1.63, 1.63, 18538]
['2019-03-25 10:13:00', 1.6405, 1.6405, 1.6405, 1.6405, 10890]
['2019-03-25 10:12:00', 1.6401, 1.6401, 1.6401, 1.6401, 7565]
['2019-03-25 10:10:00', 1.6401, 1.6401, 1.6401, 1.6401, 4137]
['2019-03-25 10:08:00', 1.65, 1.65, 1.65, 1.65, 8218]
['2019-03-25 10:07:00', 1.6417, 1.6417, 1.6417, 1.6417, 462]
['2019-03-25 10:03:00', 1.642, 1.642, 1.642, 1.642, 4635]
['2019-03-25 10:01:00', 1.6401, 1.6401, 1.6401, 1.6401, 4553]
['2019-03-25 10:00:00', 1.6499, 1.6499, 1.6499, 1.6499, 11100]
['2019-03-25 09:59:00', 1.66, 1.66, 1.66, 1.66, 1128]
['2019-03-25 09:56:00', 1.6601, 1.6601, 1.6601, 1.6601, 3594]
['2019-03-25 09:55:00', 1.64, 1.64, 1.64, 1.64, 19407]
['2019-03-25 09:54:00', 1.6699, 1.6699, 1.6699, 1.6699, 3525]
['2019-03-25 09:53:00', 1.6677, 1.6677, 1.6677, 1.6677, 2083]
['2019-03-25 09:50:00', 1.64, 1.6556, 1.64, 1.6556, 11947]
['2019-03-25 09:49:00', 1.6301, 1.6301, 1.6301, 1.6301, 2817]
['2019-03-25 09:48:00', 1.6375, 1.6375, 1.6375, 1.6375, 4260]
['2019-03-25 09:47:00', 1.65, 1.65, 1.65, 1.65, 8060]
['2019-03-25 09:45:00', 1.6035, 1.6, 1.6, 1.6035, 31639]
['2019-03-25 09:44:00', 1.63, 1.6, 1.6, 1.63, 15875]
['2019-03-25 09:43:00', 1.68, 1.68, 1.68, 1.68, 606]
['2019-03-25 09:42:00', 1.6836, 1.6836, 1.6836, 1.6836, 2414]
['2019-03-25 09:40:00', 1.6768, 1.6768, 1.6768, 1.6768, 1170]
['2019-03-25 09:39:00', 1.7105, 1.66, 1.66, 1.7105, 31983]
['2019-03-25 09:38:00', 1.75, 1.72, 1.72, 1.75, 18216]
['2019-03-25 09:37:00', 1.7792, 1.7792, 1.7792, 1.7792, 6471]
['2019-03-25 09:35:00', 1.79, 1.79, 1.79, 1.79, 472]
['2019-03-25 09:34:00', 1.8, 1.8, 1.8, 1.8, 400]
['2019-03-25 09:32:00', 1.7901, 1.7901, 1.7901, 1.7901, 1363]
['2019-03-25 09:31:00', 1.8, 1.79, 1.79, 1.8, 20275]
