ATSG
['2019-03-29 16:00:00', 23.06, 23.05, 23.03, 23.06, 29242]
['2019-03-29 15:59:00', 23.06, 23.05, 23.05, 23.06, 6693]
['2019-03-29 15:58:00', 23.06, 23.055, 23.05, 23.06, 7106]
['2019-03-29 15:57:00', 23.07, 23.055, 23.05, 23.07, 2877]
['2019-03-29 15:56:00', 23.06, 23.07, 23.055, 23.07, 3746]
['2019-03-29 15:55:00', 23.08, 23.06, 23.06, 23.08, 1841]
['2019-03-29 15:54:00', 23.07, 23.08, 23.07, 23.1, 6642]
['2019-03-29 15:53:00', 23.06, 23.08, 23.06, 23.08, 3033]
['2019-03-29 15:52:00', 23.07, 23.065, 23.055, 23.07, 1206]
['2019-03-29 15:51:00', 23.07, 23.06, 23.04, 23.075, 3866]
['2019-03-29 15:50:00', 23.06, 23.0778, 23.06, 23.08, 2631]
['2019-03-29 15:49:00', 23.11, 23.05, 23.05, 23.11, 3150]
['2019-03-29 15:48:00', 23.11, 23.12, 23.11, 23.12, 400]
['2019-03-29 15:47:00', 23.15, 23.11, 23.1, 23.15, 3752]
['2019-03-29 15:46:00', 23.09, 23.15, 23.09, 23.15, 3200]
['2019-03-29 15:45:00', 23.085, 23.085, 23.085, 23.09, 1159]
['2019-03-29 15:44:00', 23.075, 23.085, 23.075, 23.09, 2492]
['2019-03-29 15:43:00', 23.08, 23.075, 23.06, 23.085, 3414]
['2019-03-29 15:42:00', 23.045, 23.08, 23.045, 23.09, 3420]
['2019-03-29 15:41:00', 23.04, 23.045, 23.04, 23.045, 1009]
['2019-03-29 15:40:00', 23.045, 23.05, 23.03, 23.06, 2814]
['2019-03-29 15:39:00', 23.07, 23.0597, 23.0597, 23.075, 3282]
['2019-03-29 15:38:00', 23.07, 23.075, 23.06, 23.075, 2256]
['2019-03-29 15:37:00', 23.04, 23.07, 23.04, 23.1, 3049]
['2019-03-29 15:36:00', 23.085, 23.06, 23.05, 23.1, 3091]
['2019-03-29 15:35:00', 23.08, 23.085, 23.08, 23.1, 2586]
['2019-03-29 15:34:00', 23.06, 23.08, 23.03, 23.09, 30992]
['2019-03-29 15:33:00', 23.08, 23.065, 23.045, 23.08, 4104]
['2019-03-29 15:32:00', 23.07, 23.07, 23.03, 23.08, 6840]
['2019-03-29 15:31:00', 23.07, 23.07, 23.07, 23.075, 500]
['2019-03-29 15:30:00', 23.08, 23.07, 23.06, 23.08, 1157]
['2019-03-29 15:29:00', 23.09, 23.08, 23.06, 23.09, 4435]
['2019-03-29 15:28:00', 23.095, 23.095, 23.095, 23.095, 400]
['2019-03-29 15:27:00', 23.08, 23.095, 23.08, 23.095, 1398]
['2019-03-29 15:26:00', 23.04, 23.09, 23.03, 23.1, 7082]
['2019-03-29 15:25:00', 23.03, 23.045, 23.02, 23.05, 4956]
['2019-03-29 15:24:00', 23.02, 23.04, 23.01, 23.05, 6913]
['2019-03-29 15:23:00', 23.02, 23.02, 23.0, 23.05, 4821]
['2019-03-29 15:22:00', 23.035, 23.03, 23.03, 23.04, 400]
['2019-03-29 15:21:00', 23.04, 23.04, 23.03, 23.05, 3787]
['2019-03-29 15:20:00', 23.04, 23.045, 23.04, 23.05, 1053]
['2019-03-29 15:19:00', 23.05, 23.045, 23.045, 23.05, 900]
['2019-03-29 15:18:00', 23.065, 23.045, 23.0425, 23.065, 3322]
['2019-03-29 15:17:00', 23.05, 23.065, 23.05, 23.08, 1295]
['2019-03-29 15:16:00', 23.04, 23.05, 23.04, 23.05, 1200]
['2019-03-29 15:15:00', 23.04, 23.05, 23.04, 23.05, 300]
['2019-03-29 15:14:00', 23.045, 23.05, 23.03, 23.05, 600]
['2019-03-29 15:13:00', 23.0348, 23.04, 23.03, 23.05, 3376]
['2019-03-29 15:12:00', 23.04, 23.03, 23.03, 23.06, 5531]
['2019-03-29 15:11:00', 23.04, 23.04, 23.04, 23.04, 700]
['2019-03-29 15:10:00', 23.02, 23.04, 23.02, 23.04, 576]
['2019-03-29 15:09:00', 23.0022, 23.01, 23.0022, 23.01, 607]
['2019-03-29 15:08:00', 23.01, 23.005, 23.0, 23.01, 1372]
['2019-03-29 15:07:00', 22.99, 23.01, 22.99, 23.02, 3205]
['2019-03-29 15:06:00', 23.0, 23.0, 22.99, 23.0, 1265]
['2019-03-29 15:05:00', 22.995, 22.995, 22.995, 22.995, 269]
['2019-03-29 15:04:00', 23.0, 22.995, 22.995, 23.01, 1044]
['2019-03-29 15:03:00', 23.015, 22.985, 22.98, 23.015, 2293]
['2019-03-29 15:02:00', 23.01, 23.015, 23.01, 23.015, 200]
['2019-03-29 15:01:00', 23.015, 23.01, 23.005, 23.015, 1775]
['2019-03-29 15:00:00', 23.03, 23.015, 23.015, 23.03, 218]
['2019-03-29 14:59:00', 23.015, 23.03, 23.015, 23.03, 1912]
['2019-03-29 14:58:00', 23.01, 23.02, 23.01, 23.025, 1984]
['2019-03-29 14:57:00', 23.005, 23.01, 23.0, 23.02, 3561]
['2019-03-29 14:56:00', 22.9239, 23.0, 22.9239, 23.0, 19552]
['2019-03-29 14:55:00', 22.92, 22.925, 22.915, 22.925, 1509]
['2019-03-29 14:54:00', 22.915, 22.915, 22.915, 22.92, 1051]
['2019-03-29 14:53:00', 22.92, 22.915, 22.915, 22.92, 600]
['2019-03-29 14:52:00', 22.92, 22.915, 22.915, 22.92, 700]
['2019-03-29 14:51:00', 22.92, 22.915, 22.915, 22.92, 1525]
['2019-03-29 14:50:00', 22.915, 22.915, 22.915, 22.92, 700]
['2019-03-29 14:49:00', 22.9, 22.91, 22.9, 22.91, 809]
['2019-03-29 14:48:00', 22.91, 22.91, 22.9, 22.91, 400]
['2019-03-29 14:47:00', 22.92, 22.91, 22.905, 22.92, 1000]
['2019-03-29 14:46:00', 22.89, 22.89, 22.89, 22.89, 130]
['2019-03-29 14:45:00', 22.9, 22.89, 22.89, 22.92, 1645]
['2019-03-29 14:44:00', 22.91, 22.91, 22.91, 22.91, 100]
['2019-03-29 14:43:00', 22.85, 22.88, 22.845, 22.88, 1523]
['2019-03-29 14:42:00', 22.84, 22.84, 22.83, 22.85, 1805]
['2019-03-29 14:41:00', 22.83, 22.83, 22.83, 22.83, 442]
['2019-03-29 14:40:00', 22.835, 22.83, 22.83, 22.835, 1126]
['2019-03-29 14:39:00', 22.83, 22.83, 22.83, 22.835, 600]
['2019-03-29 14:38:00', 22.83, 22.83, 22.83, 22.835, 1565]
['2019-03-29 14:37:00', 22.82, 22.835, 22.82, 22.84, 1835]
['2019-03-29 14:36:00', 22.82, 22.83, 22.82, 22.83, 200]
['2019-03-29 14:35:00', 22.82, 22.82, 22.82, 22.82, 200]
['2019-03-29 14:34:00', 22.83, 22.82, 22.82, 22.83, 601]
['2019-03-29 14:32:00', 22.815, 22.82, 22.81, 22.82, 404]
['2019-03-29 14:31:00', 22.82, 22.8, 22.8, 22.82, 915]
['2019-03-29 14:30:00', 22.82, 22.8227, 22.82, 22.8227, 425]
['2019-03-29 14:29:00', 22.82, 22.83, 22.81, 22.83, 354]
['2019-03-29 14:28:00', 22.82, 22.82, 22.82, 22.83, 658]
['2019-03-29 14:26:00', 22.81, 22.81, 22.81, 22.825, 1590]
['2019-03-29 14:25:00', 22.82, 22.81, 22.81, 22.83, 523]
['2019-03-29 14:24:00', 22.835, 22.835, 22.835, 22.835, 700]
['2019-03-29 14:23:00', 22.82, 22.82, 22.82, 22.83, 544]
['2019-03-29 14:22:00', 22.82, 22.82, 22.82, 22.83, 1009]
['2019-03-29 14:21:00', 22.84, 22.84, 22.84, 22.84, 400]
['2019-03-29 14:20:00', 22.85, 22.85, 22.83, 22.85, 2510]
['2019-03-29 14:19:00', 22.86, 22.86, 22.86, 22.86, 190]
['2019-03-29 14:18:00', 22.87, 22.86, 22.84, 22.87, 510]
['2019-03-29 14:17:00', 22.855, 22.855, 22.855, 22.855, 200]
['2019-03-29 14:16:00', 22.85, 22.87, 22.85, 22.87, 310]
['2019-03-29 14:15:00', 22.84, 22.85, 22.84, 22.85, 366]
['2019-03-29 14:14:00', 22.83, 22.83, 22.83, 22.83, 401]
['2019-03-29 14:13:00', 22.83, 22.83, 22.83, 22.83, 420]
['2019-03-29 14:12:00', 22.83, 22.83, 22.81, 22.83, 400]
['2019-03-29 14:11:00', 22.83, 22.83, 22.83, 22.83, 100]
['2019-03-29 14:10:00', 22.83, 22.83, 22.83, 22.83, 216]
['2019-03-29 14:09:00', 22.82, 22.82, 22.81, 22.82, 603]
['2019-03-29 14:08:00', 22.82, 22.82, 22.82, 22.82, 200]
['2019-03-29 14:07:00', 22.81, 22.82, 22.8, 22.82, 1041]
['2019-03-29 14:06:00', 22.835, 22.81, 22.81, 22.835, 1228]
['2019-03-29 14:05:00', 22.82, 22.82, 22.82, 22.82, 430]
['2019-03-29 14:04:00', 22.81, 22.81, 22.81, 22.81, 168]
['2019-03-29 14:02:00', 22.8, 22.8, 22.8, 22.8, 1552]
['2019-03-29 13:58:00', 22.77, 22.79, 22.77, 22.79, 520]
['2019-03-29 13:57:00', 22.77, 22.77, 22.77, 22.77, 577]
['2019-03-29 13:56:00', 22.77, 22.77, 22.77, 22.77, 800]
['2019-03-29 13:55:00', 22.8, 22.77, 22.755, 22.8, 500]
['2019-03-29 13:54:00', 22.81, 22.81, 22.81, 22.81, 300]
['2019-03-29 13:53:00', 22.8, 22.8, 22.8, 22.8, 500]
['2019-03-29 13:52:00', 22.8, 22.79, 22.78, 22.81, 1774]
['2019-03-29 13:49:00', 22.8, 22.775, 22.775, 22.8, 808]
['2019-03-29 13:48:00', 22.75, 22.8, 22.75, 22.81, 2831]
['2019-03-29 13:47:00', 22.75, 22.715, 22.7, 22.75, 9022]
['2019-03-29 13:46:00', 22.77, 22.77, 22.77, 22.77, 369]
['2019-03-29 13:45:00', 22.775, 22.765, 22.765, 22.79, 1498]
['2019-03-29 13:44:00', 22.79, 22.775, 22.76, 22.79, 884]
['2019-03-29 13:43:00', 22.78, 22.78, 22.78, 22.78, 248]
['2019-03-29 13:40:00', 22.79, 22.81, 22.79, 22.81, 579]
['2019-03-29 13:39:00', 22.79, 22.78, 22.78, 22.79, 406]
['2019-03-29 13:38:00', 22.84, 22.8, 22.8, 22.84, 754]
['2019-03-29 13:36:00', 22.85, 22.84, 22.84, 22.85, 596]
['2019-03-29 13:35:00', 22.87, 22.87, 22.86, 22.87, 694]
['2019-03-29 13:34:00', 22.88, 22.88, 22.88, 22.88, 324]
['2019-03-29 13:33:00', 22.88, 22.88, 22.88, 22.88, 600]
['2019-03-29 13:32:00', 22.88, 22.88, 22.88, 22.88, 400]
['2019-03-29 13:31:00', 22.86, 22.88, 22.86, 22.88, 1035]
['2019-03-29 13:30:00', 22.835, 22.86, 22.835, 22.86, 1196]
['2019-03-29 13:29:00', 22.838, 22.83, 22.83, 22.84, 855]
['2019-03-29 13:28:00', 22.82, 22.83, 22.82, 22.83, 638]
['2019-03-29 13:26:00', 22.8, 22.81, 22.8, 22.81, 669]
['2019-03-29 13:25:00', 22.79, 22.8, 22.79, 22.8, 630]
['2019-03-29 13:23:00', 22.77, 22.77, 22.77, 22.77, 456]
['2019-03-29 13:22:00', 22.75, 22.765, 22.75, 22.77, 1638]
['2019-03-29 13:21:00', 22.76, 22.745, 22.74, 22.76, 4631]
['2019-03-29 13:19:00', 22.78, 22.76, 22.76, 22.78, 1058]
['2019-03-29 13:18:00', 22.8, 22.79, 22.79, 22.8, 300]
['2019-03-29 13:17:00', 22.8, 22.79, 22.79, 22.81, 601]
['2019-03-29 13:16:00', 22.82, 22.795, 22.78, 22.82, 800]
['2019-03-29 13:15:00', 22.84, 22.82, 22.82, 22.84, 2498]
['2019-03-29 13:14:00', 22.77, 22.84, 22.77, 22.85, 3169]
['2019-03-29 13:13:00', 22.77, 22.77, 22.77, 22.77, 1182]
['2019-03-29 13:12:00', 22.7615, 22.765, 22.7615, 22.77, 1608]
['2019-03-29 13:11:00', 22.765, 22.765, 22.765, 22.765, 419]
['2019-03-29 13:09:00', 22.75, 22.75, 22.75, 22.75, 107]
['2019-03-29 13:08:00', 22.755, 22.755, 22.755, 22.755, 100]
['2019-03-29 13:07:00', 22.77, 22.75, 22.75, 22.77, 814]
['2019-03-29 13:06:00', 22.78, 22.76, 22.76, 22.78, 1334]
['2019-03-29 13:04:00', 22.785, 22.785, 22.785, 22.785, 225]
['2019-03-29 13:03:00', 22.78, 22.77, 22.77, 22.78, 432]
['2019-03-29 13:00:00', 22.75, 22.75, 22.75, 22.75, 223]
['2019-03-29 12:58:00', 22.735, 22.73, 22.73, 22.735, 506]
['2019-03-29 12:56:00', 22.72, 22.73, 22.72, 22.73, 563]
['2019-03-29 12:55:00', 22.715, 22.715, 22.715, 22.715, 222]
['2019-03-29 12:54:00', 22.71, 22.71, 22.71, 22.71, 275]
['2019-03-29 12:53:00', 22.72, 22.7, 22.7, 22.72, 1118]
['2019-03-29 12:49:00', 22.7, 22.72, 22.7, 22.72, 1330]
['2019-03-29 12:48:00', 22.705, 22.7, 22.69, 22.705, 604]
['2019-03-29 12:47:00', 22.735, 22.735, 22.735, 22.735, 607]
['2019-03-29 12:45:00', 22.75, 22.75, 22.75, 22.75, 359]
['2019-03-29 12:43:00', 22.78, 22.76, 22.76, 22.78, 1416]
['2019-03-29 12:42:00', 22.79, 22.78, 22.77, 22.79, 730]
['2019-03-29 12:41:00', 22.71, 22.8, 22.71, 22.8, 4807]
['2019-03-29 12:40:00', 22.71, 22.72, 22.71, 22.72, 814]
['2019-03-29 12:39:00', 22.7, 22.71, 22.7, 22.71, 300]
['2019-03-29 12:38:00', 22.71, 22.69, 22.68, 22.71, 1100]
['2019-03-29 12:33:00', 22.68, 22.69, 22.68, 22.69, 1048]
['2019-03-29 12:32:00', 22.67, 22.67, 22.66, 22.68, 994]
['2019-03-29 12:30:00', 22.69, 22.68, 22.68, 22.71, 2232]
['2019-03-29 12:29:00', 22.69, 22.69, 22.69, 22.69, 112]
['2019-03-29 12:28:00', 22.73, 22.71, 22.71, 22.73, 600]
['2019-03-29 12:27:00', 22.75, 22.74, 22.74, 22.75, 500]
['2019-03-29 12:26:00', 22.765, 22.76, 22.76, 22.77, 614]
['2019-03-29 12:25:00', 22.785, 22.77, 22.76, 22.785, 1175]
['2019-03-29 12:22:00', 22.71, 22.765, 22.71, 22.765, 1797]
['2019-03-29 12:21:00', 22.71, 22.71, 22.71, 22.71, 279]
['2019-03-29 12:20:00', 22.71, 22.69, 22.69, 22.71, 2099]
['2019-03-29 12:19:00', 22.685, 22.72, 22.685, 22.72, 1597]
['2019-03-29 12:17:00', 22.7135, 22.705, 22.7, 22.7135, 580]
['2019-03-29 12:16:00', 22.75, 22.71, 22.71, 22.75, 1455]
['2019-03-29 12:15:00', 22.81, 22.76, 22.76, 22.82, 2662]
['2019-03-29 12:14:00', 22.825, 22.82, 22.82, 22.825, 500]
['2019-03-29 12:13:00', 22.85, 22.83, 22.83, 22.85, 575]
['2019-03-29 12:12:00', 22.81, 22.81, 22.81, 22.81, 131]
['2019-03-29 12:10:00', 22.86, 22.83, 22.83, 22.86, 1110]
['2019-03-29 12:08:00', 22.91, 22.89, 22.89, 22.91, 685]
['2019-03-29 12:06:00', 22.91, 22.905, 22.9, 22.91, 2831]
['2019-03-29 12:05:00', 22.93, 22.92, 22.92, 22.93, 605]
['2019-03-29 12:04:00', 22.94, 22.93, 22.92, 22.95, 3749]
['2019-03-29 12:02:00', 22.93, 22.93, 22.93, 22.93, 369]
['2019-03-29 12:01:00', 22.93, 22.92, 22.92, 22.93, 1154]
['2019-03-29 12:00:00', 22.92, 22.93, 22.92, 22.93, 1024]
['2019-03-29 11:58:00', 22.93, 22.93, 22.93, 22.93, 281]
['2019-03-29 11:57:00', 22.9, 22.93, 22.9, 22.93, 538]
['2019-03-29 11:56:00', 22.92, 22.92, 22.92, 22.92, 152]
['2019-03-29 11:55:00', 22.92, 22.92, 22.9, 22.92, 490]
['2019-03-29 11:54:00', 22.94, 22.91, 22.91, 22.94, 801]
['2019-03-29 11:53:00', 22.9444, 22.94, 22.93, 22.9444, 1190]
['2019-03-29 11:52:00', 22.92, 22.94, 22.92, 22.94, 2456]
['2019-03-29 11:51:00', 22.96, 22.95, 22.95, 22.97, 942]
['2019-03-29 11:50:00', 22.98, 22.98, 22.98, 22.98, 584]
['2019-03-29 11:49:00', 22.99, 22.99, 22.99, 22.99, 100]
['2019-03-29 11:48:00', 22.97, 22.98, 22.97, 22.98, 1177]
['2019-03-29 11:47:00', 23.0, 22.96, 22.96, 23.0, 3046]
['2019-03-29 11:46:00', 22.985, 22.99, 22.985, 23.0, 396]
['2019-03-29 11:45:00', 23.01, 22.985, 22.985, 23.01, 3752]
['2019-03-29 11:44:00', 23.015, 23.02, 23.015, 23.02, 690]
['2019-03-29 11:43:00', 23.03, 23.02, 23.02, 23.03, 642]
['2019-03-29 11:41:00', 23.01, 23.03, 23.01, 23.03, 2359]
['2019-03-29 11:40:00', 22.98, 23.0, 22.98, 23.0, 1996]
['2019-03-29 11:38:00', 22.97, 22.96, 22.96, 22.97, 2774]
['2019-03-29 11:37:00', 22.945, 22.96, 22.9393, 22.96, 2725]
['2019-03-29 11:36:00', 22.92, 22.92, 22.92, 22.93, 928]
['2019-03-29 11:35:00', 22.915, 22.93, 22.915, 22.93, 300]
['2019-03-29 11:34:00', 22.85, 22.9, 22.85, 22.9, 2493]
['2019-03-29 11:33:00', 22.87, 22.87, 22.865, 22.87, 607]
['2019-03-29 11:31:00', 22.86, 22.86, 22.86, 22.86, 541]
['2019-03-29 11:30:00', 22.85, 22.86, 22.85, 22.86, 800]
['2019-03-29 11:29:00', 22.86, 22.845, 22.84, 22.87, 4340]
['2019-03-29 11:28:00', 22.86, 22.86, 22.86, 22.86, 200]
['2019-03-29 11:27:00', 22.87, 22.87, 22.86, 22.875, 1645]
['2019-03-29 11:26:00', 22.845, 22.845, 22.845, 22.86, 1616]
['2019-03-29 11:25:00', 22.86, 22.86, 22.86, 22.86, 140]
['2019-03-29 11:24:00', 22.87, 22.8525, 22.85, 22.87, 900]
['2019-03-29 11:23:00', 22.865, 22.87, 22.865, 22.88, 962]
['2019-03-29 11:22:00', 22.88, 22.88, 22.88, 22.88, 300]
['2019-03-29 11:21:00', 22.89, 22.89, 22.87, 22.89, 445]
['2019-03-29 11:20:00', 22.905, 22.9, 22.89, 22.905, 540]
['2019-03-29 11:18:00', 22.9, 22.9, 22.86, 22.91, 7326]
['2019-03-29 11:17:00', 22.89, 22.91, 22.89, 22.91, 736]
['2019-03-29 11:16:00', 22.91, 22.91, 22.91, 22.93, 641]
['2019-03-29 11:15:00', 22.95, 22.92, 22.92, 22.96, 1158]
['2019-03-29 11:14:00', 22.96, 22.93, 22.93, 22.96, 800]
['2019-03-29 11:13:00', 22.94, 22.955, 22.94, 22.97, 710]
['2019-03-29 11:12:00', 22.94, 22.94, 22.94, 22.95, 740]
['2019-03-29 11:08:00', 22.925, 22.94, 22.925, 22.94, 1057]
['2019-03-29 11:07:00', 22.94, 22.91, 22.91, 22.94, 1409]
['2019-03-29 11:06:00', 22.96, 22.935, 22.92, 22.96, 300]
['2019-03-29 11:05:00', 22.95, 22.96, 22.945, 22.96, 741]
['2019-03-29 11:04:00', 22.97, 22.95, 22.95, 22.97, 803]
['2019-03-29 11:03:00', 22.955, 22.97, 22.955, 22.97, 498]
['2019-03-29 11:02:00', 22.94, 22.94, 22.94, 22.95, 462]
['2019-03-29 11:01:00', 22.92, 22.92, 22.92, 22.94, 1429]
['2019-03-29 11:00:00', 22.92, 22.94, 22.92, 22.94, 1666]
['2019-03-29 10:59:00', 22.91, 22.9, 22.9, 22.91, 560]
['2019-03-29 10:58:00', 22.91, 22.91, 22.91, 22.91, 120]
['2019-03-29 10:57:00', 22.9, 22.9, 22.9, 22.9, 200]
['2019-03-29 10:56:00', 22.94, 22.9, 22.87, 22.95, 4491]
['2019-03-29 10:55:00', 22.95, 22.93, 22.93, 22.95, 1657]
['2019-03-29 10:54:00', 22.945, 22.95, 22.945, 22.95, 1172]
['2019-03-29 10:53:00', 22.95, 22.94, 22.94, 22.95, 659]
['2019-03-29 10:51:00', 22.93, 22.93, 22.93, 22.93, 534]
['2019-03-29 10:50:00', 22.93, 22.93, 22.93, 22.93, 586]
['2019-03-29 10:49:00', 22.95, 22.95, 22.95, 22.95, 750]
['2019-03-29 10:48:00', 22.94, 22.94, 22.94, 22.94, 124]
['2019-03-29 10:46:00', 22.94, 22.9201, 22.91, 22.96, 2791]
['2019-03-29 10:45:00', 22.98, 22.96, 22.96, 22.98, 597]
['2019-03-29 10:44:00', 23.0, 22.9885, 22.96, 23.0, 2200]
['2019-03-29 10:43:00', 22.99, 22.99, 22.99, 22.99, 100]
['2019-03-29 10:42:00', 23.04, 23.04, 23.02, 23.04, 865]
['2019-03-29 10:41:00', 23.04, 23.04, 23.04, 23.04, 511]
['2019-03-29 10:40:00', 23.05, 23.06, 23.05, 23.06, 303]
['2019-03-29 10:39:00', 22.995, 23.025, 22.995, 23.025, 609]
['2019-03-29 10:38:00', 23.0, 23.0, 23.0, 23.01, 1349]
['2019-03-29 10:37:00', 22.99, 22.99, 22.99, 22.99, 786]
['2019-03-29 10:36:00', 22.99, 23.0, 22.99, 23.0, 687]
['2019-03-29 10:35:00', 22.9625, 22.99, 22.96, 22.99, 1707]
['2019-03-29 10:34:00', 22.9004, 22.95, 22.9004, 22.95, 929]
['2019-03-29 10:33:00', 22.93, 22.95, 22.92, 22.95, 2630]
['2019-03-29 10:32:00', 22.89, 22.92, 22.89, 22.92, 2631]
['2019-03-29 10:31:00', 22.98, 22.895, 22.895, 22.98, 1114]
['2019-03-29 10:30:00', 22.97, 22.95, 22.95, 22.97, 998]
['2019-03-29 10:29:00', 23.0, 22.93, 22.93, 23.03, 3933]
['2019-03-29 10:27:00', 23.01, 23.005, 23.005, 23.01, 400]
['2019-03-29 10:26:00', 22.9825, 22.96, 22.96, 22.9825, 307]
['2019-03-29 10:25:00', 22.94, 22.97, 22.94, 22.97, 1091]
['2019-03-29 10:24:00', 22.99, 22.99, 22.9825, 23.0, 2731]
['2019-03-29 10:23:00', 23.0008, 23.0, 22.99, 23.0008, 500]
['2019-03-29 10:22:00', 23.07, 23.04, 23.04, 23.07, 1437]
['2019-03-29 10:21:00', 23.09, 23.09, 23.09, 23.09, 100]
['2019-03-29 10:20:00', 23.05, 23.07, 23.05, 23.07, 665]
['2019-03-29 10:19:00', 23.02, 23.04, 23.02, 23.04, 500]
['2019-03-29 10:18:00', 23.01, 23.03, 22.985, 23.03, 808]
['2019-03-29 10:17:00', 22.97, 22.99, 22.96, 23.0, 1908]
['2019-03-29 10:16:00', 22.98, 22.98, 22.96, 23.0, 2224]
['2019-03-29 10:15:00', 22.97, 22.96, 22.95, 23.0, 3014]
['2019-03-29 10:14:00', 22.95, 22.95, 22.95, 22.95, 100]
['2019-03-29 10:13:00', 22.92, 22.96, 22.92, 22.96, 300]
['2019-03-29 10:12:00', 22.94, 22.9, 22.9, 22.94, 4421]
['2019-03-29 10:11:00', 23.0, 22.96, 22.93, 23.0, 2500]
['2019-03-29 10:10:00', 22.965, 22.98, 22.965, 22.98, 926]
['2019-03-29 10:09:00', 22.95, 22.95, 22.95, 22.95, 100]
['2019-03-29 10:08:00', 22.963, 22.93, 22.93, 22.963, 745]
['2019-03-29 10:07:00', 22.98, 22.935, 22.915, 22.98, 1988]
['2019-03-29 10:06:00', 23.03, 23.03, 23.02, 23.03, 1737]
['2019-03-29 10:05:00', 23.055, 23.08, 23.055, 23.11, 4277]
['2019-03-29 10:04:00', 23.06, 23.07, 23.05, 23.07, 680]
['2019-03-29 10:03:00', 23.085, 23.085, 23.085, 23.085, 111]
['2019-03-29 10:02:00', 23.15, 23.11, 23.08, 23.15, 2336]
['2019-03-29 10:01:00', 23.085, 23.12, 23.085, 23.12, 1300]
['2019-03-29 10:00:00', 23.14, 23.11, 23.11, 23.14, 2634]
['2019-03-29 09:58:00', 23.11, 23.14, 23.08, 23.14, 2312]
['2019-03-29 09:57:00', 23.06, 23.08, 23.06, 23.09, 2381]
['2019-03-29 09:56:00', 23.0417, 23.04, 23.0, 23.0417, 1304]
['2019-03-29 09:55:00', 23.03, 23.03, 23.03, 23.03, 100]
['2019-03-29 09:54:00', 23.0, 23.0, 22.97, 23.0, 861]
['2019-03-29 09:53:00', 23.05, 23.0, 23.0, 23.06, 13000]
['2019-03-29 09:52:00', 23.06, 23.05, 23.04, 23.06, 626]
['2019-03-29 09:51:00', 23.06, 23.06, 23.06, 23.06, 401]
['2019-03-29 09:50:00', 23.14, 23.12, 23.12, 23.14, 1414]
['2019-03-29 09:49:00', 23.1, 23.13, 23.07, 23.13, 837]
['2019-03-29 09:48:00', 23.17, 23.14, 23.135, 23.19, 1718]
['2019-03-29 09:46:00', 23.17, 23.15, 23.14, 23.17, 1353]
['2019-03-29 09:45:00', 23.19, 23.14, 23.11, 23.19, 1210]
['2019-03-29 09:44:00', 23.18, 23.18, 23.16, 23.215, 3454]
['2019-03-29 09:42:00', 23.05, 23.11, 23.05, 23.11, 4251]
['2019-03-29 09:41:00', 22.95, 23.03, 22.945, 23.03, 4138]
['2019-03-29 09:40:00', 23.0, 22.96, 22.93, 23.04, 6333]
['2019-03-29 09:39:00', 23.0, 23.0, 23.0, 23.005, 2142]
['2019-03-29 09:38:00', 23.0, 23.0621, 23.0, 23.08, 3543]
['2019-03-29 09:37:00', 23.09, 23.0, 22.9975, 23.09, 5508]
['2019-03-29 09:36:00', 23.15, 23.09, 22.98, 23.19, 2626]
['2019-03-29 09:35:00', 23.19, 23.15, 23.13, 23.19, 2981]
['2019-03-29 09:34:00', 23.01, 23.18, 23.01, 23.18, 2483]
['2019-03-29 09:33:00', 22.99, 23.02, 22.99, 23.09, 9093]
['2019-03-29 09:32:00', 22.86, 22.92, 22.86, 22.99, 4878]
['2019-03-29 09:31:00', 22.28, 22.86, 22.28, 22.87, 0]
['2019-03-28 16:00:00', 22.05, 22.05, 22.03, 22.06, 8443]
['2019-03-28 15:59:00', 22.065, 22.05, 22.05, 22.065, 5372]
['2019-03-28 15:58:00', 22.055, 22.065, 22.05, 22.07, 4109]
['2019-03-28 15:57:00', 22.05, 22.05, 22.05, 22.06, 1600]
['2019-03-28 15:56:00', 22.04, 22.06, 22.04, 22.06, 3154]
['2019-03-28 15:55:00', 22.02, 22.03, 22.01, 22.03, 4268]
['2019-03-28 15:54:00', 22.03, 22.01, 22.01, 22.03, 1169]
['2019-03-28 15:53:00', 22.04, 22.03, 22.03, 22.05, 3601]
['2019-03-28 15:52:00', 22.0466, 22.04, 22.04, 22.0466, 2381]
['2019-03-28 15:51:00', 22.045, 22.045, 22.04, 22.045, 846]
['2019-03-28 15:50:00', 22.05, 22.045, 22.045, 22.05, 720]
['2019-03-28 15:49:00', 22.08, 22.05, 22.05, 22.08, 2534]
['2019-03-28 15:48:00', 22.04, 22.08, 22.04, 22.1, 2495]
['2019-03-28 15:47:00', 22.02, 22.03, 22.02, 22.035, 2809]
['2019-03-28 15:46:00', 22.015, 22.025, 22.01, 22.025, 2567]
['2019-03-28 15:45:00', 22.02, 22.02, 22.02, 22.03, 1402]
['2019-03-28 15:44:00', 22.02, 22.0232, 22.02, 22.0232, 765]
['2019-03-28 15:43:00', 22.035, 22.03, 22.03, 22.035, 876]
['2019-03-28 15:42:00', 22.03, 22.03, 22.03, 22.03, 422]
['2019-03-28 15:41:00', 22.05, 22.03, 22.03, 22.05, 1362]
['2019-03-28 15:40:00', 22.0644, 22.05, 22.05, 22.0644, 752]
['2019-03-28 15:39:00', 22.06, 22.06, 22.05, 22.065, 1047]
['2019-03-28 15:38:00', 22.06, 22.065, 22.06, 22.07, 723]
['2019-03-28 15:37:00', 22.065, 22.05, 22.05, 22.065, 745]
['2019-03-28 15:36:00', 22.065, 22.07, 22.06, 22.07, 1891]
['2019-03-28 15:35:00', 22.06, 22.065, 22.06, 22.065, 1117]
['2019-03-28 15:34:00', 22.05, 22.05, 22.04, 22.05, 1562]
['2019-03-28 15:33:00', 22.06, 22.05, 22.05, 22.06, 1738]
['2019-03-28 15:32:00', 22.075, 22.065, 22.065, 22.075, 780]
['2019-03-28 15:31:00', 22.1, 22.08, 22.0799, 22.1, 2738]
['2019-03-28 15:30:00', 22.1, 22.1, 22.1, 22.1, 174]
['2019-03-28 15:29:00', 22.11, 22.09, 22.09, 22.11, 818]
['2019-03-28 15:28:00', 22.13, 22.12, 22.12, 22.13, 505]
['2019-03-28 15:27:00', 22.13, 22.115, 22.115, 22.13, 338]
['2019-03-28 15:26:00', 22.115, 22.12, 22.115, 22.12, 412]
['2019-03-28 15:25:00', 22.12, 22.12, 22.12, 22.12, 429]
['2019-03-28 15:24:00', 22.14, 22.12, 22.12, 22.145, 3246]
['2019-03-28 15:23:00', 22.13, 22.13, 22.13, 22.13, 127]
['2019-03-28 15:22:00', 22.14, 22.135, 22.135, 22.14, 486]
['2019-03-28 15:21:00', 22.1414, 22.1414, 22.1414, 22.1414, 200]
['2019-03-28 15:20:00', 22.145, 22.14, 22.14, 22.145, 647]
['2019-03-28 15:19:00', 22.16, 22.14, 22.14, 22.16, 600]
['2019-03-28 15:18:00', 22.16, 22.16, 22.16, 22.16, 300]
['2019-03-28 15:17:00', 22.16, 22.16, 22.16, 22.16, 213]
['2019-03-28 15:16:00', 22.16, 22.16, 22.16, 22.16, 100]
['2019-03-28 15:15:00', 22.14, 22.17, 22.14, 22.17, 460]
['2019-03-28 15:13:00', 22.16, 22.16, 22.16, 22.16, 100]
['2019-03-28 15:11:00', 22.16, 22.15, 22.15, 22.16, 326]
['2019-03-28 15:10:00', 22.16, 22.16, 22.16, 22.16, 596]
['2019-03-28 15:08:00', 22.16, 22.16, 22.16, 22.16, 250]
['2019-03-28 15:07:00', 22.18, 22.17, 22.16, 22.18, 546]
['2019-03-28 15:06:00', 22.18, 22.18, 22.18, 22.18, 100]
['2019-03-28 15:05:00', 22.2, 22.18, 22.18, 22.2, 1140]
['2019-03-28 15:04:00', 22.2, 22.215, 22.195, 22.215, 1101]
['2019-03-28 15:03:00', 22.17, 22.19, 22.17, 22.19, 928]
['2019-03-28 15:02:00', 22.17, 22.165, 22.165, 22.17, 943]
['2019-03-28 15:00:00', 22.165, 22.165, 22.165, 22.165, 189]
['2019-03-28 14:59:00', 22.14, 22.15, 22.13, 22.16, 1810]
['2019-03-28 14:57:00', 22.14, 22.14, 22.13, 22.145, 523]
['2019-03-28 14:56:00', 22.14, 22.14, 22.14, 22.14, 311]
['2019-03-28 14:55:00', 22.14, 22.14, 22.14, 22.14, 310]
['2019-03-28 14:53:00', 22.15, 22.15, 22.13, 22.15, 612]
['2019-03-28 14:52:00', 22.15, 22.15, 22.15, 22.15, 100]
['2019-03-28 14:50:00', 22.15, 22.16, 22.15, 22.17, 793]
['2019-03-28 14:49:00', 22.1775, 22.16, 22.16, 22.1775, 1500]
['2019-03-28 14:48:00', 22.185, 22.17, 22.17, 22.185, 458]
['2019-03-28 14:47:00', 22.17, 22.17, 22.17, 22.17, 200]
['2019-03-28 14:46:00', 22.21, 22.185, 22.185, 22.21, 592]
['2019-03-28 14:42:00', 22.22, 22.22, 22.22, 22.22, 201]
['2019-03-28 14:41:00', 22.27, 22.25, 22.25, 22.33, 363]
['2019-03-28 14:40:00', 22.33, 22.29, 22.29, 22.33, 31119]
['2019-03-28 14:39:00', 22.3, 22.31, 22.29, 22.31, 0]
['2019-03-28 14:38:00', 22.28, 22.3, 22.26, 22.34, 18661]
['2019-03-28 14:37:00', 22.17, 22.25, 22.15, 22.28, 38678]
['2019-03-28 14:36:00', 22.16, 22.16, 22.16, 22.16, 200]
['2019-03-28 14:35:00', 22.17, 22.16, 22.16, 22.17, 1509]
['2019-03-28 14:34:00', 22.18, 22.18, 22.18, 22.18, 300]
['2019-03-28 14:33:00', 22.18, 22.18, 22.18, 22.18, 100]
['2019-03-28 14:32:00', 22.18, 22.18, 22.18, 22.18, 201]
['2019-03-28 14:31:00', 22.18, 22.18, 22.18, 22.18, 868]
['2019-03-28 14:29:00', 22.18, 22.185, 22.18, 22.185, 314]
['2019-03-28 14:28:00', 22.188, 22.185, 22.185, 22.188, 420]
['2019-03-28 14:27:00', 22.18, 22.18, 22.18, 22.18, 100]
['2019-03-28 14:26:00', 22.19, 22.185, 22.18, 22.19, 945]
['2019-03-28 14:25:00', 22.18, 22.18, 22.18, 22.18, 100]
['2019-03-28 14:23:00', 22.17, 22.17, 22.17, 22.17, 100]
['2019-03-28 14:21:00', 22.2, 22.19, 22.19, 22.21, 1909]
['2019-03-28 14:20:00', 22.17, 22.17, 22.17, 22.17, 125]
['2019-03-28 14:16:00', 22.205, 22.19, 22.19, 22.205, 972]
['2019-03-28 14:15:00', 22.205, 22.205, 22.205, 22.205, 100]
['2019-03-28 14:12:00', 22.21, 22.21, 22.21, 22.215, 627]
['2019-03-28 14:11:00', 22.22, 22.22, 22.22, 22.22, 412]
['2019-03-28 14:10:00', 22.235, 22.235, 22.235, 22.235, 100]
['2019-03-28 14:09:00', 22.22, 22.22, 22.22, 22.22, 100]
['2019-03-28 14:07:00', 22.24, 22.23, 22.21, 22.24, 1679]
['2019-03-28 14:05:00', 22.26, 22.2495, 22.2495, 22.26, 410]
['2019-03-28 14:04:00', 22.23, 22.23, 22.23, 22.23, 100]
['2019-03-28 14:03:00', 22.22, 22.235, 22.22, 22.235, 254]
['2019-03-28 14:01:00', 22.24, 22.24, 22.24, 22.24, 761]
['2019-03-28 13:58:00', 22.25, 22.25, 22.25, 22.25, 200]
['2019-03-28 13:57:00', 22.23, 22.25, 22.23, 22.26, 2765]
['2019-03-28 13:56:00', 22.22, 22.22, 22.22, 22.225, 400]
['2019-03-28 13:55:00', 22.23, 22.225, 22.225, 22.23, 501]
['2019-03-28 13:54:00', 22.22, 22.23, 22.22, 22.23, 200]
['2019-03-28 13:53:00', 22.24, 22.23, 22.23, 22.24, 501]
['2019-03-28 13:49:00', 22.23, 22.23, 22.23, 22.23, 502]
['2019-03-28 13:48:00', 22.24, 22.22, 22.22, 22.24, 800]
['2019-03-28 13:45:00', 22.21, 22.225, 22.21, 22.225, 200]
['2019-03-28 13:42:00', 22.2325, 22.225, 22.21, 22.2325, 547]
['2019-03-28 13:41:00', 22.235, 22.225, 22.225, 22.235, 656]
['2019-03-28 13:38:00', 22.24, 22.24, 22.23, 22.245, 1927]
['2019-03-28 13:36:00', 22.25, 22.25, 22.25, 22.25, 424]
['2019-03-28 13:33:00', 22.21, 22.225, 22.21, 22.23, 1161]
['2019-03-28 13:31:00', 22.19, 22.19, 22.19, 22.19, 100]
['2019-03-28 13:28:00', 22.18, 22.19, 22.17, 22.19, 747]
['2019-03-28 13:27:00', 22.15, 22.15, 22.15, 22.15, 100]
['2019-03-28 13:26:00', 22.17, 22.16, 22.16, 22.17, 779]
['2019-03-28 13:24:00', 22.17, 22.17, 22.17, 22.17, 300]
['2019-03-28 13:23:00', 22.2, 22.2, 22.185, 22.2, 1358]
['2019-03-28 13:22:00', 22.185, 22.2, 22.185, 22.2, 450]
['2019-03-28 13:21:00', 22.17, 22.19, 22.17, 22.19, 200]
['2019-03-28 13:19:00', 22.2, 22.2, 22.2, 22.2, 100]
['2019-03-28 13:18:00', 22.18, 22.18, 22.18, 22.18, 100]
['2019-03-28 13:17:00', 22.17, 22.17, 22.17, 22.17, 300]
['2019-03-28 13:16:00', 22.17, 22.17, 22.17, 22.17, 100]
['2019-03-28 13:15:00', 22.17, 22.175, 22.17, 22.175, 626]
['2019-03-28 13:14:00', 22.15, 22.15, 22.15, 22.15, 100]
['2019-03-28 13:13:00', 22.21, 22.17, 22.17, 22.21, 1922]
['2019-03-28 13:12:00', 22.2, 22.2, 22.2, 22.2, 175]
['2019-03-28 13:11:00', 22.23, 22.195, 22.195, 22.23, 608]
['2019-03-28 13:10:00', 22.19, 22.24, 22.19, 22.24, 1910]
['2019-03-28 13:08:00', 22.16, 22.18, 22.16, 22.18, 575]
['2019-03-28 13:07:00', 22.179, 22.179, 22.179, 22.179, 1000]
['2019-03-28 13:05:00', 22.175, 22.175, 22.175, 22.175, 600]
['2019-03-28 13:04:00', 22.17, 22.1771, 22.16, 22.18, 732]
['2019-03-28 13:03:00', 22.15, 22.18, 22.15, 22.18, 1759]
['2019-03-28 13:02:00', 22.1344, 22.15, 22.1344, 22.15, 1900]
['2019-03-28 13:01:00', 22.13, 22.13, 22.13, 22.13, 105]
['2019-03-28 12:57:00', 22.14, 22.14, 22.14, 22.14, 200]
['2019-03-28 12:56:00', 22.13, 22.13, 22.13, 22.13, 1271]
['2019-03-28 12:53:00', 22.1, 22.1, 22.1, 22.1, 104]
['2019-03-28 12:51:00', 22.08, 22.0846, 22.07, 22.1, 1467]
['2019-03-28 12:50:00', 22.06, 22.06, 22.06, 22.06, 100]
['2019-03-28 12:49:00', 22.06, 22.06, 22.06, 22.06, 100]
['2019-03-28 12:48:00', 22.08, 22.08, 22.08, 22.08, 235]
['2019-03-28 12:46:00', 22.095, 22.095, 22.095, 22.095, 300]
['2019-03-28 12:45:00', 22.095, 22.095, 22.095, 22.095, 131]
['2019-03-28 12:44:00', 22.08, 22.08, 22.08, 22.08, 117]
['2019-03-28 12:40:00', 22.1, 22.1, 22.09, 22.1, 911]
['2019-03-28 12:39:00', 22.08, 22.08, 22.08, 22.08, 273]
['2019-03-28 12:38:00', 22.08, 22.1, 22.08, 22.1, 400]
['2019-03-28 12:37:00', 22.07, 22.09, 22.07, 22.09, 613]
['2019-03-28 12:35:00', 22.05, 22.05, 22.05, 22.05, 1704]
['2019-03-28 12:34:00', 22.09, 22.07, 22.07, 22.09, 1005]
['2019-03-28 12:31:00', 22.09, 22.09, 22.09, 22.09, 193]
['2019-03-28 12:30:00', 22.04, 22.09, 22.04, 22.09, 2490]
['2019-03-28 12:26:00', 22.03, 22.03, 22.02, 22.03, 524]
['2019-03-28 12:25:00', 22.0, 22.01, 22.0, 22.01, 3905]
['2019-03-28 12:24:00', 22.03, 22.0, 22.0, 22.03, 2029]
['2019-03-28 12:23:00', 22.02, 22.025, 22.02, 22.025, 300]
['2019-03-28 12:18:00', 22.01, 22.01, 22.01, 22.01, 167]
['2019-03-28 12:17:00', 22.0, 22.02, 22.0, 22.02, 424]
['2019-03-28 12:16:00', 22.0, 22.0, 22.0, 22.0, 129]
['2019-03-28 12:15:00', 22.02, 22.02, 22.02, 22.02, 100]
['2019-03-28 12:13:00', 22.02, 22.01, 22.01, 22.02, 300]
['2019-03-28 12:12:00', 22.02, 22.02, 22.02, 22.02, 175]
['2019-03-28 12:11:00', 22.08, 22.055, 22.055, 22.08, 1268]
['2019-03-28 12:10:00', 22.1, 22.1, 22.1, 22.11, 1354]
['2019-03-28 12:09:00', 22.1, 22.1, 22.1, 22.115, 2815]
['2019-03-28 12:08:00', 22.125, 22.1, 22.1, 22.125, 1100]
['2019-03-28 12:07:00', 22.125, 22.12, 22.12, 22.125, 200]
['2019-03-28 12:06:00', 22.13, 22.13, 22.13, 22.13, 563]
['2019-03-28 12:05:00', 22.11, 22.11, 22.11, 22.11, 452]
['2019-03-28 12:04:00', 22.12, 22.115, 22.115, 22.12, 200]
['2019-03-28 12:03:00', 22.11, 22.11, 22.11, 22.12, 666]
['2019-03-28 12:02:00', 22.12, 22.12, 22.12, 22.12, 274]
['2019-03-28 12:00:00', 22.13, 22.13, 22.13, 22.13, 200]
['2019-03-28 11:59:00', 22.13, 22.13, 22.13, 22.13, 100]
['2019-03-28 11:58:00', 22.12, 22.12, 22.12, 22.12, 232]
['2019-03-28 11:57:00', 22.12, 22.12, 22.12, 22.12, 537]
['2019-03-28 11:56:00', 22.125, 22.12, 22.12, 22.125, 331]
['2019-03-28 11:55:00', 22.115, 22.115, 22.115, 22.115, 942]
['2019-03-28 11:54:00', 22.12, 22.1, 22.1, 22.13, 2722]
['2019-03-28 11:53:00', 22.105, 22.12, 22.1, 22.12, 2032]
['2019-03-28 11:52:00', 22.11, 22.11, 22.11, 22.11, 503]
['2019-03-28 11:51:00', 22.1, 22.13, 22.1, 22.13, 1020]
['2019-03-28 11:50:00', 22.07, 22.1, 22.0699, 22.1, 4100]
['2019-03-28 11:49:00', 22.045, 22.06, 22.045, 22.07, 1100]
['2019-03-28 11:48:00', 22.03, 22.045, 22.03, 22.045, 1426]
['2019-03-28 11:47:00', 22.02, 22.0, 22.0, 22.02, 300]
['2019-03-28 11:46:00', 22.02, 22.02, 22.02, 22.02, 200]
['2019-03-28 11:45:00', 22.02, 22.0, 22.0, 22.02, 358]
['2019-03-28 11:44:00', 22.015, 22.015, 22.015, 22.015, 610]
['2019-03-28 11:43:00', 22.01, 22.015, 22.0, 22.015, 1321]
['2019-03-28 11:42:00', 22.02, 22.03, 22.01, 22.03, 2306]
['2019-03-28 11:41:00', 22.025, 22.025, 22.025, 22.025, 105]
['2019-03-28 11:40:00', 22.04, 22.025, 22.025, 22.04, 205]
['2019-03-28 11:38:00', 22.01, 22.01, 22.01, 22.01, 126]
['2019-03-28 11:34:00', 22.03, 22.03, 22.03, 22.03, 102]
['2019-03-28 11:33:00', 22.04, 22.05, 22.04, 22.05, 1175]
['2019-03-28 11:32:00', 22.02, 22.03, 22.02, 22.03, 763]
['2019-03-28 11:31:00', 22.02, 22.015, 22.015, 22.02, 1128]
['2019-03-28 11:30:00', 22.09, 22.04, 22.04, 22.1, 4197]
['2019-03-28 11:29:00', 22.11, 22.1, 22.09, 22.11, 10613]
['2019-03-28 11:28:00', 22.18, 22.1, 22.1, 22.19, 31480]
['2019-03-28 11:27:00', 22.195, 22.16, 22.16, 22.195, 8220]
['2019-03-28 11:26:00', 22.195, 22.195, 22.195, 22.1975, 1357]
['2019-03-28 11:25:00', 22.18, 22.22, 22.17, 22.22, 4418]
['2019-03-28 11:24:00', 22.17, 22.2, 22.17, 22.2, 4490]
['2019-03-28 11:23:00', 22.195, 22.17, 22.16, 22.21, 9840]
['2019-03-28 11:22:00', 22.185, 22.195, 22.16, 22.22, 8558]
['2019-03-28 11:21:00', 22.18, 22.18, 22.18, 22.2, 1110]
['2019-03-28 11:20:00', 22.2, 22.18, 22.175, 22.2, 1410]
['2019-03-28 11:19:00', 22.21, 22.2, 22.2, 22.21, 500]
['2019-03-28 11:18:00', 22.22, 22.23, 22.22, 22.23, 340]
['2019-03-28 11:17:00', 22.19, 22.19, 22.19, 22.19, 200]
['2019-03-28 11:16:00', 22.215, 22.2, 22.2, 22.215, 624]
['2019-03-28 11:15:00', 22.225, 22.22, 22.22, 22.225, 1852]
['2019-03-28 11:14:00', 22.215, 22.23, 22.215, 22.24, 1185]
['2019-03-28 11:13:00', 22.16, 22.22, 22.16, 22.22, 5371]
['2019-03-28 11:12:00', 22.2, 22.18, 22.18, 22.2, 872]
['2019-03-28 11:11:00', 22.16, 22.17, 22.155, 22.17, 1764]
['2019-03-28 11:10:00', 22.16, 22.15, 22.15, 22.16, 1705]
['2019-03-28 11:09:00', 22.19, 22.19, 22.19, 22.19, 201]
['2019-03-28 11:08:00', 22.18, 22.18, 22.18, 22.18, 300]
['2019-03-28 11:07:00', 22.16, 22.18, 22.16, 22.18, 1631]
['2019-03-28 11:05:00', 22.21, 22.19, 22.19, 22.21, 922]
['2019-03-28 11:04:00', 22.225, 22.225, 22.225, 22.225, 100]
['2019-03-28 11:03:00', 22.16, 22.21, 22.15, 22.22, 2522]
['2019-03-28 11:02:00', 22.175, 22.15, 22.14, 22.175, 6278]
['2019-03-28 11:01:00', 22.175, 22.16, 22.16, 22.175, 600]
['2019-03-28 11:00:00', 22.175, 22.175, 22.175, 22.175, 100]
['2019-03-28 10:59:00', 22.175, 22.175, 22.175, 22.175, 200]
['2019-03-28 10:58:00', 22.175, 22.175, 22.175, 22.175, 100]
['2019-03-28 10:56:00', 22.1731, 22.1731, 22.1731, 22.1731, 100]
['2019-03-28 10:54:00', 22.24, 22.18, 22.18, 22.24, 1820]
['2019-03-28 10:53:00', 22.25, 22.2401, 22.2401, 22.25, 700]
['2019-03-28 10:52:00', 22.22, 22.25, 22.22, 22.25, 1597]
['2019-03-28 10:51:00', 22.25, 22.245, 22.24, 22.25, 779]
['2019-03-28 10:49:00', 22.27, 22.27, 22.27, 22.27, 100]
['2019-03-28 10:48:00', 22.26, 22.28, 22.26, 22.28, 309]
['2019-03-28 10:47:00', 22.235, 22.24, 22.22, 22.24, 753]
['2019-03-28 10:46:00', 22.22, 22.22, 22.22, 22.22, 100]
['2019-03-28 10:45:00', 22.24, 22.235, 22.235, 22.24, 300]
['2019-03-28 10:44:00', 22.2899, 22.25, 22.25, 22.2899, 605]
['2019-03-28 10:43:00', 22.28, 22.27, 22.27, 22.28, 200]
['2019-03-28 10:42:00', 22.28, 22.27, 22.27, 22.28, 300]
['2019-03-28 10:41:00', 22.245, 22.27, 22.245, 22.27, 1257]
['2019-03-28 10:40:00', 22.25, 22.25, 22.25, 22.25, 427]
['2019-03-28 10:39:00', 22.245, 22.245, 22.245, 22.245, 100]
['2019-03-28 10:37:00', 22.27, 22.27, 22.27, 22.27, 100]
['2019-03-28 10:36:00', 22.25, 22.25, 22.25, 22.25, 201]
['2019-03-28 10:35:00', 22.24, 22.245, 22.24, 22.25, 500]
['2019-03-28 10:34:00', 22.26, 22.26, 22.26, 22.26, 470]
['2019-03-28 10:33:00', 22.24, 22.24, 22.24, 22.24, 1700]
['2019-03-28 10:32:00', 22.24, 22.235, 22.235, 22.24, 600]
['2019-03-28 10:31:00', 22.26, 22.24, 22.24, 22.26, 1500]
['2019-03-28 10:29:00', 22.27, 22.27, 22.27, 22.27, 227]
['2019-03-28 10:28:00', 22.245, 22.245, 22.245, 22.245, 700]
['2019-03-28 10:27:00', 22.27, 22.27, 22.27, 22.27, 100]
['2019-03-28 10:26:00', 22.25, 22.235, 22.235, 22.25, 1200]
['2019-03-28 10:25:00', 22.3, 22.3, 22.3, 22.3, 632]
['2019-03-28 10:23:00', 22.31, 22.31, 22.31, 22.31, 689]
['2019-03-28 10:21:00', 22.32, 22.29, 22.285, 22.36, 2114]
['2019-03-28 10:20:00', 22.31, 22.31, 22.31, 22.31, 300]
['2019-03-28 10:18:00', 22.2867, 22.2867, 22.2867, 22.2867, 110]
['2019-03-28 10:16:00', 22.285, 22.285, 22.285, 22.285, 331]
['2019-03-28 10:15:00', 22.3, 22.285, 22.28, 22.3, 638]
['2019-03-28 10:12:00', 22.34, 22.34, 22.33, 22.34, 305]
['2019-03-28 10:08:00', 22.32, 22.32, 22.32, 22.32, 500]
['2019-03-28 10:07:00', 22.34, 22.33, 22.33, 22.34, 200]
['2019-03-28 10:06:00', 22.35, 22.37, 22.35, 22.37, 400]
['2019-03-28 10:05:00', 22.35, 22.35, 22.35, 22.35, 124]
['2019-03-28 10:04:00', 22.38, 22.36, 22.36, 22.38, 564]
['2019-03-28 10:03:00', 22.345, 22.345, 22.345, 22.345, 101]
['2019-03-28 10:02:00', 22.335, 22.34, 22.335, 22.34, 200]
['2019-03-28 10:00:00', 22.35, 22.315, 22.315, 22.35, 300]
['2019-03-28 09:58:00', 22.305, 22.305, 22.305, 22.305, 100]
['2019-03-28 09:55:00', 22.3536, 22.25, 22.25, 22.3536, 561]
['2019-03-28 09:51:00', 22.28, 22.286, 22.28, 22.286, 610]
['2019-03-28 09:48:00', 22.29, 22.34, 22.29, 22.34, 600]
['2019-03-28 09:47:00', 22.28, 22.268, 22.268, 22.28, 250]
['2019-03-28 09:46:00', 22.27, 22.27, 22.27, 22.27, 150]
['2019-03-28 09:45:00', 22.18, 22.25, 22.18, 22.28, 2705]
['2019-03-28 09:43:00', 22.13, 22.13, 22.13, 22.13, 100]
['2019-03-28 09:42:00', 22.12, 22.12, 22.12, 22.12, 125]
['2019-03-28 09:41:00', 22.1233, 22.12, 22.12, 22.1233, 549]
['2019-03-28 09:40:00', 22.12, 22.12, 22.12, 22.12, 100]
['2019-03-28 09:38:00', 22.09, 22.09, 22.09, 22.09, 117]
['2019-03-28 09:36:00', 22.1, 22.1, 22.1, 22.1, 107]
['2019-03-28 09:35:00', 22.243, 22.243, 22.243, 22.243, 264]
['2019-03-28 09:34:00', 22.08, 22.06, 22.06, 22.08, 200]
['2019-03-28 09:32:00', 22.16, 22.16, 22.16, 22.16, 302]
['2019-03-28 09:31:00', 22.11, 22.16, 22.11, 22.215, 7341]
['2019-03-27 16:00:00', 21.98, 21.99, 21.97, 22.0, 19643]
['2019-03-27 15:59:00', 21.98, 21.98, 21.97, 21.99, 6873]
['2019-03-27 15:58:00', 21.98, 21.98, 21.975, 21.985, 5932]
['2019-03-27 15:57:00', 21.995, 21.99, 21.99, 22.02, 15180]
['2019-03-27 15:56:00', 21.98, 21.99, 21.97, 21.99, 6253]
['2019-03-27 15:55:00', 21.98, 21.98, 21.98, 21.985, 1260]
['2019-03-27 15:54:00', 21.98, 21.98, 21.975, 21.98, 4202]
['2019-03-27 15:53:00', 21.98, 21.98, 21.98, 21.985, 1613]
['2019-03-27 15:52:00', 21.99, 21.98, 21.98, 21.99, 2015]
['2019-03-27 15:51:00', 21.995, 21.99, 21.99, 21.995, 334]
['2019-03-27 15:50:00', 21.99, 21.99, 21.99, 21.99, 596]
['2019-03-27 15:49:00', 21.98, 21.99, 21.98, 21.99, 2980]
['2019-03-27 15:48:00', 21.98, 21.98, 21.98, 21.98, 5739]
['2019-03-27 15:47:00', 22.005, 21.98, 21.975, 22.005, 4698]
['2019-03-27 15:46:00', 22.0, 22.0, 22.0, 22.005, 1100]
['2019-03-27 15:45:00', 22.0, 22.0, 22.0, 22.0, 200]
['2019-03-27 15:44:00', 22.0, 22.0, 22.0, 22.0, 491]
['2019-03-27 15:43:00', 22.0, 22.01, 22.0, 22.01, 788]
['2019-03-27 15:42:00', 21.99, 21.99, 21.99, 21.99, 300]
['2019-03-27 15:41:00', 22.0, 22.0, 22.0, 22.0, 342]
['2019-03-27 15:39:00', 22.01, 21.98, 21.98, 22.01, 1436]
['2019-03-27 15:38:00', 22.02, 22.0269, 22.02, 22.0269, 1590]
['2019-03-27 15:37:00', 22.03, 22.02, 22.02, 22.03, 1424]
['2019-03-27 15:36:00', 22.02, 22.03, 22.02, 22.035, 2658]
['2019-03-27 15:33:00', 22.04, 22.03, 22.025, 22.04, 1959]
['2019-03-27 15:32:00', 22.02, 22.04, 22.02, 22.04, 1880]
['2019-03-27 15:31:00', 22.02, 22.02, 22.02, 22.02, 202]
['2019-03-27 15:30:00', 21.99, 21.99, 21.99, 21.99, 3233]
['2019-03-27 15:29:00', 21.99, 22.0, 21.98, 22.0, 4597]
['2019-03-27 15:28:00', 21.98, 21.99, 21.98, 21.99, 1912]
['2019-03-27 15:27:00', 21.975, 21.975, 21.96, 21.975, 1872]
['2019-03-27 15:26:00', 21.97, 21.97, 21.97, 21.97, 105]
['2019-03-27 15:25:00', 22.0, 21.99, 21.99, 22.0, 4600]
['2019-03-27 15:24:00', 22.0, 22.0, 22.0, 22.0, 208]
['2019-03-27 15:23:00', 21.965, 21.99, 21.965, 21.9925, 5293]
['2019-03-27 15:21:00', 21.97, 21.965, 21.96, 21.97, 858]
['2019-03-27 15:20:00', 21.99, 21.99, 21.99, 22.0, 6038]
['2019-03-27 15:19:00', 21.98, 21.99, 21.98, 21.99, 768]
['2019-03-27 15:18:00', 21.98, 21.98, 21.98, 21.98, 300]
['2019-03-27 15:15:00', 21.98, 21.98, 21.98, 21.98, 247]
['2019-03-27 15:14:00', 21.99, 21.99, 21.99, 21.99, 387]
['2019-03-27 15:13:00', 21.9745, 21.98, 21.9745, 21.99, 1335]
['2019-03-27 15:12:00', 21.99, 21.99, 21.99, 21.99, 1075]
['2019-03-27 15:11:00', 22.02, 21.99, 21.99, 22.02, 795]
['2019-03-27 15:09:00', 22.01, 22.0263, 22.01, 22.03, 2053]
['2019-03-27 15:08:00', 22.08, 22.07, 22.07, 22.08, 1114]
['2019-03-27 15:07:00', 22.08, 22.08, 22.08, 22.08, 124]
['2019-03-27 15:06:00', 22.02, 22.07, 22.02, 22.07, 2860]
['2019-03-27 15:05:00', 22.02, 22.02, 22.02, 22.02, 600]
['2019-03-27 15:04:00', 21.99, 22.02, 21.99, 22.02, 3054]
['2019-03-27 15:03:00', 21.99, 21.99, 21.99, 21.99, 3905]
['2019-03-27 15:02:00', 22.0, 21.99, 21.99, 22.0, 3401]
['2019-03-27 15:01:00', 21.99, 21.99, 21.99, 21.99, 600]
['2019-03-27 15:00:00', 21.98, 21.98, 21.98, 21.98, 900]
['2019-03-27 14:59:00', 21.97, 21.98, 21.97, 21.99, 5069]
['2019-03-27 14:58:00', 21.97, 21.97, 21.97, 21.97, 212]
['2019-03-27 14:57:00', 21.98, 21.98, 21.97, 21.98, 2350]
['2019-03-27 14:56:00', 21.985, 21.98, 21.98, 22.0, 7997]
['2019-03-27 14:55:00', 21.98, 21.99, 21.98, 21.99, 2404]
['2019-03-27 14:54:00', 21.98, 21.98, 21.98, 21.98, 2142]
['2019-03-27 14:53:00', 21.98, 21.98, 21.98, 21.98, 870]
['2019-03-27 14:52:00', 21.97, 21.98, 21.97, 21.98, 3135]
['2019-03-27 14:51:00', 21.97, 21.9749, 21.97, 21.9749, 590]
['2019-03-27 14:50:00', 21.98, 21.97, 21.97, 21.98, 4300]
['2019-03-27 14:49:00', 21.98, 21.97, 21.97, 21.985, 7277]
['2019-03-27 14:48:00', 21.955, 21.975, 21.95, 21.99, 10605]
['2019-03-27 14:47:00', 21.96, 21.95, 21.95, 21.96, 870]
['2019-03-27 14:46:00', 21.97, 21.9623, 21.96, 21.97, 3125]
['2019-03-27 14:45:00', 21.97, 21.97, 21.97, 21.97, 100]
['2019-03-27 14:44:00', 21.9879, 21.98, 21.98, 21.9879, 5486]
['2019-03-27 14:43:00', 21.98, 21.98, 21.98, 21.98, 1493]
['2019-03-27 14:42:00', 21.98, 21.98, 21.98, 21.98, 106]
['2019-03-27 14:41:00', 21.98, 21.98, 21.98, 21.98, 1214]
['2019-03-27 14:40:00', 21.97, 21.97, 21.97, 21.97, 702]
['2019-03-27 14:39:00', 21.98, 21.97, 21.97, 21.98, 900]
['2019-03-27 14:38:00', 21.98, 21.98, 21.98, 21.98, 2005]
['2019-03-27 14:37:00', 21.98, 21.98, 21.97, 21.98, 2125]
['2019-03-27 14:35:00', 21.96, 21.97, 21.96, 21.97, 1302]
['2019-03-27 14:34:00', 21.96, 21.955, 21.955, 21.96, 200]
['2019-03-27 14:33:00', 21.97, 21.96, 21.96, 21.98, 425]
['2019-03-27 14:32:00', 21.955, 21.99, 21.955, 21.99, 4062]
['2019-03-27 14:31:00', 21.95, 21.96, 21.95, 21.96, 2122]
['2019-03-27 14:30:00', 21.91, 21.93, 21.91, 21.93, 1704]
['2019-03-27 14:29:00', 21.895, 21.895, 21.895, 21.895, 200]
['2019-03-27 14:28:00', 21.875, 21.9, 21.875, 21.9, 1332]
['2019-03-27 14:27:00', 21.89, 21.89, 21.89, 21.89, 753]
['2019-03-27 14:25:00', 21.88, 21.88, 21.87, 21.885, 1011]
['2019-03-27 14:24:00', 21.87, 21.87, 21.87, 21.87, 974]
['2019-03-27 14:23:00', 21.855, 21.855, 21.855, 21.855, 100]
['2019-03-27 14:21:00', 21.855, 21.855, 21.855, 21.855, 200]
['2019-03-27 14:19:00', 21.87, 21.86, 21.86, 21.87, 544]
['2019-03-27 14:14:00', 21.89, 21.89, 21.89, 21.89, 224]
['2019-03-27 14:13:00', 21.88, 21.87, 21.87, 21.88, 1075]
['2019-03-27 14:12:00', 21.86, 21.87, 21.86, 21.87, 1000]
['2019-03-27 14:10:00', 21.845, 21.845, 21.845, 21.845, 264]
['2019-03-27 14:08:00', 21.85, 21.86, 21.85, 21.86, 249]
['2019-03-27 14:06:00', 21.86, 21.86, 21.86, 21.86, 200]
['2019-03-27 14:05:00', 21.88, 21.88, 21.88, 21.88, 446]
['2019-03-27 14:04:00', 21.87, 21.87, 21.865, 21.87, 875]
['2019-03-27 14:03:00', 21.88, 21.88, 21.88, 21.88, 325]
['2019-03-27 14:01:00', 21.87, 21.88, 21.87, 21.88, 655]
['2019-03-27 13:59:00', 21.86, 21.85, 21.85, 21.86, 521]
['2019-03-27 13:54:00', 21.87, 21.87, 21.87, 21.87, 421]
['2019-03-27 13:53:00', 21.87, 21.88, 21.87, 21.88, 404]
['2019-03-27 13:52:00', 21.86, 21.86, 21.86, 21.86, 220]
['2019-03-27 13:51:00', 21.865, 21.865, 21.865, 21.865, 311]
['2019-03-27 13:50:00', 21.86, 21.86, 21.86, 21.86, 100]
['2019-03-27 13:49:00', 21.85, 21.83, 21.83, 21.85, 1353]
['2019-03-27 13:47:00', 21.88, 21.88, 21.88, 21.88, 465]
['2019-03-27 13:46:00', 21.88, 21.89, 21.875, 21.89, 710]
['2019-03-27 13:45:00', 21.8598, 21.8598, 21.8598, 21.8598, 1525]
['2019-03-27 13:43:00', 21.835, 21.85, 21.835, 21.85, 850]
['2019-03-27 13:42:00', 21.84, 21.84, 21.84, 21.84, 171]
['2019-03-27 13:41:00', 21.84, 21.835, 21.83, 21.84, 1263]
['2019-03-27 13:40:00', 21.85, 21.845, 21.845, 21.85, 1450]
['2019-03-27 13:36:00', 21.855, 21.855, 21.855, 21.855, 266]
['2019-03-27 13:34:00', 21.87, 21.87, 21.87, 21.87, 108]
['2019-03-27 13:31:00', 21.865, 21.865, 21.865, 21.865, 132]
['2019-03-27 13:27:00', 21.9, 21.89, 21.89, 21.9, 617]
['2019-03-27 13:26:00', 21.88, 21.89, 21.88, 21.89, 802]
['2019-03-27 13:25:00', 21.86, 21.86, 21.86, 21.87, 575]
['2019-03-27 13:24:00', 21.87, 21.87, 21.87, 21.87, 200]
['2019-03-27 13:23:00', 21.92, 21.885, 21.885, 21.92, 703]
['2019-03-27 13:22:00', 21.93, 21.93, 21.93, 21.93, 500]
['2019-03-27 13:21:00', 21.91, 21.9167, 21.91, 21.9167, 300]
['2019-03-27 13:20:00', 21.93, 21.92, 21.9, 21.93, 1422]
['2019-03-27 13:19:00', 21.96, 21.95, 21.95, 21.97, 816]
['2019-03-27 13:18:00', 21.99, 21.98, 21.98, 21.99, 1573]
['2019-03-27 13:15:00', 21.97, 21.99, 21.97, 22.01, 4340]
['2019-03-27 13:14:00', 21.945, 21.955, 21.945, 21.96, 992]
['2019-03-27 13:13:00', 21.94, 21.95, 21.93, 21.955, 1985]
['2019-03-27 13:10:00', 21.945, 21.945, 21.945, 21.945, 411]
['2019-03-27 13:09:00', 21.92, 21.945, 21.92, 21.95, 2339]
['2019-03-27 13:08:00', 21.93, 21.93, 21.93, 21.935, 1462]
['2019-03-27 13:07:00', 21.94, 21.95, 21.94, 21.95, 223]
['2019-03-27 13:06:00', 21.93, 21.93, 21.93, 21.93, 550]
['2019-03-27 13:05:00', 21.92, 21.9101, 21.9101, 21.92, 782]
['2019-03-27 13:04:00', 21.88, 21.92, 21.88, 21.92, 3110]
['2019-03-27 13:03:00', 21.87, 21.87, 21.87, 21.875, 462]
['2019-03-27 13:02:00', 21.865, 21.865, 21.865, 21.865, 600]
['2019-03-27 13:01:00', 21.87, 21.87, 21.87, 21.87, 180]
['2019-03-27 13:00:00', 21.87, 21.87, 21.87, 21.87, 428]
['2019-03-27 12:59:00', 21.87, 21.865, 21.86, 21.87, 2800]
['2019-03-27 12:58:00', 21.89, 21.88, 21.87, 21.89, 3327]
['2019-03-27 12:57:00', 21.89, 21.9, 21.89, 21.9, 368]
['2019-03-27 12:56:00', 21.89, 21.89, 21.89, 21.89, 120]
['2019-03-27 12:55:00', 21.84, 21.9, 21.84, 21.9, 2196]
['2019-03-27 12:53:00', 21.86, 21.87, 21.86, 21.87, 701]
['2019-03-27 12:52:00', 21.86, 21.86, 21.86, 21.86, 550]
['2019-03-27 12:51:00', 21.87, 21.87, 21.87, 21.87, 529]
['2019-03-27 12:50:00', 21.84, 21.87, 21.7712, 21.87, 6937]
['2019-03-27 12:49:00', 21.78, 21.845, 21.78, 21.85, 3250]
['2019-03-27 12:47:00', 21.79, 21.79, 21.79, 21.79, 275]
['2019-03-27 12:46:00', 21.81, 21.81, 21.81, 21.82, 1941]
['2019-03-27 12:45:00', 21.8, 21.81, 21.8, 21.81, 875]
['2019-03-27 12:42:00', 21.79, 21.79, 21.79, 21.79, 168]
['2019-03-27 12:41:00', 21.78, 21.775, 21.775, 21.785, 696]
['2019-03-27 12:39:00', 21.77, 21.81, 21.77, 21.81, 1302]
['2019-03-27 12:38:00', 21.76, 21.76, 21.76, 21.76, 200]
['2019-03-27 12:37:00', 21.75, 21.76, 21.75, 21.76, 575]
['2019-03-27 12:35:00', 21.75, 21.74, 21.74, 21.76, 1077]
['2019-03-27 12:34:00', 21.735, 21.735, 21.735, 21.735, 900]
['2019-03-27 12:33:00', 21.74, 21.74, 21.74, 21.74, 114]
['2019-03-27 12:32:00', 21.68, 21.75, 21.68, 21.75, 9148]
['2019-03-27 12:31:00', 21.68, 21.6766, 21.67, 21.68, 1500]
['2019-03-27 12:30:00', 21.65, 21.68, 21.65, 21.68, 2074]
['2019-03-27 12:29:00', 21.67, 21.655, 21.645, 21.68, 4215]
['2019-03-27 12:28:00', 21.635, 21.67, 21.635, 21.67, 4351]
['2019-03-27 12:27:00', 21.61, 21.63, 21.6, 21.63, 2270]
['2019-03-27 12:26:00', 21.6038, 21.605, 21.6, 21.605, 2700]
['2019-03-27 12:25:00', 21.62, 21.61, 21.61, 21.62, 2335]
['2019-03-27 12:24:00', 21.635, 21.61, 21.59, 21.635, 3553]
['2019-03-27 12:23:00', 21.635, 21.635, 21.6338, 21.635, 1005]
['2019-03-27 12:22:00', 21.63, 21.64, 21.63, 21.64, 2900]
['2019-03-27 12:21:00', 21.62, 21.645, 21.62, 21.645, 3500]
['2019-03-27 12:20:00', 21.6, 21.61, 21.6, 21.61, 1000]
['2019-03-27 12:19:00', 21.59, 21.59, 21.59, 21.59, 1300]
['2019-03-27 12:18:00', 21.5893, 21.595, 21.5806, 21.603, 1479]
['2019-03-27 12:17:00', 21.58, 21.59, 21.58, 21.59, 400]
['2019-03-27 12:14:00', 21.58, 21.56, 21.56, 21.58, 364]
['2019-03-27 12:13:00', 21.56, 21.58, 21.56, 21.58, 2078]
['2019-03-27 12:12:00', 21.57, 21.57, 21.57, 21.575, 711]
['2019-03-27 12:10:00', 21.57, 21.59, 21.57, 21.59, 300]
['2019-03-27 12:07:00', 21.59, 21.59, 21.59, 21.59, 374]
['2019-03-27 12:06:00', 21.57, 21.58, 21.57, 21.59, 1786]
['2019-03-27 12:05:00', 21.57, 21.55, 21.55, 21.57, 93293]
['2019-03-27 12:02:00', 21.54, 21.54, 21.54, 21.54, 0]
['2019-03-27 12:01:00', 21.55, 21.55, 21.55, 21.55, 1116]
['2019-03-27 11:58:00', 21.55, 21.56, 21.54, 21.56, 664]
['2019-03-27 11:57:00', 21.54, 21.56, 21.53, 21.56, 848]
['2019-03-27 11:56:00', 21.525, 21.525, 21.525, 21.525, 384]
['2019-03-27 11:55:00', 21.5, 21.5, 21.5, 21.5, 303]
['2019-03-27 11:54:00', 21.5, 21.49, 21.49, 21.5, 300]
['2019-03-27 11:53:00', 21.5, 21.5, 21.5, 21.5, 200]
['2019-03-27 11:50:00', 21.51, 21.51, 21.51, 21.51, 487]
['2019-03-27 11:49:00', 21.48, 21.48, 21.48, 21.48, 100]
['2019-03-27 11:48:00', 21.48, 21.48, 21.48, 21.48, 100]
['2019-03-27 11:43:00', 21.52, 21.52, 21.52, 21.52, 617]
['2019-03-27 11:41:00', 21.51, 21.52, 21.51, 21.52, 963]
['2019-03-27 11:40:00', 21.49, 21.51, 21.49, 21.51, 203]
['2019-03-27 11:36:00', 21.5, 21.49, 21.49, 21.5, 1533]
['2019-03-27 11:35:00', 21.545, 21.53, 21.52, 21.545, 897]
['2019-03-27 11:33:00', 21.56, 21.57, 21.56, 21.57, 1100]
['2019-03-27 11:31:00', 21.54, 21.56, 21.54, 21.56, 938]
['2019-03-27 11:27:00', 21.58, 21.585, 21.57, 21.585, 736]
['2019-03-27 11:26:00', 21.56, 21.57, 21.56, 21.57, 500]
['2019-03-27 11:24:00', 21.56, 21.55, 21.55, 21.565, 721]
['2019-03-27 11:23:00', 21.6, 21.6, 21.6, 21.6, 394]
['2019-03-27 11:22:00', 21.61, 21.6, 21.6, 21.61, 1205]
['2019-03-27 11:21:00', 21.59, 21.59, 21.59, 21.59, 344]
['2019-03-27 11:20:00', 21.5782, 21.5782, 21.5782, 21.5782, 408]
['2019-03-27 11:19:00', 21.59, 21.58, 21.57, 21.59, 1075]
['2019-03-27 11:15:00', 21.6387, 21.6, 21.6, 21.6387, 1822]
['2019-03-27 11:14:00', 21.65, 21.65, 21.65, 21.65, 100]
['2019-03-27 11:12:00', 21.66, 21.66, 21.66, 21.66, 305]
['2019-03-27 11:09:00', 21.65, 21.65, 21.65, 21.65, 204]
['2019-03-27 11:08:00', 21.65, 21.66, 21.64, 21.67, 474]
['2019-03-27 11:07:00', 21.6, 21.62, 21.6, 21.64, 645]
['2019-03-27 11:05:00', 21.645, 21.66, 21.645, 21.66, 474]
['2019-03-27 11:04:00', 21.66, 21.655, 21.655, 21.66, 400]
['2019-03-27 11:01:00', 21.7, 21.72, 21.7, 21.72, 419]
['2019-03-27 11:00:00', 21.7, 21.7, 21.7, 21.7, 275]
['2019-03-27 10:58:00', 21.705, 21.705, 21.705, 21.705, 257]
['2019-03-27 10:55:00', 21.74, 21.69, 21.69, 21.75, 843]
['2019-03-27 10:54:00', 21.69, 21.715, 21.665, 21.72, 2337]
['2019-03-27 10:51:00', 21.69, 21.69, 21.69, 21.69, 494]
['2019-03-27 10:49:00', 21.7, 21.71, 21.7, 21.71, 306]
['2019-03-27 10:48:00', 21.66, 21.66, 21.66, 21.66, 100]
['2019-03-27 10:43:00', 21.73, 21.73, 21.73, 21.73, 402]
['2019-03-27 10:42:00', 21.76, 21.74, 21.73, 21.76, 545]
['2019-03-27 10:41:00', 21.73, 21.73, 21.73, 21.73, 120]
['2019-03-27 10:39:00', 21.76, 21.76, 21.72, 21.76, 807]
['2019-03-27 10:37:00', 21.8, 21.77, 21.77, 21.8, 1689]
['2019-03-27 10:36:00', 21.8, 21.7944, 21.7944, 21.8, 679]
['2019-03-27 10:35:00', 21.8, 21.8, 21.8, 21.8, 401]
['2019-03-27 10:34:00', 21.8, 21.8, 21.785, 21.8, 900]
['2019-03-27 10:33:00', 21.76, 21.77, 21.76, 21.78, 4815]
['2019-03-27 10:32:00', 21.82, 21.78, 21.78, 21.83, 3452]
['2019-03-27 10:31:00', 21.76, 21.78, 21.76, 21.78, 1200]
['2019-03-27 10:30:00', 21.77, 21.75, 21.75, 21.77, 1406]
['2019-03-27 10:28:00', 21.79, 21.775, 21.775, 21.79, 600]
['2019-03-27 10:27:00', 21.8, 21.8, 21.8, 21.8, 311]
['2019-03-27 10:26:00', 21.81, 21.81, 21.81, 21.81, 573]
['2019-03-27 10:25:00', 21.79, 21.79, 21.79, 21.79, 526]
['2019-03-27 10:22:00', 21.8, 21.75, 21.75, 21.8, 2223]
['2019-03-27 10:21:00', 21.795, 21.78, 21.77, 21.795, 800]
['2019-03-27 10:20:00', 21.76, 21.76, 21.76, 21.76, 381]
['2019-03-27 10:19:00', 21.73, 21.75, 21.73, 21.75, 305]
['2019-03-27 10:18:00', 21.73, 21.73, 21.73, 21.73, 1609]
['2019-03-27 10:16:00', 21.77, 21.71, 21.71, 21.77, 1477]
['2019-03-27 10:15:00', 21.79, 21.79, 21.79, 21.79, 344]
['2019-03-27 10:14:00', 21.75, 21.77, 21.735, 21.77, 900]
['2019-03-27 10:13:00', 21.6604, 21.7, 21.6604, 21.7, 534]
['2019-03-27 10:12:00', 21.65, 21.65, 21.65, 21.65, 101]
['2019-03-27 10:11:00', 21.665, 21.665, 21.665, 21.665, 2556]
['2019-03-27 10:10:00', 21.605, 21.67, 21.605, 21.67, 934]
['2019-03-27 10:09:00', 21.6, 21.6, 21.59, 21.62, 4700]
['2019-03-27 10:08:00', 21.57, 21.59, 21.57, 21.6, 2562]
['2019-03-27 10:07:00', 21.55, 21.585, 21.55, 21.585, 1174]
['2019-03-27 10:06:00', 21.61, 21.54, 21.54, 21.61, 2298]
['2019-03-27 10:05:00', 21.61, 21.61, 21.61, 21.61, 200]
['2019-03-27 10:04:00', 21.65, 21.63, 21.63, 21.65, 287]
['2019-03-27 10:03:00', 21.64, 21.65, 21.64, 21.65, 1500]
['2019-03-27 10:02:00', 21.64, 21.67, 21.63, 21.67, 4245]
['2019-03-27 10:01:00', 21.67, 21.67, 21.64, 21.67, 600]
['2019-03-27 10:00:00', 21.68, 21.67, 21.67, 21.7, 1800]
['2019-03-27 09:58:00', 21.66, 21.69, 21.64, 21.69, 824]
['2019-03-27 09:57:00', 21.685, 21.66, 21.65, 21.685, 3187]
['2019-03-27 09:55:00', 21.69, 21.69, 21.69, 21.69, 303]
['2019-03-27 09:54:00', 21.71, 21.71, 21.7, 21.71, 350]
['2019-03-27 09:53:00', 21.815, 21.8, 21.8, 21.815, 512]
['2019-03-27 09:51:00', 21.71, 21.75, 21.71, 21.75, 697]
['2019-03-27 09:49:00', 21.65, 21.65, 21.65, 21.65, 108]
['2019-03-27 09:48:00', 21.7001, 21.71, 21.7, 21.7364, 749]
['2019-03-27 09:46:00', 21.75, 21.73, 21.73, 21.75, 725]
['2019-03-27 09:43:00', 21.78, 21.78, 21.78, 21.78, 163]
['2019-03-27 09:41:00', 21.7, 21.7, 21.7, 21.7, 202]
['2019-03-27 09:33:00', 21.7281, 21.7281, 21.7281, 21.7281, 406]
['2019-03-27 09:31:00', 21.67, 21.765, 21.67, 22.0, 8901]
['2019-03-26 16:00:00', 21.55, 21.55, 21.55, 21.55, 7449]
['2019-03-26 15:59:00', 21.545, 21.55, 21.54, 21.55, 6851]
['2019-03-26 15:58:00', 21.57, 21.55, 21.54, 21.57, 8683]
['2019-03-26 15:57:00', 21.575, 21.57, 21.57, 21.575, 1850]
['2019-03-26 15:56:00', 21.575, 21.58, 21.57, 21.58, 5816]
['2019-03-26 15:55:00', 21.535, 21.55, 21.535, 21.55, 2603]
['2019-03-26 15:54:00', 21.52, 21.53, 21.52, 21.53, 7855]
['2019-03-26 15:53:00', 21.52, 21.525, 21.52, 21.525, 1640]
['2019-03-26 15:52:00', 21.49, 21.52, 21.49, 21.52, 3884]
['2019-03-26 15:51:00', 21.48, 21.49, 21.48, 21.49, 4272]
['2019-03-26 15:50:00', 21.475, 21.475, 21.475, 21.475, 500]
['2019-03-26 15:49:00', 21.47, 21.48, 21.47, 21.48, 1892]
['2019-03-26 15:48:00', 21.465, 21.47, 21.465, 21.47, 700]
['2019-03-26 15:47:00', 21.46, 21.47, 21.46, 21.47, 4345]
['2019-03-26 15:46:00', 21.5, 21.46, 21.46, 21.5, 2123]
['2019-03-26 15:45:00', 21.5, 21.495, 21.495, 21.5, 1806]
['2019-03-26 15:44:00', 21.5, 21.5, 21.5, 21.5, 2771]
['2019-03-26 15:43:00', 21.51, 21.5, 21.5, 21.51, 1141]
['2019-03-26 15:41:00', 21.5, 21.5, 21.5, 21.5, 1561]
['2019-03-26 15:40:00', 21.495, 21.495, 21.495, 21.495, 600]
['2019-03-26 15:39:00', 21.51, 21.5, 21.5, 21.51, 3178]
['2019-03-26 15:38:00', 21.51, 21.51, 21.51, 21.51, 416]
['2019-03-26 15:37:00', 21.515, 21.515, 21.515, 21.515, 100]
['2019-03-26 15:36:00', 21.5, 21.51, 21.5, 21.51, 3655]
['2019-03-26 15:35:00', 21.495, 21.495, 21.495, 21.5, 5229]
['2019-03-26 15:34:00', 21.5, 21.495, 21.495, 21.5, 4826]
['2019-03-26 15:33:00', 21.505, 21.51, 21.5, 21.51, 2277]
['2019-03-26 15:31:00', 21.505, 21.505, 21.505, 21.505, 669]
['2019-03-26 15:29:00', 21.5, 21.5, 21.5, 21.5, 2429]
['2019-03-26 15:28:00', 21.51, 21.52, 21.51, 21.52, 3748]
['2019-03-26 15:27:00', 21.51, 21.51, 21.51, 21.51, 100]
['2019-03-26 15:24:00', 21.51, 21.51, 21.51, 21.51, 1542]
['2019-03-26 15:23:00', 21.51, 21.51, 21.51, 21.51, 597]
['2019-03-26 15:22:00', 21.505, 21.495, 21.465, 21.505, 5622]
['2019-03-26 15:20:00', 21.5, 21.51, 21.5, 21.51, 1828]
['2019-03-26 15:19:00', 21.5, 21.5, 21.5, 21.5, 606]
['2019-03-26 15:18:00', 21.52, 21.5, 21.5, 21.52, 1082]
['2019-03-26 15:17:00', 21.52, 21.52, 21.52, 21.52, 673]
['2019-03-26 15:15:00', 21.5, 21.5, 21.48, 21.5, 7833]
['2019-03-26 15:14:00', 21.51, 21.51, 21.51, 21.51, 267]
['2019-03-26 15:13:00', 21.5, 21.51, 21.5, 21.51, 4086]
['2019-03-26 15:11:00', 21.49, 21.49, 21.49, 21.49, 1074]
['2019-03-26 15:10:00', 21.52, 21.52, 21.52, 21.52, 1049]
['2019-03-26 15:09:00', 21.5, 21.5, 21.5, 21.5, 752]
['2019-03-26 15:08:00', 21.5, 21.49, 21.49, 21.5, 3810]
['2019-03-26 15:07:00', 21.5, 21.5, 21.5, 21.5, 238]
['2019-03-26 15:06:00', 21.5, 21.5, 21.5, 21.5, 2426]
['2019-03-26 15:05:00', 21.51, 21.51, 21.51, 21.51, 290]
['2019-03-26 15:04:00', 21.54, 21.54, 21.54, 21.54, 632]
['2019-03-26 15:03:00', 21.59, 21.56, 21.56, 21.59, 1714]
['2019-03-26 15:02:00', 21.54, 21.57, 21.54, 21.57, 2216]
['2019-03-26 15:01:00', 21.54, 21.54, 21.54, 21.54, 1619]
['2019-03-26 15:00:00', 21.53, 21.53, 21.53, 21.53, 1168]
['2019-03-26 14:58:00', 21.47, 21.47, 21.47, 21.47, 1460]
['2019-03-26 14:57:00', 21.46, 21.46, 21.46, 21.46, 982]
['2019-03-26 14:55:00', 21.45, 21.455, 21.45, 21.455, 1774]
['2019-03-26 14:54:00', 21.4, 21.43, 21.395, 21.43, 6159]
['2019-03-26 14:52:00', 21.4, 21.4, 21.4, 21.4, 827]
['2019-03-26 14:51:00', 21.4, 21.4, 21.4, 21.4, 1575]
['2019-03-26 14:50:00', 21.4, 21.4, 21.4, 21.4, 944]
['2019-03-26 14:48:00', 21.4, 21.4, 21.4, 21.4, 2288]
['2019-03-26 14:47:00', 21.4, 21.39, 21.39, 21.4, 4854]
['2019-03-26 14:46:00', 21.39, 21.39, 21.39, 21.39, 2320]
['2019-03-26 14:45:00', 21.4, 21.4, 21.4, 21.4, 1120]
['2019-03-26 14:43:00', 21.4, 21.39, 21.39, 21.4, 2668]
['2019-03-26 14:42:00', 21.38, 21.4, 21.38, 21.4, 7977]
['2019-03-26 14:41:00', 21.39, 21.39, 21.39, 21.39, 400]
['2019-03-26 14:39:00', 21.385, 21.385, 21.385, 21.385, 525]
['2019-03-26 14:38:00', 21.38, 21.38, 21.38, 21.38, 1031]
['2019-03-26 14:36:00', 21.36, 21.36, 21.36, 21.36, 1682]
['2019-03-26 14:35:00', 21.36, 21.36, 21.36, 21.36, 1375]
['2019-03-26 14:33:00', 21.34, 21.35, 21.34, 21.35, 3001]
['2019-03-26 14:31:00', 21.35, 21.35, 21.35, 21.35, 760]
['2019-03-26 14:28:00', 21.36, 21.35, 21.33, 21.36, 3702]
['2019-03-26 14:25:00', 21.3401, 21.3401, 21.3401, 21.3401, 452]
['2019-03-26 14:22:00', 21.39, 21.36, 21.34, 21.39, 4059]
['2019-03-26 14:21:00', 21.4, 21.4, 21.4, 21.4, 924]
['2019-03-26 14:20:00', 21.36, 21.375, 21.36, 21.375, 1413]
['2019-03-26 14:19:00', 21.36, 21.36, 21.36, 21.36, 1070]
['2019-03-26 14:18:00', 21.35, 21.35, 21.35, 21.35, 107]
['2019-03-26 14:16:00', 21.35, 21.35, 21.35, 21.35, 2598]
['2019-03-26 14:14:00', 21.335, 21.335, 21.335, 21.335, 175]
['2019-03-26 14:13:00', 21.34, 21.34, 21.34, 21.34, 1049]
['2019-03-26 14:11:00', 21.35, 21.34, 21.34, 21.35, 2591]
['2019-03-26 14:08:00', 21.34, 21.34, 21.34, 21.34, 1162]
['2019-03-26 14:07:00', 21.32, 21.33, 21.32, 21.33, 1903]
['2019-03-26 14:06:00', 21.314, 21.314, 21.314, 21.314, 403]
['2019-03-26 14:05:00', 21.31, 21.31, 21.31, 21.31, 541]
['2019-03-26 14:04:00', 21.31, 21.31, 21.31, 21.31, 2406]
['2019-03-26 14:03:00', 21.36, 21.31, 21.31, 21.36, 3266]
['2019-03-26 14:00:00', 21.37, 21.37, 21.37, 21.37, 305]
['2019-03-26 13:59:00', 21.38, 21.37, 21.37, 21.38, 1758]
['2019-03-26 13:57:00', 21.381, 21.381, 21.381, 21.381, 618]
['2019-03-26 13:55:00', 21.385, 21.385, 21.385, 21.385, 800]
['2019-03-26 13:53:00', 21.42, 21.39, 21.39, 21.42, 1300]
['2019-03-26 13:51:00', 21.43, 21.43, 21.43, 21.43, 1067]
['2019-03-26 13:50:00', 21.415, 21.415, 21.415, 21.415, 1616]
['2019-03-26 13:49:00', 21.43, 21.43, 21.43, 21.43, 3726]
['2019-03-26 13:47:00', 21.4, 21.4, 21.4, 21.4, 548]
['2019-03-26 13:46:00', 21.37, 21.37, 21.37, 21.37, 655]
['2019-03-26 13:44:00', 21.36, 21.36, 21.36, 21.36, 1614]
['2019-03-26 13:43:00', 21.35, 21.35, 21.35, 21.35, 202]
['2019-03-26 13:42:00', 21.39, 21.36, 21.36, 21.39, 2601]
['2019-03-26 13:38:00', 21.41, 21.4, 21.395, 21.41, 2988]
['2019-03-26 13:35:00', 21.42, 21.42, 21.42, 21.42, 500]
['2019-03-26 13:34:00', 21.47, 21.425, 21.425, 21.47, 2313]
['2019-03-26 13:33:00', 21.47, 21.47, 21.47, 21.47, 1449]
['2019-03-26 13:32:00', 21.48, 21.48, 21.48, 21.48, 1132]
['2019-03-26 13:29:00', 21.47, 21.47, 21.47, 21.47, 686]
['2019-03-26 13:28:00', 21.46, 21.46, 21.46, 21.46, 1291]
['2019-03-26 13:26:00', 21.5, 21.46, 21.46, 21.5, 4298]
['2019-03-26 13:25:00', 21.5, 21.5, 21.5, 21.5, 100]
['2019-03-26 13:23:00', 21.51, 21.505, 21.505, 21.51, 788]
['2019-03-26 13:20:00', 21.5, 21.5, 21.5, 21.5, 1238]
['2019-03-26 13:19:00', 21.49, 21.49, 21.49, 21.49, 935]
['2019-03-26 13:18:00', 21.455, 21.47, 21.455, 21.47, 1106]
['2019-03-26 13:16:00', 21.45, 21.45, 21.45, 21.45, 525]
['2019-03-26 13:15:00', 21.45, 21.46, 21.45, 21.46, 1233]
['2019-03-26 13:13:00', 21.44, 21.44, 21.44, 21.44, 611]
['2019-03-26 13:12:00', 21.43, 21.43, 21.43, 21.43, 1373]
['2019-03-26 13:11:00', 21.41, 21.41, 21.41, 21.41, 208]
['2019-03-26 13:10:00', 21.42, 21.42, 21.42, 21.42, 817]
['2019-03-26 13:08:00', 21.42, 21.42, 21.42, 21.42, 2623]
['2019-03-26 13:07:00', 21.42, 21.42, 21.42, 21.42, 238]
['2019-03-26 13:06:00', 21.43, 21.42, 21.42, 21.43, 3030]
['2019-03-26 13:05:00', 21.42, 21.43, 21.42, 21.43, 2774]
['2019-03-26 13:04:00', 21.405, 21.41, 21.405, 21.41, 1105]
['2019-03-26 13:02:00', 21.405, 21.41, 21.405, 21.41, 1986]
['2019-03-26 12:59:00', 21.41, 21.39, 21.39, 21.41, 2186]
['2019-03-26 12:57:00', 21.42, 21.42, 21.42, 21.42, 211]
['2019-03-26 12:55:00', 21.41, 21.42, 21.41, 21.42, 2757]
['2019-03-26 12:54:00', 21.42, 21.42, 21.42, 21.42, 604]
['2019-03-26 12:52:00', 21.42, 21.43, 21.42, 21.43, 2390]
['2019-03-26 12:50:00', 21.415, 21.415, 21.415, 21.415, 3156]
['2019-03-26 12:49:00', 21.415, 21.415, 21.415, 21.415, 100]
['2019-03-26 12:48:00', 21.42, 21.42, 21.42, 21.42, 874]
['2019-03-26 12:47:00', 21.405, 21.405, 21.405, 21.405, 323]
['2019-03-26 12:45:00', 21.3936, 21.3936, 21.3936, 21.3936, 572]
['2019-03-26 12:43:00', 21.42, 21.4, 21.39, 21.42, 2667]
['2019-03-26 12:42:00', 21.42, 21.42, 21.42, 21.42, 1100]
['2019-03-26 12:41:00', 21.48, 21.46, 21.46, 21.48, 1639]
['2019-03-26 12:38:00', 21.5, 21.5, 21.5, 21.5, 1500]
['2019-03-26 12:36:00', 21.475, 21.475, 21.475, 21.475, 600]
['2019-03-26 12:35:00', 21.48, 21.48, 21.48, 21.48, 500]
['2019-03-26 12:34:00', 21.46, 21.48, 21.46, 21.48, 2004]
['2019-03-26 12:33:00', 21.47, 21.47, 21.47, 21.47, 1175]
['2019-03-26 12:30:00', 21.47, 21.47, 21.47, 21.47, 1880]
['2019-03-26 12:29:00', 21.44, 21.44, 21.44, 21.44, 878]
['2019-03-26 12:28:00', 21.48, 21.48, 21.48, 21.48, 1058]
['2019-03-26 12:27:00', 21.48, 21.48, 21.48, 21.48, 400]
['2019-03-26 12:24:00', 21.47, 21.48, 21.47, 21.48, 4914]
['2019-03-26 12:23:00', 21.48, 21.48, 21.48, 21.48, 1130]
['2019-03-26 12:21:00', 21.49, 21.49, 21.49, 21.49, 613]
['2019-03-26 12:19:00', 21.4934, 21.49, 21.49, 21.4934, 2482]
['2019-03-26 12:18:00', 21.515, 21.515, 21.515, 21.515, 3431]
['2019-03-26 12:17:00', 21.46, 21.46, 21.46, 21.46, 1044]
['2019-03-26 12:16:00', 21.43, 21.45, 21.43, 21.45, 5427]
['2019-03-26 12:14:00', 21.4263, 21.4263, 21.4263, 21.4263, 1576]
['2019-03-26 12:13:00', 21.44, 21.44, 21.44, 21.44, 600]
['2019-03-26 12:12:00', 21.51, 21.48, 21.48, 21.51, 4613]
['2019-03-26 12:11:00', 21.51, 21.51, 21.51, 21.51, 1913]
['2019-03-26 12:10:00', 21.51, 21.5, 21.5, 21.51, 1450]
['2019-03-26 12:08:00', 21.535, 21.535, 21.535, 21.535, 579]
['2019-03-26 12:07:00', 21.57, 21.58, 21.57, 21.58, 3640]
['2019-03-26 12:06:00', 21.56, 21.56, 21.56, 21.56, 1985]
['2019-03-26 12:01:00', 21.571, 21.571, 21.571, 21.571, 1038]
['2019-03-26 12:00:00', 21.57, 21.57, 21.57, 21.57, 1098]
['2019-03-26 11:59:00', 21.55, 21.56, 21.54, 21.57, 4324]
['2019-03-26 11:58:00', 21.54, 21.535, 21.535, 21.54, 1345]
['2019-03-26 11:57:00', 21.54, 21.54, 21.54, 21.54, 1222]
['2019-03-26 11:56:00', 21.505, 21.52, 21.505, 21.52, 1594]
['2019-03-26 11:55:00', 21.52, 21.52, 21.52, 21.52, 1130]
['2019-03-26 11:53:00', 21.55, 21.53, 21.53, 21.55, 2294]
['2019-03-26 11:51:00', 21.58, 21.58, 21.58, 21.58, 600]
['2019-03-26 11:50:00', 21.57, 21.57, 21.57, 21.57, 816]
['2019-03-26 11:49:00', 21.56, 21.57, 21.56, 21.57, 2775]
['2019-03-26 11:48:00', 21.605, 21.6, 21.6, 21.605, 2299]
['2019-03-26 11:46:00', 21.59, 21.6, 21.59, 21.6, 1527]
['2019-03-26 11:44:00', 21.62, 21.615, 21.615, 21.62, 1714]
['2019-03-26 11:42:00', 21.64, 21.6103, 21.6103, 21.64, 1503]
['2019-03-26 11:41:00', 21.65, 21.65, 21.65, 21.65, 416]
['2019-03-26 11:40:00', 21.65, 21.65, 21.65, 21.65, 1107]
['2019-03-26 11:39:00', 21.65, 21.65, 21.65, 21.65, 300]
['2019-03-26 11:38:00', 21.65, 21.65, 21.65, 21.65, 1622]
['2019-03-26 11:36:00', 21.67, 21.63, 21.63, 21.67, 1810]
['2019-03-26 11:35:00', 21.66, 21.66, 21.66, 21.66, 1195]
['2019-03-26 11:32:00', 21.665, 21.65, 21.65, 21.665, 1223]
['2019-03-26 11:30:00', 21.66, 21.69, 21.66, 21.69, 4168]
['2019-03-26 11:29:00', 21.64, 21.64, 21.64, 21.64, 200]
['2019-03-26 11:28:00', 21.625, 21.625, 21.625, 21.625, 400]
['2019-03-26 11:26:00', 21.62, 21.63, 21.62, 21.63, 2849]
['2019-03-26 11:25:00', 21.5925, 21.6, 21.5925, 21.6, 2645]
['2019-03-26 11:24:00', 21.61, 21.61, 21.61, 21.61, 200]
['2019-03-26 11:22:00', 21.6, 21.6, 21.6, 21.6, 710]
['2019-03-26 11:15:00', 21.6, 21.6, 21.6, 21.6, 608]
['2019-03-26 11:12:00', 21.64, 21.64, 21.64, 21.64, 589]
['2019-03-26 11:11:00', 21.63, 21.64, 21.63, 21.65, 2625]
['2019-03-26 11:10:00', 21.63, 21.63, 21.63, 21.63, 700]
['2019-03-26 11:09:00', 21.63, 21.63, 21.63, 21.63, 680]
['2019-03-26 11:08:00', 21.65, 21.65, 21.65, 21.65, 200]
['2019-03-26 11:06:00', 21.67, 21.67, 21.67, 21.67, 719]
['2019-03-26 11:02:00', 21.65, 21.67, 21.65, 21.67, 2316]
['2019-03-26 11:01:00', 21.64, 21.64, 21.64, 21.64, 1109]
['2019-03-26 11:00:00', 21.65, 21.65, 21.65, 21.65, 2951]
['2019-03-26 10:58:00', 21.6303, 21.6303, 21.6303, 21.6303, 225]
['2019-03-26 10:57:00', 21.66, 21.66, 21.66, 21.66, 652]
['2019-03-26 10:55:00', 21.67, 21.67, 21.67, 21.67, 613]
['2019-03-26 10:52:00', 21.67, 21.66, 21.66, 21.67, 1944]
['2019-03-26 10:51:00', 21.68, 21.68, 21.68, 21.68, 1334]
['2019-03-26 10:50:00', 21.62, 21.62, 21.62, 21.62, 515]
['2019-03-26 10:49:00', 21.6, 21.6, 21.6, 21.6, 1074]
['2019-03-26 10:46:00', 21.57, 21.57, 21.57, 21.57, 261]
['2019-03-26 10:44:00', 21.585, 21.585, 21.585, 21.585, 500]
['2019-03-26 10:40:00', 21.56, 21.6, 21.56, 21.6, 2065]
['2019-03-26 10:38:00', 21.54, 21.53, 21.52, 21.54, 2537]
['2019-03-26 10:36:00', 21.5645, 21.5645, 21.5645, 21.5645, 168]
['2019-03-26 10:35:00', 21.55, 21.55, 21.55, 21.55, 620]
['2019-03-26 10:34:00', 21.52, 21.54, 21.52, 21.54, 2038]
['2019-03-26 10:33:00', 21.535, 21.535, 21.535, 21.535, 264]
['2019-03-26 10:31:00', 21.48, 21.55, 21.48, 21.55, 1326]
['2019-03-26 10:29:00', 21.5, 21.5, 21.5, 21.5, 560]
['2019-03-26 10:28:00', 21.48, 21.5, 21.48, 21.5, 2427]
['2019-03-26 10:27:00', 21.49, 21.49, 21.49, 21.49, 400]
['2019-03-26 10:24:00', 21.5, 21.5, 21.5, 21.5, 607]
['2019-03-26 10:23:00', 21.5, 21.53, 21.5, 21.53, 1939]
['2019-03-26 10:22:00', 21.43, 21.48, 21.43, 21.48, 2199]
['2019-03-26 10:20:00', 21.45, 21.44, 21.44, 21.45, 704]
['2019-03-26 10:18:00', 21.46, 21.46, 21.46, 21.46, 290]
['2019-03-26 10:16:00', 21.5, 21.5, 21.5, 21.5, 900]
['2019-03-26 10:14:00', 21.52, 21.53, 21.52, 21.53, 1624]
['2019-03-26 10:13:00', 21.5, 21.5, 21.5, 21.5, 1840]
['2019-03-26 10:12:00', 21.47, 21.47, 21.47, 21.47, 1575]
['2019-03-26 10:11:00', 21.45, 21.43, 21.43, 21.45, 2367]
['2019-03-26 10:09:00', 21.47, 21.47, 21.47, 21.47, 200]
['2019-03-26 10:08:00', 21.43, 21.47, 21.43, 21.47, 2268]
['2019-03-26 10:07:00', 21.49, 21.49, 21.49, 21.49, 1202]
['2019-03-26 10:06:00', 21.55, 21.55, 21.55, 21.55, 1580]
['2019-03-26 10:05:00', 21.56, 21.55, 21.55, 21.56, 4534]
['2019-03-26 10:04:00', 21.55, 21.5355, 21.5355, 21.55, 4825]
['2019-03-26 10:03:00', 21.5, 21.5, 21.5, 21.5, 1001]
['2019-03-26 10:02:00', 21.47, 21.47, 21.47, 21.47, 2643]
['2019-03-26 10:01:00', 21.46, 21.48, 21.46, 21.48, 2450]
['2019-03-26 10:00:00', 21.53, 21.53, 21.53, 21.53, 1067]
['2019-03-26 09:59:00', 21.48, 21.48, 21.48, 21.48, 800]
['2019-03-26 09:58:00', 21.47, 21.47, 21.47, 21.47, 2880]
['2019-03-26 09:55:00', 21.47, 21.46, 21.46, 21.47, 1325]
['2019-03-26 09:54:00', 21.49, 21.49, 21.49, 21.49, 2907]
['2019-03-26 09:52:00', 21.57, 21.53, 21.53, 21.57, 2872]
['2019-03-26 09:49:00', 21.57, 21.57, 21.57, 21.57, 568]
['2019-03-26 09:48:00', 21.57, 21.59, 21.57, 21.59, 4048]
['2019-03-26 09:47:00', 21.565, 21.565, 21.565, 21.565, 941]
['2019-03-26 09:45:00', 21.58, 21.58, 21.58, 21.58, 1032]
['2019-03-26 09:44:00', 21.64, 21.63, 21.63, 21.64, 1120]
['2019-03-26 09:41:00', 21.64, 21.6, 21.6, 21.64, 2082]
['2019-03-26 09:39:00', 21.655, 21.655, 21.655, 21.655, 505]
['2019-03-26 09:38:00', 21.68, 21.64, 21.61, 21.68, 4586]
['2019-03-26 09:36:00', 21.65, 21.65, 21.65, 21.65, 779]
['2019-03-26 09:31:00', 21.65, 21.65, 21.65, 21.65, 5834]
['2019-03-25 16:00:00', 21.575, 21.61, 21.575, 21.61, 36834]
['2019-03-25 15:59:00', 21.57, 21.58, 21.57, 21.58, 13290]
['2019-03-25 15:58:00', 21.545, 21.555, 21.545, 21.56, 4573]
['2019-03-25 15:57:00', 21.53, 21.54, 21.52, 21.54, 5039]
['2019-03-25 15:56:00', 21.53, 21.535, 21.53, 21.535, 7076]
['2019-03-25 15:55:00', 21.535, 21.54, 21.535, 21.54, 1464]
['2019-03-25 15:54:00', 21.535, 21.54, 21.535, 21.54, 1072]
['2019-03-25 15:53:00', 21.535, 21.535, 21.535, 21.535, 977]
['2019-03-25 15:52:00', 21.53, 21.535, 21.53, 21.555, 5574]
['2019-03-25 15:51:00', 21.53, 21.525, 21.51, 21.53, 4242]
['2019-03-25 15:50:00', 21.505, 21.505, 21.5, 21.515, 17764]
['2019-03-25 15:49:00', 21.52, 21.505, 21.505, 21.52, 3243]
['2019-03-25 15:48:00', 21.54, 21.52, 21.52, 21.545, 7282]
['2019-03-25 15:47:00', 21.545, 21.54, 21.54, 21.545, 2210]
['2019-03-25 15:46:00', 21.52, 21.55, 21.52, 21.55, 4708]
['2019-03-25 15:44:00', 21.52, 21.52, 21.52, 21.52, 657]
['2019-03-25 15:43:00', 21.51, 21.51, 21.51, 21.51, 2551]
['2019-03-25 15:42:00', 21.52, 21.51, 21.51, 21.52, 4196]
['2019-03-25 15:41:00', 21.54, 21.535, 21.535, 21.54, 1907]
['2019-03-25 15:40:00', 21.545, 21.545, 21.545, 21.545, 1282]
['2019-03-25 15:39:00', 21.565, 21.56, 21.56, 21.565, 1748]
['2019-03-25 15:38:00', 21.57, 21.58, 21.57, 21.58, 3736]
['2019-03-25 15:37:00', 21.56, 21.56, 21.56, 21.56, 551]
['2019-03-25 15:36:00', 21.56, 21.56, 21.56, 21.56, 216]
['2019-03-25 15:35:00', 21.56, 21.56, 21.56, 21.56, 401]
['2019-03-25 15:34:00', 21.555, 21.555, 21.555, 21.555, 225]
['2019-03-25 15:33:00', 21.56, 21.56, 21.56, 21.56, 163]
['2019-03-25 15:31:00', 21.605, 21.575, 21.575, 21.605, 2492]
['2019-03-25 15:30:00', 21.62, 21.62, 21.62, 21.62, 792]
['2019-03-25 15:29:00', 21.63, 21.63, 21.63, 21.63, 317]
['2019-03-25 15:28:00', 21.645, 21.625, 21.625, 21.645, 2769]
['2019-03-25 15:27:00', 21.63, 21.63, 21.63, 21.63, 1438]
['2019-03-25 15:26:00', 21.61, 21.6, 21.6, 21.61, 1433]
['2019-03-25 15:24:00', 21.61, 21.62, 21.61, 21.62, 1304]
['2019-03-25 15:23:00', 21.59, 21.605, 21.59, 21.605, 4126]
['2019-03-25 15:22:00', 21.59, 21.585, 21.585, 21.59, 1903]
['2019-03-25 15:21:00', 21.58, 21.58, 21.58, 21.58, 710]
['2019-03-25 15:18:00', 21.595, 21.595, 21.595, 21.595, 903]
['2019-03-25 15:17:00', 21.615, 21.615, 21.615, 21.615, 154]
['2019-03-25 15:16:00', 21.615, 21.62, 21.615, 21.62, 927]
['2019-03-25 15:14:00', 21.62, 21.62, 21.62, 21.63, 1680]
['2019-03-25 15:13:00', 21.615, 21.615, 21.615, 21.615, 801]
['2019-03-25 15:12:00', 21.6, 21.62, 21.6, 21.62, 2521]
['2019-03-25 15:11:00', 21.6, 21.6, 21.6, 21.6, 393]
['2019-03-25 15:10:00', 21.59, 21.5925, 21.59, 21.5925, 877]
['2019-03-25 15:08:00', 21.59, 21.59, 21.59, 21.59, 461]
['2019-03-25 15:07:00', 21.6, 21.59, 21.59, 21.6, 1312]
['2019-03-25 15:06:00', 21.595, 21.595, 21.595, 21.595, 269]
['2019-03-25 15:05:00', 21.6, 21.6, 21.6, 21.6, 365]
['2019-03-25 15:04:00', 21.605, 21.605, 21.605, 21.605, 302]
['2019-03-25 15:03:00', 21.64, 21.64, 21.64, 21.64, 300]
['2019-03-25 15:02:00', 21.635, 21.635, 21.635, 21.635, 124]
['2019-03-25 15:01:00', 21.63, 21.64, 21.63, 21.64, 1893]
['2019-03-25 15:00:00', 21.64, 21.64, 21.64, 21.64, 1016]
['2019-03-25 14:59:00', 21.635, 21.6392, 21.635, 21.6392, 2242]
['2019-03-25 14:58:00', 21.64, 21.65, 21.64, 21.65, 2251]
['2019-03-25 14:57:00', 21.62, 21.62, 21.62, 21.62, 205]
['2019-03-25 14:55:00', 21.63, 21.63, 21.63, 21.63, 502]
['2019-03-25 14:54:00', 21.64, 21.64, 21.64, 21.64, 300]
['2019-03-25 14:52:00', 21.65, 21.65, 21.65, 21.65, 351]
['2019-03-25 14:51:00', 21.67, 21.66, 21.66, 21.67, 554]
['2019-03-25 14:50:00', 21.69, 21.69, 21.69, 21.69, 213]
['2019-03-25 14:47:00', 21.7, 21.7, 21.7, 21.7, 128]
['2019-03-25 14:46:00', 21.7, 21.7, 21.7, 21.7, 757]
['2019-03-25 14:45:00', 21.715, 21.71, 21.71, 21.715, 1991]
['2019-03-25 14:44:00', 21.69, 21.715, 21.69, 21.715, 1813]
['2019-03-25 14:43:00', 21.68, 21.68, 21.68, 21.68, 686]
['2019-03-25 14:42:00', 21.66, 21.66, 21.66, 21.66, 1293]
['2019-03-25 14:41:00', 21.65, 21.67, 21.65, 21.72, 7283]
['2019-03-25 14:39:00', 21.645, 21.645, 21.645, 21.645, 750]
['2019-03-25 14:38:00', 21.64, 21.64, 21.64, 21.64, 640]
['2019-03-25 14:35:00', 21.645, 21.645, 21.645, 21.645, 419]
['2019-03-25 14:32:00', 21.65, 21.65, 21.65, 21.65, 1116]
['2019-03-25 14:31:00', 21.63, 21.64, 21.63, 21.64, 1791]
['2019-03-25 14:30:00', 21.625, 21.625, 21.625, 21.625, 300]
['2019-03-25 14:29:00', 21.625, 21.62, 21.62, 21.625, 1476]
['2019-03-25 14:28:00', 21.62, 21.61, 21.61, 21.62, 1937]
['2019-03-25 14:27:00', 21.62, 21.63, 21.62, 21.63, 2254]
['2019-03-25 14:26:00', 21.59, 21.6, 21.59, 21.6, 1214]
['2019-03-25 14:25:00', 21.585, 21.58, 21.58, 21.585, 1733]
['2019-03-25 14:24:00', 21.585, 21.6, 21.585, 21.6, 3855]
['2019-03-25 14:23:00', 21.58, 21.58, 21.58, 21.58, 957]
['2019-03-25 14:22:00', 21.58, 21.58, 21.58, 21.58, 200]
['2019-03-25 14:20:00', 21.595, 21.595, 21.595, 21.595, 398]
['2019-03-25 14:18:00', 21.59, 21.59, 21.59, 21.59, 1413]
['2019-03-25 14:17:00', 21.59, 21.595, 21.59, 21.595, 1359]
['2019-03-25 14:14:00', 21.585, 21.595, 21.585, 21.595, 1775]
['2019-03-25 14:13:00', 21.58, 21.58, 21.57, 21.58, 4208]
['2019-03-25 14:12:00', 21.555, 21.555, 21.555, 21.555, 200]
['2019-03-25 14:09:00', 21.55, 21.55, 21.55, 21.55, 788]
['2019-03-25 14:08:00', 21.55, 21.55, 21.55, 21.55, 958]
['2019-03-25 14:07:00', 21.52, 21.525, 21.52, 21.525, 5058]
['2019-03-25 14:06:00', 21.535, 21.535, 21.535, 21.535, 304]
['2019-03-25 14:03:00', 21.55, 21.55, 21.55, 21.55, 653]
['2019-03-25 14:02:00', 21.55, 21.55, 21.55, 21.55, 400]
['2019-03-25 14:00:00', 21.515, 21.545, 21.515, 21.55, 4465]
['2019-03-25 13:58:00', 21.515, 21.515, 21.515, 21.515, 277]
['2019-03-25 13:57:00', 21.52, 21.52, 21.52, 21.52, 674]
['2019-03-25 13:55:00', 21.54, 21.54, 21.54, 21.54, 885]
['2019-03-25 13:54:00', 21.56, 21.565, 21.56, 21.565, 1265]
['2019-03-25 13:51:00', 21.57, 21.57, 21.57, 21.57, 535]
['2019-03-25 13:50:00', 21.545, 21.55, 21.545, 21.55, 2127]
['2019-03-25 13:49:00', 21.5218, 21.54, 21.52, 21.54, 2988]
['2019-03-25 13:48:00', 21.52, 21.52, 21.52, 21.52, 575]
['2019-03-25 13:47:00', 21.52, 21.52, 21.52, 21.52, 1344]
['2019-03-25 13:45:00', 21.545, 21.545, 21.545, 21.545, 103]
['2019-03-25 13:44:00', 21.55, 21.55, 21.55, 21.55, 304]
['2019-03-25 13:42:00', 21.58, 21.58, 21.58, 21.58, 449]
['2019-03-25 13:41:00', 21.58, 21.58, 21.58, 21.58, 109]
['2019-03-25 13:38:00', 21.61, 21.62, 21.61, 21.62, 1840]
['2019-03-25 13:36:00', 21.59, 21.61, 21.59, 21.61, 3138]
['2019-03-25 13:35:00', 21.575, 21.575, 21.575, 21.575, 200]
['2019-03-25 13:33:00', 21.575, 21.575, 21.575, 21.575, 215]
['2019-03-25 13:32:00', 21.575, 21.575, 21.575, 21.575, 322]
['2019-03-25 13:28:00', 21.5764, 21.5764, 21.5764, 21.5764, 698]
['2019-03-25 13:26:00', 21.62, 21.62, 21.62, 21.62, 489]
['2019-03-25 13:24:00', 21.625, 21.61, 21.61, 21.625, 1631]
['2019-03-25 13:23:00', 21.615, 21.615, 21.615, 21.615, 900]
['2019-03-25 13:22:00', 21.63, 21.63, 21.63, 21.63, 523]
['2019-03-25 13:20:00', 21.63, 21.63, 21.63, 21.63, 834]
['2019-03-25 13:19:00', 21.63, 21.63, 21.63, 21.63, 169]
['2019-03-25 13:18:00', 21.63, 21.63, 21.63, 21.63, 520]
['2019-03-25 13:16:00', 21.63, 21.64, 21.63, 21.64, 1563]
['2019-03-25 13:14:00', 21.68, 21.68, 21.68, 21.68, 653]
['2019-03-25 13:13:00', 21.67, 21.67, 21.67, 21.67, 1434]
['2019-03-25 13:11:00', 21.65, 21.65, 21.65, 21.65, 482]
['2019-03-25 13:10:00', 21.64, 21.64, 21.64, 21.64, 248]
['2019-03-25 13:09:00', 21.64, 21.64, 21.64, 21.64, 600]
['2019-03-25 13:08:00', 21.66, 21.615, 21.615, 21.66, 2319]
['2019-03-25 13:07:00', 21.605, 21.64, 21.605, 21.64, 2415]
['2019-03-25 13:05:00', 21.6, 21.6, 21.6, 21.6, 919]
['2019-03-25 13:04:00', 21.595, 21.595, 21.595, 21.595, 722]
['2019-03-25 13:03:00', 21.615, 21.615, 21.615, 21.615, 334]
['2019-03-25 13:02:00', 21.625, 21.63, 21.625, 21.64, 6061]
['2019-03-25 13:01:00', 21.62, 21.62, 21.62, 21.62, 448]
['2019-03-25 13:00:00', 21.595, 21.61, 21.595, 21.61, 2859]
['2019-03-25 12:58:00', 21.57, 21.57, 21.57, 21.57, 1215]
['2019-03-25 12:53:00', 21.555, 21.56, 21.555, 21.57, 6391]
['2019-03-25 12:51:00', 21.54, 21.545, 21.54, 21.545, 1562]
['2019-03-25 12:48:00', 21.515, 21.5125, 21.5125, 21.515, 1288]
['2019-03-25 12:47:00', 21.52, 21.51, 21.51, 21.52, 1343]
['2019-03-25 12:46:00', 21.515, 21.515, 21.515, 21.515, 825]
['2019-03-25 12:45:00', 21.53, 21.53, 21.53, 21.53, 1049]
['2019-03-25 12:44:00', 21.53, 21.53, 21.53, 21.53, 1299]
['2019-03-25 12:43:00', 21.51, 21.53, 21.51, 21.53, 3590]
['2019-03-25 12:41:00', 21.51, 21.51, 21.51, 21.51, 2035]
['2019-03-25 12:39:00', 21.505, 21.505, 21.505, 21.505, 550]
['2019-03-25 12:38:00', 21.5, 21.5, 21.5, 21.5, 242]
['2019-03-25 12:37:00', 21.51, 21.51, 21.51, 21.51, 303]
['2019-03-25 12:36:00', 21.49, 21.5, 21.49, 21.5, 5680]
['2019-03-25 12:33:00', 21.5, 21.5, 21.5, 21.5, 2587]
['2019-03-25 12:31:00', 21.535, 21.535, 21.535, 21.535, 419]
['2019-03-25 12:28:00', 21.59, 21.57, 21.57, 21.59, 2924]
['2019-03-25 12:26:00', 21.58, 21.58, 21.58, 21.58, 700]
['2019-03-25 12:25:00', 21.57, 21.575, 21.57, 21.575, 622]
['2019-03-25 12:23:00', 21.58, 21.58, 21.58, 21.58, 486]
['2019-03-25 12:22:00', 21.56, 21.58, 21.56, 21.58, 1532]
['2019-03-25 12:18:00', 21.535, 21.535, 21.535, 21.535, 701]
['2019-03-25 12:13:00', 21.65, 21.64, 21.64, 21.65, 1037]
['2019-03-25 12:12:00', 21.64, 21.65, 21.64, 21.65, 1949]
['2019-03-25 12:11:00', 21.61, 21.61, 21.61, 21.61, 1070]
['2019-03-25 12:09:00', 21.63, 21.6198, 21.6198, 21.63, 1548]
['2019-03-25 12:07:00', 21.65, 21.65, 21.65, 21.65, 925]
['2019-03-25 12:06:00', 21.66, 21.66, 21.66, 21.66, 1242]
['2019-03-25 12:05:00', 21.62, 21.69, 21.62, 21.69, 3254]
['2019-03-25 12:04:00', 21.59, 21.59, 21.59, 21.59, 435]
['2019-03-25 12:03:00', 21.58, 21.58, 21.58, 21.58, 125]
['2019-03-25 12:02:00', 21.58, 21.58, 21.58, 21.58, 1205]
['2019-03-25 12:01:00', 21.545, 21.545, 21.545, 21.545, 1000]
['2019-03-25 12:00:00', 21.55, 21.55, 21.55, 21.55, 900]
['2019-03-25 11:59:00', 21.54, 21.55, 21.54, 21.55, 1501]
['2019-03-25 11:57:00', 21.55, 21.55, 21.55, 21.55, 780]
['2019-03-25 11:55:00', 21.49, 21.52, 21.49, 21.52, 2931]
['2019-03-25 11:52:00', 21.475, 21.475, 21.475, 21.475, 168]
['2019-03-25 11:50:00', 21.51, 21.51, 21.51, 21.51, 1400]
['2019-03-25 11:49:00', 21.48, 21.52, 21.48, 21.52, 3630]
['2019-03-25 11:48:00', 21.48, 21.48, 21.48, 21.48, 723]
['2019-03-25 11:47:00', 21.46, 21.46, 21.46, 21.46, 100]
['2019-03-25 11:45:00', 21.44, 21.44, 21.44, 21.44, 100]
['2019-03-25 11:43:00', 21.49, 21.49, 21.49, 21.49, 154]
['2019-03-25 11:42:00', 21.52, 21.52, 21.52, 21.52, 711]
['2019-03-25 11:41:00', 21.555, 21.555, 21.555, 21.555, 700]
['2019-03-25 11:40:00', 21.56, 21.55, 21.55, 21.575, 3247]
['2019-03-25 11:38:00', 21.57, 21.57, 21.57, 21.57, 600]
['2019-03-25 11:37:00', 21.57, 21.57, 21.57, 21.57, 2033]
['2019-03-25 11:34:00', 21.63, 21.63, 21.63, 21.63, 953]
['2019-03-25 11:33:00', 21.69, 21.69, 21.69, 21.69, 1300]
['2019-03-25 11:32:00', 21.69, 21.69, 21.69, 21.69, 498]
['2019-03-25 11:31:00', 21.69, 21.69, 21.69, 21.69, 837]
['2019-03-25 11:30:00', 21.7, 21.7, 21.7, 21.7, 1653]
['2019-03-25 11:29:00', 21.7, 21.7, 21.7, 21.7, 304]
['2019-03-25 11:28:00', 21.69, 21.69, 21.69, 21.69, 536]
['2019-03-25 11:26:00', 21.66, 21.67, 21.66, 21.67, 1950]
['2019-03-25 11:25:00', 21.67, 21.67, 21.67, 21.67, 1249]
['2019-03-25 11:24:00', 21.66, 21.66, 21.66, 21.66, 426]
['2019-03-25 11:23:00', 21.645, 21.64, 21.64, 21.6525, 4164]
['2019-03-25 11:22:00', 21.63, 21.63, 21.63, 21.63, 1515]
['2019-03-25 11:21:00', 21.63, 21.63, 21.63, 21.63, 333]
['2019-03-25 11:20:00', 21.58, 21.61, 21.58, 21.61, 2423]
['2019-03-25 11:19:00', 21.57, 21.57, 21.57, 21.57, 1077]
['2019-03-25 11:18:00', 21.61, 21.59, 21.59, 21.61, 2555]
['2019-03-25 11:17:00', 21.6, 21.6, 21.6, 21.6, 1329]
['2019-03-25 11:15:00', 21.53, 21.545, 21.53, 21.545, 2721]
['2019-03-25 11:14:00', 21.5, 21.5, 21.5, 21.5, 500]
['2019-03-25 11:12:00', 21.5, 21.5, 21.5, 21.5, 1134]
['2019-03-25 11:10:00', 21.49, 21.5, 21.49, 21.5, 2471]
['2019-03-25 11:09:00', 21.48, 21.48, 21.48, 21.48, 1200]
['2019-03-25 11:08:00', 21.45, 21.45, 21.45, 21.45, 642]
['2019-03-25 11:07:00', 21.41, 21.41, 21.41, 21.41, 200]
['2019-03-25 11:02:00', 21.36, 21.41, 21.36, 21.41, 4780]
['2019-03-25 11:00:00', 21.34, 21.34, 21.34, 21.34, 1000]
['2019-03-25 10:59:00', 21.31, 21.31, 21.31, 21.31, 400]
['2019-03-25 10:57:00', 21.35, 21.325, 21.325, 21.35, 444]
['2019-03-25 10:55:00', 21.33, 21.33, 21.33, 21.33, 948]
['2019-03-25 10:52:00', 21.33, 21.33, 21.33, 21.33, 1171]
['2019-03-25 10:48:00', 21.3, 21.3, 21.3, 21.3, 600]
['2019-03-25 10:46:00', 21.36, 21.36, 21.36, 21.36, 860]
['2019-03-25 10:44:00', 21.2899, 21.31, 21.2899, 21.33, 5542]
['2019-03-25 10:43:00', 21.26, 21.26, 21.26, 21.26, 720]
['2019-03-25 10:42:00', 21.245, 21.245, 21.245, 21.245, 1434]
['2019-03-25 10:41:00', 21.29, 21.26, 21.26, 21.29, 1235]
['2019-03-25 10:38:00', 21.33, 21.33, 21.33, 21.33, 562]
['2019-03-25 10:36:00', 21.38, 21.38, 21.38, 21.38, 1054]
['2019-03-25 10:33:00', 21.42, 21.42, 21.42, 21.42, 612]
['2019-03-25 10:32:00', 21.32, 21.42, 21.32, 21.42, 5023]
['2019-03-25 10:30:00', 21.3, 21.28, 21.28, 21.3, 497]
['2019-03-25 10:28:00', 21.32, 21.32, 21.32, 21.32, 694]
['2019-03-25 10:27:00', 21.36, 21.3, 21.29, 21.36, 5139]
['2019-03-25 10:25:00', 21.38, 21.38, 21.38, 21.38, 447]
['2019-03-25 10:23:00', 21.44, 21.44, 21.44, 21.44, 1400]
['2019-03-25 10:22:00', 21.46, 21.46, 21.46, 21.46, 1096]
['2019-03-25 10:21:00', 21.44, 21.44, 21.44, 21.44, 400]
['2019-03-25 10:20:00', 21.43, 21.43, 21.43, 21.43, 2049]
['2019-03-25 10:18:00', 21.36, 21.34, 21.34, 21.36, 5074]
['2019-03-25 10:15:00', 21.28, 21.28, 21.28, 21.28, 703]
['2019-03-25 10:14:00', 21.2371, 21.2371, 21.2371, 21.2371, 1176]
['2019-03-25 10:13:00', 21.21, 21.21, 21.21, 21.21, 1006]
['2019-03-25 10:12:00', 21.21, 21.21, 21.21, 21.21, 2359]
['2019-03-25 10:11:00', 21.19, 21.19, 21.19, 21.19, 938]
['2019-03-25 10:10:00', 21.18, 21.18, 21.18, 21.18, 615]
['2019-03-25 10:09:00', 21.2, 21.2, 21.2, 21.2, 600]
['2019-03-25 10:07:00', 21.14, 21.16, 21.14, 21.16, 6882]
['2019-03-25 10:04:00', 21.14, 21.115, 21.115, 21.14, 1394]
['2019-03-25 10:03:00', 21.12, 21.14, 21.12, 21.14, 5101]
['2019-03-25 10:02:00', 21.12, 21.14, 21.12, 21.14, 4910]
['2019-03-25 10:01:00', 21.195, 21.195, 21.195, 21.195, 864]
['2019-03-25 10:00:00', 21.18, 21.18, 21.18, 21.18, 862]
['2019-03-25 09:59:00', 21.15, 21.15, 21.15, 21.15, 2905]
['2019-03-25 09:58:00', 21.22, 21.22, 21.22, 21.22, 1300]
['2019-03-25 09:57:00', 21.175, 21.175, 21.175, 21.175, 2556]
['2019-03-25 09:55:00', 21.23, 21.2, 21.2, 21.23, 824]
['2019-03-25 09:53:00', 21.23, 21.23, 21.23, 21.23, 2795]
['2019-03-25 09:52:00', 21.19, 21.18, 21.18, 21.19, 1615]
['2019-03-25 09:51:00', 21.2, 21.2, 21.2, 21.2, 1391]
['2019-03-25 09:50:00', 21.16, 21.16, 21.16, 21.16, 233]
['2019-03-25 09:49:00', 21.22, 21.22, 21.22, 21.22, 352]
['2019-03-25 09:47:00', 21.24, 21.24, 21.24, 21.24, 1500]
['2019-03-25 09:44:00', 21.24, 21.24, 21.24, 21.24, 975]
['2019-03-25 09:41:00', 21.255, 21.255, 21.255, 21.255, 200]
['2019-03-25 09:40:00', 21.23, 21.23, 21.23, 21.23, 521]
['2019-03-25 09:35:00', 21.15, 21.15, 21.15, 21.15, 5395]
['2019-03-25 09:32:00', 21.1711, 21.1711, 21.1711, 21.1711, 2500]
['2019-03-25 09:31:00', 21.16, 21.16, 21.16, 21.16, 0]
