AZO
['2019-03-29 16:00:00', 1023.84, 1023.84, 1023.84, 1023.84, 10246]
['2019-03-29 15:59:00', 1024.87, 1025.3, 1024.6, 1025.4301, 5044]
['2019-03-29 15:58:00', 1024.0, 1024.54, 1024.0, 1025.51, 5739]
['2019-03-29 15:57:00', 1023.92, 1024.26, 1023.635, 1024.3101, 2922]
['2019-03-29 15:56:00', 1023.71, 1023.71, 1023.71, 1024.2, 5966]
['2019-03-29 15:55:00', 1024.27, 1023.45, 1023.07, 1024.27, 1840]
['2019-03-29 15:54:00', 1024.75, 1024.38, 1024.38, 1024.84, 2414]
['2019-03-29 15:53:00', 1024.95, 1024.4, 1024.4, 1024.95, 1617]
['2019-03-29 15:52:00', 1024.3199, 1024.86, 1024.3, 1024.86, 1979]
['2019-03-29 15:51:00', 1024.1, 1024.1, 1024.1, 1024.1, 676]
['2019-03-29 15:50:00', 1023.92, 1023.95, 1023.92, 1024.16, 1476]
['2019-03-29 15:49:00', 1024.05, 1023.86, 1023.69, 1024.05, 1097]
['2019-03-29 15:48:00', 1024.53, 1023.97, 1023.97, 1024.53, 2426]
['2019-03-29 15:47:00', 1024.245, 1024.615, 1024.245, 1024.76, 893]
['2019-03-29 15:46:00', 1023.7, 1024.36, 1023.7, 1024.36, 1758]
['2019-03-29 15:45:00', 1023.38, 1023.51, 1023.04, 1023.9, 2687]
['2019-03-29 15:44:00', 1023.912, 1023.71, 1023.71, 1023.912, 1114]
['2019-03-29 15:43:00', 1023.4, 1023.84, 1023.4, 1023.84, 636]
['2019-03-29 15:42:00', 1023.95, 1023.63, 1023.63, 1023.95, 801]
['2019-03-29 15:40:00', 1023.224, 1023.32, 1022.855, 1023.32, 1781]
['2019-03-29 15:39:00', 1022.5467, 1022.89, 1022.4799, 1022.89, 1935]
['2019-03-29 15:38:00', 1022.8591, 1022.5148, 1022.35, 1022.925, 1054]
['2019-03-29 15:37:00', 1022.7, 1022.565, 1022.565, 1022.7, 587]
['2019-03-29 15:36:00', 1023.12, 1022.68, 1022.68, 1023.15, 1159]
['2019-03-29 15:35:00', 1023.02, 1023.02, 1023.02, 1023.02, 375]
['2019-03-29 15:34:00', 1021.8301, 1021.9, 1021.8301, 1022.45, 1349]
['2019-03-29 15:33:00', 1022.248, 1022.0, 1022.0, 1022.248, 400]
['2019-03-29 15:32:00', 1021.71, 1022.27, 1021.71, 1022.27, 1150]
['2019-03-29 15:31:00', 1022.65, 1022.33, 1022.33, 1022.65, 1324]
['2019-03-29 15:30:00', 1021.974, 1022.12, 1021.974, 1022.49, 1792]
['2019-03-29 15:29:00', 1022.0292, 1022.202, 1022.0292, 1022.463, 722]
['2019-03-29 15:28:00', 1021.82, 1021.84, 1021.82, 1022.22, 676]
['2019-03-29 15:27:00', 1021.915, 1021.1, 1021.1, 1022.935, 4109]
['2019-03-29 15:26:00', 1022.0171, 1021.9184, 1021.69, 1022.13, 1733]
['2019-03-29 15:25:00', 1022.72, 1021.59, 1021.51, 1022.77, 2409]
['2019-03-29 15:24:00', 1023.32, 1022.99, 1022.884, 1023.32, 1641]
['2019-03-29 15:23:00', 1023.176, 1023.31, 1023.1052, 1023.324, 889]
['2019-03-29 15:22:00', 1023.1744, 1023.1234, 1022.86, 1023.24, 897]
['2019-03-29 15:21:00', 1023.1341, 1023.1341, 1023.1341, 1023.1341, 156]
['2019-03-29 15:19:00', 1023.255, 1023.1725, 1023.1725, 1023.255, 821]
['2019-03-29 15:18:00', 1023.02, 1023.03, 1023.02, 1023.03, 439]
['2019-03-29 15:17:00', 1022.87, 1022.87, 1022.87, 1022.87, 415]
['2019-03-29 15:15:00', 1023.19, 1022.82, 1022.77, 1023.47, 711]
['2019-03-29 15:14:00', 1023.49, 1023.54, 1023.49, 1023.54, 955]
['2019-03-29 15:13:00', 1023.566, 1023.565, 1023.35, 1023.566, 763]
['2019-03-29 15:12:00', 1023.91, 1023.65, 1023.65, 1023.92, 664]
['2019-03-29 15:10:00', 1024.045, 1024.045, 1024.045, 1024.045, 303]
['2019-03-29 15:09:00', 1022.85, 1022.85, 1022.85, 1022.85, 307]
['2019-03-29 15:08:00', 1022.04, 1022.71, 1022.04, 1022.71, 1567]
['2019-03-29 15:07:00', 1022.09, 1022.09, 1022.09, 1022.09, 234]
['2019-03-29 15:04:00', 1023.1, 1023.1, 1023.1, 1023.1, 347]
['2019-03-29 15:02:00', 1023.63, 1023.63, 1023.63, 1023.63, 434]
['2019-03-29 15:01:00', 1023.08, 1023.34, 1023.08, 1023.36, 705]
['2019-03-29 14:59:00', 1023.6, 1023.25, 1023.25, 1023.6, 908]
['2019-03-29 14:58:00', 1023.75, 1023.75, 1023.75, 1023.75, 128]
['2019-03-29 14:57:00', 1023.94, 1023.94, 1023.94, 1023.94, 149]
['2019-03-29 14:56:00', 1023.56, 1024.15, 1023.56, 1024.15, 393]
['2019-03-29 14:55:00', 1024.1, 1024.6801, 1024.0601, 1024.6801, 1648]
['2019-03-29 14:54:00', 1023.18, 1024.0006, 1023.18, 1024.0006, 1063]
['2019-03-29 14:52:00', 1022.73, 1023.32, 1022.73, 1023.32, 1207]
['2019-03-29 14:50:00', 1022.27, 1022.07, 1022.07, 1022.27, 601]
['2019-03-29 14:49:00', 1021.56, 1021.83, 1021.56, 1021.83, 1271]
['2019-03-29 14:48:00', 1021.52, 1021.52, 1021.52, 1021.52, 259]
['2019-03-29 14:47:00', 1021.54, 1021.54, 1021.54, 1021.54, 307]
['2019-03-29 14:46:00', 1022.27, 1021.91, 1021.91, 1022.27, 789]
['2019-03-29 14:44:00', 1021.37, 1022.28, 1021.37, 1022.28, 2611]
['2019-03-29 14:42:00', 1020.79, 1020.93, 1020.79, 1020.93, 576]
['2019-03-29 14:41:00', 1021.38, 1021.38, 1021.38, 1021.38, 1209]
['2019-03-29 14:40:00', 1021.88, 1021.51, 1021.51, 1021.88, 483]
['2019-03-29 14:39:00', 1021.68, 1021.9, 1021.68, 1021.9, 698]
['2019-03-29 14:38:00', 1023.99, 1021.3925, 1021.3925, 1024.1775, 3286]
['2019-03-29 14:37:00', 1023.31, 1023.31, 1023.31, 1023.31, 773]
['2019-03-29 14:36:00', 1023.585, 1023.26, 1023.26, 1023.695, 475]
['2019-03-29 14:33:00', 1023.25, 1023.3, 1023.1137, 1023.3, 605]
['2019-03-29 14:32:00', 1022.82, 1022.97, 1022.82, 1022.97, 825]
['2019-03-29 14:31:00', 1023.24, 1022.58, 1022.58, 1023.24, 858]
['2019-03-29 14:30:00', 1023.645, 1023.3825, 1023.3825, 1023.645, 531]
['2019-03-29 14:29:00', 1024.085, 1023.77, 1023.77, 1024.42, 1652]
['2019-03-29 14:25:00', 1024.135, 1024.135, 1024.135, 1024.135, 649]
['2019-03-29 14:24:00', 1023.19, 1024.61, 1023.19, 1024.61, 2758]
['2019-03-29 14:23:00', 1022.59, 1022.87, 1022.59, 1022.87, 205]
['2019-03-29 14:22:00', 1022.48, 1022.57, 1022.48, 1022.57, 781]
['2019-03-29 14:20:00', 1022.56, 1022.56, 1022.56, 1022.56, 259]
['2019-03-29 14:18:00', 1023.51, 1022.95, 1022.95, 1023.51, 1634]
['2019-03-29 14:17:00', 1023.32, 1023.95, 1023.32, 1023.95, 1161]
['2019-03-29 14:16:00', 1024.1899, 1023.64, 1023.63, 1024.1899, 515]
['2019-03-29 14:15:00', 1024.5699, 1024.5699, 1024.5699, 1024.5699, 434]
['2019-03-29 14:14:00', 1024.575, 1024.575, 1024.575, 1024.575, 133]
['2019-03-29 14:09:00', 1025.36, 1025.09, 1025.09, 1025.67, 1739]
['2019-03-29 14:08:00', 1025.79, 1025.88, 1025.79, 1025.88, 339]
['2019-03-29 14:05:00', 1025.63, 1025.6675, 1025.49, 1025.6675, 710]
['2019-03-29 14:04:00', 1024.83, 1025.13, 1024.83, 1025.13, 1391]
['2019-03-29 14:02:00', 1025.14, 1024.3199, 1024.3199, 1025.14, 1247]
['2019-03-29 14:01:00', 1025.99, 1025.95, 1025.83, 1025.99, 1308]
['2019-03-29 14:00:00', 1026.0699, 1025.97, 1025.97, 1026.0699, 517]
['2019-03-29 13:59:00', 1026.205, 1026.205, 1026.205, 1026.205, 131]
['2019-03-29 13:54:00', 1025.98, 1026.24, 1025.98, 1026.24, 1443]
['2019-03-29 13:53:00', 1025.66, 1025.6899, 1025.66, 1025.6899, 604]
['2019-03-29 13:52:00', 1025.85, 1025.54, 1025.54, 1025.85, 1053]
['2019-03-29 13:48:00', 1026.9, 1026.2, 1026.2, 1026.9, 1112]
['2019-03-29 13:47:00', 1026.77, 1025.89, 1025.89, 1026.77, 1135]
['2019-03-29 13:46:00', 1026.73, 1026.91, 1026.73, 1026.91, 550]
['2019-03-29 13:44:00', 1026.05, 1026.1899, 1026.05, 1026.1899, 912]
['2019-03-29 13:43:00', 1025.65, 1025.65, 1025.65, 1025.65, 297]
['2019-03-29 13:42:00', 1025.66, 1025.66, 1025.66, 1025.66, 208]
['2019-03-29 13:40:00', 1025.41, 1025.41, 1025.41, 1025.41, 223]
['2019-03-29 13:39:00', 1025.0699, 1025.22, 1024.8671, 1025.22, 1664]
['2019-03-29 13:37:00', 1025.13, 1025.13, 1025.13, 1025.13, 257]
['2019-03-29 13:36:00', 1025.98, 1025.98, 1025.98, 1025.98, 397]
['2019-03-29 13:35:00', 1026.12, 1026.13, 1026.12, 1026.13, 280]
['2019-03-29 13:33:00', 1027.51, 1026.33, 1026.035, 1027.6, 2884]
['2019-03-29 13:32:00', 1028.1, 1028.09, 1028.09, 1028.1, 761]
['2019-03-29 13:31:00', 1027.8778, 1027.8778, 1027.8778, 1027.8778, 314]
['2019-03-29 13:30:00', 1027.89, 1028.03, 1027.89, 1028.03, 452]
['2019-03-29 13:28:00', 1026.8199, 1027.7, 1026.8199, 1027.7, 1059]
['2019-03-29 13:27:00', 1026.77, 1026.77, 1026.77, 1026.79, 366]
['2019-03-29 13:26:00', 1025.51, 1026.51, 1025.51, 1026.52, 2145]
['2019-03-29 13:25:00', 1025.38, 1025.39, 1025.38, 1025.39, 213]
['2019-03-29 13:24:00', 1025.5, 1025.5, 1025.5, 1025.5, 100]
['2019-03-29 13:23:00', 1025.37, 1025.36, 1025.36, 1025.53, 516]
['2019-03-29 13:22:00', 1024.84, 1025.5, 1024.84, 1025.5, 718]
['2019-03-29 13:21:00', 1025.24, 1024.86, 1024.85, 1025.24, 729]
['2019-03-29 13:20:00', 1025.59, 1025.59, 1025.59, 1025.59, 208]
['2019-03-29 13:18:00', 1025.58, 1025.62, 1025.58, 1025.6299, 326]
['2019-03-29 13:17:00', 1025.29, 1025.38, 1025.29, 1025.38, 236]
['2019-03-29 13:16:00', 1025.01, 1025.01, 1025.01, 1025.01, 259]
['2019-03-29 13:15:00', 1026.54, 1025.52, 1025.52, 1026.54, 1326]
['2019-03-29 13:13:00', 1026.61, 1026.99, 1026.61, 1026.99, 532]
['2019-03-29 13:10:00', 1025.88, 1025.88, 1025.88, 1025.88, 786]
['2019-03-29 13:09:00', 1024.85, 1025.88, 1024.85, 1025.88, 912]
['2019-03-29 13:08:00', 1024.5721, 1024.5721, 1024.5721, 1024.5721, 485]
['2019-03-29 13:07:00', 1025.12, 1025.01, 1025.01, 1025.12, 1217]
['2019-03-29 13:06:00', 1025.4449, 1025.72, 1025.4449, 1025.72, 331]
['2019-03-29 13:05:00', 1025.28, 1025.35, 1025.28, 1025.35, 361]
['2019-03-29 13:03:00', 1025.36, 1025.36, 1025.36, 1025.36, 271]
['2019-03-29 13:02:00', 1025.8101, 1025.485, 1025.4501, 1025.8101, 490]
['2019-03-29 13:01:00', 1025.48, 1025.9399, 1025.48, 1025.9399, 663]
['2019-03-29 13:00:00', 1025.366, 1025.366, 1025.366, 1025.366, 175]
['2019-03-29 12:59:00', 1025.5062, 1026.0601, 1025.41, 1026.0601, 1252]
['2019-03-29 12:58:00', 1025.35, 1025.8, 1025.35, 1025.8, 545]
['2019-03-29 12:57:00', 1024.99, 1024.99, 1024.99, 1024.99, 248]
['2019-03-29 12:55:00', 1023.88, 1023.88, 1023.88, 1023.88, 591]
['2019-03-29 12:54:00', 1023.38, 1023.72, 1023.38, 1023.72, 734]
['2019-03-29 12:51:00', 1023.44, 1022.7001, 1022.7001, 1023.44, 1135]
['2019-03-29 12:47:00', 1024.3, 1023.19, 1023.19, 1024.3, 3316]
['2019-03-29 12:46:00', 1023.96, 1023.5834, 1023.5834, 1023.96, 236]
['2019-03-29 12:45:00', 1023.5, 1023.5, 1023.5, 1023.5, 182]
['2019-03-29 12:44:00', 1022.72, 1023.25, 1022.72, 1023.25, 810]
['2019-03-29 12:43:00', 1022.72, 1022.7, 1022.7, 1022.72, 702]
['2019-03-29 12:41:00', 1022.73, 1022.99, 1022.73, 1022.99, 1219]
['2019-03-29 12:40:00', 1022.39, 1022.3801, 1022.38, 1022.61, 2768]
['2019-03-29 12:38:00', 1022.65, 1022.65, 1022.65, 1022.65, 542]
['2019-03-29 12:37:00', 1022.555, 1022.4754, 1022.435, 1022.555, 450]
['2019-03-29 12:34:00', 1021.71, 1023.54, 1021.71, 1023.54, 4239]
['2019-03-29 12:33:00', 1021.734, 1021.734, 1021.734, 1021.734, 289]
['2019-03-29 12:31:00', 1021.71, 1021.79, 1021.5, 1022.005, 1656]
['2019-03-29 12:30:00', 1022.23, 1022.665, 1022.23, 1022.665, 378]
['2019-03-29 12:29:00', 1022.15, 1022.99, 1022.15, 1022.99, 2073]
['2019-03-29 12:28:00', 1020.87, 1021.53, 1020.87, 1021.53, 572]
['2019-03-29 12:27:00', 1020.15, 1020.5, 1020.15, 1020.5, 989]
['2019-03-29 12:26:00', 1019.97, 1019.97, 1019.97, 1019.97, 410]
['2019-03-29 12:25:00', 1019.7, 1019.905, 1019.7, 1019.905, 309]
['2019-03-29 12:22:00', 1019.02, 1019.02, 1019.02, 1019.02, 384]
['2019-03-29 12:21:00', 1018.98, 1019.015, 1018.98, 1019.05, 1198]
['2019-03-29 12:20:00', 1018.58, 1018.58, 1018.58, 1018.58, 340]
['2019-03-29 12:19:00', 1018.29, 1018.29, 1018.29, 1018.29, 110]
['2019-03-29 12:18:00', 1018.07, 1017.9, 1017.9, 1018.21, 1015]
['2019-03-29 12:14:00', 1017.52, 1017.84, 1017.515, 1018.08, 1368]
['2019-03-29 12:13:00', 1017.0407, 1017.0407, 1017.0407, 1017.0407, 129]
['2019-03-29 12:10:00', 1016.91, 1017.46, 1016.91, 1017.46, 557]
['2019-03-29 12:09:00', 1016.8, 1016.2671, 1016.2671, 1016.8, 741]
['2019-03-29 12:07:00', 1017.8, 1017.49, 1017.49, 1018.07, 1829]
['2019-03-29 12:03:00', 1017.1204, 1017.1204, 1017.1204, 1017.1204, 912]
['2019-03-29 12:01:00', 1017.5149, 1017.5149, 1017.5149, 1017.5149, 201]
['2019-03-29 11:58:00', 1017.67, 1017.67, 1017.67, 1017.67, 756]
['2019-03-29 11:55:00', 1018.28, 1018.035, 1017.88, 1018.28, 679]
['2019-03-29 11:54:00', 1017.7979, 1018.37, 1017.7979, 1018.37, 749]
['2019-03-29 11:53:00', 1017.68, 1017.69, 1017.3192, 1017.69, 720]
['2019-03-29 11:52:00', 1016.96, 1016.96, 1016.96, 1016.96, 228]
['2019-03-29 11:51:00', 1016.13, 1016.73, 1016.13, 1016.73, 846]
['2019-03-29 11:50:00', 1016.09, 1016.09, 1016.09, 1016.09, 378]
['2019-03-29 11:49:00', 1015.78, 1015.81, 1015.78, 1016.105, 576]
['2019-03-29 11:48:00', 1015.08, 1015.14, 1015.08, 1015.25, 656]
['2019-03-29 11:45:00', 1014.71, 1014.71, 1014.71, 1014.71, 325]
['2019-03-29 11:44:00', 1015.31, 1014.97, 1014.95, 1015.31, 760]
['2019-03-29 11:43:00', 1016.4, 1015.6, 1015.6, 1016.41, 2043]
['2019-03-29 11:42:00', 1016.5, 1016.99, 1016.5, 1016.99, 232]
['2019-03-29 11:41:00', 1016.63, 1017.14, 1016.63, 1017.14, 434]
['2019-03-29 11:36:00', 1015.83, 1016.08, 1015.83, 1016.37, 749]
['2019-03-29 11:33:00', 1015.415, 1015.83, 1015.4149, 1015.83, 550]
['2019-03-29 11:31:00', 1015.895, 1015.89, 1015.89, 1015.895, 597]
['2019-03-29 11:30:00', 1015.45, 1014.86, 1014.86, 1015.89, 1550]
['2019-03-29 11:29:00', 1014.9, 1015.06, 1014.9, 1015.06, 538]
['2019-03-29 11:28:00', 1015.05, 1015.2, 1015.05, 1015.48, 403]
['2019-03-29 11:27:00', 1014.9, 1014.91, 1014.9, 1014.91, 329]
['2019-03-29 11:26:00', 1015.3, 1015.125, 1015.125, 1015.32, 455]
['2019-03-29 11:25:00', 1015.0, 1015.0, 1015.0, 1015.0, 101]
['2019-03-29 11:24:00', 1014.8243, 1014.8, 1014.8, 1014.98, 503]
['2019-03-29 11:23:00', 1014.98, 1015.06, 1014.86, 1015.06, 1079]
['2019-03-29 11:22:00', 1013.52, 1013.86, 1013.52, 1014.25, 1373]
['2019-03-29 11:18:00', 1013.44, 1013.4036, 1013.33, 1013.44, 1187]
['2019-03-29 11:17:00', 1013.97, 1013.97, 1013.97, 1013.97, 106]
['2019-03-29 11:15:00', 1013.57, 1013.57, 1013.57, 1013.57, 365]
['2019-03-29 11:12:00', 1013.58, 1013.58, 1013.58, 1013.58, 178]
['2019-03-29 11:10:00', 1013.31, 1013.2, 1013.2, 1013.76, 1204]
['2019-03-29 11:09:00', 1013.15, 1013.15, 1013.15, 1013.15, 159]
['2019-03-29 11:08:00', 1013.12, 1013.12, 1013.12, 1013.12, 481]
['2019-03-29 11:05:00', 1012.79, 1012.79, 1012.79, 1012.79, 494]
['2019-03-29 11:04:00', 1012.97, 1013.31, 1012.97, 1013.63, 1685]
['2019-03-29 11:01:00', 1012.7, 1012.71, 1012.45, 1012.71, 802]
['2019-03-29 11:00:00', 1013.62, 1013.62, 1013.62, 1013.62, 215]
['2019-03-29 10:59:00', 1012.84, 1013.26, 1012.73, 1013.26, 688]
['2019-03-29 10:57:00', 1012.41, 1012.41, 1012.41, 1012.41, 524]
['2019-03-29 10:55:00', 1011.33, 1012.12, 1011.33, 1013.26, 1879]
['2019-03-29 10:54:00', 1011.32, 1011.325, 1011.305, 1011.325, 506]
['2019-03-29 10:50:00', 1011.85, 1011.81, 1011.81, 1011.85, 1015]
['2019-03-29 10:49:00', 1012.2763, 1012.2763, 1012.2763, 1012.2763, 133]
['2019-03-29 10:48:00', 1012.2, 1012.8399, 1012.2, 1012.8399, 1001]
['2019-03-29 10:47:00', 1011.76, 1011.76, 1011.76, 1011.76, 140]
['2019-03-29 10:45:00', 1012.8901, 1012.9, 1012.8901, 1012.9, 610]
['2019-03-29 10:43:00', 1012.55, 1012.78, 1012.55, 1013.37, 1728]
['2019-03-29 10:42:00', 1012.56, 1012.56, 1012.56, 1012.56, 227]
['2019-03-29 10:40:00', 1011.55, 1012.25, 1011.55, 1012.42, 1102]
['2019-03-29 10:38:00', 1011.4, 1011.4, 1011.4, 1011.4, 679]
['2019-03-29 10:37:00', 1011.62, 1011.61, 1011.32, 1011.72, 1521]
['2019-03-29 10:36:00', 1011.45, 1011.18, 1011.18, 1011.45, 1263]
['2019-03-29 10:35:00', 1011.14, 1011.8, 1010.73, 1011.8, 3553]
['2019-03-29 10:34:00', 1010.84, 1011.02, 1010.84, 1011.46, 1259]
['2019-03-29 10:33:00', 1010.075, 1010.56, 1010.075, 1010.87, 903]
['2019-03-29 10:31:00', 1009.56, 1010.215, 1009.56, 1010.215, 456]
['2019-03-29 10:28:00', 1009.61, 1009.61, 1009.61, 1009.61, 511]
['2019-03-29 10:27:00', 1010.35, 1010.35, 1010.35, 1010.35, 383]
['2019-03-29 10:26:00', 1009.95, 1009.95, 1009.95, 1009.95, 106]
['2019-03-29 10:25:00', 1008.97, 1009.39, 1008.97, 1009.39, 1196]
['2019-03-29 10:23:00', 1008.995, 1008.97, 1008.97, 1008.995, 531]
['2019-03-29 10:21:00', 1008.51, 1008.51, 1008.51, 1008.51, 167]
['2019-03-29 10:19:00', 1008.6675, 1008.6675, 1008.6675, 1008.6675, 114]
['2019-03-29 10:18:00', 1008.06, 1008.495, 1008.06, 1008.72, 400]
['2019-03-29 10:16:00', 1010.2009, 1009.21, 1008.7298, 1010.2013, 2783]
['2019-03-29 10:14:00', 1010.745, 1010.47, 1010.46, 1010.775, 1103]
['2019-03-29 10:13:00', 1010.3, 1010.99, 1010.28, 1011.62, 4077]
['2019-03-29 10:12:00', 1010.3, 1010.45, 1009.77, 1010.8, 1455]
['2019-03-29 10:11:00', 1010.42, 1010.42, 1010.42, 1010.42, 120]
['2019-03-29 10:07:00', 1011.59, 1011.59, 1011.59, 1011.59, 885]
['2019-03-29 10:04:00', 1011.55, 1011.87, 1011.55, 1011.87, 505]
['2019-03-29 10:03:00', 1011.42, 1011.42, 1011.42, 1011.42, 102]
['2019-03-29 10:00:00', 1011.68, 1011.36, 1011.36, 1012.0, 921]
['2019-03-29 09:58:00', 1010.29, 1010.315, 1010.29, 1010.315, 723]
['2019-03-29 09:52:00', 1009.79, 1009.79, 1009.32, 1009.79, 1506]
['2019-03-29 09:50:00', 1010.695, 1010.695, 1010.695, 1010.695, 584]
['2019-03-29 09:49:00', 1010.52, 1010.68, 1010.515, 1011.4, 1359]
['2019-03-29 09:48:00', 1009.53, 1009.53, 1009.53, 1009.53, 634]
['2019-03-29 09:47:00', 1011.5, 1010.66, 1010.66, 1012.0, 475]
['2019-03-29 09:44:00', 1009.91, 1009.91, 1009.91, 1009.91, 360]
['2019-03-29 09:42:00', 1008.47, 1009.53, 1008.29, 1009.53, 413]
['2019-03-29 09:40:00', 1005.905, 1006.93, 1005.905, 1006.93, 1949]
['2019-03-29 09:39:00', 1005.6993, 1005.6993, 1005.6993, 1005.6993, 128]
['2019-03-29 09:35:00', 1006.35, 1005.02, 1005.02, 1007.18, 1539]
['2019-03-29 09:33:00', 1008.39, 1007.18, 1006.96, 1008.69, 1392]
['2019-03-29 09:32:00', 1010.14, 1006.23, 1006.23, 1012.98, 4133]
['2019-03-28 16:00:00', 1005.29, 1004.92, 1004.4, 1005.63, 8533]
['2019-03-28 15:59:00', 1005.65, 1005.125, 1005.02, 1005.7, 9148]
['2019-03-28 15:58:00', 1006.35, 1005.645, 1005.535, 1006.35, 4523]
['2019-03-28 15:57:00', 1006.7, 1006.04, 1005.98, 1006.7, 3293]
['2019-03-28 15:56:00', 1006.73, 1006.3, 1006.3, 1007.27, 2134]
['2019-03-28 15:55:00', 1006.86, 1006.98, 1006.86, 1006.98, 340]
['2019-03-28 15:54:00', 1006.185, 1006.74, 1006.185, 1006.74, 838]
['2019-03-28 15:53:00', 1006.74, 1006.35, 1006.32, 1006.74, 1103]
['2019-03-28 15:52:00', 1006.72, 1006.9, 1006.72, 1006.9, 290]
['2019-03-28 15:51:00', 1005.9, 1006.9, 1005.9, 1006.9, 1907]
['2019-03-28 15:50:00', 1005.665, 1005.665, 1005.665, 1005.665, 470]
['2019-03-28 15:49:00', 1006.16, 1006.16, 1006.16, 1006.16, 148]
['2019-03-28 15:48:00', 1006.85, 1006.41, 1006.265, 1006.9, 1247]
['2019-03-28 15:47:00', 1006.96, 1006.72, 1006.72, 1006.96, 899]
['2019-03-28 15:46:00', 1007.24, 1006.61, 1006.61, 1007.24, 937]
['2019-03-28 15:44:00', 1007.29, 1007.39, 1007.29, 1007.455, 1185]
['2019-03-28 15:43:00', 1007.13, 1007.16, 1007.07, 1007.17, 850]
['2019-03-28 15:42:00', 1006.98, 1006.98, 1006.98, 1006.98, 341]
['2019-03-28 15:40:00', 1006.61, 1006.76, 1006.52, 1006.86, 3827]
['2019-03-28 15:39:00', 1006.44, 1006.3, 1006.3, 1006.44, 439]
['2019-03-28 15:38:00', 1006.66, 1006.66, 1006.66, 1006.66, 201]
['2019-03-28 15:37:00', 1006.36, 1006.36, 1006.36, 1006.44, 467]
['2019-03-28 15:36:00', 1006.5, 1006.36, 1006.35, 1006.5, 1051]
['2019-03-28 15:35:00', 1006.69, 1006.5, 1006.5, 1006.69, 550]
['2019-03-28 15:34:00', 1006.36, 1006.36, 1006.36, 1006.36, 530]
['2019-03-28 15:33:00', 1006.51, 1006.5, 1006.5, 1006.51, 711]
['2019-03-28 15:31:00', 1006.58, 1006.12, 1006.12, 1006.58, 1210]
['2019-03-28 15:29:00', 1006.98, 1006.61, 1006.42, 1006.98, 1197]
['2019-03-28 15:27:00', 1007.07, 1007.07, 1007.07, 1007.07, 102]
['2019-03-28 15:26:00', 1005.96, 1006.3, 1005.96, 1006.3, 1045]
['2019-03-28 15:25:00', 1005.84, 1005.84, 1005.84, 1005.84, 248]
['2019-03-28 15:23:00', 1005.82, 1005.82, 1005.82, 1005.82, 381]
['2019-03-28 15:22:00', 1005.99, 1005.99, 1005.99, 1005.99, 281]
['2019-03-28 15:19:00', 1006.21, 1006.36, 1006.21, 1006.36, 599]
['2019-03-28 15:17:00', 1006.66, 1006.69, 1006.66, 1006.81, 441]
['2019-03-28 15:15:00', 1006.3, 1006.3, 1006.3, 1006.3, 860]
['2019-03-28 15:13:00', 1006.53, 1006.68, 1006.53, 1007.03, 4972]
['2019-03-28 15:10:00', 1007.41, 1005.77, 1005.73, 1007.41, 6284]
['2019-03-28 15:08:00', 1006.85, 1006.85, 1006.85, 1006.85, 157]
['2019-03-28 15:07:00', 1006.64, 1006.64, 1006.64, 1006.64, 360]
['2019-03-28 15:05:00', 1006.34, 1006.34, 1006.2, 1006.34, 919]
['2019-03-28 15:03:00', 1006.77, 1006.61, 1006.61, 1007.33, 2717]
['2019-03-28 15:02:00', 1005.97, 1006.41, 1005.97, 1006.41, 1167]
['2019-03-28 15:01:00', 1005.5, 1005.715, 1005.5, 1005.715, 312]
['2019-03-28 15:00:00', 1005.36, 1005.49, 1004.92, 1005.49, 1045]
['2019-03-28 14:55:00', 1004.84, 1005.34, 1004.84, 1005.34, 959]
['2019-03-28 14:54:00', 1004.635, 1004.57, 1004.57, 1004.635, 350]
['2019-03-28 14:53:00', 1004.76, 1004.77, 1004.76, 1004.84, 1441]
['2019-03-28 14:52:00', 1005.2, 1004.76, 1004.76, 1005.2, 416]
['2019-03-28 14:49:00', 1006.22, 1005.26, 1005.26, 1006.22, 987]
['2019-03-28 14:44:00', 1007.075, 1007.075, 1007.075, 1007.075, 141]
['2019-03-28 14:42:00', 1007.0693, 1007.0693, 1007.0693, 1007.0693, 235]
['2019-03-28 14:41:00', 1007.075, 1007.075, 1007.075, 1007.075, 129]
['2019-03-28 14:40:00', 1006.9, 1006.89, 1006.83, 1006.91, 663]
['2019-03-28 14:39:00', 1007.27, 1007.27, 1007.27, 1007.27, 214]
['2019-03-28 14:34:00', 1006.82, 1006.97, 1006.82, 1006.97, 585]
['2019-03-28 14:33:00', 1006.89, 1006.64, 1006.64, 1006.89, 249]
['2019-03-28 14:32:00', 1007.17, 1006.89, 1006.89, 1007.17, 258]
['2019-03-28 14:31:00', 1007.465, 1007.65, 1007.465, 1007.65, 434]
['2019-03-28 14:30:00', 1007.51, 1007.465, 1007.435, 1007.98, 500]
['2019-03-28 14:29:00', 1007.5, 1007.53, 1007.5, 1007.53, 365]
['2019-03-28 14:25:00', 1006.36, 1006.36, 1006.36, 1006.36, 1012]
['2019-03-28 14:24:00', 1006.28, 1006.28, 1006.28, 1006.28, 276]
['2019-03-28 14:23:00', 1005.92, 1005.73, 1005.73, 1006.37, 931]
['2019-03-28 14:21:00', 1006.18, 1006.18, 1006.18, 1006.18, 202]
['2019-03-28 14:20:00', 1006.725, 1006.505, 1006.505, 1006.725, 739]
['2019-03-28 14:19:00', 1006.975, 1007.62, 1006.975, 1007.62, 671]
['2019-03-28 14:17:00', 1006.975, 1006.975, 1006.975, 1006.975, 131]
['2019-03-28 14:15:00', 1006.975, 1006.975, 1006.975, 1006.975, 312]
['2019-03-28 14:13:00', 1006.86, 1007.45, 1006.86, 1007.45, 561]
['2019-03-28 14:12:00', 1005.89, 1005.89, 1005.89, 1005.89, 110]
['2019-03-28 14:07:00', 1007.05, 1007.05, 1007.05, 1007.05, 403]
['2019-03-28 14:06:00', 1007.22, 1007.22, 1007.22, 1007.22, 100]
['2019-03-28 14:05:00', 1006.67, 1006.67, 1006.67, 1006.67, 146]
['2019-03-28 14:04:00', 1005.75, 1006.17, 1005.75, 1006.42, 2384]
['2019-03-28 14:00:00', 1005.26, 1005.26, 1005.26, 1005.26, 221]
['2019-03-28 13:59:00', 1005.34, 1005.26, 1005.26, 1005.34, 449]
['2019-03-28 13:55:00', 1006.07, 1006.02, 1006.02, 1006.38, 1544]
['2019-03-28 13:54:00', 1007.01, 1006.8, 1006.32, 1007.01, 3378]
['2019-03-28 13:53:00', 1005.57, 1006.72, 1005.46, 1006.72, 3550]
['2019-03-28 13:50:00', 1005.88, 1005.46, 1005.46, 1005.88, 1725]
['2019-03-28 13:49:00', 1005.455, 1005.455, 1005.455, 1005.455, 148]
['2019-03-28 13:48:00', 1006.085, 1005.9, 1005.74, 1006.3, 2779]
['2019-03-28 13:47:00', 1005.96, 1005.75, 1005.75, 1005.96, 1654]
['2019-03-28 13:46:00', 1005.76, 1005.76, 1005.76, 1005.76, 328]
['2019-03-28 13:45:00', 1005.75, 1005.75, 1005.75, 1005.75, 101]
['2019-03-28 13:44:00', 1005.57, 1005.93, 1005.49, 1005.93, 1538]
['2019-03-28 13:43:00', 1005.44, 1005.34, 1004.94, 1005.44, 1161]
['2019-03-28 13:42:00', 1005.35, 1005.35, 1005.35, 1005.35, 126]
['2019-03-28 13:40:00', 1005.32, 1005.32, 1005.32, 1005.32, 132]
['2019-03-28 13:38:00', 1005.74, 1005.75, 1005.74, 1005.84, 747]
['2019-03-28 13:37:00', 1005.48, 1005.73, 1005.44, 1006.09, 1764]
['2019-03-28 13:36:00', 1005.5, 1005.07, 1005.07, 1005.5, 344]
['2019-03-28 13:35:00', 1005.46, 1005.8, 1004.945, 1005.8, 701]
['2019-03-28 13:32:00', 1005.32, 1005.8861, 1005.31, 1005.8861, 703]
['2019-03-28 13:31:00', 1005.16, 1004.9905, 1004.9905, 1005.16, 603]
['2019-03-28 13:30:00', 1005.39, 1005.3, 1005.3, 1005.39, 1022]
['2019-03-28 13:29:00', 1005.37, 1005.045, 1004.965, 1005.37, 1494]
['2019-03-28 13:28:00', 1004.66, 1005.05, 1004.66, 1005.25, 3157]
['2019-03-28 13:27:00', 1004.22, 1004.795, 1004.17, 1004.97, 1939]
['2019-03-28 13:26:00', 1004.4225, 1004.46, 1004.4225, 1004.46, 364]
['2019-03-28 13:25:00', 1005.07, 1004.59, 1004.59, 1005.07, 440]
['2019-03-28 13:23:00', 1005.08, 1005.3875, 1005.08, 1005.3875, 618]
['2019-03-28 13:22:00', 1005.75, 1005.27, 1005.27, 1005.75, 233]
['2019-03-28 13:21:00', 1005.255, 1005.255, 1005.255, 1005.255, 273]
['2019-03-28 13:20:00', 1005.28, 1005.28, 1005.28, 1005.28, 268]
['2019-03-28 13:19:00', 1005.285, 1005.285, 1005.285, 1005.285, 101]
['2019-03-28 13:18:00', 1005.7575, 1005.7575, 1005.7575, 1005.7575, 341]
['2019-03-28 13:12:00', 1005.56, 1005.12, 1005.12, 1005.67, 1132]
['2019-03-28 13:06:00', 1005.96, 1005.955, 1005.455, 1006.145, 1450]
['2019-03-28 13:04:00', 1005.84, 1005.8, 1005.8, 1005.84, 249]
['2019-03-28 13:03:00', 1006.26, 1006.17, 1006.17, 1006.26, 744]
['2019-03-28 13:02:00', 1006.24, 1006.29, 1006.24, 1006.29, 1402]
['2019-03-28 13:01:00', 1005.16, 1004.69, 1004.63, 1005.21, 1350]
['2019-03-28 13:00:00', 1004.925, 1004.94, 1004.77, 1004.94, 337]
['2019-03-28 12:57:00', 1004.345, 1004.345, 1004.345, 1004.345, 357]
['2019-03-28 12:55:00', 1004.43, 1004.44, 1004.33, 1004.44, 957]
['2019-03-28 12:54:00', 1004.33, 1004.33, 1004.33, 1004.33, 228]
['2019-03-28 12:52:00', 1004.39, 1004.01, 1003.955, 1004.39, 585]
['2019-03-28 12:51:00', 1003.725, 1003.725, 1003.725, 1003.725, 128]
['2019-03-28 12:49:00', 1004.31, 1003.9, 1003.9, 1004.31, 465]
['2019-03-28 12:47:00', 1004.5, 1004.5, 1004.5, 1004.5, 120]
['2019-03-28 12:43:00', 1004.9, 1004.91, 1004.9, 1004.91, 725]
['2019-03-28 12:39:00', 1004.92, 1004.92, 1004.92, 1004.92, 161]
['2019-03-28 12:36:00', 1004.27, 1004.37, 1004.27, 1004.37, 588]
['2019-03-28 12:35:00', 1003.92, 1003.88, 1003.88, 1003.92, 241]
['2019-03-28 12:33:00', 1004.3, 1004.28, 1004.275, 1004.35, 828]
['2019-03-28 12:32:00', 1005.31, 1004.61, 1004.27, 1005.31, 1296]
['2019-03-28 12:30:00', 1004.73, 1004.405, 1004.405, 1004.77, 827]
['2019-03-28 12:28:00', 1004.77, 1004.36, 1004.36, 1004.77, 588]
['2019-03-28 12:27:00', 1004.515, 1004.49, 1004.49, 1004.515, 418]
['2019-03-28 12:23:00', 1005.46, 1005.46, 1005.46, 1005.46, 428]
['2019-03-28 12:22:00', 1005.175, 1005.175, 1005.175, 1005.175, 202]
['2019-03-28 12:21:00', 1004.72, 1004.72, 1004.72, 1004.72, 219]
['2019-03-28 12:20:00', 1004.35, 1004.35, 1004.35, 1004.35, 397]
['2019-03-28 12:19:00', 1004.42, 1004.29, 1004.29, 1004.61, 877]
['2019-03-28 12:16:00', 1004.36, 1004.25, 1004.25, 1004.36, 363]
['2019-03-28 12:12:00', 1005.14, 1005.235, 1004.98, 1005.37, 1949]
['2019-03-28 12:11:00', 1005.19, 1005.02, 1005.02, 1005.24, 856]
['2019-03-28 12:10:00', 1004.97, 1005.19, 1004.97, 1005.19, 1232]
['2019-03-28 12:09:00', 1005.0, 1005.27, 1005.0, 1005.27, 1163]
['2019-03-28 12:07:00', 1005.56, 1005.51, 1005.51, 1005.56, 468]
['2019-03-28 12:04:00', 1005.19, 1005.0, 1005.0, 1005.25, 867]
['2019-03-28 12:03:00', 1005.61, 1004.85, 1004.85, 1005.61, 637]
['2019-03-28 12:01:00', 1005.6, 1005.93, 1005.6, 1005.93, 239]
['2019-03-28 12:00:00', 1005.34, 1005.26, 1005.26, 1005.34, 200]
['2019-03-28 11:55:00', 1005.91, 1005.71, 1005.71, 1005.92, 994]
['2019-03-28 11:54:00', 1005.91, 1005.91, 1005.91, 1005.91, 114]
['2019-03-28 11:52:00', 1005.28, 1005.28, 1005.28, 1005.28, 136]
['2019-03-28 11:51:00', 1005.26, 1005.25, 1005.25, 1005.26, 494]
['2019-03-28 11:50:00', 1005.7, 1005.69, 1005.69, 1005.7, 255]
['2019-03-28 11:49:00', 1005.84, 1005.84, 1005.84, 1005.84, 195]
['2019-03-28 11:48:00', 1005.57, 1005.245, 1005.245, 1005.82, 618]
['2019-03-28 11:47:00', 1005.125, 1005.125, 1005.125, 1005.125, 519]
['2019-03-28 11:46:00', 1005.875, 1005.0, 1005.0, 1005.875, 207]
['2019-03-28 11:45:00', 1005.86, 1005.255, 1005.255, 1005.86, 206]
['2019-03-28 11:44:00', 1004.63, 1004.63, 1004.63, 1004.63, 103]
['2019-03-28 11:42:00', 1004.67, 1005.2375, 1004.61, 1005.2375, 564]
['2019-03-28 11:41:00', 1005.11, 1005.07, 1005.07, 1005.11, 216]
['2019-03-28 11:40:00', 1005.49, 1005.595, 1005.01, 1005.595, 1119]
['2019-03-28 11:36:00', 1005.905, 1005.905, 1005.905, 1005.905, 258]
['2019-03-28 11:34:00', 1005.5, 1006.24, 1005.5, 1006.24, 1525]
['2019-03-28 11:33:00', 1005.85, 1006.17, 1005.85, 1006.17, 728]
['2019-03-28 11:32:00', 1006.93, 1005.72, 1005.72, 1006.93, 1531]
['2019-03-28 11:30:00', 1006.685, 1006.62, 1006.62, 1006.685, 268]
['2019-03-28 11:27:00', 1007.38, 1007.375, 1007.375, 1007.38, 477]
['2019-03-28 11:26:00', 1007.28, 1008.13, 1007.28, 1008.13, 241]
['2019-03-28 11:24:00', 1006.72, 1007.47, 1006.72, 1007.47, 668]
['2019-03-28 11:22:00', 1008.78, 1008.78, 1008.78, 1008.78, 284]
['2019-03-28 11:21:00', 1007.89, 1007.95, 1007.89, 1007.95, 205]
['2019-03-28 11:20:00', 1008.12, 1008.1635, 1008.12, 1008.1635, 353]
['2019-03-28 11:19:00', 1007.51, 1007.51, 1007.51, 1007.51, 245]
['2019-03-28 11:18:00', 1008.2409, 1007.74, 1007.27, 1008.2409, 591]
['2019-03-28 11:15:00', 1006.84, 1007.19, 1006.84, 1007.19, 945]
['2019-03-28 11:14:00', 1007.37, 1007.37, 1007.37, 1007.37, 107]
['2019-03-28 11:13:00', 1006.75, 1006.75, 1006.75, 1006.75, 100]
['2019-03-28 11:12:00', 1006.345, 1006.345, 1006.345, 1006.345, 200]
['2019-03-28 11:11:00', 1006.3602, 1007.19, 1006.3602, 1007.38, 945]
['2019-03-28 11:10:00', 1006.3706, 1006.69, 1006.3706, 1006.7, 529]
['2019-03-28 11:09:00', 1007.62, 1007.42, 1007.42, 1007.62, 365]
['2019-03-28 11:08:00', 1008.85, 1008.425, 1008.425, 1009.0, 1212]
['2019-03-28 11:05:00', 1008.96, 1008.97, 1008.96, 1008.97, 679]
['2019-03-28 11:01:00', 1009.04, 1009.04, 1009.04, 1009.04, 771]
['2019-03-28 10:59:00', 1008.69, 1008.69, 1008.69, 1008.69, 3018]
['2019-03-28 10:58:00', 1010.66, 1009.3, 1009.05, 1010.66, 1863]
['2019-03-28 10:57:00', 1011.36, 1010.7, 1010.7, 1011.4599, 626]
['2019-03-28 10:55:00', 1010.9978, 1010.37, 1010.37, 1010.9978, 369]
['2019-03-28 10:54:00', 1010.4, 1010.4, 1010.4, 1010.4, 350]
['2019-03-28 10:53:00', 1011.01, 1010.22, 1010.22, 1011.01, 401]
['2019-03-28 10:52:00', 1011.15, 1010.61, 1010.61, 1011.26, 1609]
['2019-03-28 10:51:00', 1010.4728, 1010.99, 1010.4728, 1010.99, 485]
['2019-03-28 10:50:00', 1010.57, 1010.92, 1010.57, 1010.92, 300]
['2019-03-28 10:49:00', 1008.99, 1010.21, 1008.99, 1010.62, 3494]
['2019-03-28 10:48:00', 1009.23, 1008.5, 1008.44, 1009.23, 2109]
['2019-03-28 10:47:00', 1006.9, 1009.08, 1006.9, 1009.08, 3378]
['2019-03-28 10:46:00', 1006.6, 1007.3, 1006.48, 1007.3, 2301]
['2019-03-28 10:45:00', 1007.17, 1007.17, 1007.17, 1007.17, 120]
['2019-03-28 10:41:00', 1006.11, 1006.64, 1006.11, 1006.68, 1106]
['2019-03-28 10:40:00', 1005.7, 1005.8, 1005.7, 1005.84, 1648]
['2019-03-28 10:39:00', 1007.12, 1005.42, 1005.42, 1007.12, 993]
['2019-03-28 10:38:00', 1006.41, 1007.16, 1006.1, 1007.16, 2284]
['2019-03-28 10:37:00', 1006.33, 1006.33, 1006.33, 1006.33, 381]
['2019-03-28 10:36:00', 1006.34, 1006.855, 1006.34, 1006.8966, 949]
['2019-03-28 10:35:00', 1006.93, 1006.93, 1006.93, 1006.93, 374]
['2019-03-28 10:34:00', 1007.985, 1007.985, 1007.985, 1007.985, 118]
['2019-03-28 10:33:00', 1007.52, 1007.28, 1007.23, 1007.67, 965]
['2019-03-28 10:31:00', 1007.535, 1007.535, 1007.535, 1007.535, 125]
['2019-03-28 10:30:00', 1007.32, 1007.32, 1007.32, 1007.32, 303]
['2019-03-28 10:29:00', 1007.285, 1007.535, 1006.56, 1007.535, 1360]
['2019-03-28 10:27:00', 1007.255, 1007.865, 1007.25, 1007.865, 351]
['2019-03-28 10:26:00', 1008.04, 1008.04, 1008.04, 1008.04, 146]
['2019-03-28 10:22:00', 1008.24, 1007.6, 1007.6, 1008.24, 239]
['2019-03-28 10:17:00', 1008.3, 1008.995, 1008.08, 1008.995, 591]
['2019-03-28 10:15:00', 1009.12, 1009.12, 1009.12, 1009.12, 285]
['2019-03-28 10:13:00', 1009.225, 1009.225, 1009.225, 1009.225, 156]
['2019-03-28 10:12:00', 1009.03, 1009.3625, 1008.64, 1009.3625, 507]
['2019-03-28 10:10:00', 1009.51, 1009.03, 1009.03, 1009.51, 794]
['2019-03-28 10:06:00', 1009.395, 1008.96, 1008.96, 1009.395, 515]
['2019-03-28 10:04:00', 1008.58, 1008.58, 1008.58, 1008.58, 398]
['2019-03-28 10:03:00', 1008.57, 1008.57, 1008.57, 1008.57, 151]
['2019-03-28 10:02:00', 1007.08, 1008.04, 1006.0, 1008.19, 1858]
['2019-03-28 10:01:00', 1007.04, 1007.36, 1006.805, 1007.36, 1832]
['2019-03-28 09:59:00', 1005.925, 1005.925, 1005.925, 1005.925, 171]
['2019-03-28 09:58:00', 1005.965, 1005.965, 1005.965, 1005.965, 102]
['2019-03-28 09:56:00', 1006.88, 1006.9, 1006.88, 1006.905, 431]
['2019-03-28 09:55:00', 1006.405, 1006.405, 1006.405, 1006.405, 104]
['2019-03-28 09:54:00', 1006.59, 1006.64, 1006.59, 1006.64, 458]
['2019-03-28 09:53:00', 1006.6, 1006.6, 1006.6, 1006.6, 214]
['2019-03-28 09:51:00', 1007.01, 1007.16, 1006.19, 1007.175, 1687]
['2019-03-28 09:50:00', 1007.14, 1007.14, 1007.14, 1007.14, 114]
['2019-03-28 09:49:00', 1008.67, 1008.505, 1008.505, 1008.67, 362]
['2019-03-28 09:48:00', 1007.93, 1007.93, 1007.93, 1007.93, 533]
['2019-03-28 09:47:00', 1004.73, 1006.34, 1004.7, 1006.34, 2355]
['2019-03-28 09:46:00', 1004.595, 1004.595, 1004.595, 1004.595, 162]
['2019-03-28 09:44:00', 1004.6, 1004.6, 1004.6, 1004.6, 107]
['2019-03-28 09:43:00', 1003.65, 1003.65, 1003.65, 1003.65, 110]
['2019-03-28 09:42:00', 1005.4, 1005.16, 1005.16, 1005.4, 329]
['2019-03-28 09:41:00', 1006.695, 1006.695, 1006.695, 1006.695, 254]
['2019-03-28 09:38:00', 1006.9, 1007.3, 1006.9, 1007.9, 697]
['2019-03-28 09:37:00', 1007.58, 1008.16, 1007.58, 1008.16, 269]
['2019-03-28 09:35:00', 1005.24, 1007.575, 1005.0, 1007.78, 2189]
['2019-03-28 09:34:00', 1011.105, 1009.385, 1009.385, 1011.105, 827]
['2019-03-28 09:33:00', 1007.5, 1010.38, 1007.48, 1010.38, 2708]
['2019-03-28 09:32:00', 1004.19, 1006.055, 1004.19, 1006.055, 282]
['2019-03-28 09:31:00', 1004.91, 1004.91, 1004.91, 1004.91, 1301]
['2019-03-27 16:00:00', 1003.1, 1002.75, 1002.59, 1003.59, 7430]
['2019-03-27 15:59:00', 1002.94, 1003.305, 1002.88, 1003.305, 1319]
['2019-03-27 15:58:00', 1002.32, 1002.69, 1002.09, 1002.81, 3740]
['2019-03-27 15:57:00', 1002.375, 1002.33, 1002.28, 1002.8, 2890]
['2019-03-27 15:56:00', 1003.02, 1003.22, 1003.02, 1003.59, 2185]
['2019-03-27 15:55:00', 1003.37, 1003.55, 1003.29, 1003.55, 852]
['2019-03-27 15:54:00', 1004.32, 1003.295, 1003.295, 1004.53, 4234]
['2019-03-27 15:53:00', 1004.76, 1004.005, 1003.95, 1004.76, 1471]
['2019-03-27 15:52:00', 1004.93, 1004.565, 1004.32, 1004.95, 1407]
['2019-03-27 15:51:00', 1005.28, 1005.09, 1005.09, 1005.62, 757]
['2019-03-27 15:50:00', 1005.66, 1005.555, 1005.4, 1005.66, 742]
['2019-03-27 15:49:00', 1006.29, 1005.87, 1005.87, 1006.29, 2085]
['2019-03-27 15:46:00', 1006.365, 1007.17, 1006.365, 1007.17, 1041]
['2019-03-27 15:45:00', 1006.175, 1005.875, 1005.875, 1006.37, 1150]
['2019-03-27 15:44:00', 1005.93, 1005.905, 1005.905, 1006.59, 2864]
['2019-03-27 15:43:00', 1006.85, 1006.37, 1006.37, 1006.85, 898]
['2019-03-27 15:42:00', 1007.31, 1006.87, 1006.87, 1007.31, 1633]
['2019-03-27 15:41:00', 1007.065, 1007.0575, 1006.695, 1007.065, 468]
['2019-03-27 15:40:00', 1006.69, 1006.7, 1006.69, 1006.84, 654]
['2019-03-27 15:38:00', 1007.47, 1007.04, 1007.04, 1007.58, 3528]
['2019-03-27 15:36:00', 1006.945, 1007.25, 1006.945, 1007.25, 1154]
['2019-03-27 15:35:00', 1006.62, 1006.77, 1006.62, 1006.77, 536]
['2019-03-27 15:34:00', 1006.11, 1006.16, 1006.11, 1006.16, 1012]
['2019-03-27 15:33:00', 1005.26, 1006.02, 1005.26, 1006.02, 1490]
['2019-03-27 15:32:00', 1005.4, 1005.39, 1005.25, 1005.4, 1590]
['2019-03-27 15:31:00', 1005.63, 1005.3, 1005.3, 1005.78, 909]
['2019-03-27 15:29:00', 1004.98, 1004.98, 1004.98, 1004.98, 1032]
['2019-03-27 15:28:00', 1004.74, 1004.74, 1004.74, 1004.74, 173]
['2019-03-27 15:27:00', 1004.83, 1004.83, 1004.83, 1004.83, 875]
['2019-03-27 15:24:00', 1004.31, 1004.46, 1004.31, 1004.46, 905]
['2019-03-27 15:23:00', 1003.68, 1003.955, 1003.68, 1003.955, 652]
['2019-03-27 15:21:00', 1004.37, 1003.84, 1003.84, 1004.37, 873]
['2019-03-27 15:20:00', 1004.35, 1004.2, 1004.2, 1004.35, 442]
['2019-03-27 15:19:00', 1004.31, 1004.31, 1004.31, 1004.31, 558]
['2019-03-27 15:18:00', 1004.92, 1004.43, 1004.43, 1004.92, 1088]
['2019-03-27 15:17:00', 1004.54, 1004.53, 1004.53, 1004.54, 474]
['2019-03-27 15:16:00', 1004.08, 1004.515, 1003.81, 1004.85, 929]
['2019-03-27 15:15:00', 1004.36, 1004.36, 1004.36, 1004.36, 106]
['2019-03-27 15:14:00', 1004.68, 1004.07, 1004.07, 1004.68, 308]
['2019-03-27 15:13:00', 1004.93, 1004.68, 1004.68, 1004.93, 865]
['2019-03-27 15:11:00', 1004.58, 1004.615, 1004.58, 1004.875, 686]
['2019-03-27 15:08:00', 1005.19, 1005.04, 1005.04, 1005.19, 1841]
['2019-03-27 15:07:00', 1005.16, 1005.16, 1005.16, 1005.16, 563]
['2019-03-27 15:06:00', 1004.575, 1004.575, 1004.575, 1004.575, 412]
['2019-03-27 15:04:00', 1003.3, 1003.76, 1003.3, 1003.76, 1552]
['2019-03-27 15:03:00', 1004.49, 1004.03, 1004.03, 1004.49, 988]
['2019-03-27 15:02:00', 1005.07, 1004.965, 1004.965, 1005.07, 226]
['2019-03-27 15:01:00', 1005.94, 1005.64, 1005.64, 1005.94, 381]
['2019-03-27 15:00:00', 1006.37, 1006.34, 1006.33, 1006.37, 1376]
['2019-03-27 14:58:00', 1006.55, 1006.36, 1006.36, 1006.55, 803]
['2019-03-27 14:57:00', 1006.74, 1005.49, 1005.49, 1006.74, 695]
['2019-03-27 14:55:00', 1006.98, 1006.49, 1006.49, 1006.98, 1012]
['2019-03-27 14:54:00', 1005.845, 1006.42, 1005.57, 1006.42, 2380]
['2019-03-27 14:53:00', 1005.76, 1006.0, 1005.74, 1006.0, 1596]
['2019-03-27 14:52:00', 1005.3, 1005.3, 1005.3, 1005.3, 443]
['2019-03-27 14:51:00', 1005.0, 1004.99, 1004.99, 1005.0, 1639]
['2019-03-27 14:50:00', 1004.7, 1004.91, 1004.6, 1004.91, 612]
['2019-03-27 14:48:00', 1004.26, 1004.6, 1004.26, 1004.67, 2108]
['2019-03-27 14:47:00', 1004.48, 1004.48, 1004.48, 1004.48, 103]
['2019-03-27 14:46:00', 1003.625, 1004.005, 1003.33, 1004.03, 2104]
['2019-03-27 14:44:00', 1003.53, 1003.305, 1003.305, 1003.53, 836]
['2019-03-27 14:41:00', 1003.075, 1003.075, 1003.075, 1003.075, 307]
['2019-03-27 14:39:00', 1004.3, 1002.115, 1002.115, 1004.3, 3313]
['2019-03-27 14:38:00', 1004.255, 1004.63, 1004.255, 1004.84, 877]
['2019-03-27 14:37:00', 1004.28, 1004.63, 1004.18, 1004.63, 547]
['2019-03-27 14:36:00', 1003.58, 1003.88, 1003.54, 1003.88, 1233]
['2019-03-27 14:35:00', 1004.31, 1004.31, 1004.31, 1004.31, 212]
['2019-03-27 14:34:00', 1004.09, 1003.91, 1003.6993, 1004.31, 430]
['2019-03-27 14:32:00', 1003.58, 1003.89, 1003.505, 1004.04, 716]
['2019-03-27 14:31:00', 1002.99, 1003.2, 1002.99, 1003.2, 625]
['2019-03-27 14:30:00', 1003.15, 1003.005, 1002.795, 1003.3, 1529]
['2019-03-27 14:29:00', 1003.16, 1003.16, 1003.16, 1003.16, 100]
['2019-03-27 14:28:00', 1002.385, 1002.87, 1002.385, 1003.11, 311]
['2019-03-27 14:26:00', 1002.14, 1002.545, 1002.09, 1002.545, 828]
['2019-03-27 14:25:00', 1002.655, 1002.1, 1002.1, 1002.655, 247]
['2019-03-27 14:24:00', 1002.67, 1002.11, 1002.11, 1003.0, 3886]
['2019-03-27 14:23:00', 1001.895, 1001.895, 1001.895, 1001.895, 169]
['2019-03-27 14:22:00', 1002.5, 1002.5, 1002.5, 1002.5, 137]
['2019-03-27 14:21:00', 1001.96, 1002.52, 1001.83, 1002.52, 1683]
['2019-03-27 14:20:00', 1002.455, 1002.455, 1002.455, 1002.455, 182]
['2019-03-27 14:19:00', 1002.45, 1002.45, 1002.45, 1002.45, 314]
['2019-03-27 14:18:00', 1001.95, 1001.95, 1001.95, 1001.95, 103]
['2019-03-27 14:17:00', 1001.86, 1001.86, 1001.86, 1001.86, 115]
['2019-03-27 14:16:00', 1001.84, 1002.99, 1001.84, 1002.99, 710]
['2019-03-27 14:15:00', 1002.99, 1002.405, 1002.405, 1002.99, 1340]
['2019-03-27 14:14:00', 1001.93, 1002.34, 1001.93, 1002.34, 1341]
['2019-03-27 14:12:00', 999.76, 1001.17, 999.76, 1001.47, 3299]
['2019-03-27 14:11:00', 999.51, 999.51, 999.51, 999.51, 352]
['2019-03-27 14:09:00', 998.75, 998.76, 998.75, 998.76, 269]
['2019-03-27 14:08:00', 999.7055, 999.7055, 999.7055, 999.7055, 107]
['2019-03-27 14:07:00', 999.3323, 999.3323, 999.3323, 999.3323, 172]
['2019-03-27 14:06:00', 999.01, 998.83, 998.83, 999.11, 1425]
['2019-03-27 14:03:00', 999.36, 999.36, 999.36, 999.36, 293]
['2019-03-27 14:02:00', 999.0, 999.0, 999.0, 999.0, 214]
['2019-03-27 14:01:00', 998.52, 998.99, 998.52, 998.99, 213]
['2019-03-27 13:55:00', 998.06, 998.46, 998.06, 998.46, 753]
['2019-03-27 13:52:00', 997.84, 998.01, 997.84, 998.01, 1111]
['2019-03-27 13:50:00', 997.83, 997.83, 997.83, 997.83, 161]
['2019-03-27 13:49:00', 996.84, 996.84, 996.84, 996.84, 400]
['2019-03-27 13:48:00', 996.78, 996.62, 996.57, 997.155, 1674]
['2019-03-27 13:46:00', 997.52, 997.52, 997.52, 997.52, 391]
['2019-03-27 13:44:00', 997.17, 997.31, 997.17, 997.31, 381]
['2019-03-27 13:41:00', 997.075, 997.075, 997.075, 997.075, 191]
['2019-03-27 13:39:00', 996.51, 996.43, 996.43, 996.6214, 805]
['2019-03-27 13:38:00', 996.57, 996.6, 996.57, 996.6, 591]
['2019-03-27 13:37:00', 996.42, 996.42, 996.42, 996.42, 211]
['2019-03-27 13:36:00', 996.045, 996.045, 996.045, 996.045, 100]
['2019-03-27 13:34:00', 996.0, 996.0, 996.0, 996.0, 104]
['2019-03-27 13:33:00', 996.0, 996.0, 996.0, 996.0, 121]
['2019-03-27 13:31:00', 996.16, 996.075, 996.075, 996.16, 240]
['2019-03-27 13:30:00', 995.975, 995.575, 995.575, 995.975, 712]
['2019-03-27 13:29:00', 996.07, 996.07, 996.07, 996.07, 100]
['2019-03-27 13:28:00', 996.37, 996.22, 996.22, 996.37, 945]
['2019-03-27 13:27:00', 996.83, 996.83, 996.83, 996.83, 396]
['2019-03-27 13:25:00', 996.67, 996.68, 996.67, 996.68, 335]
['2019-03-27 13:24:00', 996.61, 996.045, 996.045, 996.61, 303]
['2019-03-27 13:23:00', 996.24, 996.24, 996.24, 996.24, 162]
['2019-03-27 13:22:00', 996.24, 996.205, 996.205, 996.25, 919]
['2019-03-27 13:19:00', 996.085, 996.085, 996.085, 996.085, 100]
['2019-03-27 13:18:00', 996.09, 996.09, 996.09, 996.09, 445]
['2019-03-27 13:16:00', 997.0, 997.0, 997.0, 997.0, 130]
['2019-03-27 13:15:00', 996.0, 996.0, 996.0, 996.0, 673]
['2019-03-27 13:14:00', 995.99, 995.99, 995.99, 995.99, 102]
['2019-03-27 13:12:00', 994.69, 994.36, 994.36, 994.69, 1138]
['2019-03-27 13:10:00', 994.885, 994.885, 994.885, 994.885, 127]
['2019-03-27 13:09:00', 995.8363, 995.8363, 995.8363, 995.8363, 202]
['2019-03-27 13:07:00', 995.23, 995.24, 995.23, 995.24, 608]
['2019-03-27 13:04:00', 994.9251, 994.9251, 994.9251, 994.9251, 164]
['2019-03-27 13:03:00', 994.55, 994.2, 994.18, 994.56, 648]
['2019-03-27 13:00:00', 993.67, 994.38, 993.595, 994.38, 1977]
['2019-03-27 12:59:00', 993.945, 993.945, 993.945, 993.945, 136]
['2019-03-27 12:58:00', 993.95, 993.95, 993.95, 993.95, 100]
['2019-03-27 12:57:00', 994.528, 994.025, 994.025, 994.528, 1165]
['2019-03-27 12:56:00', 994.81, 994.135, 993.79, 994.81, 1191]
['2019-03-27 12:55:00', 995.61, 994.98, 994.98, 996.12, 1317]
['2019-03-27 12:54:00', 995.66, 995.63, 995.62, 995.66, 587]
['2019-03-27 12:53:00', 995.995, 996.14, 995.985, 996.35, 425]
['2019-03-27 12:52:00', 995.955, 996.3, 995.955, 996.36, 1007]
['2019-03-27 12:51:00', 995.73, 995.83, 995.6, 995.83, 652]
['2019-03-27 12:50:00', 995.89, 995.835, 995.4, 996.55, 1041]
['2019-03-27 12:49:00', 996.11, 995.65, 995.65, 996.305, 1045]
['2019-03-27 12:48:00', 996.67, 996.39, 996.39, 996.67, 837]
['2019-03-27 12:47:00', 995.6, 996.84, 995.4, 996.84, 1400]
['2019-03-27 12:46:00', 996.545, 996.05, 995.79, 996.74, 1428]
['2019-03-27 12:45:00', 996.325, 996.11, 996.11, 996.48, 364]
['2019-03-27 12:44:00', 996.395, 996.69, 996.395, 996.69, 1543]
['2019-03-27 12:43:00', 996.3, 996.33, 996.3, 996.33, 631]
['2019-03-27 12:41:00', 996.17, 996.17, 996.17, 996.17, 196]
['2019-03-27 12:36:00', 996.255, 996.325, 996.255, 996.325, 313]
['2019-03-27 12:35:00', 996.68, 996.365, 996.365, 996.68, 463]
['2019-03-27 12:34:00', 997.02, 997.4, 996.69, 997.4, 500]
['2019-03-27 12:33:00', 996.44, 996.76, 996.44, 996.76, 1209]
['2019-03-27 12:32:00', 996.44, 996.44, 996.34, 996.61, 802]
['2019-03-27 12:31:00', 996.55, 996.725, 996.55, 996.76, 663]
['2019-03-27 12:30:00', 996.82, 996.36, 996.36, 996.83, 941]
['2019-03-27 12:28:00', 996.51, 996.51, 996.51, 996.51, 116]
['2019-03-27 12:27:00', 996.82, 996.82, 996.82, 996.82, 176]
['2019-03-27 12:26:00', 996.85, 996.45, 996.45, 996.85, 330]
['2019-03-27 12:25:00', 996.315, 996.83, 996.315, 996.83, 531]
['2019-03-27 12:24:00', 996.31, 996.31, 996.31, 996.31, 108]
['2019-03-27 12:23:00', 996.92, 996.92, 996.92, 996.92, 130]
['2019-03-27 12:21:00', 996.08, 996.18, 996.08, 996.18, 620]
['2019-03-27 12:20:00', 995.345, 995.8, 995.345, 995.8, 350]
['2019-03-27 12:19:00', 995.48, 995.48, 995.48, 995.48, 200]
['2019-03-27 12:18:00', 996.17, 996.17, 996.17, 996.17, 818]
['2019-03-27 12:16:00', 995.78, 995.12, 995.04, 995.78, 406]
['2019-03-27 12:14:00', 996.24, 995.64, 995.64, 996.24, 587]
['2019-03-27 12:10:00', 996.72, 996.72, 996.72, 996.72, 186]
['2019-03-27 12:09:00', 996.42, 996.42, 996.42, 996.42, 115]
['2019-03-27 12:07:00', 996.21, 996.21, 996.21, 996.21, 201]
['2019-03-27 12:06:00', 996.795, 996.86, 996.71, 996.86, 674]
['2019-03-27 12:05:00', 996.67, 997.04, 996.67, 997.04, 91804]
['2019-03-27 12:04:00', 996.07, 996.07, 996.07, 996.07, 0]
['2019-03-27 12:00:00', 996.75, 996.75, 996.75, 996.75, 819]
['2019-03-27 11:59:00', 997.13, 997.13, 997.13, 997.13, 203]
['2019-03-27 11:55:00', 996.73, 997.175, 996.73, 997.44, 816]
['2019-03-27 11:52:00', 995.5, 995.75, 995.5, 995.75, 513]
['2019-03-27 11:51:00', 995.405, 995.76, 995.405, 995.76, 326]
['2019-03-27 11:50:00', 994.82, 995.59, 994.82, 995.59, 1246]
['2019-03-27 11:49:00', 994.2, 994.445, 994.2, 994.445, 262]
['2019-03-27 11:46:00', 994.11, 993.68, 993.68, 994.815, 836]
['2019-03-27 11:43:00', 995.32, 995.32, 995.32, 995.32, 374]
['2019-03-27 11:40:00', 996.06, 994.77, 994.77, 996.06, 1137]
['2019-03-27 11:39:00', 995.63, 996.78, 995.63, 996.78, 602]
['2019-03-27 11:37:00', 994.21, 995.14, 994.21, 995.14, 841]
['2019-03-27 11:36:00', 994.3, 994.0423, 994.0423, 994.3, 514]
['2019-03-27 11:34:00', 995.44, 995.41, 995.41, 995.44, 552]
['2019-03-27 11:33:00', 995.295, 995.66, 995.085, 995.66, 803]
['2019-03-27 11:31:00', 994.91, 995.56, 994.77, 995.56, 1243]
['2019-03-27 11:29:00', 995.03, 994.83, 994.83, 995.14, 2022]
['2019-03-27 11:26:00', 995.415, 995.5975, 995.415, 995.5975, 218]
['2019-03-27 11:25:00', 994.45, 995.37, 994.31, 995.54, 1369]
['2019-03-27 11:24:00', 993.925, 993.925, 993.925, 993.925, 519]
['2019-03-27 11:23:00', 993.4, 993.85, 993.4, 993.85, 202]
['2019-03-27 11:21:00', 993.78, 993.855, 993.78, 993.855, 281]
['2019-03-27 11:20:00', 993.5107, 993.78, 993.5107, 993.795, 488]
['2019-03-27 11:18:00', 993.6783, 993.86, 993.6783, 993.86, 823]
['2019-03-27 11:16:00', 993.905, 993.905, 993.905, 993.905, 124]
['2019-03-27 11:15:00', 994.075, 994.5, 993.6, 994.55, 1732]
['2019-03-27 11:14:00', 994.35, 994.075, 994.075, 994.35, 826]
['2019-03-27 11:13:00', 994.83, 995.0, 994.83, 995.0, 515]
['2019-03-27 11:12:00', 995.72, 995.23, 995.23, 995.72, 929]
['2019-03-27 11:11:00', 995.845, 995.845, 995.845, 995.845, 105]
['2019-03-27 11:08:00', 996.39, 996.39, 996.39, 996.39, 263]
['2019-03-27 11:07:00', 995.44, 995.95, 995.44, 995.95, 291]
['2019-03-27 11:06:00', 994.88, 994.74, 994.72, 995.0, 1143]
['2019-03-27 11:04:00', 995.22, 995.22, 995.22, 995.22, 191]
['2019-03-27 11:03:00', 994.67, 994.5, 994.5, 995.2, 1027]
['2019-03-27 11:02:00', 994.71, 994.705, 994.705, 994.71, 835]
['2019-03-27 11:01:00', 994.74, 994.715, 994.715, 994.84, 1533]
['2019-03-27 11:00:00', 994.94, 994.82, 994.82, 994.94, 1402]
['2019-03-27 10:59:00', 995.67, 995.17, 995.17, 995.69, 2756]
['2019-03-27 10:58:00', 996.47, 996.0665, 995.67, 996.47, 2563]
['2019-03-27 10:57:00', 996.905, 996.47, 996.47, 996.905, 392]
['2019-03-27 10:54:00', 997.445, 997.7, 996.88, 997.7, 6577]
['2019-03-27 10:53:00', 998.68, 998.02, 998.02, 998.68, 521]
['2019-03-27 10:51:00', 999.08, 999.08, 999.08, 999.08, 347]
['2019-03-27 10:50:00', 998.87, 999.83, 998.87, 999.83, 1153]
['2019-03-27 10:49:00', 998.85, 999.36, 998.7, 999.36, 990]
['2019-03-27 10:48:00', 997.865, 997.87, 997.845, 997.87, 561]
['2019-03-27 10:47:00', 997.48, 998.32, 997.48, 998.32, 534]
['2019-03-27 10:44:00', 997.74, 997.79, 997.55, 997.98, 2043]
['2019-03-27 10:43:00', 998.1, 998.315, 998.1, 998.315, 323]
['2019-03-27 10:42:00', 997.95, 997.95, 997.95, 997.95, 837]
['2019-03-27 10:41:00', 997.99, 997.98, 997.98, 997.99, 528]
['2019-03-27 10:40:00', 998.2, 998.19, 998.19, 998.64, 886]
['2019-03-27 10:39:00', 997.55, 997.75, 997.55, 997.89, 1122]
['2019-03-27 10:38:00', 997.94, 997.56, 997.56, 997.94, 530]
['2019-03-27 10:37:00', 998.07, 998.1, 998.06, 998.1, 917]
['2019-03-27 10:36:00', 998.15, 998.5, 998.1, 998.6, 1451]
['2019-03-27 10:35:00', 998.37, 998.37, 998.295, 998.39, 1312]
['2019-03-27 10:34:00', 998.79, 999.0, 998.79, 999.0, 1499]
['2019-03-27 10:29:00', 997.865, 997.865, 997.865, 997.865, 302]
['2019-03-27 10:28:00', 997.74, 997.74, 997.74, 997.74, 101]
['2019-03-27 10:27:00', 998.19, 998.19, 998.19, 998.19, 292]
['2019-03-27 10:24:00', 997.72, 997.3, 997.29, 997.72, 1012]
['2019-03-27 10:22:00', 997.86, 998.03, 997.85, 998.03, 500]
['2019-03-27 10:20:00', 998.305, 998.065, 997.71, 998.99, 1315]
['2019-03-27 10:19:00', 997.745, 997.745, 997.745, 997.745, 100]
['2019-03-27 10:18:00', 997.03, 998.39, 997.0001, 998.39, 580]
['2019-03-27 10:17:00', 997.2, 997.21, 997.2, 997.5415, 1280]
['2019-03-27 10:15:00', 998.42, 997.84, 997.84, 998.51, 1597]
['2019-03-27 10:14:00', 998.29, 997.86, 997.86, 999.685, 1689]
['2019-03-27 10:13:00', 997.78, 997.79, 997.18, 997.79, 602]
['2019-03-27 10:10:00', 997.22, 997.23, 997.22, 997.23, 588]
['2019-03-27 10:06:00', 996.115, 996.115, 996.115, 996.115, 421]
['2019-03-27 10:05:00', 995.46, 997.18, 995.46, 997.18, 1596]
['2019-03-27 10:03:00', 994.795, 994.795, 994.795, 994.795, 202]
['2019-03-27 10:01:00', 993.9888, 994.73, 993.9888, 994.73, 426]
['2019-03-27 09:57:00', 994.765, 994.765, 994.765, 994.765, 163]
['2019-03-27 09:56:00', 994.82, 996.19, 994.82, 996.19, 200]
['2019-03-27 09:54:00', 995.625, 995.625, 995.625, 995.625, 165]
['2019-03-27 09:53:00', 995.74, 995.05, 995.05, 995.74, 694]
['2019-03-27 09:52:00', 994.955, 996.3, 994.955, 996.45, 1267]
['2019-03-27 09:51:00', 995.0, 996.1, 994.45, 996.1, 779]
['2019-03-27 09:50:00', 993.61, 995.3, 993.61, 995.3, 1556]
['2019-03-27 09:49:00', 991.76, 993.355, 991.76, 993.355, 1822]
['2019-03-27 09:48:00', 990.98, 990.98, 990.98, 990.98, 215]
['2019-03-27 09:47:00', 990.995, 990.99, 990.99, 990.995, 1303]
['2019-03-27 09:46:00', 989.5332, 990.535, 989.5332, 990.555, 733]
['2019-03-27 09:45:00', 991.12, 991.12, 991.12, 991.12, 266]
['2019-03-27 09:44:00', 992.095, 992.095, 992.095, 992.095, 128]
['2019-03-27 09:43:00', 992.095, 991.3, 991.3, 992.095, 356]
['2019-03-27 09:42:00', 995.31, 992.45, 992.45, 995.31, 2034]
['2019-03-27 09:41:00', 996.54, 994.9375, 994.5, 996.54, 900]
['2019-03-27 09:36:00', 999.81, 997.17, 997.17, 999.81, 901]
['2019-03-27 09:35:00', 1003.78, 1003.78, 1003.78, 1003.78, 373]
['2019-03-27 09:33:00', 998.1, 999.32, 995.55, 1000.53, 3675]
['2019-03-27 09:32:00', 994.62, 995.545, 994.52, 995.545, 1125]
['2019-03-27 09:31:00', 996.42, 996.755, 994.44, 997.25, 2064]
['2019-03-26 16:00:00', 997.23, 997.67, 997.23, 997.67, 6045]
['2019-03-26 15:59:00', 997.64, 996.86, 996.86, 997.64, 5753]
['2019-03-26 15:58:00', 997.81, 997.81, 997.81, 997.81, 886]
['2019-03-26 15:57:00', 997.77, 997.77, 997.77, 997.77, 1088]
['2019-03-26 15:56:00', 997.21, 997.21, 997.21, 997.21, 1442]
['2019-03-26 15:55:00', 996.79, 996.79, 996.79, 996.79, 565]
['2019-03-26 15:54:00', 996.85, 996.85, 996.85, 996.85, 874]
['2019-03-26 15:53:00', 996.82, 996.82, 996.82, 996.82, 1115]
['2019-03-26 15:52:00', 996.475, 996.475, 996.475, 996.475, 809]
['2019-03-26 15:51:00', 996.49, 996.49, 996.49, 996.49, 1665]
['2019-03-26 15:50:00', 996.3, 996.3, 996.3, 996.3, 860]
['2019-03-26 15:49:00', 996.805, 996.805, 996.805, 996.805, 310]
['2019-03-26 15:48:00', 996.89, 996.89, 996.89, 996.89, 544]
['2019-03-26 15:47:00', 996.6, 997.2, 996.6, 997.2, 1186]
['2019-03-26 15:46:00', 996.8566, 996.8566, 996.8566, 996.8566, 821]
['2019-03-26 15:45:00', 997.155, 997.155, 997.155, 997.155, 366]
['2019-03-26 15:44:00', 996.385, 997.3, 996.385, 997.3, 2378]
['2019-03-26 15:43:00', 996.545, 996.54, 996.54, 996.545, 550]
['2019-03-26 15:42:00', 996.76, 996.76, 996.76, 996.76, 321]
['2019-03-26 15:41:00', 996.88, 996.45, 996.45, 996.88, 1059]
['2019-03-26 15:40:00', 997.01, 997.01, 997.01, 997.01, 383]
['2019-03-26 15:39:00', 997.34, 997.03, 997.03, 997.34, 1591]
['2019-03-26 15:37:00', 997.9625, 997.985, 997.9625, 997.985, 1087]
['2019-03-26 15:36:00', 997.97, 997.97, 997.97, 997.97, 326]
['2019-03-26 15:35:00', 997.79, 997.79, 997.79, 997.79, 273]
['2019-03-26 15:34:00', 997.88, 997.765, 997.765, 997.88, 716]
['2019-03-26 15:32:00', 998.0426, 998.0426, 998.0426, 998.0426, 564]
['2019-03-26 15:31:00', 997.545, 997.66, 997.32, 997.67, 8595]
['2019-03-26 15:30:00', 997.975, 997.975, 997.975, 997.975, 341]
['2019-03-26 15:28:00', 997.79, 998.45, 997.79, 998.45, 1995]
['2019-03-26 15:26:00', 997.43, 997.48, 997.43, 997.48, 1500]
['2019-03-26 15:25:00', 997.69, 997.565, 997.565, 997.795, 1285]
['2019-03-26 15:23:00', 997.77, 997.77, 997.77, 997.77, 322]
['2019-03-26 15:22:00', 998.21, 998.21, 998.21, 998.21, 452]
['2019-03-26 15:20:00', 998.62, 997.66, 997.66, 998.62, 1766]
['2019-03-26 15:19:00', 998.48, 998.67, 998.48, 998.67, 1497]
['2019-03-26 15:18:00', 998.04, 998.04, 998.04, 998.04, 212]
['2019-03-26 15:17:00', 998.19, 998.19, 998.19, 998.19, 334]
['2019-03-26 15:15:00', 998.26, 998.26, 998.26, 998.26, 829]
['2019-03-26 15:14:00', 998.38, 998.38, 998.38, 998.38, 500]
['2019-03-26 15:12:00', 997.96, 997.96, 997.96, 997.96, 389]
['2019-03-26 15:10:00', 998.96, 998.96, 998.96, 998.96, 769]
['2019-03-26 15:08:00', 998.79, 998.8, 998.79, 998.8, 1096]
['2019-03-26 15:06:00', 998.29, 998.29, 998.29, 998.29, 501]
['2019-03-26 15:04:00', 998.51, 998.49, 998.49, 998.51, 1094]
['2019-03-26 15:02:00', 998.275, 998.44, 998.275, 998.44, 707]
['2019-03-26 15:00:00', 997.89, 997.53, 997.53, 997.89, 885]
['2019-03-26 14:59:00', 997.86, 997.86, 997.86, 997.86, 116]
['2019-03-26 14:57:00', 997.92, 997.92, 997.92, 997.92, 463]
['2019-03-26 14:56:00', 997.18, 997.31, 997.18, 997.31, 1725]
['2019-03-26 14:54:00', 997.46, 997.46, 997.46, 997.46, 305]
['2019-03-26 14:53:00', 996.59, 997.21, 996.59, 997.21, 491]
['2019-03-26 14:47:00', 995.9, 996.45, 995.9, 996.45, 1230]
['2019-03-26 14:45:00', 995.79, 995.79, 995.79, 995.79, 752]
['2019-03-26 14:43:00', 995.63, 995.63, 995.63, 995.63, 358]
['2019-03-26 14:40:00', 996.13, 996.13, 996.13, 996.13, 324]
['2019-03-26 14:37:00', 996.27, 995.63, 995.63, 996.27, 1527]
['2019-03-26 14:36:00', 994.5, 995.04, 994.5, 995.04, 1452]
['2019-03-26 14:34:00', 993.96, 993.4591, 993.4591, 993.96, 588]
['2019-03-26 14:33:00', 994.57, 994.21, 994.21, 994.57, 418]
['2019-03-26 14:32:00', 995.12, 994.89, 994.89, 995.12, 400]
['2019-03-26 14:29:00', 995.68, 995.19, 995.1575, 995.68, 714]
['2019-03-26 14:27:00', 996.06, 995.75, 995.75, 996.06, 1016]
['2019-03-26 14:24:00', 996.57, 996.57, 996.57, 996.57, 771]
['2019-03-26 14:22:00', 996.35, 995.89, 995.89, 996.35, 1073]
['2019-03-26 14:18:00', 996.94, 996.69, 996.69, 996.94, 1287]
['2019-03-26 14:16:00', 996.47, 996.94, 996.46, 996.94, 2066]
['2019-03-26 14:14:00', 995.94, 995.94, 995.94, 995.94, 450]
['2019-03-26 14:11:00', 996.255, 996.255, 996.255, 996.255, 728]
['2019-03-26 14:10:00', 996.9433, 996.9433, 996.9433, 996.9433, 307]
['2019-03-26 14:08:00', 998.04, 997.89, 997.89, 998.04, 1480]
['2019-03-26 14:07:00', 998.325, 998.325, 998.325, 998.325, 162]
['2019-03-26 14:05:00', 998.3, 998.3, 998.3, 998.3, 398]
['2019-03-26 14:04:00', 998.52, 998.08, 998.08, 998.52, 1624]
['2019-03-26 14:03:00', 1000.11, 1000.11, 1000.11, 1000.11, 633]
['2019-03-26 14:00:00', 1000.39, 1000.39, 1000.39, 1000.39, 242]
['2019-03-26 13:59:00', 1000.2225, 1000.2225, 1000.2225, 1000.2225, 259]
['2019-03-26 13:58:00', 1001.4699, 1001.4699, 1001.4699, 1001.4699, 761]
['2019-03-26 13:57:00', 1001.16, 1001.16, 1001.16, 1001.16, 699]
['2019-03-26 13:56:00', 1001.57, 1001.69, 1001.57, 1001.69, 863]
['2019-03-26 13:55:00', 1002.105, 1002.105, 1002.105, 1002.105, 642]
['2019-03-26 13:54:00', 1001.71, 1001.6, 1001.6, 1001.71, 1336]
['2019-03-26 13:52:00', 1001.86, 1001.86, 1001.86, 1001.86, 240]
['2019-03-26 13:51:00', 1001.915, 1001.915, 1001.915, 1001.915, 137]
['2019-03-26 13:50:00', 1002.0946, 1002.0946, 1002.0946, 1002.0946, 519]
['2019-03-26 13:49:00', 1001.805, 1001.68, 1001.68, 1001.805, 1178]
['2019-03-26 13:48:00', 1001.995, 1001.995, 1001.995, 1001.995, 158]
['2019-03-26 13:46:00', 1002.26, 1002.0, 1001.78, 1002.26, 2880]
['2019-03-26 13:45:00', 1002.11, 1002.11, 1002.11, 1002.11, 448]
['2019-03-26 13:43:00', 1002.4099, 1002.56, 1002.4099, 1002.56, 678]
['2019-03-26 13:41:00', 1001.86, 1001.86, 1001.86, 1001.86, 537]
['2019-03-26 13:40:00', 1001.95, 1002.41, 1001.95, 1002.41, 1292]
['2019-03-26 13:38:00', 1002.32, 1002.32, 1002.32, 1002.32, 483]
['2019-03-26 13:37:00', 1002.175, 1002.175, 1002.175, 1002.175, 141]
['2019-03-26 13:36:00', 1002.17, 1002.17, 1002.17, 1002.17, 207]
['2019-03-26 13:34:00', 1002.11, 1002.11, 1002.11, 1002.11, 1688]
['2019-03-26 13:33:00', 1002.74, 1002.425, 1002.425, 1002.74, 726]
['2019-03-26 13:31:00', 1002.78, 1002.78, 1002.78, 1002.78, 223]
['2019-03-26 13:30:00', 1002.84, 1002.84, 1002.84, 1002.84, 209]
['2019-03-26 13:28:00', 1002.5538, 1002.5538, 1002.5538, 1002.5538, 484]
['2019-03-26 13:26:00', 1001.6, 1002.49, 1001.6, 1002.49, 1595]
['2019-03-26 13:24:00', 1002.12, 1002.12, 1002.12, 1002.12, 273]
['2019-03-26 13:23:00', 1002.19, 1002.19, 1002.19, 1002.19, 344]
['2019-03-26 13:20:00', 1002.1, 1002.1, 1002.1, 1002.1, 245]
['2019-03-26 13:18:00', 1001.9, 1001.89, 1001.89, 1001.9, 933]
['2019-03-26 13:15:00', 1002.08, 1001.725, 1001.725, 1002.08, 1839]
['2019-03-26 13:14:00', 1001.715, 1001.715, 1001.715, 1001.715, 612]
['2019-03-26 13:12:00', 1001.275, 1001.275, 1001.275, 1001.275, 377]
['2019-03-26 13:07:00', 1002.22, 1002.22, 1002.22, 1002.22, 527]
['2019-03-26 13:06:00', 1002.32, 1002.43, 1002.26, 1002.43, 2184]
['2019-03-26 13:05:00', 1002.66, 1003.0, 1002.66, 1003.0, 945]
['2019-03-26 13:01:00', 1001.52, 1001.915, 1001.52, 1002.66, 3533]
['2019-03-26 13:00:00', 1001.36, 1001.36, 1001.36, 1001.36, 407]
['2019-03-26 12:59:00', 1001.36, 1001.36, 1001.36, 1001.36, 364]
['2019-03-26 12:55:00', 1001.535, 1001.48, 1001.48, 1001.535, 1025]
['2019-03-26 12:54:00', 1001.15, 1001.15, 1001.15, 1001.15, 407]
['2019-03-26 12:52:00', 1001.545, 1001.545, 1001.545, 1001.545, 218]
['2019-03-26 12:51:00', 1001.52, 1001.52, 1001.52, 1001.52, 705]
['2019-03-26 12:50:00', 1001.8, 1001.55, 1001.55, 1001.8, 1469]
['2019-03-26 12:49:00', 1001.5, 1001.5, 1001.5, 1001.5, 353]
['2019-03-26 12:48:00', 1000.79, 1001.98, 1000.79, 1001.98, 1811]
['2019-03-26 12:47:00', 1001.49, 1001.635, 1001.49, 1001.635, 957]
['2019-03-26 12:45:00', 1001.89, 1001.89, 1001.89, 1001.89, 578]
['2019-03-26 12:44:00', 1001.5325, 1001.5325, 1001.5325, 1001.5325, 309]
['2019-03-26 12:40:00', 1000.748, 1000.748, 1000.748, 1000.748, 519]
['2019-03-26 12:38:00', 1000.09, 1000.09, 1000.09, 1000.09, 625]
['2019-03-26 12:37:00', 1000.0, 1000.0, 1000.0, 1000.0, 604]
['2019-03-26 12:36:00', 1001.2, 1001.01, 1001.01, 1001.2, 942]
['2019-03-26 12:34:00', 1001.49, 1002.255, 1001.49, 1002.255, 948]
['2019-03-26 12:30:00', 1000.55, 1000.55, 1000.55, 1000.55, 208]
['2019-03-26 12:29:00', 1000.79, 1000.79, 1000.79, 1000.79, 672]
['2019-03-26 12:28:00', 1001.28, 1001.28, 1001.28, 1001.28, 114]
['2019-03-26 12:26:00', 1001.4899, 1001.51, 1001.4899, 1001.51, 1100]
['2019-03-26 12:25:00', 1001.615, 1001.615, 1001.615, 1001.615, 693]
['2019-03-26 12:24:00', 1002.285, 1002.285, 1002.285, 1002.285, 544]
['2019-03-26 12:23:00', 1002.98, 1002.98, 1002.98, 1002.98, 602]
['2019-03-26 12:22:00', 1003.46, 1003.46, 1003.46, 1003.46, 233]
['2019-03-26 12:21:00', 1003.78, 1002.99, 1002.99, 1003.78, 1643]
['2019-03-26 12:20:00', 1004.18, 1004.18, 1004.18, 1004.18, 1603]
['2019-03-26 12:18:00', 1003.84, 1003.84, 1003.84, 1003.84, 957]
['2019-03-26 12:17:00', 1003.41, 1003.41, 1003.41, 1003.41, 1019]
['2019-03-26 12:16:00', 1002.54, 1002.54, 1002.54, 1002.54, 272]
['2019-03-26 12:15:00', 1002.71, 1002.71, 1002.71, 1002.71, 455]
['2019-03-26 12:10:00', 1002.605, 1002.85, 1002.605, 1002.85, 916]
['2019-03-26 12:09:00', 1002.3, 1002.005, 1002.005, 1002.3, 1972]
['2019-03-26 12:08:00', 1003.31, 1003.31, 1003.31, 1003.31, 505]
['2019-03-26 12:07:00', 1001.11, 1002.8675, 1001.11, 1002.8675, 1544]
['2019-03-26 12:05:00', 999.545, 1000.1, 999.545, 1000.22, 2217]
['2019-03-26 12:04:00', 999.15, 999.55, 999.05, 999.55, 8639]
['2019-03-26 12:02:00', 999.24, 999.345, 999.24, 999.345, 1106]
['2019-03-26 12:01:00', 999.24, 999.24, 999.24, 999.24, 536]
['2019-03-26 12:00:00', 999.23, 999.23, 999.23, 999.23, 663]
['2019-03-26 11:59:00', 999.18, 999.54, 999.18, 999.59, 2360]
['2019-03-26 11:56:00', 998.75, 998.675, 998.675, 998.75, 626]
['2019-03-26 11:53:00', 998.07, 998.07, 998.07, 998.07, 999]
['2019-03-26 11:52:00', 998.12, 998.12, 998.12, 998.12, 410]
['2019-03-26 11:48:00', 997.79, 997.795, 997.79, 997.81, 2063]
['2019-03-26 11:47:00', 998.75, 998.75, 998.75, 998.75, 666]
['2019-03-26 11:45:00', 999.62, 999.36, 999.22, 999.62, 1819]
['2019-03-26 11:44:00', 999.34, 999.34, 999.34, 999.34, 574]
['2019-03-26 11:42:00', 999.38, 999.38, 999.38, 999.38, 452]
['2019-03-26 11:41:00', 999.09, 999.09, 999.09, 999.09, 288]
['2019-03-26 11:40:00', 998.78, 998.78, 998.78, 998.78, 401]
['2019-03-26 11:38:00', 998.91, 998.91, 998.91, 998.91, 1390]
['2019-03-26 11:37:00', 998.635, 998.635, 998.635, 998.635, 101]
['2019-03-26 11:35:00', 999.03, 999.03, 999.03, 999.03, 439]
['2019-03-26 11:34:00', 998.56, 998.56, 998.56, 998.56, 713]
['2019-03-26 11:33:00', 998.275, 998.275, 998.275, 998.275, 261]
['2019-03-26 11:32:00', 998.68, 998.68, 998.68, 998.68, 374]
['2019-03-26 11:31:00', 998.335, 998.335, 998.335, 998.335, 533]
['2019-03-26 11:30:00', 998.6907, 998.6907, 998.6907, 998.6907, 509]
['2019-03-26 11:29:00', 998.935, 998.33, 998.33, 998.935, 1673]
['2019-03-26 11:25:00', 998.8406, 998.8406, 998.8406, 998.8406, 520]
['2019-03-26 11:24:00', 999.0931, 999.0931, 999.0931, 999.0931, 236]
['2019-03-26 11:23:00', 998.72, 998.74, 998.57, 998.74, 1917]
['2019-03-26 11:22:00', 998.23, 998.23, 998.23, 998.23, 441]
['2019-03-26 11:19:00', 996.44, 997.075, 996.44, 997.075, 1543]
['2019-03-26 11:16:00', 995.79, 996.015, 995.79, 996.015, 748]
['2019-03-26 11:14:00', 994.58, 994.58, 994.58, 994.58, 502]
['2019-03-26 11:11:00', 994.3, 994.81, 994.3, 994.81, 1241]
['2019-03-26 11:07:00', 994.155, 994.155, 994.155, 994.155, 241]
['2019-03-26 11:06:00', 993.89, 993.89, 993.89, 993.89, 649]
['2019-03-26 11:05:00', 994.09, 994.09, 994.09, 994.09, 227]
['2019-03-26 11:03:00', 994.05, 994.05, 994.05, 994.05, 617]
['2019-03-26 11:01:00', 993.28, 993.855, 993.28, 993.855, 866]
['2019-03-26 11:00:00', 994.13, 994.13, 994.13, 994.13, 160]
['2019-03-26 10:59:00', 993.35, 993.35, 993.35, 993.35, 677]
['2019-03-26 10:57:00', 994.71, 994.71, 994.71, 994.71, 807]
['2019-03-26 10:56:00', 994.516, 994.516, 994.516, 994.516, 117]
['2019-03-26 10:55:00', 994.075, 994.075, 994.075, 994.075, 994]
['2019-03-26 10:54:00', 994.67, 993.92, 993.92, 994.72, 2313]
['2019-03-26 10:53:00', 994.04, 994.52, 994.04, 994.52, 459]
['2019-03-26 10:52:00', 994.17, 994.17, 994.17, 994.17, 676]
['2019-03-26 10:47:00', 993.15, 993.15, 993.15, 993.15, 776]
['2019-03-26 10:46:00', 993.59, 993.59, 993.59, 993.59, 266]
['2019-03-26 10:44:00', 993.4, 993.4, 993.4, 993.4, 1145]
['2019-03-26 10:43:00', 994.03, 993.825, 993.825, 994.03, 1203]
['2019-03-26 10:40:00', 993.7, 993.7, 993.7, 993.7, 567]
['2019-03-26 10:38:00', 993.73, 993.73, 993.73, 993.73, 234]
['2019-03-26 10:37:00', 993.36, 993.36, 993.36, 993.36, 435]
['2019-03-26 10:36:00', 993.46, 993.79, 993.46, 993.79, 1113]
['2019-03-26 10:31:00', 995.17, 994.51, 994.51, 995.17, 1862]
['2019-03-26 10:30:00', 995.4, 995.0, 995.0, 995.4, 1662]
['2019-03-26 10:29:00', 995.1, 995.61, 995.01, 995.84, 2268]
['2019-03-26 10:28:00', 994.45, 995.1, 994.45, 995.1, 1404]
['2019-03-26 10:20:00', 993.6445, 993.6445, 993.6445, 993.6445, 895]
['2019-03-26 10:18:00', 993.44, 993.44, 993.44, 993.44, 584]
['2019-03-26 10:17:00', 994.195, 994.195, 994.195, 994.195, 254]
['2019-03-26 10:16:00', 993.4, 993.995, 993.4, 993.995, 1903]
['2019-03-26 10:15:00', 993.0, 993.0, 993.0, 993.0, 434]
['2019-03-26 10:13:00', 992.65, 992.86, 992.65, 992.86, 809]
['2019-03-26 10:12:00', 992.84, 992.84, 992.84, 992.84, 792]
['2019-03-26 10:11:00', 991.71, 991.71, 991.71, 991.71, 1490]
['2019-03-26 10:10:00', 991.005, 991.005, 991.005, 991.005, 119]
['2019-03-26 10:09:00', 991.0, 991.0, 991.0, 991.0, 203]
['2019-03-26 10:08:00', 990.88, 990.88, 990.88, 990.88, 261]
['2019-03-26 10:07:00', 991.42, 991.42, 991.42, 991.42, 275]
['2019-03-26 10:06:00', 990.79, 990.79, 990.79, 990.79, 440]
['2019-03-26 10:03:00', 991.53, 991.53, 991.53, 991.53, 318]
['2019-03-26 09:59:00', 990.7, 990.7, 990.7, 990.7, 951]
['2019-03-26 09:57:00', 988.815, 988.815, 988.815, 988.815, 623]
['2019-03-26 09:55:00', 989.36, 988.815, 988.815, 989.36, 808]
['2019-03-26 09:54:00', 988.995, 988.995, 988.995, 988.995, 234]
['2019-03-26 09:53:00', 988.5, 988.991, 988.5, 988.991, 782]
['2019-03-26 09:50:00', 989.69, 988.505, 988.505, 989.69, 2074]
['2019-03-26 09:49:00', 990.66, 989.8844, 989.8844, 990.66, 3445]
['2019-03-26 09:48:00', 992.76, 992.76, 992.76, 992.76, 658]
['2019-03-26 09:46:00', 993.045, 993.045, 993.045, 993.045, 379]
['2019-03-26 09:45:00', 993.299, 993.75, 993.299, 993.75, 1117]
['2019-03-26 09:44:00', 993.8, 993.8, 993.8, 993.8, 194]
['2019-03-26 09:42:00', 994.3, 992.94, 992.94, 994.3, 1682]
['2019-03-26 09:41:00', 994.3, 994.3, 994.3, 994.3, 743]
['2019-03-26 09:37:00', 994.205, 994.5048, 994.205, 994.5048, 1773]
['2019-03-26 09:36:00', 993.7, 993.7, 993.7, 993.7, 802]
['2019-03-26 09:35:00', 995.08, 993.06, 993.06, 995.08, 3002]
['2019-03-26 09:34:00', 997.93, 996.315, 996.315, 997.93, 1885]
['2019-03-26 09:31:00', 998.19, 998.19, 998.19, 998.19, 2508]
['2019-03-25 16:00:00', 995.49, 994.675, 994.675, 995.49, 5649]
['2019-03-25 15:59:00', 996.58, 995.57, 995.57, 996.58, 4489]
['2019-03-25 15:58:00', 996.255, 996.21, 996.21, 996.255, 2449]
['2019-03-25 15:57:00', 995.74, 995.74, 995.74, 995.74, 636]
['2019-03-25 15:56:00', 995.48, 995.48, 995.48, 995.48, 1513]
['2019-03-25 15:55:00', 995.65, 995.65, 995.65, 995.65, 437]
['2019-03-25 15:52:00', 995.68, 995.8215, 995.68, 995.8215, 1063]
['2019-03-25 15:51:00', 995.87, 995.87, 995.87, 995.87, 772]
['2019-03-25 15:49:00', 996.82, 996.6, 996.6, 996.82, 3338]
['2019-03-25 15:48:00', 997.48, 996.89, 996.89, 997.48, 1927]
['2019-03-25 15:47:00', 996.9, 996.9, 996.9, 996.9, 605]
['2019-03-25 15:45:00', 996.76, 996.83, 996.76, 996.95, 1114]
['2019-03-25 15:44:00', 996.87, 996.87, 996.87, 996.87, 281]
['2019-03-25 15:43:00', 996.31, 996.31, 996.31, 996.31, 342]
['2019-03-25 15:42:00', 996.04, 996.04, 996.04, 996.04, 183]
['2019-03-25 15:40:00', 996.34, 996.34, 996.34, 996.34, 1271]
['2019-03-25 15:39:00', 997.12, 996.76, 996.76, 997.12, 677]
['2019-03-25 15:37:00', 996.825, 996.825, 996.825, 996.825, 209]
['2019-03-25 15:36:00', 996.845, 996.845, 996.845, 996.845, 1844]
['2019-03-25 15:35:00', 996.84, 996.84, 996.84, 996.84, 219]
['2019-03-25 15:31:00', 996.87, 996.87, 996.87, 996.87, 437]
['2019-03-25 15:30:00', 996.45, 996.45, 996.45, 996.45, 455]
['2019-03-25 15:29:00', 996.95, 996.95, 996.95, 996.95, 349]
['2019-03-25 15:28:00', 997.18, 997.18, 997.18, 997.18, 203]
['2019-03-25 15:26:00', 995.67, 996.03, 995.67, 996.03, 1155]
['2019-03-25 15:25:00', 995.84, 995.94, 995.84, 995.94, 862]
['2019-03-25 15:24:00', 995.115, 995.115, 995.115, 995.115, 229]
['2019-03-25 15:23:00', 994.81, 994.81, 994.81, 994.81, 411]
['2019-03-25 15:22:00', 993.96, 993.96, 993.96, 993.96, 138]
['2019-03-25 15:20:00', 994.26, 994.26, 994.26, 994.26, 588]
['2019-03-25 15:19:00', 994.27, 994.27, 994.27, 994.27, 195]
['2019-03-25 15:17:00', 995.19, 995.19, 995.19, 995.19, 271]
['2019-03-25 15:14:00', 995.81, 995.81, 995.81, 995.81, 546]
['2019-03-25 15:11:00', 994.56, 994.56, 994.56, 994.56, 556]
['2019-03-25 15:09:00', 994.552, 994.552, 994.552, 994.552, 378]
['2019-03-25 15:08:00', 994.01, 994.01, 994.01, 994.01, 536]
['2019-03-25 15:06:00', 993.95, 993.95, 993.95, 993.95, 955]
['2019-03-25 15:05:00', 993.57, 993.57, 993.57, 993.57, 310]
['2019-03-25 15:04:00', 993.54, 993.54, 993.54, 993.54, 577]
['2019-03-25 15:03:00', 993.3, 993.29, 993.29, 993.3, 1316]
['2019-03-25 15:02:00', 993.92, 993.92, 993.92, 993.92, 311]
['2019-03-25 15:01:00', 992.31, 992.31, 992.31, 992.31, 276]
['2019-03-25 15:00:00', 992.3, 992.3, 992.3, 992.3, 1089]
['2019-03-25 14:59:00', 992.2, 992.4, 992.2, 992.4, 1456]
['2019-03-25 14:54:00', 991.57, 991.57, 991.57, 991.57, 540]
['2019-03-25 14:53:00', 991.36, 991.36, 991.36, 991.36, 179]
['2019-03-25 14:47:00', 992.51, 992.51, 992.51, 992.51, 938]
['2019-03-25 14:45:00', 992.5528, 992.5528, 992.5528, 992.5528, 390]
['2019-03-25 14:43:00', 992.37, 992.37, 992.37, 992.37, 150]
['2019-03-25 14:42:00', 992.66, 992.66, 992.66, 992.66, 691]
['2019-03-25 14:41:00', 991.76, 991.76, 991.76, 991.76, 204]
['2019-03-25 14:39:00', 991.06, 991.425, 991.06, 991.425, 628]
['2019-03-25 14:38:00', 991.03, 991.03, 991.03, 991.03, 194]
['2019-03-25 14:36:00', 991.43, 991.43, 991.43, 991.43, 579]
['2019-03-25 14:35:00', 991.63, 991.64, 991.63, 991.64, 486]
['2019-03-25 14:33:00', 991.62, 992.01, 991.62, 992.11, 1623]
['2019-03-25 14:32:00', 991.53, 991.75, 991.53, 991.75, 1212]
['2019-03-25 14:31:00', 991.0901, 991.4, 991.0901, 991.4, 472]
['2019-03-25 14:28:00', 990.75, 991.28, 990.75, 991.28, 2063]
['2019-03-25 14:27:00', 990.65, 990.65, 990.65, 990.65, 551]
['2019-03-25 14:26:00', 989.5, 989.5, 989.5, 989.5, 515]
['2019-03-25 14:24:00', 989.74, 989.93, 989.74, 989.93, 1406]
['2019-03-25 14:23:00', 990.35, 990.35, 990.35, 990.35, 189]
['2019-03-25 14:22:00', 990.66, 990.66, 990.66, 990.66, 336]
['2019-03-25 14:19:00', 991.32, 990.55, 990.55, 991.32, 2172]
['2019-03-25 14:18:00', 991.82, 991.08, 991.08, 991.82, 581]
['2019-03-25 14:16:00', 992.0, 992.0, 992.0, 992.0, 279]
['2019-03-25 14:12:00', 990.97, 991.48, 990.97, 991.48, 1189]
['2019-03-25 14:10:00', 991.09, 991.09, 991.09, 991.09, 583]
['2019-03-25 14:09:00', 990.81, 990.81, 990.81, 990.81, 516]
['2019-03-25 14:08:00', 990.27, 990.27, 990.27, 990.27, 235]
['2019-03-25 14:06:00', 991.53, 990.97, 990.97, 991.53, 499]
['2019-03-25 13:57:00', 991.4, 991.4, 991.4, 991.4, 357]
['2019-03-25 13:56:00', 991.92, 991.92, 991.92, 991.92, 245]
['2019-03-25 13:54:00', 992.31, 992.31, 992.31, 992.31, 239]
['2019-03-25 13:53:00', 992.13, 992.13, 992.13, 992.13, 167]
['2019-03-25 13:50:00', 991.51, 991.51, 991.51, 991.51, 390]
['2019-03-25 13:49:00', 991.58, 992.13, 991.22, 992.13, 909]
['2019-03-25 13:48:00', 991.96, 991.81, 991.81, 991.96, 448]
['2019-03-25 13:43:00', 992.67, 992.67, 992.67, 992.67, 677]
['2019-03-25 13:42:00', 993.03, 993.03, 993.03, 993.03, 135]
['2019-03-25 13:41:00', 992.87, 992.9, 992.87, 992.9, 1040]
['2019-03-25 13:40:00', 993.35, 993.35, 993.35, 993.35, 136]
['2019-03-25 13:33:00', 992.48, 992.57, 992.48, 992.57, 457]
['2019-03-25 13:31:00', 992.79, 992.79, 992.79, 992.79, 451]
['2019-03-25 13:28:00', 992.7, 992.39, 992.39, 992.7, 515]
['2019-03-25 13:27:00', 992.8, 993.0, 992.8, 993.0, 831]
['2019-03-25 13:26:00', 993.345, 993.345, 993.345, 993.345, 199]
['2019-03-25 13:25:00', 992.97, 992.97, 992.97, 992.97, 772]
['2019-03-25 13:23:00', 993.69, 993.69, 993.69, 993.69, 361]
['2019-03-25 13:22:00', 993.39, 993.39, 993.39, 993.39, 103]
['2019-03-25 13:21:00', 993.54, 993.54, 993.54, 993.54, 345]
['2019-03-25 13:20:00', 993.72, 993.72, 993.72, 993.72, 108]
['2019-03-25 13:12:00', 993.8, 993.8, 993.8, 993.8, 590]
['2019-03-25 13:11:00', 993.5, 993.5, 993.5, 993.5, 121]
['2019-03-25 13:10:00', 993.66, 993.66, 993.66, 993.66, 120]
['2019-03-25 13:09:00', 994.17, 994.17, 994.17, 994.17, 233]
['2019-03-25 13:01:00', 995.54, 993.3, 993.3, 995.54, 3195]
['2019-03-25 13:00:00', 995.39, 995.39, 995.39, 995.39, 361]
['2019-03-25 12:53:00', 994.58, 994.58, 994.58, 994.58, 418]
['2019-03-25 12:51:00', 994.7, 994.6001, 994.6001, 994.7, 910]
['2019-03-25 12:50:00', 995.4, 995.4, 995.4, 995.4, 439]
['2019-03-25 12:49:00', 995.5, 995.6, 995.5, 995.6, 2581]
['2019-03-25 12:48:00', 994.5, 994.93, 994.5, 994.93, 825]
['2019-03-25 12:47:00', 994.25, 994.25, 994.25, 994.25, 446]
['2019-03-25 12:45:00', 994.59, 994.59, 994.59, 994.59, 595]
['2019-03-25 12:44:00', 993.83, 993.68, 993.68, 993.83, 502]
['2019-03-25 12:43:00', 994.35, 994.35, 994.35, 994.35, 315]
['2019-03-25 12:42:00', 994.8, 994.5, 994.42, 994.8, 704]
['2019-03-25 12:41:00', 995.07, 995.07, 995.07, 995.07, 675]
['2019-03-25 12:39:00', 994.9, 994.9, 994.9, 994.9, 477]
['2019-03-25 12:38:00', 995.2, 995.2, 995.2, 995.2, 220]
['2019-03-25 12:37:00', 995.2, 995.2, 995.2, 995.2, 210]
['2019-03-25 12:36:00', 995.24, 995.24, 995.24, 995.24, 393]
['2019-03-25 12:34:00', 995.7, 995.7, 995.7, 995.7, 381]
['2019-03-25 12:33:00', 996.3, 996.3, 996.3, 996.3, 1140]
['2019-03-25 12:32:00', 997.61, 996.25, 996.25, 997.61, 388]
['2019-03-25 12:31:00', 996.88, 996.88, 996.88, 996.88, 218]
['2019-03-25 12:30:00', 997.2, 996.86, 996.86, 997.2, 2437]
['2019-03-25 12:29:00', 997.99, 997.99, 997.99, 997.99, 820]
['2019-03-25 12:28:00', 998.78, 998.78, 998.78, 998.78, 121]
['2019-03-25 12:26:00', 998.74, 998.74, 998.74, 998.74, 236]
['2019-03-25 12:24:00', 997.9, 997.9, 997.9, 997.9, 525]
['2019-03-25 12:23:00', 997.17, 997.17, 997.17, 997.17, 539]
['2019-03-25 12:16:00', 994.98, 994.98, 994.98, 994.98, 693]
['2019-03-25 12:13:00', 995.79, 995.79, 995.79, 995.79, 161]
['2019-03-25 12:12:00', 996.02, 996.02, 996.02, 996.02, 207]
['2019-03-25 12:11:00', 996.0, 996.0, 996.0, 996.0, 325]
['2019-03-25 12:10:00', 996.8099, 996.8099, 996.8099, 996.8099, 306]
['2019-03-25 12:09:00', 996.26, 996.16, 996.16, 996.26, 1126]
['2019-03-25 12:08:00', 996.61, 996.61, 996.61, 996.61, 784]
['2019-03-25 12:07:00', 996.89, 996.78, 996.78, 996.89, 1260]
['2019-03-25 12:06:00', 995.55, 995.55, 995.55, 995.55, 1242]
['2019-03-25 12:05:00', 995.47, 995.47, 995.47, 995.47, 363]
['2019-03-25 12:00:00', 996.57, 996.52, 996.52, 996.57, 1685]
['2019-03-25 11:59:00', 997.23, 997.23, 997.23, 997.23, 108]
['2019-03-25 11:57:00', 997.28, 997.28, 997.28, 997.28, 644]
['2019-03-25 11:54:00', 995.99, 995.99, 995.99, 995.99, 386]
['2019-03-25 11:52:00', 994.61, 995.05, 994.61, 995.05, 420]
['2019-03-25 11:51:00', 994.1, 994.1, 994.1, 994.1, 368]
['2019-03-25 11:49:00', 994.01, 994.01, 994.01, 994.01, 701]
['2019-03-25 11:46:00', 995.63, 996.03, 995.63, 996.03, 760]
['2019-03-25 11:41:00', 998.28, 997.7, 997.7, 998.28, 649]
['2019-03-25 11:40:00', 998.84, 998.84, 998.84, 998.84, 517]
['2019-03-25 11:39:00', 999.11, 999.61, 999.11, 999.61, 696]
['2019-03-25 11:38:00', 998.67, 998.67, 998.67, 998.67, 115]
['2019-03-25 11:37:00', 998.93, 998.93, 998.93, 998.93, 596]
['2019-03-25 11:36:00', 997.675, 997.675, 997.675, 997.675, 628]
['2019-03-25 11:34:00', 999.6, 998.83, 998.83, 999.6, 899]
['2019-03-25 11:32:00', 1000.07, 1000.07, 1000.07, 1000.07, 424]
['2019-03-25 11:31:00', 1001.035, 1001.035, 1001.035, 1001.035, 1137]
['2019-03-25 11:28:00', 1000.49, 1002.0, 1000.49, 1002.0, 1311]
['2019-03-25 11:26:00', 1000.51, 1000.51, 1000.51, 1000.51, 498]
['2019-03-25 11:25:00', 999.65, 999.53, 999.53, 999.65, 926]
['2019-03-25 11:23:00', 999.54, 999.54, 999.54, 999.54, 278]
['2019-03-25 11:22:00', 999.8, 999.8, 999.8, 999.8, 350]
['2019-03-25 11:21:00', 999.04, 999.04, 999.04, 999.04, 521]
['2019-03-25 11:18:00', 998.57, 998.57, 998.57, 998.57, 357]
['2019-03-25 11:16:00', 997.85, 997.85, 997.85, 997.85, 579]
['2019-03-25 11:15:00', 997.5, 997.5, 997.5, 997.5, 1057]
['2019-03-25 11:14:00', 997.99, 997.23, 997.23, 997.99, 1190]
['2019-03-25 11:12:00', 997.29, 997.9118, 997.29, 997.9118, 736]
['2019-03-25 11:11:00', 997.12, 997.12, 997.12, 997.12, 787]
['2019-03-25 11:10:00', 998.05, 998.095, 998.05, 998.095, 694]
['2019-03-25 11:08:00', 998.56, 998.56, 998.56, 998.56, 703]
['2019-03-25 11:07:00', 998.82, 998.82, 998.82, 998.82, 420]
['2019-03-25 11:06:00', 998.97, 998.97, 998.97, 998.97, 756]
['2019-03-25 11:05:00', 997.97, 998.1, 997.64, 998.1, 1715]
['2019-03-25 11:04:00', 997.52, 997.15, 997.15, 997.52, 1861]
['2019-03-25 11:03:00', 997.64, 997.64, 997.64, 997.64, 218]
['2019-03-25 11:02:00', 997.49, 997.67, 997.49, 997.67, 723]
['2019-03-25 11:01:00', 997.3, 997.3, 997.3, 997.3, 418]
['2019-03-25 11:00:00', 997.625, 997.625, 997.625, 997.625, 791]
['2019-03-25 10:59:00', 998.4, 998.0, 998.0, 998.4, 2949]
['2019-03-25 10:58:00', 998.295, 998.34, 998.295, 998.34, 782]
['2019-03-25 10:55:00', 999.3, 998.72, 998.7, 999.3, 2162]
['2019-03-25 10:52:00', 998.86, 1001.045, 998.86, 1001.045, 2214]
['2019-03-25 10:51:00', 997.13, 997.39, 997.13, 997.39, 1168]
['2019-03-25 10:48:00', 995.09, 995.09, 995.09, 995.09, 1159]
['2019-03-25 10:46:00', 996.36, 996.02, 996.02, 996.36, 1979]
['2019-03-25 10:45:00', 995.42, 995.42, 995.42, 995.42, 150]
['2019-03-25 10:43:00', 995.24, 995.24, 995.24, 995.24, 451]
['2019-03-25 10:41:00', 995.28, 995.28, 995.28, 995.28, 215]
['2019-03-25 10:40:00', 994.3, 995.68, 994.3, 995.76, 2506]
['2019-03-25 10:39:00', 994.65, 994.65, 994.65, 994.65, 243]
['2019-03-25 10:38:00', 995.37, 995.37, 995.37, 995.37, 839]
['2019-03-25 10:37:00', 994.74, 994.74, 994.74, 994.74, 408]
['2019-03-25 10:32:00', 993.2644, 994.0, 993.2644, 994.0, 1013]
['2019-03-25 10:30:00', 991.855, 991.855, 991.855, 991.855, 212]
['2019-03-25 10:28:00', 991.785, 991.785, 991.785, 991.785, 282]
['2019-03-25 10:26:00', 992.2, 992.73, 992.2, 992.73, 358]
['2019-03-25 10:25:00', 994.12, 992.68, 992.68, 994.12, 3497]
['2019-03-25 10:23:00', 993.38, 993.4097, 993.38, 993.4097, 506]
['2019-03-25 10:19:00', 993.0, 994.03, 993.0, 994.03, 938]
['2019-03-25 10:16:00', 992.55, 992.55, 992.55, 992.55, 385]
['2019-03-25 10:14:00', 992.3, 992.3, 992.3, 992.3, 386]
['2019-03-25 10:13:00', 991.25, 991.04, 991.04, 991.25, 957]
['2019-03-25 10:11:00', 991.3618, 991.3618, 991.3618, 991.3618, 170]
['2019-03-25 10:09:00', 991.21, 991.21, 991.21, 991.21, 655]
['2019-03-25 10:08:00', 991.985, 991.985, 991.985, 991.985, 455]
['2019-03-25 10:06:00', 990.55, 991.91, 990.55, 991.91, 1455]
['2019-03-25 10:05:00', 990.51, 990.51, 990.51, 990.51, 258]
['2019-03-25 10:03:00', 990.33, 990.33, 990.33, 990.33, 331]
['2019-03-25 10:02:00', 990.44, 990.44, 990.44, 990.44, 237]
['2019-03-25 10:00:00', 990.49, 990.49, 990.49, 990.49, 229]
['2019-03-25 09:59:00', 990.73, 990.73, 990.73, 990.73, 281]
['2019-03-25 09:58:00', 992.0, 991.69, 991.69, 992.0, 916]
['2019-03-25 09:54:00', 991.27, 991.27, 991.27, 991.27, 394]
['2019-03-25 09:52:00', 990.81, 988.91, 988.91, 990.81, 871]
['2019-03-25 09:51:00', 988.97, 988.97, 988.97, 988.97, 587]
['2019-03-25 09:50:00', 987.01, 987.01, 987.01, 987.01, 915]
['2019-03-25 09:48:00', 986.3105, 986.3105, 986.3105, 986.3105, 766]
['2019-03-25 09:46:00', 987.66, 986.91, 986.055, 987.66, 2839]
['2019-03-25 09:45:00', 988.18, 988.18, 988.18, 988.18, 876]
['2019-03-25 09:43:00', 989.0, 989.27, 989.0, 989.27, 2030]
['2019-03-25 09:42:00', 988.5301, 988.5301, 988.5301, 988.5301, 612]
['2019-03-25 09:41:00', 988.87, 988.87, 988.87, 988.87, 290]
['2019-03-25 09:40:00', 989.684, 989.684, 989.684, 989.684, 438]
['2019-03-25 09:39:00', 990.06, 990.06, 990.06, 990.06, 518]
['2019-03-25 09:37:00', 985.01, 986.17, 985.01, 986.17, 2331]
['2019-03-25 09:36:00', 986.31, 986.31, 986.31, 986.31, 562]
['2019-03-25 09:33:00', 985.93, 985.93, 985.93, 985.93, 676]
['2019-03-25 09:32:00', 985.0, 985.65, 985.0, 985.65, 2706]
['2019-03-25 09:31:00', 984.49, 984.49, 984.49, 984.49, 0]
