ASG
['2019-03-29 15:59:00', 5.55, 5.55, 5.55, 5.551, 1700]
['2019-03-29 15:58:00', 5.55, 5.55, 5.55, 5.55, 1000]
['2019-03-29 15:57:00', 5.55, 5.55, 5.55, 5.55, 1000]
['2019-03-29 15:56:00', 5.55, 5.55, 5.55, 5.55, 1000]
['2019-03-29 15:55:00', 5.55, 5.55, 5.55, 5.55, 1000]
['2019-03-29 15:54:00', 5.55, 5.55, 5.55, 5.55, 300]
['2019-03-29 15:53:00', 5.55, 5.55, 5.55, 5.55, 400]
['2019-03-29 15:52:00', 5.55, 5.55, 5.55, 5.55, 300]
['2019-03-29 15:51:00', 5.55, 5.55, 5.55, 5.55, 450]
['2019-03-29 15:50:00', 5.55, 5.55, 5.55, 5.55, 400]
['2019-03-29 15:49:00', 5.55, 5.55, 5.55, 5.55, 300]
['2019-03-29 15:48:00', 5.55, 5.55, 5.55, 5.55, 900]
['2019-03-29 15:47:00', 5.55, 5.55, 5.55, 5.55, 300]
['2019-03-29 15:46:00', 5.55, 5.55, 5.55, 5.5571, 1900]
['2019-03-29 15:45:00', 5.55, 5.55, 5.55, 5.55, 200]
['2019-03-29 15:44:00', 5.55, 5.55, 5.55, 5.55, 100]
['2019-03-29 15:43:00', 5.55, 5.55, 5.55, 5.55, 800]
['2019-03-29 15:42:00', 5.55, 5.55, 5.55, 5.55, 101]
['2019-03-29 15:41:00', 5.55, 5.55, 5.55, 5.55, 200]
['2019-03-29 15:39:00', 5.55, 5.55, 5.55, 5.55, 100]
['2019-03-29 15:38:00', 5.55, 5.55, 5.55, 5.55, 100]
['2019-03-29 15:37:00', 5.55, 5.55, 5.55, 5.55, 700]
['2019-03-29 15:36:00', 5.55, 5.55, 5.55, 5.55, 100]
['2019-03-29 15:35:00', 5.5567, 5.555, 5.55, 5.5567, 4040]
['2019-03-29 15:34:00', 5.5568, 5.55, 5.55, 5.5568, 2100]
['2019-03-29 15:33:00', 5.55, 5.55, 5.55, 5.55, 200]
['2019-03-29 15:32:00', 5.55, 5.55, 5.55, 5.55, 100]
['2019-03-29 15:31:00', 5.5694, 5.55, 5.55, 5.5694, 1200]
['2019-03-29 15:30:00', 5.56, 5.56, 5.56, 5.56, 604]
['2019-03-29 15:29:00', 5.56, 5.56, 5.56, 5.56, 100]
['2019-03-29 15:27:00', 5.56, 5.56, 5.56, 5.56, 100]
['2019-03-29 15:26:00', 5.56, 5.56, 5.56, 5.56, 100]
['2019-03-29 15:24:00', 5.56, 5.56, 5.56, 5.56, 304]
['2019-03-29 15:23:00', 5.56, 5.56, 5.56, 5.56, 737]
['2019-03-29 15:22:00', 5.56, 5.56, 5.56, 5.56, 100]
['2019-03-29 15:20:00', 5.5667, 5.56, 5.56, 5.5667, 391]
['2019-03-29 15:19:00', 5.56, 5.56, 5.56, 5.56, 100]
['2019-03-29 15:17:00', 5.56, 5.56, 5.56, 5.56, 101]
['2019-03-29 15:16:00', 5.56, 5.56, 5.56, 5.56, 700]
['2019-03-29 15:14:00', 5.56, 5.56, 5.56, 5.56, 111]
['2019-03-29 15:12:00', 5.56, 5.56, 5.56, 5.56, 100]
['2019-03-29 15:10:00', 5.56, 5.56, 5.56, 5.56, 100]
['2019-03-29 15:03:00', 5.565, 5.57, 5.565, 5.57, 902]
['2019-03-29 15:02:00', 5.5699, 5.565, 5.565, 5.5699, 1202]
['2019-03-29 15:01:00', 5.56, 5.5699, 5.56, 5.5699, 1108]
['2019-03-29 14:59:00', 5.56, 5.56, 5.56, 5.56, 100]
['2019-03-29 14:57:00', 5.56, 5.56, 5.56, 5.56, 700]
['2019-03-29 14:54:00', 5.56, 5.56, 5.56, 5.56, 100]
['2019-03-29 14:51:00', 5.56, 5.56, 5.56, 5.56, 100]
['2019-03-29 14:47:00', 5.57, 5.56, 5.56, 5.57, 800]
['2019-03-29 14:46:00', 5.56, 5.57, 5.56, 5.57, 200]
['2019-03-29 14:41:00', 5.56, 5.56, 5.56, 5.56, 100]
['2019-03-29 14:39:00', 5.56, 5.56, 5.56, 5.56, 100]
['2019-03-29 14:38:00', 5.56, 5.56, 5.56, 5.56, 100]
['2019-03-29 14:37:00', 5.565, 5.56, 5.56, 5.565, 200]
['2019-03-29 14:36:00', 5.56, 5.56, 5.56, 5.56, 100]
['2019-03-29 14:35:00', 5.56, 5.56, 5.56, 5.56, 700]
['2019-03-29 14:33:00', 5.5699, 5.56, 5.56, 5.5699, 601]
['2019-03-29 14:30:00', 5.5699, 5.5699, 5.5699, 5.5699, 501]
['2019-03-29 14:29:00', 5.56, 5.56, 5.56, 5.56, 100]
['2019-03-29 14:27:00', 5.5699, 5.5699, 5.5699, 5.5699, 501]
['2019-03-29 14:26:00', 5.56, 5.56, 5.56, 5.56, 700]
['2019-03-29 14:24:00', 5.5699, 5.5699, 5.5699, 5.5699, 501]
['2019-03-29 14:23:00', 5.569, 5.569, 5.569, 5.569, 133]
['2019-03-29 14:22:00', 5.56, 5.56, 5.56, 5.56, 100]
['2019-03-29 14:21:00', 5.5643, 5.5643, 5.5643, 5.5643, 1115]
['2019-03-29 14:18:00', 5.56, 5.56, 5.56, 5.56, 700]
['2019-03-29 14:17:00', 5.5699, 5.5699, 5.5699, 5.5699, 2598]
['2019-03-29 14:16:00', 5.56, 5.56, 5.56, 5.56, 100]
['2019-03-29 14:12:00', 5.56, 5.56, 5.56, 5.56, 100]
['2019-03-29 14:10:00', 5.56, 5.56, 5.56, 5.56, 100]
['2019-03-29 14:09:00', 5.56, 5.56, 5.56, 5.56, 700]
['2019-03-29 14:07:00', 5.56, 5.56, 5.56, 5.56, 100]
['2019-03-29 14:03:00', 5.56, 5.56, 5.56, 5.56, 100]
['2019-03-29 14:00:00', 5.56, 5.56, 5.56, 5.56, 702]
['2019-03-29 13:56:00', 5.56, 5.56, 5.56, 5.56, 100]
['2019-03-29 13:54:00', 5.56, 5.56, 5.56, 5.56, 200]
['2019-03-29 13:51:00', 5.56, 5.56, 5.56, 5.56, 800]
['2019-03-29 13:48:00', 5.56, 5.56, 5.56, 5.56, 100]
['2019-03-29 13:42:00', 5.56, 5.566, 5.56, 5.566, 1000]
['2019-03-29 13:38:00', 5.56, 5.56, 5.56, 5.56, 100]
['2019-03-29 13:32:00', 5.56, 5.56, 5.56, 5.56, 800]
['2019-03-29 13:30:00', 5.56, 5.56, 5.56, 5.56, 100]
['2019-03-29 13:23:00', 5.57, 5.56, 5.56, 5.57, 300]
['2019-03-29 13:22:00', 5.57, 5.57, 5.57, 5.57, 400]
['2019-03-29 13:20:00', 5.57, 5.57, 5.57, 5.57, 103]
['2019-03-29 13:17:00', 5.57, 5.57, 5.57, 5.57, 100]
['2019-03-29 13:13:00', 5.57, 5.57, 5.57, 5.57, 800]
['2019-03-29 13:08:00', 5.57, 5.57, 5.57, 5.57, 105]
['2019-03-29 13:03:00', 5.58, 5.58, 5.58, 5.5801, 4220]
['2019-03-29 13:01:00', 5.58, 5.58, 5.58, 5.58, 100]
['2019-03-29 12:58:00', 5.5899, 5.5899, 5.5899, 5.5899, 100]
['2019-03-29 12:53:00', 5.585, 5.5899, 5.585, 5.5899, 5700]
['2019-03-29 12:47:00', 5.588, 5.588, 5.588, 5.588, 1000]
['2019-03-29 12:45:00', 5.565, 5.5898, 5.565, 5.5898, 5389]
['2019-03-29 12:44:00', 5.5641, 5.5641, 5.5641, 5.5641, 560]
['2019-03-29 12:43:00', 5.56, 5.56, 5.56, 5.56, 100]
['2019-03-29 12:42:00', 5.56, 5.56, 5.56, 5.56, 100]
['2019-03-29 12:38:00', 5.5637, 5.56, 5.56, 5.5637, 2179]
['2019-03-29 12:36:00', 5.56, 5.56, 5.56, 5.56, 200]
['2019-03-29 12:35:00', 5.56, 5.56, 5.56, 5.56, 101]
['2019-03-29 12:33:00', 5.56, 5.56, 5.56, 5.56, 100]
['2019-03-29 12:32:00', 5.56, 5.56, 5.56, 5.56, 100]
['2019-03-29 12:29:00', 5.56, 5.56, 5.56, 5.56, 100]
['2019-03-29 12:27:00', 5.56, 5.56, 5.56, 5.56, 700]
['2019-03-29 12:25:00', 5.57, 5.57, 5.57, 5.57, 100]
['2019-03-29 12:21:00', 5.57, 5.57, 5.57, 5.57, 100]
['2019-03-29 12:18:00', 5.57, 5.57, 5.57, 5.57, 100]
['2019-03-29 12:15:00', 5.57, 5.57, 5.57, 5.57, 800]
['2019-03-29 12:13:00', 5.57, 5.57, 5.57, 5.57, 100]
['2019-03-29 12:10:00', 5.57, 5.57, 5.57, 5.57, 100]
['2019-03-29 12:07:00', 5.57, 5.57, 5.57, 5.57, 100]
['2019-03-29 12:04:00', 5.57, 5.57, 5.57, 5.57, 100]
['2019-03-29 12:03:00', 5.57, 5.57, 5.57, 5.57, 700]
['2019-03-29 12:01:00', 5.58, 5.58, 5.58, 5.58, 1000]
['2019-03-29 11:58:00', 5.58, 5.58, 5.58, 5.58, 100]
['2019-03-29 11:56:00', 5.58, 5.58, 5.58, 5.58, 100]
['2019-03-29 11:53:00', 5.58, 5.58, 5.58, 5.58, 100]
['2019-03-29 11:52:00', 5.59, 5.59, 5.59, 5.59, 339]
['2019-03-29 11:51:00', 5.58, 5.58, 5.58, 5.58, 700]
['2019-03-29 11:48:00', 5.58, 5.58, 5.58, 5.58, 100]
['2019-03-29 11:46:00', 5.58, 5.5859, 5.58, 5.5899, 1916]
['2019-03-29 11:44:00', 5.58, 5.58, 5.58, 5.58, 300]
['2019-03-29 11:43:00', 5.59, 5.58, 5.58, 5.59, 600]
['2019-03-29 11:41:00', 5.59, 5.59, 5.59, 5.5936, 700]
['2019-03-29 11:39:00', 5.59, 5.59, 5.59, 5.59, 400]
['2019-03-29 11:37:00', 5.59, 5.59, 5.59, 5.59, 200]
['2019-03-29 11:35:00', 5.59, 5.59, 5.59, 5.59, 300]
['2019-03-29 11:33:00', 5.5949, 5.5949, 5.5949, 5.5949, 892]
['2019-03-29 11:32:00', 5.595, 5.595, 5.595, 5.595, 272]
['2019-03-29 11:28:00', 5.6, 5.6, 5.6, 5.6, 200]
['2019-03-29 11:26:00', 5.6, 5.6, 5.6, 5.6, 100]
['2019-03-29 11:25:00', 5.6, 5.6, 5.6, 5.6, 100]
['2019-03-29 11:24:00', 5.6, 5.6, 5.6, 5.6, 200]
['2019-03-29 11:23:00', 5.6, 5.595, 5.595, 5.6, 500]
['2019-03-29 11:22:00', 5.595, 5.595, 5.595, 5.595, 100]
['2019-03-29 11:21:00', 5.6, 5.5919, 5.5919, 5.6, 289]
['2019-03-29 11:20:00', 5.6, 5.6, 5.6, 5.6, 100]
['2019-03-29 11:19:00', 5.595, 5.595, 5.595, 5.595, 200]
['2019-03-29 11:18:00', 5.6, 5.6, 5.6, 5.6, 255]
['2019-03-29 11:17:00', 5.6, 5.6, 5.6, 5.6, 110]
['2019-03-29 11:16:00', 5.6, 5.6, 5.6, 5.6, 100]
['2019-03-29 11:15:00', 5.595, 5.6, 5.595, 5.6, 479]
['2019-03-29 11:14:00', 5.6, 5.6, 5.6, 5.6, 200]
['2019-03-29 11:13:00', 5.6, 5.6, 5.6, 5.6, 100]
['2019-03-29 11:12:00', 5.6, 5.6, 5.6, 5.6, 100]
['2019-03-29 11:11:00', 5.6, 5.6, 5.6, 5.6, 100]
['2019-03-29 11:10:00', 5.6, 5.6, 5.6, 5.6, 100]
['2019-03-29 11:09:00', 5.6, 5.6, 5.6, 5.6, 100]
['2019-03-29 11:08:00', 5.6, 5.6, 5.6, 5.6, 100]
['2019-03-29 11:07:00', 5.6, 5.6, 5.6, 5.6, 204]
['2019-03-29 11:06:00', 5.6, 5.6, 5.6, 5.6, 100]
['2019-03-29 11:04:00', 5.595, 5.595, 5.595, 5.595, 200]
['2019-03-29 11:03:00', 5.6, 5.6, 5.6, 5.6, 100]
['2019-03-29 11:02:00', 5.6, 5.6, 5.6, 5.6, 100]
['2019-03-29 11:01:00', 5.6, 5.6, 5.6, 5.6, 200]
['2019-03-29 11:00:00', 5.6, 5.6, 5.6, 5.6, 100]
['2019-03-29 10:59:00', 5.6, 5.6, 5.6, 5.6, 100]
['2019-03-29 10:58:00', 5.6, 5.6, 5.6, 5.6, 100]
['2019-03-29 10:57:00', 5.6, 5.6, 5.6, 5.6, 100]
['2019-03-29 10:56:00', 5.6, 5.6, 5.6, 5.6, 100]
['2019-03-29 10:54:00', 5.6, 5.6, 5.6, 5.6, 100]
['2019-03-29 10:52:00', 5.6, 5.595, 5.595, 5.6, 1200]
['2019-03-29 10:51:00', 5.6, 5.6, 5.6, 5.6, 100]
['2019-03-29 10:49:00', 5.5975, 5.5975, 5.5975, 5.5975, 500]
['2019-03-29 10:48:00', 5.595, 5.595, 5.595, 5.595, 204]
['2019-03-29 10:47:00', 5.6, 5.595, 5.595, 5.6, 200]
['2019-03-29 10:46:00', 5.595, 5.6, 5.595, 5.6, 300]
['2019-03-29 10:45:00', 5.6, 5.595, 5.595, 5.6, 4815]
['2019-03-29 10:44:00', 5.6, 5.6, 5.6, 5.6, 100]
['2019-03-29 10:43:00', 5.6, 5.6, 5.6, 5.6, 100]
['2019-03-29 10:42:00', 5.6, 5.6, 5.6, 5.6, 2100]
['2019-03-29 10:41:00', 5.6, 5.6, 5.6, 5.6, 100]
['2019-03-29 10:40:00', 5.6, 5.6, 5.6, 5.6, 140]
['2019-03-29 10:39:00', 5.595, 5.6, 5.595, 5.6, 200]
['2019-03-29 10:38:00', 5.6, 5.6, 5.6, 5.6, 100]
['2019-03-29 10:37:00', 5.6, 5.6, 5.6, 5.6, 100]
['2019-03-29 10:36:00', 5.595, 5.6, 5.595, 5.6, 200]
['2019-03-29 10:35:00', 5.5936, 5.6, 5.5936, 5.6, 5100]
['2019-03-29 10:34:00', 5.595, 5.595, 5.595, 5.595, 1900]
['2019-03-29 10:33:00', 5.595, 5.5979, 5.595, 5.5979, 4100]
['2019-03-29 10:32:00', 5.595, 5.595, 5.595, 5.595, 300]
['2019-03-29 10:29:00', 5.6, 5.6, 5.595, 5.6, 2400]
['2019-03-29 10:27:00', 5.6, 5.6, 5.6, 5.6, 200]
['2019-03-29 10:25:00', 5.6, 5.6, 5.6, 5.6, 100]
['2019-03-29 10:22:00', 5.595, 5.595, 5.595, 5.595, 500]
['2019-03-29 10:21:00', 5.6, 5.6, 5.6, 5.6, 200]
['2019-03-29 10:20:00', 5.6, 5.59, 5.59, 5.6, 2146]
['2019-03-29 10:19:00', 5.59, 5.59, 5.59, 5.59, 500]
['2019-03-29 10:18:00', 5.59, 5.59, 5.5856, 5.59, 4800]
['2019-03-29 10:17:00', 5.59, 5.59, 5.59, 5.59, 200]
['2019-03-29 10:15:00', 5.59, 5.5876, 5.5876, 5.59, 916]
['2019-03-29 10:14:00', 5.59, 5.59, 5.59, 5.59, 1400]
['2019-03-29 10:12:00', 5.59, 5.5933, 5.59, 5.5933, 425]
['2019-03-29 10:10:00', 5.59, 5.59, 5.59, 5.59, 500]
['2019-03-29 10:08:00', 5.59, 5.59, 5.59, 5.59, 200]
['2019-03-29 10:07:00', 5.58, 5.58, 5.58, 5.58, 300]
['2019-03-29 10:05:00', 5.58, 5.58, 5.58, 5.58, 760]
['2019-03-29 10:03:00', 5.58, 5.58, 5.58, 5.58, 900]
['2019-03-29 10:02:00', 5.58, 5.58, 5.58, 5.58, 200]
['2019-03-29 10:00:00', 5.58, 5.58, 5.58, 5.58, 300]
['2019-03-29 09:59:00', 5.58, 5.58, 5.58, 5.58, 200]
['2019-03-29 09:58:00', 5.58, 5.58, 5.58, 5.58, 100]
['2019-03-29 09:57:00', 5.58, 5.5701, 5.5701, 5.58, 1243]
['2019-03-29 09:56:00', 5.58, 5.58, 5.58, 5.58, 100]
['2019-03-29 09:55:00', 5.58, 5.58, 5.58, 5.58, 200]
['2019-03-29 09:53:00', 5.58, 5.58, 5.58, 5.58, 300]
['2019-03-29 09:52:00', 5.58, 5.58, 5.58, 5.58, 100]
['2019-03-29 09:51:00', 5.58, 5.58, 5.58, 5.58, 100]
['2019-03-29 09:50:00', 5.57, 5.57, 5.57, 5.57, 600]
['2019-03-29 09:49:00', 5.57, 5.57, 5.57, 5.57, 600]
['2019-03-29 09:48:00', 5.565, 5.57, 5.56, 5.57, 800]
['2019-03-29 09:46:00', 5.57, 5.57, 5.57, 5.57, 300]
['2019-03-29 09:45:00', 5.57, 5.57, 5.57, 5.57, 138]
['2019-03-29 09:44:00', 5.57, 5.57, 5.57, 5.57, 100]
['2019-03-29 09:43:00', 5.565, 5.56, 5.56, 5.57, 7308]
['2019-03-29 09:42:00', 5.56, 5.565, 5.56, 5.565, 4400]
['2019-03-29 09:41:00', 5.56, 5.55, 5.55, 5.56, 2500]
['2019-03-29 09:40:00', 5.56, 5.556, 5.556, 5.56, 800]
['2019-03-29 09:38:00', 5.56, 5.5599, 5.5567, 5.565, 7353]
['2019-03-29 09:36:00', 5.58, 5.5599, 5.5599, 5.58, 3968]
['2019-03-29 09:34:00', 5.5815, 5.581, 5.58, 5.5815, 2316]
['2019-03-29 09:32:00', 5.58, 5.58, 5.58, 5.58, 1000]
['2019-03-29 09:31:00', 5.58, 5.58, 5.58, 5.58, 4965]
['2019-03-28 16:00:00', 5.54, 5.55, 5.54, 5.55, 1696]
['2019-03-28 15:59:00', 5.535, 5.535, 5.535, 5.535, 400]
['2019-03-28 15:58:00', 5.53, 5.535, 5.525, 5.54, 2657]
['2019-03-28 15:56:00', 5.53, 5.53, 5.53, 5.53, 869]
['2019-03-28 15:46:00', 5.53, 5.53, 5.53, 5.53, 300]
['2019-03-28 15:34:00', 5.52, 5.52, 5.52, 5.52, 6358]
['2019-03-28 15:33:00', 5.52, 5.52, 5.52, 5.52, 9456]
['2019-03-28 15:24:00', 5.525, 5.525, 5.525, 5.525, 100]
['2019-03-28 15:16:00', 5.525, 5.525, 5.525, 5.525, 1000]
['2019-03-28 15:08:00', 5.525, 5.525, 5.525, 5.525, 154]
['2019-03-28 14:59:00', 5.5201, 5.5201, 5.5201, 5.5201, 707]
['2019-03-28 14:58:00', 5.525, 5.525, 5.525, 5.525, 400]
['2019-03-28 14:56:00', 5.5236, 5.5236, 5.5236, 5.5236, 200]
['2019-03-28 14:49:00', 5.52, 5.52, 5.52, 5.52, 4364]
['2019-03-28 14:48:00', 5.52, 5.52, 5.52, 5.52, 100]
['2019-03-28 14:46:00', 5.515, 5.515, 5.515, 5.52, 3806]
['2019-03-28 14:38:00', 5.515, 5.515, 5.515, 5.515, 158]
['2019-03-28 14:19:00', 5.51, 5.52, 5.51, 5.52, 10492]
['2019-03-28 14:04:00', 5.51, 5.51, 5.51, 5.51, 828]
['2019-03-28 14:01:00', 5.5074, 5.5074, 5.5074, 5.5074, 700]
['2019-03-28 14:00:00', 5.51, 5.51, 5.51, 5.51, 100]
['2019-03-28 13:51:00', 5.51, 5.51, 5.51, 5.51, 100]
['2019-03-28 13:50:00', 5.5099, 5.51, 5.5099, 5.51, 2000]
['2019-03-28 13:46:00', 5.5051, 5.5051, 5.5051, 5.5051, 708]
['2019-03-28 13:39:00', 5.5064, 5.51, 5.5064, 5.51, 683]
['2019-03-28 13:22:00', 5.51, 5.51, 5.51, 5.51, 112]
['2019-03-28 13:21:00', 5.5063, 5.5063, 5.5063, 5.5063, 415]
['2019-03-28 13:04:00', 5.51, 5.5111, 5.51, 5.5113, 1400]
['2019-03-28 13:03:00', 5.5115, 5.5106, 5.51, 5.5115, 9600]
['2019-03-28 13:02:00', 5.5104, 5.5104, 5.5104, 5.5104, 2400]
['2019-03-28 12:53:00', 5.505, 5.5057, 5.5035, 5.51, 645]
['2019-03-28 12:52:00', 5.5, 5.5, 5.5, 5.5, 958]
['2019-03-28 12:44:00', 5.4866, 5.49, 5.4866, 5.49, 1435]
['2019-03-28 12:28:00', 5.49, 5.49, 5.49, 5.49, 199]
['2019-03-28 12:23:00', 5.49, 5.49, 5.49, 5.49, 100]
['2019-03-28 12:16:00', 5.49, 5.49, 5.49, 5.49, 300]
['2019-03-28 11:53:00', 5.4807, 5.49, 5.4807, 5.49, 436]
['2019-03-28 11:52:00', 5.49, 5.49, 5.49, 5.49, 3904]
['2019-03-28 11:48:00', 5.5, 5.5, 5.5, 5.5, 2200]
['2019-03-28 11:43:00', 5.48, 5.4885, 5.48, 5.4885, 1200]
['2019-03-28 11:42:00', 5.48, 5.49, 5.48, 5.49, 4183]
['2019-03-28 11:34:00', 5.4889, 5.4889, 5.4889, 5.4889, 2555]
['2019-03-28 11:31:00', 5.485, 5.49, 5.485, 5.49, 3600]
['2019-03-28 11:19:00', 5.4899, 5.49, 5.4899, 5.49, 6301]
['2019-03-28 11:11:00', 5.4827, 5.49, 5.4827, 5.49, 3321]
['2019-03-28 11:07:00', 5.495, 5.49, 5.48, 5.495, 3965]
['2019-03-28 11:06:00', 5.495, 5.495, 5.49, 5.495, 1238]
['2019-03-28 11:01:00', 5.5, 5.5, 5.5, 5.5, 100]
['2019-03-28 10:57:00', 5.495, 5.5, 5.495, 5.5, 454]
['2019-03-28 10:55:00', 5.49, 5.49, 5.49, 5.49, 400]
['2019-03-28 10:46:00', 5.492, 5.492, 5.492, 5.492, 3129]
['2019-03-28 10:37:00', 5.49, 5.4985, 5.49, 5.5, 4172]
['2019-03-28 10:31:00', 5.5, 5.5, 5.5, 5.5, 1002]
['2019-03-28 10:26:00', 5.5, 5.5, 5.5, 5.5, 100]
['2019-03-28 10:24:00', 5.5, 5.5, 5.5, 5.5, 200]
['2019-03-28 10:22:00', 5.5, 5.5, 5.5, 5.5, 300]
['2019-03-28 10:21:00', 5.49, 5.495, 5.49, 5.495, 3032]
['2019-03-28 10:20:00', 5.5, 5.5, 5.5, 5.5, 600]
['2019-03-28 10:19:00', 5.5, 5.5, 5.5, 5.5, 200]
['2019-03-28 10:18:00', 5.5, 5.5, 5.5, 5.5, 300]
['2019-03-28 10:17:00', 5.5, 5.5, 5.5, 5.5, 300]
['2019-03-28 10:16:00', 5.5, 5.5, 5.5, 5.5, 400]
['2019-03-28 10:15:00', 5.5, 5.5, 5.5, 5.5, 505]
['2019-03-28 10:14:00', 5.5, 5.5, 5.5, 5.5, 200]
['2019-03-28 10:13:00', 5.5, 5.5, 5.5, 5.5, 200]
['2019-03-28 10:12:00', 5.495, 5.495, 5.495, 5.495, 100]
['2019-03-28 10:11:00', 5.49, 5.49, 5.49, 5.49, 5054]
['2019-03-28 10:10:00', 5.49, 5.49, 5.49, 5.49, 400]
['2019-03-28 10:09:00', 5.49, 5.49, 5.49, 5.49, 500]
['2019-03-28 10:08:00', 5.49, 5.49, 5.49, 5.49, 4100]
['2019-03-28 10:07:00', 5.49, 5.49, 5.49, 5.49, 200]
['2019-03-28 10:06:00', 5.49, 5.49, 5.49, 5.49, 200]
['2019-03-28 10:05:00', 5.49, 5.49, 5.49, 5.49, 800]
['2019-03-28 10:04:00', 5.49, 5.49, 5.49, 5.49, 200]
['2019-03-28 10:03:00', 5.49, 5.49, 5.49, 5.49, 200]
['2019-03-28 10:02:00', 5.49, 5.49, 5.49, 5.49, 400]
['2019-03-28 10:01:00', 5.49, 5.49, 5.49, 5.49, 201]
['2019-03-28 10:00:00', 5.49, 5.49, 5.49, 5.49, 200]
['2019-03-28 09:59:00', 5.49, 5.49, 5.49, 5.49, 200]
['2019-03-28 09:58:00', 5.49, 5.49, 5.49, 5.49, 100]
['2019-03-28 09:57:00', 5.4899, 5.49, 5.4857, 5.49, 2004]
['2019-03-28 09:53:00', 5.48, 5.48, 5.48, 5.48, 3356]
['2019-03-28 09:52:00', 5.48, 5.48, 5.48, 5.48, 800]
['2019-03-28 09:51:00', 5.48, 5.48, 5.48, 5.48, 400]
['2019-03-28 09:50:00', 5.48, 5.48, 5.48, 5.48, 100]
['2019-03-28 09:49:00', 5.48, 5.48, 5.48, 5.48, 100]
['2019-03-28 09:47:00', 5.47, 5.47, 5.47, 5.47, 100]
['2019-03-28 09:46:00', 5.47, 5.47, 5.47, 5.47, 700]
['2019-03-28 09:45:00', 5.47, 5.47, 5.47, 5.47, 190]
['2019-03-28 09:44:00', 5.46, 5.47, 5.46, 5.47, 4200]
['2019-03-28 09:43:00', 5.47, 5.47, 5.47, 5.47, 200]
['2019-03-28 09:42:00', 5.46, 5.47, 5.46, 5.47, 4700]
['2019-03-28 09:31:00', 5.45, 5.45, 5.45, 5.45, 9160]
['2019-03-27 16:00:00', 5.42, 5.43, 5.42, 5.43, 2933]
['2019-03-27 15:59:00', 5.42, 5.42, 5.42, 5.42, 912]
['2019-03-27 15:58:00', 5.42, 5.42, 5.42, 5.425, 946]
['2019-03-27 15:57:00', 5.42, 5.42, 5.42, 5.4212, 1000]
['2019-03-27 15:56:00', 5.42, 5.42, 5.42, 5.42, 600]
['2019-03-27 15:55:00', 5.42, 5.42, 5.42, 5.42, 500]
['2019-03-27 15:54:00', 5.42, 5.42, 5.42, 5.42, 500]
['2019-03-27 15:53:00', 5.42, 5.42, 5.42, 5.4234, 1700]
['2019-03-27 15:52:00', 5.429, 5.429, 5.429, 5.429, 240]
['2019-03-27 15:51:00', 5.425, 5.427, 5.425, 5.43, 1040]
['2019-03-27 15:48:00', 5.4299, 5.4299, 5.4299, 5.4299, 2000]
['2019-03-27 15:47:00', 5.4289, 5.4299, 5.4289, 5.43, 6901]
['2019-03-27 15:45:00', 5.43, 5.43, 5.43, 5.43, 100]
['2019-03-27 15:44:00', 5.43, 5.43, 5.43, 5.43, 500]
['2019-03-27 15:43:00', 5.4299, 5.43, 5.4299, 5.43, 1418]
['2019-03-27 15:42:00', 5.42, 5.43, 5.42, 5.43, 4456]
['2019-03-27 15:41:00', 5.42, 5.42, 5.42, 5.42, 300]
['2019-03-27 15:40:00', 5.42, 5.42, 5.42, 5.42, 200]
['2019-03-27 15:39:00', 5.42, 5.42, 5.42, 5.42, 100]
['2019-03-27 15:38:00', 5.42, 5.425, 5.42, 5.425, 200]
['2019-03-27 15:37:00', 5.42, 5.42, 5.42, 5.42, 100]
['2019-03-27 15:36:00', 5.42, 5.42, 5.42, 5.42, 202]
['2019-03-27 15:35:00', 5.42, 5.42, 5.42, 5.42, 101]
['2019-03-27 15:34:00', 5.42, 5.42, 5.42, 5.42, 200]
['2019-03-27 15:33:00', 5.42, 5.42, 5.42, 5.42, 100]
['2019-03-27 15:32:00', 5.43, 5.42, 5.42, 5.43, 1202]
['2019-03-27 15:31:00', 5.4299, 5.43, 5.42, 5.43, 2705]
['2019-03-27 15:30:00', 5.42, 5.4299, 5.42, 5.4299, 601]
['2019-03-27 15:29:00', 5.42, 5.42, 5.42, 5.42, 175]
['2019-03-27 15:28:00', 5.42, 5.42, 5.42, 5.42, 200]
['2019-03-27 15:27:00', 5.425, 5.425, 5.425, 5.425, 100]
['2019-03-27 15:26:00', 5.42, 5.42, 5.42, 5.42, 100]
['2019-03-27 15:25:00', 5.42, 5.42, 5.42, 5.4267, 3200]
['2019-03-27 15:24:00', 5.42, 5.42, 5.42, 5.42, 100]
['2019-03-27 15:23:00', 5.42, 5.42, 5.42, 5.42, 100]
['2019-03-27 15:22:00', 5.42, 5.42, 5.42, 5.42, 384]
['2019-03-27 15:21:00', 5.42, 5.42, 5.42, 5.42, 100]
['2019-03-27 15:20:00', 5.42, 5.42, 5.42, 5.42, 100]
['2019-03-27 15:19:00', 5.42, 5.42, 5.42, 5.42, 100]
['2019-03-27 15:15:00', 5.425, 5.425, 5.425, 5.425, 100]
['2019-03-27 15:14:00', 5.42, 5.42, 5.42, 5.42, 600]
['2019-03-27 15:09:00', 5.42, 5.42, 5.42, 5.42, 600]
['2019-03-27 15:02:00', 5.4299, 5.4299, 5.4299, 5.4299, 500]
['2019-03-27 14:58:00', 5.4209, 5.4209, 5.4209, 5.4209, 298]
['2019-03-27 14:55:00', 5.4299, 5.4299, 5.4299, 5.4299, 1509]
['2019-03-27 14:54:00', 5.43, 5.4299, 5.4299, 5.43, 3053]
['2019-03-27 14:53:00', 5.43, 5.43, 5.43, 5.43, 640]
['2019-03-27 14:52:00', 5.43, 5.43, 5.43, 5.43, 200]
['2019-03-27 14:51:00', 5.43, 5.43, 5.43, 5.43, 100]
['2019-03-27 14:45:00', 5.4399, 5.4399, 5.4399, 5.4399, 120]
['2019-03-27 14:36:00', 5.44, 5.44, 5.44, 5.44, 903]
['2019-03-27 14:35:00', 5.44, 5.44, 5.44, 5.44, 800]
['2019-03-27 14:24:00', 5.445, 5.445, 5.445, 5.445, 200]
['2019-03-27 14:19:00', 5.44, 5.44, 5.44, 5.44, 1200]
['2019-03-27 14:17:00', 5.445, 5.445, 5.445, 5.445, 3000]
['2019-03-27 14:15:00', 5.44, 5.445, 5.44, 5.445, 800]
['2019-03-27 14:14:00', 5.43, 5.43, 5.43, 5.43, 100]
['2019-03-27 14:13:00', 5.43, 5.43, 5.43, 5.43, 100]
['2019-03-27 14:12:00', 5.43, 5.43, 5.43, 5.43, 161]
['2019-03-27 14:11:00', 5.43, 5.43, 5.43, 5.43, 100]
['2019-03-27 14:10:00', 5.43, 5.43, 5.43, 5.43, 100]
['2019-03-27 14:03:00', 5.43, 5.43, 5.43, 5.43, 100]
['2019-03-27 14:02:00', 5.44, 5.44, 5.44, 5.44, 401]
['2019-03-27 14:01:00', 5.44, 5.44, 5.44, 5.44, 500]
['2019-03-27 14:00:00', 5.44, 5.44, 5.44, 5.44, 100]
['2019-03-27 13:59:00', 5.44, 5.44, 5.44, 5.44, 100]
['2019-03-27 13:58:00', 5.44, 5.44, 5.44, 5.44, 100]
['2019-03-27 13:55:00', 5.445, 5.445, 5.445, 5.445, 100]
['2019-03-27 13:52:00', 5.4432, 5.4432, 5.4432, 5.4432, 246]
['2019-03-27 13:50:00', 5.45, 5.45, 5.45, 5.45, 3700]
['2019-03-27 13:46:00', 5.445, 5.45, 5.445, 5.45, 1100]
['2019-03-27 13:41:00', 5.445, 5.45, 5.445, 5.45, 5200]
['2019-03-27 13:37:00', 5.44, 5.44, 5.44, 5.44, 700]
['2019-03-27 13:34:00', 5.445, 5.44, 5.44, 5.445, 200]
['2019-03-27 13:32:00', 5.44, 5.44, 5.44, 5.44, 1000]
['2019-03-27 13:31:00', 5.44, 5.44, 5.44, 5.44, 200]
['2019-03-27 13:30:00', 5.44, 5.44, 5.44, 5.44, 100]
['2019-03-27 13:27:00', 5.45, 5.45, 5.45, 5.45, 1995]
['2019-03-27 13:25:00', 5.45, 5.45, 5.45, 5.45, 108]
['2019-03-27 13:24:00', 5.45, 5.45, 5.45, 5.45, 100]
['2019-03-27 13:23:00', 5.45, 5.45, 5.45, 5.45, 100]
['2019-03-27 13:22:00', 5.45, 5.45, 5.45, 5.45, 100]
['2019-03-27 13:14:00', 5.455, 5.455, 5.455, 5.455, 100]
['2019-03-27 13:10:00', 5.45, 5.45, 5.45, 5.45, 200]
['2019-03-27 13:05:00', 5.45, 5.45, 5.45, 5.45, 100]
['2019-03-27 13:01:00', 5.455, 5.45, 5.45, 5.455, 630]
['2019-03-27 13:00:00', 5.45, 5.45, 5.45, 5.45, 500]
['2019-03-27 12:58:00', 5.45, 5.45, 5.45, 5.45, 100]
['2019-03-27 12:46:00', 5.4299, 5.44, 5.4299, 5.46, 4914]
['2019-03-27 12:43:00', 5.43, 5.43, 5.43, 5.43, 100]
['2019-03-27 12:39:00', 5.425, 5.43, 5.425, 5.43, 2200]
['2019-03-27 12:38:00', 5.4207, 5.4207, 5.4207, 5.4207, 100]
['2019-03-27 12:36:00', 5.43, 5.43, 5.425, 5.43, 7000]
['2019-03-27 12:35:00', 5.4299, 5.4299, 5.4299, 5.4299, 501]
['2019-03-27 12:32:00', 5.4299, 5.4299, 5.4299, 5.4299, 1002]
['2019-03-27 12:29:00', 5.43, 5.425, 5.425, 5.43, 300]
['2019-03-27 12:28:00', 5.43, 5.43, 5.43, 5.43, 919]
['2019-03-27 12:26:00', 5.43, 5.43, 5.43, 5.43, 200]
['2019-03-27 12:24:00', 5.43, 5.42, 5.42, 5.43, 8300]
['2019-03-27 12:23:00', 5.4299, 5.4299, 5.4299, 5.4299, 501]
['2019-03-27 12:22:00', 5.4207, 5.4299, 5.42, 5.4299, 4862]
['2019-03-27 12:20:00', 5.42, 5.43, 5.42, 5.43, 6900]
['2019-03-27 12:19:00', 5.42, 5.42, 5.42, 5.42, 100]
['2019-03-27 12:18:00', 5.42, 5.42, 5.42, 5.42, 100]
['2019-03-27 12:17:00', 5.42, 5.42, 5.42, 5.42, 100]
['2019-03-27 12:14:00', 5.4284, 5.4284, 5.4284, 5.4284, 100]
['2019-03-27 12:04:00', 5.42, 5.42, 5.42, 5.42, 550]
['2019-03-27 11:56:00', 5.42, 5.42, 5.42, 5.42, 200]
['2019-03-27 11:55:00', 5.42, 5.42, 5.42, 5.42, 200]
['2019-03-27 11:54:00', 5.42, 5.42, 5.42, 5.42, 400]
['2019-03-27 11:53:00', 5.42, 5.42, 5.42, 5.42, 201]
['2019-03-27 11:51:00', 5.43, 5.42, 5.42, 5.43, 400]
['2019-03-27 11:49:00', 5.44, 5.41, 5.41, 5.44, 14721]
['2019-03-27 11:47:00', 5.45, 5.45, 5.45, 5.45, 100]
['2019-03-27 11:46:00', 5.45, 5.45, 5.45, 5.45, 300]
['2019-03-27 11:45:00', 5.45, 5.45, 5.4465, 5.45, 1034]
['2019-03-27 11:42:00', 5.4567, 5.4567, 5.4567, 5.4567, 900]
['2019-03-27 11:34:00', 5.44, 5.46, 5.44, 5.46, 1301]
['2019-03-27 11:33:00', 5.45, 5.45, 5.45, 5.45, 311]
['2019-03-27 11:31:00', 5.45, 5.45, 5.45, 5.45, 3679]
['2019-03-27 11:28:00', 5.47, 5.47, 5.47, 5.47, 300]
['2019-03-27 11:26:00', 5.47, 5.48, 5.47, 5.48, 300]
['2019-03-27 11:25:00', 5.475, 5.48, 5.475, 5.48, 200]
['2019-03-27 11:24:00', 5.48, 5.48, 5.48, 5.48, 268]
['2019-03-27 11:23:00', 5.47, 5.47, 5.47, 5.47, 100]
['2019-03-27 11:22:00', 5.47, 5.47, 5.47, 5.47, 100]
['2019-03-27 11:21:00', 5.47, 5.47, 5.47, 5.47, 103]
['2019-03-27 11:20:00', 5.47, 5.47, 5.47, 5.47, 200]
['2019-03-27 11:18:00', 5.47, 5.47, 5.47, 5.47, 100]
['2019-03-27 11:16:00', 5.48, 5.48, 5.48, 5.48, 100]
['2019-03-27 11:15:00', 5.48, 5.48, 5.48, 5.48, 100]
['2019-03-27 11:14:00', 5.48, 5.48, 5.48, 5.48, 200]
['2019-03-27 11:12:00', 5.49, 5.49, 5.49, 5.49, 700]
['2019-03-27 11:09:00', 5.49, 5.49, 5.49, 5.49, 200]
['2019-03-27 11:05:00', 5.5, 5.5, 5.5, 5.5, 708]
['2019-03-27 11:04:00', 5.505, 5.5, 5.5, 5.505, 800]
['2019-03-27 11:03:00', 5.5, 5.5, 5.5, 5.5, 200]
['2019-03-27 11:02:00', 5.51, 5.517, 5.51, 5.517, 600]
['2019-03-27 11:01:00', 5.51, 5.51, 5.51, 5.51, 500]
['2019-03-27 11:00:00', 5.51, 5.51, 5.51, 5.51, 100]
['2019-03-27 10:59:00', 5.51, 5.51, 5.51, 5.51, 100]
['2019-03-27 10:57:00', 5.51, 5.51, 5.51, 5.51, 100]
['2019-03-27 10:56:00', 5.51, 5.51, 5.51, 5.515, 500]
['2019-03-27 10:54:00', 5.51, 5.51, 5.51, 5.51, 100]
['2019-03-27 10:53:00', 5.51, 5.51, 5.51, 5.51, 100]
['2019-03-27 10:52:00', 5.51, 5.51, 5.51, 5.51, 100]
['2019-03-27 10:51:00', 5.52, 5.51, 5.51, 5.52, 700]
['2019-03-27 10:48:00', 5.52, 5.52, 5.52, 5.5215, 7222]
['2019-03-27 10:47:00', 5.52, 5.525, 5.52, 5.525, 1211]
['2019-03-27 10:46:00', 5.52, 5.52, 5.52, 5.52, 100]
['2019-03-27 10:45:00', 5.52, 5.525, 5.52, 5.525, 300]
['2019-03-27 10:44:00', 5.525, 5.525, 5.525, 5.525, 200]
['2019-03-27 10:40:00', 5.525, 5.525, 5.525, 5.525, 300]
['2019-03-27 10:38:00', 5.525, 5.525, 5.525, 5.525, 1000]
['2019-03-27 10:37:00', 5.525, 5.525, 5.525, 5.525, 153]
['2019-03-27 10:36:00', 5.525, 5.525, 5.525, 5.525, 100]
['2019-03-27 10:35:00', 5.525, 5.525, 5.525, 5.525, 100]
['2019-03-27 10:34:00', 5.5299, 5.525, 5.525, 5.5299, 349]
['2019-03-27 10:33:00', 5.525, 5.525, 5.525, 5.525, 100]
['2019-03-27 10:32:00', 5.525, 5.525, 5.525, 5.525, 100]
['2019-03-27 10:31:00', 5.525, 5.525, 5.525, 5.525, 100]
['2019-03-27 10:30:00', 5.525, 5.525, 5.525, 5.525, 100]
['2019-03-27 10:28:00', 5.525, 5.525, 5.525, 5.525, 500]
['2019-03-27 10:27:00', 5.525, 5.525, 5.525, 5.525, 100]
['2019-03-27 10:26:00', 5.525, 5.525, 5.525, 5.525, 100]
['2019-03-27 10:25:00', 5.525, 5.525, 5.525, 5.525, 100]
['2019-03-27 10:24:00', 5.525, 5.53, 5.525, 5.53, 600]
['2019-03-27 10:23:00', 5.525, 5.525, 5.525, 5.525, 100]
['2019-03-27 10:22:00', 5.525, 5.525, 5.525, 5.525, 100]
['2019-03-27 10:21:00', 5.525, 5.525, 5.525, 5.525, 100]
['2019-03-27 10:20:00', 5.53, 5.53, 5.525, 5.53, 300]
['2019-03-27 10:19:00', 5.53, 5.53, 5.53, 5.53, 400]
['2019-03-27 10:18:00', 5.525, 5.525, 5.525, 5.525, 100]
['2019-03-27 10:17:00', 5.525, 5.53, 5.525, 5.53, 200]
['2019-03-27 10:16:00', 5.525, 5.525, 5.525, 5.525, 100]
['2019-03-27 10:15:00', 5.525, 5.525, 5.525, 5.525, 100]
['2019-03-27 10:14:00', 5.53, 5.525, 5.525, 5.53, 300]
['2019-03-27 10:13:00', 5.525, 5.53, 5.525, 5.53, 500]
['2019-03-27 10:12:00', 5.525, 5.525, 5.525, 5.525, 100]
['2019-03-27 10:11:00', 5.525, 5.525, 5.525, 5.525, 100]
['2019-03-27 10:04:00', 5.5252, 5.5252, 5.5252, 5.5252, 521]
['2019-03-27 10:02:00', 5.53, 5.5221, 5.52, 5.53, 4158]
['2019-03-27 10:01:00', 5.5357, 5.5357, 5.5357, 5.5357, 1721]
['2019-03-27 09:54:00', 5.54, 5.54, 5.54, 5.54, 200]
['2019-03-27 09:52:00', 5.54, 5.54, 5.54, 5.54, 700]
['2019-03-27 09:51:00', 5.54, 5.54, 5.54, 5.54, 800]
['2019-03-27 09:50:00', 5.5501, 5.55, 5.55, 5.5501, 2864]
['2019-03-27 09:49:00', 5.55, 5.55, 5.55, 5.55, 100]
['2019-03-27 09:44:00', 5.545, 5.545, 5.545, 5.545, 554]
['2019-03-27 09:31:00', 5.55, 5.55, 5.55, 5.55, 7659]
['2019-03-26 15:59:00', 5.51, 5.51, 5.51, 5.51, 11459]
['2019-03-26 15:57:00', 5.5, 5.5, 5.5, 5.5, 200]
['2019-03-26 15:54:00', 5.5, 5.5, 5.5, 5.5, 3110]
['2019-03-26 15:52:00', 5.5, 5.5, 5.5, 5.5, 400]
['2019-03-26 15:51:00', 5.5061, 5.5061, 5.5061, 5.5061, 300]
['2019-03-26 15:48:00', 5.5, 5.5, 5.5, 5.5, 200]
['2019-03-26 15:47:00', 5.5, 5.5, 5.5, 5.5, 200]
['2019-03-26 15:45:00', 5.5, 5.5, 5.5, 5.5, 400]
['2019-03-26 15:42:00', 5.5, 5.5, 5.5, 5.5, 100]
['2019-03-26 15:35:00', 5.5, 5.5, 5.5, 5.5, 12600]
['2019-03-26 15:34:00', 5.5264, 5.5264, 5.5264, 5.5264, 500]
['2019-03-26 15:31:00', 5.52, 5.52, 5.52, 5.52, 200]
['2019-03-26 15:30:00', 5.52, 5.52, 5.52, 5.52, 100]
['2019-03-26 15:28:00', 5.52, 5.52, 5.52, 5.52, 1700]
['2019-03-26 15:26:00', 5.52, 5.52, 5.52, 5.52, 200]
['2019-03-26 15:23:00', 5.52, 5.52, 5.52, 5.52, 100]
['2019-03-26 15:22:00', 5.52, 5.52, 5.52, 5.52, 100]
['2019-03-26 15:21:00', 5.52, 5.52, 5.52, 5.52, 200]
['2019-03-26 15:19:00', 5.52, 5.52, 5.52, 5.52, 100]
['2019-03-26 15:17:00', 5.52, 5.52, 5.52, 5.52, 100]
['2019-03-26 15:15:00', 5.52, 5.52, 5.52, 5.52, 100]
['2019-03-26 15:14:00', 5.52, 5.52, 5.52, 5.52, 200]
['2019-03-26 15:10:00', 5.52, 5.52, 5.52, 5.52, 100]
['2019-03-26 15:09:00', 5.52, 5.52, 5.52, 5.52, 100]
['2019-03-26 15:08:00', 5.52, 5.52, 5.52, 5.52, 100]
['2019-03-26 15:05:00', 5.52, 5.52, 5.52, 5.52, 100]
['2019-03-26 15:04:00', 5.52, 5.52, 5.52, 5.52, 100]
['2019-03-26 15:03:00', 5.52, 5.52, 5.52, 5.52, 200]
['2019-03-26 15:00:00', 5.52, 5.52, 5.52, 5.52, 200]
['2019-03-26 14:58:00', 5.52, 5.52, 5.52, 5.52, 200]
['2019-03-26 14:55:00', 5.5246, 5.5246, 5.5246, 5.5246, 1100]
['2019-03-26 14:53:00', 5.521, 5.521, 5.521, 5.521, 500]
['2019-03-26 14:52:00', 5.52, 5.52, 5.52, 5.52, 100]
['2019-03-26 14:50:00', 5.52, 5.52, 5.52, 5.52, 100]
['2019-03-26 14:49:00', 5.52, 5.52, 5.52, 5.52, 100]
['2019-03-26 14:47:00', 5.52, 5.52, 5.52, 5.52, 1200]
['2019-03-26 14:45:00', 5.5201, 5.5201, 5.5201, 5.5201, 2500]
['2019-03-26 14:42:00', 5.52, 5.52, 5.52, 5.52, 100]
['2019-03-26 14:40:00', 5.52, 5.52, 5.52, 5.52, 2700]
['2019-03-26 14:38:00', 5.52, 5.52, 5.52, 5.52, 100]
['2019-03-26 14:37:00', 5.52, 5.52, 5.52, 5.52, 100]
['2019-03-26 14:35:00', 5.525, 5.525, 5.525, 5.525, 701]
['2019-03-26 14:33:00', 5.525, 5.525, 5.525, 5.525, 1500]
['2019-03-26 14:31:00', 5.529, 5.529, 5.529, 5.529, 701]
['2019-03-26 14:29:00', 5.52, 5.52, 5.52, 5.52, 200]
['2019-03-26 14:26:00', 5.52, 5.52, 5.52, 5.52, 100]
['2019-03-26 14:25:00', 5.52, 5.52, 5.52, 5.52, 100]
['2019-03-26 14:22:00', 5.52, 5.52, 5.52, 5.52, 1950]
['2019-03-26 14:19:00', 5.52, 5.52, 5.52, 5.52, 200]
['2019-03-26 14:15:00', 5.52, 5.52, 5.52, 5.52, 850]
['2019-03-26 14:13:00', 5.52, 5.52, 5.52, 5.52, 100]
['2019-03-26 14:12:00', 5.52, 5.52, 5.52, 5.52, 350]
['2019-03-26 14:11:00', 5.52, 5.52, 5.52, 5.52, 200]
['2019-03-26 14:07:00', 5.52, 5.52, 5.52, 5.52, 105]
['2019-03-26 14:05:00', 5.52, 5.52, 5.52, 5.52, 200]
['2019-03-26 14:04:00', 5.52, 5.52, 5.52, 5.52, 1718]
['2019-03-26 14:02:00', 5.52, 5.52, 5.52, 5.52, 100]
['2019-03-26 14:01:00', 5.52, 5.52, 5.52, 5.52, 200]
['2019-03-26 13:58:00', 5.52, 5.52, 5.52, 5.52, 1400]
['2019-03-26 13:56:00', 5.52, 5.52, 5.52, 5.52, 100]
['2019-03-26 13:54:00', 5.52, 5.52, 5.52, 5.52, 200]
['2019-03-26 13:52:00', 5.5211, 5.5211, 5.5211, 5.5211, 7000]
['2019-03-26 13:50:00', 5.52, 5.52, 5.52, 5.52, 200]
['2019-03-26 13:46:00', 5.5232, 5.5232, 5.5232, 5.5232, 4400]
['2019-03-26 13:45:00', 5.53, 5.53, 5.53, 5.53, 1300]
['2019-03-26 13:43:00', 5.53, 5.53, 5.53, 5.53, 100]
['2019-03-26 13:40:00', 5.53, 5.53, 5.53, 5.53, 100]
['2019-03-26 13:36:00', 5.53, 5.53, 5.53, 5.53, 100]
['2019-03-26 13:34:00', 5.53, 5.53, 5.53, 5.53, 100]
['2019-03-26 13:32:00', 5.53, 5.53, 5.53, 5.53, 2200]
['2019-03-26 13:28:00', 5.5301, 5.5301, 5.5301, 5.5301, 1278]
['2019-03-26 13:26:00', 5.53, 5.53, 5.53, 5.53, 200]
['2019-03-26 13:23:00', 5.53, 5.53, 5.53, 5.53, 200]
['2019-03-26 13:19:00', 5.53, 5.53, 5.53, 5.53, 101]
['2019-03-26 13:17:00', 5.53, 5.53, 5.53, 5.53, 100]
['2019-03-26 13:15:00', 5.53, 5.53, 5.53, 5.53, 100]
['2019-03-26 13:13:00', 5.53, 5.53, 5.53, 5.53, 100]
['2019-03-26 13:11:00', 5.53, 5.53, 5.53, 5.53, 300]
['2019-03-26 13:07:00', 5.53, 5.53, 5.53, 5.53, 3100]
['2019-03-26 13:06:00', 5.53, 5.53, 5.53, 5.53, 100]
['2019-03-26 13:03:00', 5.53, 5.53, 5.53, 5.53, 1100]
['2019-03-26 13:01:00', 5.535, 5.535, 5.535, 5.535, 350]
['2019-03-26 12:46:00', 5.535, 5.535, 5.535, 5.535, 214]
['2019-03-26 12:44:00', 5.5399, 5.5399, 5.5399, 5.5399, 1417]
['2019-03-26 12:40:00', 5.5302, 5.5302, 5.5302, 5.5302, 100]
['2019-03-26 12:12:00', 5.5367, 5.5367, 5.5367, 5.5367, 13534]
['2019-03-26 11:53:00', 5.54, 5.54, 5.54, 5.54, 3305]
['2019-03-26 11:52:00', 5.5401, 5.5401, 5.5401, 5.5401, 502]
['2019-03-26 11:49:00', 5.5401, 5.5401, 5.5401, 5.5401, 1506]
['2019-03-26 11:48:00', 5.5401, 5.5401, 5.5401, 5.5401, 1703]
['2019-03-26 11:35:00', 5.5467, 5.5467, 5.5467, 5.5467, 5524]
['2019-03-26 11:30:00', 5.54, 5.54, 5.54, 5.54, 2755]
['2019-03-26 11:29:00', 5.5499, 5.5499, 5.5499, 5.5499, 362]
['2019-03-26 11:27:00', 5.5466, 5.5466, 5.5466, 5.5466, 3426]
['2019-03-26 11:13:00', 5.545, 5.545, 5.545, 5.545, 3605]
['2019-03-26 11:10:00', 5.5501, 5.5501, 5.5501, 5.5501, 4340]
['2019-03-26 11:02:00', 5.5399, 5.5399, 5.5399, 5.5399, 204]
['2019-03-26 11:00:00', 5.5253, 5.5253, 5.5253, 5.5253, 1411]
['2019-03-26 10:35:00', 5.5251, 5.5251, 5.5251, 5.5251, 5616]
['2019-03-26 10:31:00', 5.5301, 5.5301, 5.5301, 5.5301, 512]
['2019-03-26 10:30:00', 5.5299, 5.5299, 5.5299, 5.5299, 2015]
['2019-03-26 10:27:00', 5.53, 5.53, 5.53, 5.53, 100]
['2019-03-26 10:26:00', 5.5201, 5.5201, 5.5201, 5.5201, 1162]
['2019-03-26 10:24:00', 5.5234, 5.5234, 5.5234, 5.5234, 650]
['2019-03-26 10:22:00', 5.5201, 5.5201, 5.5201, 5.5201, 1302]
['2019-03-26 10:21:00', 5.53, 5.53, 5.53, 5.53, 2200]
['2019-03-26 10:19:00', 5.53, 5.53, 5.53, 5.53, 1608]
['2019-03-26 10:17:00', 5.5201, 5.5201, 5.5201, 5.5201, 602]
['2019-03-26 10:15:00', 5.525, 5.525, 5.525, 5.525, 4374]
['2019-03-26 10:12:00', 5.53, 5.53, 5.53, 5.53, 701]
['2019-03-26 10:11:00', 5.5201, 5.5201, 5.5201, 5.5201, 1102]
['2019-03-26 10:08:00', 5.5201, 5.5201, 5.5201, 5.5201, 502]
['2019-03-26 10:07:00', 5.53, 5.53, 5.53, 5.53, 3410]
['2019-03-26 10:05:00', 5.53, 5.53, 5.53, 5.53, 2778]
['2019-03-26 10:02:00', 5.53, 5.53, 5.53, 5.53, 145]
['2019-03-26 09:59:00', 5.53, 5.53, 5.53, 5.53, 100]
['2019-03-26 09:58:00', 5.5285, 5.5285, 5.5285, 5.5285, 2100]
['2019-03-26 09:55:00', 5.53, 5.53, 5.53, 5.53, 1108]
['2019-03-26 09:33:00', 5.4709, 5.4709, 5.4709, 5.4709, 17248]
['2019-03-25 16:00:00', 5.46, 5.46, 5.46, 5.46, 10638]
['2019-03-25 15:59:00', 5.46, 5.46, 5.46, 5.46, 305]
['2019-03-25 15:57:00', 5.46, 5.46, 5.46, 5.46, 700]
['2019-03-25 15:56:00', 5.46, 5.46, 5.46, 5.46, 1201]
['2019-03-25 15:55:00', 5.46, 5.46, 5.46, 5.46, 300]
['2019-03-25 15:53:00', 5.4505, 5.4505, 5.4505, 5.4505, 2600]
['2019-03-25 15:52:00', 5.46, 5.46, 5.46, 5.46, 200]
['2019-03-25 15:51:00', 5.46, 5.46, 5.46, 5.46, 200]
['2019-03-25 15:50:00', 5.46, 5.46, 5.46, 5.46, 200]
['2019-03-25 15:48:00', 5.46, 5.46, 5.46, 5.46, 600]
['2019-03-25 15:45:00', 5.44, 5.44, 5.44, 5.44, 200]
['2019-03-25 15:44:00', 5.44, 5.44, 5.44, 5.44, 500]
['2019-03-25 15:42:00', 5.43, 5.43, 5.43, 5.43, 200]
['2019-03-25 15:40:00', 5.43, 5.43, 5.43, 5.43, 300]
['2019-03-25 15:38:00', 5.43, 5.43, 5.43, 5.43, 200]
['2019-03-25 15:37:00', 5.43, 5.43, 5.43, 5.43, 300]
['2019-03-25 15:35:00', 5.43, 5.43, 5.43, 5.43, 592]
['2019-03-25 15:33:00', 5.43, 5.43, 5.43, 5.43, 500]
['2019-03-25 15:32:00', 5.42, 5.42, 5.42, 5.42, 700]
['2019-03-25 15:30:00', 5.42, 5.42, 5.42, 5.42, 100]
['2019-03-25 15:29:00', 5.42, 5.42, 5.42, 5.42, 1562]
['2019-03-25 15:28:00', 5.4199, 5.4199, 5.4199, 5.4199, 1501]
['2019-03-25 15:26:00', 5.42, 5.42, 5.42, 5.42, 2300]
['2019-03-25 15:25:00', 5.42, 5.42, 5.42, 5.42, 1603]
['2019-03-25 15:22:00', 5.42, 5.42, 5.42, 5.42, 100]
['2019-03-25 15:20:00', 5.4174, 5.4174, 5.4174, 5.4174, 400]
['2019-03-25 15:17:00', 5.4199, 5.4199, 5.4199, 5.4199, 1102]
['2019-03-25 15:15:00', 5.415, 5.415, 5.415, 5.415, 1603]
['2019-03-25 15:13:00', 5.41, 5.41, 5.41, 5.41, 200]
['2019-03-25 15:10:00', 5.41, 5.41, 5.41, 5.41, 200]
['2019-03-25 15:07:00', 5.4101, 5.4101, 5.4101, 5.4101, 100]
['2019-03-25 15:06:00', 5.4101, 5.4101, 5.4101, 5.4101, 200]
['2019-03-25 15:04:00', 5.41, 5.41, 5.41, 5.41, 1605]
['2019-03-25 15:02:00', 5.41, 5.41, 5.41, 5.41, 701]
['2019-03-25 15:01:00', 5.4199, 5.4199, 5.4199, 5.4199, 1102]
['2019-03-25 14:59:00', 5.41, 5.41, 5.41, 5.41, 200]
['2019-03-25 14:57:00', 5.41, 5.41, 5.41, 5.41, 100]
['2019-03-25 14:56:00', 5.41, 5.41, 5.41, 5.41, 200]
['2019-03-25 14:55:00', 5.41, 5.41, 5.41, 5.41, 100]
['2019-03-25 14:49:00', 5.41, 5.41, 5.41, 5.41, 780]
['2019-03-25 14:46:00', 5.41, 5.41, 5.41, 5.41, 200]
['2019-03-25 14:44:00', 5.41, 5.41, 5.41, 5.41, 100]
['2019-03-25 14:42:00', 5.41, 5.41, 5.41, 5.41, 100]
['2019-03-25 14:41:00', 5.41, 5.41, 5.41, 5.41, 200]
['2019-03-25 14:39:00', 5.41, 5.41, 5.41, 5.41, 300]
['2019-03-25 14:35:00', 5.4101, 5.4101, 5.4101, 5.4101, 5103]
['2019-03-25 14:34:00', 5.41, 5.41, 5.41, 5.41, 300]
['2019-03-25 14:33:00', 5.41, 5.41, 5.41, 5.41, 484]
['2019-03-25 14:31:00', 5.41, 5.41, 5.41, 5.41, 200]
['2019-03-25 14:29:00', 5.41, 5.41, 5.41, 5.41, 100]
['2019-03-25 14:27:00', 5.41, 5.41, 5.41, 5.41, 200]
['2019-03-25 14:25:00', 5.41, 5.41, 5.41, 5.41, 226]
['2019-03-25 14:22:00', 5.41, 5.41, 5.41, 5.41, 179]
['2019-03-25 14:18:00', 5.41, 5.41, 5.41, 5.41, 361]
['2019-03-25 14:14:00', 5.41, 5.41, 5.41, 5.41, 4502]
['2019-03-25 14:12:00', 5.42, 5.42, 5.42, 5.42, 300]
['2019-03-25 14:08:00', 5.4292, 5.4292, 5.4292, 5.4292, 2700]
['2019-03-25 14:07:00', 5.42, 5.42, 5.42, 5.42, 301]
['2019-03-25 14:05:00', 5.42, 5.42, 5.42, 5.42, 200]
['2019-03-25 14:03:00', 5.42, 5.42, 5.42, 5.42, 300]
['2019-03-25 14:01:00', 5.42, 5.42, 5.42, 5.42, 100]
['2019-03-25 14:00:00', 5.42, 5.42, 5.42, 5.42, 100]
['2019-03-25 13:58:00', 5.42, 5.42, 5.42, 5.42, 3252]
['2019-03-25 13:55:00', 5.42, 5.42, 5.42, 5.42, 600]
['2019-03-25 13:51:00', 5.421, 5.421, 5.421, 5.421, 1953]
['2019-03-25 13:46:00', 5.42, 5.42, 5.42, 5.42, 200]
['2019-03-25 13:40:00', 5.42, 5.42, 5.42, 5.42, 100]
['2019-03-25 13:37:00', 5.42, 5.42, 5.42, 5.42, 300]
['2019-03-25 13:34:00', 5.43, 5.43, 5.43, 5.43, 100]
['2019-03-25 13:24:00', 5.4246, 5.4246, 5.4246, 5.4246, 272]
['2019-03-25 13:21:00', 5.42, 5.42, 5.42, 5.42, 1615]
['2019-03-25 13:19:00', 5.42, 5.42, 5.42, 5.42, 200]
['2019-03-25 13:16:00', 5.42, 5.42, 5.42, 5.42, 601]
['2019-03-25 13:14:00', 5.4299, 5.4299, 5.4299, 5.4299, 1603]
['2019-03-25 13:13:00', 5.42, 5.42, 5.42, 5.42, 100]
['2019-03-25 13:11:00', 5.42, 5.42, 5.42, 5.42, 100]
['2019-03-25 13:10:00', 5.42, 5.42, 5.42, 5.42, 300]
['2019-03-25 13:07:00', 5.42, 5.42, 5.42, 5.42, 1800]
['2019-03-25 13:05:00', 5.42, 5.42, 5.42, 5.42, 100]
['2019-03-25 13:01:00', 5.4299, 5.4299, 5.4299, 5.4299, 3508]
['2019-03-25 12:59:00', 5.43, 5.43, 5.4229, 5.43, 6237]
['2019-03-25 12:58:00', 5.425, 5.4299, 5.425, 5.4299, 1901]
['2019-03-25 12:57:00', 5.42, 5.42, 5.42, 5.42, 200]
['2019-03-25 12:55:00', 5.42, 5.42, 5.42, 5.42, 100]
['2019-03-25 12:52:00', 5.4299, 5.43, 5.4299, 5.43, 1202]
['2019-03-25 12:50:00', 5.4262, 5.4262, 5.4262, 5.4262, 2716]
['2019-03-25 12:48:00', 5.42, 5.42, 5.42, 5.42, 550]
['2019-03-25 12:45:00', 5.4241, 5.4282, 5.4241, 5.4282, 5350]
['2019-03-25 12:44:00', 5.4299, 5.4299, 5.4299, 5.4299, 2950]
['2019-03-25 12:43:00', 5.44, 5.44, 5.44, 5.44, 200]
['2019-03-25 12:40:00', 5.43, 5.43, 5.43, 5.43, 1572]
['2019-03-25 12:38:00', 5.45, 5.45, 5.45, 5.45, 100]
['2019-03-25 12:36:00', 5.45, 5.45, 5.45, 5.45, 100]
['2019-03-25 12:35:00', 5.45, 5.45, 5.45, 5.45, 300]
['2019-03-25 12:33:00', 5.4566, 5.4566, 5.4566, 5.4566, 1015]
['2019-03-25 12:31:00', 5.45, 5.45, 5.45, 5.45, 172]
['2019-03-25 12:29:00', 5.45, 5.4537, 5.45, 5.4537, 11581]
['2019-03-25 12:26:00', 5.45, 5.45, 5.45, 5.45, 200]
['2019-03-25 12:23:00', 5.45, 5.45, 5.45, 5.45, 825]
['2019-03-25 12:21:00', 5.45, 5.45, 5.45, 5.45, 100]
['2019-03-25 12:19:00', 5.45, 5.45, 5.45, 5.45, 100]
['2019-03-25 12:17:00', 5.45, 5.45, 5.45, 5.45, 200]
['2019-03-25 12:15:00', 5.45, 5.45, 5.45, 5.45, 200]
['2019-03-25 12:13:00', 5.45, 5.45, 5.45, 5.45, 300]
['2019-03-25 12:11:00', 5.45, 5.45, 5.45, 5.45, 200]
['2019-03-25 12:08:00', 5.45, 5.45, 5.45, 5.45, 100]
['2019-03-25 12:06:00', 5.45, 5.45, 5.45, 5.45, 200]
['2019-03-25 12:05:00', 5.46, 5.46, 5.46, 5.46, 5000]
['2019-03-25 12:03:00', 5.45, 5.45, 5.45, 5.45, 200]
['2019-03-25 12:01:00', 5.46, 5.46, 5.46, 5.46, 266]
['2019-03-25 11:59:00', 5.45, 5.45, 5.45, 5.45, 300]
['2019-03-25 11:58:00', 5.45, 5.45, 5.45, 5.45, 100]
['2019-03-25 11:57:00', 5.45, 5.45, 5.45, 5.45, 300]
['2019-03-25 11:56:00', 5.45, 5.45, 5.45, 5.45, 200]
['2019-03-25 11:53:00', 5.45, 5.45, 5.45, 5.45, 200]
['2019-03-25 11:52:00', 5.45, 5.45, 5.45, 5.45, 553]
['2019-03-25 11:50:00', 5.453, 5.453, 5.453, 5.453, 1500]
['2019-03-25 11:48:00', 5.45, 5.4565, 5.45, 5.4565, 2235]
['2019-03-25 11:45:00', 5.45, 5.45, 5.45, 5.45, 200]
['2019-03-25 11:44:00', 5.45, 5.45, 5.45, 5.45, 200]
['2019-03-25 11:42:00', 5.46, 5.46, 5.46, 5.46, 200]
['2019-03-25 11:41:00', 5.45, 5.45, 5.45, 5.45, 1100]
['2019-03-25 11:39:00', 5.45, 5.45, 5.45, 5.45, 200]
['2019-03-25 11:37:00', 5.45, 5.45, 5.45, 5.45, 100]
['2019-03-25 11:36:00', 5.45, 5.45, 5.45, 5.45, 200]
['2019-03-25 11:33:00', 5.45, 5.45, 5.45, 5.45, 1300]
['2019-03-25 11:32:00', 5.45, 5.45, 5.45, 5.45, 1300]
['2019-03-25 11:30:00', 5.455, 5.4554, 5.455, 5.4554, 1169]
['2019-03-25 11:26:00', 5.4568, 5.4568, 5.4568, 5.4568, 4471]
['2019-03-25 11:24:00', 5.45, 5.45, 5.45, 5.45, 2500]
['2019-03-25 11:23:00', 5.4467, 5.4467, 5.4467, 5.4467, 3300]
['2019-03-25 11:22:00', 5.445, 5.45, 5.445, 5.45, 2403]
['2019-03-25 11:21:00', 5.4499, 5.4499, 5.4499, 5.4499, 1102]
['2019-03-25 11:19:00', 5.44, 5.44, 5.44, 5.44, 1402]
['2019-03-25 11:17:00', 5.4499, 5.4499, 5.4499, 5.4499, 2104]
['2019-03-25 11:15:00', 5.44, 5.44, 5.44, 5.44, 700]
['2019-03-25 11:13:00', 5.44, 5.44, 5.44, 5.44, 100]
['2019-03-25 11:12:00', 5.44, 5.44, 5.44, 5.44, 700]
['2019-03-25 11:11:00', 5.45, 5.45, 5.45, 5.45, 496]
['2019-03-25 11:07:00', 5.45, 5.45, 5.45, 5.45, 500]
['2019-03-25 11:04:00', 5.44, 5.44, 5.44, 5.44, 100]
['2019-03-25 11:03:00', 5.445, 5.445, 5.445, 5.445, 175]
['2019-03-25 11:01:00', 5.445, 5.445, 5.445, 5.445, 544]
['2019-03-25 10:55:00', 5.4483, 5.4483, 5.4483, 5.4483, 1000]
['2019-03-25 10:53:00', 5.45, 5.45, 5.45, 5.45, 7804]
['2019-03-25 10:52:00', 5.445, 5.445, 5.445, 5.445, 640]
['2019-03-25 10:44:00', 5.45, 5.45, 5.45, 5.45, 115]
['2019-03-25 10:36:00', 5.4447, 5.4447, 5.4447, 5.4447, 421]
['2019-03-25 10:35:00', 5.445, 5.445, 5.445, 5.445, 2450]
['2019-03-25 10:34:00', 5.47, 5.4611, 5.4611, 5.47, 6450]
['2019-03-25 10:32:00', 5.4674, 5.4674, 5.4674, 5.4674, 2700]
['2019-03-25 10:28:00', 5.4598, 5.4598, 5.4598, 5.4598, 200]
['2019-03-25 10:23:00', 5.46, 5.46, 5.46, 5.46, 2793]
['2019-03-25 10:22:00', 5.4599, 5.4599, 5.4599, 5.4599, 650]
['2019-03-25 10:20:00', 5.46, 5.46, 5.46, 5.46, 100]
['2019-03-25 10:18:00', 5.458, 5.458, 5.458, 5.458, 150]
['2019-03-25 10:13:00', 5.45, 5.45, 5.45, 5.45, 3967]
['2019-03-25 10:10:00', 5.445, 5.445, 5.445, 5.445, 2500]
['2019-03-25 10:08:00', 5.445, 5.445, 5.445, 5.445, 5965]
['2019-03-25 10:06:00', 5.445, 5.445, 5.445, 5.445, 1898]
['2019-03-25 10:04:00', 5.46, 5.46, 5.46, 5.46, 4200]
['2019-03-25 10:00:00', 5.455, 5.455, 5.455, 5.455, 1520]
['2019-03-25 09:58:00', 5.455, 5.455, 5.455, 5.455, 500]
['2019-03-25 09:56:00', 5.455, 5.455, 5.455, 5.455, 636]
['2019-03-25 09:55:00', 5.455, 5.4502, 5.4502, 5.455, 6600]
['2019-03-25 09:52:00', 5.455, 5.455, 5.455, 5.455, 3009]
['2019-03-25 09:51:00', 5.46, 5.46, 5.46, 5.46, 1564]
['2019-03-25 09:48:00', 5.48, 5.48, 5.48, 5.48, 100]
['2019-03-25 09:47:00', 5.48, 5.48, 5.48, 5.48, 1400]
['2019-03-25 09:36:00', 5.45, 5.45, 5.45, 5.45, 2760]
['2019-03-25 09:31:00', 5.56, 5.56, 5.56, 5.56, 10369]
