ATMP
['2019-03-29 15:40:00', 20.46, 20.4562, 20.4562, 20.46, 215]
['2019-03-29 15:15:00', 20.44, 20.44, 20.44, 20.44, 100]
['2019-03-29 14:54:00', 20.45, 20.45, 20.45, 20.45, 100]
['2019-03-29 14:53:00', 20.45, 20.45, 20.45, 20.45, 100]
['2019-03-29 14:29:00', 20.45, 20.45, 20.45, 20.45, 200]
['2019-03-29 14:15:00', 20.45, 20.45, 20.45, 20.45, 482]
['2019-03-29 14:13:00', 20.44, 20.44, 20.44, 20.44, 100]
['2019-03-29 14:09:00', 20.43, 20.43, 20.43, 20.43, 243]
['2019-03-29 14:03:00', 20.4299, 20.4299, 20.4299, 20.4299, 1369]
['2019-03-29 13:48:00', 20.43, 20.43, 20.43, 20.43, 0]
['2019-03-29 13:47:00', 20.42, 20.42, 20.42, 20.42, 700]
['2019-03-29 13:36:00', 20.44, 20.44, 20.44, 20.44, 2451]
['2019-03-29 13:31:00', 20.4468, 20.4447, 20.4447, 20.4468, 3042]
['2019-03-29 12:59:00', 20.45, 20.45, 20.45, 20.45, 118]
['2019-03-29 12:48:00', 20.46, 20.46, 20.46, 20.46, 716]
['2019-03-29 12:45:00', 20.475, 20.475, 20.475, 20.475, 260]
['2019-03-29 12:23:00', 20.48, 20.48, 20.48, 20.48, 100]
['2019-03-29 12:19:00', 20.47, 20.46, 20.46, 20.48, 10100]
['2019-03-29 12:12:00', 20.43, 20.46, 20.43, 20.46, 7500]
['2019-03-29 12:07:00', 20.45, 20.45, 20.45, 20.45, 1000]
['2019-03-29 11:24:00', 20.3874, 20.3874, 20.3874, 20.3874, 500]
['2019-03-29 10:49:00', 20.38, 20.38, 20.38, 20.38, 200]
['2019-03-29 10:45:00', 20.3932, 20.3932, 20.3932, 20.3932, 134]
['2019-03-29 09:52:00', 20.455, 20.455, 20.455, 20.455, 150]
['2019-03-29 09:39:00', 20.5075, 20.5075, 20.5075, 20.5075, 0]
['2019-03-28 15:50:00', 20.4, 20.3965, 20.3965, 20.4, 416]
['2019-03-28 15:47:00', 20.39, 20.39, 20.39, 20.39, 8642]
['2019-03-28 15:44:00', 20.39, 20.39, 20.39, 20.39, 200]
['2019-03-28 15:20:00', 20.3872, 20.3872, 20.3872, 20.3872, 1700]
['2019-03-28 15:17:00', 20.37, 20.37, 20.37, 20.37, 250]
['2019-03-28 15:16:00', 20.3868, 20.3868, 20.3868, 20.3868, 150]
['2019-03-28 14:09:00', 20.37, 20.37, 20.37, 20.37, 477]
['2019-03-28 12:52:00', 20.28, 20.28, 20.28, 20.28, 187]
['2019-03-28 09:42:00', 20.3305, 20.3305, 20.3305, 20.3305, 752]
['2019-03-27 16:00:00', 20.32, 20.32, 20.32, 20.32, 100]
['2019-03-27 15:58:00', 20.33, 20.33, 20.33, 20.33, 200]
['2019-03-27 15:44:00', 20.315, 20.315, 20.315, 20.315, 460]
['2019-03-27 15:35:00', 20.31, 20.31, 20.31, 20.31, 300]
['2019-03-27 15:26:00', 20.31, 20.31, 20.31, 20.31, 100]
['2019-03-27 15:21:00', 20.2972, 20.2972, 20.2972, 20.2972, 228]
['2019-03-27 14:58:00', 20.315, 20.3, 20.3, 20.315, 2687]
['2019-03-27 14:37:00', 20.31, 20.31, 20.31, 20.31, 775]
['2019-03-27 14:36:00', 20.28, 20.3, 20.28, 20.3, 2600]
['2019-03-27 14:20:00', 20.28, 20.28, 20.28, 20.28, 2400]
['2019-03-27 14:13:00', 20.29, 20.29, 20.29, 20.29, 600]
['2019-03-27 14:09:00', 20.2901, 20.2901, 20.2901, 20.2901, 845]
['2019-03-27 14:06:00', 20.29, 20.29, 20.29, 20.29, 200]
['2019-03-27 14:00:00', 20.28, 20.28, 20.28, 20.28, 100]
['2019-03-27 13:55:00', 20.27, 20.27, 20.27, 20.27, 100]
['2019-03-27 13:50:00', 20.27, 20.27, 20.27, 20.27, 100]
['2019-03-27 13:45:00', 20.28, 20.28, 20.28, 20.28, 100]
['2019-03-27 13:40:00', 20.28, 20.28, 20.28, 20.28, 100]
['2019-03-27 13:35:00', 20.27, 20.27, 20.27, 20.27, 100]
['2019-03-27 13:29:00', 20.28, 20.28, 20.28, 20.28, 200]
['2019-03-27 13:21:00', 20.29, 20.29, 20.29, 20.29, 400]
['2019-03-27 13:15:00', 20.2822, 20.2822, 20.2822, 20.2822, 1250]
['2019-03-27 13:14:00', 20.29, 20.29, 20.29, 20.29, 2500]
['2019-03-27 13:02:00', 20.29, 20.29, 20.29, 20.29, 108]
['2019-03-27 13:01:00', 20.2899, 20.2899, 20.2899, 20.2899, 1819]
['2019-03-27 12:55:00', 20.31, 20.31, 20.31, 20.31, 3500]
['2019-03-27 12:54:00', 20.3, 20.3, 20.3, 20.3, 1500]
['2019-03-27 11:55:00', 20.2099, 20.2099, 20.2099, 20.2099, 735]
['2019-03-27 11:45:00', 20.22, 20.22, 20.22, 20.22, 137]
['2019-03-27 10:49:00', 20.2898, 20.2898, 20.2898, 20.2898, 489]
['2019-03-27 10:11:00', 20.38, 20.38, 20.38, 20.38, 391]
['2019-03-27 10:10:00', 20.37, 20.37, 20.37, 20.37, 100]
['2019-03-27 09:31:00', 20.48, 20.48, 20.48, 20.48, 0]
['2019-03-26 15:47:00', 20.35, 20.43, 20.35, 20.43, 490]
['2019-03-26 15:38:00', 20.37, 20.37, 20.37, 20.37, 200]
['2019-03-26 15:37:00', 20.38, 20.38, 20.38, 20.38, 101]
['2019-03-26 15:29:00', 20.39, 20.39, 20.39, 20.39, 5850]
['2019-03-26 15:28:00', 20.39, 20.39, 20.39, 20.39, 100]
['2019-03-26 15:25:00', 20.38, 20.38, 20.38, 20.38, 100]
['2019-03-26 15:18:00', 20.39, 20.39, 20.39, 20.39, 100]
['2019-03-26 14:48:00', 20.4, 20.4, 20.4, 20.4, 1714]
['2019-03-26 14:33:00', 20.34, 20.34, 20.34, 20.34, 498]
['2019-03-26 14:23:00', 20.361, 20.361, 20.361, 20.361, 3095]
['2019-03-26 12:56:00', 20.43, 20.43, 20.43, 20.43, 1550]
['2019-03-26 12:35:00', 20.4501, 20.4501, 20.4501, 20.4501, 408]
['2019-03-26 12:28:00', 20.45, 20.45, 20.45, 20.45, 238]
['2019-03-26 12:24:00', 20.47, 20.47, 20.47, 20.47, 262]
['2019-03-26 12:09:00', 20.43, 20.43, 20.43, 20.43, 425]
['2019-03-26 11:30:00', 20.39, 20.39, 20.39, 20.39, 490]
['2019-03-26 10:58:00', 20.5895, 20.5895, 20.5895, 20.5895, 261]
['2019-03-26 10:25:00', 20.5049, 20.5049, 20.5049, 20.5049, 7300]
['2019-03-26 09:31:00', 20.49, 20.49, 20.49, 20.49, 0]
['2019-03-25 16:00:00', 20.39, 20.39, 20.39, 20.39, 54839]
['2019-03-25 15:44:00', 20.38, 20.38, 20.38, 20.38, 36030]
['2019-03-25 15:39:00', 20.37, 20.37, 20.37, 20.37, 100]
['2019-03-25 15:37:00', 20.3469, 20.3469, 20.3469, 20.3469, 698]
['2019-03-25 15:14:00', 20.31, 20.31, 20.31, 20.31, 168]
['2019-03-25 15:08:00', 20.3018, 20.3018, 20.3018, 20.3018, 750]
['2019-03-25 15:04:00', 20.3, 20.3, 20.3, 20.3, 100]
['2019-03-25 14:48:00', 20.3, 20.31, 20.3, 20.31, 200]
['2019-03-25 14:40:00', 20.3, 20.3, 20.3, 20.3, 6465]
['2019-03-25 14:02:00', 20.28, 20.28, 20.28, 20.28, 519]
['2019-03-25 13:23:00', 20.33, 20.33, 20.33, 20.33, 250]
['2019-03-25 11:28:00', 20.287, 20.287, 20.287, 20.287, 261]
['2019-03-25 11:01:00', 20.25, 20.25, 20.25, 20.25, 8560]
['2019-03-25 10:24:00', 20.185, 20.185, 20.185, 20.185, 742]
['2019-03-25 10:12:00', 20.24, 20.24, 20.24, 20.24, 0]
