ADXS
['2019-03-29 16:00:00', 5.8, 5.9, 5.8, 5.9, 18786]
['2019-03-29 15:59:00', 5.88, 5.94, 5.88, 5.9822, 4814]
['2019-03-29 15:58:00', 5.89, 5.9, 5.88, 5.9, 2592]
['2019-03-29 15:57:00', 5.79, 5.88, 5.79, 5.88, 1118]
['2019-03-29 15:56:00', 5.76, 5.76, 5.76, 5.7601, 1251]
['2019-03-29 15:55:00', 5.76, 5.76, 5.76, 5.7685, 682]
['2019-03-29 15:54:00', 5.76, 5.76, 5.75, 5.76, 7559]
['2019-03-29 15:53:00', 5.66, 5.8652, 5.65, 5.8652, 8624]
['2019-03-29 15:52:00', 5.6908, 5.59, 5.59, 5.6908, 659]
['2019-03-29 15:51:00', 5.7348, 5.59, 5.51, 5.7348, 9554]
['2019-03-29 15:50:00', 5.9299, 5.6708, 5.6708, 5.9299, 5757]
['2019-03-29 15:49:00', 5.915, 5.9, 5.9, 5.915, 333]
['2019-03-29 15:48:00', 5.9179, 5.89, 5.88, 5.9304, 4268]
['2019-03-29 15:47:00', 5.9531, 5.8801, 5.88, 5.9531, 11351]
['2019-03-29 15:46:00', 5.88, 5.96, 5.88, 5.97, 1025]
['2019-03-29 15:45:00', 5.95, 5.9405, 5.9, 5.95, 4856]
['2019-03-29 15:44:00', 5.8408, 5.92, 5.84, 5.92, 6209]
['2019-03-29 15:43:00', 5.94, 5.84, 5.77, 5.94, 9749]
['2019-03-29 15:42:00', 6.06, 5.9, 5.9, 6.06, 9303]
['2019-03-29 15:41:00', 6.06, 6.06, 6.06, 6.06, 330]
['2019-03-29 15:40:00', 6.07, 6.05, 6.05, 6.08, 2708]
['2019-03-29 15:39:00', 6.14, 6.08, 6.08, 6.15, 8603]
['2019-03-29 15:38:00', 6.1, 6.14, 5.8501, 6.15, 13478]
['2019-03-29 15:37:00', 6.1999, 6.1001, 6.1001, 6.1999, 4195]
['2019-03-29 15:36:00', 6.1447, 6.192, 6.1447, 6.192, 454]
['2019-03-29 15:35:00', 6.1881, 6.1014, 6.1014, 6.1881, 2613]
['2019-03-29 15:34:00', 6.1001, 6.16, 6.1001, 6.16, 5762]
['2019-03-29 15:33:00', 6.2, 6.1504, 6.1504, 6.2, 2554]
['2019-03-29 15:32:00', 6.2454, 6.269, 6.2454, 6.269, 421]
['2019-03-29 15:31:00', 6.2781, 6.3, 6.2781, 6.3, 491]
['2019-03-29 15:30:00', 6.0988, 6.28, 6.0988, 6.28, 9467]
['2019-03-29 15:29:00', 6.2079, 6.1013, 6.0501, 6.2079, 10860]
['2019-03-29 15:28:00', 6.24, 6.213, 6.2, 6.24, 14973]
['2019-03-29 15:27:00', 6.2497, 6.2415, 6.24, 6.2497, 3164]
['2019-03-29 15:26:00', 6.32, 6.3, 6.2, 6.34, 17989]
['2019-03-29 15:25:00', 6.365, 6.34, 6.2636, 6.37, 23401]
['2019-03-29 15:24:00', 6.22, 6.3, 6.2, 6.3699, 7804]
['2019-03-29 15:23:00', 6.15, 6.29, 6.149, 6.3, 7898]
['2019-03-29 15:22:00', 6.143, 6.14, 6.08, 6.1499, 1950]
['2019-03-29 15:21:00', 6.17, 6.1437, 6.1046, 6.18, 21631]
['2019-03-29 15:20:00', 6.03, 6.1401, 6.03, 6.1879, 30099]
['2019-03-29 15:19:00', 5.97, 6.0, 5.95, 6.0, 1273]
['2019-03-29 15:18:00', 5.9501, 5.9528, 5.9501, 6.0, 8219]
['2019-03-29 15:17:00', 5.9673, 5.9201, 5.9201, 6.0, 1154]
['2019-03-29 15:16:00', 6.068, 6.04, 5.9, 6.08, 10900]
['2019-03-29 15:15:00', 5.95, 6.0799, 5.95, 6.08, 6765]
['2019-03-29 15:14:00', 5.87, 6.0694, 5.85, 6.102, 14167]
['2019-03-29 15:13:00', 5.98, 5.88, 5.81, 6.17, 15777]
['2019-03-29 15:12:00', 6.0402, 5.9999, 5.94, 6.07, 9244]
['2019-03-29 15:11:00', 6.355, 5.9404, 5.88, 6.3629, 16109]
['2019-03-29 15:10:00', 6.276, 6.38, 6.07, 6.39, 25670]
['2019-03-29 15:09:00', 6.3087, 6.27, 6.27, 6.44, 16499]
['2019-03-29 15:08:00', 6.1506, 6.25, 6.15, 6.49, 44391]
['2019-03-29 15:07:00', 5.9, 6.1333, 5.81, 6.22, 14485]
['2019-03-29 15:06:00', 5.79, 5.9, 5.79, 6.0, 13554]
['2019-03-29 15:05:00', 5.9428, 5.8782, 5.6601, 5.9495, 18366]
['2019-03-29 15:04:00', 5.8999, 5.8305, 5.62, 5.96, 13052]
['2019-03-29 15:03:00', 5.5, 5.8604, 5.5, 5.96, 15788]
['2019-03-29 15:02:00', 5.4457, 5.5011, 5.305, 5.54, 8749]
['2019-03-29 15:01:00', 5.36, 5.4523, 5.36, 5.76, 24975]
['2019-03-29 14:59:00', 5.35, 5.29, 5.29, 5.35, 2218]
['2019-03-29 14:58:00', 5.34, 5.35, 5.3201, 5.35, 6575]
['2019-03-29 14:57:00', 5.3149, 5.3149, 5.3149, 5.3149, 251]
['2019-03-29 14:56:00', 5.32, 5.3008, 5.3008, 5.32, 754]
['2019-03-29 14:55:00', 5.2936, 5.315, 5.2936, 5.34, 5567]
['2019-03-29 14:54:00', 5.2807, 5.29, 5.2807, 5.29, 1103]
['2019-03-29 14:52:00', 5.24, 5.29, 5.24, 5.29, 274]
['2019-03-29 14:51:00', 5.225, 5.24, 5.225, 5.24, 2600]
['2019-03-29 14:48:00', 5.23, 5.22, 5.22, 5.23, 560]
['2019-03-29 14:47:00', 5.2201, 5.2201, 5.2201, 5.2201, 201]
['2019-03-29 14:46:00', 5.2501, 5.23, 5.2207, 5.255, 1330]
['2019-03-29 14:45:00', 5.26, 5.26, 5.2465, 5.26, 1567]
['2019-03-29 14:44:00', 5.28, 5.28, 5.28, 5.28, 226]
['2019-03-29 14:43:00', 5.24, 5.24, 5.24, 5.24, 219]
['2019-03-29 14:42:00', 5.265, 5.265, 5.265, 5.265, 178]
['2019-03-29 14:41:00', 5.25, 5.25, 5.25, 5.25, 101]
['2019-03-29 14:40:00', 5.2646, 5.241, 5.241, 5.2646, 584]
['2019-03-29 14:38:00', 5.2545, 5.2545, 5.2545, 5.2545, 228]
['2019-03-29 14:36:00', 5.2704, 5.2704, 5.2704, 5.2704, 168]
['2019-03-29 14:32:00', 5.27, 5.27, 5.27, 5.27, 203]
['2019-03-29 14:31:00', 5.28, 5.28, 5.28, 5.28, 318]
['2019-03-29 14:29:00', 5.2205, 5.2205, 5.2205, 5.2205, 418]
['2019-03-29 14:28:00', 5.2734, 5.26, 5.26, 5.2734, 417]
['2019-03-29 14:25:00', 5.26, 5.26, 5.26, 5.26, 649]
['2019-03-29 14:24:00', 5.26, 5.265, 5.26, 5.2822, 6070]
['2019-03-29 14:22:00', 5.27, 5.27, 5.27, 5.27, 118]
['2019-03-29 14:21:00', 5.25, 5.25, 5.25, 5.25, 100]
['2019-03-29 14:16:00', 5.27, 5.27, 5.27, 5.27, 200]
['2019-03-29 14:15:00', 5.25, 5.2883, 5.25, 5.3, 2701]
['2019-03-29 14:14:00', 5.2501, 5.2501, 5.2501, 5.2501, 133]
['2019-03-29 14:13:00', 5.275, 5.2905, 5.275, 5.2905, 512]
['2019-03-29 14:08:00', 5.3, 5.23, 5.23, 5.3, 213]
['2019-03-29 14:07:00', 5.29, 5.2999, 5.25, 5.2999, 533]
['2019-03-29 14:03:00', 5.3015, 5.3015, 5.3015, 5.3015, 282]
['2019-03-29 14:01:00', 5.29, 5.29, 5.29, 5.29, 201]
['2019-03-29 13:59:00', 5.3152, 5.3116, 5.3054, 5.3152, 1450]
['2019-03-29 13:58:00', 5.31, 5.31, 5.31, 5.31, 100]
['2019-03-29 13:54:00', 5.3299, 5.3299, 5.3299, 5.3299, 321]
['2019-03-29 13:52:00', 5.2101, 5.2101, 5.2101, 5.2101, 519]
['2019-03-29 13:48:00', 5.2101, 5.2101, 5.2101, 5.2101, 253]
['2019-03-29 13:47:00', 5.32, 5.325, 5.32, 5.33, 370]
['2019-03-29 13:44:00', 5.325, 5.325, 5.325, 5.325, 635]
['2019-03-29 13:42:00', 5.32, 5.3299, 5.32, 5.3299, 1256]
['2019-03-29 13:40:00', 5.32, 5.32, 5.32, 5.32, 720]
['2019-03-29 13:39:00', 5.3286, 5.3277, 5.3277, 5.3286, 767]
['2019-03-29 13:31:00', 5.305, 5.25, 5.25, 5.3288, 900]
['2019-03-29 13:28:00', 5.3299, 5.3174, 5.3174, 5.3299, 1334]
['2019-03-29 13:23:00', 5.3009, 5.34, 5.3009, 5.34, 1581]
['2019-03-29 13:22:00', 5.35, 5.3, 5.3, 5.35, 5964]
['2019-03-29 13:21:00', 5.34, 5.34, 5.34, 5.34, 378]
['2019-03-29 13:19:00', 5.3557, 5.3557, 5.3557, 5.3557, 301]
['2019-03-29 13:18:00', 5.36, 5.3604, 5.3533, 5.3799, 6971]
['2019-03-29 13:17:00', 5.32, 5.33, 5.32, 5.33, 1220]
['2019-03-29 13:16:00', 5.3, 5.315, 5.3, 5.315, 1056]
['2019-03-29 13:15:00', 5.29, 5.3895, 5.29, 5.3895, 1225]
['2019-03-29 13:13:00', 5.21, 5.2676, 5.21, 5.2676, 4438]
['2019-03-29 13:12:00', 5.15, 5.2, 5.15, 5.2, 510]
['2019-03-29 13:11:00', 5.1855, 5.1855, 5.1855, 5.1855, 263]
['2019-03-29 13:10:00', 5.2, 5.2, 5.2, 5.2, 100]
['2019-03-29 13:08:00', 5.15, 5.1694, 5.15, 5.1694, 790]
['2019-03-29 13:07:00', 5.127, 5.127, 5.127, 5.127, 209]
['2019-03-29 13:04:00', 5.0557, 5.0557, 5.0557, 5.0557, 284]
['2019-03-29 13:01:00', 5.12, 5.1201, 5.12, 5.1201, 715]
['2019-03-29 13:00:00', 5.1201, 5.1681, 5.1201, 5.1681, 546]
['2019-03-29 12:59:00', 5.1877, 5.1877, 5.1877, 5.1877, 162]
['2019-03-29 12:58:00', 5.1882, 5.1458, 5.1458, 5.1882, 910]
['2019-03-29 12:56:00', 5.1872, 5.1872, 5.1872, 5.1872, 147]
['2019-03-29 12:53:00', 5.0661, 5.0661, 5.0661, 5.0661, 205]
['2019-03-29 12:52:00', 5.1492, 5.1492, 5.1492, 5.1492, 230]
['2019-03-29 12:51:00', 5.134, 5.134, 5.134, 5.134, 188]
['2019-03-29 12:50:00', 5.09, 5.0569, 5.0569, 5.09, 425]
['2019-03-29 12:49:00', 5.1754, 5.1754, 5.1754, 5.1754, 134]
['2019-03-29 12:47:00', 5.04, 5.0657, 5.04, 5.2002, 2802]
['2019-03-29 12:46:00', 5.0796, 5.0796, 5.0796, 5.0796, 160]
['2019-03-29 12:44:00', 5.05, 5.04, 5.04, 5.1259, 1331]
['2019-03-29 12:43:00', 5.1401, 5.1, 5.1, 5.1401, 707]
['2019-03-29 12:42:00', 5.12, 5.04, 5.04, 5.1745, 3524]
['2019-03-29 12:41:00', 5.175, 5.12, 5.12, 5.175, 950]
['2019-03-29 12:39:00', 5.2, 5.2, 5.2, 5.2, 1160]
['2019-03-29 12:38:00', 5.15, 5.15, 5.15, 5.15, 851]
['2019-03-29 12:37:00', 5.31, 5.31, 5.31, 5.31, 294]
['2019-03-29 12:36:00', 5.02, 5.0422, 5.02, 5.0422, 351]
['2019-03-29 12:35:00', 5.06, 5.06, 5.06, 5.06, 550]
['2019-03-29 12:34:00', 5.0496, 5.0496, 5.0496, 5.0496, 297]
['2019-03-29 12:33:00', 5.15, 5.15, 5.15, 5.15, 130]
['2019-03-29 12:32:00', 4.99, 4.9161, 4.9, 5.0, 6871]
['2019-03-29 12:31:00', 4.9, 4.9245, 4.9, 4.9245, 762]
['2019-03-29 12:30:00', 4.92, 4.9, 4.8804, 5.0, 1635]
['2019-03-29 12:29:00', 4.82, 4.92, 4.82, 4.92, 2097]
['2019-03-29 12:28:00', 4.85, 4.8695, 4.82, 4.88, 3742]
['2019-03-29 12:27:00', 5.0, 4.87, 4.87, 5.0, 5738]
['2019-03-29 12:26:00', 5.0001, 5.0001, 5.0001, 5.0001, 1057]
['2019-03-29 12:25:00', 5.07, 5.0, 4.96, 5.07, 1532]
['2019-03-29 12:24:00', 4.9645, 5.0154, 4.9645, 5.0154, 2022]
['2019-03-29 12:23:00', 5.05, 5.0236, 5.0236, 5.0602, 708]
['2019-03-29 12:22:00', 5.08, 5.08, 4.995, 5.09, 2264]
['2019-03-29 12:21:00', 4.8, 5.09, 4.8, 5.09, 9372]
['2019-03-29 12:20:00', 5.055, 4.83, 4.83, 5.055, 13485]
['2019-03-29 12:19:00', 5.26, 5.05, 5.05, 5.26, 14696]
['2019-03-29 12:18:00', 5.28, 5.25, 5.25, 5.2801, 4354]
['2019-03-29 12:17:00', 5.4399, 5.2667, 5.25, 5.4399, 1056]
['2019-03-29 12:16:00', 5.25, 5.25, 5.25, 5.2501, 1348]
['2019-03-29 12:15:00', 5.3158, 5.25, 5.25, 5.4399, 2324]
['2019-03-29 12:13:00', 5.3034, 5.3034, 5.3034, 5.3034, 1105]
['2019-03-29 12:12:00', 5.33, 5.3227, 5.3227, 5.4899, 487]
['2019-03-29 12:10:00', 5.33, 5.3561, 5.33, 5.3561, 704]
['2019-03-29 12:09:00', 5.3968, 5.34, 5.3301, 5.3968, 3938]
['2019-03-29 12:08:00', 5.5, 5.4, 5.4, 5.51, 2182]
['2019-03-29 12:07:00', 5.59, 5.5, 5.5, 5.6, 5039]
['2019-03-29 12:06:00', 5.62, 5.5907, 5.59, 5.62, 2882]
['2019-03-29 12:05:00', 5.65, 5.65, 5.65, 5.65, 159]
['2019-03-29 12:04:00', 5.65, 5.625, 5.61, 5.65, 1011]
['2019-03-29 12:03:00', 5.6567, 5.65, 5.65, 5.6567, 622]
['2019-03-29 12:01:00', 5.71, 5.71, 5.71, 5.71, 170]
['2019-03-29 11:56:00', 5.6645, 5.6645, 5.6645, 5.6645, 474]
['2019-03-29 11:55:00', 5.65, 5.66, 5.65, 5.66, 421]
['2019-03-29 11:48:00', 5.66, 5.66, 5.66, 5.66, 785]
['2019-03-29 11:46:00', 5.66, 5.66, 5.66, 5.66, 231]
['2019-03-29 11:45:00', 5.73, 5.7188, 5.66, 5.74, 539]
['2019-03-29 11:44:00', 5.6729, 5.6729, 5.6729, 5.6729, 487]
['2019-03-29 11:42:00', 5.65, 5.65, 5.65, 5.65, 327]
['2019-03-29 11:41:00', 5.7399, 5.6501, 5.6501, 5.7399, 2747]
['2019-03-29 11:40:00', 5.7184, 5.65, 5.65, 5.7399, 1148]
['2019-03-29 11:39:00', 5.7399, 5.69, 5.69, 5.7399, 455]
['2019-03-29 11:37:00', 5.76, 5.69, 5.69, 5.76, 6080]
['2019-03-29 11:34:00', 5.77, 5.77, 5.7601, 5.7798, 1247]
['2019-03-29 11:33:00', 5.7701, 5.78, 5.77, 5.78, 962]
['2019-03-29 11:32:00', 5.7745, 5.7764, 5.7745, 5.7764, 303]
['2019-03-29 11:30:00', 5.76, 5.76, 5.76, 5.76, 148]
['2019-03-29 11:29:00', 5.7628, 5.7628, 5.7628, 5.7628, 197]
['2019-03-29 11:28:00', 5.8699, 5.75, 5.75, 5.8699, 1320]
['2019-03-29 11:27:00', 5.75, 5.7501, 5.75, 5.7501, 688]
['2019-03-29 11:25:00', 5.7747, 5.7747, 5.7747, 5.7747, 315]
['2019-03-29 11:24:00', 5.7875, 5.75, 5.75, 5.7896, 1270]
['2019-03-29 11:21:00', 5.75, 5.75, 5.75, 5.75, 1765]
['2019-03-29 11:20:00', 5.76, 5.7601, 5.75, 5.7601, 512]
['2019-03-29 11:18:00', 5.7816, 5.77, 5.77, 5.7816, 809]
['2019-03-29 11:17:00', 5.7842, 5.7899, 5.7842, 5.7899, 460]
['2019-03-29 11:16:00', 5.75, 5.75, 5.75, 5.762, 501]
['2019-03-29 11:14:00', 5.7565, 5.79, 5.75, 5.79, 2145]
['2019-03-29 11:12:00', 5.7677, 5.7677, 5.7677, 5.7677, 261]
['2019-03-29 11:09:00', 5.8256, 5.8256, 5.8256, 5.8256, 291]
['2019-03-29 11:08:00', 5.85, 5.7516, 5.7516, 5.85, 443]
['2019-03-29 11:07:00', 5.9077, 5.9, 5.9, 5.9077, 1321]
['2019-03-29 11:06:00', 5.91, 5.9, 5.9, 5.91, 2142]
['2019-03-29 11:05:00', 5.91, 5.91, 5.91, 5.91, 819]
['2019-03-29 11:03:00', 5.92, 5.9101, 5.91, 5.92, 1512]
['2019-03-29 11:00:00', 5.9281, 5.9281, 5.9281, 5.9281, 473]
['2019-03-29 10:58:00', 5.9282, 5.93, 5.9282, 5.93, 360]
['2019-03-29 10:56:00', 5.94, 5.94, 5.94, 5.94, 532]
['2019-03-29 10:54:00', 5.9397, 5.9397, 5.9397, 5.9397, 224]
['2019-03-29 10:53:00', 5.9397, 5.91, 5.91, 5.9397, 456]
['2019-03-29 10:51:00', 5.9102, 5.9129, 5.9102, 5.9129, 1051]
['2019-03-29 10:50:00', 5.9105, 5.9105, 5.9105, 5.9105, 111]
['2019-03-29 10:48:00', 5.93, 5.93, 5.93, 5.93, 189]
['2019-03-29 10:43:00', 5.93, 5.94, 5.93, 5.94, 436]
['2019-03-29 10:42:00', 5.94, 5.94, 5.94, 5.94, 353]
['2019-03-29 10:40:00', 5.96, 5.99, 5.96, 5.99, 263]
['2019-03-29 10:39:00', 5.9899, 5.936, 5.936, 5.99, 962]
['2019-03-29 10:37:00', 5.9336, 5.9336, 5.9336, 5.9336, 251]
['2019-03-29 10:36:00', 5.8903, 5.8903, 5.8903, 5.8903, 157]
['2019-03-29 10:34:00', 5.9773, 5.9773, 5.9773, 5.9773, 270]
['2019-03-29 10:33:00', 5.89, 5.89, 5.89, 5.89, 294]
['2019-03-29 10:32:00', 5.9, 5.9, 5.9, 5.9, 134]
['2019-03-29 10:31:00', 5.9799, 5.9799, 5.9799, 5.9799, 571]
['2019-03-29 10:30:00', 5.89, 5.9045, 5.89, 5.9045, 1491]
['2019-03-29 10:29:00', 5.9736, 5.9415, 5.9045, 5.9736, 559]
['2019-03-29 10:28:00', 5.9752, 5.98, 5.9681, 5.98, 899]
['2019-03-29 10:27:00', 5.92, 5.98, 5.88, 5.98, 4626]
['2019-03-29 10:26:00', 5.92, 5.915, 5.915, 5.92, 263]
['2019-03-29 10:23:00', 5.9596, 5.91, 5.88, 5.9596, 1429]
['2019-03-29 10:22:00', 5.9689, 5.9689, 5.9689, 5.97, 743]
['2019-03-29 10:21:00', 5.88, 5.9579, 5.88, 5.96, 4437]
['2019-03-29 10:20:00', 5.9699, 5.9094, 5.9094, 5.9699, 533]
['2019-03-29 10:19:00', 6.01, 5.9905, 5.9, 6.0101, 6294]
['2019-03-29 10:18:00', 6.0627, 6.0899, 6.0627, 6.0899, 540]
['2019-03-29 10:17:00', 6.0861, 6.0779, 6.03, 6.0899, 8439]
['2019-03-29 10:16:00', 6.0199, 6.01, 6.01, 6.02, 633]
['2019-03-29 10:15:00', 6.0175, 6.0199, 5.9905, 6.0199, 519]
['2019-03-29 10:14:00', 6.0199, 5.9193, 5.88, 6.0199, 2001]
['2019-03-29 10:13:00', 6.07, 5.88, 5.88, 6.07, 12278]
['2019-03-29 10:12:00', 6.2001, 6.06, 6.05, 6.2001, 16656]
['2019-03-29 10:11:00', 6.3689, 6.21, 6.21, 6.3689, 2015]
['2019-03-29 10:10:00', 6.21, 6.21, 6.21, 6.21, 387]
['2019-03-29 10:09:00', 6.4, 6.3331, 6.2, 6.4, 6722]
['2019-03-29 10:08:00', 6.3962, 6.4399, 6.3, 6.4399, 454]
['2019-03-29 10:07:00', 6.4699, 6.2077, 6.2, 6.4699, 4705]
['2019-03-29 10:06:00', 6.5, 6.47, 6.46, 6.59, 12323]
['2019-03-29 10:05:00', 6.274, 6.5, 6.274, 6.59, 13201]
['2019-03-29 10:04:00', 6.059, 6.2836, 6.059, 6.29, 6076]
['2019-03-29 10:03:00', 6.29, 6.0101, 6.0101, 6.29, 1043]
['2019-03-29 10:02:00', 5.99, 6.2999, 5.99, 6.3, 5894]
['2019-03-29 10:01:00', 5.9772, 5.9772, 5.9772, 5.9772, 295]
['2019-03-29 10:00:00', 5.99, 5.9, 5.9, 5.99, 1344]
['2019-03-29 09:58:00', 5.9862, 5.88, 5.88, 5.9862, 755]
['2019-03-29 09:57:00', 5.9612, 5.9612, 5.9612, 5.9612, 483]
['2019-03-29 09:56:00', 5.9447, 5.9204, 5.8101, 5.9855, 2678]
['2019-03-29 09:54:00', 5.76, 5.76, 5.76, 5.9458, 1776]
['2019-03-29 09:53:00', 5.77, 5.8499, 5.75, 5.85, 2596]
['2019-03-29 09:52:00', 5.7001, 5.7, 5.69, 5.7999, 2770]
['2019-03-29 09:51:00', 5.6856, 5.61, 5.61, 5.7, 3322]
['2019-03-29 09:50:00', 5.7, 5.7, 5.7, 5.7, 196]
['2019-03-29 09:49:00', 5.61, 5.61, 5.61, 5.7, 1415]
['2019-03-29 09:48:00', 5.6101, 5.6671, 5.61, 5.7, 4899]
['2019-03-29 09:47:00', 5.6995, 5.61, 5.61, 5.6995, 2500]
['2019-03-29 09:46:00', 5.6005, 5.6005, 5.6005, 5.6005, 480]
['2019-03-29 09:43:00', 5.6118, 5.6, 5.6, 5.75, 2568]
['2019-03-29 09:42:00', 5.64, 5.64, 5.64, 5.64, 144]
['2019-03-29 09:41:00', 5.5589, 5.64, 5.5589, 5.7693, 2100]
['2019-03-29 09:40:00', 5.64, 5.65, 5.64, 5.65, 625]
['2019-03-29 09:39:00', 5.68, 5.69, 5.64, 5.69, 2321]
['2019-03-29 09:38:00', 5.6301, 5.6005, 5.6005, 5.718, 2648]
['2019-03-29 09:37:00', 5.65, 5.63, 5.62, 5.65, 1529]
['2019-03-29 09:36:00', 5.77, 5.77, 5.6, 5.77, 15243]
['2019-03-29 09:35:00', 5.7, 5.7, 5.7, 5.8983, 8191]
['2019-03-29 09:33:00', 5.808, 5.808, 5.808, 5.808, 1024]
['2019-03-29 09:32:00', 5.6581, 5.5581, 5.5581, 5.6581, 2331]
['2019-03-29 09:31:00', 5.8, 5.66, 5.65, 5.8, 13451]
['2019-03-28 16:00:00', 0.0257, 0.385, 0.0257, 0.385, 0]
['2019-03-28 15:59:00', 0.0262, 0.0262, 0.0258, 0.0263, 146491]
['2019-03-28 15:58:00', 0.026, 0.026, 0.026, 0.0263, 14502]
['2019-03-28 15:57:00', 0.0263, 0.026, 0.026, 0.0263, 18884]
['2019-03-28 15:56:00', 0.0262, 0.026, 0.026, 0.0262, 18631]
['2019-03-28 15:55:00', 0.0262, 0.0262, 0.0262, 0.0265, 11787]
['2019-03-28 15:54:00', 0.026, 0.0261, 0.026, 0.0267, 11792]
['2019-03-28 15:53:00', 0.027, 0.026, 0.026, 0.027, 42354]
['2019-03-28 15:52:00', 0.0267, 0.0267, 0.0267, 0.0271, 14875]
['2019-03-28 15:51:00', 0.0267, 0.0267, 0.0263, 0.0273, 26744]
['2019-03-28 15:50:00', 0.0257, 0.0261, 0.0257, 0.0267, 198055]
['2019-03-28 15:49:00', 0.0251, 0.0257, 0.0251, 0.0257, 29646]
['2019-03-28 15:48:00', 0.0253, 0.0257, 0.025, 0.0257, 32803]
['2019-03-28 15:47:00', 0.0249, 0.0257, 0.0249, 0.0257, 8634]
['2019-03-28 15:46:00', 0.025, 0.0249, 0.0249, 0.0253, 97010]
['2019-03-28 15:45:00', 0.025, 0.0249, 0.0249, 0.025, 2600]
['2019-03-28 15:44:00', 0.0249, 0.0249, 0.0249, 0.025, 5378]
['2019-03-28 15:43:00', 0.025, 0.025, 0.0249, 0.025, 33490]
['2019-03-28 15:42:00', 0.0249, 0.025, 0.0248, 0.025, 16250]
['2019-03-28 15:41:00', 0.0247, 0.0247, 0.0247, 0.025, 49794]
['2019-03-28 15:40:00', 0.0246, 0.0243, 0.0243, 0.0247, 24266]
['2019-03-28 15:39:00', 0.0241, 0.0245, 0.0241, 0.0247, 16894]
['2019-03-28 15:38:00', 0.0247, 0.0243, 0.0241, 0.0247, 28259]
['2019-03-28 15:37:00', 0.0247, 0.0247, 0.0241, 0.0247, 32722]
['2019-03-28 15:36:00', 0.0241, 0.0244, 0.0241, 0.0244, 10729]
['2019-03-28 15:35:00', 0.0245, 0.0241, 0.0241, 0.0247, 9759]
['2019-03-28 15:34:00', 0.0247, 0.0247, 0.0241, 0.0247, 12585]
['2019-03-28 15:33:00', 0.0243, 0.0241, 0.0241, 0.0247, 40207]
['2019-03-28 15:32:00', 0.024, 0.0243, 0.024, 0.0243, 37791]
['2019-03-28 15:31:00', 0.0243, 0.0243, 0.024, 0.0243, 20570]
['2019-03-28 15:30:00', 0.0243, 0.024, 0.024, 0.0243, 9894]
['2019-03-28 15:29:00', 0.024, 0.0241, 0.024, 0.0243, 15422]
['2019-03-28 15:28:00', 0.024, 0.0237, 0.0237, 0.024, 9999]
['2019-03-28 15:27:00', 0.024, 0.0238, 0.0234, 0.024, 12848]
['2019-03-28 15:26:00', 0.0238, 0.0239, 0.0234, 0.024, 24028]
['2019-03-28 15:25:00', 0.0234, 0.0237, 0.0234, 0.0237, 12940]
['2019-03-28 15:24:00', 0.024, 0.0237, 0.0234, 0.0241, 7119]
['2019-03-28 15:23:00', 0.024, 0.024, 0.0234, 0.0243, 14121]
['2019-03-28 15:22:00', 0.0243, 0.0243, 0.0243, 0.0243, 650]
['2019-03-28 15:21:00', 0.0234, 0.0242, 0.0234, 0.0242, 11348]
['2019-03-28 15:20:00', 0.0232, 0.0237, 0.0232, 0.0243, 80340]
['2019-03-28 15:19:00', 0.023, 0.0232, 0.023, 0.0233, 38054]
['2019-03-28 15:18:00', 0.0233, 0.0231, 0.023, 0.0233, 9296]
['2019-03-28 15:17:00', 0.0233, 0.0231, 0.0229, 0.0233, 89295]
['2019-03-28 15:16:00', 0.0229, 0.0229, 0.0227, 0.0233, 41425]
['2019-03-28 15:15:00', 0.0227, 0.0229, 0.0227, 0.0231, 108538]
['2019-03-28 15:14:00', 0.0233, 0.0229, 0.0227, 0.0233, 7708]
['2019-03-28 15:13:00', 0.0233, 0.0233, 0.0227, 0.0233, 83995]
['2019-03-28 15:12:00', 0.023, 0.023, 0.023, 0.0233, 55675]
['2019-03-28 15:11:00', 0.0232, 0.023, 0.023, 0.0233, 114926]
['2019-03-28 15:10:00', 0.0232, 0.0232, 0.0232, 0.0233, 13016]
['2019-03-28 15:09:00', 0.0233, 0.0232, 0.0232, 0.0233, 83596]
['2019-03-28 15:08:00', 0.0234, 0.0233, 0.0233, 0.0234, 66952]
['2019-03-28 15:07:00', 0.0235, 0.0233, 0.0233, 0.0236, 28233]
['2019-03-28 15:06:00', 0.0235, 0.0235, 0.0235, 0.0236, 23714]
['2019-03-28 15:05:00', 0.0235, 0.0234, 0.0234, 0.0236, 24646]
['2019-03-28 15:04:00', 0.0236, 0.0236, 0.0235, 0.0236, 2268]
['2019-03-28 15:03:00', 0.0236, 0.0236, 0.0236, 0.0236, 17728]
['2019-03-28 15:02:00', 0.0236, 0.0236, 0.0236, 0.0236, 455]
['2019-03-28 15:01:00', 0.024, 0.0236, 0.0236, 0.0243, 37252]
['2019-03-28 15:00:00', 0.0244, 0.024, 0.024, 0.0244, 5850]
['2019-03-28 14:59:00', 0.0245, 0.0241, 0.0241, 0.0245, 22419]
['2019-03-28 14:58:00', 0.0244, 0.0244, 0.0244, 0.0245, 3435]
['2019-03-28 14:57:00', 0.0244, 0.0244, 0.0244, 0.0244, 4141]
['2019-03-28 14:56:00', 0.0247, 0.0245, 0.0244, 0.0247, 28270]
['2019-03-28 14:55:00', 0.0246, 0.0247, 0.0246, 0.0247, 13871]
['2019-03-28 14:54:00', 0.0246, 0.0246, 0.0245, 0.0246, 1959]
['2019-03-28 14:53:00', 0.0246, 0.0245, 0.0245, 0.0247, 3747]
['2019-03-28 14:52:00', 0.0247, 0.0246, 0.0245, 0.0247, 46523]
['2019-03-28 14:51:00', 0.0247, 0.0247, 0.0244, 0.0247, 41662]
['2019-03-28 14:50:00', 0.0245, 0.0245, 0.0245, 0.0245, 1964]
['2019-03-28 14:49:00', 0.0245, 0.0245, 0.0244, 0.0245, 19991]
['2019-03-28 14:48:00', 0.0246, 0.0245, 0.0245, 0.0247, 1562]
['2019-03-28 14:47:00', 0.0247, 0.0244, 0.0244, 0.0247, 1552]
['2019-03-28 14:46:00', 0.0246, 0.0244, 0.0244, 0.0246, 25269]
['2019-03-28 14:45:00', 0.0247, 0.0244, 0.0244, 0.0247, 3725]
['2019-03-28 14:44:00', 0.0249, 0.0244, 0.0244, 0.0249, 5454]
['2019-03-28 14:43:00', 0.025, 0.0244, 0.0244, 0.025, 15191]
['2019-03-28 14:42:00', 0.0244, 0.0243, 0.0243, 0.025, 34268]
['2019-03-28 14:41:00', 0.0241, 0.024, 0.024, 0.0247, 48115]
['2019-03-28 14:40:00', 0.0243, 0.024, 0.024, 0.0247, 20553]
['2019-03-28 14:39:00', 0.0239, 0.0239, 0.0239, 0.0243, 40524]
['2019-03-28 14:38:00', 0.024, 0.0239, 0.0239, 0.024, 13025]
['2019-03-28 14:37:00', 0.0239, 0.024, 0.0239, 0.024, 30825]
['2019-03-28 14:36:00', 0.024, 0.0239, 0.0238, 0.024, 17301]
['2019-03-28 14:35:00', 0.024, 0.0237, 0.0237, 0.024, 5537]
['2019-03-28 14:34:00', 0.0239, 0.0236, 0.0236, 0.024, 38429]
['2019-03-28 14:33:00', 0.0238, 0.0236, 0.0236, 0.0239, 4220]
['2019-03-28 14:32:00', 0.0236, 0.0236, 0.0236, 0.0239, 30107]
['2019-03-28 14:31:00', 0.0236, 0.0239, 0.0235, 0.0239, 13449]
['2019-03-28 14:30:00', 0.0235, 0.0235, 0.0235, 0.0238, 8107]
['2019-03-28 14:29:00', 0.0236, 0.0236, 0.0234, 0.0237, 10971]
['2019-03-28 14:28:00', 0.0234, 0.0233, 0.0233, 0.0237, 16712]
['2019-03-28 14:27:00', 0.0234, 0.0234, 0.0234, 0.0236, 22273]
['2019-03-28 14:26:00', 0.0234, 0.0233, 0.0233, 0.0234, 8582]
['2019-03-28 14:25:00', 0.0237, 0.0233, 0.0233, 0.0237, 39659]
['2019-03-28 14:24:00', 0.0237, 0.0235, 0.0233, 0.0237, 70884]
['2019-03-28 14:23:00', 0.0239, 0.0234, 0.0234, 0.0239, 39871]
['2019-03-28 14:22:00', 0.0237, 0.0238, 0.0237, 0.0239, 13696]
['2019-03-28 14:21:00', 0.0239, 0.0238, 0.0237, 0.024, 14083]
['2019-03-28 14:20:00', 0.024, 0.0239, 0.0237, 0.024, 10434]
['2019-03-28 14:19:00', 0.0235, 0.024, 0.0234, 0.024, 7025]
['2019-03-28 14:18:00', 0.024, 0.0233, 0.0233, 0.024, 330248]
['2019-03-28 14:17:00', 0.0236, 0.0237, 0.0234, 0.024, 26673]
['2019-03-28 14:16:00', 0.0241, 0.0234, 0.0233, 0.0243, 77297]
['2019-03-28 14:15:00', 0.0245, 0.0243, 0.024, 0.0247, 49118]
['2019-03-28 14:14:00', 0.0247, 0.0245, 0.0243, 0.025, 25329]
['2019-03-28 14:13:00', 0.0246, 0.025, 0.0243, 0.0253, 30222]
['2019-03-28 14:12:00', 0.0242, 0.0244, 0.0241, 0.0247, 32344]
['2019-03-28 14:11:00', 0.0246, 0.0242, 0.0241, 0.0247, 50044]
['2019-03-28 14:10:00', 0.0243, 0.024, 0.0239, 0.0253, 51284]
['2019-03-28 14:09:00', 0.0239, 0.0243, 0.0233, 0.0243, 54665]
['2019-03-28 14:08:00', 0.0231, 0.0239, 0.023, 0.0239, 84674]
['2019-03-28 14:07:00', 0.0232, 0.0233, 0.023, 0.0233, 28163]
['2019-03-28 14:06:00', 0.0237, 0.023, 0.0228, 0.024, 150606]
['2019-03-28 14:05:00', 0.024, 0.0237, 0.0234, 0.0243, 73631]
['2019-03-28 14:04:00', 0.0237, 0.0242, 0.0234, 0.0243, 122428]
['2019-03-28 14:03:00', 0.0234, 0.024, 0.0233, 0.024, 116842]
['2019-03-28 14:02:00', 0.0238, 0.0236, 0.0224, 0.024, 78406]
['2019-03-28 14:01:00', 0.0224, 0.023, 0.0223, 0.023, 176262]
['2019-03-28 14:00:00', 0.0231, 0.0224, 0.0224, 0.0231, 88863]
['2019-03-28 13:59:00', 0.0222, 0.0224, 0.0222, 0.0235, 129496]
['2019-03-28 13:58:00', 0.0237, 0.0223, 0.0213, 0.024, 186986]
['2019-03-28 13:57:00', 0.0242, 0.0237, 0.0227, 0.0247, 156387]
['2019-03-28 13:56:00', 0.0264, 0.0241, 0.024, 0.0264, 179814]
['2019-03-28 13:55:00', 0.0268, 0.0267, 0.0267, 0.0273, 65718]
['2019-03-28 13:54:00', 0.0273, 0.0273, 0.0268, 0.0275, 59821]
['2019-03-28 13:53:00', 0.0274, 0.0277, 0.0273, 0.0277, 127327]
['2019-03-28 13:52:00', 0.0287, 0.0274, 0.0274, 0.0287, 78125]
['2019-03-28 13:51:00', 0.0288, 0.0287, 0.0287, 0.0291, 66855]
['2019-03-28 13:50:00', 0.0292, 0.0288, 0.0288, 0.0293, 12394]
['2019-03-28 13:49:00', 0.0291, 0.0289, 0.0288, 0.0293, 33466]
['2019-03-28 13:48:00', 0.0294, 0.0292, 0.029, 0.0294, 31349]
['2019-03-28 13:47:00', 0.0293, 0.0293, 0.0293, 0.0294, 483]
['2019-03-28 13:46:00', 0.0294, 0.0293, 0.0293, 0.0294, 28276]
['2019-03-28 13:45:00', 0.0296, 0.0293, 0.0293, 0.0296, 5113]
['2019-03-28 13:44:00', 0.0296, 0.0296, 0.0294, 0.0296, 3584]
['2019-03-28 13:43:00', 0.0298, 0.0294, 0.0294, 0.03, 2911]
['2019-03-28 13:42:00', 0.0295, 0.0298, 0.0294, 0.0299, 2323]
['2019-03-28 13:41:00', 0.0294, 0.03, 0.0293, 0.03, 3671]
['2019-03-28 13:40:00', 0.0296, 0.03, 0.0294, 0.03, 11492]
['2019-03-28 13:39:00', 0.0294, 0.0296, 0.0294, 0.0297, 10175]
['2019-03-28 13:38:00', 0.03, 0.0297, 0.0294, 0.03, 1062]
['2019-03-28 13:37:00', 0.0293, 0.0294, 0.0293, 0.0306, 17626]
['2019-03-28 13:36:00', 0.0293, 0.0294, 0.0293, 0.0294, 98506]
['2019-03-28 13:35:00', 0.0293, 0.0294, 0.0293, 0.0294, 3769]
['2019-03-28 13:34:00', 0.0294, 0.0293, 0.0293, 0.0294, 37180]
['2019-03-28 13:33:00', 0.0297, 0.0293, 0.0293, 0.0297, 66048]
['2019-03-28 13:32:00', 0.0302, 0.0299, 0.0297, 0.0303, 117789]
['2019-03-28 13:31:00', 0.0301, 0.03, 0.03, 0.0301, 7600]
['2019-03-28 13:30:00', 0.03, 0.0303, 0.03, 0.0303, 10030]
['2019-03-28 13:29:00', 0.0301, 0.0301, 0.03, 0.0303, 7419]
['2019-03-28 13:28:00', 0.03, 0.0303, 0.03, 0.0303, 12150]
['2019-03-28 13:27:00', 0.0305, 0.03, 0.03, 0.0305, 6176]
['2019-03-28 13:26:00', 0.03, 0.0304, 0.03, 0.0304, 15265]
['2019-03-28 13:25:00', 0.03, 0.03, 0.03, 0.0303, 4600]
['2019-03-28 13:24:00', 0.0301, 0.03, 0.03, 0.0304, 12805]
['2019-03-28 13:23:00', 0.0301, 0.0303, 0.0301, 0.0304, 23320]
['2019-03-28 13:22:00', 0.0305, 0.0304, 0.0301, 0.0305, 21890]
['2019-03-28 13:21:00', 0.03, 0.0305, 0.03, 0.0305, 14160]
['2019-03-28 13:20:00', 0.0307, 0.03, 0.03, 0.0307, 10832]
['2019-03-28 13:19:00', 0.0305, 0.03, 0.03, 0.0307, 11329]
['2019-03-28 13:18:00', 0.0301, 0.0305, 0.0301, 0.0305, 582]
['2019-03-28 13:17:00', 0.03, 0.0305, 0.03, 0.0305, 19980]
['2019-03-28 13:16:00', 0.0301, 0.0301, 0.03, 0.0305, 8542]
['2019-03-28 13:15:00', 0.0303, 0.0303, 0.0303, 0.0303, 100]
['2019-03-28 13:14:00', 0.0305, 0.03, 0.03, 0.0305, 2889]
['2019-03-28 13:13:00', 0.03, 0.03, 0.03, 0.0305, 2371]
['2019-03-28 13:12:00', 0.0301, 0.03, 0.03, 0.0307, 33517]
['2019-03-28 13:11:00', 0.03, 0.0301, 0.03, 0.0306, 18264]
['2019-03-28 13:10:00', 0.0303, 0.03, 0.03, 0.0305, 5156]
['2019-03-28 13:09:00', 0.0303, 0.0303, 0.0303, 0.0303, 11702]
['2019-03-28 13:08:00', 0.0307, 0.0306, 0.0303, 0.0307, 5900]
['2019-03-28 13:07:00', 0.0306, 0.0303, 0.0303, 0.0306, 27317]
['2019-03-28 13:06:00', 0.0307, 0.03, 0.03, 0.0307, 4991]
['2019-03-28 13:05:00', 0.0306, 0.0306, 0.03, 0.0306, 41003]
['2019-03-28 13:04:00', 0.0305, 0.0306, 0.03, 0.0307, 52197]
['2019-03-28 13:03:00', 0.0307, 0.0305, 0.0305, 0.0307, 15588]
['2019-03-28 13:02:00', 0.0313, 0.0307, 0.0307, 0.0313, 64970]
['2019-03-28 13:01:00', 0.0313, 0.0313, 0.0313, 0.0313, 11666]
['2019-03-28 13:00:00', 0.0313, 0.0313, 0.0313, 0.0313, 11400]
['2019-03-28 12:59:00', 0.0313, 0.0313, 0.0313, 0.0313, 250]
['2019-03-28 12:58:00', 0.0313, 0.0313, 0.0313, 0.0313, 726]
['2019-03-28 12:57:00', 0.0313, 0.0313, 0.0313, 0.0313, 300]
['2019-03-28 12:56:00', 0.0313, 0.0313, 0.0313, 0.0313, 1214]
['2019-03-28 12:55:00', 0.0313, 0.0313, 0.0313, 0.0313, 443]
['2019-03-28 12:54:00', 0.0313, 0.0313, 0.0313, 0.0313, 246]
['2019-03-28 12:53:00', 0.0313, 0.0313, 0.0313, 0.0313, 380]
['2019-03-28 12:51:00', 0.0313, 0.0313, 0.0313, 0.0313, 17420]
['2019-03-28 12:50:00', 0.0313, 0.0313, 0.0313, 0.0313, 5670]
['2019-03-28 12:49:00', 0.0313, 0.0313, 0.0313, 0.0313, 8807]
['2019-03-28 12:48:00', 0.0313, 0.0313, 0.0313, 0.0313, 1546]
['2019-03-28 12:47:00', 0.0313, 0.0313, 0.0313, 0.0313, 128]
['2019-03-28 12:46:00', 0.0313, 0.0313, 0.0312, 0.0313, 3587]
['2019-03-28 12:45:00', 0.0313, 0.0313, 0.0313, 0.0313, 100]
['2019-03-28 12:43:00', 0.0313, 0.0313, 0.0312, 0.0313, 1890]
['2019-03-28 12:42:00', 0.0313, 0.0313, 0.0313, 0.0313, 982]
['2019-03-28 12:41:00', 0.0312, 0.0313, 0.0312, 0.0313, 3500]
['2019-03-28 12:40:00', 0.0312, 0.0313, 0.031, 0.0313, 2378]
['2019-03-28 12:39:00', 0.0313, 0.0313, 0.0313, 0.0313, 808]
['2019-03-28 12:38:00', 0.031, 0.031, 0.031, 0.0313, 4737]
['2019-03-28 12:37:00', 0.0311, 0.0311, 0.0311, 0.0313, 41000]
['2019-03-28 12:36:00', 0.0313, 0.031, 0.031, 0.0313, 3654]
['2019-03-28 12:34:00', 0.031, 0.031, 0.031, 0.031, 437]
['2019-03-28 12:33:00', 0.031, 0.031, 0.031, 0.0313, 1649]
['2019-03-28 12:32:00', 0.0311, 0.0312, 0.0311, 0.0312, 881]
['2019-03-28 12:31:00', 0.0313, 0.0311, 0.031, 0.0313, 1450]
['2019-03-28 12:30:00', 0.031, 0.0313, 0.031, 0.0313, 471]
['2019-03-28 12:29:00', 0.031, 0.0311, 0.031, 0.0311, 314]
['2019-03-28 12:28:00', 0.0311, 0.031, 0.031, 0.0312, 6486]
['2019-03-28 12:27:00', 0.0313, 0.031, 0.031, 0.0313, 6891]
['2019-03-28 12:26:00', 0.0312, 0.031, 0.031, 0.0312, 400]
['2019-03-28 12:25:00', 0.0313, 0.0312, 0.0312, 0.0313, 570]
['2019-03-28 12:24:00', 0.0312, 0.0312, 0.0312, 0.0312, 100]
['2019-03-28 12:23:00', 0.0312, 0.0313, 0.0312, 0.0313, 240]
['2019-03-28 12:21:00', 0.0313, 0.0312, 0.0312, 0.0313, 251]
['2019-03-28 12:20:00', 0.0313, 0.0313, 0.031, 0.0313, 1256]
['2019-03-28 12:19:00', 0.0312, 0.0313, 0.0312, 0.0313, 510]
['2019-03-28 12:18:00', 0.0313, 0.0313, 0.0313, 0.0313, 235]
['2019-03-28 12:17:00', 0.0315, 0.031, 0.0309, 0.0315, 17810]
['2019-03-28 12:16:00', 0.0316, 0.0315, 0.0315, 0.0316, 12160]
['2019-03-28 12:15:00', 0.0316, 0.0316, 0.0316, 0.0316, 135]
['2019-03-28 12:14:00', 0.0316, 0.0316, 0.0315, 0.0317, 7644]
['2019-03-28 12:13:00', 0.0317, 0.0317, 0.0317, 0.0317, 500]
['2019-03-28 12:12:00', 0.0317, 0.0317, 0.0317, 0.0317, 1000]
['2019-03-28 12:11:00', 0.0316, 0.0315, 0.0315, 0.0317, 1201]
['2019-03-28 12:10:00', 0.0317, 0.0317, 0.0315, 0.0317, 4223]
['2019-03-28 12:09:00', 0.0317, 0.0317, 0.0317, 0.0317, 654]
['2019-03-28 12:08:00', 0.0316, 0.0317, 0.0315, 0.0317, 1082]
['2019-03-28 12:07:00', 0.0316, 0.0315, 0.0315, 0.0316, 3804]
['2019-03-28 12:06:00', 0.0316, 0.0315, 0.0315, 0.0316, 5110]
['2019-03-28 12:05:00', 0.0316, 0.0316, 0.0315, 0.0316, 3720]
['2019-03-28 12:04:00', 0.0316, 0.0315, 0.0313, 0.0316, 16159]
['2019-03-28 12:03:00', 0.0316, 0.0316, 0.0313, 0.0316, 1509]
['2019-03-28 12:02:00', 0.0316, 0.0316, 0.0316, 0.0316, 450]
['2019-03-28 12:01:00', 0.0313, 0.0315, 0.0313, 0.0316, 14430]
['2019-03-28 12:00:00', 0.0312, 0.0313, 0.0312, 0.0313, 5788]
['2019-03-28 11:59:00', 0.0313, 0.0312, 0.0312, 0.0313, 400]
['2019-03-28 11:58:00', 0.0313, 0.0312, 0.0312, 0.0313, 400]
['2019-03-28 11:57:00', 0.0312, 0.0312, 0.0312, 0.0313, 8450]
['2019-03-28 11:56:00', 0.0312, 0.0312, 0.0312, 0.0313, 3600]
['2019-03-28 11:55:00', 0.0313, 0.0313, 0.0313, 0.0313, 100]
['2019-03-28 11:54:00', 0.0313, 0.0312, 0.0312, 0.0313, 1006]
['2019-03-28 11:53:00', 0.0313, 0.0312, 0.0312, 0.0313, 1370]
['2019-03-28 11:52:00', 0.0311, 0.0311, 0.0311, 0.0313, 1075]
['2019-03-28 11:51:00', 0.0312, 0.0313, 0.0311, 0.0313, 300]
['2019-03-28 11:50:00', 0.031, 0.031, 0.031, 0.031, 6530]
['2019-03-28 11:49:00', 0.031, 0.031, 0.0309, 0.031, 7530]
['2019-03-28 11:48:00', 0.0309, 0.0309, 0.0309, 0.031, 6156]
['2019-03-28 11:47:00', 0.0308, 0.0308, 0.0307, 0.0309, 2300]
['2019-03-28 11:46:00', 0.0308, 0.0308, 0.0307, 0.0309, 650]
['2019-03-28 11:44:00', 0.0308, 0.0307, 0.0307, 0.0308, 2805]
['2019-03-28 11:43:00', 0.0309, 0.0307, 0.0307, 0.0309, 900]
['2019-03-28 11:42:00', 0.0309, 0.0309, 0.0309, 0.0309, 200]
['2019-03-28 11:41:00', 0.0309, 0.0309, 0.0307, 0.0309, 1202]
['2019-03-28 11:40:00', 0.0309, 0.0309, 0.0309, 0.0309, 100]
['2019-03-28 11:39:00', 0.0309, 0.0307, 0.0307, 0.0309, 302]
['2019-03-28 11:38:00', 0.0309, 0.0307, 0.0307, 0.0309, 3538]
['2019-03-28 11:37:00', 0.0309, 0.0309, 0.0309, 0.0309, 605]
['2019-03-28 11:36:00', 0.0309, 0.0307, 0.0307, 0.0309, 200]
['2019-03-28 11:35:00', 0.0309, 0.0308, 0.0308, 0.0309, 300]
['2019-03-28 11:33:00', 0.0309, 0.0309, 0.0309, 0.0309, 301]
['2019-03-28 11:32:00', 0.0309, 0.0309, 0.0309, 0.0309, 100]
['2019-03-28 11:31:00', 0.0309, 0.0309, 0.0309, 0.0309, 100]
['2019-03-28 11:30:00', 0.0309, 0.0307, 0.0307, 0.0309, 603]
['2019-03-28 11:28:00', 0.0309, 0.0309, 0.0309, 0.0309, 422]
['2019-03-28 11:27:00', 0.0309, 0.0307, 0.0307, 0.0309, 675]
['2019-03-28 11:25:00', 0.0307, 0.0307, 0.0307, 0.0307, 643]
['2019-03-28 11:23:00', 0.0307, 0.0307, 0.0307, 0.0307, 826]
['2019-03-28 11:21:00', 0.031, 0.0307, 0.0307, 0.031, 2362]
['2019-03-28 11:19:00', 0.0307, 0.0311, 0.0307, 0.0312, 3142]
['2019-03-28 11:18:00', 0.0312, 0.0307, 0.0307, 0.0312, 6600]
['2019-03-28 11:16:00', 0.0309, 0.0307, 0.0307, 0.031, 2900]
['2019-03-28 11:15:00', 0.0311, 0.0309, 0.0309, 0.0313, 18219]
['2019-03-28 11:14:00', 0.0311, 0.0311, 0.0311, 0.0311, 1178]
['2019-03-28 11:13:00', 0.0313, 0.0311, 0.0311, 0.0313, 1501]
['2019-03-28 11:11:00', 0.0311, 0.0311, 0.0311, 0.0311, 141]
['2019-03-28 11:10:00', 0.0311, 0.031, 0.031, 0.0311, 320]
['2019-03-28 11:09:00', 0.031, 0.0309, 0.0309, 0.0313, 86800]
['2019-03-28 11:08:00', 0.031, 0.031, 0.031, 0.031, 4601]
['2019-03-28 11:07:00', 0.0311, 0.031, 0.031, 0.0311, 567]
['2019-03-28 11:05:00', 0.031, 0.031, 0.031, 0.031, 506]
['2019-03-28 11:04:00', 0.0309, 0.0309, 0.0309, 0.0311, 1200]
['2019-03-28 11:03:00', 0.031, 0.0309, 0.0309, 0.031, 415]
['2019-03-28 11:02:00', 0.0311, 0.031, 0.0307, 0.0313, 2520]
['2019-03-28 11:01:00', 0.0311, 0.031, 0.031, 0.0311, 1444]
['2019-03-28 11:00:00', 0.0312, 0.0312, 0.031, 0.0312, 3905]
['2019-03-28 10:59:00', 0.0312, 0.0312, 0.0312, 0.0312, 172]
['2019-03-28 10:58:00', 0.0311, 0.031, 0.031, 0.0312, 2211]
['2019-03-28 10:57:00', 0.031, 0.031, 0.031, 0.031, 743]
['2019-03-28 10:56:00', 0.0312, 0.0307, 0.0307, 0.0312, 48773]
['2019-03-28 10:55:00', 0.0312, 0.0312, 0.0312, 0.0312, 5725]
['2019-03-28 10:54:00', 0.0312, 0.0312, 0.0312, 0.0312, 105]
['2019-03-28 10:53:00', 0.0309, 0.0311, 0.0309, 0.0311, 3261]
['2019-03-28 10:52:00', 0.0311, 0.031, 0.031, 0.0312, 526]
['2019-03-28 10:51:00', 0.0309, 0.0309, 0.0309, 0.0312, 11985]
['2019-03-28 10:50:00', 0.031, 0.031, 0.031, 0.031, 155]
['2019-03-28 10:48:00', 0.031, 0.031, 0.0307, 0.031, 17785]
['2019-03-28 10:47:00', 0.0311, 0.031, 0.031, 0.0311, 8760]
['2019-03-28 10:46:00', 0.0311, 0.0311, 0.0311, 0.0311, 3623]
['2019-03-28 10:45:00', 0.0311, 0.0311, 0.0311, 0.0311, 1048]
['2019-03-28 10:44:00', 0.0311, 0.0311, 0.0311, 0.0311, 1200]
['2019-03-28 10:43:00', 0.0311, 0.0311, 0.0311, 0.0311, 562]
['2019-03-28 10:42:00', 0.0311, 0.0311, 0.0311, 0.0311, 3796]
['2019-03-28 10:41:00', 0.0311, 0.0311, 0.0311, 0.0311, 561]
['2019-03-28 10:40:00', 0.0309, 0.0311, 0.0309, 0.0311, 3265]
['2019-03-28 10:39:00', 0.031, 0.031, 0.0309, 0.0311, 22051]
['2019-03-28 10:38:00', 0.031, 0.0309, 0.0309, 0.031, 4392]
['2019-03-28 10:37:00', 0.0309, 0.031, 0.0309, 0.031, 545]
['2019-03-28 10:36:00', 0.0309, 0.0309, 0.0309, 0.0309, 1377]
['2019-03-28 10:35:00', 0.0309, 0.0309, 0.0309, 0.0309, 336]
['2019-03-28 10:33:00', 0.0309, 0.0309, 0.0309, 0.0309, 271]
['2019-03-28 10:32:00', 0.0309, 0.0307, 0.0307, 0.031, 3426]
['2019-03-28 10:31:00', 0.0309, 0.0309, 0.0309, 0.0309, 225]
['2019-03-28 10:30:00', 0.0309, 0.0309, 0.0309, 0.031, 917]
['2019-03-28 10:29:00', 0.0311, 0.031, 0.031, 0.0311, 1806]
['2019-03-28 10:28:00', 0.0311, 0.0311, 0.0311, 0.0311, 104]
['2019-03-28 10:27:00', 0.0311, 0.0311, 0.0311, 0.0311, 510]
['2019-03-28 10:26:00', 0.0307, 0.0311, 0.0307, 0.0311, 6018]
['2019-03-28 10:25:00', 0.0307, 0.0307, 0.0307, 0.0307, 427]
['2019-03-28 10:24:00', 0.0305, 0.0304, 0.0304, 0.0307, 2230]
['2019-03-28 10:23:00', 0.0307, 0.0307, 0.0307, 0.0308, 998]
['2019-03-28 10:22:00', 0.0309, 0.0307, 0.0307, 0.0309, 3431]
['2019-03-28 10:21:00', 0.0309, 0.0307, 0.0307, 0.0309, 603]
['2019-03-28 10:20:00', 0.031, 0.0309, 0.0307, 0.0311, 4528]
['2019-03-28 10:19:00', 0.031, 0.031, 0.031, 0.031, 402]
['2019-03-28 10:18:00', 0.0311, 0.0311, 0.0311, 0.0311, 641]
['2019-03-28 10:17:00', 0.0311, 0.0311, 0.0311, 0.0312, 34044]
['2019-03-28 10:16:00', 0.0307, 0.0312, 0.0307, 0.0312, 2432]
['2019-03-28 10:15:00', 0.0307, 0.0309, 0.0305, 0.0311, 18391]
['2019-03-28 10:14:00', 0.0305, 0.0307, 0.0304, 0.0307, 18663]
['2019-03-28 10:13:00', 0.0304, 0.0305, 0.0304, 0.0305, 320]
['2019-03-28 10:12:00', 0.0304, 0.0304, 0.0304, 0.0305, 4908]
['2019-03-28 10:11:00', 0.0304, 0.0304, 0.0304, 0.0304, 16846]
['2019-03-28 10:10:00', 0.0305, 0.0305, 0.0305, 0.0305, 650]
['2019-03-28 10:09:00', 0.0304, 0.0304, 0.0304, 0.0305, 3125]
['2019-03-28 10:08:00', 0.0304, 0.0304, 0.0304, 0.0304, 8000]
['2019-03-28 10:07:00', 0.0304, 0.0304, 0.0304, 0.0304, 400]
['2019-03-28 10:06:00', 0.0304, 0.0304, 0.0304, 0.0304, 8274]
['2019-03-28 10:05:00', 0.0304, 0.0304, 0.0304, 0.0304, 7552]
['2019-03-28 10:04:00', 0.0304, 0.0304, 0.0304, 0.0304, 728]
['2019-03-28 10:03:00', 0.0304, 0.0304, 0.0304, 0.0304, 1689]
['2019-03-28 10:02:00', 0.0304, 0.0304, 0.0304, 0.0304, 1813]
['2019-03-28 10:01:00', 0.0304, 0.0304, 0.0304, 0.0304, 145]
['2019-03-28 10:00:00', 0.0304, 0.0304, 0.0304, 0.0304, 5775]
['2019-03-28 09:59:00', 0.0304, 0.0304, 0.0304, 0.0305, 10084]
['2019-03-28 09:58:00', 0.0303, 0.0303, 0.0303, 0.0306, 1386]
['2019-03-28 09:57:00', 0.0304, 0.0306, 0.0303, 0.0306, 2650]
['2019-03-28 09:56:00', 0.0304, 0.0303, 0.0303, 0.0306, 1282]
['2019-03-28 09:55:00', 0.0305, 0.0303, 0.0303, 0.0306, 6250]
['2019-03-28 09:54:00', 0.0305, 0.0303, 0.03, 0.0305, 984]
['2019-03-28 09:53:00', 0.0305, 0.0305, 0.0305, 0.0305, 243]
['2019-03-28 09:52:00', 0.0305, 0.03, 0.03, 0.0305, 2965]
['2019-03-28 09:51:00', 0.0305, 0.0305, 0.03, 0.0305, 831]
['2019-03-28 09:50:00', 0.0305, 0.0305, 0.03, 0.0306, 3611]
['2019-03-28 09:49:00', 0.03, 0.03, 0.03, 0.0301, 945]
['2019-03-28 09:46:00', 0.03, 0.03, 0.03, 0.0305, 3295]
['2019-03-28 09:43:00', 0.0306, 0.03, 0.03, 0.0306, 14405]
['2019-03-28 09:42:00', 0.0306, 0.03, 0.03, 0.0306, 1192]
['2019-03-28 09:41:00', 0.03, 0.03, 0.03, 0.03, 800]
['2019-03-28 09:40:00', 0.03, 0.03, 0.03, 0.03, 2095]
['2019-03-28 09:39:00', 0.0305, 0.03, 0.03, 0.0305, 10500]
['2019-03-28 09:38:00', 0.0306, 0.03, 0.03, 0.0306, 5594]
['2019-03-28 09:37:00', 0.0303, 0.03, 0.03, 0.0303, 3229]
['2019-03-28 09:36:00', 0.03, 0.0307, 0.03, 0.0307, 3981]
['2019-03-28 09:35:00', 0.03, 0.0307, 0.03, 0.0307, 9748]
['2019-03-28 09:34:00', 0.03, 0.03, 0.03, 0.03, 1143]
['2019-03-28 09:33:00', 0.03, 0.03, 0.03, 0.03, 6200]
['2019-03-28 09:32:00', 0.03, 0.03, 0.03, 0.03, 7850]
['2019-03-28 09:31:00', 0.0297, 0.03, 0.0294, 0.03, 157431]
['2019-03-27 16:00:00', 0.03, 0.03, 0.03, 0.03, 0]
['2019-03-27 15:59:00', 0.0302, 0.0302, 0.0302, 0.0302, 618]
['2019-03-27 15:58:00', 0.0301, 0.03, 0.03, 0.0301, 4941]
['2019-03-27 15:57:00', 0.0301, 0.0301, 0.03, 0.0301, 2230]
['2019-03-27 15:56:00', 0.0301, 0.03, 0.03, 0.0301, 5808]
['2019-03-27 15:55:00', 0.0301, 0.0301, 0.03, 0.0302, 2400]
['2019-03-27 15:54:00', 0.0302, 0.0301, 0.03, 0.0302, 5556]
['2019-03-27 15:53:00', 0.03, 0.0301, 0.03, 0.0302, 41364]
['2019-03-27 15:52:00', 0.0301, 0.0301, 0.03, 0.0302, 1773]
['2019-03-27 15:51:00', 0.03, 0.0301, 0.03, 0.0302, 4368]
['2019-03-27 15:50:00', 0.03, 0.03, 0.03, 0.03, 872]
['2019-03-27 15:49:00', 0.0301, 0.03, 0.03, 0.0301, 1670]
['2019-03-27 15:48:00', 0.0301, 0.0301, 0.0301, 0.0301, 900]
['2019-03-27 15:47:00', 0.0301, 0.03, 0.03, 0.0301, 10300]
['2019-03-27 15:46:00', 0.0301, 0.0301, 0.0301, 0.0302, 333]
['2019-03-27 15:45:00', 0.0302, 0.03, 0.03, 0.0302, 700]
['2019-03-27 15:44:00', 0.0301, 0.0302, 0.03, 0.0302, 11610]
['2019-03-27 15:42:00', 0.0302, 0.03, 0.03, 0.0302, 7045]
['2019-03-27 15:41:00', 0.0302, 0.0301, 0.03, 0.0302, 6150]
['2019-03-27 15:40:00', 0.0302, 0.03, 0.03, 0.0302, 19671]
['2019-03-27 15:39:00', 0.0302, 0.0301, 0.0301, 0.0302, 1800]
['2019-03-27 15:38:00', 0.0302, 0.0302, 0.0302, 0.0302, 1000]
['2019-03-27 15:36:00', 0.0301, 0.03, 0.03, 0.0301, 799]
['2019-03-27 15:35:00', 0.0302, 0.03, 0.03, 0.0302, 2200]
['2019-03-27 15:34:00', 0.03, 0.03, 0.03, 0.0302, 3550]
['2019-03-27 15:31:00', 0.0302, 0.0302, 0.0302, 0.0302, 302]
['2019-03-27 15:30:00', 0.03, 0.03, 0.03, 0.0301, 2210]
['2019-03-27 15:29:00', 0.0301, 0.03, 0.03, 0.0301, 4241]
['2019-03-27 15:27:00', 0.03, 0.03, 0.03, 0.03, 225]
['2019-03-27 15:26:00', 0.03, 0.0301, 0.03, 0.0301, 470]
['2019-03-27 15:25:00', 0.03, 0.03, 0.03, 0.0301, 787]
['2019-03-27 15:24:00', 0.0301, 0.0301, 0.03, 0.0301, 1300]
['2019-03-27 15:23:00', 0.0301, 0.0301, 0.0301, 0.0301, 100]
['2019-03-27 15:21:00', 0.03, 0.0298, 0.0298, 0.0301, 36899]
['2019-03-27 15:18:00', 0.0298, 0.03, 0.0298, 0.0301, 2257]
['2019-03-27 15:14:00', 0.0299, 0.0298, 0.0298, 0.0299, 3460]
['2019-03-27 15:13:00', 0.03, 0.03, 0.03, 0.03, 330]
['2019-03-27 15:02:00', 0.03, 0.0298, 0.0298, 0.03, 10926]
['2019-03-27 15:01:00', 0.03, 0.0301, 0.03, 0.0301, 300]
['2019-03-27 15:00:00', 0.0301, 0.0298, 0.0298, 0.0301, 7445]
['2019-03-27 14:58:00', 0.03, 0.03, 0.03, 0.0301, 3225]
['2019-03-27 14:57:00', 0.03, 0.03, 0.03, 0.03, 3539]
['2019-03-27 14:56:00', 0.03, 0.03, 0.03, 0.03, 5621]
['2019-03-27 14:54:00', 0.03, 0.03, 0.03, 0.03, 1959]
['2019-03-27 14:53:00', 0.0301, 0.03, 0.03, 0.0301, 10001]
['2019-03-27 14:52:00', 0.0301, 0.0301, 0.0301, 0.0301, 2500]
['2019-03-27 14:51:00', 0.0301, 0.0301, 0.0301, 0.0301, 206]
['2019-03-27 14:50:00', 0.0301, 0.0301, 0.03, 0.0301, 510]
['2019-03-27 14:49:00', 0.0301, 0.0301, 0.0301, 0.0301, 400]
['2019-03-27 14:48:00', 0.0301, 0.0301, 0.0301, 0.0301, 500]
['2019-03-27 14:47:00', 0.0301, 0.0301, 0.03, 0.0301, 14506]
['2019-03-27 14:46:00', 0.0301, 0.0301, 0.03, 0.0301, 996]
['2019-03-27 14:45:00', 0.0301, 0.0301, 0.03, 0.0301, 707]
['2019-03-27 14:44:00', 0.0301, 0.0301, 0.0301, 0.0301, 402]
['2019-03-27 14:43:00', 0.0301, 0.0301, 0.0301, 0.0301, 300]
['2019-03-27 14:42:00', 0.0301, 0.0301, 0.0301, 0.0301, 225]
['2019-03-27 14:41:00', 0.0301, 0.0301, 0.0301, 0.0301, 500]
['2019-03-27 14:40:00', 0.0302, 0.0301, 0.03, 0.0302, 6380]
['2019-03-27 14:39:00', 0.03, 0.03, 0.03, 0.0301, 700]
['2019-03-27 14:38:00', 0.0301, 0.0299, 0.0299, 0.0302, 1200]
['2019-03-27 14:37:00', 0.0301, 0.0301, 0.0299, 0.0301, 315]
['2019-03-27 14:35:00', 0.0302, 0.0301, 0.0301, 0.0302, 600]
['2019-03-27 14:33:00', 0.0301, 0.0302, 0.0299, 0.0302, 1960]
['2019-03-27 14:32:00', 0.0302, 0.0302, 0.0302, 0.0302, 200]
['2019-03-27 14:31:00', 0.0302, 0.03, 0.03, 0.0302, 517]
['2019-03-27 14:30:00', 0.0302, 0.0302, 0.0302, 0.0302, 400]
['2019-03-27 14:29:00', 0.0301, 0.0302, 0.0299, 0.0302, 300]
['2019-03-27 14:28:00', 0.0302, 0.0299, 0.0299, 0.0302, 555]
['2019-03-27 14:26:00', 0.0302, 0.0302, 0.0302, 0.0302, 200]
['2019-03-27 14:25:00', 0.0302, 0.0302, 0.0299, 0.0302, 601]
['2019-03-27 14:24:00', 0.0302, 0.0302, 0.0302, 0.0302, 255]
['2019-03-27 14:23:00', 0.03, 0.0302, 0.0299, 0.0302, 16800]
['2019-03-27 14:22:00', 0.0299, 0.0299, 0.0298, 0.0299, 990]
['2019-03-27 14:21:00', 0.0299, 0.0299, 0.0298, 0.0299, 1850]
['2019-03-27 14:19:00', 0.0303, 0.0298, 0.0298, 0.0303, 12301]
['2019-03-27 14:18:00', 0.03, 0.0299, 0.0299, 0.03, 1915]
['2019-03-27 14:17:00', 0.0303, 0.0303, 0.0303, 0.0303, 450]
['2019-03-27 14:11:00', 0.0303, 0.0303, 0.0303, 0.0303, 350]
['2019-03-27 14:10:00', 0.03, 0.0297, 0.0297, 0.03, 20900]
['2019-03-27 14:09:00', 0.0298, 0.0305, 0.0298, 0.0305, 2199]
['2019-03-27 14:08:00', 0.0298, 0.0297, 0.0297, 0.0298, 400]
['2019-03-27 14:07:00', 0.0298, 0.0297, 0.0297, 0.0298, 1750]
['2019-03-27 14:06:00', 0.0298, 0.0298, 0.0298, 0.0298, 200]
['2019-03-27 14:02:00', 0.03, 0.0299, 0.0299, 0.03, 1224]
['2019-03-27 14:01:00', 0.03, 0.03, 0.03, 0.03, 400]
['2019-03-27 14:00:00', 0.03, 0.03, 0.03, 0.03, 100]
['2019-03-27 13:59:00', 0.0303, 0.03, 0.0297, 0.0303, 13858]
['2019-03-27 13:58:00', 0.03, 0.0301, 0.03, 0.0301, 387]
['2019-03-27 13:57:00', 0.0302, 0.0302, 0.0302, 0.0302, 506]
['2019-03-27 13:56:00', 0.0303, 0.0301, 0.0301, 0.0303, 600]
['2019-03-27 13:55:00', 0.0303, 0.0303, 0.0303, 0.0303, 110]
['2019-03-27 13:54:00', 0.0303, 0.0303, 0.0303, 0.0303, 1135]
['2019-03-27 13:53:00', 0.0303, 0.0304, 0.0303, 0.0304, 4486]
['2019-03-27 13:52:00', 0.0303, 0.0305, 0.0301, 0.0305, 6120]
['2019-03-27 13:50:00', 0.03, 0.0307, 0.03, 0.0307, 12342]
['2019-03-27 13:49:00', 0.0306, 0.0306, 0.03, 0.0307, 1487]
['2019-03-27 13:48:00', 0.03, 0.03, 0.03, 0.03, 8129]
['2019-03-27 13:47:00', 0.0297, 0.0297, 0.0297, 0.0297, 12515]
['2019-03-27 13:46:00', 0.0298, 0.0297, 0.0297, 0.0298, 3226]
['2019-03-27 13:45:00', 0.0296, 0.0297, 0.0296, 0.0298, 47786]
['2019-03-27 13:44:00', 0.0296, 0.0296, 0.0296, 0.0297, 1950]
['2019-03-27 13:42:00', 0.0297, 0.0295, 0.0295, 0.0297, 20625]
['2019-03-27 13:40:00', 0.0296, 0.0297, 0.0296, 0.0297, 295]
['2019-03-27 13:39:00', 0.0295, 0.0295, 0.0295, 0.0297, 14434]
['2019-03-27 13:38:00', 0.0295, 0.0295, 0.0295, 0.0296, 2114]
['2019-03-27 13:37:00', 0.0296, 0.0296, 0.0296, 0.0296, 350]
['2019-03-27 13:36:00', 0.0295, 0.0295, 0.0295, 0.0295, 7159]
['2019-03-27 13:35:00', 0.0297, 0.0295, 0.0295, 0.0297, 528]
['2019-03-27 13:34:00', 0.0295, 0.0295, 0.0295, 0.0297, 2450]
['2019-03-27 13:33:00', 0.0294, 0.0294, 0.0294, 0.0296, 8086]
['2019-03-27 13:31:00', 0.0294, 0.0294, 0.0294, 0.0294, 249]
['2019-03-27 13:29:00', 0.0295, 0.0294, 0.0294, 0.0295, 6502]
['2019-03-27 13:28:00', 0.0297, 0.0294, 0.0294, 0.0297, 2118]
['2019-03-27 13:27:00', 0.0293, 0.0293, 0.0293, 0.0293, 225]
['2019-03-27 13:26:00', 0.0294, 0.0293, 0.0293, 0.0294, 3851]
['2019-03-27 13:24:00', 0.0293, 0.0293, 0.0293, 0.0293, 169]
['2019-03-27 13:23:00', 0.0297, 0.0294, 0.0294, 0.0297, 582]
['2019-03-27 13:21:00', 0.0297, 0.0293, 0.0293, 0.0297, 800]
['2019-03-27 13:20:00', 0.0295, 0.0293, 0.0293, 0.0295, 24400]
['2019-03-27 13:18:00', 0.0295, 0.0295, 0.0295, 0.0295, 100]
['2019-03-27 13:17:00', 0.0297, 0.0293, 0.0293, 0.0297, 4090]
['2019-03-27 13:12:00', 0.0297, 0.0293, 0.0293, 0.0297, 33814]
['2019-03-27 13:11:00', 0.0297, 0.0297, 0.0297, 0.0297, 106]
['2019-03-27 13:10:00', 0.0297, 0.0295, 0.0295, 0.0297, 3868]
['2019-03-27 13:09:00', 0.0297, 0.0297, 0.0297, 0.0297, 100]
['2019-03-27 13:08:00', 0.0297, 0.0295, 0.0295, 0.0297, 3500]
['2019-03-27 13:07:00', 0.0297, 0.0297, 0.0297, 0.0297, 246]
['2019-03-27 13:06:00', 0.0295, 0.0295, 0.0295, 0.0296, 1873]
['2019-03-27 13:05:00', 0.0295, 0.0297, 0.0295, 0.0297, 1110]
['2019-03-27 13:02:00', 0.0295, 0.0297, 0.0295, 0.0297, 1266]
['2019-03-27 13:01:00', 0.0295, 0.0295, 0.0295, 0.0296, 700]
['2019-03-27 13:00:00', 0.0295, 0.0295, 0.0295, 0.0295, 200]
['2019-03-27 12:59:00', 0.03, 0.0295, 0.0295, 0.03, 1380]
['2019-03-27 12:57:00', 0.0295, 0.0295, 0.0295, 0.0295, 2602]
['2019-03-27 12:55:00', 0.0298, 0.0298, 0.0298, 0.0298, 246]
['2019-03-27 12:54:00', 0.0295, 0.0295, 0.0295, 0.0299, 1700]
['2019-03-27 12:52:00', 0.0299, 0.0299, 0.0299, 0.0299, 434]
['2019-03-27 12:51:00', 0.0297, 0.0295, 0.0295, 0.03, 2400]
['2019-03-27 12:50:00', 0.0295, 0.0296, 0.0295, 0.0296, 400]
['2019-03-27 12:49:00', 0.03, 0.0295, 0.0295, 0.03, 202]
['2019-03-27 12:47:00', 0.03, 0.03, 0.03, 0.03, 622]
['2019-03-27 12:46:00', 0.0295, 0.0295, 0.0295, 0.0299, 365]
['2019-03-27 12:45:00', 0.0297, 0.0297, 0.0297, 0.0297, 3075]
['2019-03-27 12:44:00', 0.0298, 0.0297, 0.0297, 0.0303, 460]
['2019-03-27 12:43:00', 0.0298, 0.0298, 0.0298, 0.0298, 100]
['2019-03-27 12:42:00', 0.0298, 0.0298, 0.0298, 0.0298, 350]
['2019-03-27 12:41:00', 0.0298, 0.0298, 0.0294, 0.0303, 4265]
['2019-03-27 12:40:00', 0.0294, 0.0294, 0.0294, 0.0294, 142]
['2019-03-27 12:39:00', 0.0294, 0.0294, 0.0294, 0.03, 17621]
['2019-03-27 12:38:00', 0.0298, 0.0298, 0.0293, 0.0299, 14800]
['2019-03-27 12:37:00', 0.0303, 0.0303, 0.0303, 0.0303, 338]
['2019-03-27 12:36:00', 0.0295, 0.0303, 0.0294, 0.0303, 748]
['2019-03-27 12:35:00', 0.0296, 0.0296, 0.0296, 0.0296, 180]
['2019-03-27 12:31:00', 0.0295, 0.0294, 0.0294, 0.0296, 3097]
['2019-03-27 12:30:00', 0.0294, 0.0294, 0.0294, 0.0294, 550]
['2019-03-27 12:28:00', 0.0295, 0.0296, 0.0294, 0.0296, 633]
['2019-03-27 12:27:00', 0.0294, 0.0294, 0.0294, 0.0294, 2701]
['2019-03-27 12:25:00', 0.0295, 0.0294, 0.0294, 0.0295, 1102]
['2019-03-27 12:24:00', 0.0295, 0.0296, 0.0293, 0.0296, 1300]
['2019-03-27 12:23:00', 0.0295, 0.0293, 0.0293, 0.0295, 3264]
['2019-03-27 12:22:00', 0.0293, 0.0293, 0.0293, 0.0293, 11000]
['2019-03-27 12:20:00', 0.0295, 0.0293, 0.0293, 0.0295, 4409]
['2019-03-27 12:19:00', 0.0295, 0.0293, 0.0293, 0.0295, 6567]
['2019-03-27 12:17:00', 0.0297, 0.0296, 0.0293, 0.0297, 7490]
['2019-03-27 12:16:00', 0.0297, 0.0297, 0.0297, 0.0297, 250]
['2019-03-27 12:15:00', 0.0297, 0.0297, 0.0297, 0.0297, 323]
['2019-03-27 12:14:00', 0.0297, 0.0297, 0.0297, 0.0297, 2385]
['2019-03-27 12:12:00', 0.0297, 0.0296, 0.0296, 0.0297, 435]
['2019-03-27 12:08:00', 0.0297, 0.0293, 0.0293, 0.0297, 1783]
['2019-03-27 12:06:00', 0.0296, 0.0293, 0.0293, 0.0297, 7700]
['2019-03-27 12:03:00', 0.0298, 0.0298, 0.0298, 0.0298, 2163]
['2019-03-27 12:01:00', 0.0298, 0.0303, 0.0298, 0.0303, 598]
['2019-03-27 12:00:00', 0.0293, 0.0293, 0.0293, 0.0298, 1980]
['2019-03-27 11:59:00', 0.0293, 0.0293, 0.0293, 0.0293, 1636]
['2019-03-27 11:58:00', 0.0293, 0.0293, 0.0293, 0.0293, 2100]
['2019-03-27 11:57:00', 0.0293, 0.0293, 0.0293, 0.0293, 7750]
['2019-03-27 11:56:00', 0.0293, 0.0293, 0.0293, 0.0293, 10950]
['2019-03-27 11:55:00', 0.0293, 0.0293, 0.0293, 0.0293, 7220]
['2019-03-27 11:54:00', 0.0295, 0.0293, 0.0293, 0.0295, 32345]
['2019-03-27 11:52:00', 0.0295, 0.0295, 0.0295, 0.0296, 4105]
['2019-03-27 11:51:00', 0.0295, 0.0295, 0.0295, 0.0295, 650]
['2019-03-27 11:50:00', 0.0297, 0.0295, 0.0295, 0.0297, 14286]
['2019-03-27 11:49:00', 0.0298, 0.0297, 0.0297, 0.0298, 329]
['2019-03-27 11:48:00', 0.0297, 0.0297, 0.0297, 0.0297, 278]
['2019-03-27 11:47:00', 0.0298, 0.0298, 0.0295, 0.0299, 12658]
['2019-03-27 11:46:00', 0.0295, 0.0295, 0.0295, 0.0298, 11005]
['2019-03-27 11:45:00', 0.0296, 0.0295, 0.0295, 0.0296, 10560]
['2019-03-27 11:44:00', 0.0296, 0.0295, 0.0295, 0.0296, 1107]
['2019-03-27 11:43:00', 0.0298, 0.0295, 0.0295, 0.0298, 250]
['2019-03-27 11:42:00', 0.0295, 0.0295, 0.0295, 0.0295, 518]
['2019-03-27 11:40:00', 0.0299, 0.0298, 0.0295, 0.0299, 2374]
['2019-03-27 11:39:00', 0.0295, 0.0295, 0.0295, 0.0299, 2170]
['2019-03-27 11:38:00', 0.0299, 0.0298, 0.0295, 0.0299, 5885]
['2019-03-27 11:37:00', 0.0298, 0.0298, 0.0298, 0.0298, 610]
['2019-03-27 11:36:00', 0.0299, 0.0295, 0.0295, 0.0299, 10219]
['2019-03-27 11:35:00', 0.0295, 0.0295, 0.0295, 0.0295, 110]
['2019-03-27 11:34:00', 0.0298, 0.0298, 0.0298, 0.0298, 168]
['2019-03-27 11:33:00', 0.0299, 0.0295, 0.0295, 0.0299, 12346]
['2019-03-27 11:32:00', 0.0295, 0.0295, 0.0295, 0.0295, 1103]
['2019-03-27 11:31:00', 0.0299, 0.0299, 0.0295, 0.0299, 1426]
['2019-03-27 11:30:00', 0.0299, 0.0295, 0.0295, 0.0299, 5440]
['2019-03-27 11:29:00', 0.0295, 0.0298, 0.0295, 0.0298, 3950]
['2019-03-27 11:28:00', 0.0299, 0.0299, 0.0299, 0.0299, 100]
['2019-03-27 11:27:00', 0.0295, 0.0295, 0.0295, 0.0295, 100]
['2019-03-27 11:26:00', 0.0295, 0.0295, 0.0293, 0.0295, 16916]
['2019-03-27 11:25:00', 0.0297, 0.0295, 0.0295, 0.0299, 21663]
['2019-03-27 11:23:00', 0.0299, 0.0299, 0.0299, 0.0299, 435]
['2019-03-27 11:22:00', 0.0297, 0.0299, 0.0297, 0.0299, 762]
['2019-03-27 11:21:00', 0.0295, 0.0295, 0.0295, 0.0298, 7881]
['2019-03-27 11:20:00', 0.0295, 0.0295, 0.0295, 0.0295, 1800]
['2019-03-27 11:19:00', 0.0295, 0.0295, 0.0295, 0.0295, 18767]
['2019-03-27 11:18:00', 0.0295, 0.0295, 0.0295, 0.0295, 2202]
['2019-03-27 11:16:00', 0.0299, 0.0295, 0.0295, 0.0299, 43586]
['2019-03-27 11:15:00', 0.0295, 0.0295, 0.0295, 0.0299, 4030]
['2019-03-27 11:14:00', 0.0297, 0.0296, 0.0295, 0.0297, 8626]
['2019-03-27 11:13:00', 0.0299, 0.0299, 0.0299, 0.0299, 452]
['2019-03-27 11:12:00', 0.0298, 0.0298, 0.0298, 0.0298, 100]
['2019-03-27 11:11:00', 0.0296, 0.0296, 0.0296, 0.0296, 220]
['2019-03-27 11:10:00', 0.03, 0.0298, 0.0296, 0.03, 8590]
['2019-03-27 11:09:00', 0.03, 0.03, 0.0295, 0.0307, 114375]
['2019-03-27 11:08:00', 0.0297, 0.0297, 0.0297, 0.0297, 1405]
['2019-03-27 11:07:00', 0.0296, 0.0296, 0.0296, 0.0303, 8725]
['2019-03-27 11:06:00', 0.03, 0.03, 0.0296, 0.0303, 24264]
['2019-03-27 11:05:00', 0.0303, 0.03, 0.0299, 0.0303, 4769]
['2019-03-27 11:04:00', 0.03, 0.0298, 0.0298, 0.0303, 5765]
['2019-03-27 11:03:00', 0.0296, 0.0305, 0.0296, 0.0305, 6730]
['2019-03-27 11:02:00', 0.0299, 0.0299, 0.0296, 0.0299, 15582]
['2019-03-27 11:01:00', 0.0298, 0.0298, 0.0296, 0.0299, 12431]
['2019-03-27 11:00:00', 0.0297, 0.0299, 0.0293, 0.0299, 1413]
['2019-03-27 10:59:00', 0.0293, 0.0294, 0.0291, 0.0298, 22374]
['2019-03-27 10:58:00', 0.0293, 0.0296, 0.0291, 0.0296, 21501]
['2019-03-27 10:57:00', 0.0293, 0.0293, 0.0293, 0.0293, 2500]
['2019-03-27 10:56:00', 0.0296, 0.0293, 0.0292, 0.0296, 32477]
['2019-03-27 10:55:00', 0.0293, 0.0296, 0.029, 0.0298, 22943]
['2019-03-27 10:54:00', 0.0293, 0.0293, 0.029, 0.0298, 13824]
['2019-03-27 10:53:00', 0.0299, 0.0298, 0.0293, 0.0299, 15848]
['2019-03-27 10:52:00', 0.0298, 0.0299, 0.029, 0.0299, 24389]
['2019-03-27 10:51:00', 0.029, 0.0297, 0.0288, 0.0299, 30395]
['2019-03-27 10:50:00', 0.0317, 0.0296, 0.028, 0.0317, 385263]
['2019-03-27 10:48:00', 0.0318, 0.0321, 0.0317, 0.0321, 1050]
['2019-03-27 10:45:00', 0.0323, 0.0323, 0.0323, 0.0323, 100]
['2019-03-27 10:44:00', 0.0317, 0.0317, 0.0317, 0.0317, 112]
['2019-03-27 10:43:00', 0.0317, 0.0317, 0.0317, 0.0317, 280]
['2019-03-27 10:42:00', 0.0318, 0.0317, 0.0317, 0.0323, 856]
['2019-03-27 10:41:00', 0.0317, 0.0317, 0.0317, 0.032, 2200]
['2019-03-27 10:40:00', 0.0317, 0.0317, 0.0317, 0.0318, 3610]
['2019-03-27 10:39:00', 0.0323, 0.0317, 0.0317, 0.0323, 878]
['2019-03-27 10:38:00', 0.0317, 0.0317, 0.0317, 0.0317, 1481]
['2019-03-27 10:37:00', 0.0317, 0.0317, 0.0317, 0.0317, 200]
['2019-03-27 10:36:00', 0.0317, 0.0317, 0.0317, 0.0317, 200]
['2019-03-27 10:35:00', 0.0317, 0.0317, 0.0317, 0.0323, 5700]
['2019-03-27 10:34:00', 0.0323, 0.0317, 0.0317, 0.0323, 17280]
['2019-03-27 10:33:00', 0.0317, 0.0317, 0.0317, 0.0317, 2815]
['2019-03-27 10:32:00', 0.0317, 0.0317, 0.0317, 0.0317, 243]
['2019-03-27 10:31:00', 0.0321, 0.0317, 0.0317, 0.0321, 1905]
['2019-03-27 10:30:00', 0.0325, 0.0317, 0.0317, 0.0326, 3935]
['2019-03-27 10:29:00', 0.0317, 0.032, 0.0317, 0.032, 485]
['2019-03-27 10:28:00', 0.032, 0.032, 0.0317, 0.032, 10386]
['2019-03-27 10:27:00', 0.032, 0.032, 0.032, 0.032, 6075]
['2019-03-27 10:26:00', 0.032, 0.032, 0.032, 0.032, 16610]
['2019-03-27 10:25:00', 0.032, 0.032, 0.032, 0.032, 830]
['2019-03-27 10:24:00', 0.0321, 0.032, 0.032, 0.0326, 9600]
['2019-03-27 10:23:00', 0.032, 0.032, 0.032, 0.0321, 825]
['2019-03-27 10:22:00', 0.032, 0.0326, 0.032, 0.0326, 975]
['2019-03-27 10:21:00', 0.0321, 0.0326, 0.032, 0.0326, 1750]
['2019-03-27 10:20:00', 0.032, 0.0326, 0.032, 0.0326, 3906]
['2019-03-27 10:19:00', 0.0327, 0.0327, 0.0327, 0.0327, 127]
['2019-03-27 10:18:00', 0.0323, 0.032, 0.032, 0.0327, 12805]
['2019-03-27 10:17:00', 0.0323, 0.0323, 0.0323, 0.0326, 3210]
['2019-03-27 10:16:00', 0.0323, 0.0323, 0.0323, 0.0323, 1005]
['2019-03-27 10:15:00', 0.0323, 0.0326, 0.0323, 0.0326, 1274]
['2019-03-27 10:12:00', 0.0325, 0.0325, 0.0325, 0.0325, 312]
['2019-03-27 10:11:00', 0.0327, 0.0323, 0.0323, 0.0327, 7731]
['2019-03-27 10:10:00', 0.0327, 0.0327, 0.0327, 0.0327, 205]
['2019-03-27 10:09:00', 0.0327, 0.0323, 0.0323, 0.0327, 13316]
['2019-03-27 10:08:00', 0.0324, 0.0327, 0.0323, 0.0327, 8649]
['2019-03-27 10:07:00', 0.0324, 0.0324, 0.0324, 0.0324, 1701]
['2019-03-27 10:05:00', 0.0327, 0.0323, 0.0323, 0.0327, 70282]
['2019-03-27 10:04:00', 0.0327, 0.0327, 0.0327, 0.0329, 3100]
['2019-03-27 10:03:00', 0.0329, 0.0327, 0.0327, 0.0329, 5400]
['2019-03-27 10:02:00', 0.0328, 0.0333, 0.0328, 0.0333, 1868]
['2019-03-27 10:01:00', 0.0332, 0.0332, 0.0332, 0.0332, 300]
['2019-03-27 10:00:00', 0.0327, 0.0327, 0.0327, 0.0327, 11100]
['2019-03-27 09:59:00', 0.0333, 0.0333, 0.0333, 0.0333, 556]
['2019-03-27 09:58:00', 0.0333, 0.0333, 0.0333, 0.0333, 319]
['2019-03-27 09:57:00', 0.0327, 0.0327, 0.0327, 0.0333, 6202]
['2019-03-27 09:56:00', 0.0333, 0.0327, 0.0327, 0.0333, 1309]
['2019-03-27 09:55:00', 0.0327, 0.0333, 0.0327, 0.0333, 8654]
['2019-03-27 09:54:00', 0.0332, 0.033, 0.0327, 0.0333, 1675]
['2019-03-27 09:53:00', 0.0333, 0.033, 0.033, 0.0333, 10444]
['2019-03-27 09:52:00', 0.0332, 0.0331, 0.0331, 0.0332, 650]
['2019-03-27 09:51:00', 0.0335, 0.0327, 0.0327, 0.034, 1580]
['2019-03-27 09:50:00', 0.0333, 0.0327, 0.0327, 0.0333, 2503]
['2019-03-27 09:49:00', 0.034, 0.0333, 0.0327, 0.034, 2074]
['2019-03-27 09:48:00', 0.0333, 0.0329, 0.0327, 0.0333, 6535]
['2019-03-27 09:47:00', 0.0333, 0.0333, 0.0327, 0.034, 7766]
['2019-03-27 09:46:00', 0.034, 0.0333, 0.0327, 0.034, 27262]
['2019-03-27 09:45:00', 0.0337, 0.034, 0.0337, 0.034, 338]
['2019-03-27 09:44:00', 0.0333, 0.0329, 0.0321, 0.0333, 3407]
['2019-03-27 09:43:00', 0.0337, 0.033, 0.033, 0.034, 1943]
['2019-03-27 09:42:00', 0.0323, 0.0333, 0.0321, 0.0349, 120710]
['2019-03-27 09:41:00', 0.0321, 0.0321, 0.0321, 0.0323, 10400]
['2019-03-27 09:40:00', 0.0323, 0.0323, 0.0321, 0.0323, 466]
['2019-03-27 09:39:00', 0.0323, 0.0321, 0.0321, 0.0323, 16532]
['2019-03-27 09:38:00', 0.032, 0.0323, 0.032, 0.0323, 1485]
['2019-03-27 09:37:00', 0.032, 0.0327, 0.032, 0.0327, 9283]
['2019-03-27 09:36:00', 0.0326, 0.032, 0.032, 0.0327, 2363]
['2019-03-27 09:35:00', 0.0315, 0.0314, 0.0314, 0.0315, 2114]
['2019-03-27 09:34:00', 0.0333, 0.0314, 0.0314, 0.0333, 5872]
['2019-03-27 09:33:00', 0.0327, 0.0322, 0.032, 0.0333, 37126]
['2019-03-27 09:32:00', 0.0314, 0.032, 0.0314, 0.033, 26568]
['2019-03-27 09:31:00', 0.0317, 0.0314, 0.0314, 0.0327, 341497]
['2019-03-26 16:00:00', 0.0319, 0.0319, 0.0319, 0.0319, 2376]
['2019-03-26 15:59:00', 0.0323, 0.0323, 0.0323, 0.0323, 4280]
['2019-03-26 15:58:00', 0.0318, 0.0318, 0.0318, 0.0318, 17504]
['2019-03-26 15:57:00', 0.0323, 0.032, 0.032, 0.0323, 64850]
['2019-03-26 15:56:00', 0.0323, 0.0323, 0.0323, 0.0323, 3406]
['2019-03-26 15:55:00', 0.0323, 0.0323, 0.0323, 0.0323, 11977]
['2019-03-26 15:54:00', 0.0327, 0.0323, 0.0323, 0.0327, 10067]
['2019-03-26 15:53:00', 0.0323, 0.0323, 0.0323, 0.0323, 4961]
['2019-03-26 15:52:00', 0.0327, 0.0327, 0.0327, 0.0327, 6359]
['2019-03-26 15:51:00', 0.0323, 0.0323, 0.0323, 0.0323, 1317]
['2019-03-26 15:49:00', 0.0325, 0.0326, 0.0325, 0.0327, 21824]
['2019-03-26 15:48:00', 0.0325, 0.0325, 0.0325, 0.0325, 4567]
['2019-03-26 15:47:00', 0.0325, 0.0326, 0.0325, 0.0326, 2581]
['2019-03-26 15:46:00', 0.0326, 0.0326, 0.0326, 0.0326, 8912]
['2019-03-26 15:44:00', 0.0325, 0.0326, 0.0325, 0.0326, 6959]
['2019-03-26 15:42:00', 0.0325, 0.0325, 0.0325, 0.0325, 2165]
['2019-03-26 15:41:00', 0.0327, 0.0327, 0.0327, 0.0327, 2730]
['2019-03-26 15:38:00', 0.0327, 0.0324, 0.0324, 0.0327, 5397]
['2019-03-26 15:35:00', 0.0327, 0.0327, 0.0327, 0.0327, 3976]
['2019-03-26 15:34:00', 0.0327, 0.0328, 0.0327, 0.0328, 10143]
['2019-03-26 15:33:00', 0.0328, 0.0328, 0.0328, 0.0328, 480]
['2019-03-26 15:32:00', 0.0328, 0.0328, 0.0328, 0.0328, 1001]
['2019-03-26 15:31:00', 0.0325, 0.0328, 0.0325, 0.0328, 23050]
['2019-03-26 15:30:00', 0.0329, 0.0329, 0.0329, 0.0329, 200]
['2019-03-26 15:28:00', 0.0325, 0.0329, 0.0325, 0.0329, 5015]
['2019-03-26 15:27:00', 0.0327, 0.0327, 0.0327, 0.0327, 540]
['2019-03-26 15:25:00', 0.0326, 0.0327, 0.0326, 0.0327, 3449]
['2019-03-26 15:24:00', 0.0325, 0.0327, 0.0325, 0.0327, 42174]
['2019-03-26 15:23:00', 0.0327, 0.0327, 0.0327, 0.0327, 14703]
['2019-03-26 15:22:00', 0.0328, 0.0328, 0.0328, 0.0328, 1693]
['2019-03-26 15:20:00', 0.0327, 0.0327, 0.0327, 0.0327, 1305]
['2019-03-26 15:17:00', 0.0328, 0.0328, 0.0328, 0.0328, 1214]
['2019-03-26 15:16:00', 0.0327, 0.0327, 0.0327, 0.0327, 3500]
['2019-03-26 15:15:00', 0.0328, 0.0327, 0.0327, 0.0328, 14804]
['2019-03-26 15:14:00', 0.0328, 0.0328, 0.0328, 0.0328, 3115]
['2019-03-26 15:12:00', 0.0327, 0.0329, 0.0327, 0.0329, 4505]
['2019-03-26 15:10:00', 0.0328, 0.0327, 0.0327, 0.0328, 8348]
['2019-03-26 15:09:00', 0.0329, 0.0329, 0.0329, 0.0329, 581]
['2019-03-26 15:08:00', 0.0328, 0.0328, 0.0328, 0.0328, 600]
['2019-03-26 15:06:00', 0.0328, 0.0328, 0.0328, 0.0328, 4062]
['2019-03-26 15:04:00', 0.0329, 0.0329, 0.0329, 0.0329, 2029]
['2019-03-26 15:03:00', 0.033, 0.0329, 0.0329, 0.033, 2115]
['2019-03-26 14:59:00', 0.033, 0.033, 0.033, 0.033, 3121]
['2019-03-26 14:56:00', 0.033, 0.0328, 0.0328, 0.033, 21160]
['2019-03-26 14:55:00', 0.0329, 0.0327, 0.0327, 0.0329, 7708]
['2019-03-26 14:54:00', 0.0329, 0.0329, 0.0329, 0.0329, 12400]
['2019-03-26 14:52:00', 0.0331, 0.0331, 0.0331, 0.0331, 575]
['2019-03-26 14:48:00', 0.033, 0.033, 0.033, 0.033, 535]
['2019-03-26 14:46:00', 0.0332, 0.0332, 0.0332, 0.0332, 4925]
['2019-03-26 14:41:00', 0.0333, 0.0333, 0.0333, 0.0333, 440]
['2019-03-26 14:37:00', 0.0327, 0.0327, 0.0327, 0.0327, 1349]
['2019-03-26 14:36:00', 0.0332, 0.0332, 0.0332, 0.0332, 728]
['2019-03-26 14:35:00', 0.0333, 0.0333, 0.0333, 0.0333, 3900]
['2019-03-26 14:33:00', 0.0327, 0.0327, 0.0327, 0.0327, 20300]
['2019-03-26 14:31:00', 0.0331, 0.0331, 0.0331, 0.0331, 130]
['2019-03-26 14:30:00', 0.033, 0.033, 0.033, 0.033, 1550]
['2019-03-26 14:26:00', 0.0325, 0.0327, 0.0325, 0.0327, 23907]
['2019-03-26 14:25:00', 0.0326, 0.0326, 0.0326, 0.0326, 15151]
['2019-03-26 14:24:00', 0.0332, 0.0332, 0.0332, 0.0332, 6978]
['2019-03-26 14:23:00', 0.0324, 0.0324, 0.0324, 0.0324, 2430]
['2019-03-26 14:22:00', 0.0325, 0.0325, 0.0325, 0.0325, 3656]
['2019-03-26 14:19:00', 0.0327, 0.0325, 0.0325, 0.0327, 42697]
['2019-03-26 14:18:00', 0.0327, 0.0327, 0.0327, 0.0327, 4289]
['2019-03-26 14:17:00', 0.0327, 0.0327, 0.0327, 0.0327, 1991]
['2019-03-26 14:15:00', 0.033, 0.0327, 0.0327, 0.033, 14865]
['2019-03-26 14:14:00', 0.033, 0.0329, 0.0329, 0.033, 12741]
['2019-03-26 14:13:00', 0.0329, 0.0329, 0.0329, 0.0329, 8370]
['2019-03-26 14:12:00', 0.033, 0.033, 0.033, 0.033, 3110]
['2019-03-26 14:07:00', 0.0332, 0.0331, 0.0331, 0.0332, 2725]
['2019-03-26 14:05:00', 0.0332, 0.0332, 0.0332, 0.0332, 880]
['2019-03-26 14:03:00', 0.0331, 0.0331, 0.0331, 0.0331, 520]
['2019-03-26 14:00:00', 0.0332, 0.0329, 0.0329, 0.0332, 9929]
['2019-03-26 13:56:00', 0.0329, 0.0329, 0.0329, 0.0329, 777]
['2019-03-26 13:55:00', 0.0331, 0.0331, 0.0331, 0.0331, 2230]
['2019-03-26 13:54:00', 0.0332, 0.0332, 0.0332, 0.0332, 152]
['2019-03-26 13:53:00', 0.0331, 0.0331, 0.0331, 0.0331, 5475]
['2019-03-26 13:52:00', 0.0332, 0.0332, 0.0332, 0.0332, 900]
['2019-03-26 13:49:00', 0.0332, 0.0332, 0.0332, 0.0332, 2868]
['2019-03-26 13:47:00', 0.0332, 0.0332, 0.0332, 0.0332, 3500]
['2019-03-26 13:46:00', 0.0332, 0.0332, 0.0332, 0.0332, 300]
['2019-03-26 13:44:00', 0.0332, 0.0332, 0.0332, 0.0332, 4442]
['2019-03-26 13:42:00', 0.0333, 0.0333, 0.0333, 0.0333, 1080]
['2019-03-26 13:41:00', 0.0332, 0.0332, 0.0332, 0.0332, 500]
['2019-03-26 13:40:00', 0.0329, 0.0329, 0.0329, 0.0329, 4702]
['2019-03-26 13:39:00', 0.0331, 0.0331, 0.0331, 0.0331, 1509]
['2019-03-26 13:37:00', 0.033, 0.033, 0.033, 0.033, 1225]
['2019-03-26 13:34:00', 0.0332, 0.0332, 0.0332, 0.0332, 601]
['2019-03-26 13:33:00', 0.0332, 0.0332, 0.0332, 0.0332, 2208]
['2019-03-26 13:31:00', 0.0332, 0.0332, 0.0332, 0.0332, 1330]
['2019-03-26 13:30:00', 0.0332, 0.0332, 0.0332, 0.0332, 4950]
['2019-03-26 13:29:00', 0.0331, 0.0331, 0.0331, 0.0331, 1250]
['2019-03-26 13:27:00', 0.033, 0.033, 0.033, 0.033, 716]
['2019-03-26 13:26:00', 0.033, 0.033, 0.033, 0.033, 7550]
['2019-03-26 13:25:00', 0.0333, 0.0333, 0.0333, 0.0333, 1412]
['2019-03-26 13:24:00', 0.0333, 0.0333, 0.0333, 0.0333, 1155]
['2019-03-26 13:23:00', 0.0333, 0.0333, 0.0333, 0.0333, 4208]
['2019-03-26 13:22:00', 0.033, 0.033, 0.033, 0.033, 2702]
['2019-03-26 13:21:00', 0.0329, 0.0329, 0.0329, 0.0329, 1900]
['2019-03-26 13:19:00', 0.0329, 0.0329, 0.0329, 0.0329, 139]
['2019-03-26 13:18:00', 0.0329, 0.0329, 0.0329, 0.0329, 533]
['2019-03-26 13:17:00', 0.0329, 0.0329, 0.0329, 0.0329, 12006]
['2019-03-26 13:16:00', 0.0332, 0.0332, 0.0332, 0.0332, 953]
['2019-03-26 13:15:00', 0.0331, 0.0331, 0.0331, 0.0331, 130]
['2019-03-26 13:10:00', 0.0332, 0.0332, 0.0332, 0.0332, 3682]
['2019-03-26 13:08:00', 0.0333, 0.0333, 0.0333, 0.0333, 1508]
['2019-03-26 13:04:00', 0.0331, 0.0331, 0.0331, 0.0331, 362]
['2019-03-26 13:03:00', 0.0333, 0.0333, 0.0333, 0.0333, 1040]
['2019-03-26 13:01:00', 0.0333, 0.0333, 0.0333, 0.0333, 5032]
['2019-03-26 13:00:00', 0.0333, 0.0333, 0.0333, 0.0333, 1453]
['2019-03-26 12:59:00', 0.0333, 0.0333, 0.0333, 0.0333, 680]
['2019-03-26 12:58:00', 0.0333, 0.0333, 0.0333, 0.0333, 1247]
['2019-03-26 12:57:00', 0.0329, 0.0333, 0.0329, 0.0333, 12050]
['2019-03-26 12:56:00', 0.033, 0.033, 0.033, 0.033, 7889]
['2019-03-26 12:55:00', 0.033, 0.033, 0.033, 0.033, 500]
['2019-03-26 12:54:00', 0.033, 0.033, 0.033, 0.033, 2524]
['2019-03-26 12:53:00', 0.0331, 0.0331, 0.0331, 0.0331, 488]
['2019-03-26 12:52:00', 0.033, 0.033, 0.033, 0.033, 2940]
['2019-03-26 12:49:00', 0.0331, 0.0331, 0.0331, 0.0331, 1304]
['2019-03-26 12:47:00', 0.0327, 0.033, 0.0327, 0.033, 26820]
['2019-03-26 12:46:00', 0.0329, 0.0329, 0.0329, 0.0329, 10600]
['2019-03-26 12:45:00', 0.0329, 0.0329, 0.0329, 0.0329, 2997]
['2019-03-26 12:44:00', 0.0328, 0.0328, 0.0328, 0.0328, 120]
['2019-03-26 12:42:00', 0.0329, 0.0327, 0.0327, 0.0329, 44970]
['2019-03-26 12:36:00', 0.0329, 0.0329, 0.0329, 0.0329, 2101]
['2019-03-26 12:35:00', 0.0329, 0.0329, 0.0329, 0.0329, 2592]
['2019-03-26 12:33:00', 0.0331, 0.0331, 0.0331, 0.0331, 214]
['2019-03-26 12:30:00', 0.0331, 0.0331, 0.0331, 0.0331, 4741]
['2019-03-26 12:29:00', 0.0331, 0.0331, 0.0331, 0.0331, 445]
['2019-03-26 12:28:00', 0.0331, 0.0331, 0.0331, 0.0331, 100]
['2019-03-26 12:24:00', 0.033, 0.0329, 0.0329, 0.033, 3072]
['2019-03-26 12:23:00', 0.033, 0.033, 0.033, 0.033, 1520]
['2019-03-26 12:21:00', 0.0331, 0.0331, 0.0331, 0.0331, 4864]
['2019-03-26 12:20:00', 0.0331, 0.0331, 0.0331, 0.0331, 740]
['2019-03-26 12:18:00', 0.0329, 0.0329, 0.0329, 0.0329, 10700]
['2019-03-26 12:17:00', 0.0331, 0.0331, 0.0331, 0.0331, 1200]
['2019-03-26 12:16:00', 0.0329, 0.0329, 0.0329, 0.0329, 275]
['2019-03-26 12:15:00', 0.033, 0.033, 0.033, 0.033, 1910]
['2019-03-26 12:14:00', 0.0329, 0.0329, 0.0329, 0.0329, 1057]
['2019-03-26 12:10:00', 0.0329, 0.0329, 0.0329, 0.0329, 739]
['2019-03-26 12:09:00', 0.0331, 0.0331, 0.0331, 0.0331, 20475]
['2019-03-26 12:07:00', 0.033, 0.033, 0.033, 0.033, 8625]
['2019-03-26 12:06:00', 0.0331, 0.0331, 0.0331, 0.0331, 6778]
['2019-03-26 12:03:00', 0.0331, 0.0331, 0.0331, 0.0331, 9400]
['2019-03-26 12:01:00', 0.0332, 0.0332, 0.0332, 0.0332, 1981]
['2019-03-26 12:00:00', 0.0332, 0.0332, 0.0332, 0.0332, 1699]
['2019-03-26 11:58:00', 0.0332, 0.0332, 0.0332, 0.0332, 1140]
['2019-03-26 11:57:00', 0.0332, 0.0332, 0.0332, 0.0332, 290]
['2019-03-26 11:56:00', 0.0332, 0.0332, 0.0332, 0.0332, 2825]
['2019-03-26 11:54:00', 0.0332, 0.0332, 0.0332, 0.0332, 3990]
['2019-03-26 11:52:00', 0.0332, 0.0332, 0.0332, 0.0332, 2487]
['2019-03-26 11:49:00', 0.0333, 0.0332, 0.0332, 0.0333, 31500]
['2019-03-26 11:47:00', 0.0331, 0.0331, 0.0331, 0.0331, 12778]
['2019-03-26 11:46:00', 0.0332, 0.0331, 0.0331, 0.0332, 21136]
['2019-03-26 11:45:00', 0.0333, 0.0332, 0.0331, 0.0333, 14778]
['2019-03-26 11:43:00', 0.0331, 0.0331, 0.0331, 0.0331, 1270]
['2019-03-26 11:42:00', 0.0333, 0.0333, 0.0333, 0.0333, 104]
['2019-03-26 11:41:00', 0.0333, 0.0333, 0.0333, 0.0333, 2350]
['2019-03-26 11:39:00', 0.0331, 0.0331, 0.0331, 0.0331, 2210]
['2019-03-26 11:38:00', 0.0331, 0.0332, 0.0331, 0.0332, 9173]
['2019-03-26 11:36:00', 0.0336, 0.0335, 0.0335, 0.0336, 2740]
['2019-03-26 11:35:00', 0.0337, 0.0337, 0.0337, 0.0337, 1775]
['2019-03-26 11:32:00', 0.0337, 0.0335, 0.0335, 0.0337, 335]
['2019-03-26 11:30:00', 0.0337, 0.0337, 0.0337, 0.0337, 360]
['2019-03-26 11:29:00', 0.034, 0.034, 0.034, 0.034, 1078]
['2019-03-26 11:27:00', 0.0338, 0.0338, 0.0338, 0.0338, 1050]
['2019-03-26 11:25:00', 0.0332, 0.0331, 0.0331, 0.0332, 20850]
['2019-03-26 11:24:00', 0.0333, 0.0333, 0.0333, 0.0333, 1749]
['2019-03-26 11:22:00', 0.0333, 0.0333, 0.0333, 0.0333, 15907]
['2019-03-26 11:21:00', 0.0334, 0.0334, 0.0334, 0.0334, 7212]
['2019-03-26 11:20:00', 0.0337, 0.0337, 0.0337, 0.0337, 1100]
['2019-03-26 11:18:00', 0.0337, 0.0337, 0.0337, 0.0337, 1100]
['2019-03-26 11:17:00', 0.0334, 0.0334, 0.0334, 0.0334, 5136]
['2019-03-26 11:15:00', 0.0334, 0.0334, 0.0334, 0.0334, 7056]
['2019-03-26 11:12:00', 0.0339, 0.0339, 0.0339, 0.0339, 705]
['2019-03-26 11:10:00', 0.0333, 0.0333, 0.0333, 0.0333, 31898]
['2019-03-26 11:09:00', 0.0334, 0.0334, 0.0334, 0.0334, 5062]
['2019-03-26 11:06:00', 0.0333, 0.0333, 0.0333, 0.0333, 355]
['2019-03-26 11:05:00', 0.0333, 0.0333, 0.0333, 0.0333, 3220]
['2019-03-26 11:03:00', 0.0333, 0.0332, 0.0332, 0.0333, 7050]
['2019-03-26 11:02:00', 0.0333, 0.0334, 0.0333, 0.0334, 20349]
['2019-03-26 11:01:00', 0.0332, 0.0332, 0.0332, 0.0332, 512]
['2019-03-26 11:00:00', 0.0332, 0.0332, 0.0332, 0.0332, 3165]
['2019-03-26 10:58:00', 0.0332, 0.0332, 0.0332, 0.0332, 529]
['2019-03-26 10:57:00', 0.0332, 0.0332, 0.0332, 0.0332, 334]
['2019-03-26 10:55:00', 0.0332, 0.0332, 0.0332, 0.0332, 5034]
['2019-03-26 10:53:00', 0.0331, 0.0331, 0.0331, 0.0331, 1001]
['2019-03-26 10:52:00', 0.0331, 0.0331, 0.0331, 0.0331, 26285]
['2019-03-26 10:50:00', 0.0331, 0.0331, 0.0331, 0.0331, 891]
['2019-03-26 10:48:00', 0.0331, 0.0331, 0.0331, 0.0331, 6430]
['2019-03-26 10:47:00', 0.0331, 0.0331, 0.0331, 0.0331, 7425]
['2019-03-26 10:46:00', 0.033, 0.033, 0.033, 0.033, 13100]
['2019-03-26 10:45:00', 0.0331, 0.0331, 0.0331, 0.0331, 15251]
['2019-03-26 10:43:00', 0.033, 0.0333, 0.033, 0.0333, 4701]
['2019-03-26 10:42:00', 0.0329, 0.0331, 0.0329, 0.0331, 10159]
['2019-03-26 10:40:00', 0.0332, 0.0329, 0.0329, 0.0332, 13094]
['2019-03-26 10:38:00', 0.033, 0.033, 0.033, 0.033, 15560]
['2019-03-26 10:37:00', 0.0329, 0.0329, 0.0329, 0.0329, 1820]
['2019-03-26 10:36:00', 0.0332, 0.0332, 0.0332, 0.0332, 2608]
['2019-03-26 10:35:00', 0.033, 0.033, 0.033, 0.033, 2835]
['2019-03-26 10:33:00', 0.0329, 0.0329, 0.0329, 0.0329, 4009]
['2019-03-26 10:32:00', 0.033, 0.033, 0.033, 0.033, 4090]
['2019-03-26 10:30:00', 0.0333, 0.0333, 0.0333, 0.0333, 5685]
['2019-03-26 10:28:00', 0.0328, 0.0328, 0.0328, 0.0328, 4308]
['2019-03-26 10:27:00', 0.0327, 0.0328, 0.0327, 0.0328, 20912]
['2019-03-26 10:26:00', 0.0327, 0.0328, 0.0327, 0.0328, 39680]
['2019-03-26 10:25:00', 0.0333, 0.0331, 0.0331, 0.0333, 109330]
['2019-03-26 10:24:00', 0.0336, 0.0333, 0.0333, 0.0336, 44163]
['2019-03-26 10:23:00', 0.0337, 0.0337, 0.0337, 0.0337, 3740]
['2019-03-26 10:22:00', 0.0344, 0.034, 0.034, 0.0344, 220685]
['2019-03-26 10:21:00', 0.0346, 0.0344, 0.0344, 0.0346, 16734]
['2019-03-26 10:20:00', 0.0344, 0.0344, 0.0344, 0.0344, 6369]
['2019-03-26 10:19:00', 0.0347, 0.0347, 0.0347, 0.0347, 8221]
['2019-03-26 10:18:00', 0.0349, 0.0349, 0.0349, 0.0349, 1453]
['2019-03-26 10:16:00', 0.0344, 0.0344, 0.0344, 0.0344, 2126]
['2019-03-26 10:14:00', 0.0349, 0.0349, 0.0349, 0.0349, 2546]
['2019-03-26 10:13:00', 0.0347, 0.0347, 0.0347, 0.0347, 2145]
['2019-03-26 10:12:00', 0.0347, 0.0349, 0.0347, 0.0349, 39231]
['2019-03-26 10:11:00', 0.0346, 0.0346, 0.0346, 0.0346, 1720]
['2019-03-26 10:10:00', 0.0346, 0.0346, 0.0346, 0.0346, 2547]
['2019-03-26 10:09:00', 0.0343, 0.0343, 0.0343, 0.0343, 7148]
['2019-03-26 10:08:00', 0.0343, 0.0343, 0.0343, 0.0343, 9744]
['2019-03-26 10:06:00', 0.0343, 0.0343, 0.0343, 0.0343, 956]
['2019-03-26 10:05:00', 0.0345, 0.0343, 0.0343, 0.0345, 39640]
['2019-03-26 10:03:00', 0.0344, 0.0344, 0.0344, 0.0344, 1055]
['2019-03-26 10:02:00', 0.0344, 0.0344, 0.0344, 0.0344, 2727]
['2019-03-26 10:01:00', 0.0346, 0.0346, 0.0346, 0.0346, 29574]
['2019-03-26 10:00:00', 0.0344, 0.0344, 0.0344, 0.0344, 12875]
['2019-03-26 09:58:00', 0.0344, 0.0344, 0.0344, 0.0344, 2510]
['2019-03-26 09:57:00', 0.0347, 0.0344, 0.0344, 0.0347, 13441]
['2019-03-26 09:56:00', 0.0347, 0.0347, 0.0347, 0.0347, 19440]
['2019-03-26 09:55:00', 0.0348, 0.0347, 0.0347, 0.0348, 44530]
['2019-03-26 09:53:00', 0.0349, 0.0348, 0.0348, 0.0349, 13785]
['2019-03-26 09:52:00', 0.0352, 0.0352, 0.0352, 0.0352, 3250]
['2019-03-26 09:51:00', 0.0352, 0.0352, 0.0352, 0.0352, 9807]
['2019-03-26 09:50:00', 0.0352, 0.0352, 0.0352, 0.0352, 29338]
['2019-03-26 09:49:00', 0.035, 0.0353, 0.035, 0.0353, 11890]
['2019-03-26 09:48:00', 0.035, 0.035, 0.035, 0.035, 4424]
['2019-03-26 09:47:00', 0.0349, 0.0349, 0.0349, 0.0349, 3687]
['2019-03-26 09:46:00', 0.0356, 0.035, 0.035, 0.0356, 38819]
['2019-03-26 09:45:00', 0.0354, 0.0353, 0.0353, 0.0354, 51894]
['2019-03-26 09:44:00', 0.0349, 0.0354, 0.0349, 0.0355, 79213]
['2019-03-26 09:43:00', 0.0351, 0.0351, 0.0351, 0.0353, 65554]
['2019-03-26 09:42:00', 0.035, 0.0351, 0.035, 0.0351, 45788]
['2019-03-26 09:40:00', 0.0351, 0.0351, 0.0351, 0.0351, 2047]
['2019-03-26 09:39:00', 0.0348, 0.0348, 0.0348, 0.0348, 5554]
['2019-03-26 09:38:00', 0.0351, 0.0348, 0.0348, 0.0351, 10105]
['2019-03-26 09:37:00', 0.0348, 0.0348, 0.0348, 0.0348, 20409]
['2019-03-26 09:36:00', 0.035, 0.035, 0.035, 0.035, 10036]
['2019-03-26 09:35:00', 0.0348, 0.0348, 0.0348, 0.0348, 13172]
['2019-03-26 09:34:00', 0.0347, 0.0347, 0.0347, 0.0347, 31465]
['2019-03-26 09:33:00', 0.0343, 0.035, 0.0343, 0.035, 160787]
['2019-03-26 09:32:00', 0.0342, 0.0342, 0.0342, 0.0342, 23022]
['2019-03-26 09:31:00', 0.0342, 0.0342, 0.0342, 0.0342, 73892]
['2019-03-25 16:00:00', 0.0336, 0.0336, 0.0336, 0.0336, 38676]
['2019-03-25 15:58:00', 0.0335, 0.0335, 0.0332, 0.0335, 44819]
['2019-03-25 15:57:00', 0.0335, 0.0335, 0.0335, 0.0335, 14559]
['2019-03-25 15:56:00', 0.0334, 0.0334, 0.0334, 0.0334, 13764]
['2019-03-25 15:54:00', 0.0338, 0.0335, 0.0335, 0.0338, 1082]
['2019-03-25 15:53:00', 0.0335, 0.0335, 0.0335, 0.0335, 16135]
['2019-03-25 15:52:00', 0.0338, 0.0338, 0.0338, 0.0338, 7053]
['2019-03-25 15:50:00', 0.0335, 0.0335, 0.0335, 0.0335, 4126]
['2019-03-25 15:48:00', 0.0335, 0.0335, 0.0335, 0.0338, 27915]
['2019-03-25 15:46:00', 0.0335, 0.0335, 0.0335, 0.0335, 6532]
['2019-03-25 15:44:00', 0.0335, 0.0335, 0.0335, 0.0335, 5934]
['2019-03-25 15:43:00', 0.0336, 0.0335, 0.0335, 0.0336, 8355]
['2019-03-25 15:42:00', 0.0336, 0.0336, 0.0336, 0.0336, 7929]
['2019-03-25 15:41:00', 0.0336, 0.0336, 0.0336, 0.0336, 324]
['2019-03-25 15:40:00', 0.0336, 0.0336, 0.0336, 0.0336, 5560]
['2019-03-25 15:39:00', 0.0338, 0.0338, 0.0338, 0.0338, 2241]
['2019-03-25 15:38:00', 0.0338, 0.0338, 0.0338, 0.0338, 2023]
['2019-03-25 15:37:00', 0.0334, 0.0334, 0.0334, 0.0334, 4733]
['2019-03-25 15:34:00', 0.0339, 0.0339, 0.0339, 0.0339, 360]
['2019-03-25 15:32:00', 0.0334, 0.0334, 0.0334, 0.0334, 168]
['2019-03-25 15:31:00', 0.0335, 0.0335, 0.0335, 0.0335, 200]
['2019-03-25 15:29:00', 0.0338, 0.0338, 0.0338, 0.0338, 2610]
['2019-03-25 15:28:00', 0.0333, 0.0333, 0.0333, 0.0333, 3550]
['2019-03-25 15:27:00', 0.0331, 0.0331, 0.0331, 0.0331, 4642]
['2019-03-25 15:26:00', 0.034, 0.034, 0.034, 0.034, 6750]
['2019-03-25 15:25:00', 0.0332, 0.0339, 0.0332, 0.0339, 34611]
['2019-03-25 15:24:00', 0.0333, 0.0333, 0.0333, 0.0333, 900]
['2019-03-25 15:23:00', 0.0333, 0.0332, 0.0332, 0.0333, 3500]
['2019-03-25 15:22:00', 0.0333, 0.0333, 0.0333, 0.0333, 5516]
['2019-03-25 15:20:00', 0.0331, 0.0331, 0.0331, 0.0331, 6418]
['2019-03-25 15:19:00', 0.0331, 0.0331, 0.0331, 0.0331, 30500]
['2019-03-25 15:18:00', 0.0333, 0.0333, 0.0333, 0.0333, 4303]
['2019-03-25 15:17:00', 0.0333, 0.0333, 0.0333, 0.0333, 554]
['2019-03-25 15:14:00', 0.0333, 0.0333, 0.0333, 0.0333, 7922]
['2019-03-25 15:10:00', 0.0333, 0.0332, 0.0332, 0.0333, 6650]
['2019-03-25 15:09:00', 0.0332, 0.0332, 0.0332, 0.0332, 2340]
['2019-03-25 15:08:00', 0.0331, 0.0331, 0.0331, 0.0331, 23518]
['2019-03-25 15:06:00', 0.0333, 0.0331, 0.0331, 0.0333, 5355]
['2019-03-25 15:04:00', 0.0333, 0.0333, 0.0333, 0.0333, 9100]
['2019-03-25 15:03:00', 0.0332, 0.0332, 0.0332, 0.0332, 1025]
['2019-03-25 15:00:00', 0.0333, 0.0333, 0.0333, 0.0333, 375]
['2019-03-25 14:58:00', 0.0331, 0.0331, 0.0331, 0.0331, 307]
['2019-03-25 14:53:00', 0.033, 0.033, 0.033, 0.033, 1101]
['2019-03-25 14:47:00', 0.0333, 0.033, 0.033, 0.0333, 6632]
['2019-03-25 14:44:00', 0.033, 0.033, 0.033, 0.033, 505]
['2019-03-25 14:42:00', 0.0327, 0.0327, 0.0327, 0.0327, 3672]
['2019-03-25 14:40:00', 0.0333, 0.0333, 0.0333, 0.0333, 19108]
['2019-03-25 14:39:00', 0.0333, 0.0333, 0.0333, 0.0333, 1855]
['2019-03-25 14:38:00', 0.0333, 0.0331, 0.0331, 0.0333, 10600]
['2019-03-25 14:36:00', 0.033, 0.033, 0.033, 0.033, 957]
['2019-03-25 14:35:00', 0.0333, 0.033, 0.033, 0.0333, 12622]
['2019-03-25 14:34:00', 0.0333, 0.0333, 0.0333, 0.0333, 1881]
['2019-03-25 14:32:00', 0.033, 0.033, 0.033, 0.033, 1000]
['2019-03-25 14:30:00', 0.033, 0.033, 0.033, 0.033, 1200]
['2019-03-25 14:29:00', 0.0333, 0.0333, 0.0333, 0.0333, 2800]
['2019-03-25 14:28:00', 0.033, 0.033, 0.033, 0.033, 8200]
['2019-03-25 14:26:00', 0.033, 0.033, 0.033, 0.033, 5203]
['2019-03-25 14:25:00', 0.033, 0.033, 0.033, 0.033, 1520]
['2019-03-25 14:21:00', 0.033, 0.033, 0.033, 0.033, 2395]
['2019-03-25 14:20:00', 0.033, 0.033, 0.033, 0.033, 250]
['2019-03-25 14:18:00', 0.033, 0.033, 0.033, 0.033, 230]
['2019-03-25 14:17:00', 0.0329, 0.0329, 0.0329, 0.0329, 1389]
['2019-03-25 14:16:00', 0.0327, 0.0327, 0.0327, 0.0327, 730]
['2019-03-25 14:15:00', 0.0327, 0.0327, 0.0327, 0.0327, 14192]
['2019-03-25 14:14:00', 0.0327, 0.0327, 0.0327, 0.0327, 5430]
['2019-03-25 14:13:00', 0.0327, 0.0327, 0.0327, 0.0327, 9701]
['2019-03-25 14:11:00', 0.0327, 0.0327, 0.0327, 0.0327, 3008]
['2019-03-25 14:07:00', 0.0327, 0.0327, 0.0327, 0.0327, 4157]
['2019-03-25 14:06:00', 0.0327, 0.0327, 0.0327, 0.0327, 1040]
['2019-03-25 14:04:00', 0.0327, 0.0327, 0.0327, 0.0327, 1592]
['2019-03-25 14:02:00', 0.0328, 0.0327, 0.0327, 0.0328, 10744]
['2019-03-25 13:58:00', 0.0328, 0.0327, 0.0327, 0.0328, 31154]
['2019-03-25 13:56:00', 0.0326, 0.0326, 0.0326, 0.0326, 670]
['2019-03-25 13:55:00', 0.0328, 0.0328, 0.0328, 0.0328, 2100]
['2019-03-25 13:54:00', 0.0328, 0.0327, 0.0327, 0.0328, 13050]
['2019-03-25 13:48:00', 0.0323, 0.0323, 0.0323, 0.0323, 8870]
['2019-03-25 13:47:00', 0.0324, 0.0324, 0.0324, 0.0324, 1725]
['2019-03-25 13:46:00', 0.0324, 0.0324, 0.0324, 0.0324, 6199]
['2019-03-25 13:44:00', 0.0328, 0.0328, 0.0328, 0.0328, 825]
['2019-03-25 13:43:00', 0.0323, 0.0323, 0.0323, 0.0323, 1520]
['2019-03-25 13:41:00', 0.0329, 0.0329, 0.0329, 0.0329, 405]
['2019-03-25 13:40:00', 0.0325, 0.0327, 0.0325, 0.0327, 19721]
['2019-03-25 13:39:00', 0.0323, 0.0323, 0.0323, 0.0323, 241]
['2019-03-25 13:37:00', 0.0328, 0.0328, 0.0328, 0.0328, 227]
['2019-03-25 13:36:00', 0.0323, 0.0323, 0.0323, 0.0323, 3575]
['2019-03-25 13:35:00', 0.0328, 0.0327, 0.0327, 0.0328, 18605]
['2019-03-25 13:31:00', 0.033, 0.0329, 0.0329, 0.033, 7320]
['2019-03-25 13:28:00', 0.033, 0.033, 0.033, 0.033, 1600]
['2019-03-25 13:27:00', 0.033, 0.033, 0.033, 0.033, 6120]
['2019-03-25 13:26:00', 0.0331, 0.0331, 0.0331, 0.0331, 900]
['2019-03-25 13:24:00', 0.033, 0.033, 0.033, 0.033, 2119]
['2019-03-25 13:22:00', 0.0329, 0.0329, 0.0329, 0.0329, 1127]
['2019-03-25 13:20:00', 0.0327, 0.0329, 0.0327, 0.0329, 11379]
['2019-03-25 13:19:00', 0.0329, 0.0329, 0.0329, 0.0329, 310]
['2019-03-25 13:18:00', 0.0332, 0.0329, 0.0329, 0.0332, 27259]
['2019-03-25 13:16:00', 0.0333, 0.0333, 0.0333, 0.0333, 7967]
['2019-03-25 13:15:00', 0.0329, 0.0328, 0.0328, 0.0329, 18761]
['2019-03-25 13:14:00', 0.0324, 0.0324, 0.0324, 0.0324, 937]
['2019-03-25 13:13:00', 0.0327, 0.0327, 0.0327, 0.0327, 8697]
['2019-03-25 13:12:00', 0.0329, 0.0323, 0.0323, 0.0329, 12635]
['2019-03-25 13:10:00', 0.0331, 0.0331, 0.0331, 0.0331, 550]
['2019-03-25 13:09:00', 0.0331, 0.0331, 0.0331, 0.0331, 2620]
['2019-03-25 13:08:00', 0.0331, 0.0331, 0.0331, 0.0331, 17470]
['2019-03-25 13:07:00', 0.0327, 0.0323, 0.0323, 0.0327, 27773]
['2019-03-25 13:06:00', 0.033, 0.033, 0.033, 0.033, 5001]
['2019-03-25 13:05:00', 0.0327, 0.0327, 0.0327, 0.0327, 40600]
['2019-03-25 13:03:00', 0.0331, 0.0331, 0.0331, 0.0331, 184]
['2019-03-25 13:02:00', 0.0333, 0.0333, 0.0333, 0.0333, 553]
['2019-03-25 13:01:00', 0.033, 0.033, 0.033, 0.033, 8100]
['2019-03-25 12:59:00', 0.033, 0.033, 0.033, 0.033, 287]
['2019-03-25 12:58:00', 0.033, 0.033, 0.033, 0.033, 950]
['2019-03-25 12:57:00', 0.0333, 0.0333, 0.0333, 0.0333, 16099]
['2019-03-25 12:56:00', 0.033, 0.033, 0.033, 0.033, 4755]
['2019-03-25 12:55:00', 0.0327, 0.033, 0.0327, 0.033, 10856]
['2019-03-25 12:54:00', 0.0333, 0.0331, 0.0331, 0.0333, 5400]
['2019-03-25 12:53:00', 0.0333, 0.0332, 0.0327, 0.0333, 55177]
['2019-03-25 12:52:00', 0.0335, 0.0333, 0.0333, 0.0335, 53107]
['2019-03-25 12:49:00', 0.0336, 0.0336, 0.0336, 0.0336, 2376]
['2019-03-25 12:47:00', 0.0335, 0.0336, 0.0335, 0.0336, 3364]
['2019-03-25 12:46:00', 0.0337, 0.0336, 0.0336, 0.0337, 25326]
['2019-03-25 12:45:00', 0.0337, 0.0337, 0.0337, 0.0337, 2300]
['2019-03-25 12:44:00', 0.0337, 0.0337, 0.0337, 0.0337, 3500]
['2019-03-25 12:42:00', 0.0337, 0.0337, 0.0337, 0.0337, 530]
['2019-03-25 12:41:00', 0.0336, 0.0336, 0.0336, 0.0336, 11030]
['2019-03-25 12:40:00', 0.0335, 0.0335, 0.0335, 0.0335, 6755]
['2019-03-25 12:39:00', 0.0337, 0.0337, 0.0337, 0.0337, 601]
['2019-03-25 12:37:00', 0.0337, 0.0335, 0.0335, 0.0337, 20853]
['2019-03-25 12:34:00', 0.0336, 0.0335, 0.0335, 0.0336, 3079]
['2019-03-25 12:33:00', 0.0335, 0.0337, 0.0335, 0.0337, 5547]
['2019-03-25 12:32:00', 0.0335, 0.0335, 0.0335, 0.0335, 10205]
['2019-03-25 12:31:00', 0.0337, 0.0337, 0.0337, 0.0337, 2750]
['2019-03-25 12:30:00', 0.0338, 0.0338, 0.0338, 0.0338, 870]
['2019-03-25 12:29:00', 0.0338, 0.0338, 0.0338, 0.0338, 6600]
['2019-03-25 12:27:00', 0.0335, 0.0335, 0.0335, 0.0335, 1116]
['2019-03-25 12:26:00', 0.0338, 0.0338, 0.0338, 0.0338, 1817]
['2019-03-25 12:25:00', 0.0336, 0.0336, 0.0336, 0.0336, 1702]
['2019-03-25 12:24:00', 0.0337, 0.0337, 0.0337, 0.0337, 3302]
['2019-03-25 12:22:00', 0.0337, 0.0337, 0.0337, 0.0337, 2004]
['2019-03-25 12:20:00', 0.0335, 0.0335, 0.0335, 0.0335, 201]
['2019-03-25 12:19:00', 0.0335, 0.0335, 0.0335, 0.0335, 47453]
['2019-03-25 12:18:00', 0.0337, 0.0337, 0.0337, 0.0337, 2530]
['2019-03-25 12:17:00', 0.0336, 0.0336, 0.0336, 0.0336, 2100]
['2019-03-25 12:16:00', 0.0335, 0.0339, 0.0334, 0.0339, 20450]
['2019-03-25 12:15:00', 0.0333, 0.0333, 0.0333, 0.0333, 2551]
['2019-03-25 12:14:00', 0.0337, 0.0337, 0.0337, 0.0337, 10250]
['2019-03-25 12:12:00', 0.0337, 0.0337, 0.0337, 0.0337, 245]
['2019-03-25 12:11:00', 0.0337, 0.0337, 0.0337, 0.0337, 1099]
['2019-03-25 12:10:00', 0.0337, 0.0337, 0.0337, 0.0337, 3950]
['2019-03-25 12:08:00', 0.0337, 0.0337, 0.0337, 0.0337, 725]
['2019-03-25 12:06:00', 0.0338, 0.0338, 0.0338, 0.0338, 235]
['2019-03-25 12:05:00', 0.0338, 0.0338, 0.0338, 0.0338, 1902]
['2019-03-25 12:04:00', 0.0338, 0.0338, 0.0338, 0.0338, 4188]
['2019-03-25 12:03:00', 0.0337, 0.0335, 0.0335, 0.0337, 17975]
['2019-03-25 12:02:00', 0.0338, 0.0338, 0.0338, 0.0338, 530]
['2019-03-25 12:01:00', 0.0339, 0.0339, 0.0339, 0.0339, 1506]
['2019-03-25 12:00:00', 0.0337, 0.0337, 0.0337, 0.0337, 280]
['2019-03-25 11:58:00', 0.0339, 0.0339, 0.0339, 0.0339, 2895]
['2019-03-25 11:56:00', 0.0339, 0.0337, 0.0337, 0.0339, 3734]
['2019-03-25 11:55:00', 0.0338, 0.0338, 0.0338, 0.0338, 4827]
['2019-03-25 11:53:00', 0.0337, 0.0337, 0.0337, 0.0337, 3790]
['2019-03-25 11:52:00', 0.0339, 0.0339, 0.0339, 0.0339, 21293]
['2019-03-25 11:51:00', 0.0335, 0.0338, 0.0335, 0.0338, 1565]
['2019-03-25 11:50:00', 0.0336, 0.0333, 0.0333, 0.0336, 11605]
['2019-03-25 11:49:00', 0.0336, 0.0333, 0.0333, 0.0336, 88151]
['2019-03-25 11:48:00', 0.0336, 0.0338, 0.0336, 0.0338, 8673]
['2019-03-25 11:47:00', 0.0336, 0.0336, 0.0336, 0.0336, 435]
['2019-03-25 11:45:00', 0.0335, 0.0335, 0.0335, 0.0335, 2100]
['2019-03-25 11:43:00', 0.0335, 0.0335, 0.0335, 0.0335, 4881]
['2019-03-25 11:42:00', 0.0336, 0.0335, 0.0335, 0.0336, 21175]
['2019-03-25 11:41:00', 0.0341, 0.034, 0.034, 0.0341, 15056]
['2019-03-25 11:40:00', 0.0342, 0.034, 0.034, 0.0342, 13587]
['2019-03-25 11:39:00', 0.0341, 0.0341, 0.0341, 0.0341, 7259]
['2019-03-25 11:38:00', 0.0343, 0.0343, 0.0343, 0.0343, 2165]
['2019-03-25 11:37:00', 0.0343, 0.0343, 0.0343, 0.0343, 11600]
['2019-03-25 11:35:00', 0.0344, 0.0343, 0.0343, 0.0344, 7371]
['2019-03-25 11:34:00', 0.0344, 0.0344, 0.0344, 0.0344, 336]
['2019-03-25 11:32:00', 0.0347, 0.0347, 0.0347, 0.0347, 316]
['2019-03-25 11:31:00', 0.0346, 0.0346, 0.0346, 0.0346, 800]
['2019-03-25 11:30:00', 0.0344, 0.0344, 0.0344, 0.0344, 3425]
['2019-03-25 11:27:00', 0.0347, 0.0347, 0.0347, 0.0347, 2351]
['2019-03-25 11:26:00', 0.0343, 0.0343, 0.0343, 0.0343, 2609]
['2019-03-25 11:25:00', 0.0343, 0.0343, 0.0343, 0.0343, 17900]
['2019-03-25 11:24:00', 0.0344, 0.0342, 0.0342, 0.035, 37808]
['2019-03-25 11:22:00', 0.0343, 0.0344, 0.0343, 0.0344, 3884]
['2019-03-25 11:21:00', 0.0343, 0.0343, 0.0343, 0.0343, 14235]
['2019-03-25 11:20:00', 0.0346, 0.0341, 0.0341, 0.0346, 14508]
['2019-03-25 11:19:00', 0.0343, 0.0343, 0.0343, 0.0343, 1401]
['2019-03-25 11:18:00', 0.0344, 0.0344, 0.0344, 0.0344, 1739]
['2019-03-25 11:17:00', 0.0343, 0.0343, 0.0343, 0.0343, 4918]
['2019-03-25 11:16:00', 0.0342, 0.0342, 0.0342, 0.0342, 11324]
['2019-03-25 11:14:00', 0.0344, 0.0344, 0.0344, 0.0344, 2630]
['2019-03-25 11:12:00', 0.0342, 0.0342, 0.0342, 0.0342, 2532]
['2019-03-25 11:11:00', 0.0342, 0.0342, 0.0342, 0.0342, 11200]
['2019-03-25 11:10:00', 0.0345, 0.0345, 0.0345, 0.0345, 305]
['2019-03-25 11:08:00', 0.0342, 0.0342, 0.0342, 0.0342, 957]
['2019-03-25 11:07:00', 0.0345, 0.0345, 0.0345, 0.0345, 2340]
['2019-03-25 11:06:00', 0.0345, 0.0345, 0.0345, 0.0345, 1309]
['2019-03-25 11:05:00', 0.0347, 0.0345, 0.0345, 0.0347, 33967]
['2019-03-25 11:04:00', 0.0347, 0.0347, 0.0347, 0.0347, 17400]
['2019-03-25 11:03:00', 0.0349, 0.0347, 0.0347, 0.0349, 17143]
['2019-03-25 11:01:00', 0.0351, 0.0349, 0.0349, 0.0351, 31301]
['2019-03-25 11:00:00', 0.0349, 0.0349, 0.0349, 0.0349, 2766]
['2019-03-25 10:58:00', 0.035, 0.035, 0.035, 0.035, 725]
['2019-03-25 10:57:00', 0.035, 0.035, 0.035, 0.035, 4752]
['2019-03-25 10:56:00', 0.0351, 0.0351, 0.0351, 0.0351, 7816]
['2019-03-25 10:55:00', 0.035, 0.035, 0.035, 0.035, 354]
['2019-03-25 10:53:00', 0.035, 0.035, 0.035, 0.035, 9190]
['2019-03-25 10:52:00', 0.035, 0.0348, 0.0348, 0.035, 10171]
['2019-03-25 10:51:00', 0.0349, 0.0349, 0.0349, 0.0349, 1322]
['2019-03-25 10:49:00', 0.0347, 0.0347, 0.0347, 0.0347, 5347]
['2019-03-25 10:48:00', 0.0347, 0.0347, 0.0347, 0.0347, 3338]
['2019-03-25 10:47:00', 0.035, 0.0347, 0.0347, 0.035, 69629]
['2019-03-25 10:46:00', 0.0351, 0.0351, 0.0351, 0.0351, 3601]
['2019-03-25 10:45:00', 0.035, 0.035, 0.035, 0.035, 6581]
['2019-03-25 10:44:00', 0.0352, 0.0352, 0.0352, 0.0352, 3658]
['2019-03-25 10:43:00', 0.0351, 0.0351, 0.0351, 0.0351, 2305]
['2019-03-25 10:42:00', 0.035, 0.0351, 0.035, 0.0352, 19240]
['2019-03-25 10:41:00', 0.0352, 0.0352, 0.0352, 0.0352, 974]
['2019-03-25 10:40:00', 0.0352, 0.0352, 0.0352, 0.0352, 11170]
['2019-03-25 10:39:00', 0.035, 0.0352, 0.035, 0.0352, 8135]
['2019-03-25 10:38:00', 0.0351, 0.0352, 0.0351, 0.0352, 12410]
['2019-03-25 10:37:00', 0.0345, 0.0347, 0.0345, 0.0347, 13022]
['2019-03-25 10:36:00', 0.0343, 0.0343, 0.0343, 0.0343, 8500]
['2019-03-25 10:35:00', 0.0348, 0.0348, 0.0348, 0.0348, 2959]
['2019-03-25 10:34:00', 0.0346, 0.0347, 0.0346, 0.0347, 7295]
['2019-03-25 10:32:00', 0.0347, 0.0348, 0.0347, 0.0348, 9496]
['2019-03-25 10:31:00', 0.0346, 0.0346, 0.0346, 0.0346, 1274]
['2019-03-25 10:30:00', 0.0345, 0.0348, 0.0345, 0.0348, 14827]
['2019-03-25 10:29:00', 0.0345, 0.0345, 0.0345, 0.0345, 1732]
['2019-03-25 10:28:00', 0.0344, 0.0344, 0.0344, 0.0344, 15162]
['2019-03-25 10:27:00', 0.0346, 0.0342, 0.0342, 0.0346, 19967]
['2019-03-25 10:26:00', 0.0348, 0.0343, 0.0343, 0.0348, 21042]
['2019-03-25 10:25:00', 0.0348, 0.0352, 0.0348, 0.0352, 15585]
['2019-03-25 10:24:00', 0.0352, 0.0348, 0.0348, 0.0352, 17637]
['2019-03-25 10:23:00', 0.035, 0.0351, 0.035, 0.0351, 52048]
['2019-03-25 10:22:00', 0.0352, 0.0352, 0.0352, 0.0352, 23433]
['2019-03-25 10:21:00', 0.035, 0.035, 0.035, 0.035, 4340]
['2019-03-25 10:20:00', 0.035, 0.035, 0.035, 0.035, 9704]
['2019-03-25 10:19:00', 0.035, 0.035, 0.035, 0.035, 7262]
['2019-03-25 10:18:00', 0.0352, 0.0352, 0.0352, 0.0352, 20671]
['2019-03-25 10:17:00', 0.0348, 0.0352, 0.0348, 0.0352, 6858]
['2019-03-25 10:16:00', 0.0353, 0.0353, 0.0353, 0.0353, 26111]
['2019-03-25 10:15:00', 0.0348, 0.0348, 0.0348, 0.0348, 17951]
['2019-03-25 10:14:00', 0.0348, 0.0348, 0.0348, 0.0348, 32053]
['2019-03-25 10:13:00', 0.035, 0.0348, 0.0348, 0.035, 19534]
['2019-03-25 10:12:00', 0.0351, 0.0348, 0.0348, 0.0351, 44998]
['2019-03-25 10:11:00', 0.0356, 0.0351, 0.0351, 0.0356, 31351]
['2019-03-25 10:10:00', 0.0353, 0.0355, 0.035, 0.0359, 113438]
['2019-03-25 10:09:00', 0.0349, 0.036, 0.0349, 0.036, 321480]
['2019-03-25 10:08:00', 0.0345, 0.0347, 0.0344, 0.0347, 123906]
['2019-03-25 10:07:00', 0.0345, 0.0345, 0.0345, 0.0345, 29277]
['2019-03-25 10:06:00', 0.0346, 0.0343, 0.0343, 0.0346, 9559]
['2019-03-25 10:05:00', 0.034, 0.0347, 0.034, 0.0347, 59115]
['2019-03-25 10:04:00', 0.034, 0.034, 0.034, 0.034, 54330]
['2019-03-25 10:03:00', 0.0335, 0.0336, 0.0335, 0.0336, 11523]
['2019-03-25 10:02:00', 0.0336, 0.0336, 0.0336, 0.0336, 5875]
['2019-03-25 10:01:00', 0.0336, 0.0336, 0.0336, 0.0336, 6206]
['2019-03-25 10:00:00', 0.0334, 0.0334, 0.0334, 0.0334, 2859]
['2019-03-25 09:59:00', 0.0335, 0.0334, 0.0333, 0.0335, 19402]
['2019-03-25 09:57:00', 0.0334, 0.0336, 0.0333, 0.0336, 66885]
['2019-03-25 09:56:00', 0.0336, 0.0336, 0.0336, 0.0336, 14025]
['2019-03-25 09:55:00', 0.0337, 0.0336, 0.0333, 0.0337, 40547]
['2019-03-25 09:54:00', 0.0335, 0.0335, 0.0335, 0.0335, 36682]
['2019-03-25 09:53:00', 0.034, 0.034, 0.034, 0.034, 16299]
['2019-03-25 09:52:00', 0.034, 0.034, 0.034, 0.034, 14125]
['2019-03-25 09:51:00', 0.0333, 0.0333, 0.0333, 0.0333, 94115]
['2019-03-25 09:50:00', 0.0331, 0.0333, 0.0331, 0.0333, 25810]
['2019-03-25 09:49:00', 0.0329, 0.0332, 0.0329, 0.0332, 19956]
['2019-03-25 09:48:00', 0.0332, 0.0331, 0.0331, 0.0332, 8934]
['2019-03-25 09:47:00', 0.0332, 0.0328, 0.0328, 0.0332, 28967]
['2019-03-25 09:46:00', 0.0333, 0.0331, 0.0331, 0.0333, 5908]
['2019-03-25 09:45:00', 0.033, 0.033, 0.033, 0.033, 2546]
['2019-03-25 09:44:00', 0.0333, 0.0333, 0.0333, 0.0333, 5418]
['2019-03-25 09:43:00', 0.033, 0.033, 0.033, 0.033, 8306]
['2019-03-25 09:42:00', 0.0328, 0.0328, 0.0328, 0.0328, 5289]
['2019-03-25 09:41:00', 0.0327, 0.0327, 0.0327, 0.0327, 9683]
['2019-03-25 09:40:00', 0.0327, 0.033, 0.0327, 0.033, 11168]
['2019-03-25 09:39:00', 0.0327, 0.0327, 0.0327, 0.0327, 2315]
['2019-03-25 09:38:00', 0.033, 0.0327, 0.0327, 0.033, 22555]
['2019-03-25 09:37:00', 0.0335, 0.033, 0.033, 0.0335, 131099]
['2019-03-25 09:36:00', 0.0335, 0.0335, 0.0335, 0.0335, 11373]
['2019-03-25 09:35:00', 0.0335, 0.0335, 0.0335, 0.0335, 27441]
['2019-03-25 09:34:00', 0.0338, 0.0335, 0.0335, 0.0338, 18711]
['2019-03-25 09:33:00', 0.0337, 0.0334, 0.0334, 0.0337, 40102]
['2019-03-25 09:32:00', 0.0337, 0.0341, 0.0333, 0.0341, 69277]
['2019-03-25 09:31:00', 0.034, 0.0333, 0.0333, 0.034, 653165]
