AKCA
['2019-03-29 16:00:00', 28.33, 28.33, 28.3, 28.33, 3310]
['2019-03-29 15:59:00', 28.34, 28.34, 28.34, 28.34, 1300]
['2019-03-29 15:58:00', 28.34, 28.32, 28.32, 28.34, 1839]
['2019-03-29 15:57:00', 28.33, 28.33, 28.33, 28.33, 600]
['2019-03-29 15:56:00', 28.335, 28.335, 28.335, 28.335, 1001]
['2019-03-29 15:55:00', 28.215, 28.215, 28.215, 28.215, 430]
['2019-03-29 15:53:00', 28.255, 28.255, 28.255, 28.255, 576]
['2019-03-29 15:52:00', 28.295, 28.295, 28.295, 28.295, 266]
['2019-03-29 15:50:00', 28.3, 28.3, 28.3, 28.3, 611]
['2019-03-29 15:48:00', 28.3, 28.3, 28.3, 28.3, 405]
['2019-03-29 15:47:00', 28.33, 28.33, 28.33, 28.33, 422]
['2019-03-29 15:46:00', 28.345, 28.345, 28.345, 28.345, 180]
['2019-03-29 15:44:00', 28.34, 28.34, 28.34, 28.34, 353]
['2019-03-29 15:42:00', 28.33, 28.33, 28.33, 28.33, 104]
['2019-03-29 15:40:00', 28.34, 28.34, 28.34, 28.34, 903]
['2019-03-29 15:38:00', 28.24, 28.24, 28.24, 28.24, 102]
['2019-03-29 15:37:00', 28.225, 28.225, 28.225, 28.225, 402]
['2019-03-29 15:33:00', 28.15, 28.15, 28.15, 28.15, 217]
['2019-03-29 15:31:00', 28.1708, 28.1708, 28.1708, 28.1708, 116]
['2019-03-29 15:28:00', 28.14, 28.14, 28.14, 28.14, 207]
['2019-03-29 15:27:00', 28.2, 28.2, 28.2, 28.2, 309]
['2019-03-29 15:26:00', 28.1, 28.1, 28.1, 28.1, 189]
['2019-03-29 15:23:00', 28.17, 28.24, 28.17, 28.24, 763]
['2019-03-29 15:22:00', 28.305, 28.305, 28.305, 28.305, 246]
['2019-03-29 15:19:00', 28.24, 28.24, 28.24, 28.24, 105]
['2019-03-29 15:14:00', 28.18, 28.18, 28.18, 28.18, 113]
['2019-03-29 15:08:00', 28.25, 28.25, 28.25, 28.25, 1209]
['2019-03-29 15:06:00', 28.22, 28.22, 28.22, 28.22, 100]
['2019-03-29 15:04:00', 28.21, 28.21, 28.21, 28.21, 103]
['2019-03-29 15:01:00', 28.32, 28.32, 28.32, 28.32, 301]
['2019-03-29 15:00:00', 28.29, 28.29, 28.29, 28.29, 813]
['2019-03-29 14:55:00', 28.32, 28.32, 28.32, 28.32, 606]
['2019-03-29 14:51:00', 28.25, 28.25, 28.25, 28.25, 600]
['2019-03-29 14:38:00', 28.22, 28.22, 28.22, 28.22, 523]
['2019-03-29 14:33:00', 28.23, 28.23, 28.23, 28.23, 387]
['2019-03-29 14:18:00', 28.23, 28.23, 28.23, 28.23, 523]
['2019-03-29 14:10:00', 28.29, 28.23, 28.23, 28.29, 621]
['2019-03-29 14:09:00', 28.35, 28.32, 28.32, 28.35, 1682]
['2019-03-29 14:08:00', 28.24, 28.28, 28.24, 28.29, 2825]
['2019-03-29 14:07:00', 28.28, 28.28, 28.28, 28.28, 100]
['2019-03-29 14:05:00', 28.23, 28.23, 28.23, 28.23, 303]
['2019-03-29 14:03:00', 28.21, 28.21, 28.21, 28.21, 268]
['2019-03-29 13:59:00', 28.22, 28.22, 28.22, 28.22, 119]
['2019-03-29 13:58:00', 28.15, 28.15, 28.15, 28.15, 269]
['2019-03-29 13:47:00', 28.1, 28.06, 28.06, 28.1, 908]
['2019-03-29 13:44:00', 28.13, 28.13, 28.13, 28.13, 152]
['2019-03-29 13:39:00', 28.12, 28.12, 28.12, 28.12, 740]
['2019-03-29 13:38:00', 28.1172, 28.1172, 28.1172, 28.1172, 800]
['2019-03-29 13:34:00', 28.11, 28.11, 28.11, 28.11, 338]
['2019-03-29 13:32:00', 28.16, 28.16, 28.16, 28.16, 138]
['2019-03-29 13:30:00', 28.16, 28.16, 28.16, 28.16, 205]
['2019-03-29 13:28:00', 28.16, 28.16, 28.16, 28.16, 101]
['2019-03-29 13:26:00', 28.13, 28.13, 28.13, 28.13, 103]
['2019-03-29 13:21:00', 28.18, 28.18, 28.18, 28.18, 203]
['2019-03-29 13:11:00', 28.3, 28.2501, 28.2501, 28.3, 2474]
['2019-03-29 13:10:00', 28.17, 28.26, 28.17, 28.26, 2826]
['2019-03-29 13:09:00', 28.18, 28.18, 28.18, 28.18, 243]
['2019-03-29 13:07:00', 28.2424, 28.2424, 28.2424, 28.2424, 1078]
['2019-03-29 13:04:00', 28.24, 28.24, 28.24, 28.24, 677]
['2019-03-29 13:03:00', 28.31, 28.31, 28.31, 28.31, 305]
['2019-03-29 13:01:00', 28.3, 28.27, 28.27, 28.3, 347]
['2019-03-29 12:55:00', 28.23, 28.225, 28.225, 28.23, 1990]
['2019-03-29 12:54:00', 28.21, 28.21, 28.21, 28.21, 500]
['2019-03-29 12:53:00', 28.25, 28.25, 28.25, 28.25, 449]
['2019-03-29 12:52:00', 28.25, 28.25, 28.25, 28.25, 200]
['2019-03-29 12:50:00', 28.32, 28.32, 28.32, 28.32, 1212]
['2019-03-29 12:49:00', 28.26, 28.3, 28.26, 28.3, 1121]
['2019-03-29 12:45:00', 28.11, 28.11, 28.11, 28.11, 105]
['2019-03-29 12:42:00', 28.2, 28.2, 28.2, 28.2, 108]
['2019-03-29 12:35:00', 28.215, 28.215, 28.215, 28.215, 633]
['2019-03-29 12:22:00', 28.02, 28.02, 28.02, 28.02, 336]
['2019-03-29 12:13:00', 28.01, 28.0, 28.0, 28.01, 338]
['2019-03-29 12:01:00', 27.98, 27.98, 27.98, 27.98, 212]
['2019-03-29 11:58:00', 28.06, 27.98, 27.98, 28.06, 328]
['2019-03-29 11:55:00', 28.09, 28.09, 28.09, 28.09, 400]
['2019-03-29 11:49:00', 28.14, 28.14, 28.14, 28.14, 599]
['2019-03-29 11:45:00', 28.23, 28.23, 28.23, 28.23, 188]
['2019-03-29 11:38:00', 28.18, 28.18, 28.18, 28.18, 280]
['2019-03-29 11:37:00', 28.18, 28.18, 28.18, 28.18, 597]
['2019-03-29 11:35:00', 28.16, 28.16, 28.16, 28.16, 718]
['2019-03-29 11:22:00', 28.25, 28.25, 28.25, 28.25, 224]
['2019-03-29 11:16:00', 28.21, 28.21, 28.21, 28.21, 253]
['2019-03-29 11:09:00', 28.21, 28.21, 28.21, 28.21, 131]
['2019-03-29 11:08:00', 28.28, 28.28, 28.28, 28.28, 561]
['2019-03-29 10:53:00', 28.48, 28.48, 28.48, 28.48, 125]
['2019-03-29 10:46:00', 28.46, 28.46, 28.46, 28.46, 216]
['2019-03-29 10:44:00', 28.25, 28.25, 28.25, 28.25, 112]
['2019-03-29 10:41:00', 28.38, 28.38, 28.38, 28.38, 703]
['2019-03-29 10:40:00', 28.33, 28.33, 28.33, 28.33, 503]
['2019-03-29 10:38:00', 28.2695, 28.26, 28.26, 28.2695, 1890]
['2019-03-29 10:37:00', 28.25, 28.25, 28.25, 28.25, 1701]
['2019-03-29 10:36:00', 28.23, 28.23, 28.23, 28.23, 711]
['2019-03-29 10:35:00', 28.39, 28.39, 28.39, 28.39, 577]
['2019-03-29 10:34:00', 28.32, 28.33, 28.32, 28.33, 2376]
['2019-03-29 10:26:00', 28.19, 28.19, 28.19, 28.19, 200]
['2019-03-29 10:23:00', 28.4, 28.4, 28.4, 28.4, 1536]
['2019-03-29 10:05:00', 28.48, 28.48, 28.48, 28.48, 201]
['2019-03-29 09:55:00', 28.515, 28.515, 28.515, 28.515, 121]
['2019-03-29 09:46:00', 28.5, 28.5, 28.5, 28.5, 392]
['2019-03-29 09:31:00', 28.63, 28.63, 28.63, 28.63, 1497]
['2019-03-28 16:00:00', 28.4, 28.39, 28.39, 28.4, 4051]
['2019-03-28 15:59:00', 28.38, 28.405, 28.38, 28.405, 2209]
['2019-03-28 15:58:00', 28.4, 28.4, 28.4, 28.4, 868]
['2019-03-28 15:57:00', 28.41, 28.41, 28.41, 28.41, 1215]
['2019-03-28 15:54:00', 28.33, 28.39, 28.33, 28.39, 1471]
['2019-03-28 15:52:00', 28.3, 28.3, 28.3, 28.3, 326]
['2019-03-28 15:51:00', 28.29, 28.33, 28.29, 28.33, 1359]
['2019-03-28 15:49:00', 28.32, 28.32, 28.32, 28.32, 336]
['2019-03-28 15:48:00', 28.33, 28.33, 28.33, 28.33, 557]
['2019-03-28 15:47:00', 28.26, 28.26, 28.26, 28.26, 326]
['2019-03-28 15:46:00', 28.3, 28.3, 28.3, 28.3, 256]
['2019-03-28 15:45:00', 28.4, 28.4, 28.4, 28.4, 609]
['2019-03-28 15:44:00', 28.3, 28.3, 28.3, 28.3, 376]
['2019-03-28 15:42:00', 28.36, 28.36, 28.36, 28.36, 203]
['2019-03-28 15:38:00', 28.41, 28.41, 28.41, 28.41, 513]
['2019-03-28 15:37:00', 28.48, 28.48, 28.48, 28.48, 113]
['2019-03-28 15:36:00', 28.49, 28.49, 28.49, 28.49, 415]
['2019-03-28 15:34:00', 28.51, 28.51, 28.51, 28.51, 324]
['2019-03-28 15:32:00', 28.48, 28.48, 28.48, 28.48, 454]
['2019-03-28 15:29:00', 28.48, 28.48, 28.48, 28.48, 323]
['2019-03-28 15:28:00', 28.54, 28.54, 28.54, 28.54, 262]
['2019-03-28 15:25:00', 28.6, 28.6, 28.6, 28.6, 331]
['2019-03-28 15:23:00', 28.61, 28.52, 28.52, 28.61, 804]
['2019-03-28 15:20:00', 28.67, 28.67, 28.67, 28.67, 100]
['2019-03-28 15:18:00', 28.675, 28.675, 28.675, 28.675, 106]
['2019-03-28 15:16:00', 28.5862, 28.5862, 28.5862, 28.5862, 1316]
['2019-03-28 15:15:00', 28.62, 28.62, 28.62, 28.62, 210]
['2019-03-28 15:10:00', 28.54, 28.54, 28.54, 28.54, 223]
['2019-03-28 15:08:00', 28.44, 28.44, 28.44, 28.44, 135]
['2019-03-28 14:54:00', 28.46, 28.46, 28.46, 28.46, 158]
['2019-03-28 14:52:00', 28.4, 28.4, 28.4, 28.4, 117]
['2019-03-28 14:51:00', 28.41, 28.41, 28.41, 28.41, 335]
['2019-03-28 14:48:00', 28.33, 28.33, 28.33, 28.33, 106]
['2019-03-28 14:43:00', 28.35, 28.35, 28.35, 28.35, 246]
['2019-03-28 14:36:00', 28.42, 28.42, 28.42, 28.42, 119]
['2019-03-28 14:31:00', 28.5, 28.5, 28.5, 28.5, 406]
['2019-03-28 14:29:00', 28.5476, 28.5, 28.5, 28.5476, 434]
['2019-03-28 14:25:00', 28.5463, 28.5463, 28.5463, 28.5463, 177]
['2019-03-28 14:15:00', 28.52, 28.52, 28.52, 28.52, 418]
['2019-03-28 14:07:00', 28.51, 28.51, 28.51, 28.51, 473]
['2019-03-28 14:05:00', 28.58, 28.58, 28.58, 28.58, 213]
['2019-03-28 14:04:00', 28.48, 28.48, 28.48, 28.48, 160]
['2019-03-28 14:02:00', 28.46, 28.46, 28.46, 28.46, 296]
['2019-03-28 14:01:00', 28.45, 28.45, 28.45, 28.45, 300]
['2019-03-28 13:54:00', 28.3218, 28.3218, 28.3218, 28.3218, 851]
['2019-03-28 13:49:00', 28.4, 28.4, 28.4, 28.4, 688]
['2019-03-28 13:44:00', 28.25, 28.25, 28.25, 28.25, 100]
['2019-03-28 13:40:00', 28.28, 28.28, 28.28, 28.28, 173]
['2019-03-28 13:32:00', 28.43, 28.43, 28.43, 28.43, 535]
['2019-03-28 13:12:00', 28.43, 28.43, 28.43, 28.43, 532]
['2019-03-28 13:09:00', 28.44, 28.44, 28.44, 28.44, 149]
['2019-03-28 13:03:00', 28.51, 28.51, 28.51, 28.51, 153]
['2019-03-28 13:00:00', 28.42, 28.42, 28.42, 28.42, 103]
['2019-03-28 12:54:00', 28.44, 28.44, 28.44, 28.44, 1508]
['2019-03-28 12:53:00', 28.53, 28.46, 28.46, 28.62, 3155]
['2019-03-28 12:52:00', 28.39, 28.39, 28.39, 28.39, 440]
['2019-03-28 12:50:00', 28.33, 28.34, 28.33, 28.34, 2058]
['2019-03-28 12:49:00', 28.32, 28.32, 28.32, 28.32, 2490]
['2019-03-28 12:48:00', 28.38, 28.38, 28.38, 28.38, 420]
['2019-03-28 12:47:00', 28.37, 28.3799, 28.37, 28.3799, 2472]
['2019-03-28 12:46:00', 28.31, 28.31, 28.31, 28.31, 311]
['2019-03-28 12:42:00', 28.2499, 28.27, 28.2499, 28.27, 1491]
['2019-03-28 12:41:00', 28.11, 28.15, 28.11, 28.15, 2429]
['2019-03-28 12:40:00', 28.12, 28.12, 28.12, 28.12, 1810]
['2019-03-28 12:38:00', 28.09, 28.1199, 28.09, 28.1199, 1053]
['2019-03-28 12:37:00', 28.06, 28.06, 28.06, 28.06, 1110]
['2019-03-28 12:36:00', 27.98, 27.98, 27.98, 27.98, 1353]
['2019-03-28 12:35:00', 27.97, 27.97, 27.97, 27.97, 520]
['2019-03-28 12:33:00', 28.03, 28.03, 28.03, 28.03, 660]
['2019-03-28 12:31:00', 28.0, 28.0, 28.0, 28.0, 127]
['2019-03-28 12:29:00', 28.11, 28.08, 28.08, 28.11, 1513]
['2019-03-28 12:28:00', 28.12, 28.12, 28.12, 28.12, 880]
['2019-03-28 12:27:00', 28.07, 28.07, 28.07, 28.07, 400]
['2019-03-28 12:26:00', 27.94, 27.94, 27.94, 27.94, 702]
['2019-03-28 12:25:00', 27.87, 27.87, 27.87, 27.87, 1405]
['2019-03-28 12:24:00', 27.92, 27.92, 27.92, 27.92, 720]
['2019-03-28 12:22:00', 27.96, 27.96, 27.96, 27.96, 651]
['2019-03-28 12:21:00', 28.0293, 28.0293, 28.0293, 28.0293, 1100]
['2019-03-28 12:20:00', 28.0, 28.0, 28.0, 28.0, 1663]
['2019-03-28 12:19:00', 27.96, 28.03, 27.96, 28.03, 2580]
['2019-03-28 12:17:00', 27.9, 27.9, 27.9, 27.9, 388]
['2019-03-28 12:16:00', 27.9299, 27.9299, 27.9299, 27.9299, 1600]
['2019-03-28 12:15:00', 27.9, 27.87, 27.87, 27.9, 2146]
['2019-03-28 12:14:00', 27.98, 27.98, 27.98, 27.98, 628]
['2019-03-28 12:12:00', 28.05, 28.07, 28.05, 28.07, 1118]
['2019-03-28 12:10:00', 28.12, 28.12, 28.12, 28.12, 617]
['2019-03-28 12:09:00', 28.21, 28.21, 28.21, 28.21, 846]
['2019-03-28 12:07:00', 28.25, 28.25, 28.25, 28.25, 1237]
['2019-03-28 12:06:00', 28.1, 28.1, 28.1, 28.1, 901]
['2019-03-28 12:04:00', 28.07, 28.07, 28.07, 28.07, 302]
['2019-03-28 12:03:00', 28.03, 28.03, 28.03, 28.03, 103]
['2019-03-28 12:00:00', 28.06, 28.06, 28.06, 28.06, 200]
['2019-03-28 11:59:00', 27.98, 27.98, 27.98, 27.98, 1812]
['2019-03-28 11:58:00', 27.95, 27.95, 27.95, 27.95, 1182]
['2019-03-28 11:57:00', 27.77, 27.77, 27.77, 27.77, 914]
['2019-03-28 11:56:00', 27.775, 27.8, 27.775, 27.8, 1456]
['2019-03-28 11:53:00', 27.96, 27.88, 27.88, 27.96, 1733]
['2019-03-28 11:52:00', 27.98, 27.98, 27.98, 27.98, 1788]
['2019-03-28 11:49:00', 27.86, 27.86, 27.86, 27.86, 100]
['2019-03-28 11:46:00', 27.84, 27.87, 27.84, 27.87, 2272]
['2019-03-28 11:45:00', 27.78, 27.78, 27.78, 27.78, 1300]
['2019-03-28 11:44:00', 27.7, 27.7, 27.7, 27.7, 1646]
['2019-03-28 11:43:00', 27.73, 27.73, 27.73, 27.73, 502]
['2019-03-28 11:42:00', 27.83, 27.83, 27.83, 27.83, 405]
['2019-03-28 11:41:00', 27.96, 27.96, 27.96, 27.96, 2701]
['2019-03-28 11:39:00', 27.86, 27.86, 27.86, 27.86, 250]
['2019-03-28 11:38:00', 27.8, 27.8, 27.8, 27.8, 430]
['2019-03-28 11:37:00', 27.87, 27.76, 27.76, 27.87, 3331]
['2019-03-28 11:35:00', 27.91, 27.91, 27.91, 27.91, 1257]
['2019-03-28 11:34:00', 27.94, 27.9, 27.9, 27.94, 899]
['2019-03-28 11:32:00', 27.95, 27.95, 27.95, 27.95, 1123]
['2019-03-28 11:31:00', 27.91, 27.93, 27.91, 27.93, 1217]
['2019-03-28 11:30:00', 27.95, 27.95, 27.95, 27.95, 700]
['2019-03-28 11:29:00', 27.95, 27.95, 27.95, 27.95, 1113]
['2019-03-28 11:28:00', 27.95, 27.95, 27.95, 27.95, 614]
['2019-03-28 11:20:00', 28.09, 28.09, 28.09, 28.09, 121]
['2019-03-28 11:15:00', 27.97, 27.97, 27.97, 27.97, 411]
['2019-03-28 11:11:00', 28.07, 28.07, 28.07, 28.07, 103]
['2019-03-28 11:04:00', 27.97, 27.97, 27.97, 27.97, 107]
['2019-03-28 11:03:00', 28.04, 28.04, 28.04, 28.04, 414]
['2019-03-28 11:01:00', 28.13, 28.13, 28.13, 28.13, 606]
['2019-03-28 10:51:00', 28.11, 28.08, 28.08, 28.11, 1520]
['2019-03-28 10:50:00', 28.1, 28.1, 28.1, 28.1, 505]
['2019-03-28 10:44:00', 28.1, 28.055, 28.055, 28.1, 317]
['2019-03-28 10:39:00', 27.83, 27.92, 27.83, 27.92, 679]
['2019-03-28 10:32:00', 27.64, 27.64, 27.64, 27.64, 200]
['2019-03-28 10:27:00', 27.71, 27.71, 27.71, 27.71, 113]
['2019-03-28 10:25:00', 27.76, 27.76, 27.76, 27.76, 201]
['2019-03-28 10:22:00', 27.65, 27.65, 27.65, 27.65, 1751]
['2019-03-28 10:21:00', 27.65, 27.65, 27.65, 27.65, 805]
['2019-03-28 10:20:00', 27.65, 27.69, 27.65, 27.69, 2013]
['2019-03-28 10:16:00', 27.69, 27.69, 27.69, 27.69, 1130]
['2019-03-28 10:15:00', 27.71, 27.71, 27.71, 27.71, 604]
['2019-03-28 10:10:00', 27.69, 27.68, 27.68, 27.69, 310]
['2019-03-28 10:06:00', 27.7, 27.7, 27.7, 27.7, 1000]
['2019-03-28 09:57:00', 27.56, 27.56, 27.56, 27.56, 101]
['2019-03-28 09:52:00', 27.6, 27.73, 27.6, 27.73, 963]
['2019-03-28 09:45:00', 27.68, 27.68, 27.68, 27.68, 245]
['2019-03-28 09:43:00', 27.45, 27.45, 27.45, 27.45, 817]
['2019-03-28 09:42:00', 27.36, 27.36, 27.36, 27.36, 433]
['2019-03-28 09:41:00', 27.62, 27.62, 27.62, 27.62, 604]
['2019-03-28 09:31:00', 27.6677, 27.6677, 27.6677, 27.6677, 509]
['2019-03-27 16:00:00', 27.82, 27.77, 27.77, 27.82, 6281]
['2019-03-27 15:59:00', 27.92, 27.77, 27.77, 27.92, 4179]
['2019-03-27 15:58:00', 27.93, 27.93, 27.93, 27.93, 2178]
['2019-03-27 15:57:00', 27.9, 27.9, 27.9, 27.9, 1389]
['2019-03-27 15:56:00', 27.96, 27.96, 27.96, 27.96, 1809]
['2019-03-27 15:55:00', 28.0, 28.11, 28.0, 28.11, 2899]
['2019-03-27 15:54:00', 27.92, 27.92, 27.92, 27.92, 500]
['2019-03-27 15:53:00', 27.96, 28.0, 27.96, 28.0, 969]
['2019-03-27 15:52:00', 27.98, 27.98, 27.98, 27.98, 800]
['2019-03-27 15:51:00', 27.93, 27.89, 27.89, 27.93, 1332]
['2019-03-27 15:50:00', 27.92, 27.92, 27.92, 27.92, 292]
['2019-03-27 15:49:00', 27.92, 27.92, 27.92, 27.92, 412]
['2019-03-27 15:48:00', 27.83, 27.83, 27.83, 27.83, 572]
['2019-03-27 15:47:00', 27.83, 27.81, 27.81, 27.83, 1049]
['2019-03-27 15:46:00', 27.73, 27.73, 27.73, 27.73, 380]
['2019-03-27 15:38:00', 27.75, 27.75, 27.75, 27.75, 909]
['2019-03-27 15:34:00', 27.69, 27.69, 27.69, 27.69, 315]
['2019-03-27 15:31:00', 27.74, 27.74, 27.74, 27.74, 503]
['2019-03-27 15:29:00', 27.65, 27.65, 27.65, 27.65, 304]
['2019-03-27 15:19:00', 27.67, 27.67, 27.67, 27.67, 457]
['2019-03-27 15:15:00', 27.68, 27.68, 27.68, 27.68, 251]
['2019-03-27 15:14:00', 27.62, 27.62, 27.62, 27.62, 106]
['2019-03-27 15:09:00', 27.67, 27.67, 27.67, 27.67, 295]
['2019-03-27 15:07:00', 27.6, 27.6, 27.6, 27.6, 150]
['2019-03-27 15:06:00', 27.69, 27.69, 27.69, 27.69, 103]
['2019-03-27 15:00:00', 27.63, 27.63, 27.63, 27.63, 1004]
['2019-03-27 14:58:00', 27.58, 27.58, 27.58, 27.58, 101]
['2019-03-27 14:51:00', 27.66, 27.66, 27.66, 27.66, 337]
['2019-03-27 14:46:00', 27.57, 27.57, 27.57, 27.57, 110]
['2019-03-27 14:42:00', 27.5, 27.5, 27.5, 27.5, 102]
['2019-03-27 14:41:00', 27.56, 27.56, 27.56, 27.56, 200]
['2019-03-27 14:38:00', 27.61, 27.62, 27.61, 27.62, 510]
['2019-03-27 14:36:00', 27.8, 27.8, 27.8, 27.8, 416]
['2019-03-27 14:35:00', 27.775, 27.775, 27.775, 27.775, 100]
['2019-03-27 14:32:00', 27.8, 27.8, 27.8, 27.8, 524]
['2019-03-27 14:30:00', 27.8, 27.8, 27.8, 27.8, 401]
['2019-03-27 14:29:00', 27.73, 27.73, 27.73, 27.73, 400]
['2019-03-27 14:24:00', 27.71, 27.71, 27.71, 27.71, 628]
['2019-03-27 14:22:00', 27.8, 27.79, 27.74, 27.8, 2273]
['2019-03-27 14:17:00', 27.86, 27.865, 27.86, 27.865, 968]
['2019-03-27 14:13:00', 27.9143, 27.9143, 27.9143, 27.9143, 905]
['2019-03-27 14:10:00', 27.8, 27.8, 27.8, 27.8, 200]
['2019-03-27 14:09:00', 27.785, 27.785, 27.785, 27.785, 302]
['2019-03-27 14:07:00', 27.8, 27.8, 27.8, 27.8, 100]
['2019-03-27 14:00:00', 27.8, 27.8, 27.8, 27.8, 332]
['2019-03-27 13:57:00', 27.81, 27.81, 27.81, 27.81, 604]
['2019-03-27 13:55:00', 27.8, 27.8, 27.8, 27.8, 404]
['2019-03-27 13:52:00', 27.775, 27.775, 27.775, 27.775, 103]
['2019-03-27 13:51:00', 27.72, 27.72, 27.72, 27.72, 502]
['2019-03-27 13:50:00', 27.8, 27.8, 27.8, 27.8, 200]
['2019-03-27 13:46:00', 27.84, 27.84, 27.84, 27.84, 105]
['2019-03-27 13:45:00', 27.78, 27.78, 27.78, 27.78, 300]
['2019-03-27 13:39:00', 27.8, 27.8, 27.8, 27.8, 1280]
['2019-03-27 13:37:00', 27.88, 27.88, 27.88, 27.88, 714]
['2019-03-27 13:36:00', 27.88, 27.88, 27.88, 27.88, 2184]
['2019-03-27 13:35:00', 27.89, 27.89, 27.89, 27.89, 612]
['2019-03-27 13:34:00', 27.82, 27.88, 27.82, 27.88, 2852]
['2019-03-27 13:33:00', 27.92, 27.92, 27.92, 27.92, 600]
['2019-03-27 13:32:00', 27.91, 27.91, 27.91, 27.91, 277]
['2019-03-27 13:31:00', 27.9, 27.99, 27.9, 27.99, 4706]
['2019-03-27 13:30:00', 27.85, 27.85, 27.85, 27.85, 500]
['2019-03-27 13:26:00', 27.7, 27.7, 27.7, 27.7, 200]
['2019-03-27 13:25:00', 27.645, 27.645, 27.645, 27.645, 205]
['2019-03-27 13:24:00', 27.55, 27.55, 27.55, 27.55, 1021]
['2019-03-27 13:22:00', 27.505, 27.53, 27.505, 27.53, 1405]
['2019-03-27 13:21:00', 27.52, 27.515, 27.515, 27.52, 4729]
['2019-03-27 13:19:00', 27.51, 27.51, 27.51, 27.51, 668]
['2019-03-27 13:18:00', 27.5, 27.5, 27.5, 27.5, 700]
['2019-03-27 13:15:00', 27.45, 27.45, 27.45, 27.45, 360]
['2019-03-27 13:14:00', 27.43, 27.43, 27.43, 27.43, 666]
['2019-03-27 13:11:00', 27.25, 27.25, 27.25, 27.25, 740]
['2019-03-27 13:10:00', 27.32, 27.32, 27.32, 27.32, 122]
['2019-03-27 13:04:00', 27.29, 27.29, 27.29, 27.29, 138]
['2019-03-27 13:03:00', 27.36, 27.36, 27.36, 27.36, 108]
['2019-03-27 13:02:00', 27.34, 27.34, 27.34, 27.34, 320]
['2019-03-27 13:01:00', 27.53, 27.53, 27.53, 27.53, 1207]
['2019-03-27 12:59:00', 27.54, 27.54, 27.54, 27.54, 210]
['2019-03-27 12:57:00', 27.6, 27.6, 27.6, 27.6, 101]
['2019-03-27 12:56:00', 27.63, 27.63, 27.63, 27.63, 203]
['2019-03-27 12:53:00', 27.7, 27.7, 27.7, 27.7, 500]
['2019-03-27 12:52:00', 27.63, 27.63, 27.63, 27.63, 523]
['2019-03-27 12:51:00', 27.73, 27.73, 27.73, 27.73, 258]
['2019-03-27 12:50:00', 27.72, 27.72, 27.72, 27.72, 103]
['2019-03-27 12:48:00', 27.67, 27.67, 27.67, 27.67, 111]
['2019-03-27 12:46:00', 27.71, 27.71, 27.71, 27.71, 444]
['2019-03-27 12:45:00', 27.66, 27.66, 27.66, 27.66, 312]
['2019-03-27 12:44:00', 27.7, 27.7, 27.7, 27.7, 215]
['2019-03-27 12:40:00', 27.69, 27.69, 27.69, 27.69, 222]
['2019-03-27 12:39:00', 27.7, 27.7, 27.7, 27.7, 825]
['2019-03-27 12:37:00', 27.65, 27.65, 27.65, 27.65, 202]
['2019-03-27 12:36:00', 27.66, 27.66, 27.66, 27.66, 403]
['2019-03-27 12:32:00', 27.61, 27.61, 27.61, 27.61, 100]
['2019-03-27 12:27:00', 27.46, 27.52, 27.46, 27.52, 1713]
['2019-03-27 12:24:00', 27.35, 27.35, 27.35, 27.35, 204]
['2019-03-27 12:22:00', 27.53, 27.53, 27.53, 27.53, 301]
['2019-03-27 12:21:00', 27.45, 27.45, 27.45, 27.45, 600]
['2019-03-27 12:19:00', 27.315, 27.315, 27.315, 27.315, 100]
['2019-03-27 12:16:00', 27.29, 27.29, 27.29, 27.29, 405]
['2019-03-27 12:15:00', 27.35, 27.35, 27.35, 27.35, 216]
['2019-03-27 12:10:00', 27.39, 27.39, 27.39, 27.39, 207]
['2019-03-27 12:06:00', 27.37, 27.37, 27.37, 27.37, 113]
['2019-03-27 12:05:00', 27.36, 27.36, 27.36, 27.36, 454]
['2019-03-27 12:01:00', 27.2836, 27.2836, 27.2836, 27.2836, 1052]
['2019-03-27 11:56:00', 27.15, 27.15, 27.15, 27.15, 368]
['2019-03-27 11:52:00', 27.35, 27.35, 27.35, 27.35, 453]
['2019-03-27 11:49:00', 27.44, 27.44, 27.44, 27.44, 501]
['2019-03-27 11:47:00', 27.35, 27.35, 27.35, 27.35, 100]
['2019-03-27 11:46:00', 27.44, 27.44, 27.44, 27.44, 1100]
['2019-03-27 11:43:00', 27.5, 27.42, 27.42, 27.5, 2839]
['2019-03-27 11:42:00', 27.52, 27.52, 27.52, 27.52, 102]
['2019-03-27 11:36:00', 27.51, 27.51, 27.51, 27.51, 998]
['2019-03-27 11:35:00', 27.55, 27.55, 27.55, 27.55, 1400]
['2019-03-27 11:33:00', 27.63, 27.63, 27.63, 27.63, 209]
['2019-03-27 11:30:00', 27.68, 27.68, 27.68, 27.68, 510]
['2019-03-27 11:27:00', 27.69, 27.69, 27.69, 27.69, 103]
['2019-03-27 11:22:00', 27.58, 27.68, 27.58, 27.68, 3959]
['2019-03-27 11:20:00', 27.63, 27.63, 27.63, 27.63, 1409]
['2019-03-27 11:16:00', 27.67, 27.67, 27.67, 27.67, 400]
['2019-03-27 11:15:00', 27.57, 27.57, 27.57, 27.57, 706]
['2019-03-27 11:12:00', 27.69, 27.595, 27.595, 27.69, 1104]
['2019-03-27 11:07:00', 27.76, 27.76, 27.76, 27.76, 500]
['2019-03-27 11:06:00', 27.68, 27.68, 27.68, 27.68, 1049]
['2019-03-27 11:04:00', 27.61, 27.61, 27.61, 27.61, 503]
['2019-03-27 11:03:00', 27.69, 27.69, 27.69, 27.69, 600]
['2019-03-27 11:02:00', 27.75, 27.75, 27.75, 27.75, 1104]
['2019-03-27 11:00:00', 27.64, 27.64, 27.64, 27.64, 100]
['2019-03-27 10:57:00', 27.71, 27.71, 27.71, 27.71, 123]
['2019-03-27 10:55:00', 27.55, 27.55, 27.55, 27.55, 150]
['2019-03-27 10:54:00', 27.5164, 27.5164, 27.5164, 27.5164, 550]
['2019-03-27 10:52:00', 27.53, 27.53, 27.53, 27.53, 189]
['2019-03-27 10:47:00', 27.48, 27.48, 27.48, 27.48, 111]
['2019-03-27 10:44:00', 27.6083, 27.6083, 27.6083, 27.6083, 117]
['2019-03-27 10:43:00', 27.6, 27.6, 27.6, 27.6, 307]
['2019-03-27 10:36:00', 27.72, 27.72, 27.72, 27.72, 114]
['2019-03-27 10:31:00', 27.66, 27.66, 27.66, 27.66, 203]
['2019-03-27 10:30:00', 27.76, 27.76, 27.76, 27.76, 505]
['2019-03-27 10:28:00', 27.74, 27.74, 27.74, 27.74, 246]
['2019-03-27 10:21:00', 27.99, 27.98, 27.98, 27.99, 1125]
['2019-03-27 10:14:00', 28.03, 28.03, 28.03, 28.03, 322]
['2019-03-27 10:13:00', 28.04, 28.04, 28.04, 28.04, 901]
['2019-03-27 10:10:00', 27.89, 27.89, 27.89, 27.89, 201]
['2019-03-27 10:08:00', 28.13, 28.13, 28.13, 28.13, 1580]
['2019-03-27 10:01:00', 28.17, 28.17, 28.17, 28.17, 234]
['2019-03-27 09:59:00', 28.07, 28.07, 28.07, 28.07, 115]
['2019-03-27 09:57:00', 28.09, 28.07, 28.07, 28.09, 1517]
['2019-03-27 09:56:00', 28.18, 28.18, 28.18, 28.18, 509]
['2019-03-27 09:53:00', 28.36, 28.36, 28.36, 28.36, 543]
['2019-03-27 09:52:00', 28.23, 28.23, 28.23, 28.23, 717]
['2019-03-27 09:51:00', 28.17, 28.17, 28.17, 28.17, 809]
['2019-03-27 09:50:00', 28.17, 28.17, 28.17, 28.17, 800]
['2019-03-27 09:49:00', 28.03, 28.03, 28.03, 28.03, 705]
['2019-03-27 09:47:00', 28.02, 28.02, 28.02, 28.02, 1883]
['2019-03-27 09:46:00', 28.1, 28.1, 28.1, 28.1, 1353]
['2019-03-27 09:40:00', 28.2417, 28.2417, 28.2417, 28.2417, 848]
['2019-03-27 09:36:00', 28.42, 28.42, 28.42, 28.42, 202]
['2019-03-27 09:31:00', 28.39, 28.39, 28.39, 28.39, 998]
['2019-03-26 16:00:00', 28.31, 28.33, 28.31, 28.33, 8652]
['2019-03-26 15:59:00', 28.29, 28.35, 28.29, 28.35, 2274]
['2019-03-26 15:58:00', 28.28, 28.34, 28.28, 28.34, 2767]
['2019-03-26 15:57:00', 28.28, 28.33, 28.28, 28.33, 1666]
['2019-03-26 15:56:00', 28.32, 28.29, 28.29, 28.32, 3236]
['2019-03-26 15:55:00', 28.265, 28.265, 28.265, 28.265, 971]
['2019-03-26 15:52:00', 28.19, 28.19, 28.19, 28.19, 1257]
['2019-03-26 15:51:00', 28.2, 28.2, 28.2, 28.2, 843]
['2019-03-26 15:50:00', 28.14, 28.14, 28.14, 28.14, 2110]
['2019-03-26 15:49:00', 28.06, 28.06, 28.06, 28.06, 503]
['2019-03-26 15:48:00', 28.115, 28.115, 28.115, 28.115, 512]
['2019-03-26 15:47:00', 28.15, 28.15, 28.15, 28.15, 509]
['2019-03-26 15:46:00', 28.14, 28.14, 28.14, 28.14, 1678]
['2019-03-26 15:45:00', 28.2, 28.2, 28.2, 28.2, 1793]
['2019-03-26 15:44:00', 28.2, 28.2, 28.2, 28.2, 343]
['2019-03-26 15:40:00', 28.28, 28.26, 28.26, 28.28, 768]
['2019-03-26 15:37:00', 28.34, 28.34, 28.34, 28.34, 1185]
['2019-03-26 15:36:00', 28.32, 28.32, 28.32, 28.32, 713]
['2019-03-26 15:30:00', 28.26, 28.26, 28.26, 28.26, 527]
['2019-03-26 15:29:00', 28.3, 28.3, 28.3, 28.3, 767]
['2019-03-26 15:28:00', 28.32, 28.32, 28.32, 28.32, 211]
['2019-03-26 15:24:00', 28.2805, 28.3, 28.2805, 28.3, 1437]
['2019-03-26 15:23:00', 28.24, 28.24, 28.24, 28.24, 540]
['2019-03-26 15:22:00', 28.2769, 28.2769, 28.2769, 28.2769, 2040]
['2019-03-26 15:19:00', 28.32, 28.26, 28.26, 28.32, 1007]
['2019-03-26 15:17:00', 28.36, 28.36, 28.36, 28.36, 308]
['2019-03-26 15:15:00', 28.34, 28.33, 28.33, 28.34, 948]
['2019-03-26 15:14:00', 28.37, 28.37, 28.37, 28.37, 216]
['2019-03-26 15:09:00', 28.26, 28.26, 28.26, 28.26, 469]
['2019-03-26 15:08:00', 28.22, 28.2, 28.2, 28.22, 3060]
['2019-03-26 15:07:00', 28.2464, 28.2464, 28.2464, 28.2464, 214]
['2019-03-26 15:05:00', 28.34, 28.34, 28.34, 28.34, 314]
['2019-03-26 15:03:00', 28.2, 28.22, 28.2, 28.22, 1471]
['2019-03-26 15:01:00', 28.1, 28.1, 28.1, 28.1, 311]
['2019-03-26 14:56:00', 28.02, 28.02, 28.02, 28.02, 413]
['2019-03-26 14:53:00', 27.95, 27.95, 27.95, 27.95, 524]
['2019-03-26 14:47:00', 28.03, 28.03, 28.03, 28.03, 667]
['2019-03-26 14:45:00', 28.07, 28.07, 28.07, 28.07, 111]
['2019-03-26 14:43:00', 28.07, 28.07, 28.07, 28.07, 750]
['2019-03-26 14:41:00', 27.94, 27.94, 27.94, 27.94, 109]
['2019-03-26 14:40:00', 27.9368, 27.9368, 27.9368, 27.9368, 191]
['2019-03-26 14:37:00', 27.93, 27.93, 27.93, 27.93, 100]
['2019-03-26 14:33:00', 28.07, 27.89, 27.89, 28.07, 2584]
['2019-03-26 14:23:00', 28.07, 28.185, 28.07, 28.185, 491]
['2019-03-26 14:04:00', 27.85, 27.85, 27.85, 27.85, 488]
['2019-03-26 13:58:00', 27.9, 27.9, 27.9, 27.9, 401]
['2019-03-26 13:57:00', 27.88, 27.88, 27.88, 27.88, 529]
['2019-03-26 13:55:00', 27.88, 27.88, 27.88, 27.88, 102]
['2019-03-26 13:36:00', 27.94, 27.94, 27.94, 27.94, 1434]
['2019-03-26 13:34:00', 28.0, 28.0, 28.0, 28.0, 320]
['2019-03-26 13:30:00', 27.98, 27.93, 27.93, 27.98, 461]
['2019-03-26 13:28:00', 28.0, 28.0, 28.0, 28.0, 208]
['2019-03-26 13:24:00', 28.09, 28.09, 28.09, 28.09, 218]
['2019-03-26 13:23:00', 28.0407, 28.0407, 28.0407, 28.0407, 791]
['2019-03-26 13:20:00', 27.98, 28.0514, 27.98, 28.0514, 336]
['2019-03-26 13:18:00', 28.0446, 28.0446, 28.0446, 28.0446, 303]
['2019-03-26 13:15:00', 28.09, 28.09, 28.09, 28.09, 212]
['2019-03-26 13:10:00', 27.94, 27.94, 27.94, 27.94, 297]
['2019-03-26 13:08:00', 27.94, 27.94, 27.94, 27.94, 207]
['2019-03-26 13:05:00', 27.98, 27.98, 27.98, 27.98, 322]
['2019-03-26 13:02:00', 27.88, 27.88, 27.88, 27.88, 108]
['2019-03-26 13:00:00', 27.9, 27.9, 27.9, 27.9, 137]
['2019-03-26 12:59:00', 27.98, 27.98, 27.98, 27.98, 227]
['2019-03-26 12:53:00', 28.07, 27.9605, 27.9605, 28.07, 865]
['2019-03-26 12:52:00', 28.12, 28.12, 28.12, 28.12, 715]
['2019-03-26 12:49:00', 28.02, 28.02, 28.02, 28.02, 626]
['2019-03-26 12:48:00', 28.03, 28.03, 28.03, 28.03, 566]
['2019-03-26 12:47:00', 28.1, 28.1, 28.1, 28.1, 133]
['2019-03-26 12:46:00', 28.15, 28.16, 28.15, 28.16, 996]
['2019-03-26 12:45:00', 28.14, 28.14, 28.14, 28.14, 571]
['2019-03-26 12:44:00', 28.09, 28.16, 28.09, 28.16, 1759]
['2019-03-26 12:43:00', 28.2106, 28.15, 28.15, 28.25, 2867]
['2019-03-26 12:42:00', 28.24, 28.24, 28.24, 28.24, 420]
['2019-03-26 12:41:00', 28.24, 28.14, 28.14, 28.24, 2998]
['2019-03-26 12:40:00', 28.285, 28.285, 28.285, 28.285, 518]
['2019-03-26 12:39:00', 28.28, 28.28, 28.28, 28.28, 704]
['2019-03-26 12:38:00', 28.274, 28.274, 28.274, 28.274, 307]
['2019-03-26 12:35:00', 28.2, 28.2, 28.2, 28.2, 1198]
['2019-03-26 12:34:00', 28.32, 28.21, 28.21, 28.32, 1419]
['2019-03-26 12:30:00', 28.31, 28.31, 28.31, 28.31, 207]
['2019-03-26 12:25:00', 28.39, 28.39, 28.39, 28.39, 300]
['2019-03-26 12:20:00', 28.5812, 28.51, 28.51, 28.5812, 1857]
['2019-03-26 12:19:00', 28.51, 28.51, 28.51, 28.51, 301]
['2019-03-26 12:04:00', 28.39, 28.39, 28.39, 28.39, 574]
['2019-03-26 12:03:00', 28.36, 28.395, 28.36, 28.4, 4714]
['2019-03-26 12:02:00', 28.19, 28.19, 28.19, 28.19, 149]
['2019-03-26 11:56:00', 28.19, 28.19, 28.19, 28.19, 217]
['2019-03-26 11:52:00', 28.2, 28.2, 28.2, 28.2, 639]
['2019-03-26 11:48:00', 28.2, 28.2, 28.2, 28.2, 715]
['2019-03-26 11:46:00', 28.2, 28.28, 28.2, 28.28, 1452]
['2019-03-26 11:45:00', 28.2, 28.2, 28.2, 28.2, 2191]
['2019-03-26 11:42:00', 28.15, 28.15, 28.15, 28.15, 517]
['2019-03-26 11:33:00', 27.97, 27.97, 27.97, 27.97, 431]
['2019-03-26 11:29:00', 27.93, 27.93, 27.93, 27.93, 212]
['2019-03-26 11:27:00', 27.98, 27.99, 27.98, 27.99, 566]
['2019-03-26 11:25:00', 27.9466, 27.9466, 27.9466, 27.9466, 1103]
['2019-03-26 11:20:00', 28.15, 27.9838, 27.9838, 28.15, 769]
['2019-03-26 11:14:00', 28.14, 28.14, 28.14, 28.14, 159]
['2019-03-26 11:08:00', 28.1952, 28.1952, 28.1952, 28.1952, 265]
['2019-03-26 11:05:00', 28.149, 28.149, 28.149, 28.149, 470]
['2019-03-26 11:04:00', 28.22, 28.22, 28.22, 28.22, 709]
['2019-03-26 11:02:00', 28.31, 28.31, 28.31, 28.31, 112]
['2019-03-26 10:58:00', 28.33, 28.31, 28.31, 28.33, 1683]
['2019-03-26 10:57:00', 28.3, 28.3, 28.3, 28.3, 801]
['2019-03-26 10:53:00', 28.18, 28.18, 28.18, 28.18, 118]
['2019-03-26 10:50:00', 27.94, 27.96, 27.94, 27.96, 746]
['2019-03-26 10:48:00', 27.76, 27.76, 27.76, 27.76, 229]
['2019-03-26 10:41:00', 27.875, 27.875, 27.875, 27.875, 718]
['2019-03-26 10:35:00', 27.67, 27.67, 27.67, 27.67, 435]
['2019-03-26 10:31:00', 27.63, 27.63, 27.63, 27.63, 601]
['2019-03-26 10:27:00', 27.67, 27.67, 27.67, 27.67, 102]
['2019-03-26 10:26:00', 27.7478, 27.7478, 27.7478, 27.7478, 1033]
['2019-03-26 10:22:00', 27.63, 27.63, 27.63, 27.63, 1134]
['2019-03-26 10:13:00', 27.77, 27.77, 27.77, 27.77, 2678]
['2019-03-26 10:10:00', 27.83, 27.83, 27.83, 27.83, 805]
['2019-03-26 10:08:00', 27.73, 27.73, 27.73, 27.73, 502]
['2019-03-26 10:07:00', 27.715, 27.715, 27.715, 27.715, 100]
['2019-03-26 10:02:00', 27.62, 27.62, 27.62, 27.62, 306]
['2019-03-26 09:58:00', 27.715, 27.74, 27.715, 27.74, 816]
['2019-03-26 09:55:00', 27.715, 27.715, 27.715, 27.715, 102]
['2019-03-26 09:51:00', 27.45, 27.45, 27.45, 27.45, 103]
['2019-03-26 09:47:00', 27.58, 27.59, 27.58, 27.59, 826]
['2019-03-26 09:38:00', 27.8, 27.8, 27.8, 27.8, 1015]
['2019-03-26 09:33:00', 27.6878, 27.6878, 27.6878, 27.6878, 1006]
['2019-03-25 16:00:00', 27.365, 27.31, 27.31, 27.365, 4677]
['2019-03-25 15:59:00', 27.29, 27.33, 27.29, 27.33, 4761]
['2019-03-25 15:58:00', 27.32, 27.33, 27.31, 27.34, 6975]
['2019-03-25 15:57:00', 27.33, 27.33, 27.33, 27.33, 1528]
['2019-03-25 15:56:00', 27.29, 27.35, 27.29, 27.35, 1396]
['2019-03-25 15:55:00', 27.36, 27.36, 27.36, 27.36, 1785]
['2019-03-25 15:54:00', 27.36, 27.34, 27.34, 27.36, 952]
['2019-03-25 15:53:00', 27.35, 27.35, 27.35, 27.35, 1150]
['2019-03-25 15:52:00', 27.35, 27.35, 27.35, 27.35, 833]
['2019-03-25 15:51:00', 27.21, 27.35, 27.21, 27.35, 4156]
['2019-03-25 15:50:00', 27.2, 27.2, 27.2, 27.2, 825]
['2019-03-25 15:49:00', 27.1, 27.2, 27.1, 27.2, 2739]
['2019-03-25 15:47:00', 27.065, 27.03, 27.03, 27.065, 784]
['2019-03-25 15:46:00', 27.03, 27.03, 27.03, 27.03, 679]
['2019-03-25 15:45:00', 26.95, 27.03, 26.95, 27.03, 5745]
['2019-03-25 15:44:00', 26.985, 26.985, 26.985, 26.985, 701]
['2019-03-25 15:43:00', 26.915, 27.0, 26.915, 27.0, 4479]
['2019-03-25 15:42:00', 26.915, 26.915, 26.915, 26.915, 606]
['2019-03-25 15:41:00', 26.915, 26.915, 26.915, 26.915, 663]
['2019-03-25 15:40:00', 26.94, 26.915, 26.915, 26.97, 4279]
['2019-03-25 15:39:00', 27.0385, 27.0238, 27.0238, 27.0385, 2706]
['2019-03-25 15:36:00', 27.14, 27.085, 27.085, 27.14, 252]
['2019-03-25 15:34:00', 27.1, 27.1, 27.1, 27.1, 206]
['2019-03-25 15:32:00', 27.1399, 27.1399, 27.1399, 27.1399, 1145]
['2019-03-25 15:31:00', 27.05, 27.05, 27.05, 27.05, 207]
['2019-03-25 15:30:00', 27.02, 27.02, 27.02, 27.02, 249]
['2019-03-25 15:28:00', 27.11, 27.085, 27.085, 27.11, 620]
['2019-03-25 15:27:00', 27.16, 27.16, 27.16, 27.16, 414]
['2019-03-25 15:24:00', 27.155, 27.155, 27.155, 27.155, 311]
['2019-03-25 15:23:00', 27.16, 27.16, 27.16, 27.16, 1402]
['2019-03-25 15:20:00', 27.11, 27.11, 27.11, 27.11, 103]
['2019-03-25 15:18:00', 27.1, 27.1, 27.1, 27.1, 314]
['2019-03-25 15:15:00', 27.18, 27.18, 27.18, 27.18, 311]
['2019-03-25 15:14:00', 27.23, 27.16, 27.16, 27.23, 1412]
['2019-03-25 15:13:00', 27.26, 27.26, 27.26, 27.26, 105]
['2019-03-25 15:11:00', 27.23, 27.23, 27.23, 27.23, 157]
['2019-03-25 15:10:00', 27.24, 27.24, 27.24, 27.24, 106]
['2019-03-25 15:09:00', 27.29, 27.29, 27.29, 27.29, 312]
['2019-03-25 15:07:00', 27.24, 27.24, 27.24, 27.24, 102]
['2019-03-25 15:03:00', 27.33, 27.33, 27.33, 27.33, 204]
['2019-03-25 15:02:00', 27.31, 27.31, 27.31, 27.31, 832]
['2019-03-25 15:01:00', 27.33, 27.33, 27.33, 27.33, 1601]
['2019-03-25 15:00:00', 27.23, 27.23, 27.23, 27.23, 102]
['2019-03-25 14:58:00', 27.26, 27.26, 27.26, 27.26, 466]
['2019-03-25 14:57:00', 27.16, 27.16, 27.16, 27.16, 208]
['2019-03-25 14:56:00', 27.115, 27.115, 27.115, 27.115, 323]
['2019-03-25 14:54:00', 27.16, 27.16, 27.16, 27.16, 201]
['2019-03-25 14:53:00', 27.22, 27.22, 27.22, 27.22, 101]
['2019-03-25 14:51:00', 27.21, 27.21, 27.21, 27.21, 304]
['2019-03-25 14:48:00', 27.08, 27.08, 27.08, 27.08, 401]
['2019-03-25 14:47:00', 27.0, 27.0, 27.0, 27.0, 400]
['2019-03-25 14:46:00', 27.04, 27.0303, 27.0303, 27.04, 3091]
['2019-03-25 14:45:00', 27.0, 27.0, 27.0, 27.0, 201]
['2019-03-25 14:43:00', 27.01, 27.02, 27.01, 27.02, 603]
['2019-03-25 14:42:00', 27.01, 27.01, 27.01, 27.01, 301]
['2019-03-25 14:40:00', 26.8999, 26.895, 26.895, 26.8999, 1302]
['2019-03-25 14:38:00', 26.87, 26.92, 26.87, 26.92, 2102]
['2019-03-25 14:37:00', 26.77, 26.85, 26.77, 26.85, 306]
['2019-03-25 14:34:00', 26.8, 26.7727, 26.7727, 26.8, 651]
['2019-03-25 14:33:00', 26.73, 26.73, 26.73, 26.73, 273]
['2019-03-25 14:31:00', 26.8054, 26.775, 26.775, 26.8054, 2123]
['2019-03-25 14:30:00', 26.74, 26.74, 26.74, 26.74, 218]
['2019-03-25 14:29:00', 26.7525, 26.7525, 26.7525, 26.7525, 271]
['2019-03-25 14:28:00', 26.785, 26.785, 26.785, 26.785, 2538]
['2019-03-25 14:27:00', 26.74, 26.74, 26.74, 26.74, 127]
['2019-03-25 14:25:00', 26.8, 26.8, 26.8, 26.8, 314]
['2019-03-25 14:22:00', 26.78, 26.78, 26.78, 26.78, 226]
['2019-03-25 14:19:00', 26.82, 26.82, 26.82, 26.82, 354]
['2019-03-25 14:16:00', 26.82, 26.82, 26.82, 26.82, 703]
['2019-03-25 14:12:00', 26.75, 26.75, 26.75, 26.75, 405]
['2019-03-25 14:10:00', 26.72, 26.72, 26.72, 26.72, 234]
['2019-03-25 14:08:00', 26.79, 26.79, 26.79, 26.79, 203]
['2019-03-25 14:06:00', 26.79, 26.79, 26.79, 26.79, 311]
['2019-03-25 14:03:00', 26.9, 26.9, 26.9, 26.9, 352]
['2019-03-25 14:01:00', 26.9971, 26.9971, 26.9971, 26.9971, 572]
['2019-03-25 13:59:00', 27.03, 27.03, 27.03, 27.03, 311]
['2019-03-25 13:55:00', 27.1056, 27.0, 27.0, 27.1056, 4798]
['2019-03-25 13:49:00', 27.13, 27.13, 27.13, 27.13, 594]
['2019-03-25 13:47:00', 27.1754, 27.1754, 27.1754, 27.1754, 2101]
['2019-03-25 13:43:00', 27.18, 27.18, 27.18, 27.18, 113]
['2019-03-25 13:40:00', 27.175, 27.175, 27.175, 27.175, 167]
['2019-03-25 13:37:00', 27.12, 27.12, 27.12, 27.12, 1002]
['2019-03-25 13:36:00', 27.12, 27.12, 27.12, 27.12, 773]
['2019-03-25 13:33:00', 27.08, 27.06, 27.06, 27.08, 405]
['2019-03-25 13:32:00', 27.05, 27.045, 27.045, 27.05, 2757]
['2019-03-25 13:31:00', 27.02, 27.12, 27.02, 27.15, 3209]
['2019-03-25 13:29:00', 27.24, 27.24, 27.24, 27.24, 309]
['2019-03-25 13:28:00', 27.3, 27.3, 27.3, 27.3, 201]
['2019-03-25 13:25:00', 27.25, 27.265, 27.25, 27.265, 2002]
['2019-03-25 13:23:00', 27.3, 27.3, 27.3, 27.3, 865]
['2019-03-25 13:22:00', 27.335, 27.335, 27.335, 27.335, 101]
['2019-03-25 13:20:00', 27.35, 27.355, 27.35, 27.355, 501]
['2019-03-25 13:17:00', 27.36, 27.3, 27.3, 27.36, 1037]
['2019-03-25 13:14:00', 27.395, 27.34, 27.34, 27.395, 514]
['2019-03-25 13:10:00', 27.32, 27.32, 27.32, 27.32, 279]
['2019-03-25 13:09:00', 27.385, 27.385, 27.385, 27.385, 841]
['2019-03-25 13:07:00', 27.38, 27.38, 27.38, 27.38, 502]
['2019-03-25 13:06:00', 27.29, 27.29, 27.29, 27.29, 1531]
['2019-03-25 13:05:00', 27.32, 27.32, 27.32, 27.32, 518]
['2019-03-25 13:03:00', 27.33, 27.33, 27.33, 27.33, 305]
['2019-03-25 13:02:00', 27.47, 27.47, 27.47, 27.47, 596]
['2019-03-25 13:01:00', 27.47, 27.47, 27.47, 27.47, 502]
['2019-03-25 13:00:00', 27.52, 27.535, 27.52, 27.535, 602]
['2019-03-25 12:57:00', 27.56, 27.56, 27.56, 27.56, 815]
['2019-03-25 12:56:00', 27.51, 27.51, 27.51, 27.51, 1000]
['2019-03-25 12:55:00', 27.575, 27.575, 27.575, 27.575, 613]
['2019-03-25 12:53:00', 27.56, 27.56, 27.56, 27.56, 389]
['2019-03-25 12:52:00', 27.54, 27.5, 27.5, 27.54, 1433]
['2019-03-25 12:51:00', 27.5, 27.5, 27.5, 27.5, 651]
['2019-03-25 12:50:00', 27.56, 27.56, 27.56, 27.56, 400]
['2019-03-25 12:47:00', 27.61, 27.61, 27.61, 27.61, 803]
['2019-03-25 12:45:00', 27.53, 27.53, 27.53, 27.53, 519]
['2019-03-25 12:43:00', 27.57, 27.57, 27.57, 27.57, 204]
['2019-03-25 12:42:00', 27.58, 27.58, 27.58, 27.58, 337]
['2019-03-25 12:41:00', 27.619, 27.62, 27.619, 27.62, 2885]
['2019-03-25 12:40:00', 27.56, 27.56, 27.56, 27.56, 302]
['2019-03-25 12:37:00', 27.51, 27.51, 27.51, 27.51, 104]
['2019-03-25 12:34:00', 27.67, 27.67, 27.67, 27.67, 103]
['2019-03-25 12:29:00', 27.74, 27.74, 27.74, 27.74, 922]
['2019-03-25 12:27:00', 27.88, 27.88, 27.88, 27.88, 491]
['2019-03-25 12:26:00', 27.89, 27.89, 27.89, 27.89, 312]
['2019-03-25 12:24:00', 27.9, 27.9, 27.9, 27.9, 101]
['2019-03-25 12:22:00', 27.89, 27.89, 27.89, 27.89, 101]
['2019-03-25 12:15:00', 27.88, 27.88, 27.88, 27.88, 307]
['2019-03-25 12:12:00', 27.91, 27.95, 27.91, 27.95, 403]
['2019-03-25 12:10:00', 27.89, 27.89, 27.89, 27.89, 691]
['2019-03-25 12:05:00', 28.0, 28.0, 28.0, 28.0, 314]
['2019-03-25 12:03:00', 27.92, 27.92, 27.92, 27.92, 212]
['2019-03-25 11:58:00', 27.94, 27.94, 27.94, 27.94, 203]
['2019-03-25 11:56:00', 27.9, 27.9, 27.9, 27.9, 282]
['2019-03-25 11:51:00', 27.95, 27.98, 27.95, 27.98, 807]
['2019-03-25 11:50:00', 28.02, 28.02, 28.02, 28.02, 402]
['2019-03-25 11:46:00', 28.1, 28.105, 28.1, 28.105, 1920]
['2019-03-25 11:44:00', 28.12, 28.12, 28.12, 28.12, 403]
['2019-03-25 11:42:00', 28.1, 28.1, 28.1, 28.1, 424]
['2019-03-25 11:39:00', 28.18, 28.18, 28.18, 28.18, 213]
['2019-03-25 11:36:00', 28.17, 28.17, 28.17, 28.17, 800]
['2019-03-25 11:34:00', 28.21, 28.21, 28.21, 28.21, 602]
['2019-03-25 11:27:00', 28.25, 28.33, 28.25, 28.33, 978]
['2019-03-25 11:25:00', 28.2, 28.2, 28.2, 28.2, 536]
['2019-03-25 11:19:00', 28.31, 28.31, 28.31, 28.31, 661]
['2019-03-25 11:17:00', 28.39, 28.39, 28.39, 28.39, 152]
['2019-03-25 11:12:00', 28.397, 28.397, 28.397, 28.397, 592]
['2019-03-25 11:10:00', 28.41, 28.41, 28.41, 28.41, 201]
['2019-03-25 11:08:00', 28.31, 28.31, 28.31, 28.31, 201]
['2019-03-25 11:06:00', 28.32, 28.32, 28.32, 28.32, 301]
['2019-03-25 11:04:00', 28.18, 28.12, 28.12, 28.18, 802]
['2019-03-25 11:01:00', 28.37, 28.37, 28.37, 28.37, 601]
['2019-03-25 10:59:00', 28.525, 28.525, 28.525, 28.525, 302]
['2019-03-25 10:57:00', 28.3701, 28.3701, 28.3701, 28.3701, 701]
['2019-03-25 10:55:00', 28.28, 28.365, 28.28, 28.365, 6096]
['2019-03-25 10:51:00', 28.25, 28.25, 28.25, 28.25, 351]
['2019-03-25 10:50:00', 28.2, 28.2, 28.2, 28.2, 940]
['2019-03-25 10:49:00', 28.085, 28.085, 28.085, 28.085, 220]
['2019-03-25 10:48:00', 28.07, 28.07, 28.07, 28.07, 287]
['2019-03-25 10:45:00', 28.17, 28.17, 28.17, 28.17, 496]
['2019-03-25 10:42:00', 28.1, 28.12, 28.1, 28.12, 568]
['2019-03-25 10:41:00', 28.0, 27.98, 27.98, 28.0, 2254]
['2019-03-25 10:39:00', 28.08, 28.065, 28.065, 28.08, 1696]
['2019-03-25 10:37:00', 28.08, 28.08, 28.08, 28.08, 451]
['2019-03-25 10:36:00', 28.1, 28.1, 28.1, 28.1, 801]
['2019-03-25 10:33:00', 28.31, 28.31, 28.31, 28.31, 107]
['2019-03-25 10:28:00', 28.055, 28.15, 28.055, 28.15, 1471]
['2019-03-25 10:27:00', 28.065, 28.065, 28.065, 28.065, 401]
['2019-03-25 10:25:00', 28.065, 28.065, 28.065, 28.065, 2525]
['2019-03-25 10:10:00', 28.23, 28.23, 28.23, 28.23, 372]
['2019-03-25 10:08:00', 28.365, 28.13, 28.13, 28.365, 2405]
['2019-03-25 10:05:00', 28.28, 28.28, 28.28, 28.28, 110]
['2019-03-25 10:04:00', 28.44, 28.44, 28.44, 28.44, 211]
['2019-03-25 10:02:00', 28.41, 28.41, 28.41, 28.41, 678]
['2019-03-25 10:01:00', 28.49, 28.49, 28.49, 28.49, 451]
['2019-03-25 09:57:00', 28.355, 28.355, 28.355, 28.355, 1833]
['2019-03-25 09:56:00', 28.34, 28.34, 28.34, 28.34, 786]
['2019-03-25 09:53:00', 28.2901, 28.36, 28.2901, 28.36, 701]
['2019-03-25 09:51:00', 28.195, 28.195, 28.195, 28.195, 1000]
['2019-03-25 09:50:00', 28.195, 28.195, 28.195, 28.195, 650]
['2019-03-25 09:47:00', 28.21, 28.21, 28.21, 28.21, 343]
['2019-03-25 09:46:00', 28.38, 28.36, 28.36, 28.38, 1339]
['2019-03-25 09:39:00', 28.59, 28.59, 28.59, 28.59, 514]
['2019-03-25 09:37:00', 28.6, 28.6, 28.6, 28.6, 771]
['2019-03-25 09:32:00', 28.56, 28.56, 28.56, 28.56, 164]
['2019-03-25 09:31:00', 28.92, 28.21, 28.18, 28.92, 12091]
