ARDS
['2019-03-29 14:07:00', 11.4, 11.4, 11.4, 11.4, 263]
['2019-03-29 13:55:00', 11.05, 11.05, 11.05, 11.05, 100]
['2019-03-29 13:30:00', 11.51, 11.5, 11.5, 11.51, 824]
['2019-03-29 13:03:00', 11.523, 11.523, 11.523, 11.523, 100]
['2019-03-29 09:41:00', 10.75, 10.75, 10.75, 10.75, 160]
['2019-03-28 15:42:00', 10.56, 10.56, 10.56, 10.56, 0]
['2019-03-28 09:56:00', 10.0013, 10.0013, 10.0013, 10.0013, 591]
['2019-03-28 09:36:00', 9.7501, 9.7501, 9.7501, 9.7501, 0]
['2019-03-27 16:00:00', 11.56, 11.59, 11.56, 11.59, 2134]
['2019-03-27 14:57:00', 11.4, 11.4, 11.4, 11.4, 334]
['2019-03-27 11:29:00', 11.12, 11.0, 10.96, 11.12, 1074]
['2019-03-27 11:18:00', 10.64, 10.64, 10.64, 10.64, 0]
['2019-03-26 15:27:00', 10.4033, 10.4033, 10.4033, 10.4033, 1218]
['2019-03-26 15:24:00', 10.75, 10.75, 10.75, 10.75, 144]
['2019-03-26 12:15:00', 11.3172, 11.3172, 11.3172, 11.3172, 453]
['2019-03-26 10:20:00', 11.76, 11.76, 11.76, 11.76, 335]
['2019-03-25 13:52:00', 10.63, 10.63, 10.63, 10.63, 0]
['2019-03-25 12:51:00', 11.39, 11.39, 11.39, 11.39, 100]
['2019-03-25 10:31:00', 11.06, 11.06, 11.06, 11.06, 511]
['2019-03-25 09:59:00', 10.27, 10.27, 10.27, 10.27, 110]
['2019-03-25 09:38:00', 9.9838, 9.9838, 9.9838, 9.9838, 269]
['2019-03-25 09:31:00', 11.6, 11.6, 11.6, 11.6, 0]
