AUTO
['2019-03-29 15:59:00', 3.78, 3.7811, 3.78, 3.79, 1233]
['2019-03-29 15:54:00', 3.8, 3.78, 3.78, 3.8, 600]
['2019-03-29 15:53:00', 3.785, 3.77, 3.77, 3.785, 200]
['2019-03-29 15:51:00', 3.79, 3.8, 3.79, 3.8, 400]
['2019-03-29 15:50:00', 3.76, 3.76, 3.76, 3.76, 100]
['2019-03-29 15:49:00', 3.78, 3.78, 3.78, 3.78, 300]
['2019-03-29 15:44:00', 3.78, 3.78, 3.78, 3.78, 100]
['2019-03-29 15:43:00', 3.8, 3.8, 3.8, 3.8, 200]
['2019-03-29 15:36:00', 3.79, 3.7788, 3.7788, 3.79, 2107]
['2019-03-29 15:34:00', 3.76, 3.76, 3.76, 3.76, 100]
['2019-03-29 15:33:00', 3.789, 3.79, 3.789, 3.79, 2444]
['2019-03-29 15:29:00', 3.775, 3.775, 3.775, 3.775, 178]
['2019-03-29 15:17:00', 3.76, 3.76, 3.76, 3.76, 269]
['2019-03-29 15:09:00', 3.76, 3.76, 3.76, 3.76, 143]
['2019-03-29 15:04:00', 3.79, 3.7899, 3.7899, 3.79, 1668]
['2019-03-29 14:59:00', 3.76, 3.76, 3.76, 3.76, 531]
['2019-03-29 14:55:00', 3.76, 3.76, 3.76, 3.76, 130]
['2019-03-29 14:53:00', 3.81, 3.82, 3.81, 3.82, 2104]
['2019-03-29 14:52:00', 3.81, 3.81, 3.81, 3.81, 227]
['2019-03-29 14:36:00', 3.84, 3.84, 3.84, 3.84, 170]
['2019-03-29 14:33:00', 3.81, 3.81, 3.81, 3.81, 121]
['2019-03-29 13:57:00', 3.84, 3.84, 3.84, 3.84, 2901]
['2019-03-29 13:56:00', 3.84, 3.84, 3.84, 3.84, 571]
['2019-03-29 13:55:00', 3.84, 3.84, 3.84, 3.84, 100]
['2019-03-29 13:53:00', 3.8875, 3.8875, 3.8875, 3.8875, 100]
['2019-03-29 13:13:00', 3.83, 3.83, 3.83, 3.83, 507]
['2019-03-29 13:07:00', 3.93, 3.93, 3.93, 3.93, 234]
['2019-03-29 13:04:00', 3.92, 3.92, 3.92, 3.92, 100]
['2019-03-29 12:46:00', 3.898, 3.898, 3.898, 3.898, 644]
['2019-03-29 12:35:00', 3.81, 3.81, 3.81, 3.81, 173]
['2019-03-29 12:30:00', 3.8, 3.8, 3.8, 3.8, 137]
['2019-03-29 12:28:00', 3.81, 3.81, 3.81, 3.81, 100]
['2019-03-29 12:20:00', 3.8, 3.8, 3.8, 3.8, 797]
['2019-03-29 11:50:00', 3.83, 3.8, 3.8, 3.83, 2101]
['2019-03-29 11:42:00', 3.84, 3.83, 3.83, 3.84, 1103]
['2019-03-29 11:41:00', 3.84, 3.84, 3.84, 3.84, 100]
['2019-03-29 11:40:00', 3.84, 3.84, 3.84, 3.86, 500]
['2019-03-29 11:36:00', 3.87, 3.85, 3.85, 3.87, 1463]
['2019-03-29 10:09:00', 3.9, 3.91, 3.9, 3.91, 479]
['2019-03-29 09:41:00', 4.0604, 4.0604, 4.0604, 4.0604, 0]
['2019-03-28 16:00:00', 3.88, 3.87, 3.87, 3.88, 466]
['2019-03-28 15:55:00', 3.87, 3.87, 3.87, 3.87, 239]
['2019-03-28 15:52:00', 3.86, 3.86, 3.86, 3.86, 113]
['2019-03-28 15:51:00', 3.86, 3.86, 3.86, 3.86, 100]
['2019-03-28 15:48:00', 3.86, 3.86, 3.86, 3.86, 130]
['2019-03-28 15:33:00', 3.86, 3.85, 3.85, 3.86, 333]
['2019-03-28 15:20:00', 3.86, 3.86, 3.86, 3.86, 123]
['2019-03-28 15:17:00', 3.85, 3.85, 3.85, 3.85, 107]
['2019-03-28 15:07:00', 3.86, 3.86, 3.86, 3.86, 116]
['2019-03-28 14:52:00', 3.86, 3.86, 3.86, 3.86, 119]
['2019-03-28 14:49:00', 3.94, 3.94, 3.94, 3.94, 2581]
['2019-03-28 14:39:00', 3.93, 3.93, 3.93, 3.93, 317]
['2019-03-28 14:25:00', 3.93, 3.93, 3.93, 3.93, 117]
['2019-03-28 14:17:00', 3.99, 3.99, 3.99, 3.99, 115]
['2019-03-28 14:08:00', 3.93, 3.93, 3.93, 3.93, 128]
['2019-03-28 14:00:00', 4.01, 4.0, 4.0, 4.01, 2967]
['2019-03-28 13:40:00', 4.01, 4.01, 4.01, 4.01, 264]
['2019-03-28 13:39:00', 4.01, 4.01, 4.01, 4.01, 100]
['2019-03-28 13:36:00', 4.01, 4.01, 4.01, 4.01, 109]
['2019-03-28 13:18:00', 4.01, 4.01, 4.01, 4.01, 125]
['2019-03-28 12:56:00', 4.04, 4.04, 4.04, 4.04, 228]
['2019-03-28 12:50:00', 4.01, 4.01, 4.01, 4.01, 426]
['2019-03-28 12:48:00', 4.01, 4.01, 4.01, 4.01, 700]
['2019-03-28 12:42:00', 3.96, 3.96, 3.96, 3.96, 161]
['2019-03-28 12:35:00', 4.01, 4.01, 4.01, 4.01, 1706]
['2019-03-28 12:34:00', 4.03, 4.03, 4.03, 4.03, 2132]
['2019-03-28 12:33:00', 4.03, 4.03, 4.03, 4.03, 117]
['2019-03-28 12:19:00', 4.04, 4.04, 4.04, 4.04, 369]
['2019-03-28 12:14:00', 4.02, 4.02, 4.02, 4.02, 114]
['2019-03-28 12:10:00', 4.05, 4.03, 4.03, 4.06, 7249]
['2019-03-28 11:35:00', 4.09, 4.09, 4.09, 4.09, 415]
['2019-03-28 11:22:00', 4.09, 4.09, 4.09, 4.09, 106]
['2019-03-28 11:05:00', 4.0101, 4.0101, 4.0101, 4.0101, 472]
['2019-03-28 10:58:00', 4.07, 4.08, 4.07, 4.08, 210]
['2019-03-28 09:35:00', 3.9205, 3.9205, 3.9205, 3.9205, 0]
['2019-03-27 16:00:00', 4.11, 4.075, 4.075, 4.12, 45075]
['2019-03-27 15:59:00', 4.11, 4.119, 4.11, 4.119, 1067]
['2019-03-27 15:58:00', 4.06, 4.06, 4.06, 4.06, 1659]
['2019-03-27 15:57:00', 4.005, 4.02, 4.005, 4.02, 822]
['2019-03-27 15:56:00', 4.01, 4.01, 4.01, 4.01, 100]
['2019-03-27 15:54:00', 4.0, 3.99, 3.99, 4.0, 10131]
['2019-03-27 15:49:00', 4.0, 4.0, 4.0, 4.0, 308]
['2019-03-27 15:41:00', 3.965, 3.98, 3.965, 3.98, 1364]
['2019-03-27 15:39:00', 3.965, 3.965, 3.965, 3.965, 155]
['2019-03-27 15:32:00', 3.95, 3.95, 3.95, 3.95, 225]
['2019-03-27 15:17:00', 3.975, 3.975, 3.975, 3.975, 532]
['2019-03-27 15:15:00', 3.944, 3.98, 3.944, 3.98, 7271]
['2019-03-27 15:12:00', 3.94, 3.94, 3.94, 3.94, 100]
['2019-03-27 15:10:00', 3.94, 3.94, 3.94, 3.94, 116]
['2019-03-27 15:06:00', 3.97, 3.97, 3.97, 3.97, 151]
['2019-03-27 14:58:00', 3.97, 3.94, 3.94, 3.97, 706]
['2019-03-27 14:29:00', 4.07, 4.07, 4.07, 4.07, 274]
['2019-03-27 14:08:00', 4.07, 4.08, 4.07, 4.08, 200]
['2019-03-27 14:06:00', 4.0569, 4.0569, 4.0569, 4.0569, 1000]
['2019-03-27 13:17:00', 3.96, 3.96, 3.96, 3.96, 200]
['2019-03-27 12:52:00', 4.0004, 4.07, 4.0004, 4.07, 2253]
['2019-03-27 12:49:00', 4.0, 4.0, 4.0, 4.01, 1381]
['2019-03-27 12:43:00', 4.07, 4.07, 4.07, 4.07, 100]
['2019-03-27 12:39:00', 4.01, 4.01, 4.01, 4.01, 100]
['2019-03-27 12:37:00', 3.98, 3.98, 3.98, 3.98, 400]
['2019-03-27 12:34:00', 3.995, 3.995, 3.995, 3.995, 100]
['2019-03-27 12:31:00', 3.98, 3.98, 3.98, 3.98, 100]
['2019-03-27 12:02:00', 3.975, 3.975, 3.975, 3.975, 345]
['2019-03-27 11:00:00', 3.96, 3.96, 3.96, 3.96, 241]
['2019-03-27 10:51:00', 3.975, 3.96, 3.96, 3.975, 459]
['2019-03-27 10:40:00', 3.99, 3.99, 3.99, 3.99, 123]
['2019-03-27 10:23:00', 3.97, 3.98, 3.9502, 3.98, 2400]
['2019-03-27 10:19:00', 3.96, 3.96, 3.96, 3.96, 336]
['2019-03-27 10:08:00', 3.94, 3.92, 3.92, 3.94, 267]
['2019-03-27 10:07:00', 3.94, 3.94, 3.93, 3.94, 400]
['2019-03-27 10:06:00', 3.94, 3.94, 3.94, 3.94, 400]
['2019-03-27 10:04:00', 3.93, 3.93, 3.93, 3.93, 101]
['2019-03-27 10:02:00', 3.895, 3.9, 3.89, 3.9, 613]
['2019-03-27 10:01:00', 3.88, 3.9, 3.875, 3.9, 5600]
['2019-03-27 09:46:00', 3.81, 3.81, 3.81, 3.81, 1102]
['2019-03-27 09:44:00', 3.81, 3.81, 3.81, 3.81, 100]
['2019-03-27 09:31:00', 3.72, 3.72, 3.72, 3.72, 1352]
['2019-03-26 16:00:00', 3.745, 3.745, 3.745, 3.745, 973]
['2019-03-26 15:59:00', 3.85, 3.85, 3.85, 3.85, 4900]
['2019-03-26 15:58:00', 3.85, 3.85, 3.85, 3.85, 3169]
['2019-03-26 15:57:00', 4.01, 3.9, 3.9, 4.01, 9345]
['2019-03-26 15:56:00', 4.07, 4.07, 4.07, 4.07, 2994]
['2019-03-26 15:55:00', 4.08, 4.02, 4.02, 4.08, 1107]
['2019-03-26 15:51:00', 4.08, 4.08, 4.08, 4.08, 300]
['2019-03-26 15:48:00', 4.1, 4.1046, 4.1, 4.1046, 2200]
['2019-03-26 15:46:00', 4.1, 4.1, 4.1, 4.1, 100]
['2019-03-26 15:42:00', 4.13, 4.13, 4.13, 4.13, 100]
['2019-03-26 15:37:00', 4.1, 4.1, 4.1, 4.1, 145]
['2019-03-26 15:34:00', 4.13, 4.13, 4.13, 4.13, 1200]
['2019-03-26 15:33:00', 4.1199, 4.1199, 4.1199, 4.1199, 400]
['2019-03-26 15:29:00', 4.1, 4.1, 4.1, 4.1, 1700]
['2019-03-26 15:26:00', 4.13, 4.15, 4.13, 4.15, 4600]
['2019-03-26 15:21:00', 4.1, 4.1, 4.1, 4.1, 100]
['2019-03-26 15:10:00', 4.1, 4.1, 4.1, 4.1, 300]
['2019-03-26 15:09:00', 4.17, 4.17, 4.17, 4.17, 100]
['2019-03-26 15:08:00', 4.11, 4.11, 4.11, 4.11, 116]
['2019-03-26 15:04:00', 4.1, 4.1, 4.1, 4.1, 100]
['2019-03-26 14:59:00', 4.16, 4.16, 4.16, 4.16, 1037]
['2019-03-26 14:43:00', 4.17, 4.17, 4.17, 4.17, 172]
['2019-03-26 14:40:00', 4.22, 4.22, 4.22, 4.22, 191]
['2019-03-26 14:39:00', 4.17, 4.17, 4.17, 4.17, 100]
['2019-03-26 14:38:00', 4.18, 4.18, 4.18, 4.18, 149]
['2019-03-26 14:16:00', 4.33, 4.33, 4.33, 4.33, 350]
['2019-03-26 13:59:00', 4.33, 4.33, 4.33, 4.33, 100]
['2019-03-26 13:42:00', 4.33, 4.33, 4.33, 4.33, 100]
['2019-03-26 13:27:00', 4.35, 4.35, 4.35, 4.35, 548]
['2019-03-26 13:25:00', 4.33, 4.33, 4.33, 4.33, 100]
['2019-03-26 13:12:00', 4.31, 4.31, 4.31, 4.31, 330]
['2019-03-26 12:43:00', 4.32, 4.32, 4.32, 4.32, 585]
['2019-03-26 12:34:00', 4.32, 4.32, 4.32, 4.32, 100]
['2019-03-26 11:07:00', 4.38, 4.38, 4.38, 4.38, 684]
['2019-03-26 11:06:00', 4.51, 4.51, 4.51, 4.51, 221]
['2019-03-26 09:50:00', 4.2746, 4.2746, 4.2746, 4.2746, 0]
['2019-03-26 09:49:00', 4.2746, 4.2746, 4.2746, 4.2746, 551]
['2019-03-26 09:37:00', 4.505, 4.505, 4.505, 4.505, 551]
['2019-03-26 09:31:00', 4.3, 4.3, 4.3, 4.3, 0]
['2019-03-25 16:00:00', 4.255, 4.255, 4.255, 4.255, 135]
['2019-03-25 15:57:00', 4.25, 4.25, 4.25, 4.25, 102]
['2019-03-25 15:49:00', 4.25, 4.25, 4.25, 4.25, 100]
['2019-03-25 15:42:00', 4.34, 4.34, 4.34, 4.34, 100]
['2019-03-25 15:34:00', 4.25, 4.25, 4.25, 4.25, 100]
['2019-03-25 15:26:00', 4.25, 4.25, 4.25, 4.25, 100]
['2019-03-25 15:15:00', 4.34, 4.34, 4.34, 4.34, 100]
['2019-03-25 15:12:00', 4.25, 4.25, 4.25, 4.25, 100]
['2019-03-25 15:10:00', 4.34, 4.34, 4.34, 4.34, 100]
['2019-03-25 14:47:00', 4.29, 4.27, 4.27, 4.29, 2800]
['2019-03-25 14:45:00', 4.33, 4.33, 4.33, 4.33, 100]
['2019-03-25 14:32:00', 4.35, 4.35, 4.35, 4.35, 2515]
['2019-03-25 14:31:00', 4.39, 4.39, 4.39, 4.39, 100]
['2019-03-25 14:16:00', 4.35, 4.35, 4.35, 4.35, 100]
['2019-03-25 14:03:00', 4.35, 4.35, 4.35, 4.35, 100]
['2019-03-25 13:59:00', 4.39, 4.38, 4.38, 4.39, 200]
['2019-03-25 13:46:00', 4.36, 4.36, 4.36, 4.36, 260]
['2019-03-25 13:40:00', 4.39, 4.39, 4.39, 4.39, 227]
['2019-03-25 13:13:00', 4.35, 4.35, 4.35, 4.35, 101]
['2019-03-25 12:49:00', 4.35, 4.35, 4.35, 4.35, 122]
['2019-03-25 12:37:00', 4.36, 4.36, 4.36, 4.36, 100]
['2019-03-25 12:25:00', 4.39, 4.36, 4.36, 4.39, 400]
['2019-03-25 12:06:00', 4.36, 4.36, 4.36, 4.36, 107]
['2019-03-25 11:56:00', 4.38, 4.38, 4.38, 4.38, 104]
['2019-03-25 11:50:00', 4.3601, 4.36, 4.36, 4.3601, 512]
['2019-03-25 11:32:00', 4.39, 4.39, 4.39, 4.39, 500]
['2019-03-25 11:16:00', 4.37, 4.37, 4.37, 4.37, 1157]
['2019-03-25 11:08:00', 4.39, 4.39, 4.39, 4.39, 100]
['2019-03-25 11:03:00', 4.35, 4.35, 4.35, 4.35, 721]
['2019-03-25 10:58:00', 4.4, 4.4, 4.4, 4.4, 482]
['2019-03-25 10:41:00', 4.42, 4.42, 4.42, 4.42, 100]
['2019-03-25 10:12:00', 4.37, 4.37, 4.37, 4.37, 630]
['2019-03-25 09:43:00', 4.35, 4.35, 4.35, 4.35, 1128]
['2019-03-25 09:42:00', 4.135, 4.135, 4.135, 4.135, 100]
['2019-03-25 09:32:00', 4.3, 4.3, 4.3, 4.3, 0]
