ALGT
['2019-03-29 16:00:00', 129.36, 129.42, 129.36, 129.42, 2408]
['2019-03-29 15:59:00', 129.4, 129.515, 129.4, 129.515, 1084]
['2019-03-29 15:57:00', 129.51, 129.32, 129.32, 129.51, 1583]
['2019-03-29 15:56:00', 129.46, 129.48, 129.45, 129.48, 745]
['2019-03-29 15:55:00', 129.57, 129.6, 129.555, 129.64, 1540]
['2019-03-29 15:54:00', 129.53, 129.55, 129.53, 129.55, 623]
['2019-03-29 15:53:00', 129.42, 129.54, 129.42, 129.54, 320]
['2019-03-29 15:52:00', 129.48, 129.48, 129.48, 129.48, 312]
['2019-03-29 15:51:00', 129.47, 129.48, 129.47, 129.48, 379]
['2019-03-29 15:49:00', 129.47, 129.39, 129.38, 129.47, 1479]
['2019-03-29 15:48:00', 129.42, 129.45, 129.42, 129.45, 329]
['2019-03-29 15:47:00', 129.58, 129.55, 129.42, 129.58, 1936]
['2019-03-29 15:46:00', 129.31, 129.5, 129.31, 129.56, 1343]
['2019-03-29 15:45:00', 129.32, 129.31, 129.31, 129.32, 205]
['2019-03-29 15:43:00', 129.17, 129.17, 129.17, 129.17, 333]
['2019-03-29 15:42:00', 129.285, 129.28, 129.28, 129.285, 203]
['2019-03-29 15:38:00', 129.27, 129.27, 129.27, 129.27, 630]
['2019-03-29 15:35:00', 128.99, 129.175, 128.99, 129.175, 1245]
['2019-03-29 15:34:00', 128.88, 128.88, 128.88, 128.88, 346]
['2019-03-29 15:32:00', 129.05, 128.98, 128.97, 129.05, 910]
['2019-03-29 15:31:00', 129.09, 129.09, 129.09, 129.09, 381]
['2019-03-29 15:24:00', 129.15, 129.16, 129.15, 129.16, 581]
['2019-03-29 15:23:00', 129.34, 129.26, 129.26, 129.34, 584]
['2019-03-29 15:18:00', 129.3, 129.3, 129.3, 129.3, 328]
['2019-03-29 15:17:00', 129.41, 129.41, 129.41, 129.41, 106]
['2019-03-29 15:16:00', 129.36, 129.3, 129.3, 129.36, 732]
['2019-03-29 15:15:00', 129.43, 129.43, 129.43, 129.43, 186]
['2019-03-29 15:13:00', 129.44, 129.52, 129.4399, 129.52, 456]
['2019-03-29 15:11:00', 129.36, 129.36, 129.36, 129.36, 442]
['2019-03-29 15:07:00', 129.36, 129.36, 129.36, 129.36, 237]
['2019-03-29 15:05:00', 129.45, 129.45, 129.45, 129.45, 221]
['2019-03-29 15:04:00', 129.625, 129.6, 129.5, 129.625, 990]
['2019-03-29 15:01:00', 129.44, 129.625, 129.44, 129.625, 2428]
['2019-03-29 15:00:00', 129.4, 129.425, 129.4, 129.425, 304]
['2019-03-29 14:59:00', 129.29, 129.29, 129.29, 129.29, 166]
['2019-03-29 14:55:00', 129.335, 129.335, 129.335, 129.335, 282]
['2019-03-29 14:51:00', 129.245, 129.245, 129.245, 129.245, 238]
['2019-03-29 14:49:00', 129.13, 129.13, 129.13, 129.13, 213]
['2019-03-29 14:48:00', 128.84, 129.0, 128.84, 129.0, 1048]
['2019-03-29 14:45:00', 128.68, 128.68, 128.68, 128.68, 117]
['2019-03-29 14:43:00', 128.727, 128.727, 128.727, 128.727, 270]
['2019-03-29 14:42:00', 128.72, 128.72, 128.72, 128.72, 216]
['2019-03-29 14:41:00', 128.66, 128.66, 128.66, 128.66, 177]
['2019-03-29 14:35:00', 128.5, 128.5, 128.5, 128.5, 155]
['2019-03-29 14:31:00', 128.55, 128.53, 128.53, 128.55, 1355]
['2019-03-29 14:27:00', 128.74, 128.66, 128.66, 128.74, 404]
['2019-03-29 14:22:00', 128.78, 128.67, 128.67, 128.78, 389]
['2019-03-29 14:13:00', 128.68, 128.68, 128.68, 128.68, 251]
['2019-03-29 14:07:00', 128.69, 128.69, 128.69, 128.69, 321]
['2019-03-29 14:06:00', 128.87, 128.87, 128.87, 128.87, 119]
['2019-03-29 14:05:00', 128.975, 129.02, 128.975, 129.02, 201]
['2019-03-29 13:56:00', 129.015, 129.015, 129.015, 129.015, 398]
['2019-03-29 13:55:00', 129.005, 129.005, 129.005, 129.005, 103]
['2019-03-29 13:53:00', 128.93, 128.93, 128.93, 128.93, 163]
['2019-03-29 13:48:00', 128.7, 128.7, 128.7, 128.7, 256]
['2019-03-29 13:47:00', 128.68, 128.7, 128.65, 128.83, 1328]
['2019-03-29 13:46:00', 129.08, 129.08, 129.08, 129.08, 780]
['2019-03-29 13:44:00', 128.92, 128.92, 128.92, 128.92, 200]
['2019-03-29 13:41:00', 129.005, 129.0, 129.0, 129.005, 844]
['2019-03-29 13:38:00', 128.8669, 128.8669, 128.8669, 128.8669, 303]
['2019-03-29 13:32:00', 128.88, 128.88, 128.88, 128.88, 359]
['2019-03-29 13:31:00', 128.97, 129.02, 128.74, 129.06, 516]
['2019-03-29 13:22:00', 129.14, 129.14, 129.14, 129.14, 344]
['2019-03-29 13:21:00', 129.18, 129.18, 129.18, 129.18, 167]
['2019-03-29 13:19:00', 129.17, 129.17, 129.17, 129.17, 240]
['2019-03-29 13:17:00', 129.24, 129.235, 129.235, 129.24, 247]
['2019-03-29 13:08:00', 129.27, 129.24, 129.24, 129.27, 576]
['2019-03-29 13:04:00', 129.3533, 129.3533, 129.3533, 129.3533, 133]
['2019-03-29 13:03:00', 129.415, 129.415, 129.415, 129.415, 561]
['2019-03-29 12:58:00', 129.3, 129.3, 129.3, 129.3, 117]
['2019-03-29 12:57:00', 129.48, 129.48, 129.48, 129.48, 410]
['2019-03-29 12:56:00', 129.48, 129.48, 129.48, 129.48, 189]
['2019-03-29 12:54:00', 129.27, 129.4, 129.27, 129.4, 997]
['2019-03-29 12:53:00', 129.27, 129.27, 129.27, 129.27, 100]
['2019-03-29 12:48:00', 129.3, 129.31, 129.3, 129.31, 282]
['2019-03-29 12:46:00', 129.21, 129.21, 129.21, 129.21, 220]
['2019-03-29 12:45:00', 129.04, 129.09, 129.01, 129.1, 473]
['2019-03-29 12:43:00', 129.19, 129.19, 129.19, 129.19, 139]
['2019-03-29 12:42:00', 129.12, 129.17, 129.12, 129.215, 506]
['2019-03-29 12:34:00', 129.26, 129.02, 129.02, 129.26, 501]
['2019-03-29 12:33:00', 129.07, 129.18, 129.07, 129.18, 341]
['2019-03-29 12:32:00', 128.93, 128.98, 128.93, 129.08, 1477]
['2019-03-29 12:28:00', 129.185, 129.185, 129.185, 129.185, 1145]
['2019-03-29 12:27:00', 129.11, 129.08, 129.08, 129.11, 323]
['2019-03-29 12:21:00', 128.97, 129.11, 128.97, 129.11, 548]
['2019-03-29 12:20:00', 128.905, 128.905, 128.905, 128.905, 105]
['2019-03-29 12:17:00', 128.87, 128.87, 128.87, 128.87, 237]
['2019-03-29 12:13:00', 128.88, 128.87, 128.87, 128.98, 717]
['2019-03-29 12:06:00', 129.315, 129.19, 129.19, 129.315, 947]
['2019-03-29 12:05:00', 129.325, 129.325, 129.325, 129.325, 102]
['2019-03-29 12:04:00', 129.445, 129.45, 129.445, 129.45, 200]
['2019-03-29 12:01:00', 129.45, 129.4699, 129.45, 129.4699, 357]
['2019-03-29 12:00:00', 129.39, 129.3999, 129.39, 129.3999, 200]
['2019-03-29 11:59:00', 129.09, 129.3, 129.09, 129.44, 4383]
['2019-03-29 11:58:00', 128.99, 129.025, 128.98, 129.12, 3613]
['2019-03-29 11:54:00', 128.72, 128.845, 128.72, 128.845, 206]
['2019-03-29 11:53:00', 128.99, 128.99, 128.99, 128.99, 126]
['2019-03-29 11:52:00', 128.62, 128.62, 128.62, 128.62, 124]
['2019-03-29 11:45:00', 128.87, 129.01, 128.87, 129.01, 764]
['2019-03-29 11:44:00', 128.87, 128.87, 128.87, 128.87, 200]
['2019-03-29 11:42:00', 128.96, 128.96, 128.96, 128.96, 154]
['2019-03-29 11:40:00', 129.225, 129.13, 129.13, 129.225, 904]
['2019-03-29 11:37:00', 129.07, 129.12, 129.07, 129.12, 1455]
['2019-03-29 11:36:00', 128.96, 129.11, 128.96, 129.18, 3803]
['2019-03-29 11:35:00', 129.15, 129.18, 129.0, 129.3, 1617]
['2019-03-29 11:31:00', 129.0, 129.0, 129.0, 129.0, 319]
['2019-03-29 11:30:00', 129.05, 129.01, 129.01, 129.19, 1091]
['2019-03-29 11:24:00', 129.0311, 129.0311, 129.0311, 129.0311, 423]
['2019-03-29 11:22:00', 129.155, 129.155, 129.155, 129.155, 328]
['2019-03-29 11:21:00', 129.49, 129.21, 129.19, 129.49, 1777]
['2019-03-29 11:09:00', 129.435, 129.435, 129.435, 129.435, 480]
['2019-03-29 11:08:00', 129.25, 129.45, 129.25, 129.45, 513]
['2019-03-29 11:07:00', 129.05, 129.05, 129.05, 129.05, 253]
['2019-03-29 11:06:00', 129.12, 129.12, 129.12, 129.12, 216]
['2019-03-29 11:05:00', 129.14, 129.14, 129.14, 129.14, 166]
['2019-03-29 10:56:00', 128.97, 128.97, 128.97, 128.97, 256]
['2019-03-29 10:55:00', 129.29, 129.29, 129.29, 129.29, 100]
['2019-03-29 10:54:00', 129.5, 129.41, 129.41, 129.51, 712]
['2019-03-29 10:51:00', 129.6, 129.6, 129.6, 129.6, 110]
['2019-03-29 10:50:00', 129.6, 129.6, 129.6, 129.6, 124]
['2019-03-29 10:49:00', 129.6, 129.7, 129.6, 129.7, 330]
['2019-03-29 10:48:00', 129.51, 129.51, 129.51, 129.51, 227]
['2019-03-29 10:43:00', 129.68, 129.68, 129.68, 129.68, 357]
['2019-03-29 10:41:00', 129.61, 129.52, 129.52, 129.61, 586]
['2019-03-29 10:40:00', 129.5474, 129.5474, 129.5474, 129.5474, 100]
['2019-03-29 10:38:00', 129.365, 129.43, 129.365, 129.43, 395]
['2019-03-29 10:33:00', 129.4, 129.4, 129.4, 129.4, 511]
['2019-03-29 10:23:00', 129.1, 129.1, 129.1, 129.1, 363]
['2019-03-29 10:22:00', 129.455, 129.31, 129.09, 129.455, 1731]
['2019-03-29 10:11:00', 129.34, 129.34, 129.34, 129.34, 682]
['2019-03-29 10:06:00', 129.14, 129.25, 129.1, 129.25, 500]
['2019-03-29 10:05:00', 129.23, 129.255, 129.23, 129.64, 941]
['2019-03-29 10:04:00', 129.06, 129.46, 129.06, 129.46, 737]
['2019-03-29 10:02:00', 128.66, 129.05, 128.66, 129.05, 216]
['2019-03-29 10:01:00', 129.0, 129.0, 129.0, 129.0, 345]
['2019-03-29 09:58:00', 128.328, 128.93, 128.328, 128.93, 324]
['2019-03-29 09:53:00', 128.33, 128.39, 128.33, 128.4, 362]
['2019-03-29 09:52:00', 128.33, 128.21, 128.21, 128.33, 716]
['2019-03-29 09:51:00', 127.995, 128.005, 127.995, 128.31, 400]
['2019-03-29 09:49:00', 127.75, 128.39, 127.75, 128.39, 1758]
['2019-03-29 09:45:00', 127.75, 127.75, 127.75, 127.75, 230]
['2019-03-29 09:43:00', 127.46, 127.46, 127.14, 127.46, 603]
['2019-03-29 09:42:00', 127.22, 127.66, 127.22, 127.66, 206]
['2019-03-29 09:35:00', 127.56, 127.56, 127.56, 127.56, 264]
['2019-03-29 09:34:00', 127.07, 127.07, 127.07, 127.07, 207]
['2019-03-29 09:32:00', 127.08, 127.08, 127.08, 127.08, 904]
['2019-03-28 16:00:00', 126.87, 126.91, 126.7, 126.91, 3336]
['2019-03-28 15:59:00', 127.03, 126.86, 126.86, 127.03, 2003]
['2019-03-28 15:58:00', 126.93, 127.08, 126.93, 127.1, 1623]
['2019-03-28 15:57:00', 126.95, 126.95, 126.95, 126.95, 789]
['2019-03-28 15:56:00', 126.825, 126.97, 126.825, 126.97, 510]
['2019-03-28 15:55:00', 126.86, 126.86, 126.86, 126.86, 482]
['2019-03-28 15:54:00', 126.86, 126.86, 126.86, 126.86, 218]
['2019-03-28 15:53:00', 126.84, 126.79, 126.72, 126.84, 346]
['2019-03-28 15:51:00', 126.87, 126.99, 126.87, 126.99, 388]
['2019-03-28 15:50:00', 126.84, 126.99, 126.84, 126.99, 400]
['2019-03-28 15:49:00', 126.88, 126.9, 126.82, 126.9, 1229]
['2019-03-28 15:48:00', 126.95, 126.95, 126.95, 126.95, 249]
['2019-03-28 15:47:00', 126.97, 127.02, 126.97, 127.02, 547]
['2019-03-28 15:46:00', 126.94, 126.95, 126.89, 126.96, 1392]
['2019-03-28 15:43:00', 127.06, 127.09, 127.06, 127.09, 220]
['2019-03-28 15:42:00', 126.89, 126.89, 126.89, 126.89, 300]
['2019-03-28 15:40:00', 127.05, 127.0, 127.0, 127.05, 337]
['2019-03-28 15:39:00', 127.16, 127.16, 127.16, 127.16, 119]
['2019-03-28 15:38:00', 127.28, 127.16, 127.08, 127.28, 328]
['2019-03-28 15:34:00', 127.15, 127.18, 127.15, 127.235, 817]
['2019-03-28 15:33:00', 127.185, 127.16, 127.16, 127.185, 1006]
['2019-03-28 15:30:00', 127.19, 127.19, 127.19, 127.19, 200]
['2019-03-28 15:29:00', 127.245, 127.245, 127.245, 127.245, 303]
['2019-03-28 15:17:00', 127.07, 127.09, 127.07, 127.09, 569]
['2019-03-28 15:16:00', 127.07, 127.07, 127.07, 127.07, 328]
['2019-03-28 15:13:00', 127.18, 127.18, 127.18, 127.18, 200]
['2019-03-28 15:07:00', 126.95, 126.95, 126.95, 126.95, 240]
['2019-03-28 15:03:00', 127.0, 127.19, 127.0, 127.19, 874]
['2019-03-28 15:01:00', 126.925, 126.925, 126.925, 126.925, 263]
['2019-03-28 15:00:00', 126.94, 126.94, 126.94, 126.94, 231]
['2019-03-28 14:54:00', 126.92, 126.92, 126.92, 126.92, 307]
['2019-03-28 14:49:00', 126.83, 126.83, 126.83, 126.83, 275]
['2019-03-28 14:48:00', 126.87, 126.82, 126.8, 126.925, 1052]
['2019-03-28 14:43:00', 126.885, 126.885, 126.885, 126.885, 268]
['2019-03-28 14:36:00', 126.64, 126.88, 126.5742, 126.885, 2626]
['2019-03-28 14:34:00', 126.73, 126.73, 126.73, 126.73, 274]
['2019-03-28 14:26:00', 126.46, 126.46, 126.46, 126.46, 235]
['2019-03-28 14:21:00', 126.28, 126.31, 126.28, 126.31, 855]
['2019-03-28 14:18:00', 126.22, 126.22, 126.22, 126.22, 200]
['2019-03-28 14:16:00', 126.36, 126.36, 126.36, 126.36, 100]
['2019-03-28 14:15:00', 126.12, 126.12, 126.12, 126.12, 135]
['2019-03-28 14:11:00', 126.165, 126.08, 126.08, 126.165, 234]
['2019-03-28 14:10:00', 126.2, 126.2, 126.2, 126.2, 163]
['2019-03-28 14:03:00', 126.19, 126.19, 126.19, 126.19, 532]
['2019-03-28 14:01:00', 126.2, 126.2, 126.2, 126.2, 3861]
['2019-03-28 13:54:00', 126.09, 126.25, 126.08, 126.25, 302]
['2019-03-28 13:52:00', 126.21, 126.21, 126.21, 126.21, 220]
['2019-03-28 13:49:00', 126.325, 126.325, 126.325, 126.325, 138]
['2019-03-28 13:46:00', 126.13, 126.23, 126.13, 126.23, 738]
['2019-03-28 13:38:00', 126.04, 126.04, 126.04, 126.04, 309]
['2019-03-28 13:35:00', 126.11, 126.11, 126.11, 126.11, 231]
['2019-03-28 13:33:00', 126.04, 126.06, 126.04, 126.1, 1149]
['2019-03-28 13:32:00', 126.04, 126.04, 126.04, 126.04, 100]
['2019-03-28 13:27:00', 125.95, 125.95, 125.95, 125.95, 351]
['2019-03-28 13:26:00', 125.93, 125.93, 125.93, 125.93, 213]
['2019-03-28 13:23:00', 126.045, 125.89, 125.89, 126.045, 1699]
['2019-03-28 13:22:00', 126.04, 126.04, 126.04, 126.04, 100]
['2019-03-28 13:14:00', 126.06, 126.06, 126.06, 126.06, 206]
['2019-03-28 13:13:00', 125.93, 125.93, 125.93, 125.93, 200]
['2019-03-28 13:07:00', 126.05, 126.05, 126.05, 126.05, 113]
['2019-03-28 13:06:00', 126.2, 126.07, 126.03, 126.2, 1022]
['2019-03-28 13:03:00', 126.095, 126.22, 126.095, 126.235, 1094]
['2019-03-28 13:02:00', 126.045, 126.1095, 125.94, 126.1095, 617]
['2019-03-28 12:58:00', 125.94, 125.94, 125.94, 125.94, 103]
['2019-03-28 12:55:00', 126.01, 126.01, 126.01, 126.01, 103]
['2019-03-28 12:54:00', 125.95, 125.95, 125.95, 125.95, 314]
['2019-03-28 12:53:00', 126.03, 126.03, 126.03, 126.03, 111]
['2019-03-28 12:52:00', 126.19, 126.06, 126.06, 126.19, 845]
['2019-03-28 12:45:00', 126.17, 126.17, 126.17, 126.17, 496]
['2019-03-28 12:44:00', 126.04, 126.15, 126.04, 126.15, 328]
['2019-03-28 12:42:00', 125.985, 125.985, 125.985, 125.985, 100]
['2019-03-28 12:41:00', 125.85, 125.85, 125.85, 125.85, 118]
['2019-03-28 12:40:00', 125.9, 125.9, 125.9, 125.9, 377]
['2019-03-28 12:38:00', 125.79, 125.79, 125.79, 125.79, 107]
['2019-03-28 12:37:00', 125.6, 125.6, 125.6, 125.6, 267]
['2019-03-28 12:35:00', 125.325, 125.43, 125.285, 125.43, 808]
['2019-03-28 12:34:00', 125.38, 125.43, 125.38, 125.43, 771]
['2019-03-28 12:27:00', 125.36, 125.36, 125.36, 125.36, 367]
['2019-03-28 12:21:00', 125.3, 125.355, 125.3, 125.355, 652]
['2019-03-28 12:11:00', 125.38, 125.38, 125.38, 125.38, 113]
['2019-03-28 12:10:00', 125.64, 125.64, 125.64, 125.64, 115]
['2019-03-28 12:07:00', 125.4, 125.4, 125.4, 125.4, 135]
['2019-03-28 12:06:00', 125.67, 125.67, 125.67, 125.67, 103]
['2019-03-28 12:04:00', 125.5, 125.53, 125.5, 125.54, 2228]
['2019-03-28 12:01:00', 125.69, 125.69, 125.69, 125.69, 10]
['2019-03-28 11:51:00', 125.86, 125.86, 125.86, 125.86, 622]
['2019-03-28 11:46:00', 125.64, 125.63, 125.63, 125.64, 389]
['2019-03-28 11:43:00', 125.75, 125.71, 125.7, 125.75, 332]
['2019-03-28 11:41:00', 125.74, 125.74, 125.74, 125.74, 171]
['2019-03-28 11:40:00', 126.0, 126.0, 126.0, 126.0, 105]
['2019-03-28 11:32:00', 126.1016, 126.1016, 126.1016, 126.1016, 671]
['2019-03-28 11:29:00', 126.04, 126.04, 126.04, 126.04, 427]
['2019-03-28 11:27:00', 126.05, 126.01, 126.01, 126.125, 887]
['2019-03-28 11:26:00', 126.0, 126.0, 126.0, 126.0, 162]
['2019-03-28 11:18:00', 126.23, 126.24, 126.23, 126.24, 935]
['2019-03-28 11:14:00', 126.14, 126.24, 126.14, 126.24, 569]
['2019-03-28 11:13:00', 126.175, 126.175, 126.175, 126.175, 153]
['2019-03-28 11:11:00', 125.87, 125.87, 125.87, 125.87, 105]
['2019-03-28 11:10:00', 126.165, 126.155, 126.155, 126.17, 1763]
['2019-03-28 11:09:00', 126.47, 126.38, 126.16, 126.47, 1309]
['2019-03-28 11:01:00', 126.615, 126.615, 126.615, 126.615, 290]
['2019-03-28 10:58:00', 126.68, 126.68, 126.68, 126.68, 108]
['2019-03-28 10:55:00', 126.65, 126.73, 126.65, 126.73, 539]
['2019-03-28 10:50:00', 126.52, 126.52, 126.52, 126.52, 515]
['2019-03-28 10:48:00', 126.67, 126.67, 126.67, 126.67, 104]
['2019-03-28 10:47:00', 126.72, 126.72, 126.72, 126.72, 103]
['2019-03-28 10:46:00', 126.66, 126.51, 126.51, 126.78, 921]
['2019-03-28 10:45:00', 126.58, 126.58, 126.58, 126.58, 232]
['2019-03-28 10:43:00', 126.8, 126.45, 126.45, 126.8, 349]
['2019-03-28 10:42:00', 126.58, 126.58, 126.58, 126.58, 103]
['2019-03-28 10:40:00', 126.53, 126.49, 126.43, 126.53, 820]
['2019-03-28 10:38:00', 126.88, 126.88, 126.88, 126.88, 143]
['2019-03-28 10:35:00', 126.78, 126.995, 126.77, 126.995, 332]
['2019-03-28 10:30:00', 127.11, 127.11, 127.11, 127.11, 219]
['2019-03-28 10:29:00', 127.31, 127.31, 127.31, 127.31, 102]
['2019-03-28 10:23:00', 127.5, 127.55, 127.46, 127.65, 1018]
['2019-03-28 10:16:00', 127.25, 127.24, 127.24, 127.25, 620]
['2019-03-28 10:13:00', 127.58, 127.58, 127.58, 127.58, 261]
['2019-03-28 10:11:00', 127.31, 127.37, 127.31, 127.44, 2222]
['2019-03-28 10:10:00', 127.38, 127.35, 127.35, 127.47, 1882]
['2019-03-28 10:09:00', 127.69, 127.4203, 127.38, 127.81, 4793]
['2019-03-28 10:08:00', 127.57, 127.7405, 127.57, 127.795, 1752]
['2019-03-28 10:07:00', 127.27, 127.46, 127.27, 127.55, 1764]
['2019-03-28 10:02:00', 127.27, 127.38, 127.27, 127.38, 255]
['2019-03-28 09:57:00', 127.43, 127.5, 127.43, 127.5, 547]
['2019-03-28 09:52:00', 127.0, 127.12, 126.99, 127.12, 1491]
['2019-03-28 09:51:00', 126.887, 126.887, 126.887, 126.887, 544]
['2019-03-28 09:50:00', 127.03, 126.92, 126.92, 127.03, 483]
['2019-03-28 09:49:00', 127.04, 127.04, 127.04, 127.04, 100]
['2019-03-28 09:46:00', 126.92, 127.44, 126.92, 127.61, 976]
['2019-03-28 09:45:00', 126.935, 127.85, 126.935, 127.85, 218]
['2019-03-28 09:38:00', 128.5842, 128.5842, 128.5842, 128.5842, 167]
['2019-03-28 09:31:00', 126.6, 126.6, 126.6, 126.6, 491]
['2019-03-27 16:00:00', 126.34, 126.41, 126.32, 126.41, 2063]
['2019-03-27 15:59:00', 126.49, 126.47, 126.34, 126.49, 3600]
['2019-03-27 15:58:00', 126.32, 126.42, 126.32, 126.43, 1678]
['2019-03-27 15:57:00', 126.51, 126.32, 126.32, 126.51, 2267]
['2019-03-27 15:56:00', 126.79, 126.51, 126.5, 126.81, 4769]
['2019-03-27 15:55:00', 126.9, 126.92, 126.87, 126.92, 1256]
['2019-03-27 15:54:00', 127.02, 126.935, 126.9, 127.02, 1379]
['2019-03-27 15:53:00', 127.27, 127.08, 127.05, 127.27, 1152]
['2019-03-27 15:52:00', 127.39, 127.32, 127.32, 127.39, 585]
['2019-03-27 15:51:00', 127.34, 127.38, 127.34, 127.42, 482]
['2019-03-27 15:49:00', 127.26, 127.43, 127.26, 127.43, 1266]
['2019-03-27 15:48:00', 127.26, 127.26, 127.26, 127.26, 474]
['2019-03-27 15:46:00', 127.21, 127.29, 127.19, 127.29, 1316]
['2019-03-27 15:45:00', 127.24, 127.23, 127.19, 127.26, 843]
['2019-03-27 15:43:00', 127.33, 127.33, 127.33, 127.33, 511]
['2019-03-27 15:42:00', 127.36, 127.38, 127.35, 127.38, 623]
['2019-03-27 15:41:00', 127.4, 127.44, 127.37, 127.44, 371]
['2019-03-27 15:40:00', 127.42, 127.42, 127.42, 127.42, 100]
['2019-03-27 15:39:00', 127.54, 127.43, 127.43, 127.54, 207]
['2019-03-27 15:35:00', 127.51, 127.56, 127.51, 127.56, 1698]
['2019-03-27 15:34:00', 127.47, 127.43, 127.43, 127.47, 219]
['2019-03-27 15:33:00', 127.58, 127.57, 127.57, 127.58, 200]
['2019-03-27 15:32:00', 127.6, 127.645, 127.6, 127.645, 427]
['2019-03-27 15:31:00', 127.54, 127.65, 127.54, 127.65, 928]
['2019-03-27 15:30:00', 127.38, 127.38, 127.38, 127.38, 100]
['2019-03-27 15:29:00', 127.38, 127.37, 127.37, 127.38, 217]
['2019-03-27 15:28:00', 127.43, 127.43, 127.43, 127.43, 103]
['2019-03-27 15:27:00', 127.42, 127.47, 127.42, 127.475, 358]
['2019-03-27 15:23:00', 127.29, 127.48, 127.29, 127.48, 1362]
['2019-03-27 15:22:00', 127.35, 127.35, 127.35, 127.35, 114]
['2019-03-27 15:21:00', 127.435, 127.435, 127.435, 127.435, 205]
['2019-03-27 15:20:00', 127.44, 127.44, 127.44, 127.44, 119]
['2019-03-27 15:19:00', 127.44, 127.4, 127.4, 127.44, 315]
['2019-03-27 15:18:00', 127.4486, 127.4486, 127.4486, 127.4486, 500]
['2019-03-27 15:16:00', 127.33, 127.33, 127.33, 127.33, 444]
['2019-03-27 15:12:00', 127.43, 127.43, 127.43, 127.43, 563]
['2019-03-27 15:09:00', 127.45, 127.41, 127.38, 127.45, 1223]
['2019-03-27 15:08:00', 127.58, 127.545, 127.44, 127.58, 813]
['2019-03-27 15:07:00', 127.59, 127.59, 127.59, 127.59, 218]
['2019-03-27 15:05:00', 127.58, 127.58, 127.58, 127.58, 162]
['2019-03-27 15:03:00', 127.73, 127.73, 127.73, 127.73, 398]
['2019-03-27 15:02:00', 127.63, 127.78, 127.63, 127.78, 530]
['2019-03-27 14:59:00', 127.89, 127.79, 127.79, 127.89, 399]
['2019-03-27 14:52:00', 127.63, 127.63, 127.63, 127.63, 229]
['2019-03-27 14:49:00', 127.62, 127.62, 127.62, 127.62, 177]
['2019-03-27 14:47:00', 127.745, 127.745, 127.745, 127.745, 432]
['2019-03-27 14:43:00', 127.8, 127.8, 127.8, 127.8, 227]
['2019-03-27 14:39:00', 127.9, 127.86, 127.86, 127.9, 400]
['2019-03-27 14:37:00', 128.32, 128.32, 128.32, 128.32, 471]
['2019-03-27 14:35:00', 128.41, 128.41, 128.41, 128.41, 271]
['2019-03-27 14:34:00', 128.05, 128.05, 128.05, 128.05, 100]
['2019-03-27 14:32:00', 128.345, 128.485, 128.345, 128.485, 366]
['2019-03-27 14:28:00', 128.06, 128.06, 128.06, 128.06, 517]
['2019-03-27 14:27:00', 128.065, 128.065, 128.065, 128.065, 166]
['2019-03-27 14:25:00', 128.07, 128.07, 128.07, 128.07, 344]
['2019-03-27 14:24:00', 128.075, 128.075, 128.075, 128.075, 101]
['2019-03-27 14:22:00', 128.28, 127.88, 127.88, 128.28, 307]
['2019-03-27 14:21:00', 127.94, 127.94, 127.94, 127.94, 203]
['2019-03-27 14:19:00', 128.44, 128.44, 128.44, 128.44, 217]
['2019-03-27 14:16:00', 128.37, 128.37, 128.37, 128.37, 210]
['2019-03-27 14:12:00', 128.29, 128.29, 128.29, 128.29, 324]
['2019-03-27 14:06:00', 128.06, 128.06, 128.06, 128.06, 307]
['2019-03-27 14:05:00', 128.18, 128.18, 128.18, 128.18, 100]
['2019-03-27 14:04:00', 128.05, 128.19, 128.05, 128.19, 578]
['2019-03-27 14:00:00', 127.71, 127.71, 127.71, 127.71, 171]
['2019-03-27 13:58:00', 127.97, 127.82, 127.82, 127.97, 440]
['2019-03-27 13:56:00', 128.11, 128.11, 128.11, 128.11, 220]
['2019-03-27 13:52:00', 127.93, 127.95, 127.93, 127.95, 545]
['2019-03-27 13:49:00', 127.75, 127.75, 127.75, 127.75, 186]
['2019-03-27 13:48:00', 127.82, 127.82, 127.82, 127.82, 476]
['2019-03-27 13:46:00', 128.0096, 128.04, 128.0096, 128.04, 330]
['2019-03-27 13:43:00', 128.14, 128.14, 128.14, 128.14, 320]
['2019-03-27 13:41:00', 127.98, 127.95, 127.95, 128.025, 432]
['2019-03-27 13:33:00', 127.98, 127.98, 127.98, 127.98, 622]
['2019-03-27 13:29:00', 128.0, 128.09, 128.0, 128.09, 379]
['2019-03-27 13:27:00', 128.3, 128.3, 128.3, 128.3, 262]
['2019-03-27 13:26:00', 128.22, 128.22, 128.22, 128.22, 100]
['2019-03-27 13:19:00', 127.99, 127.99, 127.99, 127.99, 636]
['2019-03-27 13:15:00', 127.8, 127.82, 127.8, 127.88, 309]
['2019-03-27 13:14:00', 127.62, 127.62, 127.62, 127.62, 456]
['2019-03-27 13:09:00', 127.59, 127.59, 127.59, 127.59, 384]
['2019-03-27 13:06:00', 127.6, 127.6, 127.6, 127.6, 190]
['2019-03-27 13:02:00', 127.68, 127.73, 127.595, 127.73, 726]
['2019-03-27 12:59:00', 127.94, 127.9, 127.9, 127.985, 926]
['2019-03-27 12:54:00', 128.19, 128.18, 128.18, 128.19, 480]
['2019-03-27 12:53:00', 128.1, 128.29, 128.1, 128.29, 571]
['2019-03-27 12:51:00', 128.05, 127.8098, 127.8098, 128.05, 272]
['2019-03-27 12:46:00', 127.97, 128.04, 127.9, 128.04, 851]
['2019-03-27 12:39:00', 127.55, 127.63, 127.55, 127.63, 810]
['2019-03-27 12:36:00', 127.44, 127.44, 127.44, 127.44, 570]
['2019-03-27 12:35:00', 127.575, 127.575, 127.575, 127.575, 502]
['2019-03-27 12:34:00', 127.5096, 127.62, 127.5096, 127.69, 1219]
['2019-03-27 12:31:00', 127.38, 127.38, 127.38, 127.56, 567]
['2019-03-27 12:30:00', 127.61, 127.61, 127.61, 127.61, 108]
['2019-03-27 12:24:00', 127.35, 127.28, 127.28, 127.35, 565]
['2019-03-27 12:15:00', 126.973, 126.93, 126.93, 126.973, 664]
['2019-03-27 12:13:00', 127.02, 127.02, 127.02, 127.02, 186]
['2019-03-27 12:12:00', 126.94, 126.94, 126.94, 126.94, 223]
['2019-03-27 12:09:00', 126.72, 126.815, 126.72, 126.815, 609]
['2019-03-27 12:07:00', 126.71, 126.71, 126.71, 126.71, 300]
['2019-03-27 12:06:00', 126.86, 126.86, 126.86, 126.86, 107]
['2019-03-27 12:04:00', 126.64, 126.64, 126.64, 126.64, 881]
['2019-03-27 12:00:00', 126.5485, 126.5485, 126.5485, 126.5485, 126]
['2019-03-27 11:57:00', 126.42, 126.49, 126.42, 126.49, 258]
['2019-03-27 11:53:00', 126.05, 126.05, 126.05, 126.05, 357]
['2019-03-27 11:51:00', 126.07, 126.07, 126.07, 126.07, 105]
['2019-03-27 11:50:00', 125.92, 126.16, 125.92, 126.16, 1387]
['2019-03-27 11:49:00', 125.99, 125.99, 125.99, 125.99, 152]
['2019-03-27 11:47:00', 125.99, 125.99, 125.99, 125.99, 108]
['2019-03-27 11:43:00', 126.22, 126.2499, 126.22, 126.2499, 975]
['2019-03-27 11:42:00', 126.15, 126.16, 126.15, 126.16, 252]
['2019-03-27 11:41:00', 126.215, 125.95, 125.95, 126.215, 715]
['2019-03-27 11:40:00', 126.23, 126.2, 126.2, 126.23, 324]
['2019-03-27 11:39:00', 126.37, 126.28, 126.28, 126.5, 885]
['2019-03-27 11:38:00', 126.4, 126.4, 126.4, 126.4, 210]
['2019-03-27 11:37:00', 126.33, 126.33, 126.33, 126.33, 101]
['2019-03-27 11:36:00', 126.2, 126.2, 126.2, 126.2, 374]
['2019-03-27 11:32:00', 126.18, 126.2, 126.18, 126.2, 382]
['2019-03-27 11:31:00', 126.33, 126.33, 126.33, 126.33, 203]
['2019-03-27 11:29:00', 126.43, 126.29, 126.29, 126.43, 339]
['2019-03-27 11:24:00', 126.61, 126.61, 126.61, 126.61, 323]
['2019-03-27 11:21:00', 126.52, 126.66, 126.52, 126.67, 803]
['2019-03-27 11:16:00', 126.53, 126.53, 126.53, 126.53, 382]
['2019-03-27 11:13:00', 126.66, 126.66, 126.66, 126.66, 242]
['2019-03-27 11:11:00', 126.6781, 126.6781, 126.6781, 126.6781, 225]
['2019-03-27 11:09:00', 126.66, 126.54, 126.54, 126.7757, 866]
['2019-03-27 11:08:00', 126.53, 126.53, 126.53, 126.53, 308]
['2019-03-27 11:06:00', 126.52, 126.52, 126.52, 126.52, 105]
['2019-03-27 11:03:00', 126.54, 126.54, 126.54, 126.54, 178]
['2019-03-27 10:57:00', 126.66, 126.435, 126.435, 126.66, 535]
['2019-03-27 10:56:00', 126.61, 126.61, 126.61, 126.61, 132]
['2019-03-27 10:52:00', 127.02, 127.02, 127.02, 127.08, 1541]
['2019-03-27 10:50:00', 127.26, 126.905, 126.905, 127.26, 664]
['2019-03-27 10:49:00', 127.1, 127.02, 127.02, 127.1, 406]
['2019-03-27 10:48:00', 126.935, 127.11, 126.935, 127.11, 819]
['2019-03-27 10:47:00', 126.89, 127.12, 126.89, 127.12, 615]
['2019-03-27 10:46:00', 126.9, 126.9, 126.9, 126.9, 103]
['2019-03-27 10:44:00', 127.03, 126.93, 126.79, 127.03, 1268]
['2019-03-27 10:43:00', 126.84, 127.13, 126.84, 127.13, 1156]
['2019-03-27 10:42:00', 126.81, 126.81, 126.81, 126.81, 254]
['2019-03-27 10:39:00', 126.75, 126.75, 126.75, 126.75, 131]
['2019-03-27 10:38:00', 127.12, 126.77, 126.77, 127.12, 1187]
['2019-03-27 10:37:00', 126.96, 127.0, 126.96, 127.05, 938]
['2019-03-27 10:36:00', 127.02, 127.06, 127.02, 127.06, 636]
['2019-03-27 10:35:00', 127.01, 127.0, 127.0, 127.01, 406]
['2019-03-27 10:34:00', 127.22, 127.22, 127.22, 127.22, 603]
['2019-03-27 10:33:00', 127.34, 127.06, 127.06, 127.34, 484]
['2019-03-27 10:32:00', 127.21, 127.31, 127.1305, 127.32, 961]
['2019-03-27 10:31:00', 127.1, 127.1, 127.1, 127.1, 501]
['2019-03-27 10:30:00', 127.13, 127.13, 127.13, 127.13, 529]
['2019-03-27 10:29:00', 126.995, 127.2, 126.995, 127.2, 710]
['2019-03-27 10:28:00', 126.95, 126.95, 126.95, 126.95, 214]
['2019-03-27 10:27:00', 126.72, 126.9, 126.72, 127.25, 802]
['2019-03-27 10:26:00', 126.91, 126.9, 126.9, 126.91, 526]
['2019-03-27 10:25:00', 127.1, 127.1, 127.1, 127.1, 305]
['2019-03-27 10:24:00', 127.005, 127.005, 127.005, 127.005, 103]
['2019-03-27 10:23:00', 126.85, 126.85, 126.85, 126.85, 553]
['2019-03-27 10:22:00', 126.75, 126.75, 126.75, 126.75, 302]
['2019-03-27 10:19:00', 127.0, 127.04, 127.0, 127.07, 821]
['2019-03-27 10:16:00', 126.8, 126.8, 126.8, 126.8, 181]
['2019-03-27 10:12:00', 126.72, 126.76, 126.7, 126.78, 711]
['2019-03-27 10:10:00', 126.63, 126.78, 126.63, 126.78, 1595]
['2019-03-27 10:07:00', 126.24, 126.77, 126.24, 126.77, 306]
['2019-03-27 10:04:00', 126.6695, 126.6695, 126.6695, 126.6695, 135]
['2019-03-27 10:03:00', 126.89, 126.84, 126.84, 126.89, 497]
['2019-03-27 10:02:00', 126.81, 126.89, 126.75, 126.89, 800]
['2019-03-27 09:58:00', 126.54, 127.13, 126.54, 127.13, 312]
['2019-03-27 09:57:00', 126.36, 126.54, 126.24, 126.54, 1915]
['2019-03-27 09:56:00', 126.465, 126.465, 126.465, 126.465, 242]
['2019-03-27 09:47:00', 126.33, 126.33, 126.33, 126.33, 234]
['2019-03-27 09:45:00', 125.53, 125.53, 125.53, 125.53, 263]
['2019-03-27 09:41:00', 125.665, 125.665, 125.665, 125.665, 120]
['2019-03-27 09:39:00', 125.325, 125.325, 125.325, 125.325, 296]
['2019-03-27 09:36:00', 125.3612, 125.3612, 125.361, 125.3612, 349]
['2019-03-27 09:35:00', 124.73, 124.71, 124.71, 124.73, 272]
['2019-03-27 09:33:00', 123.9, 123.9, 123.9, 123.9, 534]
['2019-03-27 09:32:00', 123.5708, 123.5708, 123.5708, 123.5708, 548]
['2019-03-27 09:31:00', 123.9, 123.245, 123.245, 123.9, 965]
['2019-03-26 16:00:00', 124.05, 124.05, 124.05, 124.05, 2530]
['2019-03-26 15:59:00', 123.95, 124.06, 123.95, 124.06, 1882]
['2019-03-26 15:58:00', 123.8702, 123.935, 123.8702, 123.935, 1632]
['2019-03-26 15:57:00', 123.93, 123.91, 123.91, 123.93, 1614]
['2019-03-26 15:56:00', 123.86, 123.85, 123.85, 123.92, 5659]
['2019-03-26 15:55:00', 124.15, 124.07, 124.07, 124.15, 1511]
['2019-03-26 15:54:00', 124.28, 124.28, 124.28, 124.28, 705]
['2019-03-26 15:53:00', 124.235, 124.235, 124.235, 124.235, 268]
['2019-03-26 15:52:00', 124.1, 124.15, 124.1, 124.15, 1702]
['2019-03-26 15:51:00', 124.09, 124.055, 124.055, 124.09, 1050]
['2019-03-26 15:50:00', 124.16, 124.07, 124.07, 124.16, 1129]
['2019-03-26 15:48:00', 124.01, 124.05, 124.01, 124.05, 1716]
['2019-03-26 15:47:00', 123.91, 123.91, 123.91, 123.91, 292]
['2019-03-26 15:46:00', 123.93, 123.89, 123.89, 123.93, 1387]
['2019-03-26 15:45:00', 123.87, 123.87, 123.87, 123.87, 495]
['2019-03-26 15:44:00', 123.89, 123.89, 123.89, 123.89, 830]
['2019-03-26 15:43:00', 124.04, 124.04, 124.04, 124.04, 315]
['2019-03-26 15:36:00', 124.26, 124.24, 124.24, 124.26, 1230]
['2019-03-26 15:35:00', 124.18, 124.18, 124.18, 124.18, 435]
['2019-03-26 15:33:00', 124.36, 124.36, 124.36, 124.36, 732]
['2019-03-26 15:32:00', 124.42, 124.42, 124.42, 124.42, 553]
['2019-03-26 15:31:00', 124.32, 124.35, 124.32, 124.35, 856]
['2019-03-26 15:30:00', 124.4, 124.4, 124.4, 124.4, 113]
['2019-03-26 15:24:00', 124.4, 124.4, 124.4, 124.4, 353]
['2019-03-26 15:22:00', 124.58, 124.58, 124.58, 124.58, 152]
['2019-03-26 15:21:00', 124.72, 124.72, 124.72, 124.72, 369]
['2019-03-26 15:20:00', 124.835, 124.68, 124.68, 124.835, 1343]
['2019-03-26 15:18:00', 124.845, 124.845, 124.845, 124.845, 390]
['2019-03-26 15:15:00', 124.79, 124.79, 124.79, 124.79, 161]
['2019-03-26 15:14:00', 124.795, 124.795, 124.795, 124.795, 111]
['2019-03-26 15:13:00', 124.72, 124.72, 124.72, 124.72, 449]
['2019-03-26 15:12:00', 124.65, 124.65, 124.65, 124.65, 121]
['2019-03-26 15:10:00', 124.65, 124.72, 124.65, 124.72, 545]
['2019-03-26 15:05:00', 124.57, 124.575, 124.57, 124.575, 1024]
['2019-03-26 15:04:00', 124.57, 124.57, 124.57, 124.57, 229]
['2019-03-26 15:02:00', 124.65, 124.65, 124.65, 124.65, 227]
['2019-03-26 15:01:00', 124.65, 124.65, 124.65, 124.65, 102]
['2019-03-26 14:59:00', 124.47, 124.47, 124.47, 124.47, 224]
['2019-03-26 14:58:00', 124.56, 124.58, 124.56, 124.58, 288]
['2019-03-26 14:54:00', 124.33, 124.33, 124.33, 124.33, 251]
['2019-03-26 14:53:00', 124.33, 124.33, 124.33, 124.33, 300]
['2019-03-26 14:52:00', 124.54, 124.54, 124.54, 124.54, 787]
['2019-03-26 14:51:00', 124.3176, 124.3176, 124.3176, 124.3176, 280]
['2019-03-26 14:47:00', 124.04, 124.04, 124.04, 124.04, 210]
['2019-03-26 14:42:00', 124.12, 124.12, 124.12, 124.12, 456]
['2019-03-26 14:41:00', 123.81, 123.81, 123.81, 123.81, 301]
['2019-03-26 14:38:00', 124.0, 123.87, 123.87, 124.0, 418]
['2019-03-26 14:37:00', 124.13, 124.13, 124.13, 124.13, 307]
['2019-03-26 14:35:00', 123.92, 123.92, 123.92, 123.92, 222]
['2019-03-26 14:32:00', 124.04, 124.03, 124.03, 124.04, 470]
['2019-03-26 14:29:00', 124.135, 124.135, 124.135, 124.135, 316]
['2019-03-26 14:28:00', 123.975, 123.975, 123.975, 123.975, 203]
['2019-03-26 14:21:00', 123.74, 123.74, 123.74, 123.74, 848]
['2019-03-26 14:20:00', 123.7, 123.7, 123.7, 123.7, 624]
['2019-03-26 14:17:00', 123.665, 123.67, 123.665, 123.67, 410]
['2019-03-26 14:14:00', 123.5, 123.5, 123.5, 123.5, 1023]
['2019-03-26 14:11:00', 123.36, 123.36, 123.36, 123.36, 340]
['2019-03-26 14:10:00', 123.5, 123.5, 123.5, 123.5, 141]
['2019-03-26 14:09:00', 123.21, 123.38, 123.21, 123.38, 604]
['2019-03-26 14:04:00', 123.305, 123.305, 123.305, 123.305, 591]
['2019-03-26 14:02:00', 123.315, 123.315, 123.315, 123.315, 204]
['2019-03-26 14:00:00', 123.3225, 123.3225, 123.3225, 123.3225, 438]
['2019-03-26 13:59:00', 123.37, 123.37, 123.37, 123.37, 201]
['2019-03-26 13:57:00', 123.69, 123.66, 123.66, 123.69, 1410]
['2019-03-26 13:53:00', 123.84, 123.84, 123.84, 123.84, 544]
['2019-03-26 13:49:00', 123.9527, 123.89, 123.89, 124.1145, 2778]
['2019-03-26 13:48:00', 124.09, 124.11, 124.09, 124.11, 3010]
['2019-03-26 13:47:00', 123.79, 124.06, 123.79, 124.09, 4683]
['2019-03-26 13:46:00', 123.66, 123.64, 123.63, 123.66, 2659]
['2019-03-26 13:45:00', 123.61, 123.61, 123.61, 123.61, 220]
['2019-03-26 13:44:00', 123.6, 123.6, 123.6, 123.6, 209]
['2019-03-26 13:42:00', 123.79, 123.66, 123.66, 123.79, 1338]
['2019-03-26 13:40:00', 123.7, 123.7, 123.7, 123.7, 102]
['2019-03-26 13:38:00', 123.805, 123.805, 123.805, 123.805, 208]
['2019-03-26 13:37:00', 123.88, 123.88, 123.88, 123.88, 475]
['2019-03-26 13:36:00', 123.95, 123.95, 123.95, 123.95, 345]
['2019-03-26 13:31:00', 123.99, 123.91, 123.91, 123.99, 838]
['2019-03-26 13:29:00', 124.17, 124.17, 124.17, 124.17, 456]
['2019-03-26 13:26:00', 124.27, 124.27, 124.27, 124.27, 122]
['2019-03-26 13:25:00', 124.37, 124.37, 124.37, 124.37, 502]
['2019-03-26 13:24:00', 124.45, 124.45, 124.45, 124.45, 860]
['2019-03-26 13:23:00', 124.56, 124.56, 124.56, 124.56, 522]
['2019-03-26 13:21:00', 124.6, 124.6, 124.6, 124.6, 143]
['2019-03-26 13:20:00', 124.465, 124.465, 124.465, 124.465, 406]
['2019-03-26 13:18:00', 124.39, 124.39, 124.39, 124.39, 114]
['2019-03-26 13:17:00', 124.16, 124.24, 124.16, 124.24, 827]
['2019-03-26 13:16:00', 124.255, 124.255, 124.255, 124.255, 201]
['2019-03-26 13:15:00', 124.25, 124.25, 124.25, 124.25, 348]
['2019-03-26 13:12:00', 124.32, 124.32, 124.32, 124.32, 214]
['2019-03-26 13:11:00', 123.955, 123.955, 123.955, 123.955, 204]
['2019-03-26 13:10:00', 123.96, 123.96, 123.96, 123.96, 710]
['2019-03-26 13:09:00', 123.71, 123.71, 123.71, 123.71, 108]
['2019-03-26 13:06:00', 123.83, 123.83, 123.83, 123.83, 203]
['2019-03-26 13:00:00', 123.66, 123.61, 123.61, 123.66, 931]
['2019-03-26 12:58:00', 123.75, 123.6663, 123.6663, 123.75, 494]
['2019-03-26 12:55:00', 123.81, 123.82, 123.81, 123.82, 465]
['2019-03-26 12:51:00', 123.955, 123.955, 123.955, 123.955, 209]
['2019-03-26 12:50:00', 123.79, 123.79, 123.79, 123.79, 460]
['2019-03-26 12:47:00', 123.94, 123.94, 123.94, 123.94, 484]
['2019-03-26 12:42:00', 124.02, 124.02, 124.02, 124.02, 394]
['2019-03-26 12:41:00', 124.075, 124.075, 124.075, 124.075, 562]
['2019-03-26 12:40:00', 124.24, 124.24, 124.24, 124.24, 226]
['2019-03-26 12:38:00', 124.34, 124.28, 124.28, 124.34, 740]
['2019-03-26 12:36:00', 124.37, 124.37, 124.37, 124.37, 228]
['2019-03-26 12:32:00', 124.14, 124.14, 124.14, 124.14, 343]
['2019-03-26 12:29:00', 124.21, 124.21, 124.21, 124.21, 110]
['2019-03-26 12:28:00', 124.22, 124.22, 124.22, 124.22, 404]
['2019-03-26 12:24:00', 124.3, 124.3, 124.3, 124.3, 604]
['2019-03-26 12:22:00', 124.33, 124.32, 124.32, 124.33, 879]
['2019-03-26 12:18:00', 124.375, 124.375, 124.375, 124.375, 170]
['2019-03-26 12:13:00', 124.27, 124.27, 124.27, 124.27, 673]
['2019-03-26 12:11:00', 124.14, 124.14, 124.14, 124.14, 111]
['2019-03-26 12:10:00', 124.01, 124.01, 124.01, 124.01, 496]
['2019-03-26 12:08:00', 124.31, 124.31, 124.31, 124.31, 593]
['2019-03-26 12:05:00', 124.29, 124.29, 124.29, 124.29, 477]
['2019-03-26 12:02:00', 124.355, 124.355, 124.355, 124.355, 566]
['2019-03-26 12:01:00', 124.35, 124.35, 124.35, 124.35, 145]
['2019-03-26 11:59:00', 124.08, 124.08, 124.08, 124.08, 713]
['2019-03-26 11:56:00', 123.7, 123.7, 123.7, 123.7, 130]
['2019-03-26 11:52:00', 123.5, 123.5, 123.5, 123.5, 698]
['2019-03-26 11:51:00', 123.785, 123.785, 123.785, 123.785, 201]
['2019-03-26 11:47:00', 123.77, 123.77, 123.77, 123.77, 417]
['2019-03-26 11:46:00', 123.9112, 123.9112, 123.9112, 123.9112, 295]
['2019-03-26 11:44:00', 123.93, 123.93, 123.93, 123.93, 549]
['2019-03-26 11:42:00', 123.96, 123.96, 123.96, 123.96, 422]
['2019-03-26 11:41:00', 123.57, 123.57, 123.57, 123.57, 614]
['2019-03-26 11:34:00', 123.14, 123.14, 123.14, 123.14, 230]
['2019-03-26 11:33:00', 123.45, 123.45, 123.45, 123.45, 645]
['2019-03-26 11:31:00', 123.575, 123.575, 123.575, 123.575, 423]
['2019-03-26 11:25:00', 123.7, 123.7, 123.7, 123.7, 209]
['2019-03-26 11:23:00', 123.68, 123.68, 123.68, 123.68, 674]
['2019-03-26 11:21:00', 123.15, 123.15, 123.15, 123.15, 233]
['2019-03-26 11:18:00', 123.15, 123.15, 123.15, 123.15, 413]
['2019-03-26 11:17:00', 123.6, 123.6, 123.6, 123.6, 109]
['2019-03-26 11:16:00', 123.755, 123.755, 123.755, 123.755, 703]
['2019-03-26 11:10:00', 124.06, 124.06, 124.06, 124.06, 509]
['2019-03-26 11:09:00', 124.07, 124.07, 124.07, 124.07, 365]
['2019-03-26 11:08:00', 124.36, 124.36, 124.36, 124.36, 212]
['2019-03-26 11:06:00', 124.5, 124.5, 124.5, 124.5, 743]
['2019-03-26 11:04:00', 124.51, 124.51, 124.51, 124.51, 203]
['2019-03-26 11:01:00', 124.88, 124.82, 124.82, 124.88, 990]
['2019-03-26 10:54:00', 124.85, 124.85, 124.85, 124.85, 273]
['2019-03-26 10:52:00', 124.76, 124.76, 124.76, 124.76, 212]
['2019-03-26 10:50:00', 124.58, 124.58, 124.58, 124.58, 1401]
['2019-03-26 10:47:00', 124.07, 124.07, 124.07, 124.07, 731]
['2019-03-26 10:44:00', 123.945, 123.945, 123.945, 123.945, 256]
['2019-03-26 10:41:00', 124.01, 124.01, 124.01, 124.01, 310]
['2019-03-26 10:39:00', 123.61, 123.61, 123.61, 123.61, 561]
['2019-03-26 10:36:00', 123.61, 123.48, 123.48, 123.61, 548]
['2019-03-26 10:35:00', 123.64, 123.64, 123.64, 123.64, 100]
['2019-03-26 10:32:00', 123.84, 123.84, 123.84, 123.84, 105]
['2019-03-26 10:31:00', 123.865, 123.865, 123.865, 123.865, 551]
['2019-03-26 10:29:00', 123.82, 123.82, 123.82, 123.82, 397]
['2019-03-26 10:25:00', 123.72, 123.72, 123.72, 123.72, 237]
['2019-03-26 10:22:00', 123.77, 123.77, 123.77, 123.77, 878]
['2019-03-26 10:20:00', 123.61, 123.61, 123.61, 123.61, 300]
['2019-03-26 10:19:00', 123.59, 123.59, 123.59, 123.59, 748]
['2019-03-26 10:16:00', 123.545, 123.545, 123.545, 123.545, 247]
['2019-03-26 10:12:00', 123.52, 123.52, 123.52, 123.52, 200]
['2019-03-26 10:10:00', 123.265, 123.265, 123.265, 123.265, 195]
['2019-03-26 10:08:00', 123.285, 123.285, 123.285, 123.285, 501]
['2019-03-26 10:07:00', 123.37, 123.37, 123.37, 123.37, 1315]
['2019-03-26 10:06:00', 123.1, 123.1, 123.1, 123.1, 659]
['2019-03-26 10:05:00', 123.105, 123.105, 123.105, 123.105, 365]
['2019-03-26 10:02:00', 122.53, 122.53, 122.53, 122.53, 826]
['2019-03-26 10:01:00', 123.02, 122.65, 122.65, 123.02, 2974]
['2019-03-26 10:00:00', 122.9773, 122.79, 122.79, 122.9773, 2481]
['2019-03-26 09:57:00', 122.93, 122.93, 122.93, 122.93, 248]
['2019-03-26 09:53:00', 123.27, 123.27, 123.27, 123.27, 941]
['2019-03-26 09:52:00', 123.2, 123.2, 123.2, 123.2, 899]
['2019-03-26 09:46:00', 124.0199, 124.0199, 124.0199, 124.0199, 320]
['2019-03-26 09:43:00', 124.37, 124.37, 124.37, 124.37, 502]
['2019-03-26 09:41:00', 124.325, 124.325, 124.325, 124.325, 951]
['2019-03-26 09:38:00', 123.68, 123.68, 123.68, 123.68, 559]
['2019-03-26 09:36:00', 123.922, 123.922, 123.922, 123.922, 107]
['2019-03-26 09:34:00', 124.18, 124.19, 124.18, 124.19, 1676]
['2019-03-26 09:32:00', 125.08, 125.08, 125.08, 125.08, 1120]
['2019-03-26 09:31:00', 125.77, 125.77, 125.77, 125.77, 3287]
['2019-03-25 16:00:00', 121.99, 121.91, 121.91, 121.99, 1689]
['2019-03-25 15:59:00', 122.07, 122.13, 122.07, 122.13, 1289]
['2019-03-25 15:58:00', 122.15, 122.15, 122.15, 122.15, 663]
['2019-03-25 15:57:00', 122.14, 122.14, 122.14, 122.14, 328]
['2019-03-25 15:56:00', 122.04, 121.9, 121.9, 122.04, 791]
['2019-03-25 15:55:00', 122.0955, 122.0955, 122.0955, 122.0955, 320]
['2019-03-25 15:53:00', 122.14, 122.06, 122.01, 122.14, 1705]
['2019-03-25 15:51:00', 122.19, 122.2, 122.19, 122.2, 965]
['2019-03-25 15:50:00', 122.17, 122.17, 122.17, 122.17, 428]
['2019-03-25 15:49:00', 122.41, 122.41, 122.41, 122.41, 487]
['2019-03-25 15:47:00', 122.45, 122.45, 122.45, 122.45, 303]
['2019-03-25 15:46:00', 122.59, 122.59, 122.59, 122.59, 773]
['2019-03-25 15:45:00', 122.58, 122.58, 122.58, 122.58, 236]
['2019-03-25 15:44:00', 122.43, 122.43, 122.43, 122.43, 733]
['2019-03-25 15:43:00', 122.37, 122.37, 122.37, 122.37, 469]
['2019-03-25 15:39:00', 122.46, 122.46, 122.46, 122.46, 229]
['2019-03-25 15:37:00', 122.33, 122.33, 122.33, 122.33, 795]
['2019-03-25 15:34:00', 122.34, 122.34, 122.34, 122.34, 215]
['2019-03-25 15:32:00', 122.39, 122.39, 122.39, 122.39, 128]
['2019-03-25 15:31:00', 122.38, 122.39, 122.38, 122.39, 854]
['2019-03-25 15:30:00', 122.7, 122.65, 122.65, 122.7, 516]
['2019-03-25 15:26:00', 122.71, 122.71, 122.71, 122.71, 509]
['2019-03-25 15:25:00', 122.8, 122.8, 122.8, 122.8, 228]
['2019-03-25 15:24:00', 122.99, 122.99, 122.99, 122.99, 468]
['2019-03-25 15:23:00', 122.84, 122.84, 122.84, 122.84, 126]
['2019-03-25 15:19:00', 122.87, 122.6731, 122.6731, 122.87, 376]
['2019-03-25 15:16:00', 122.77, 122.76, 122.76, 122.77, 499]
['2019-03-25 15:13:00', 122.97, 122.97, 122.97, 122.97, 403]
['2019-03-25 15:10:00', 122.78, 122.81, 122.78, 122.81, 382]
['2019-03-25 15:07:00', 122.695, 122.695, 122.695, 122.695, 1024]
['2019-03-25 15:02:00', 122.92, 122.77, 122.77, 122.92, 253]
['2019-03-25 15:01:00', 122.9, 122.9, 122.9, 122.9, 109]
['2019-03-25 14:59:00', 122.66, 122.81, 122.66, 122.81, 227]
['2019-03-25 14:57:00', 122.56, 122.56, 122.56, 122.56, 113]
['2019-03-25 14:55:00', 122.41, 122.41, 122.41, 122.41, 102]
['2019-03-25 14:52:00', 122.51, 122.51, 122.51, 122.51, 146]
['2019-03-25 14:48:00', 122.46, 122.46, 122.46, 122.46, 414]
['2019-03-25 14:47:00', 122.35, 122.55, 122.35, 122.55, 772]
['2019-03-25 14:44:00', 122.48, 122.48, 122.48, 122.48, 160]
['2019-03-25 14:38:00', 122.31, 122.31, 122.31, 122.31, 251]
['2019-03-25 14:30:00', 122.1075, 122.1075, 122.1075, 122.1075, 562]
['2019-03-25 14:28:00', 121.99, 121.99, 121.99, 121.99, 342]
['2019-03-25 14:22:00', 121.94, 121.94, 121.94, 121.94, 1065]
['2019-03-25 14:21:00', 121.93, 122.05, 121.93, 122.05, 2273]
['2019-03-25 14:20:00', 121.995, 122.06, 121.995, 122.06, 1334]
['2019-03-25 14:19:00', 122.12, 122.12, 122.12, 122.12, 243]
['2019-03-25 14:14:00', 122.27, 122.24, 122.24, 122.27, 884]
['2019-03-25 14:01:00', 122.31, 122.31, 122.31, 122.31, 407]
['2019-03-25 14:00:00', 122.345, 122.345, 122.345, 122.345, 104]
['2019-03-25 13:58:00', 122.51, 122.51, 122.51, 122.51, 219]
['2019-03-25 13:57:00', 122.58, 122.58, 122.58, 122.58, 101]
['2019-03-25 13:55:00', 122.585, 122.585, 122.585, 122.585, 219]
['2019-03-25 13:54:00', 122.48, 122.48, 122.48, 122.48, 402]
['2019-03-25 13:49:00', 122.7, 122.7, 122.7, 122.7, 138]
['2019-03-25 13:48:00', 122.87, 122.87, 122.87, 122.87, 419]
['2019-03-25 13:44:00', 122.99, 122.99, 122.99, 122.99, 298]
['2019-03-25 13:40:00', 123.225, 123.37, 123.225, 123.37, 2166]
['2019-03-25 13:37:00', 123.02, 123.02, 123.02, 123.02, 247]
['2019-03-25 13:36:00', 123.015, 122.87, 122.87, 123.015, 795]
['2019-03-25 13:33:00', 122.64, 122.82, 122.64, 122.82, 599]
['2019-03-25 13:32:00', 122.82, 122.82, 122.82, 122.82, 267]
['2019-03-25 13:26:00', 122.48, 122.74, 122.48, 122.74, 438]
['2019-03-25 13:25:00', 122.32, 122.32, 122.32, 122.32, 327]
['2019-03-25 13:24:00', 122.65, 122.65, 122.65, 122.65, 1806]
['2019-03-25 13:23:00', 122.543, 122.543, 122.543, 122.543, 247]
['2019-03-25 13:20:00', 122.56, 122.56, 122.56, 122.56, 231]
['2019-03-25 13:18:00', 122.52, 122.52, 122.52, 122.52, 150]
['2019-03-25 13:14:00', 122.63, 122.63, 122.63, 122.63, 240]
['2019-03-25 13:03:00', 122.25, 122.22, 122.22, 122.25, 550]
['2019-03-25 13:01:00', 122.4, 122.4, 122.4, 122.4, 217]
['2019-03-25 13:00:00', 122.3, 122.3, 122.3, 122.3, 106]
['2019-03-25 12:59:00', 121.99, 121.99, 121.99, 121.99, 342]
['2019-03-25 12:56:00', 121.93, 121.93, 121.93, 121.93, 104]
['2019-03-25 12:53:00', 121.91, 121.91, 121.91, 121.91, 126]
['2019-03-25 12:51:00', 122.2, 122.2, 122.2, 122.2, 201]
['2019-03-25 12:49:00', 122.12, 122.12, 122.12, 122.12, 212]
['2019-03-25 12:46:00', 121.97, 121.97, 121.97, 121.97, 171]
['2019-03-25 12:45:00', 121.81, 121.675, 121.675, 121.81, 659]
['2019-03-25 12:42:00', 121.9195, 121.9195, 121.9195, 121.9195, 201]
['2019-03-25 12:39:00', 121.76, 121.76, 121.76, 121.76, 214]
['2019-03-25 12:36:00', 122.015, 122.015, 122.015, 122.015, 281]
['2019-03-25 12:31:00', 121.93, 121.93, 121.93, 121.93, 239]
['2019-03-25 12:28:00', 122.33, 122.33, 122.33, 122.33, 604]
['2019-03-25 12:27:00', 122.37, 122.37, 122.37, 122.37, 712]
['2019-03-25 12:26:00', 122.35, 122.35, 122.35, 122.35, 1151]
['2019-03-25 12:24:00', 122.4, 122.4, 122.4, 122.4, 243]
['2019-03-25 12:23:00', 122.53, 122.51, 122.51, 122.53, 1115]
['2019-03-25 12:21:00', 122.55, 122.55, 122.55, 122.55, 826]
['2019-03-25 12:20:00', 123.06, 122.87, 122.87, 123.06, 1016]
['2019-03-25 12:19:00', 122.87, 122.87, 122.87, 122.87, 342]
['2019-03-25 12:18:00', 122.74, 122.74, 122.74, 122.74, 822]
['2019-03-25 12:13:00', 122.69, 122.69, 122.69, 122.69, 103]
['2019-03-25 12:08:00', 122.78, 122.78, 122.78, 122.78, 575]
['2019-03-25 11:59:00', 122.68, 122.68, 122.68, 122.68, 598]
['2019-03-25 11:56:00', 122.8, 122.8, 122.8, 122.8, 314]
['2019-03-25 11:54:00', 122.5574, 122.5574, 122.5574, 122.5574, 221]
['2019-03-25 11:52:00', 122.5, 122.5, 122.5, 122.5, 308]
['2019-03-25 11:51:00', 122.48, 122.48, 122.48, 122.48, 364]
['2019-03-25 11:43:00', 122.52, 122.52, 122.52, 122.52, 427]
['2019-03-25 11:41:00', 122.775, 122.775, 122.775, 122.775, 203]
['2019-03-25 11:38:00', 122.66, 122.66, 122.66, 122.66, 142]
['2019-03-25 11:37:00', 123.07, 123.07, 123.07, 123.07, 312]
['2019-03-25 11:35:00', 123.14, 123.14, 123.14, 123.14, 143]
['2019-03-25 11:34:00', 123.22, 123.22, 123.22, 123.22, 668]
['2019-03-25 11:32:00', 123.35, 123.35, 123.35, 123.35, 134]
['2019-03-25 11:28:00', 123.29, 123.29, 123.29, 123.29, 125]
['2019-03-25 11:27:00', 123.26, 123.26, 123.26, 123.26, 755]
['2019-03-25 11:21:00', 123.0, 123.0, 123.0, 123.0, 1518]
['2019-03-25 11:20:00', 122.94, 122.98, 122.94, 122.98, 432]
['2019-03-25 11:18:00', 122.82, 122.82, 122.82, 122.82, 204]
['2019-03-25 11:17:00', 122.86, 122.86, 122.86, 122.86, 105]
['2019-03-25 11:15:00', 122.51, 122.51, 122.51, 122.51, 302]
['2019-03-25 11:14:00', 122.44, 122.44, 122.44, 122.44, 346]
['2019-03-25 11:12:00', 122.04, 122.04, 122.04, 122.04, 115]
['2019-03-25 11:11:00', 122.205, 122.205, 122.205, 122.205, 317]
['2019-03-25 11:10:00', 122.01, 122.01, 122.01, 122.01, 101]
['2019-03-25 11:03:00', 122.03, 122.03, 122.03, 122.03, 319]
['2019-03-25 10:56:00', 122.05, 122.05, 122.05, 122.05, 269]
['2019-03-25 10:54:00', 121.9037, 121.9037, 121.9037, 121.9037, 401]
['2019-03-25 10:53:00', 121.84, 121.84, 121.84, 121.84, 237]
['2019-03-25 10:50:00', 121.56, 121.56, 121.56, 121.56, 102]
['2019-03-25 10:48:00', 121.595, 121.595, 121.595, 121.595, 137]
['2019-03-25 10:42:00', 121.52, 121.44, 121.44, 121.52, 3431]
['2019-03-25 10:41:00', 121.64, 121.66, 121.64, 121.66, 3944]
['2019-03-25 10:40:00', 121.43, 121.43, 121.43, 121.43, 1900]
['2019-03-25 10:39:00', 121.51, 121.51, 121.51, 121.51, 853]
['2019-03-25 10:38:00', 121.5, 121.68, 121.5, 121.68, 1989]
['2019-03-25 10:37:00', 121.38, 121.215, 121.215, 121.38, 1679]
['2019-03-25 10:36:00', 121.28, 121.28, 121.28, 121.28, 674]
['2019-03-25 10:35:00', 121.435, 121.435, 121.435, 121.435, 1341]
['2019-03-25 10:33:00', 121.625, 121.625, 121.625, 121.625, 130]
['2019-03-25 10:32:00', 121.37, 121.37, 121.37, 121.37, 420]
['2019-03-25 10:30:00', 121.295, 121.295, 121.295, 121.295, 116]
['2019-03-25 10:26:00', 121.23, 121.23, 121.23, 121.23, 442]
['2019-03-25 10:21:00', 121.065, 121.065, 121.065, 121.065, 139]
['2019-03-25 10:18:00', 121.06, 121.06, 121.06, 121.06, 283]
['2019-03-25 10:17:00', 120.97, 120.97, 120.97, 120.97, 101]
['2019-03-25 10:15:00', 120.91, 120.91, 120.91, 120.91, 410]
['2019-03-25 10:01:00', 121.24, 121.24, 121.24, 121.24, 1120]
['2019-03-25 09:59:00', 121.26, 121.26, 121.26, 121.26, 301]
['2019-03-25 09:57:00', 121.27, 121.09, 121.09, 121.27, 1837]
['2019-03-25 09:45:00', 121.8571, 121.8571, 121.8571, 121.8571, 632]
['2019-03-25 09:44:00', 121.42, 121.42, 121.42, 121.42, 1069]
['2019-03-25 09:38:00', 122.25, 121.82, 121.82, 122.25, 1849]
['2019-03-25 09:35:00', 122.205, 122.205, 122.205, 122.205, 555]
['2019-03-25 09:32:00', 123.205, 123.205, 123.205, 123.205, 0]
