AVAL
['2019-03-29 16:00:00', 7.76, 7.76, 7.76, 7.76, 1893]
['2019-03-29 15:59:00', 7.78, 7.7626, 7.7626, 7.78, 459]
['2019-03-29 15:57:00', 7.72, 7.76, 7.69, 7.76, 7156]
['2019-03-29 15:56:00', 7.73, 7.73, 7.72, 7.73, 2004]
['2019-03-29 15:55:00', 7.74, 7.74, 7.74, 7.74, 102]
['2019-03-29 15:54:00', 7.74, 7.74, 7.74, 7.74, 100]
['2019-03-29 15:52:00', 7.73, 7.73, 7.73, 7.73, 100]
['2019-03-29 15:50:00', 7.73, 7.73, 7.73, 7.73, 100]
['2019-03-29 15:47:00', 7.74, 7.74, 7.74, 7.74, 321]
['2019-03-29 15:42:00', 7.73, 7.73, 7.73, 7.73, 100]
['2019-03-29 15:41:00', 7.71, 7.71, 7.71, 7.71, 570]
['2019-03-29 15:40:00', 7.71, 7.71, 7.71, 7.71, 200]
['2019-03-29 15:38:00', 7.71, 7.71, 7.71, 7.71, 235]
['2019-03-29 15:37:00', 7.71, 7.71, 7.71, 7.71, 200]
['2019-03-29 15:36:00', 7.7, 7.7, 7.7, 7.7, 600]
['2019-03-29 15:33:00', 7.69, 7.69, 7.69, 7.69, 160]
['2019-03-29 15:31:00', 7.7, 7.7, 7.7, 7.7, 400]
['2019-03-29 15:27:00', 7.7, 7.7, 7.7, 7.7, 800]
['2019-03-29 15:26:00', 7.71, 7.71, 7.71, 7.71, 1000]
['2019-03-29 15:24:00', 7.72, 7.72, 7.72, 7.72, 100]
['2019-03-29 15:20:00', 7.71, 7.71, 7.71, 7.71, 628]
['2019-03-29 15:19:00', 7.71, 7.71, 7.71, 7.71, 684]
['2019-03-29 15:18:00', 7.69, 7.71, 7.69, 7.71, 768]
['2019-03-29 15:15:00', 7.69, 7.69, 7.69, 7.69, 493]
['2019-03-29 15:14:00', 7.6832, 7.6832, 7.6832, 7.6832, 125]
['2019-03-29 15:07:00', 7.69, 7.69, 7.69, 7.69, 165]
['2019-03-29 15:02:00', 7.67, 7.685, 7.67, 7.685, 400]
['2019-03-29 14:51:00', 7.67, 7.67, 7.67, 7.67, 100]
['2019-03-29 14:40:00', 7.67, 7.67, 7.67, 7.67, 100]
['2019-03-29 14:34:00', 7.69, 7.69, 7.69, 7.69, 100]
['2019-03-29 14:28:00', 7.66, 7.66, 7.66, 7.66, 100]
['2019-03-29 14:16:00', 7.66, 7.675, 7.66, 7.675, 381]
['2019-03-29 13:50:00', 7.675, 7.675, 7.675, 7.675, 104]
['2019-03-29 13:46:00', 7.69, 7.69, 7.69, 7.69, 100]
['2019-03-29 13:42:00', 7.69, 7.69, 7.69, 7.69, 100]
['2019-03-29 13:39:00', 7.67, 7.67, 7.67, 7.67, 100]
['2019-03-29 13:36:00', 7.66, 7.6626, 7.66, 7.6626, 529]
['2019-03-29 13:35:00', 7.65, 7.65, 7.65, 7.65, 100]
['2019-03-29 13:33:00', 7.66, 7.66, 7.66, 7.66, 100]
['2019-03-29 13:26:00', 7.64, 7.64, 7.64, 7.64, 216]
['2019-03-29 13:25:00', 7.66, 7.64, 7.64, 7.66, 8735]
['2019-03-29 13:24:00', 7.67, 7.65, 7.65, 7.67, 7865]
['2019-03-29 13:18:00', 7.67, 7.67, 7.67, 7.67, 200]
['2019-03-29 13:17:00', 7.68, 7.68, 7.68, 7.6801, 2400]
['2019-03-29 13:13:00', 7.7, 7.68, 7.68, 7.7, 1400]
['2019-03-29 13:12:00', 7.715, 7.7, 7.7, 7.715, 737]
['2019-03-29 13:03:00', 7.74, 7.74, 7.74, 7.74, 300]
['2019-03-29 13:01:00', 7.71, 7.71, 7.71, 7.71, 100]
['2019-03-29 12:57:00', 7.7255, 7.7255, 7.7255, 7.7255, 668]
['2019-03-29 12:56:00', 7.74, 7.74, 7.74, 7.74, 100]
['2019-03-29 12:51:00', 7.74, 7.74, 7.74, 7.74, 203]
['2019-03-29 12:45:00', 7.71, 7.71, 7.71, 7.71, 100]
['2019-03-29 12:34:00', 7.72, 7.73, 7.72, 7.73, 568]
['2019-03-29 12:31:00', 7.72, 7.72, 7.72, 7.72, 300]
['2019-03-29 12:28:00', 7.69, 7.69, 7.69, 7.69, 100]
['2019-03-29 12:15:00', 7.72, 7.72, 7.72, 7.72, 184]
['2019-03-29 12:10:00', 7.72, 7.72, 7.72, 7.72, 100]
['2019-03-29 12:09:00', 7.7, 7.7, 7.7, 7.7, 200]
['2019-03-29 12:07:00', 7.7, 7.7, 7.7, 7.7, 100]
['2019-03-29 12:04:00', 7.7, 7.7, 7.7, 7.7, 100]
['2019-03-29 12:01:00', 7.68, 7.68, 7.68, 7.68, 383]
['2019-03-29 12:00:00', 7.66, 7.66, 7.655, 7.68, 13100]
['2019-03-29 11:59:00', 7.66, 7.66, 7.66, 7.66, 100]
['2019-03-29 11:52:00', 7.69, 7.69, 7.69, 7.69, 100]
['2019-03-29 11:42:00', 7.68, 7.68, 7.68, 7.68, 200]
['2019-03-29 11:41:00', 7.68, 7.66, 7.66, 7.68, 3756]
['2019-03-29 11:38:00', 7.68, 7.68, 7.68, 7.68, 300]
['2019-03-29 11:35:00', 7.68, 7.68, 7.68, 7.68, 100]
['2019-03-29 11:33:00', 7.68, 7.68, 7.68, 7.68, 100]
['2019-03-29 11:30:00', 7.6701, 7.68, 7.6701, 7.68, 2142]
['2019-03-29 11:27:00', 7.68, 7.68, 7.68, 7.68, 200]
['2019-03-29 11:26:00', 7.67, 7.67, 7.67, 7.67, 100]
['2019-03-29 11:24:00', 7.67, 7.66, 7.66, 7.67, 8300]
['2019-03-29 11:23:00', 7.67, 7.67, 7.67, 7.67, 100]
['2019-03-29 11:22:00', 7.67, 7.67, 7.67, 7.67, 400]
['2019-03-29 11:20:00', 7.67, 7.66, 7.66, 7.67, 14853]
['2019-03-29 11:18:00', 7.68, 7.68, 7.68, 7.68, 200]
['2019-03-29 11:08:00', 7.67, 7.67, 7.67, 7.67, 101]
['2019-03-29 11:07:00', 7.675, 7.67, 7.67, 7.675, 400]
['2019-03-29 11:03:00', 7.68, 7.68, 7.68, 7.68, 100]
['2019-03-29 11:02:00', 7.68, 7.68, 7.68, 7.68, 700]
['2019-03-29 11:00:00', 7.67, 7.67, 7.67, 7.67, 200]
['2019-03-29 10:59:00', 7.67, 7.67, 7.67, 7.67, 500]
['2019-03-29 10:45:00', 7.66, 7.66, 7.66, 7.66, 1710]
['2019-03-29 10:44:00', 7.66, 7.66, 7.66, 7.66, 300]
['2019-03-29 10:43:00', 7.66, 7.66, 7.66, 7.665, 6950]
['2019-03-29 10:42:00', 7.67, 7.67, 7.67, 7.67, 109]
['2019-03-29 10:40:00', 7.68, 7.68, 7.68, 7.68, 100]
['2019-03-29 10:39:00', 7.68, 7.68, 7.68, 7.68, 200]
['2019-03-29 10:36:00', 7.68, 7.68, 7.68, 7.68, 100]
['2019-03-29 10:30:00', 7.68, 7.68, 7.68, 7.68, 200]
['2019-03-29 10:28:00', 7.68, 7.68, 7.68, 7.68, 200]
['2019-03-29 10:25:00', 7.665, 7.665, 7.665, 7.665, 100]
['2019-03-29 10:22:00', 7.68, 7.68, 7.68, 7.68, 100]
['2019-03-29 10:21:00', 7.65, 7.65, 7.65, 7.65, 100]
['2019-03-29 10:20:00', 7.64, 7.64, 7.64, 7.64, 200]
['2019-03-29 10:17:00', 7.62, 7.62, 7.62, 7.62, 100]
['2019-03-29 10:13:00', 7.63, 7.61, 7.58, 7.63, 19884]
['2019-03-29 10:12:00', 7.65, 7.625, 7.625, 7.65, 1719]
['2019-03-29 10:11:00', 7.66, 7.66, 7.66, 7.66, 100]
['2019-03-29 10:09:00', 7.6844, 7.65, 7.65, 7.6844, 720]
['2019-03-29 09:51:00', 7.7, 7.675, 7.65, 7.7, 1400]
['2019-03-29 09:49:00', 7.6875, 7.6875, 7.6875, 7.6875, 500]
['2019-03-29 09:44:00', 7.7, 7.66, 7.66, 7.7, 1858]
['2019-03-29 09:40:00', 7.75, 7.75, 7.75, 7.75, 400]
['2019-03-29 09:32:00', 7.71, 7.71, 7.71, 7.71, 113]
['2019-03-29 09:31:00', 7.71, 7.71, 7.71, 7.71, 604]
['2019-03-28 16:00:00', 7.67, 7.66, 7.66, 7.67, 2252]
['2019-03-28 15:59:00', 7.66, 7.66, 7.66, 7.66, 526]
['2019-03-28 15:56:00', 7.68, 7.68, 7.68, 7.68, 806]
['2019-03-28 15:55:00', 7.68, 7.68, 7.68, 7.68, 102]
['2019-03-28 15:54:00', 7.69, 7.69, 7.69, 7.69, 5742]
['2019-03-28 15:50:00', 7.687, 7.687, 7.687, 7.687, 65206]
['2019-03-28 15:47:00', 7.69, 7.69, 7.69, 7.69, 65234]
['2019-03-28 15:46:00', 7.69, 7.69, 7.69, 7.69, 972]
['2019-03-28 15:40:00', 7.7, 7.7, 7.7, 7.7, 109]
['2019-03-28 15:37:00', 7.69, 7.69, 7.69, 7.69, 197]
['2019-03-28 15:35:00', 7.69, 7.69, 7.69, 7.69, 783]
['2019-03-28 15:22:00', 7.67, 7.67, 7.67, 7.67, 723]
['2019-03-28 15:21:00', 7.67, 7.67, 7.67, 7.67, 100]
['2019-03-28 15:20:00', 7.6592, 7.67, 7.655, 7.67, 1300]
['2019-03-28 15:19:00', 7.655, 7.655, 7.655, 7.655, 107]
['2019-03-28 15:14:00', 7.66, 7.66, 7.66, 7.66, 209]
['2019-03-28 15:09:00', 7.62, 7.66, 7.62, 7.67, 1942]
['2019-03-28 15:06:00', 7.61, 7.61, 7.61, 7.61, 533]
['2019-03-28 15:03:00', 7.58, 7.57, 7.57, 7.61, 5819]
['2019-03-28 15:02:00', 7.61, 7.58, 7.58, 7.61, 4449]
['2019-03-28 14:54:00', 7.62, 7.62, 7.62, 7.62, 738]
['2019-03-28 14:53:00', 7.62, 7.62, 7.62, 7.62, 100]
['2019-03-28 14:52:00', 7.62, 7.62, 7.62, 7.65, 600]
['2019-03-28 14:51:00', 7.62, 7.62, 7.62, 7.62, 700]
['2019-03-28 14:49:00', 7.62, 7.62, 7.62, 7.62, 401]
['2019-03-28 14:48:00', 7.62, 7.62, 7.62, 7.62, 200]
['2019-03-28 14:47:00', 7.62, 7.62, 7.62, 7.62, 100]
['2019-03-28 14:46:00', 7.62, 7.62, 7.62, 7.62, 600]
['2019-03-28 14:45:00', 7.62, 7.62, 7.62, 7.62, 300]
['2019-03-28 14:44:00', 7.62, 7.65, 7.62, 7.65, 200]
['2019-03-28 14:43:00', 7.62, 7.62, 7.62, 7.62, 200]
['2019-03-28 14:40:00', 7.64, 7.63, 7.63, 7.64, 403]
['2019-03-28 14:39:00', 7.64, 7.64, 7.64, 7.64, 1302]
['2019-03-28 14:28:00', 7.658, 7.658, 7.658, 7.658, 383]
['2019-03-28 14:22:00', 7.67, 7.67, 7.67, 7.67, 104]
['2019-03-28 14:17:00', 7.66, 7.66, 7.66, 7.66, 202]
['2019-03-28 13:48:00', 7.65, 7.65, 7.65, 7.65, 319]
['2019-03-28 13:47:00', 7.65, 7.65, 7.65, 7.65, 122]
['2019-03-28 13:33:00', 7.64, 7.64, 7.64, 7.64, 210]
['2019-03-28 13:31:00', 7.62, 7.62, 7.62, 7.62, 298]
['2019-03-28 13:25:00', 7.62, 7.62, 7.62, 7.62, 105]
['2019-03-28 13:24:00', 7.6, 7.6, 7.6, 7.6, 200]
['2019-03-28 13:08:00', 7.61, 7.56, 7.56, 7.61, 7839]
['2019-03-28 13:06:00', 7.61, 7.61, 7.61, 7.61, 1168]
['2019-03-28 13:03:00', 7.61, 7.61, 7.61, 7.61, 122]
['2019-03-28 13:02:00', 7.61, 7.61, 7.61, 7.61, 222]
['2019-03-28 13:01:00', 7.61, 7.61, 7.61, 7.61, 100]
['2019-03-28 13:00:00', 7.6, 7.6, 7.6, 7.6, 400]
['2019-03-28 12:52:00', 7.58, 7.58, 7.58, 7.58, 202]
['2019-03-28 12:49:00', 7.59, 7.59, 7.59, 7.59, 200]
['2019-03-28 12:46:00', 7.58, 7.58, 7.58, 7.58, 1700]
['2019-03-28 12:45:00', 7.58, 7.57, 7.57, 7.58, 4230]
['2019-03-28 12:33:00', 7.61, 7.61, 7.61, 7.61, 109]
['2019-03-28 12:32:00', 7.62, 7.62, 7.62, 7.62, 100]
['2019-03-28 12:30:00', 7.6, 7.6, 7.6, 7.6, 104]
['2019-03-28 12:13:00', 7.63, 7.63, 7.63, 7.63, 621]
['2019-03-28 12:07:00', 7.64, 7.64, 7.64, 7.64, 408]
['2019-03-28 12:06:00', 7.64, 7.64, 7.64, 7.64, 1313]
['2019-03-28 12:03:00', 7.65, 7.65, 7.65, 7.65, 103]
['2019-03-28 12:02:00', 7.65, 7.65, 7.65, 7.65, 103]
['2019-03-28 11:59:00', 7.65, 7.65, 7.65, 7.65, 500]
['2019-03-28 11:56:00', 7.66, 7.66, 7.66, 7.66, 102]
['2019-03-28 11:53:00', 7.65, 7.65, 7.65, 7.65, 209]
['2019-03-28 11:49:00', 7.64, 7.64, 7.64, 7.64, 500]
['2019-03-28 11:45:00', 7.62, 7.62, 7.59, 7.62, 7258]
['2019-03-28 11:44:00', 7.66, 7.62, 7.62, 7.66, 3516]
['2019-03-28 11:42:00', 7.655, 7.655, 7.655, 7.655, 374]
['2019-03-28 11:34:00', 7.68, 7.68, 7.68, 7.68, 233]
['2019-03-28 11:18:00', 7.69, 7.69, 7.69, 7.69, 453]
['2019-03-28 11:16:00', 7.7, 7.7, 7.7, 7.7, 100]
['2019-03-28 11:12:00', 7.7099, 7.7099, 7.7099, 7.7099, 330]
['2019-03-28 11:11:00', 7.7, 7.7, 7.7, 7.7, 260]
['2019-03-28 11:10:00', 7.71, 7.71, 7.71, 7.71, 301]
['2019-03-28 11:06:00', 7.73, 7.72, 7.72, 7.73, 898]
['2019-03-28 11:05:00', 7.71, 7.71, 7.71, 7.71, 200]
['2019-03-28 10:48:00', 7.72, 7.72, 7.72, 7.72, 206]
['2019-03-28 10:45:00', 7.72, 7.72, 7.72, 7.72, 150]
['2019-03-28 10:44:00', 7.72, 7.72, 7.72, 7.72, 627]
['2019-03-28 10:40:00', 7.75, 7.75, 7.75, 7.75, 101]
['2019-03-28 10:27:00', 7.74, 7.74, 7.74, 7.74, 202]
['2019-03-28 10:07:00', 7.74, 7.74, 7.74, 7.74, 100]
['2019-03-28 10:00:00', 7.71, 7.71, 7.71, 7.71, 468]
['2019-03-28 09:57:00', 7.73, 7.73, 7.73, 7.73, 266]
['2019-03-28 09:51:00', 7.71, 7.71, 7.71, 7.71, 100]
['2019-03-28 09:41:00', 7.72, 7.72, 7.72, 7.72, 713]
['2019-03-28 09:33:00', 7.76, 7.76, 7.76, 7.76, 4102]
['2019-03-27 16:00:00', 7.66, 7.66, 7.66, 7.66, 300]
['2019-03-27 15:59:00', 7.67, 7.67, 7.67, 7.67, 300]
['2019-03-27 15:57:00', 7.67, 7.68, 7.67, 7.68, 3263]
['2019-03-27 15:56:00', 7.68, 7.68, 7.68, 7.68, 203]
['2019-03-27 15:55:00', 7.68, 7.68, 7.68, 7.68, 316]
['2019-03-27 15:49:00', 7.67, 7.67, 7.67, 7.67, 136]
['2019-03-27 15:48:00', 7.67, 7.67, 7.67, 7.67, 700]
['2019-03-27 15:47:00', 7.67, 7.665, 7.665, 7.67, 253]
['2019-03-27 15:46:00', 7.6676, 7.6676, 7.6676, 7.6676, 319]
['2019-03-27 15:45:00', 7.66, 7.66, 7.66, 7.66, 895]
['2019-03-27 15:39:00', 7.655, 7.655, 7.655, 7.655, 369]
['2019-03-27 15:37:00', 7.66, 7.655, 7.655, 7.66, 1193]
['2019-03-27 15:33:00', 7.67, 7.67, 7.67, 7.67, 187]
['2019-03-27 15:32:00', 7.66, 7.665, 7.66, 7.665, 589]
['2019-03-27 15:28:00', 7.66, 7.66, 7.66, 7.66, 436]
['2019-03-27 15:24:00', 7.65, 7.65, 7.65, 7.65, 100]
['2019-03-27 15:18:00', 7.66, 7.66, 7.66, 7.66, 100]
['2019-03-27 15:16:00', 7.65, 7.65, 7.65, 7.65, 500]
['2019-03-27 15:13:00', 7.66, 7.66, 7.66, 7.66, 100]
['2019-03-27 15:10:00', 7.64, 7.65, 7.64, 7.65, 715]
['2019-03-27 15:07:00', 7.67, 7.67, 7.67, 7.67, 1205]
['2019-03-27 15:02:00', 7.64, 7.655, 7.64, 7.655, 300]
['2019-03-27 14:55:00', 7.64, 7.655, 7.64, 7.655, 500]
['2019-03-27 14:54:00', 7.655, 7.655, 7.655, 7.655, 200]
['2019-03-27 14:46:00', 7.64, 7.655, 7.64, 7.655, 400]
['2019-03-27 14:38:00', 7.67, 7.655, 7.64, 7.67, 600]
['2019-03-27 14:36:00', 7.655, 7.655, 7.655, 7.655, 200]
['2019-03-27 14:31:00', 7.64, 7.64, 7.64, 7.64, 100]
['2019-03-27 14:29:00', 7.6522, 7.64, 7.64, 7.6522, 1435]
['2019-03-27 14:24:00', 7.65, 7.65, 7.65, 7.65, 100]
['2019-03-27 14:17:00', 7.665, 7.68, 7.665, 7.68, 200]
['2019-03-27 14:16:00', 7.65, 7.65, 7.65, 7.65, 100]
['2019-03-27 14:15:00', 7.6644, 7.6644, 7.6644, 7.6644, 240]
['2019-03-27 14:13:00', 7.68, 7.68, 7.68, 7.68, 200]
['2019-03-27 14:09:00', 7.65, 7.65, 7.65, 7.65, 100]
['2019-03-27 14:05:00', 7.665, 7.665, 7.665, 7.665, 100]
['2019-03-27 14:02:00', 7.66, 7.66, 7.66, 7.66, 200]
['2019-03-27 13:58:00', 7.67, 7.67, 7.67, 7.67, 300]
['2019-03-27 13:54:00', 7.66, 7.66, 7.66, 7.66, 100]
['2019-03-27 13:51:00', 7.68, 7.68, 7.68, 7.68, 100]
['2019-03-27 13:47:00', 7.65, 7.65, 7.65, 7.65, 120]
['2019-03-27 13:46:00', 7.68, 7.68, 7.68, 7.68, 100]
['2019-03-27 13:43:00', 7.68, 7.68, 7.68, 7.68, 100]
['2019-03-27 13:40:00', 7.65, 7.65, 7.65, 7.65, 100]
['2019-03-27 13:38:00', 7.65, 7.65, 7.65, 7.65, 100]
['2019-03-27 13:32:00', 7.68, 7.68, 7.68, 7.68, 100]
['2019-03-27 13:23:00', 7.66, 7.66, 7.66, 7.66, 300]
['2019-03-27 13:14:00', 7.65, 7.65, 7.65, 7.65, 640]
['2019-03-27 13:13:00', 7.65, 7.65, 7.65, 7.65, 100]
['2019-03-27 13:03:00', 7.64, 7.64, 7.64, 7.65, 1100]
['2019-03-27 12:55:00', 7.64, 7.64, 7.64, 7.64, 100]
['2019-03-27 12:48:00', 7.6478, 7.6478, 7.6478, 7.6478, 390]
['2019-03-27 12:40:00', 7.66, 7.66, 7.66, 7.66, 100]
['2019-03-27 12:35:00', 7.65, 7.655, 7.65, 7.655, 605]
['2019-03-27 12:25:00', 7.65, 7.65, 7.65, 7.65, 7002]
['2019-03-27 12:18:00', 7.65, 7.65, 7.65, 7.65, 379]
['2019-03-27 12:17:00', 7.655, 7.655, 7.655, 7.655, 215]
['2019-03-27 12:16:00', 7.65, 7.655, 7.65, 7.655, 200]
['2019-03-27 12:11:00', 7.66, 7.66, 7.66, 7.66, 256]
['2019-03-27 12:08:00', 7.67, 7.65, 7.65, 7.67, 1122]
['2019-03-27 12:06:00', 7.68, 7.68, 7.68, 7.68, 228]
['2019-03-27 12:05:00', 7.65, 7.68, 7.65, 7.68, 128693]
['2019-03-27 12:04:00', 7.64, 7.64, 7.64, 7.64, 0]
['2019-03-27 11:44:00', 7.7, 7.7, 7.7, 7.7, 300]
['2019-03-27 11:38:00', 7.7, 7.7, 7.7, 7.7, 692]
['2019-03-27 11:27:00', 7.75, 7.74, 7.74, 7.75, 1276]
['2019-03-27 11:25:00', 7.74, 7.74, 7.74, 7.74, 326]
['2019-03-27 11:24:00', 7.74, 7.74, 7.74, 7.74, 361]
['2019-03-27 11:18:00', 7.75, 7.75, 7.75, 7.75, 100]
['2019-03-27 11:13:00', 7.74, 7.74, 7.74, 7.74, 261]
['2019-03-27 11:12:00', 7.75, 7.76, 7.75, 7.76, 11351]
['2019-03-27 11:10:00', 7.76, 7.76, 7.76, 7.76, 100]
['2019-03-27 11:08:00', 7.7488, 7.74, 7.74, 7.7488, 600]
['2019-03-27 11:06:00', 7.74, 7.74, 7.74, 7.75, 5802]
['2019-03-27 11:04:00', 7.76, 7.76, 7.76, 7.76, 100]
['2019-03-27 11:03:00', 7.75, 7.76, 7.73, 7.76, 8100]
['2019-03-27 11:02:00', 7.75, 7.76, 7.75, 7.76, 4300]
['2019-03-27 11:00:00', 7.74, 7.75, 7.74, 7.75, 6763]
['2019-03-27 10:58:00', 7.75, 7.76, 7.75, 7.76, 1200]
['2019-03-27 10:55:00', 7.75, 7.74, 7.74, 7.75, 2800]
['2019-03-27 10:54:00', 7.74, 7.73, 7.73, 7.75, 2000]
['2019-03-27 10:53:00', 7.7536, 7.7536, 7.7536, 7.7536, 544]
['2019-03-27 10:52:00', 7.76, 7.75, 7.71, 7.76, 2265]
['2019-03-27 10:51:00', 7.74, 7.75, 7.74, 7.75, 2609]
['2019-03-27 10:47:00', 7.74, 7.75, 7.74, 7.75, 350]
['2019-03-27 10:46:00', 7.75, 7.74, 7.74, 7.75, 865]
['2019-03-27 10:45:00', 7.76, 7.75, 7.75, 7.76, 200]
['2019-03-27 10:42:00', 7.76, 7.76, 7.76, 7.76, 200]
['2019-03-27 10:40:00', 7.7468, 7.7493, 7.7468, 7.7493, 300]
['2019-03-27 10:38:00', 7.75, 7.75, 7.75, 7.75, 100]
['2019-03-27 10:37:00', 7.75, 7.75, 7.75, 7.75, 200]
['2019-03-27 10:35:00', 7.75, 7.75, 7.75, 7.75, 600]
['2019-03-27 10:30:00', 7.75, 7.74, 7.74, 7.75, 1002]
['2019-03-27 10:29:00', 7.75, 7.72, 7.72, 7.75, 1337]
['2019-03-27 10:26:00', 7.75, 7.72, 7.72, 7.75, 532]
['2019-03-27 10:23:00', 7.75, 7.77, 7.75, 7.77, 300]
['2019-03-27 10:19:00', 7.76, 7.75, 7.75, 7.77, 600]
['2019-03-27 10:15:00', 7.75, 7.75, 7.75, 7.75, 100]
['2019-03-27 10:09:00', 7.77, 7.77, 7.77, 7.77, 100]
['2019-03-27 10:08:00', 7.75, 7.75, 7.75, 7.75, 100]
['2019-03-27 10:07:00', 7.74, 7.74, 7.74, 7.74, 2000]
['2019-03-27 10:06:00', 7.72, 7.74, 7.72, 7.75, 9700]
['2019-03-27 10:05:00', 7.74, 7.71, 7.67, 7.74, 11348]
['2019-03-27 10:04:00', 7.74, 7.74, 7.73, 7.78, 13900]
['2019-03-27 09:58:00', 7.735, 7.75, 7.735, 7.76, 12422]
['2019-03-27 09:56:00', 7.76, 7.75, 7.75, 7.77, 1100]
['2019-03-27 09:53:00', 7.76, 7.76, 7.76, 7.76, 102]
['2019-03-27 09:46:00', 7.75, 7.75, 7.75, 7.75, 102]
['2019-03-27 09:45:00', 7.68, 7.68, 7.68, 7.68, 100]
['2019-03-27 09:43:00', 7.696, 7.696, 7.696, 7.696, 700]
['2019-03-27 09:38:00', 7.75, 7.7294, 7.7294, 7.75, 370]
['2019-03-27 09:31:00', 7.67, 7.67, 7.67, 7.67, 1651]
['2019-03-26 15:59:00', 7.7, 7.7, 7.7, 7.7, 202]
['2019-03-26 15:52:00', 7.6955, 7.6955, 7.6955, 7.6955, 310]
['2019-03-26 15:48:00', 7.68, 7.7, 7.68, 7.7, 1954]
['2019-03-26 15:43:00', 7.675, 7.675, 7.675, 7.675, 254]
['2019-03-26 15:40:00', 7.6744, 7.6744, 7.6744, 7.6744, 500]
['2019-03-26 15:27:00', 7.68, 7.68, 7.68, 7.68, 164]
['2019-03-26 15:24:00', 7.686, 7.686, 7.686, 7.686, 837]
['2019-03-26 15:20:00', 7.69, 7.69, 7.69, 7.69, 136]
['2019-03-26 15:16:00', 7.68, 7.68, 7.68, 7.68, 239]
['2019-03-26 15:15:00', 7.67, 7.67, 7.67, 7.67, 4467]
['2019-03-26 15:14:00', 7.68, 7.66, 7.66, 7.68, 1500]
['2019-03-26 15:09:00', 7.66, 7.6645, 7.66, 7.6645, 789]
['2019-03-26 15:04:00', 7.67, 7.67, 7.67, 7.67, 180]
['2019-03-26 15:02:00', 7.68, 7.68, 7.68, 7.68, 300]
['2019-03-26 15:00:00', 7.68, 7.68, 7.68, 7.68, 900]
['2019-03-26 14:58:00', 7.68, 7.68, 7.68, 7.68, 787]
['2019-03-26 14:51:00', 7.68, 7.68, 7.68, 7.68, 463]
['2019-03-26 14:47:00', 7.67, 7.67, 7.67, 7.67, 437]
['2019-03-26 14:39:00', 7.655, 7.655, 7.655, 7.655, 552]
['2019-03-26 14:38:00', 7.66, 7.66, 7.66, 7.66, 637]
['2019-03-26 14:37:00', 7.66, 7.66, 7.66, 7.66, 793]
['2019-03-26 14:36:00', 7.65, 7.65, 7.65, 7.65, 700]
['2019-03-26 14:29:00', 7.655, 7.66, 7.655, 7.66, 1240]
['2019-03-26 14:28:00', 7.655, 7.655, 7.655, 7.655, 1147]
['2019-03-26 14:25:00', 7.66, 7.66, 7.66, 7.66, 1205]
['2019-03-26 14:23:00', 7.65, 7.65, 7.65, 7.65, 336]
['2019-03-26 14:22:00', 7.65, 7.65, 7.65, 7.65, 100]
['2019-03-26 14:15:00', 7.66, 7.66, 7.66, 7.66, 540]
['2019-03-26 14:13:00', 7.66, 7.66, 7.66, 7.66, 2028]
['2019-03-26 13:55:00', 7.69, 7.69, 7.69, 7.69, 710]
['2019-03-26 13:50:00', 7.69, 7.69, 7.69, 7.69, 1765]
['2019-03-26 13:49:00', 7.67, 7.67, 7.67, 7.67, 300]
['2019-03-26 13:44:00', 7.67, 7.67, 7.67, 7.67, 1616]
['2019-03-26 13:42:00', 7.66, 7.66, 7.66, 7.66, 500]
['2019-03-26 13:39:00', 7.645, 7.645, 7.645, 7.645, 1300]
['2019-03-26 13:38:00', 7.64, 7.64, 7.64, 7.64, 300]
['2019-03-26 13:34:00', 7.635, 7.635, 7.635, 7.635, 500]
['2019-03-26 13:30:00', 7.62, 7.635, 7.62, 7.635, 537]
['2019-03-26 13:26:00', 7.61, 7.61, 7.61, 7.61, 599]
['2019-03-26 13:23:00', 7.6, 7.6, 7.6, 7.6, 1112]
['2019-03-26 13:20:00', 7.59, 7.59, 7.59, 7.59, 236]
['2019-03-26 13:18:00', 7.58, 7.58, 7.58, 7.58, 200]
['2019-03-26 13:16:00', 7.59, 7.59, 7.59, 7.59, 100]
['2019-03-26 13:15:00', 7.59, 7.59, 7.59, 7.59, 2794]
['2019-03-26 13:08:00', 7.58, 7.58, 7.58, 7.58, 210]
['2019-03-26 13:07:00', 7.59, 7.59, 7.59, 7.59, 870]
['2019-03-26 12:53:00', 7.59, 7.59, 7.59, 7.59, 295]
['2019-03-26 12:40:00', 7.58, 7.58, 7.58, 7.58, 910]
['2019-03-26 12:39:00', 7.59, 7.59, 7.59, 7.59, 1146]
['2019-03-26 12:38:00', 7.6, 7.6, 7.6, 7.6, 636]
['2019-03-26 12:27:00', 7.59, 7.59, 7.59, 7.59, 285]
['2019-03-26 12:25:00', 7.585, 7.585, 7.585, 7.585, 436]
['2019-03-26 12:23:00', 7.58, 7.58, 7.58, 7.58, 500]
['2019-03-26 12:19:00', 7.59, 7.59, 7.59, 7.59, 437]
['2019-03-26 12:16:00', 7.59, 7.59, 7.59, 7.59, 842]
['2019-03-26 12:14:00', 7.6, 7.6, 7.6, 7.6, 3763]
['2019-03-26 12:12:00', 7.59, 7.59, 7.59, 7.59, 436]
['2019-03-26 12:10:00', 7.6, 7.6, 7.6, 7.6, 6479]
['2019-03-26 12:07:00', 7.59, 7.59, 7.59, 7.59, 407]
['2019-03-26 12:05:00', 7.59, 7.59, 7.59, 7.59, 400]
['2019-03-26 12:03:00', 7.59, 7.59, 7.59, 7.59, 336]
['2019-03-26 12:02:00', 7.59, 7.59, 7.59, 7.59, 600]
['2019-03-26 11:59:00', 7.6, 7.6, 7.6, 7.6, 7936]
['2019-03-26 11:55:00', 7.6, 7.6, 7.6, 7.6, 237]
['2019-03-26 11:51:00', 7.59, 7.59, 7.59, 7.59, 9440]
['2019-03-26 11:50:00', 7.6, 7.6, 7.6, 7.6, 646]
['2019-03-26 11:48:00', 7.595, 7.595, 7.595, 7.595, 164]
['2019-03-26 11:42:00', 7.61, 7.6, 7.59, 7.61, 3836]
['2019-03-26 11:36:00', 7.61, 7.6, 7.6, 7.61, 1408]
['2019-03-26 11:35:00', 7.61, 7.61, 7.61, 7.61, 153]
['2019-03-26 11:28:00', 7.61, 7.61, 7.61, 7.61, 770]
['2019-03-26 11:22:00', 7.6, 7.6, 7.6, 7.6, 836]
['2019-03-26 11:17:00', 7.6, 7.6, 7.6, 7.6, 173]
['2019-03-26 11:11:00', 7.62, 7.62, 7.62, 7.62, 301]
['2019-03-26 11:09:00', 7.61, 7.61, 7.61, 7.61, 442]
['2019-03-26 11:07:00', 7.61, 7.61, 7.61, 7.61, 805]
['2019-03-26 10:55:00', 7.61, 7.61, 7.61, 7.61, 8322]
['2019-03-26 10:48:00', 7.61, 7.61, 7.61, 7.61, 697]
['2019-03-26 10:44:00', 7.62, 7.62, 7.62, 7.62, 254]
['2019-03-26 10:40:00', 7.63, 7.63, 7.63, 7.63, 100]
['2019-03-26 10:33:00', 7.62, 7.62, 7.62, 7.62, 10214]
['2019-03-26 10:29:00', 7.62, 7.62, 7.62, 7.62, 200]
['2019-03-26 10:19:00', 7.63, 7.63, 7.63, 7.63, 14020]
['2019-03-26 10:18:00', 7.615, 7.615, 7.615, 7.615, 500]
['2019-03-26 10:15:00', 7.62, 7.62, 7.62, 7.62, 100]
['2019-03-26 10:14:00', 7.62, 7.62, 7.62, 7.62, 100]
['2019-03-26 10:08:00', 7.62, 7.62, 7.62, 7.62, 11409]
['2019-03-26 10:05:00', 7.63, 7.63, 7.63, 7.63, 726]
['2019-03-26 10:03:00', 7.63, 7.63, 7.63, 7.63, 1607]
['2019-03-26 10:01:00', 7.63, 7.63, 7.63, 7.63, 3757]
['2019-03-26 09:58:00', 7.63, 7.63, 7.63, 7.63, 300]
['2019-03-26 09:52:00', 7.63, 7.63, 7.63, 7.63, 6418]
['2019-03-26 09:51:00', 7.63, 7.63, 7.63, 7.63, 1982]
['2019-03-26 09:49:00', 7.63, 7.63, 7.63, 7.63, 12100]
['2019-03-26 09:47:00', 7.63, 7.63, 7.63, 7.63, 2512]
['2019-03-26 09:41:00', 7.63, 7.63, 7.63, 7.63, 2735]
['2019-03-25 16:00:00', 7.65, 7.65, 7.65, 7.65, 2252]
['2019-03-25 15:59:00', 7.66, 7.66, 7.66, 7.66, 1113]
['2019-03-25 15:58:00', 7.68, 7.68, 7.68, 7.68, 651]
['2019-03-25 15:57:00', 7.67, 7.67, 7.67, 7.67, 1296]
['2019-03-25 15:56:00', 7.67, 7.67, 7.67, 7.67, 100]
['2019-03-25 15:55:00', 7.66, 7.66, 7.66, 7.66, 964]
['2019-03-25 15:53:00', 7.68, 7.68, 7.68, 7.68, 300]
['2019-03-25 15:52:00', 7.67, 7.67, 7.67, 7.67, 200]
['2019-03-25 15:50:00', 7.67, 7.67, 7.67, 7.67, 710]
['2019-03-25 15:48:00', 7.67, 7.665, 7.665, 7.67, 550]
['2019-03-25 15:46:00', 7.67, 7.67, 7.67, 7.67, 1550]
['2019-03-25 15:44:00', 7.67, 7.67, 7.67, 7.67, 306]
['2019-03-25 15:38:00', 7.66, 7.66, 7.66, 7.66, 1123]
['2019-03-25 15:28:00', 7.65, 7.65, 7.65, 7.65, 300]
['2019-03-25 15:26:00', 7.655, 7.655, 7.655, 7.655, 2194]
['2019-03-25 15:14:00', 7.65, 7.65, 7.65, 7.65, 100]
['2019-03-25 15:06:00', 7.64, 7.64, 7.64, 7.64, 200]
['2019-03-25 15:03:00', 7.62, 7.63, 7.62, 7.64, 2050]
['2019-03-25 15:01:00', 7.61, 7.61, 7.61, 7.61, 100]
['2019-03-25 14:53:00', 7.62, 7.62, 7.62, 7.62, 100]
['2019-03-25 14:49:00', 7.61, 7.61, 7.61, 7.61, 425]
['2019-03-25 14:44:00', 7.6, 7.6, 7.6, 7.6, 300]
['2019-03-25 14:36:00', 7.61, 7.61, 7.61, 7.61, 281]
['2019-03-25 14:33:00', 7.61, 7.61, 7.61, 7.61, 950]
['2019-03-25 14:31:00', 7.62, 7.62, 7.62, 7.62, 100]
['2019-03-25 14:20:00', 7.6, 7.6, 7.6, 7.6, 1598]
['2019-03-25 14:16:00', 7.61, 7.61, 7.61, 7.61, 100]
['2019-03-25 14:06:00', 7.61, 7.61, 7.61, 7.61, 316]
['2019-03-25 14:05:00', 7.6235, 7.6235, 7.6235, 7.6235, 518]
['2019-03-25 14:02:00', 7.61, 7.61, 7.61, 7.61, 200]
['2019-03-25 14:01:00', 7.61, 7.61, 7.61, 7.61, 200]
['2019-03-25 13:45:00', 7.63, 7.63, 7.63, 7.63, 200]
['2019-03-25 13:43:00', 7.615, 7.615, 7.615, 7.615, 700]
['2019-03-25 13:36:00', 7.57, 7.56, 7.56, 7.57, 1602]
['2019-03-25 13:13:00', 7.59, 7.59, 7.59, 7.59, 900]
['2019-03-25 13:09:00', 7.59, 7.59, 7.59, 7.59, 300]
['2019-03-25 13:03:00', 7.6, 7.6, 7.6, 7.6, 300]
['2019-03-25 12:57:00', 7.615, 7.615, 7.615, 7.615, 300]
['2019-03-25 12:52:00', 7.635, 7.6, 7.6, 7.635, 4305]
['2019-03-25 12:43:00', 7.62, 7.62, 7.62, 7.62, 100]
['2019-03-25 12:42:00', 7.635, 7.635, 7.635, 7.635, 3800]
['2019-03-25 12:38:00', 7.67, 7.67, 7.67, 7.67, 300]
['2019-03-25 12:32:00', 7.67, 7.67, 7.67, 7.67, 100]
['2019-03-25 12:30:00', 7.67, 7.67, 7.67, 7.67, 1664]
['2019-03-25 12:29:00', 7.67, 7.67, 7.67, 7.67, 400]
['2019-03-25 12:25:00', 7.66, 7.66, 7.66, 7.66, 200]
['2019-03-25 12:02:00', 7.66, 7.67, 7.66, 7.67, 3576]
['2019-03-25 12:01:00', 7.67, 7.67, 7.67, 7.67, 1466]
['2019-03-25 11:58:00', 7.72, 7.72, 7.72, 7.72, 653]
['2019-03-25 11:55:00', 7.72, 7.72, 7.72, 7.72, 100]
['2019-03-25 11:41:00', 7.74, 7.74, 7.74, 7.74, 100]
['2019-03-25 11:30:00', 7.72, 7.73, 7.72, 7.73, 2910]
['2019-03-25 11:22:00', 7.7, 7.7, 7.7, 7.7, 110]
['2019-03-25 11:21:00', 7.69, 7.69, 7.69, 7.69, 801]
['2019-03-25 11:11:00', 7.68, 7.68, 7.68, 7.68, 300]
['2019-03-25 11:08:00', 7.67, 7.67, 7.67, 7.67, 100]
['2019-03-25 11:07:00', 7.69, 7.69, 7.69, 7.69, 300]
['2019-03-25 11:02:00', 7.69, 7.69, 7.69, 7.69, 1250]
['2019-03-25 10:55:00', 7.66, 7.66, 7.66, 7.66, 200]
['2019-03-25 10:47:00', 7.67, 7.67, 7.67, 7.67, 302]
['2019-03-25 10:46:00', 7.65, 7.65, 7.65, 7.65, 100]
['2019-03-25 10:38:00', 7.64, 7.64, 7.64, 7.64, 400]
['2019-03-25 10:36:00', 7.665, 7.665, 7.665, 7.665, 110]
['2019-03-25 10:29:00', 7.64, 7.64, 7.64, 7.64, 200]
['2019-03-25 10:26:00', 7.635, 7.635, 7.635, 7.635, 100]
['2019-03-25 10:20:00', 7.73, 7.68, 7.67, 7.73, 5257]
['2019-03-25 09:46:00', 7.74, 7.74, 7.74, 7.74, 100]
['2019-03-25 09:43:00', 7.89, 7.89, 7.89, 7.89, 100]
['2019-03-25 09:40:00', 7.87, 7.87, 7.87, 7.87, 100]
['2019-03-25 09:35:00', 7.76, 7.76, 7.76, 7.76, 200]
['2019-03-25 09:33:00', 7.79, 7.79, 7.79, 7.79, 0]
