ASA
['2019-03-29 16:00:00', 10.2607, 10.2607, 10.2607, 10.2607, 3033]
['2019-03-29 15:59:00', 10.27, 10.2601, 10.2601, 10.27, 1300]
['2019-03-29 15:58:00', 10.23, 10.27, 10.23, 10.27, 3222]
['2019-03-29 15:54:00', 10.23, 10.23, 10.23, 10.23, 100]
['2019-03-29 15:53:00', 10.228, 10.229, 10.223, 10.23, 3800]
['2019-03-29 15:44:00', 10.205, 10.21, 10.205, 10.21, 1400]
['2019-03-29 15:43:00', 10.2, 10.2, 10.2, 10.2, 200]
['2019-03-29 15:40:00', 10.2, 10.2, 10.2, 10.2, 871]
['2019-03-29 15:35:00', 10.22, 10.2066, 10.2066, 10.22, 1400]
['2019-03-29 15:32:00', 10.22, 10.22, 10.22, 10.223, 1100]
['2019-03-29 15:26:00', 10.2245, 10.2245, 10.2245, 10.2245, 600]
['2019-03-29 15:22:00', 10.22, 10.22, 10.22, 10.22, 100]
['2019-03-29 15:20:00', 10.22, 10.2201, 10.22, 10.23, 1149]
['2019-03-29 15:14:00', 10.24, 10.23, 10.22, 10.2401, 1301]
['2019-03-29 15:13:00', 10.2409, 10.24, 10.24, 10.2409, 1000]
['2019-03-29 15:11:00', 10.231, 10.2301, 10.2301, 10.231, 700]
['2019-03-29 15:10:00', 10.2343, 10.2301, 10.2301, 10.2343, 1426]
['2019-03-29 15:05:00', 10.215, 10.22, 10.215, 10.22, 4400]
['2019-03-29 15:02:00', 10.23, 10.21, 10.21, 10.233, 1350]
['2019-03-29 15:00:00', 10.2301, 10.2301, 10.2301, 10.2301, 750]
['2019-03-29 14:56:00', 10.23, 10.23, 10.23, 10.23, 100]
['2019-03-29 14:47:00', 10.23, 10.23, 10.23, 10.23, 100]
['2019-03-29 14:42:00', 10.2301, 10.2301, 10.2301, 10.2301, 652]
['2019-03-29 14:37:00', 10.23, 10.22, 10.22, 10.23, 1100]
['2019-03-29 14:35:00', 10.24, 10.24, 10.24, 10.24, 700]
['2019-03-29 14:15:00', 10.24, 10.24, 10.24, 10.24, 100]
['2019-03-29 14:08:00', 10.2401, 10.2401, 10.2401, 10.2401, 700]
['2019-03-29 14:06:00', 10.2401, 10.2401, 10.2401, 10.2401, 600]
['2019-03-29 14:05:00', 10.24, 10.24, 10.24, 10.24, 100]
['2019-03-29 14:03:00', 10.24, 10.2422, 10.24, 10.25, 2900]
['2019-03-29 14:02:00', 10.245, 10.24, 10.24, 10.245, 500]
['2019-03-29 13:59:00', 10.24, 10.24, 10.24, 10.24, 100]
['2019-03-29 13:55:00', 10.2424, 10.2424, 10.2424, 10.2424, 700]
['2019-03-29 13:54:00', 10.2424, 10.2424, 10.2424, 10.2424, 700]
['2019-03-29 13:50:00', 10.243, 10.24, 10.24, 10.243, 200]
['2019-03-29 13:37:00', 10.25, 10.25, 10.25, 10.27, 2450]
['2019-03-29 13:36:00', 10.26, 10.27, 10.26, 10.27, 801]
['2019-03-29 13:35:00', 10.2576, 10.2576, 10.2576, 10.2576, 700]
['2019-03-29 13:34:00', 10.245, 10.27, 10.245, 10.27, 5048]
['2019-03-29 13:30:00', 10.25, 10.25, 10.25, 10.25, 102]
['2019-03-29 13:21:00', 10.26, 10.26, 10.26, 10.26, 200]
['2019-03-29 13:20:00', 10.27, 10.273, 10.269, 10.288, 8050]
['2019-03-29 13:06:00', 10.2803, 10.28, 10.28, 10.2803, 900]
['2019-03-29 13:05:00', 10.2873, 10.2873, 10.2873, 10.2873, 500]
['2019-03-29 13:03:00', 10.2756, 10.2756, 10.2756, 10.2756, 800]
['2019-03-29 12:59:00', 10.2801, 10.2801, 10.2801, 10.2801, 800]
['2019-03-29 12:58:00', 10.3, 10.3, 10.3, 10.3, 100]
['2019-03-29 12:52:00', 10.28, 10.28, 10.28, 10.28, 100]
['2019-03-29 12:49:00', 10.28, 10.28, 10.28, 10.28, 100]
['2019-03-29 12:48:00', 10.282, 10.282, 10.282, 10.282, 1987]
['2019-03-29 12:45:00', 10.2889, 10.2889, 10.2889, 10.2889, 2000]
['2019-03-29 12:40:00', 10.29, 10.29, 10.29, 10.29, 400]
['2019-03-29 12:33:00', 10.29, 10.287, 10.287, 10.29, 3003]
['2019-03-29 12:32:00', 10.28, 10.29, 10.28, 10.29, 2400]
['2019-03-29 12:22:00', 10.28, 10.28, 10.28, 10.28, 100]
['2019-03-29 12:19:00', 10.2901, 10.2901, 10.2901, 10.2901, 200]
['2019-03-29 12:10:00', 10.29, 10.29, 10.29, 10.29, 100]
['2019-03-29 12:07:00', 10.3, 10.3, 10.3, 10.3, 100]
['2019-03-29 12:06:00', 10.3, 10.3, 10.3, 10.3, 100]
['2019-03-29 11:52:00', 10.29, 10.28, 10.28, 10.3, 840]
['2019-03-29 11:42:00', 10.2887, 10.2887, 10.2887, 10.2887, 258]
['2019-03-29 11:40:00', 10.3, 10.3, 10.3, 10.3, 322]
['2019-03-29 11:39:00', 10.3, 10.3, 10.3, 10.3, 100]
['2019-03-29 11:38:00', 10.3064, 10.3064, 10.3064, 10.3064, 800]
['2019-03-29 11:37:00', 10.31, 10.31, 10.31, 10.31, 500]
['2019-03-29 11:36:00', 10.3205, 10.3205, 10.3205, 10.3205, 800]
['2019-03-29 11:30:00', 10.27, 10.27, 10.27, 10.27, 300]
['2019-03-29 11:21:00', 10.27, 10.27, 10.27, 10.27, 260]
['2019-03-29 11:17:00', 10.2601, 10.2601, 10.2601, 10.2601, 168]
['2019-03-29 11:00:00', 10.25, 10.26, 10.25, 10.26, 3100]
['2019-03-29 10:56:00', 10.2601, 10.26, 10.26, 10.2601, 1060]
['2019-03-29 10:50:00', 10.27, 10.27, 10.27, 10.27, 100]
['2019-03-29 10:42:00', 10.25, 10.25, 10.25, 10.25, 300]
['2019-03-29 10:33:00', 10.24, 10.24, 10.24, 10.24, 201]
['2019-03-29 10:28:00', 10.25, 10.25, 10.25, 10.25, 510]
['2019-03-29 10:24:00', 10.23, 10.23, 10.23, 10.23, 1700]
['2019-03-29 10:21:00', 10.21, 10.23, 10.21, 10.24, 5900]
['2019-03-29 10:20:00', 10.22, 10.22, 10.22, 10.22, 1601]
['2019-03-29 10:19:00', 10.22, 10.22, 10.22, 10.22, 1000]
['2019-03-29 10:17:00', 10.23, 10.23, 10.23, 10.23, 400]
['2019-03-29 10:15:00', 10.24, 10.24, 10.24, 10.24, 700]
['2019-03-29 10:14:00', 10.24, 10.24, 10.24, 10.24, 100]
['2019-03-29 10:13:00', 10.24, 10.24, 10.24, 10.24, 1800]
['2019-03-29 10:12:00', 10.26, 10.25, 10.25, 10.26, 1601]
['2019-03-29 10:07:00', 10.26, 10.26, 10.26, 10.26, 1100]
['2019-03-29 10:04:00', 10.275, 10.269, 10.2601, 10.275, 1500]
['2019-03-29 10:03:00', 10.2844, 10.28, 10.28, 10.2844, 990]
['2019-03-29 10:01:00', 10.3, 10.29, 10.29, 10.3, 710]
['2019-03-29 09:50:00', 10.3, 10.3, 10.3, 10.3, 200]
['2019-03-29 09:49:00', 10.3088, 10.3088, 10.3088, 10.3088, 1000]
['2019-03-29 09:45:00', 10.33, 10.3486, 10.3298, 10.35, 1800]
['2019-03-29 09:41:00', 10.3199, 10.32, 10.31, 10.32, 1400]
['2019-03-29 09:36:00', 10.27, 10.27, 10.27, 10.27, 100]
['2019-03-29 09:35:00', 10.29, 10.29, 10.29, 10.29, 100]
['2019-03-29 09:34:00', 10.27, 10.27, 10.27, 10.27, 700]
['2019-03-29 09:32:00', 10.28, 10.28, 10.28, 10.28, 100]
['2019-03-29 09:31:00', 10.3, 10.32, 10.3, 10.35, 5448]
['2019-03-28 16:00:00', 10.21, 10.18, 10.18, 10.21, 2218]
['2019-03-28 15:56:00', 10.22, 10.22, 10.22, 10.22, 188]
['2019-03-28 15:54:00', 10.22, 10.22, 10.22, 10.22, 100]
['2019-03-28 15:53:00', 10.2202, 10.2202, 10.2202, 10.2202, 1000]
['2019-03-28 15:50:00', 10.22, 10.22, 10.213, 10.22, 3100]
['2019-03-28 15:48:00', 10.2199, 10.2199, 10.2199, 10.2199, 1000]
['2019-03-28 15:44:00', 10.19, 10.2, 10.19, 10.2, 3200]
['2019-03-28 15:31:00', 10.1799, 10.18, 10.177, 10.18, 4257]
['2019-03-28 15:30:00', 10.18, 10.18, 10.175, 10.18, 2000]
['2019-03-28 15:29:00', 10.1799, 10.1799, 10.17, 10.1799, 2002]
['2019-03-28 15:28:00', 10.18, 10.18, 10.18, 10.18, 1000]
['2019-03-28 15:27:00', 10.175, 10.1713, 10.1713, 10.18, 11600]
['2019-03-28 15:26:00', 10.175, 10.1737, 10.17, 10.18, 10219]
['2019-03-28 15:25:00', 10.1775, 10.1701, 10.17, 10.18, 7900]
['2019-03-28 15:24:00', 10.1801, 10.18, 10.18, 10.1801, 3300]
['2019-03-28 15:23:00', 10.1799, 10.1824, 10.175, 10.1901, 27407]
['2019-03-28 15:22:00', 10.19, 10.1799, 10.1799, 10.1901, 12125]
['2019-03-28 15:21:00', 10.21, 10.2015, 10.2, 10.21, 16406]
['2019-03-28 15:11:00', 10.21, 10.21, 10.21, 10.21, 532]
['2019-03-28 14:56:00', 10.205, 10.21, 10.205, 10.21, 3999]
['2019-03-28 14:55:00', 10.2015, 10.2082, 10.2015, 10.21, 2859]
['2019-03-28 14:54:00', 10.201, 10.2015, 10.201, 10.2015, 500]
['2019-03-28 14:53:00', 10.2062, 10.2062, 10.2062, 10.2062, 1000]
['2019-03-28 14:52:00', 10.2, 10.2, 10.2, 10.2, 1000]
['2019-03-28 14:44:00', 10.21, 10.2, 10.2, 10.21, 500]
['2019-03-28 14:41:00', 10.21, 10.21, 10.21, 10.21, 1004]
['2019-03-28 14:33:00', 10.21, 10.21, 10.21, 10.21, 350]
['2019-03-28 14:32:00', 10.23, 10.22, 10.22, 10.239, 1406]
['2019-03-28 14:30:00', 10.2442, 10.2442, 10.2442, 10.2442, 804]
['2019-03-28 14:28:00', 10.2422, 10.2422, 10.2422, 10.2422, 800]
['2019-03-28 14:26:00', 10.24, 10.23, 10.23, 10.2401, 1405]
['2019-03-28 14:23:00', 10.2494, 10.2494, 10.2494, 10.2494, 900]
['2019-03-28 14:13:00', 10.2399, 10.2399, 10.2399, 10.2399, 900]
['2019-03-28 14:12:00', 10.26, 10.26, 10.26, 10.26, 800]
['2019-03-28 14:11:00', 10.25, 10.2402, 10.24, 10.25, 1301]
['2019-03-28 14:10:00', 10.2401, 10.2401, 10.2401, 10.2401, 1000]
['2019-03-28 14:09:00', 10.2473, 10.2473, 10.2473, 10.2473, 1000]
['2019-03-28 14:05:00', 10.25, 10.25, 10.25, 10.25, 100]
['2019-03-28 14:03:00', 10.2672, 10.2672, 10.2672, 10.2672, 300]
['2019-03-28 13:58:00', 10.225, 10.23, 10.225, 10.23, 6112]
['2019-03-28 13:52:00', 10.23, 10.23, 10.23, 10.23, 400]
['2019-03-28 13:49:00', 10.235, 10.2364, 10.235, 10.2364, 500]
['2019-03-28 13:47:00', 10.24, 10.24, 10.24, 10.24, 800]
['2019-03-28 13:46:00', 10.24, 10.24, 10.24, 10.24, 208]
['2019-03-28 13:38:00', 10.245, 10.2499, 10.245, 10.2499, 1098]
['2019-03-28 13:36:00', 10.24, 10.24, 10.24, 10.24, 1000]
['2019-03-28 13:35:00', 10.2499, 10.2499, 10.2499, 10.2499, 1503]
['2019-03-28 13:34:00', 10.24, 10.24, 10.24, 10.24, 1000]
['2019-03-28 13:30:00', 10.25, 10.24, 10.24, 10.2501, 1202]
['2019-03-28 13:28:00', 10.2547, 10.25, 10.25, 10.26, 2300]
['2019-03-28 13:13:00', 10.2501, 10.26, 10.2501, 10.26, 1100]
['2019-03-28 13:10:00', 10.26, 10.26, 10.26, 10.26, 1000]
['2019-03-28 13:09:00', 10.2565, 10.2565, 10.2565, 10.2565, 1000]
['2019-03-28 13:02:00', 10.24, 10.24, 10.24, 10.24, 3690]
['2019-03-28 12:58:00', 10.24, 10.24, 10.24, 10.24, 2413]
['2019-03-28 12:56:00', 10.22, 10.22, 10.215, 10.22, 3554]
['2019-03-28 12:50:00', 10.2199, 10.2199, 10.2199, 10.2199, 1052]
['2019-03-28 12:48:00', 10.2199, 10.2199, 10.2199, 10.2199, 1503]
['2019-03-28 12:47:00', 10.2199, 10.2199, 10.2151, 10.2199, 704]
['2019-03-28 12:43:00', 10.22, 10.2201, 10.22, 10.2201, 700]
['2019-03-28 12:42:00', 10.22, 10.22, 10.22, 10.22, 100]
['2019-03-28 12:41:00', 10.22, 10.2306, 10.22, 10.2306, 1391]
['2019-03-28 12:40:00', 10.229, 10.229, 10.229, 10.229, 1009]
['2019-03-28 12:39:00', 10.24, 10.24, 10.24, 10.24, 100]
['2019-03-28 12:21:00', 10.22, 10.22, 10.22, 10.22, 200]
['2019-03-28 12:19:00', 10.24, 10.23, 10.23, 10.243, 1621]
['2019-03-28 12:15:00', 10.24, 10.24, 10.24, 10.24, 102]
['2019-03-28 12:13:00', 10.24, 10.24, 10.24, 10.24, 100]
['2019-03-28 12:12:00', 10.24, 10.24, 10.24, 10.24, 100]
['2019-03-28 12:07:00', 10.24, 10.24, 10.24, 10.24, 100]
['2019-03-28 12:00:00', 10.2532, 10.2532, 10.2532, 10.2532, 100]
['2019-03-28 11:56:00', 10.2544, 10.2544, 10.2544, 10.2544, 410]
['2019-03-28 11:55:00', 10.27, 10.235, 10.23, 10.27, 3810]
['2019-03-28 11:53:00', 10.27, 10.28, 10.27, 10.28, 300]
['2019-03-28 11:52:00', 10.27, 10.2785, 10.27, 10.2785, 1100]
['2019-03-28 11:46:00', 10.29, 10.29, 10.29, 10.29, 413]
['2019-03-28 11:22:00', 10.33, 10.33, 10.33, 10.33, 308]
['2019-03-28 11:15:00', 10.34, 10.34, 10.34, 10.34, 202]
['2019-03-28 11:11:00', 10.34, 10.34, 10.34, 10.34, 400]
['2019-03-28 11:07:00', 10.34, 10.34, 10.34, 10.34, 101]
['2019-03-28 11:06:00', 10.3599, 10.354, 10.354, 10.3599, 500]
['2019-03-28 10:59:00', 10.35, 10.35, 10.35, 10.35, 100]
['2019-03-28 10:51:00', 10.35, 10.35, 10.35, 10.35, 150]
['2019-03-28 10:43:00', 10.35, 10.35, 10.35, 10.35, 1053]
['2019-03-28 10:36:00', 10.35, 10.35, 10.35, 10.35, 200]
['2019-03-28 10:35:00', 10.3646, 10.3646, 10.3646, 10.3646, 201]
['2019-03-28 10:30:00', 10.3672, 10.3672, 10.3672, 10.3672, 500]
['2019-03-28 10:17:00', 10.34, 10.35, 10.34, 10.35, 200]
['2019-03-28 10:16:00', 10.331, 10.33, 10.33, 10.331, 420]
['2019-03-28 10:15:00', 10.325, 10.327, 10.325, 10.33, 2799]
['2019-03-28 10:14:00', 10.32, 10.32, 10.32, 10.32, 101]
['2019-03-28 10:13:00', 10.33, 10.33, 10.33, 10.37, 851]
['2019-03-28 10:12:00', 10.3387, 10.3387, 10.3387, 10.3387, 750]
['2019-03-28 10:10:00', 10.3603, 10.3603, 10.3603, 10.3603, 447]
['2019-03-28 10:07:00', 10.34, 10.34, 10.34, 10.34, 100]
['2019-03-28 09:52:00', 10.3201, 10.37, 10.3201, 10.37, 800]
['2019-03-28 09:50:00', 10.31, 10.31, 10.31, 10.31, 1800]
['2019-03-28 09:49:00', 10.3, 10.3099, 10.29, 10.3099, 4301]
['2019-03-28 09:48:00', 10.3, 10.29, 10.29, 10.3001, 6419]
['2019-03-28 09:47:00', 10.32, 10.31, 10.31, 10.324, 2200]
['2019-03-28 09:45:00', 10.3201, 10.332, 10.32, 10.332, 1200]
['2019-03-28 09:43:00', 10.36, 10.36, 10.36, 10.36, 200]
['2019-03-28 09:38:00', 10.36, 10.36, 10.36, 10.36, 800]
['2019-03-28 09:36:00', 10.34, 10.34, 10.34, 10.34, 800]
['2019-03-28 09:34:00', 10.34, 10.33, 10.33, 10.3401, 2402]
['2019-03-28 09:33:00', 10.34, 10.34, 10.34, 10.3401, 2263]
['2019-03-28 09:32:00', 10.3532, 10.35, 10.35, 10.3532, 900]
['2019-03-28 09:31:00', 10.37, 10.37, 10.37, 10.37, 541]
['2019-03-27 16:00:00', 10.54, 10.52, 10.52, 10.54, 359]
['2019-03-27 15:59:00', 10.55, 10.56, 10.55, 10.56, 343]
['2019-03-27 15:57:00', 10.53, 10.53, 10.53, 10.53, 2008]
['2019-03-27 15:56:00', 10.52, 10.52, 10.52, 10.52, 245]
['2019-03-27 15:50:00', 10.53, 10.5251, 10.5251, 10.53, 4266]
['2019-03-27 15:48:00', 10.52, 10.52, 10.52, 10.52, 100]
['2019-03-27 15:45:00', 10.52, 10.52, 10.52, 10.52, 100]
['2019-03-27 15:36:00', 10.52, 10.52, 10.52, 10.52, 448]
['2019-03-27 15:30:00', 10.51, 10.519, 10.51, 10.5199, 7244]
['2019-03-27 15:29:00', 10.51, 10.5, 10.5, 10.51, 400]
['2019-03-27 15:27:00', 10.5134, 10.5134, 10.5134, 10.5134, 4250]
['2019-03-27 15:24:00', 10.515, 10.5134, 10.51, 10.515, 630]
['2019-03-27 15:13:00', 10.51, 10.52, 10.51, 10.52, 1000]
['2019-03-27 15:12:00', 10.5109, 10.5109, 10.5109, 10.5109, 750]
['2019-03-27 15:06:00', 10.51, 10.51, 10.51, 10.51, 300]
['2019-03-27 15:02:00', 10.5, 10.5, 10.5, 10.5, 100]
['2019-03-27 14:59:00', 10.51, 10.51, 10.51, 10.51, 300]
['2019-03-27 14:57:00', 10.51, 10.51, 10.51, 10.51, 800]
['2019-03-27 14:44:00', 10.5, 10.5, 10.5, 10.51, 302]
['2019-03-27 14:42:00', 10.5, 10.5063, 10.5, 10.5065, 1446]
['2019-03-27 14:32:00', 10.51, 10.5, 10.5, 10.51, 1880]
['2019-03-27 14:25:00', 10.51, 10.51, 10.51, 10.51, 100]
['2019-03-27 14:24:00', 10.53, 10.53, 10.53, 10.53, 100]
['2019-03-27 14:16:00', 10.52, 10.52, 10.52, 10.52, 100]
['2019-03-27 14:15:00', 10.5161, 10.5161, 10.5161, 10.5161, 300]
['2019-03-27 14:14:00', 10.52, 10.52, 10.52, 10.52, 1114]
['2019-03-27 14:11:00', 10.51, 10.52, 10.501, 10.52, 1000]
['2019-03-27 14:07:00', 10.5, 10.5, 10.5, 10.5, 100]
['2019-03-27 14:06:00', 10.52, 10.5245, 10.52, 10.5245, 1200]
['2019-03-27 13:58:00', 10.52, 10.52, 10.52, 10.52, 100]
['2019-03-27 13:51:00', 10.53, 10.5362, 10.53, 10.54, 2241]
['2019-03-27 13:39:00', 10.57, 10.57, 10.57, 10.57, 277]
['2019-03-27 13:37:00', 10.57, 10.57, 10.57, 10.57, 100]
['2019-03-27 13:30:00', 10.57, 10.57, 10.57, 10.57, 300]
['2019-03-27 13:28:00', 10.5512, 10.551, 10.551, 10.5512, 361]
['2019-03-27 13:26:00', 10.5597, 10.5597, 10.5597, 10.5597, 600]
['2019-03-27 13:22:00', 10.56, 10.56, 10.56, 10.56, 189]
['2019-03-27 13:20:00', 10.5601, 10.56, 10.56, 10.5601, 700]
['2019-03-27 13:19:00', 10.5729, 10.5729, 10.5729, 10.5729, 100]
['2019-03-27 13:12:00', 10.58, 10.58, 10.58, 10.58, 200]
['2019-03-27 13:08:00', 10.59, 10.5827, 10.5827, 10.59, 3980]
['2019-03-27 13:07:00', 10.58, 10.58, 10.58, 10.58, 100]
['2019-03-27 12:57:00', 10.58, 10.58, 10.58, 10.58, 100]
['2019-03-27 12:55:00', 10.58, 10.58, 10.58, 10.58, 1900]
['2019-03-27 12:54:00', 10.58, 10.58, 10.58, 10.58, 1819]
['2019-03-27 12:50:00', 10.57, 10.57, 10.57, 10.57, 1781]
['2019-03-27 12:48:00', 10.56, 10.57, 10.56, 10.57, 600]
['2019-03-27 12:43:00', 10.55, 10.55, 10.55, 10.55, 2200]
['2019-03-27 12:39:00', 10.54, 10.54, 10.53, 10.54, 1400]
['2019-03-27 12:34:00', 10.53, 10.53, 10.53, 10.53, 100]
['2019-03-27 12:26:00', 10.55, 10.5501, 10.55, 10.553, 2300]
['2019-03-27 12:20:00', 10.56, 10.5601, 10.56, 10.5601, 1200]
['2019-03-27 12:19:00', 10.56, 10.5645, 10.56, 10.5645, 1100]
['2019-03-27 12:12:00', 10.56, 10.5601, 10.56, 10.5601, 1150]
['2019-03-27 12:10:00', 10.55, 10.56, 10.55, 10.56, 350]
['2019-03-27 12:05:00', 10.56, 10.56, 10.56, 10.56, 1300]
['2019-03-27 11:59:00', 10.5683, 10.5683, 10.5683, 10.5683, 600]
['2019-03-27 11:56:00', 10.57, 10.5722, 10.57, 10.5722, 1200]
['2019-03-27 11:51:00', 10.58, 10.57, 10.57, 10.5822, 1001]
['2019-03-27 11:50:00', 10.58, 10.58, 10.58, 10.58, 716]
['2019-03-27 11:43:00', 10.57, 10.59, 10.57, 10.59, 2500]
['2019-03-27 11:42:00', 10.58, 10.58, 10.57, 10.5801, 2200]
['2019-03-27 11:38:00', 10.58, 10.58, 10.58, 10.58, 100]
['2019-03-27 11:36:00', 10.59, 10.59, 10.59, 10.593, 2500]
['2019-03-27 11:33:00', 10.59, 10.5949, 10.59, 10.5949, 800]
['2019-03-27 11:26:00', 10.6, 10.6001, 10.59, 10.6001, 700]
['2019-03-27 11:24:00', 10.6059, 10.6059, 10.6059, 10.6059, 696]
['2019-03-27 11:23:00', 10.6056, 10.6056, 10.6056, 10.6056, 604]
['2019-03-27 11:20:00', 10.58, 10.5843, 10.58, 10.6, 1200]
['2019-03-27 11:18:00', 10.57, 10.57, 10.57, 10.57, 400]
['2019-03-27 11:09:00', 10.57, 10.573, 10.57, 10.573, 1271]
['2019-03-27 11:08:00', 10.5717, 10.5717, 10.5717, 10.5717, 600]
['2019-03-27 11:06:00', 10.5739, 10.5739, 10.5739, 10.5739, 600]
['2019-03-27 11:05:00', 10.581, 10.581, 10.581, 10.581, 600]
['2019-03-27 11:01:00', 10.61, 10.61, 10.61, 10.61, 100]
['2019-03-27 10:57:00', 10.6, 10.6, 10.6, 10.6, 3300]
['2019-03-27 10:55:00', 10.58, 10.58, 10.58, 10.58, 300]
['2019-03-27 10:50:00', 10.586, 10.5859, 10.5859, 10.586, 1200]
['2019-03-27 10:45:00', 10.5971, 10.5971, 10.5971, 10.5971, 600]
['2019-03-27 10:44:00', 10.6, 10.6, 10.59, 10.6, 2824]
['2019-03-27 10:37:00', 10.587, 10.587, 10.587, 10.587, 600]
['2019-03-27 10:35:00', 10.5875, 10.5875, 10.5875, 10.5875, 600]
['2019-03-27 10:32:00', 10.58, 10.59, 10.58, 10.59, 823]
['2019-03-27 10:28:00', 10.57, 10.57, 10.57, 10.57, 100]
['2019-03-27 10:27:00', 10.5762, 10.5762, 10.5762, 10.5762, 600]
['2019-03-27 10:21:00', 10.55, 10.55, 10.55, 10.55, 100]
['2019-03-27 10:19:00', 10.58, 10.58, 10.58, 10.58, 200]
['2019-03-27 10:17:00', 10.57, 10.57, 10.57, 10.57, 500]
['2019-03-27 10:16:00', 10.57, 10.5753, 10.57, 10.5753, 2600]
['2019-03-27 10:15:00', 10.5718, 10.5718, 10.5718, 10.5718, 600]
['2019-03-27 10:14:00', 10.56, 10.59, 10.56, 10.59, 1300]
['2019-03-27 10:13:00', 10.5867, 10.5867, 10.5867, 10.5867, 600]
['2019-03-27 10:08:00', 10.58, 10.58, 10.58, 10.58, 400]
['2019-03-27 10:07:00', 10.58, 10.6021, 10.58, 10.6021, 850]
['2019-03-27 10:05:00', 10.6, 10.58, 10.58, 10.6001, 1000]
['2019-03-27 10:04:00', 10.6205, 10.6205, 10.6205, 10.6205, 800]
['2019-03-27 10:02:00', 10.6, 10.64, 10.6, 10.64, 1600]
['2019-03-27 10:01:00', 10.623, 10.623, 10.623, 10.623, 800]
['2019-03-27 10:00:00', 10.6, 10.6105, 10.6, 10.64, 2000]
['2019-03-27 09:59:00', 10.61, 10.619, 10.61, 10.619, 1600]
['2019-03-27 09:58:00', 10.6183, 10.6183, 10.6183, 10.6183, 800]
['2019-03-27 09:57:00', 10.621, 10.61, 10.61, 10.621, 650]
['2019-03-27 09:55:00', 10.58, 10.61, 10.58, 10.61, 1084]
['2019-03-27 09:53:00', 10.57, 10.5766, 10.57, 10.5766, 950]
['2019-03-27 09:52:00', 10.57, 10.57, 10.57, 10.57, 400]
['2019-03-27 09:51:00', 10.56, 10.55, 10.55, 10.5601, 850]
['2019-03-27 09:50:00', 10.57, 10.57, 10.57, 10.57, 100]
['2019-03-27 09:49:00', 10.56, 10.56, 10.56, 10.56, 200]
['2019-03-27 09:48:00', 10.554, 10.554, 10.554, 10.554, 600]
['2019-03-27 09:46:00', 10.57, 10.55, 10.55, 10.5701, 800]
['2019-03-27 09:45:00', 10.59, 10.58, 10.58, 10.5901, 1000]
['2019-03-27 09:43:00', 10.6009, 10.6009, 10.6009, 10.6009, 900]
['2019-03-27 09:42:00', 10.59, 10.6017, 10.59, 10.6017, 550]
['2019-03-27 09:41:00', 10.61, 10.59, 10.59, 10.61, 1074]
['2019-03-27 09:38:00', 10.655, 10.6555, 10.65, 10.6555, 759]
['2019-03-27 09:37:00', 10.6579, 10.6579, 10.6579, 10.6579, 800]
['2019-03-27 09:32:00', 10.6627, 10.6627, 10.6627, 10.6627, 800]
['2019-03-27 09:31:00', 10.63, 10.63, 10.6, 10.6457, 2628]
['2019-03-26 15:57:00', 10.65, 10.65, 10.65, 10.65, 233]
['2019-03-26 15:54:00', 10.66, 10.66, 10.66, 10.66, 100]
['2019-03-26 15:50:00', 10.65, 10.65, 10.65, 10.65, 2501]
['2019-03-26 15:47:00', 10.6483, 10.6483, 10.6483, 10.6483, 500]
['2019-03-26 15:45:00', 10.64, 10.64, 10.64, 10.64, 100]
['2019-03-26 15:40:00', 10.645, 10.645, 10.645, 10.645, 630]
['2019-03-26 15:35:00', 10.6401, 10.6401, 10.6401, 10.6401, 1500]
['2019-03-26 15:32:00', 10.6579, 10.6579, 10.6579, 10.6579, 4414]
['2019-03-26 15:31:00', 10.69, 10.67, 10.67, 10.69, 3900]
['2019-03-26 15:16:00', 10.68, 10.69, 10.68, 10.69, 1500]
['2019-03-26 15:11:00', 10.69, 10.69, 10.69, 10.69, 1124]
['2019-03-26 15:06:00', 10.67, 10.67, 10.67, 10.67, 563]
['2019-03-26 15:01:00', 10.67, 10.67, 10.67, 10.67, 1300]
['2019-03-26 14:51:00', 10.66, 10.66, 10.66, 10.66, 200]
['2019-03-26 14:46:00', 10.67, 10.67, 10.67, 10.67, 400]
['2019-03-26 14:44:00', 10.6708, 10.6708, 10.6708, 10.6708, 4500]
['2019-03-26 14:35:00', 10.67, 10.67, 10.67, 10.67, 300]
['2019-03-26 14:33:00', 10.67, 10.67, 10.67, 10.67, 100]
['2019-03-26 14:31:00', 10.66, 10.66, 10.66, 10.66, 100]
['2019-03-26 14:23:00', 10.67, 10.67, 10.67, 10.67, 184]
['2019-03-26 14:13:00', 10.67, 10.67, 10.67, 10.67, 169]
['2019-03-26 13:58:00', 10.68, 10.66, 10.66, 10.68, 1900]
['2019-03-26 13:55:00', 10.68, 10.68, 10.68, 10.68, 800]
['2019-03-26 13:45:00', 10.6667, 10.6667, 10.6667, 10.6667, 2000]
['2019-03-26 13:44:00', 10.6665, 10.6665, 10.6665, 10.6665, 1525]
['2019-03-26 13:41:00', 10.659, 10.66, 10.659, 10.66, 1400]
['2019-03-26 13:39:00', 10.6582, 10.6582, 10.6582, 10.6582, 1500]
['2019-03-26 13:27:00', 10.64, 10.64, 10.64, 10.64, 200]
['2019-03-26 13:26:00', 10.63, 10.63, 10.63, 10.63, 200]
['2019-03-26 13:21:00', 10.6266, 10.6266, 10.6266, 10.6266, 1000]
['2019-03-26 13:18:00', 10.6275, 10.6275, 10.6275, 10.6275, 1100]
['2019-03-26 13:07:00', 10.667, 10.66, 10.66, 10.667, 300]
['2019-03-26 13:00:00', 10.649, 10.649, 10.649, 10.649, 859]
['2019-03-26 12:56:00', 10.6435, 10.6435, 10.6435, 10.6435, 1436]
['2019-03-26 12:47:00', 10.63, 10.63, 10.63, 10.63, 100]
['2019-03-26 12:46:00', 10.62, 10.62, 10.62, 10.62, 300]
['2019-03-26 12:36:00', 10.6, 10.6, 10.6, 10.6, 126]
['2019-03-26 12:25:00', 10.61, 10.61, 10.61, 10.61, 200]
['2019-03-26 12:21:00', 10.6, 10.6, 10.6, 10.6, 100]
['2019-03-26 12:11:00', 10.6158, 10.6158, 10.6158, 10.6158, 1615]
['2019-03-26 12:06:00', 10.6, 10.6, 10.6, 10.6, 1225]
['2019-03-26 12:00:00', 10.605, 10.605, 10.605, 10.605, 235]
['2019-03-26 11:57:00', 10.5976, 10.5976, 10.5976, 10.5976, 3216]
['2019-03-26 11:50:00', 10.605, 10.605, 10.605, 10.605, 300]
['2019-03-26 11:49:00', 10.6065, 10.6065, 10.6065, 10.6065, 1207]
['2019-03-26 11:47:00', 10.6, 10.6, 10.6, 10.6, 1982]
['2019-03-26 11:44:00', 10.6, 10.6, 10.6, 10.6, 100]
['2019-03-26 11:37:00', 10.61, 10.62, 10.61, 10.62, 5978]
['2019-03-26 11:34:00', 10.61, 10.61, 10.61, 10.61, 300]
['2019-03-26 11:30:00', 10.61, 10.61, 10.61, 10.61, 188]
['2019-03-26 11:25:00', 10.603, 10.603, 10.603, 10.603, 2600]
['2019-03-26 11:14:00', 10.57, 10.57, 10.57, 10.57, 100]
['2019-03-26 11:13:00', 10.57, 10.57, 10.57, 10.57, 100]
['2019-03-26 11:11:00', 10.56, 10.56, 10.56, 10.56, 1172]
['2019-03-26 11:10:00', 10.56, 10.56, 10.56, 10.56, 396]
['2019-03-26 11:07:00', 10.55, 10.55, 10.55, 10.55, 993]
['2019-03-26 11:02:00', 10.5604, 10.5604, 10.5604, 10.5604, 976]
['2019-03-26 11:01:00', 10.57, 10.57, 10.57, 10.57, 100]
['2019-03-26 10:51:00', 10.58, 10.58, 10.58, 10.58, 4000]
['2019-03-26 10:49:00', 10.5752, 10.5752, 10.5752, 10.5752, 1150]
['2019-03-26 10:43:00', 10.57, 10.57, 10.57, 10.57, 200]
['2019-03-26 10:33:00', 10.5544, 10.5544, 10.5544, 10.5544, 2004]
['2019-03-26 10:31:00', 10.56, 10.5543, 10.5543, 10.56, 1400]
['2019-03-26 10:28:00', 10.55, 10.55, 10.55, 10.55, 600]
['2019-03-26 10:24:00', 10.54, 10.54, 10.54, 10.54, 600]
['2019-03-26 10:22:00', 10.53, 10.53, 10.53, 10.53, 106]
['2019-03-26 10:18:00', 10.58, 10.58, 10.58, 10.58, 931]
['2019-03-26 10:10:00', 10.54, 10.54, 10.54, 10.54, 300]
['2019-03-26 10:03:00', 10.53, 10.53, 10.53, 10.53, 3455]
['2019-03-26 10:01:00', 10.51, 10.51, 10.51, 10.51, 245]
['2019-03-26 09:58:00', 10.491, 10.491, 10.491, 10.491, 265]
['2019-03-26 09:44:00', 10.54, 10.54, 10.54, 10.54, 1200]
['2019-03-26 09:42:00', 10.53, 10.53, 10.53, 10.53, 1510]
['2019-03-26 09:39:00', 10.54, 10.54, 10.54, 10.54, 600]
['2019-03-26 09:31:00', 10.59, 10.59, 10.59, 10.59, 0]
['2019-03-25 15:59:00', 10.64, 10.64, 10.64, 10.64, 2222]
['2019-03-25 15:43:00', 10.6268, 10.6268, 10.6268, 10.6268, 389]
['2019-03-25 15:42:00', 10.6266, 10.6266, 10.6266, 10.6266, 500]
['2019-03-25 15:38:00', 10.63, 10.63, 10.63, 10.63, 100]
['2019-03-25 15:31:00', 10.6363, 10.6363, 10.6363, 10.6363, 500]
['2019-03-25 15:24:00', 10.63, 10.63, 10.63, 10.63, 333]
['2019-03-25 15:14:00', 10.63, 10.63, 10.63, 10.63, 2900]
['2019-03-25 15:11:00', 10.62, 10.62, 10.62, 10.62, 1300]
['2019-03-25 14:59:00', 10.64, 10.64, 10.64, 10.64, 200]
['2019-03-25 14:51:00', 10.6495, 10.6495, 10.6495, 10.6495, 350]
['2019-03-25 14:50:00', 10.67, 10.67, 10.67, 10.67, 200]
['2019-03-25 14:32:00', 10.6668, 10.6668, 10.6668, 10.6668, 1616]
['2019-03-25 14:23:00', 10.66, 10.66, 10.66, 10.66, 300]
['2019-03-25 14:22:00', 10.65, 10.65, 10.65, 10.65, 100]
['2019-03-25 14:20:00', 10.665, 10.66, 10.641, 10.665, 20000]
['2019-03-25 14:19:00', 10.67, 10.67, 10.67, 10.67, 4400]
['2019-03-25 14:14:00', 10.6542, 10.6542, 10.6542, 10.6542, 167]
['2019-03-25 14:09:00', 10.66, 10.66, 10.66, 10.66, 600]
['2019-03-25 13:59:00', 10.65, 10.65, 10.65, 10.65, 350]
['2019-03-25 13:58:00', 10.644, 10.644, 10.644, 10.644, 4300]
['2019-03-25 13:55:00', 10.65, 10.65, 10.65, 10.65, 100]
['2019-03-25 13:52:00', 10.66, 10.66, 10.66, 10.66, 1600]
['2019-03-25 13:49:00', 10.64, 10.64, 10.64, 10.64, 600]
['2019-03-25 13:46:00', 10.62, 10.62, 10.62, 10.62, 2503]
['2019-03-25 13:44:00', 10.62, 10.62, 10.62, 10.62, 2200]
['2019-03-25 13:40:00', 10.62, 10.62, 10.62, 10.62, 5000]
['2019-03-25 13:37:00', 10.62, 10.62, 10.62, 10.62, 201]
['2019-03-25 13:28:00', 10.62, 10.62, 10.62, 10.62, 196]
['2019-03-25 13:26:00', 10.62, 10.62, 10.62, 10.62, 2900]
['2019-03-25 13:25:00', 10.62, 10.62, 10.62, 10.62, 227]
['2019-03-25 13:23:00', 10.62, 10.6199, 10.6199, 10.62, 3500]
['2019-03-25 13:21:00', 10.62, 10.62, 10.62, 10.62, 1700]
['2019-03-25 13:13:00', 10.6093, 10.6093, 10.6093, 10.6093, 2116]
['2019-03-25 13:12:00', 10.6085, 10.6085, 10.6085, 10.6085, 3000]
['2019-03-25 13:08:00', 10.619, 10.619, 10.619, 10.619, 100]
['2019-03-25 13:06:00', 10.62, 10.62, 10.62, 10.62, 697]
['2019-03-25 12:59:00', 10.61, 10.61, 10.61, 10.61, 1219]
['2019-03-25 12:45:00', 10.63, 10.63, 10.63, 10.63, 220]
['2019-03-25 12:38:00', 10.6178, 10.6178, 10.6178, 10.6178, 2620]
['2019-03-25 12:37:00', 10.61, 10.6196, 10.61, 10.6196, 5203]
['2019-03-25 12:36:00', 10.6163, 10.6077, 10.6077, 10.6163, 4300]
['2019-03-25 12:25:00', 10.62, 10.62, 10.62, 10.62, 1304]
['2019-03-25 12:16:00', 10.64, 10.64, 10.64, 10.64, 256]
['2019-03-25 12:11:00', 10.6272, 10.6272, 10.6272, 10.6272, 800]
['2019-03-25 12:10:00', 10.63, 10.63, 10.63, 10.63, 2650]
['2019-03-25 12:08:00', 10.6364, 10.6364, 10.6364, 10.6364, 500]
['2019-03-25 12:01:00', 10.63, 10.63, 10.63, 10.63, 100]
['2019-03-25 11:54:00', 10.6493, 10.65, 10.6493, 10.65, 500]
['2019-03-25 11:52:00', 10.6579, 10.6579, 10.6579, 10.6579, 183]
['2019-03-25 11:49:00', 10.6515, 10.6515, 10.6515, 10.6515, 800]
['2019-03-25 11:48:00', 10.65, 10.65, 10.65, 10.65, 100]
['2019-03-25 11:46:00', 10.64, 10.64, 10.64, 10.64, 600]
['2019-03-25 11:42:00', 10.65, 10.65, 10.65, 10.65, 600]
['2019-03-25 11:39:00', 10.62, 10.62, 10.62, 10.62, 2604]
['2019-03-25 11:38:00', 10.62, 10.62, 10.61, 10.62, 12519]
['2019-03-25 11:37:00', 10.64, 10.63, 10.63, 10.64, 7600]
['2019-03-25 11:35:00', 10.65, 10.65, 10.65, 10.65, 2300]
['2019-03-25 11:34:00', 10.6602, 10.6602, 10.6602, 10.6602, 1475]
['2019-03-25 11:30:00', 10.62, 10.64, 10.62, 10.64, 4300]
['2019-03-25 11:24:00', 10.601, 10.6, 10.6, 10.601, 2700]
['2019-03-25 11:21:00', 10.59, 10.59, 10.59, 10.59, 250]
['2019-03-25 11:19:00', 10.59, 10.59, 10.59, 10.59, 900]
['2019-03-25 11:12:00', 10.5603, 10.5603, 10.5603, 10.5603, 800]
['2019-03-25 11:10:00', 10.5921, 10.5921, 10.5921, 10.5921, 1400]
['2019-03-25 11:08:00', 10.58, 10.58, 10.58, 10.58, 1900]
['2019-03-25 11:07:00', 10.575, 10.575, 10.575, 10.575, 100]
['2019-03-25 11:01:00', 10.58, 10.58, 10.58, 10.58, 100]
['2019-03-25 10:59:00', 10.576, 10.576, 10.576, 10.576, 800]
['2019-03-25 10:58:00', 10.576, 10.576, 10.576, 10.576, 1000]
['2019-03-25 10:56:00', 10.576, 10.576, 10.576, 10.576, 1300]
['2019-03-25 10:52:00', 10.5859, 10.5859, 10.5859, 10.5859, 400]
['2019-03-25 10:51:00', 10.6, 10.6, 10.6, 10.6, 201]
['2019-03-25 10:45:00', 10.5978, 10.5978, 10.5978, 10.5978, 201]
['2019-03-25 10:41:00', 10.6, 10.6, 10.6, 10.6, 100]
['2019-03-25 10:39:00', 10.61, 10.61, 10.61, 10.61, 600]
['2019-03-25 10:37:00', 10.597, 10.597, 10.597, 10.597, 5203]
['2019-03-25 10:33:00', 10.64, 10.64, 10.64, 10.64, 250]
['2019-03-25 10:30:00', 10.6487, 10.6487, 10.6487, 10.6487, 1000]
['2019-03-25 10:29:00', 10.66, 10.66, 10.66, 10.66, 4050]
['2019-03-25 10:27:00', 10.61, 10.62, 10.61, 10.62, 2200]
['2019-03-25 10:22:00', 10.62, 10.62, 10.62, 10.62, 1300]
['2019-03-25 10:20:00', 10.6499, 10.643, 10.643, 10.6499, 2057]
['2019-03-25 10:13:00', 10.6283, 10.6283, 10.6283, 10.6283, 1400]
['2019-03-25 10:12:00', 10.6391, 10.6391, 10.6391, 10.6391, 1300]
['2019-03-25 10:10:00', 10.64, 10.64, 10.64, 10.64, 200]
['2019-03-25 10:08:00', 10.6178, 10.6178, 10.6178, 10.6178, 1300]
['2019-03-25 10:05:00', 10.612, 10.612, 10.612, 10.612, 1168]
['2019-03-25 10:04:00', 10.6, 10.6, 10.6, 10.6, 2177]
['2019-03-25 10:03:00', 10.6, 10.5965, 10.5965, 10.6, 1700]
['2019-03-25 09:58:00', 10.5439, 10.5439, 10.5439, 10.5439, 350]
['2019-03-25 09:53:00', 10.54, 10.54, 10.54, 10.54, 1342]
['2019-03-25 09:44:00', 10.5, 10.51, 10.5, 10.51, 5795]
['2019-03-25 09:40:00', 10.5, 10.5, 10.5, 10.5, 6028]
['2019-03-25 09:35:00', 10.4656, 10.4656, 10.4656, 10.4656, 315]
['2019-03-25 09:32:00', 10.5, 10.5, 10.5, 10.5, 0]
