AQN
['2019-03-29 16:00:00', 11.265, 11.265, 11.265, 11.265, 3358]
['2019-03-29 15:59:00', 11.26, 11.26, 11.26, 11.265, 5033]
['2019-03-29 15:58:00', 11.26, 11.26, 11.26, 11.27, 1323]
['2019-03-29 15:57:00', 11.26, 11.26, 11.26, 11.26, 1810]
['2019-03-29 15:56:00', 11.26, 11.26, 11.26, 11.26, 1000]
['2019-03-29 15:55:00', 11.26, 11.255, 11.255, 11.26, 2180]
['2019-03-29 15:54:00', 11.26, 11.255, 11.255, 11.26, 3355]
['2019-03-29 15:53:00', 11.26, 11.26, 11.26, 11.26, 184]
['2019-03-29 15:52:00', 11.26, 11.255, 11.255, 11.27, 1571]
['2019-03-29 15:51:00', 11.26, 11.26, 11.26, 11.26, 2079]
['2019-03-29 15:50:00', 11.27, 11.27, 11.27, 11.27, 206]
['2019-03-29 15:49:00', 11.26, 11.26, 11.26, 11.26, 550]
['2019-03-29 15:48:00', 11.26, 11.26, 11.26, 11.26, 1306]
['2019-03-29 15:47:00', 11.26, 11.26, 11.255, 11.26, 2942]
['2019-03-29 15:46:00', 11.26, 11.26, 11.26, 11.26, 922]
['2019-03-29 15:45:00', 11.26, 11.26, 11.26, 11.26, 600]
['2019-03-29 15:43:00', 11.26, 11.26, 11.26, 11.26, 700]
['2019-03-29 15:42:00', 11.26, 11.26, 11.26, 11.26, 200]
['2019-03-29 15:41:00', 11.25, 11.26, 11.25, 11.26, 5315]
['2019-03-29 15:40:00', 11.24, 11.25, 11.24, 11.25, 1700]
['2019-03-29 15:37:00', 11.24, 11.24, 11.24, 11.24, 204]
['2019-03-29 15:36:00', 11.24, 11.24, 11.24, 11.24, 507]
['2019-03-29 15:35:00', 11.235, 11.235, 11.235, 11.235, 202]
['2019-03-29 15:33:00', 11.23, 11.23, 11.23, 11.23, 800]
['2019-03-29 15:32:00', 11.225, 11.23, 11.225, 11.23, 7303]
['2019-03-29 15:30:00', 11.23, 11.22, 11.22, 11.23, 1700]
['2019-03-29 15:29:00', 11.23, 11.23, 11.23, 11.23, 900]
['2019-03-29 15:27:00', 11.23, 11.23, 11.23, 11.23, 859]
['2019-03-29 15:26:00', 11.23, 11.23, 11.23, 11.23, 499]
['2019-03-29 15:24:00', 11.23, 11.23, 11.23, 11.23, 101]
['2019-03-29 15:23:00', 11.24, 11.24, 11.24, 11.24, 303]
['2019-03-29 15:22:00', 11.24, 11.24, 11.24, 11.24, 253]
['2019-03-29 15:20:00', 11.24, 11.24, 11.24, 11.24, 700]
['2019-03-29 15:19:00', 11.2401, 11.2401, 11.2401, 11.2401, 226]
['2019-03-29 15:18:00', 11.25, 11.25, 11.25, 11.25, 2200]
['2019-03-29 15:17:00', 11.25, 11.25, 11.25, 11.25, 201]
['2019-03-29 15:15:00', 11.25, 11.25, 11.25, 11.25, 364]
['2019-03-29 15:14:00', 11.25, 11.25, 11.25, 11.25, 100]
['2019-03-29 15:12:00', 11.26, 11.26, 11.26, 11.26, 754]
['2019-03-29 15:06:00', 11.26, 11.26, 11.26, 11.26, 800]
['2019-03-29 15:04:00', 11.27, 11.27, 11.27, 11.27, 1400]
['2019-03-29 15:03:00', 11.27, 11.27, 11.27, 11.27, 400]
['2019-03-29 15:01:00', 11.28, 11.28, 11.28, 11.28, 100]
['2019-03-29 15:00:00', 11.28, 11.28, 11.28, 11.28, 159]
['2019-03-29 14:59:00', 11.2838, 11.275, 11.275, 11.2838, 2450]
['2019-03-29 14:58:00', 11.28, 11.28, 11.28, 11.28, 527]
['2019-03-29 14:57:00', 11.2789, 11.2789, 11.2789, 11.2789, 900]
['2019-03-29 14:56:00', 11.28, 11.28, 11.28, 11.28, 300]
['2019-03-29 14:55:00', 11.275, 11.275, 11.275, 11.275, 1300]
['2019-03-29 14:52:00', 11.28, 11.28, 11.28, 11.28, 400]
['2019-03-29 14:51:00', 11.285, 11.28, 11.28, 11.285, 300]
['2019-03-29 14:50:00', 11.28, 11.29, 11.28, 11.29, 1453]
['2019-03-29 14:49:00', 11.27, 11.28, 11.27, 11.28, 1811]
['2019-03-29 14:48:00', 11.265, 11.2651, 11.265, 11.27, 1350]
['2019-03-29 14:44:00', 11.27, 11.27, 11.27, 11.27, 200]
['2019-03-29 14:43:00', 11.27, 11.27, 11.27, 11.27, 100]
['2019-03-29 14:35:00', 11.27, 11.27, 11.27, 11.27, 201]
['2019-03-29 14:32:00', 11.2601, 11.2601, 11.2601, 11.2601, 500]
['2019-03-29 14:31:00', 11.27, 11.27, 11.27, 11.27, 300]
['2019-03-29 14:30:00', 11.275, 11.275, 11.275, 11.275, 100]
['2019-03-29 14:29:00', 11.28, 11.28, 11.28, 11.28, 100]
['2019-03-29 14:28:00', 11.28, 11.28, 11.28, 11.28, 200]
['2019-03-29 14:26:00', 11.28, 11.28, 11.28, 11.28, 2202]
['2019-03-29 14:25:00', 11.28, 11.28, 11.28, 11.28, 100]
['2019-03-29 14:22:00', 11.28, 11.28, 11.28, 11.28, 502]
['2019-03-29 14:21:00', 11.28, 11.28, 11.28, 11.28, 800]
['2019-03-29 14:19:00', 11.28, 11.29, 11.28, 11.29, 3200]
['2019-03-29 14:17:00', 11.28, 11.2799, 11.2799, 11.28, 337]
['2019-03-29 14:16:00', 11.29, 11.275, 11.275, 11.295, 800]
['2019-03-29 14:11:00', 11.29, 11.29, 11.29, 11.29, 250]
['2019-03-29 14:10:00', 11.3, 11.29, 11.29, 11.3, 2200]
['2019-03-29 14:08:00', 11.3, 11.3, 11.3, 11.3, 173]
['2019-03-29 14:07:00', 11.3, 11.3, 11.3, 11.3, 600]
['2019-03-29 14:06:00', 11.305, 11.31, 11.305, 11.31, 300]
['2019-03-29 14:04:00', 11.3, 11.31, 11.3, 11.31, 1302]
['2019-03-29 14:03:00', 11.3, 11.295, 11.295, 11.3, 1001]
['2019-03-29 14:00:00', 11.31, 11.31, 11.31, 11.31, 217]
['2019-03-29 13:59:00', 11.3043, 11.31, 11.3043, 11.31, 2312]
['2019-03-29 13:55:00', 11.305, 11.31, 11.3, 11.31, 4346]
['2019-03-29 13:53:00', 11.3, 11.3, 11.3, 11.3, 150]
['2019-03-29 13:50:00', 11.31, 11.31, 11.31, 11.31, 200]
['2019-03-29 13:49:00', 11.301, 11.301, 11.301, 11.301, 1706]
['2019-03-29 13:44:00', 11.3, 11.3, 11.3, 11.3, 800]
['2019-03-29 13:43:00', 11.3, 11.3, 11.3, 11.3, 600]
['2019-03-29 13:41:00', 11.295, 11.295, 11.295, 11.295, 1000]
['2019-03-29 13:40:00', 11.295, 11.295, 11.295, 11.295, 700]
['2019-03-29 13:37:00', 11.29, 11.3, 11.29, 11.3, 2661]
['2019-03-29 13:35:00', 11.3, 11.3, 11.3, 11.3, 200]
['2019-03-29 13:34:00', 11.31, 11.31, 11.31, 11.31, 2100]
['2019-03-29 13:31:00', 11.315, 11.315, 11.315, 11.315, 200]
['2019-03-29 13:29:00', 11.3188, 11.3188, 11.3188, 11.3188, 300]
['2019-03-29 13:28:00', 11.31, 11.31, 11.31, 11.31, 103]
['2019-03-29 13:25:00', 11.32, 11.32, 11.32, 11.32, 1114]
['2019-03-29 13:22:00', 11.32, 11.32, 11.32, 11.32, 1300]
['2019-03-29 13:21:00', 11.32, 11.32, 11.32, 11.32, 1200]
['2019-03-29 13:17:00', 11.32, 11.32, 11.32, 11.32, 945]
['2019-03-29 13:14:00', 11.33, 11.33, 11.33, 11.33, 3300]
['2019-03-29 13:12:00', 11.32, 11.33, 11.32, 11.33, 2800]
['2019-03-29 13:08:00', 11.3, 11.31, 11.3, 11.31, 2201]
['2019-03-29 13:04:00', 11.31, 11.31, 11.31, 11.31, 200]
['2019-03-29 13:03:00', 11.31, 11.31, 11.31, 11.31, 2900]
['2019-03-29 13:01:00', 11.31, 11.31, 11.31, 11.31, 500]
['2019-03-29 12:59:00', 11.32, 11.32, 11.32, 11.32, 100]
['2019-03-29 12:56:00', 11.32, 11.32, 11.32, 11.32, 200]
['2019-03-29 12:53:00', 11.315, 11.31, 11.31, 11.315, 601]
['2019-03-29 12:51:00', 11.3123, 11.3123, 11.3123, 11.3123, 300]
['2019-03-29 12:50:00', 11.32, 11.32, 11.32, 11.32, 100]
['2019-03-29 12:49:00', 11.31, 11.31, 11.3, 11.31, 1745]
['2019-03-29 12:47:00', 11.305, 11.305, 11.305, 11.305, 100]
['2019-03-29 12:45:00', 11.31, 11.31, 11.31, 11.31, 200]
['2019-03-29 12:43:00', 11.305, 11.305, 11.305, 11.305, 101]
['2019-03-29 12:38:00', 11.3, 11.305, 11.3, 11.31, 944]
['2019-03-29 12:34:00', 11.3, 11.3, 11.3, 11.3, 101]
['2019-03-29 12:31:00', 11.31, 11.31, 11.31, 11.31, 100]
['2019-03-29 12:30:00', 11.3, 11.3, 11.3, 11.3, 100]
['2019-03-29 12:29:00', 11.3, 11.3, 11.3, 11.3, 1042]
['2019-03-29 12:23:00', 11.31, 11.31, 11.31, 11.31, 1800]
['2019-03-29 12:21:00', 11.31, 11.315, 11.305, 11.315, 2951]
['2019-03-29 12:20:00', 11.31, 11.31, 11.31, 11.31, 100]
['2019-03-29 12:17:00', 11.3, 11.3, 11.3, 11.3, 350]
['2019-03-29 12:16:00', 11.3, 11.3, 11.3, 11.3, 536]
['2019-03-29 12:15:00', 11.29, 11.305, 11.29, 11.31, 5203]
['2019-03-29 12:14:00', 11.29, 11.29, 11.29, 11.295, 1300]
['2019-03-29 12:13:00', 11.295, 11.29, 11.29, 11.299, 2400]
['2019-03-29 12:11:00', 11.3, 11.3, 11.3, 11.3, 118]
['2019-03-29 12:10:00', 11.3, 11.3, 11.3, 11.3, 205]
['2019-03-29 12:09:00', 11.295, 11.295, 11.295, 11.295, 100]
['2019-03-29 12:07:00', 11.295, 11.291, 11.291, 11.295, 500]
['2019-03-29 12:05:00', 11.3, 11.3, 11.295, 11.3, 301]
['2019-03-29 12:04:00', 11.29, 11.29, 11.29, 11.29, 1300]
['2019-03-29 12:03:00', 11.29, 11.29, 11.29, 11.29, 230]
['2019-03-29 12:02:00', 11.29, 11.29, 11.29, 11.29, 100]
['2019-03-29 12:00:00', 11.28, 11.28, 11.28, 11.28, 100]
['2019-03-29 11:57:00', 11.29, 11.2801, 11.28, 11.29, 5066]
['2019-03-29 11:56:00', 11.29, 11.285, 11.285, 11.29, 1300]
['2019-03-29 11:55:00', 11.28, 11.29, 11.28, 11.29, 5984]
['2019-03-29 11:53:00', 11.29, 11.28, 11.28, 11.29, 4674]
['2019-03-29 11:52:00', 11.27, 11.28, 11.27, 11.28, 1900]
['2019-03-29 11:51:00', 11.26, 11.26, 11.26, 11.26, 200]
['2019-03-29 11:49:00', 11.26, 11.26, 11.26, 11.26, 3220]
['2019-03-29 11:48:00', 11.25, 11.25, 11.25, 11.25, 100]
['2019-03-29 11:47:00', 11.25, 11.25, 11.25, 11.25, 100]
['2019-03-29 11:46:00', 11.25, 11.25, 11.25, 11.25, 101]
['2019-03-29 11:45:00', 11.255, 11.255, 11.255, 11.255, 200]
['2019-03-29 11:44:00', 11.25, 11.25, 11.25, 11.25, 100]
['2019-03-29 11:43:00', 11.26, 11.26, 11.26, 11.26, 4173]
['2019-03-29 11:42:00', 11.26, 11.26, 11.26, 11.26, 100]
['2019-03-29 11:41:00', 11.26, 11.26, 11.26, 11.26, 100]
['2019-03-29 11:40:00', 11.26, 11.26, 11.26, 11.26, 500]
['2019-03-29 11:39:00', 11.26, 11.26, 11.26, 11.26, 160]
['2019-03-29 11:38:00', 11.26, 11.26, 11.26, 11.26, 100]
['2019-03-29 11:37:00', 11.26, 11.26, 11.26, 11.26, 100]
['2019-03-29 11:36:00', 11.27, 11.27, 11.27, 11.27, 1809]
['2019-03-29 11:34:00', 11.27, 11.27, 11.27, 11.27, 300]
['2019-03-29 11:33:00', 11.27, 11.27, 11.27, 11.27, 100]
['2019-03-29 11:32:00', 11.27, 11.27, 11.27, 11.27, 100]
['2019-03-29 11:31:00', 11.275, 11.27, 11.27, 11.275, 500]
['2019-03-29 11:30:00', 11.26, 11.275, 11.26, 11.275, 800]
['2019-03-29 11:29:00', 11.275, 11.26, 11.26, 11.275, 1202]
['2019-03-29 11:28:00', 11.27, 11.27, 11.27, 11.27, 100]
['2019-03-29 11:20:00', 11.27, 11.27, 11.27, 11.27, 220]
['2019-03-29 11:18:00', 11.26, 11.26, 11.26, 11.26, 800]
['2019-03-29 11:17:00', 11.26, 11.26, 11.26, 11.26, 800]
['2019-03-29 11:16:00', 11.26, 11.26, 11.26, 11.26, 500]
['2019-03-29 11:15:00', 11.265, 11.27, 11.265, 11.27, 300]
['2019-03-29 11:13:00', 11.2675, 11.2675, 11.2675, 11.2675, 131]
['2019-03-29 11:11:00', 11.27, 11.275, 11.27, 11.275, 6052]
['2019-03-29 11:10:00', 11.27, 11.27, 11.27, 11.27, 2600]
['2019-03-29 11:09:00', 11.27, 11.27, 11.27, 11.27, 100]
['2019-03-29 11:08:00', 11.26, 11.26, 11.26, 11.26, 102]
['2019-03-29 11:06:00', 11.27, 11.265, 11.265, 11.2795, 3309]
['2019-03-29 11:05:00', 11.27, 11.27, 11.27, 11.27, 200]
['2019-03-29 11:04:00', 11.255, 11.255, 11.255, 11.255, 287]
['2019-03-29 11:03:00', 11.26, 11.26, 11.26, 11.26, 126]
['2019-03-29 11:02:00', 11.26, 11.26, 11.26, 11.26, 2000]
['2019-03-29 11:01:00', 11.255, 11.26, 11.255, 11.26, 1500]
['2019-03-29 11:00:00', 11.26, 11.26, 11.26, 11.26, 300]
['2019-03-29 10:59:00', 11.24, 11.25, 11.24, 11.25, 600]
['2019-03-29 10:58:00', 11.24, 11.24, 11.24, 11.24, 100]
['2019-03-29 10:57:00', 11.23, 11.23, 11.23, 11.23, 741]
['2019-03-29 10:55:00', 11.22, 11.22, 11.22, 11.22, 540]
['2019-03-29 10:54:00', 11.22, 11.22, 11.22, 11.22, 400]
['2019-03-29 10:52:00', 11.22, 11.22, 11.22, 11.22, 850]
['2019-03-29 10:51:00', 11.22, 11.22, 11.22, 11.22, 850]
['2019-03-29 10:50:00', 11.22, 11.22, 11.22, 11.22, 100]
['2019-03-29 10:49:00', 11.22, 11.22, 11.22, 11.22, 210]
['2019-03-29 10:47:00', 11.21, 11.21, 11.21, 11.21, 610]
['2019-03-29 10:46:00', 11.21, 11.21, 11.21, 11.21, 200]
['2019-03-29 10:45:00', 11.22, 11.22, 11.22, 11.22, 300]
['2019-03-29 10:44:00', 11.23, 11.23, 11.23, 11.23, 400]
['2019-03-29 10:43:00', 11.23, 11.23, 11.23, 11.23, 400]
['2019-03-29 10:40:00', 11.24, 11.24, 11.24, 11.24, 715]
['2019-03-29 10:39:00', 11.23, 11.24, 11.23, 11.24, 202]
['2019-03-29 10:38:00', 11.23, 11.23, 11.23, 11.23, 400]
['2019-03-29 10:37:00', 11.23, 11.23, 11.23, 11.23, 135]
['2019-03-29 10:36:00', 11.23, 11.23, 11.23, 11.23, 1000]
['2019-03-29 10:35:00', 11.22, 11.23, 11.22, 11.23, 501]
['2019-03-29 10:33:00', 11.22, 11.22, 11.22, 11.22, 200]
['2019-03-29 10:32:00', 11.23, 11.22, 11.22, 11.23, 728]
['2019-03-29 10:31:00', 11.23, 11.23, 11.23, 11.23, 500]
['2019-03-29 10:30:00', 11.21, 11.22, 11.21, 11.22, 926]
['2019-03-29 10:29:00', 11.2, 11.2, 11.2, 11.2, 100]
['2019-03-29 10:27:00', 11.21, 11.21, 11.21, 11.21, 600]
['2019-03-29 10:26:00', 11.2149, 11.22, 11.2149, 11.22, 400]
['2019-03-29 10:25:00', 11.215, 11.215, 11.215, 11.215, 200]
['2019-03-29 10:23:00', 11.21, 11.21, 11.21, 11.21, 453]
['2019-03-29 10:21:00', 11.2024, 11.2024, 11.2024, 11.2024, 115]
['2019-03-29 10:19:00', 11.2, 11.21, 11.2, 11.21, 900]
['2019-03-29 10:18:00', 11.195, 11.2, 11.195, 11.2, 800]
['2019-03-29 10:17:00', 11.205, 11.2, 11.195, 11.21, 1850]
['2019-03-29 10:16:00', 11.2099, 11.21, 11.2099, 11.21, 600]
['2019-03-29 10:14:00', 11.195, 11.2, 11.195, 11.2, 300]
['2019-03-29 10:13:00', 11.2, 11.2, 11.2, 11.2, 401]
['2019-03-29 10:12:00', 11.2, 11.2, 11.2, 11.2, 610]
['2019-03-29 10:10:00', 11.19, 11.19, 11.19, 11.19, 300]
['2019-03-29 10:09:00', 11.19, 11.19, 11.19, 11.19, 200]
['2019-03-29 10:08:00', 11.19, 11.1962, 11.19, 11.1962, 350]
['2019-03-29 10:06:00', 11.19, 11.19, 11.19, 11.19, 100]
['2019-03-29 10:04:00', 11.2, 11.2, 11.2, 11.2, 925]
['2019-03-29 10:03:00', 11.2, 11.2, 11.2, 11.2, 200]
['2019-03-29 10:02:00', 11.19, 11.2, 11.19, 11.2, 400]
['2019-03-29 10:01:00', 11.19, 11.19, 11.19, 11.19, 599]
['2019-03-29 09:58:00', 11.18, 11.19, 11.18, 11.19, 434]
['2019-03-29 09:57:00', 11.18, 11.18, 11.18, 11.18, 785]
['2019-03-29 09:55:00', 11.18, 11.18, 11.18, 11.18, 225]
['2019-03-29 09:54:00', 11.19, 11.19, 11.19, 11.19, 100]
['2019-03-29 09:53:00', 11.17, 11.18, 11.17, 11.18, 700]
['2019-03-29 09:52:00', 11.17, 11.17, 11.17, 11.17, 1000]
['2019-03-29 09:50:00', 11.17, 11.17, 11.17, 11.17, 100]
['2019-03-29 09:46:00', 11.17, 11.17, 11.17, 11.17, 404]
['2019-03-29 09:45:00', 11.15, 11.15, 11.15, 11.15, 100]
['2019-03-29 09:43:00', 11.15, 11.15, 11.15, 11.16, 1400]
['2019-03-29 09:42:00', 11.15, 11.15, 11.15, 11.15, 800]
['2019-03-29 09:41:00', 11.16, 11.16, 11.16, 11.16, 713]
['2019-03-29 09:40:00', 11.16, 11.17, 11.16, 11.17, 963]
['2019-03-29 09:37:00', 11.17, 11.17, 11.17, 11.17, 421]
['2019-03-29 09:36:00', 11.16, 11.16, 11.16, 11.16, 200]
['2019-03-29 09:35:00', 11.16, 11.1649, 11.16, 11.1649, 248]
['2019-03-29 09:34:00', 11.18, 11.18, 11.18, 11.18, 300]
['2019-03-29 09:33:00', 11.2199, 11.19, 11.19, 11.2199, 2938]
['2019-03-29 09:32:00', 11.21, 11.21, 11.21, 11.21, 200]
['2019-03-29 09:31:00', 11.2, 11.21, 11.2, 11.21, 2716]
['2019-03-28 16:00:00', 11.17, 11.17, 11.16, 11.18, 7749]
['2019-03-28 15:59:00', 11.17, 11.18, 11.17, 11.18, 1503]
['2019-03-28 15:58:00', 11.18, 11.17, 11.17, 11.18, 5724]
['2019-03-28 15:57:00', 11.18, 11.18, 11.175, 11.19, 6521]
['2019-03-28 15:56:00', 11.18, 11.18, 11.17, 11.19, 9071]
['2019-03-28 15:55:00', 11.18, 11.17, 11.17, 11.18, 2285]
['2019-03-28 15:54:00', 11.18, 11.18, 11.17, 11.18, 3369]
['2019-03-28 15:53:00', 11.18, 11.18, 11.18, 11.18, 3407]
['2019-03-28 15:52:00', 11.185, 11.18, 11.18, 11.185, 1906]
['2019-03-28 15:51:00', 11.18, 11.18, 11.18, 11.18, 1226]
['2019-03-28 15:50:00', 11.18, 11.18, 11.18, 11.18, 1159]
['2019-03-28 15:49:00', 11.18, 11.18, 11.18, 11.18, 3739]
['2019-03-28 15:48:00', 11.18, 11.175, 11.175, 11.18, 6227]
['2019-03-28 15:47:00', 11.18, 11.18, 11.18, 11.18, 400]
['2019-03-28 15:46:00', 11.19, 11.18, 11.18, 11.195, 1095]
['2019-03-28 15:45:00', 11.19, 11.19, 11.19, 11.19, 605]
['2019-03-28 15:44:00', 11.2, 11.195, 11.195, 11.2, 200]
['2019-03-28 15:43:00', 11.2, 11.2, 11.19, 11.2, 600]
['2019-03-28 15:42:00', 11.195, 11.2, 11.195, 11.2, 700]
['2019-03-28 15:41:00', 11.21, 11.2, 11.19, 11.21, 6632]
['2019-03-28 15:40:00', 11.21, 11.21, 11.21, 11.215, 800]
['2019-03-28 15:39:00', 11.22, 11.21, 11.21, 11.22, 800]
['2019-03-28 15:38:00', 11.21, 11.21, 11.21, 11.22, 1119]
['2019-03-28 15:37:00', 11.21, 11.215, 11.21, 11.22, 773]
['2019-03-28 15:36:00', 11.215, 11.215, 11.215, 11.215, 100]
['2019-03-28 15:35:00', 11.215, 11.215, 11.215, 11.215, 200]
['2019-03-28 15:34:00', 11.215, 11.215, 11.215, 11.215, 100]
['2019-03-28 15:33:00', 11.215, 11.215, 11.215, 11.215, 27700]
['2019-03-28 15:31:00', 11.215, 11.21, 11.21, 11.215, 300]
['2019-03-28 15:30:00', 11.21, 11.21, 11.21, 11.21, 675]
['2019-03-28 15:29:00', 11.21, 11.21, 11.21, 11.21, 3000]
['2019-03-28 15:28:00', 11.21, 11.21, 11.21, 11.215, 2910]
['2019-03-28 15:27:00', 11.21, 11.21, 11.21, 11.21, 1710]
['2019-03-28 15:26:00', 11.22, 11.21, 11.21, 11.22, 961]
['2019-03-28 15:25:00', 11.22, 11.21, 11.21, 11.225, 3984]
['2019-03-28 15:24:00', 11.2201, 11.2201, 11.2201, 11.2201, 510]
['2019-03-28 15:23:00', 11.235, 11.23, 11.23, 11.235, 2454]
['2019-03-28 15:22:00', 11.24, 11.23, 11.23, 11.24, 807]
['2019-03-28 15:19:00', 11.24, 11.24, 11.24, 11.24, 179]
['2019-03-28 15:17:00', 11.24, 11.24, 11.24, 11.24, 197]
['2019-03-28 15:15:00', 11.24, 11.24, 11.24, 11.24, 145]
['2019-03-28 15:14:00', 11.24, 11.235, 11.235, 11.24, 920]
['2019-03-28 15:13:00', 11.24, 11.2401, 11.24, 11.2401, 1467]
['2019-03-28 15:12:00', 11.24, 11.24, 11.24, 11.24, 120]
['2019-03-28 15:11:00', 11.24, 11.24, 11.24, 11.24, 130]
['2019-03-28 15:09:00', 11.24, 11.24, 11.24, 11.24, 256]
['2019-03-28 15:08:00', 11.24, 11.24, 11.24, 11.24, 790]
['2019-03-28 15:07:00', 11.24, 11.24, 11.24, 11.24, 200]
['2019-03-28 15:06:00', 11.24, 11.24, 11.24, 11.24, 359]
['2019-03-28 15:05:00', 11.24, 11.24, 11.24, 11.24, 200]
['2019-03-28 15:04:00', 11.24, 11.24, 11.24, 11.24, 100]
['2019-03-28 15:03:00', 11.24, 11.24, 11.24, 11.25, 500]
['2019-03-28 15:02:00', 11.25, 11.24, 11.24, 11.25, 700]
['2019-03-28 15:01:00', 11.24, 11.245, 11.24, 11.245, 414]
['2019-03-28 14:58:00', 11.2375, 11.2375, 11.2375, 11.2375, 623]
['2019-03-28 14:56:00', 11.24, 11.24, 11.24, 11.24, 300]
['2019-03-28 14:55:00', 11.23, 11.23, 11.23, 11.23, 200]
['2019-03-28 14:52:00', 11.24, 11.24, 11.24, 11.24, 300]
['2019-03-28 14:51:00', 11.23, 11.24, 11.23, 11.24, 2594]
['2019-03-28 14:49:00', 11.23, 11.23, 11.23, 11.23, 100]
['2019-03-28 14:47:00', 11.2299, 11.23, 11.2299, 11.23, 600]
['2019-03-28 14:46:00', 11.23, 11.2299, 11.2299, 11.23, 2203]
['2019-03-28 14:45:00', 11.22, 11.22, 11.22, 11.22, 700]
['2019-03-28 14:44:00', 11.22, 11.22, 11.22, 11.22, 900]
['2019-03-28 14:43:00', 11.22, 11.22, 11.22, 11.22, 600]
['2019-03-28 14:42:00', 11.22, 11.22, 11.22, 11.22, 200]
['2019-03-28 14:41:00', 11.22, 11.22, 11.22, 11.22, 100]
['2019-03-28 14:39:00', 11.22, 11.22, 11.22, 11.22, 100]
['2019-03-28 14:37:00', 11.22, 11.22, 11.22, 11.22, 1100]
['2019-03-28 14:36:00', 11.22, 11.22, 11.22, 11.22, 600]
['2019-03-28 14:35:00', 11.22, 11.22, 11.22, 11.22, 188]
['2019-03-28 14:34:00', 11.22, 11.22, 11.22, 11.22, 1627]
['2019-03-28 14:33:00', 11.22, 11.2265, 11.22, 11.2265, 325]
['2019-03-28 14:30:00', 11.22, 11.225, 11.22, 11.225, 2006]
['2019-03-28 14:29:00', 11.22, 11.22, 11.22, 11.22, 348]
['2019-03-28 14:28:00', 11.22, 11.22, 11.22, 11.22, 1600]
['2019-03-28 14:26:00', 11.22, 11.22, 11.22, 11.22, 400]
['2019-03-28 14:25:00', 11.22, 11.22, 11.22, 11.22, 100]
['2019-03-28 14:23:00', 11.215, 11.215, 11.215, 11.215, 100]
['2019-03-28 14:22:00', 11.215, 11.215, 11.215, 11.215, 100]
['2019-03-28 14:21:00', 11.21, 11.21, 11.21, 11.21, 2100]
['2019-03-28 14:20:00', 11.21, 11.21, 11.21, 11.22, 2300]
['2019-03-28 14:18:00', 11.2199, 11.22, 11.2199, 11.22, 2600]
['2019-03-28 14:16:00', 11.2199, 11.2199, 11.2199, 11.2199, 1023]
['2019-03-28 14:14:00', 11.21, 11.21, 11.21, 11.21, 330]
['2019-03-28 14:13:00', 11.21, 11.21, 11.21, 11.21, 1300]
['2019-03-28 14:12:00', 11.208, 11.2095, 11.208, 11.2095, 1000]
['2019-03-28 14:11:00', 11.21, 11.21, 11.21, 11.21, 102]
['2019-03-28 14:10:00', 11.21, 11.21, 11.21, 11.21, 900]
['2019-03-28 14:03:00', 11.21, 11.21, 11.21, 11.21, 100]
['2019-03-28 14:02:00', 11.21, 11.21, 11.21, 11.21, 105]
['2019-03-28 14:01:00', 11.21, 11.21, 11.21, 11.21, 1200]
['2019-03-28 13:59:00', 11.2, 11.21, 11.2, 11.21, 618]
['2019-03-28 13:57:00', 11.2, 11.2, 11.2, 11.2, 100]
['2019-03-28 13:56:00', 11.19, 11.195, 11.19, 11.195, 223]
['2019-03-28 13:55:00', 11.19, 11.2, 11.19, 11.2, 303]
['2019-03-28 13:54:00', 11.19, 11.2, 11.19, 11.2, 300]
['2019-03-28 13:53:00', 11.19, 11.19, 11.19, 11.19, 300]
['2019-03-28 13:52:00', 11.185, 11.185, 11.185, 11.185, 159]
['2019-03-28 13:51:00', 11.18, 11.18, 11.18, 11.18, 209]
['2019-03-28 13:50:00', 11.18, 11.18, 11.18, 11.18, 100]
['2019-03-28 13:49:00', 11.185, 11.185, 11.185, 11.185, 100]
['2019-03-28 13:48:00', 11.18, 11.19, 11.18, 11.19, 250]
['2019-03-28 13:47:00', 11.18, 11.19, 11.18, 11.19, 582]
['2019-03-28 13:45:00', 11.185, 11.19, 11.185, 11.19, 500]
['2019-03-28 13:44:00', 11.1866, 11.1866, 11.1866, 11.1866, 100]
['2019-03-28 13:41:00', 11.185, 11.185, 11.185, 11.185, 203]
['2019-03-28 13:39:00', 11.185, 11.185, 11.185, 11.185, 180]
['2019-03-28 13:38:00', 11.185, 11.185, 11.185, 11.185, 100]
['2019-03-28 13:34:00', 11.19, 11.19, 11.19, 11.19, 300]
['2019-03-28 13:33:00', 11.19, 11.19, 11.19, 11.19, 302]
['2019-03-28 13:31:00', 11.19, 11.19, 11.19, 11.19, 240]
['2019-03-28 13:30:00', 11.19, 11.18, 11.18, 11.19, 617]
['2019-03-28 13:28:00', 11.1852, 11.19, 11.1852, 11.19, 3600]
['2019-03-28 13:26:00', 11.19, 11.19, 11.19, 11.19, 563]
['2019-03-28 13:25:00', 11.19, 11.19, 11.19, 11.19, 200]
['2019-03-28 13:24:00', 11.19, 11.19, 11.19, 11.19, 300]
['2019-03-28 13:23:00', 11.195, 11.2, 11.19, 11.2, 444]
['2019-03-28 13:22:00', 11.19, 11.19, 11.19, 11.19, 100]
['2019-03-28 13:21:00', 11.2, 11.2, 11.2, 11.2, 2250]
['2019-03-28 13:20:00', 11.21, 11.21, 11.21, 11.21, 200]
['2019-03-28 13:19:00', 11.21, 11.21, 11.21, 11.21, 100]
['2019-03-28 13:18:00', 11.21, 11.21, 11.2047, 11.21, 6027]
['2019-03-28 13:15:00', 11.22, 11.21, 11.21, 11.22, 200]
['2019-03-28 13:13:00', 11.21, 11.21, 11.21, 11.21, 2105]
['2019-03-28 13:12:00', 11.21, 11.21, 11.21, 11.21, 370]
['2019-03-28 13:04:00', 11.2177, 11.2177, 11.2177, 11.2177, 173]
['2019-03-28 13:03:00', 11.21, 11.21, 11.21, 11.21, 204]
['2019-03-28 13:02:00', 11.21, 11.21, 11.21, 11.21, 700]
['2019-03-28 13:01:00', 11.215, 11.21, 11.21, 11.215, 1310]
['2019-03-28 13:00:00', 11.21, 11.22, 11.21, 11.22, 200]
['2019-03-28 12:58:00', 11.21, 11.21, 11.21, 11.21, 160]
['2019-03-28 12:55:00', 11.2, 11.2, 11.2, 11.2, 770]
['2019-03-28 12:54:00', 11.2, 11.2, 11.2, 11.2, 300]
['2019-03-28 12:53:00', 11.2, 11.2, 11.2, 11.2, 100]
['2019-03-28 12:52:00', 11.2, 11.2, 11.2, 11.2, 808]
['2019-03-28 12:51:00', 11.2, 11.2, 11.2, 11.2, 461]
['2019-03-28 12:50:00', 11.2, 11.2, 11.2, 11.2, 249]
['2019-03-28 12:49:00', 11.2, 11.2, 11.2, 11.2, 400]
['2019-03-28 12:48:00', 11.2, 11.2, 11.2, 11.2, 200]
['2019-03-28 12:47:00', 11.2, 11.2, 11.2, 11.2, 101]
['2019-03-28 12:46:00', 11.205, 11.205, 11.205, 11.205, 201]
['2019-03-28 12:44:00', 11.21, 11.205, 11.205, 11.21, 226]
['2019-03-28 12:41:00', 11.2, 11.2049, 11.2, 11.2049, 578]
['2019-03-28 12:40:00', 11.21, 11.2, 11.2, 11.21, 395]
['2019-03-28 12:39:00', 11.219, 11.219, 11.219, 11.219, 117]
['2019-03-28 12:37:00', 11.211, 11.21, 11.21, 11.211, 977]
['2019-03-28 12:36:00', 11.21, 11.21, 11.21, 11.21, 200]
['2019-03-28 12:34:00', 11.21, 11.21, 11.21, 11.21, 400]
['2019-03-28 12:32:00', 11.2154, 11.2154, 11.2154, 11.2154, 110]
['2019-03-28 12:31:00', 11.22, 11.22, 11.22, 11.22, 110]
['2019-03-28 12:29:00', 11.22, 11.22, 11.22, 11.22, 731]
['2019-03-28 12:27:00', 11.23, 11.23, 11.23, 11.23, 541]
['2019-03-28 12:26:00', 11.23, 11.23, 11.23, 11.23, 100]
['2019-03-28 12:25:00', 11.23, 11.23, 11.23, 11.23, 1000]
['2019-03-28 12:24:00', 11.2252, 11.2252, 11.2252, 11.2252, 284]
['2019-03-28 12:23:00', 11.23, 11.23, 11.23, 11.23, 115]
['2019-03-28 12:22:00', 11.22, 11.23, 11.22, 11.23, 301]
['2019-03-28 12:21:00', 11.22, 11.22, 11.22, 11.22, 627]
['2019-03-28 12:20:00', 11.21, 11.22, 11.21, 11.22, 811]
['2019-03-28 12:19:00', 11.22, 11.22, 11.22, 11.22, 300]
['2019-03-28 12:15:00', 11.22, 11.21, 11.21, 11.22, 273]
['2019-03-28 12:14:00', 11.22, 11.22, 11.22, 11.22, 110]
['2019-03-28 12:13:00', 11.23, 11.23, 11.23, 11.23, 110]
['2019-03-28 12:11:00', 11.23, 11.23, 11.23, 11.23, 220]
['2019-03-28 12:10:00', 11.24, 11.2364, 11.2266, 11.24, 2966]
['2019-03-28 12:08:00', 11.2499, 11.2499, 11.2499, 11.2499, 900]
['2019-03-28 12:05:00', 11.25, 11.25, 11.25, 11.25, 257]
['2019-03-28 12:03:00', 11.26, 11.26, 11.26, 11.26, 235]
['2019-03-28 12:02:00', 11.26, 11.26, 11.26, 11.26, 327]
['2019-03-28 12:01:00', 11.26, 11.26, 11.26, 11.26, 100]
['2019-03-28 12:00:00', 11.26, 11.252, 11.252, 11.26, 557]
['2019-03-28 11:54:00', 11.26, 11.26, 11.26, 11.26, 349]
['2019-03-28 11:53:00', 11.27, 11.27, 11.27, 11.27, 252]
['2019-03-28 11:52:00', 11.28, 11.265, 11.26, 11.28, 700]
['2019-03-28 11:51:00', 11.29, 11.29, 11.29, 11.29, 100]
['2019-03-28 11:50:00', 11.28, 11.285, 11.28, 11.29, 400]
['2019-03-28 11:49:00', 11.28, 11.28, 11.28, 11.28, 484]
['2019-03-28 11:48:00', 11.28, 11.275, 11.275, 11.28, 1140]
['2019-03-28 11:47:00', 11.28, 11.275, 11.275, 11.28, 1332]
['2019-03-28 11:46:00', 11.285, 11.285, 11.285, 11.285, 100]
['2019-03-28 11:45:00', 11.285, 11.29, 11.28, 11.29, 580]
['2019-03-28 11:44:00', 11.29, 11.285, 11.285, 11.29, 700]
['2019-03-28 11:43:00', 11.295, 11.295, 11.295, 11.295, 145]
['2019-03-28 11:42:00', 11.295, 11.3, 11.295, 11.3, 200]
['2019-03-28 11:41:00', 11.3, 11.3, 11.3, 11.3, 100]
['2019-03-28 11:40:00', 11.295, 11.295, 11.295, 11.295, 170]
['2019-03-28 11:39:00', 11.3, 11.3, 11.3, 11.3, 100]
['2019-03-28 11:35:00', 11.3, 11.3, 11.3, 11.3, 194]
['2019-03-28 11:32:00', 11.29, 11.29, 11.29, 11.29, 584]
['2019-03-28 11:30:00', 11.295, 11.29, 11.29, 11.295, 1289]
['2019-03-28 11:27:00', 11.29, 11.29, 11.29, 11.29, 2500]
['2019-03-28 11:26:00', 11.2865, 11.2865, 11.2865, 11.2865, 132]
['2019-03-28 11:25:00', 11.285, 11.29, 11.285, 11.29, 284]
['2019-03-28 11:24:00', 11.29, 11.29, 11.29, 11.29, 100]
['2019-03-28 11:22:00', 11.29, 11.29, 11.29, 11.29, 399]
['2019-03-28 11:21:00', 11.28, 11.28, 11.28, 11.28, 184]
['2019-03-28 11:20:00', 11.29, 11.29, 11.29, 11.29, 200]
['2019-03-28 11:19:00', 11.295, 11.295, 11.295, 11.295, 100]
['2019-03-28 11:16:00', 11.29, 11.29, 11.29, 11.29, 100]
['2019-03-28 11:11:00', 11.3, 11.3, 11.3, 11.3, 167]
['2019-03-28 11:10:00', 11.3, 11.3, 11.2978, 11.3, 1000]
['2019-03-28 11:08:00', 11.31, 11.305, 11.3, 11.31, 540]
['2019-03-28 11:07:00', 11.2901, 11.3, 11.2901, 11.3, 552]
['2019-03-28 11:06:00', 11.3, 11.3, 11.3, 11.3, 300]
['2019-03-28 11:05:00', 11.3, 11.3, 11.3, 11.3, 577]
['2019-03-28 11:02:00', 11.307, 11.307, 11.307, 11.307, 807]
['2019-03-28 11:00:00', 11.3, 11.3, 11.3, 11.3, 366]
['2019-03-28 10:59:00', 11.3, 11.3, 11.3, 11.3, 100]
['2019-03-28 10:58:00', 11.3, 11.3, 11.3, 11.3024, 951]
['2019-03-28 10:57:00', 11.3, 11.3, 11.3, 11.3, 154]
['2019-03-28 10:55:00', 11.3, 11.295, 11.295, 11.3, 300]
['2019-03-28 10:54:00', 11.3, 11.3, 11.3, 11.3, 100]
['2019-03-28 10:53:00', 11.3, 11.3, 11.3, 11.3, 100]
['2019-03-28 10:52:00', 11.3, 11.3, 11.3, 11.3, 1400]
['2019-03-28 10:51:00', 11.3, 11.3, 11.3, 11.3, 200]
['2019-03-28 10:49:00', 11.3, 11.2999, 11.297, 11.3, 3544]
['2019-03-28 10:46:00', 11.3, 11.3, 11.3, 11.3, 300]
['2019-03-28 10:45:00', 11.3, 11.3, 11.3, 11.3, 300]
['2019-03-28 10:44:00', 11.3, 11.3, 11.3, 11.3, 435]
['2019-03-28 10:43:00', 11.3, 11.3, 11.3, 11.3, 500]
['2019-03-28 10:42:00', 11.3, 11.3, 11.3, 11.3, 538]
['2019-03-28 10:39:00', 11.3, 11.3, 11.3, 11.3, 116]
['2019-03-28 10:38:00', 11.3, 11.3, 11.3, 11.3, 1200]
['2019-03-28 10:37:00', 11.3, 11.3, 11.3, 11.3, 300]
['2019-03-28 10:36:00', 11.3, 11.31, 11.3, 11.31, 3385]
['2019-03-28 10:35:00', 11.3, 11.3, 11.3, 11.3, 121]
['2019-03-28 10:34:00', 11.3, 11.305, 11.3, 11.305, 200]
['2019-03-28 10:33:00', 11.3, 11.3, 11.3, 11.3, 350]
['2019-03-28 10:32:00', 11.3, 11.3, 11.295, 11.3, 1354]
['2019-03-28 10:31:00', 11.31, 11.31, 11.31, 11.31, 200]
['2019-03-28 10:30:00', 11.305, 11.3, 11.3, 11.305, 500]
['2019-03-28 10:26:00', 11.2863, 11.29, 11.2863, 11.29, 467]
['2019-03-28 10:25:00', 11.29, 11.29, 11.29, 11.29, 120]
['2019-03-28 10:22:00', 11.285, 11.285, 11.285, 11.285, 170]
['2019-03-28 10:20:00', 11.28, 11.275, 11.275, 11.28, 595]
['2019-03-28 10:19:00', 11.28, 11.28, 11.28, 11.28, 101]
['2019-03-28 10:18:00', 11.2743, 11.275, 11.2743, 11.275, 222]
['2019-03-28 10:17:00', 11.28, 11.28, 11.28, 11.28, 397]
['2019-03-28 10:15:00', 11.28, 11.28, 11.28, 11.28, 300]
['2019-03-28 10:14:00', 11.29, 11.29, 11.29, 11.29, 229]
['2019-03-28 10:13:00', 11.29, 11.29, 11.29, 11.29, 150]
['2019-03-28 10:11:00', 11.28, 11.28, 11.28, 11.28, 420]
['2019-03-28 10:10:00', 11.28, 11.28, 11.28, 11.28, 100]
['2019-03-28 10:08:00', 11.2858, 11.3, 11.2858, 11.3, 392]
['2019-03-28 10:05:00', 11.29, 11.29, 11.281, 11.29, 974]
['2019-03-28 10:00:00', 11.28, 11.28, 11.28, 11.28, 202]
['2019-03-28 09:59:00', 11.28, 11.28, 11.28, 11.28, 100]
['2019-03-28 09:56:00', 11.29, 11.29, 11.29, 11.29, 1630]
['2019-03-28 09:55:00', 11.28, 11.28, 11.28, 11.28, 400]
['2019-03-28 09:53:00', 11.28, 11.28, 11.28, 11.28, 100]
['2019-03-28 09:52:00', 11.28, 11.2825, 11.28, 11.29, 1494]
['2019-03-28 09:51:00', 11.28, 11.29, 11.28, 11.29, 3400]
['2019-03-28 09:50:00', 11.28, 11.28, 11.28, 11.28, 100]
['2019-03-28 09:49:00', 11.27, 11.27, 11.27, 11.27, 100]
['2019-03-28 09:46:00', 11.28, 11.28, 11.28, 11.28, 307]
['2019-03-28 09:44:00', 11.27, 11.27, 11.27, 11.27, 200]
['2019-03-28 09:43:00', 11.28, 11.28, 11.28, 11.285, 383]
['2019-03-28 09:42:00', 11.28, 11.29, 11.28, 11.29, 500]
['2019-03-28 09:40:00', 11.28, 11.27, 11.27, 11.28, 200]
['2019-03-28 09:39:00', 11.28, 11.28, 11.2797, 11.28, 500]
['2019-03-28 09:37:00', 11.29, 11.29, 11.27, 11.29, 852]
['2019-03-28 09:35:00', 11.26, 11.26, 11.26, 11.26, 400]
['2019-03-28 09:34:00', 11.26, 11.26, 11.26, 11.26, 100]
['2019-03-28 09:32:00', 11.26, 11.26, 11.26, 11.26, 280]
['2019-03-28 09:31:00', 11.28, 11.28, 11.28, 11.28, 3207]
['2019-03-27 16:00:00', 11.37, 11.37, 11.3685, 11.38, 4911]
['2019-03-27 15:59:00', 11.37, 11.37, 11.365, 11.37, 1921]
['2019-03-27 15:58:00', 11.37, 11.37, 11.37, 11.37, 124]
['2019-03-27 15:57:00', 11.365, 11.37, 11.365, 11.37, 3746]
['2019-03-27 15:56:00', 11.36, 11.36, 11.36, 11.36, 286]
['2019-03-27 15:55:00', 11.36, 11.36, 11.36, 11.36, 400]
['2019-03-27 15:54:00', 11.37, 11.375, 11.37, 11.375, 1327]
['2019-03-27 15:52:00', 11.37, 11.37, 11.365, 11.37, 1700]
['2019-03-27 15:51:00', 11.375, 11.37, 11.365, 11.375, 3116]
['2019-03-27 15:50:00', 11.37, 11.37, 11.37, 11.37, 3000]
['2019-03-27 15:49:00', 11.38, 11.37, 11.37, 11.38, 2619]
['2019-03-27 15:48:00', 11.38, 11.38, 11.38, 11.38, 400]
['2019-03-27 15:47:00', 11.38, 11.38, 11.38, 11.38, 301]
['2019-03-27 15:46:00', 11.38, 11.38, 11.38, 11.3801, 3343]
['2019-03-27 15:45:00', 11.38, 11.375, 11.375, 11.38, 1500]
['2019-03-27 15:44:00', 11.38, 11.38, 11.38, 11.385, 2700]
['2019-03-27 15:43:00', 11.38, 11.38, 11.38, 11.38, 5556]
['2019-03-27 15:42:00', 11.375, 11.37, 11.37, 11.375, 400]
['2019-03-27 15:41:00', 11.37, 11.38, 11.365, 11.38, 3915]
['2019-03-27 15:40:00', 11.37, 11.37, 11.365, 11.37, 504]
['2019-03-27 15:39:00', 11.37, 11.37, 11.37, 11.37, 200]
['2019-03-27 15:37:00', 11.365, 11.37, 11.365, 11.37, 2167]
['2019-03-27 15:36:00', 11.36, 11.36, 11.36, 11.365, 400]
['2019-03-27 15:35:00', 11.365, 11.37, 11.365, 11.37, 200]
['2019-03-27 15:33:00', 11.36, 11.36, 11.36, 11.37, 750]
['2019-03-27 15:32:00', 11.36, 11.36, 11.36, 11.369, 1412]
['2019-03-27 15:31:00', 11.36, 11.36, 11.36, 11.36, 5800]
['2019-03-27 15:30:00', 11.36, 11.36, 11.36, 11.36, 202]
['2019-03-27 15:28:00', 11.35, 11.35, 11.35, 11.35, 101]
['2019-03-27 15:25:00', 11.35, 11.355, 11.35, 11.355, 800]
['2019-03-27 15:24:00', 11.35, 11.35, 11.35, 11.35, 156]
['2019-03-27 15:19:00', 11.34, 11.34, 11.34, 11.34, 501]
['2019-03-27 15:16:00', 11.34, 11.34, 11.3379, 11.34, 800]
['2019-03-27 15:15:00', 11.33, 11.33, 11.33, 11.33, 400]
['2019-03-27 15:14:00', 11.33, 11.325, 11.325, 11.33, 3708]
['2019-03-27 15:13:00', 11.33, 11.33, 11.33, 11.33, 100]
['2019-03-27 15:12:00', 11.33, 11.33, 11.33, 11.33, 400]
['2019-03-27 15:11:00', 11.33, 11.34, 11.33, 11.34, 300]
['2019-03-27 15:10:00', 11.34, 11.34, 11.34, 11.34, 100]
['2019-03-27 15:09:00', 11.33, 11.33, 11.33, 11.33, 103]
['2019-03-27 15:08:00', 11.33, 11.33, 11.33, 11.33, 510]
['2019-03-27 15:07:00', 11.33, 11.33, 11.33, 11.33, 100]
['2019-03-27 15:06:00', 11.33, 11.33, 11.33, 11.33, 242]
['2019-03-27 15:05:00', 11.33, 11.325, 11.325, 11.33, 300]
['2019-03-27 15:03:00', 11.33, 11.33, 11.33, 11.33, 400]
['2019-03-27 15:00:00', 11.33, 11.33, 11.33, 11.33, 129]
['2019-03-27 14:58:00', 11.34, 11.34, 11.34, 11.345, 710]
['2019-03-27 14:57:00', 11.34, 11.34, 11.34, 11.34, 1112]
['2019-03-27 14:54:00', 11.34, 11.34, 11.34, 11.34, 257]
['2019-03-27 14:53:00', 11.345, 11.345, 11.345, 11.345, 319]
['2019-03-27 14:52:00', 11.33, 11.34, 11.33, 11.34, 700]
['2019-03-27 14:51:00', 11.325, 11.33, 11.325, 11.33, 400]
['2019-03-27 14:50:00', 11.32, 11.33, 11.32, 11.33, 618]
['2019-03-27 14:48:00', 11.32, 11.32, 11.32, 11.32, 400]
['2019-03-27 14:47:00', 11.325, 11.325, 11.325, 11.325, 118]
['2019-03-27 14:45:00', 11.32, 11.32, 11.32, 11.32, 1351]
['2019-03-27 14:42:00', 11.32, 11.32, 11.32, 11.32, 106]
['2019-03-27 14:40:00', 11.32, 11.32, 11.32, 11.32, 149]
['2019-03-27 14:39:00', 11.32, 11.32, 11.32, 11.32, 100]
['2019-03-27 14:37:00', 11.32, 11.32, 11.32, 11.32, 200]
['2019-03-27 14:36:00', 11.315, 11.315, 11.315, 11.315, 300]
['2019-03-27 14:35:00', 11.32, 11.3185, 11.3185, 11.32, 300]
['2019-03-27 14:34:00', 11.32, 11.32, 11.32, 11.32, 100]
['2019-03-27 14:32:00', 11.32, 11.32, 11.32, 11.32, 101]
['2019-03-27 14:31:00', 11.315, 11.315, 11.315, 11.315, 200]
['2019-03-27 14:30:00', 11.315, 11.315, 11.315, 11.315, 200]
['2019-03-27 14:29:00', 11.31, 11.31, 11.31, 11.31, 100]
['2019-03-27 14:25:00', 11.31, 11.31, 11.31, 11.31, 240]
['2019-03-27 14:22:00', 11.325, 11.3175, 11.3175, 11.325, 5203]
['2019-03-27 14:20:00', 11.33, 11.33, 11.33, 11.33, 100]
['2019-03-27 14:17:00', 11.335, 11.32, 11.32, 11.335, 2612]
['2019-03-27 14:16:00', 11.33, 11.33, 11.33, 11.33, 800]
['2019-03-27 14:15:00', 11.33, 11.325, 11.325, 11.33, 800]
['2019-03-27 14:14:00', 11.33, 11.33, 11.33, 11.33, 100]
['2019-03-27 14:11:00', 11.32, 11.32, 11.32, 11.32, 100]
['2019-03-27 14:10:00', 11.32, 11.32, 11.32, 11.32, 260]
['2019-03-27 14:09:00', 11.3199, 11.3199, 11.3199, 11.3199, 175]
['2019-03-27 14:07:00', 11.32, 11.33, 11.32, 11.33, 301]
['2019-03-27 14:06:00', 11.315, 11.32, 11.315, 11.32, 1001]
['2019-03-27 14:03:00', 11.32, 11.315, 11.315, 11.32, 301]
['2019-03-27 14:02:00', 11.32, 11.32, 11.32, 11.32, 927]
['2019-03-27 14:00:00', 11.32, 11.32, 11.32, 11.32, 100]
['2019-03-27 13:59:00', 11.3299, 11.3299, 11.3299, 11.3299, 100]
['2019-03-27 13:58:00', 11.33, 11.33, 11.33, 11.33, 100]
['2019-03-27 13:53:00', 11.34, 11.34, 11.34, 11.34, 520]
['2019-03-27 13:43:00', 11.3431, 11.3431, 11.3431, 11.3431, 150]
['2019-03-27 13:41:00', 11.34, 11.34, 11.34, 11.34, 709]
['2019-03-27 13:40:00', 11.33, 11.34, 11.33, 11.34, 313]
['2019-03-27 13:39:00', 11.335, 11.335, 11.335, 11.335, 247]
['2019-03-27 13:36:00', 11.33, 11.33, 11.33, 11.33, 200]
['2019-03-27 13:33:00', 11.33, 11.33, 11.33, 11.33, 100]
['2019-03-27 13:32:00', 11.33, 11.33, 11.33, 11.33, 100]
['2019-03-27 13:31:00', 11.33, 11.33, 11.33, 11.33, 100]
['2019-03-27 13:28:00', 11.33, 11.33, 11.33, 11.33, 246]
['2019-03-27 13:27:00', 11.33, 11.33, 11.33, 11.33, 600]
['2019-03-27 13:22:00', 11.34, 11.33, 11.33, 11.34, 1500]
['2019-03-27 13:21:00', 11.325, 11.33, 11.325, 11.33, 3757]
['2019-03-27 13:18:00', 11.33, 11.33, 11.33, 11.33, 253]
['2019-03-27 13:17:00', 11.33, 11.33, 11.33, 11.33, 100]
['2019-03-27 13:16:00', 11.33, 11.33, 11.33, 11.33, 1200]
['2019-03-27 13:15:00', 11.33, 11.33, 11.33, 11.33, 2120]
['2019-03-27 13:14:00', 11.33, 11.33, 11.33, 11.33, 700]
['2019-03-27 13:13:00', 11.32, 11.32, 11.32, 11.32, 300]
['2019-03-27 13:10:00', 11.3134, 11.3134, 11.3134, 11.3134, 479]
['2019-03-27 13:07:00', 11.31, 11.31, 11.31, 11.31, 256]
['2019-03-27 13:06:00', 11.31, 11.31, 11.31, 11.31, 137]
['2019-03-27 13:04:00', 11.31, 11.31, 11.31, 11.31, 1096]
['2019-03-27 13:03:00', 11.32, 11.32, 11.32, 11.32, 193]
['2019-03-27 13:01:00', 11.31, 11.31, 11.31, 11.31, 101]
['2019-03-27 13:00:00', 11.32, 11.32, 11.32, 11.32, 100]
['2019-03-27 12:56:00', 11.315, 11.31, 11.31, 11.315, 2500]
['2019-03-27 12:55:00', 11.32, 11.32, 11.32, 11.32, 100]
['2019-03-27 12:54:00', 11.31, 11.31, 11.31, 11.31, 950]
['2019-03-27 12:53:00', 11.3, 11.3, 11.295, 11.305, 1360]
['2019-03-27 12:52:00', 11.3, 11.3, 11.3, 11.3, 2400]
['2019-03-27 12:49:00', 11.3, 11.3, 11.3, 11.3, 200]
['2019-03-27 12:48:00', 11.3, 11.3, 11.3, 11.3, 591]
['2019-03-27 12:46:00', 11.3, 11.3, 11.3, 11.3, 801]
['2019-03-27 12:44:00', 11.2915, 11.3, 11.29, 11.3, 1500]
['2019-03-27 12:42:00', 11.295, 11.295, 11.295, 11.295, 100]
['2019-03-27 12:41:00', 11.2999, 11.2999, 11.2999, 11.2999, 250]
['2019-03-27 12:38:00', 11.29, 11.2834, 11.2834, 11.29, 316]
['2019-03-27 12:36:00', 11.3, 11.3, 11.3, 11.307, 2393]
['2019-03-27 12:35:00', 11.3, 11.3, 11.3, 11.3, 100]
['2019-03-27 12:31:00', 11.305, 11.305, 11.305, 11.31, 1890]
['2019-03-27 12:30:00', 11.305, 11.305, 11.305, 11.305, 700]
['2019-03-27 12:27:00', 11.31, 11.31, 11.31, 11.31, 1707]
['2019-03-27 12:22:00', 11.305, 11.31, 11.305, 11.31, 403]
['2019-03-27 12:17:00', 11.3, 11.3, 11.3, 11.3, 180]
['2019-03-27 12:15:00', 11.295, 11.3, 11.295, 11.3, 359]
['2019-03-27 12:14:00', 11.3, 11.3, 11.3, 11.3, 252]
['2019-03-27 12:13:00', 11.3, 11.3, 11.3, 11.3, 100]
['2019-03-27 12:08:00', 11.3, 11.3, 11.3, 11.3, 64439]
['2019-03-27 12:04:00', 11.31, 11.31, 11.31, 11.31, 0]
['2019-03-27 12:01:00', 11.295, 11.295, 11.295, 11.295, 500]
['2019-03-27 12:00:00', 11.295, 11.295, 11.295, 11.295, 600]
['2019-03-27 11:59:00', 11.2972, 11.2972, 11.2972, 11.2972, 200]
['2019-03-27 11:58:00', 11.305, 11.31, 11.305, 11.31, 200]
['2019-03-27 11:57:00', 11.305, 11.305, 11.305, 11.305, 311]
['2019-03-27 11:56:00', 11.31, 11.31, 11.31, 11.31, 248]
['2019-03-27 11:55:00', 11.3, 11.3, 11.3, 11.3, 100]
['2019-03-27 11:54:00', 11.31, 11.31, 11.31, 11.31, 675]
['2019-03-27 11:53:00', 11.31, 11.31, 11.31, 11.31, 272]
['2019-03-27 11:49:00', 11.33, 11.33, 11.33, 11.33, 200]
['2019-03-27 11:46:00', 11.31, 11.31, 11.31, 11.31, 230]
['2019-03-27 11:43:00', 11.31, 11.31, 11.31, 11.31, 100]
['2019-03-27 11:40:00', 11.32, 11.32, 11.32, 11.32, 220]
['2019-03-27 11:39:00', 11.305, 11.31, 11.305, 11.31, 800]
['2019-03-27 11:37:00', 11.3, 11.3, 11.3, 11.3, 100]
['2019-03-27 11:35:00', 11.3, 11.3, 11.295, 11.3, 6113]
['2019-03-27 11:31:00', 11.31, 11.31, 11.31, 11.31, 532]
['2019-03-27 11:30:00', 11.313, 11.313, 11.313, 11.313, 203]
['2019-03-27 11:26:00', 11.32, 11.32, 11.32, 11.32, 400]
['2019-03-27 11:25:00', 11.32, 11.32, 11.32, 11.32, 128]
['2019-03-27 11:24:00', 11.32, 11.32, 11.32, 11.32, 200]
['2019-03-27 11:23:00', 11.32, 11.32, 11.32, 11.32, 309]
['2019-03-27 11:22:00', 11.31, 11.31, 11.31, 11.31, 523]
['2019-03-27 11:20:00', 11.31, 11.32, 11.31, 11.32, 1110]
['2019-03-27 11:19:00', 11.31, 11.31, 11.31, 11.31, 106]
['2019-03-27 11:18:00', 11.32, 11.32, 11.32, 11.32, 104]
['2019-03-27 11:16:00', 11.33, 11.33, 11.33, 11.33, 162]
['2019-03-27 11:15:00', 11.33, 11.33, 11.33, 11.33, 300]
['2019-03-27 11:10:00', 11.35, 11.35, 11.35, 11.35, 267]
['2019-03-27 11:09:00', 11.35, 11.35, 11.35, 11.35, 237]
['2019-03-27 11:04:00', 11.35, 11.345, 11.345, 11.35, 375]
['2019-03-27 11:00:00', 11.35, 11.35, 11.35, 11.35, 256]
['2019-03-27 10:59:00', 11.36, 11.36, 11.36, 11.36, 151]
['2019-03-27 10:58:00', 11.36, 11.36, 11.36, 11.36, 200]
['2019-03-27 10:57:00', 11.35, 11.35, 11.35, 11.35, 100]
['2019-03-27 10:56:00', 11.35, 11.35, 11.35, 11.35, 100]
['2019-03-27 10:55:00', 11.335, 11.34, 11.335, 11.34, 400]
['2019-03-27 10:54:00', 11.34, 11.34, 11.34, 11.34, 354]
['2019-03-27 10:51:00', 11.36, 11.35, 11.35, 11.36, 275]
['2019-03-27 10:50:00', 11.36, 11.36, 11.36, 11.36, 200]
['2019-03-27 10:49:00', 11.36, 11.36, 11.36, 11.36, 600]
['2019-03-27 10:48:00', 11.36, 11.36, 11.36, 11.36, 700]
['2019-03-27 10:47:00', 11.36, 11.36, 11.36, 11.36, 100]
['2019-03-27 10:45:00', 11.345, 11.35, 11.345, 11.35, 700]
['2019-03-27 10:44:00', 11.35, 11.35, 11.35, 11.35, 2900]
['2019-03-27 10:43:00', 11.353, 11.353, 11.353, 11.353, 220]
['2019-03-27 10:41:00', 11.36, 11.36, 11.36, 11.36, 300]
['2019-03-27 10:39:00', 11.3669, 11.355, 11.355, 11.3669, 1269]
['2019-03-27 10:36:00', 11.365, 11.365, 11.365, 11.365, 1600]
['2019-03-27 10:34:00', 11.37, 11.37, 11.37, 11.37, 300]
['2019-03-27 10:33:00', 11.368, 11.36, 11.36, 11.368, 1993]
['2019-03-27 10:32:00', 11.37, 11.37, 11.37, 11.37, 192]
['2019-03-27 10:30:00', 11.36, 11.36, 11.36, 11.36, 302]
['2019-03-27 10:29:00', 11.375, 11.38, 11.375, 11.38, 500]
['2019-03-27 10:28:00', 11.38, 11.38, 11.38, 11.38, 500]
['2019-03-27 10:27:00', 11.37, 11.37, 11.37, 11.37, 400]
['2019-03-27 10:26:00', 11.37, 11.37, 11.37, 11.37, 200]
['2019-03-27 10:25:00', 11.36, 11.36, 11.36, 11.36, 210]
['2019-03-27 10:24:00', 11.36, 11.36, 11.36, 11.36, 300]
['2019-03-27 10:23:00', 11.37, 11.37, 11.37, 11.37, 200]
['2019-03-27 10:21:00', 11.38, 11.38, 11.38, 11.38, 195]
['2019-03-27 10:20:00', 11.39, 11.39, 11.39, 11.39, 185]
['2019-03-27 10:19:00', 11.3897, 11.39, 11.3897, 11.39, 400]
['2019-03-27 10:18:00', 11.4, 11.4, 11.4, 11.4, 1301]
['2019-03-27 10:17:00', 11.4, 11.4, 11.395, 11.4, 780]
['2019-03-27 10:12:00', 11.39, 11.39, 11.39, 11.39, 462]
['2019-03-27 10:10:00', 11.39, 11.385, 11.385, 11.39, 1480]
['2019-03-27 10:08:00', 11.375, 11.38, 11.375, 11.38, 600]
['2019-03-27 10:04:00', 11.38, 11.38, 11.38, 11.38, 10880]
['2019-03-27 10:03:00', 11.38, 11.37, 11.37, 11.38, 700]
['2019-03-27 10:01:00', 11.36, 11.36, 11.36, 11.36, 100]
['2019-03-27 10:00:00', 11.36, 11.36, 11.36, 11.36, 200]
['2019-03-27 09:59:00', 11.36, 11.36, 11.36, 11.36, 181]
['2019-03-27 09:57:00', 11.36, 11.36, 11.36, 11.36, 403]
['2019-03-27 09:56:00', 11.3468, 11.36, 11.3468, 11.36, 485]
['2019-03-27 09:55:00', 11.35, 11.35, 11.35, 11.35, 100]
['2019-03-27 09:54:00', 11.37, 11.36, 11.36, 11.37, 620]
['2019-03-27 09:53:00', 11.365, 11.365, 11.365, 11.365, 150]
['2019-03-27 09:52:00', 11.36, 11.37, 11.36, 11.37, 1901]
['2019-03-27 09:51:00', 11.3605, 11.365, 11.3601, 11.365, 2600]
['2019-03-27 09:50:00', 11.37, 11.37, 11.37, 11.37, 300]
['2019-03-27 09:47:00', 11.38, 11.38, 11.38, 11.38, 100]
['2019-03-27 09:45:00', 11.37, 11.37, 11.37, 11.37, 105]
['2019-03-27 09:44:00', 11.36, 11.36, 11.36, 11.36, 200]
['2019-03-27 09:43:00', 11.37, 11.37, 11.37, 11.37, 1470]
['2019-03-27 09:41:00', 11.37, 11.37, 11.37, 11.37, 377]
['2019-03-27 09:40:00', 11.36, 11.37, 11.3526, 11.37, 531]
['2019-03-27 09:39:00', 11.36, 11.36, 11.36, 11.36, 200]
['2019-03-27 09:38:00', 11.36, 11.36, 11.36, 11.36, 400]
['2019-03-27 09:37:00', 11.35, 11.34, 11.34, 11.35, 845]
['2019-03-27 09:36:00', 11.345, 11.35, 11.345, 11.35, 390]
['2019-03-27 09:35:00', 11.36, 11.36, 11.36, 11.36, 272]
['2019-03-27 09:34:00', 11.38, 11.37, 11.37, 11.38, 611]
['2019-03-27 09:33:00', 11.37, 11.37, 11.37, 11.37, 400]
['2019-03-27 09:31:00', 11.4, 11.4, 11.4, 11.4, 2219]
['2019-03-26 16:00:00', 11.37, 11.37, 11.37, 11.37, 3701]
['2019-03-26 15:59:00', 11.38, 11.38, 11.38, 11.38, 1407]
['2019-03-26 15:58:00', 11.38, 11.38, 11.38, 11.38, 1570]
['2019-03-26 15:57:00', 11.389, 11.39, 11.389, 11.39, 6648]
['2019-03-26 15:56:00', 11.389, 11.389, 11.389, 11.389, 3800]
['2019-03-26 15:55:00', 11.39, 11.39, 11.39, 11.39, 2271]
['2019-03-26 15:53:00', 11.39, 11.39, 11.39, 11.39, 1150]
['2019-03-26 15:52:00', 11.39, 11.39, 11.39, 11.39, 1000]
['2019-03-26 15:51:00', 11.39, 11.39, 11.39, 11.39, 420]
['2019-03-26 15:48:00', 11.38, 11.38, 11.38, 11.38, 2324]
['2019-03-26 15:47:00', 11.38, 11.38, 11.38, 11.38, 3581]
['2019-03-26 15:46:00', 11.39, 11.39, 11.39, 11.39, 2074]
['2019-03-26 15:45:00', 11.385, 11.385, 11.385, 11.385, 420]
['2019-03-26 15:44:00', 11.39, 11.39, 11.39, 11.39, 110]
['2019-03-26 15:43:00', 11.385, 11.385, 11.385, 11.385, 300]
['2019-03-26 15:41:00', 11.38, 11.39, 11.38, 11.39, 3007]
['2019-03-26 15:40:00', 11.37, 11.37, 11.37, 11.37, 200]
['2019-03-26 15:39:00', 11.37, 11.38, 11.37, 11.38, 600]
['2019-03-26 15:38:00', 11.38, 11.37, 11.37, 11.38, 892]
['2019-03-26 15:36:00', 11.375, 11.375, 11.375, 11.375, 500]
['2019-03-26 15:32:00', 11.365, 11.38, 11.365, 11.38, 810]
['2019-03-26 15:30:00', 11.365, 11.365, 11.365, 11.365, 761]
['2019-03-26 15:29:00', 11.37, 11.38, 11.37, 11.38, 550]
['2019-03-26 15:28:00', 11.36, 11.36, 11.36, 11.36, 100]
['2019-03-26 15:27:00', 11.36, 11.36, 11.36, 11.36, 1743]
['2019-03-26 15:25:00', 11.36, 11.36, 11.36, 11.36, 117]
['2019-03-26 15:22:00', 11.36, 11.36, 11.36, 11.36, 116]
['2019-03-26 15:21:00', 11.36, 11.36, 11.36, 11.36, 216]
['2019-03-26 15:19:00', 11.36, 11.36, 11.36, 11.36, 1404]
['2019-03-26 15:17:00', 11.36, 11.36, 11.36, 11.36, 435]
['2019-03-26 15:16:00', 11.37, 11.37, 11.37, 11.37, 200]
['2019-03-26 15:15:00', 11.37, 11.37, 11.37, 11.37, 1970]
['2019-03-26 15:14:00', 11.37, 11.37, 11.37, 11.37, 1679]
['2019-03-26 15:13:00', 11.37, 11.37, 11.37, 11.37, 600]
['2019-03-26 15:11:00', 11.36, 11.37, 11.36, 11.37, 718]
['2019-03-26 15:10:00', 11.36, 11.36, 11.36, 11.36, 100]
['2019-03-26 15:09:00', 11.365, 11.365, 11.365, 11.365, 1021]
['2019-03-26 15:07:00', 11.3661, 11.3661, 11.3661, 11.3661, 166]
['2019-03-26 15:06:00', 11.36, 11.36, 11.36, 11.36, 201]
['2019-03-26 15:05:00', 11.36, 11.36, 11.36, 11.36, 100]
['2019-03-26 15:04:00', 11.37, 11.37, 11.37, 11.37, 191]
['2019-03-26 15:01:00', 11.36, 11.36, 11.36, 11.36, 330]
['2019-03-26 15:00:00', 11.36, 11.36, 11.36, 11.36, 3143]
['2019-03-26 14:59:00', 11.3559, 11.3559, 11.3559, 11.3559, 507]
['2019-03-26 14:57:00', 11.36, 11.36, 11.36, 11.36, 364]
['2019-03-26 14:56:00', 11.36, 11.36, 11.36, 11.36, 320]
['2019-03-26 14:54:00', 11.365, 11.365, 11.365, 11.365, 360]
['2019-03-26 14:49:00', 11.36, 11.37, 11.36, 11.37, 1440]
['2019-03-26 14:47:00', 11.36, 11.36, 11.36, 11.36, 825]
['2019-03-26 14:46:00', 11.365, 11.36, 11.36, 11.365, 400]
['2019-03-26 14:45:00', 11.36, 11.36, 11.36, 11.36, 500]
['2019-03-26 14:44:00', 11.36, 11.36, 11.36, 11.36, 926]
['2019-03-26 14:43:00', 11.36, 11.36, 11.36, 11.36, 500]
['2019-03-26 14:42:00', 11.36, 11.355, 11.355, 11.36, 1669]
['2019-03-26 14:41:00', 11.36, 11.36, 11.36, 11.36, 600]
['2019-03-26 14:40:00', 11.36, 11.36, 11.36, 11.36, 300]
['2019-03-26 14:39:00', 11.37, 11.37, 11.37, 11.37, 300]
['2019-03-26 14:37:00', 11.38, 11.37, 11.37, 11.38, 747]
['2019-03-26 14:35:00', 11.3701, 11.3701, 11.3701, 11.3701, 500]
['2019-03-26 14:33:00', 11.37, 11.37, 11.37, 11.37, 318]
['2019-03-26 14:31:00', 11.39, 11.39, 11.39, 11.39, 330]
['2019-03-26 14:29:00', 11.39, 11.39, 11.39, 11.39, 500]
['2019-03-26 14:26:00', 11.39, 11.38, 11.38, 11.39, 397]
['2019-03-26 14:23:00', 11.38, 11.38, 11.38, 11.38, 1000]
['2019-03-26 14:21:00', 11.39, 11.39, 11.39, 11.39, 100]
['2019-03-26 14:19:00', 11.38, 11.38, 11.38, 11.38, 1217]
['2019-03-26 14:18:00', 11.38, 11.38, 11.38, 11.38, 715]
['2019-03-26 14:17:00', 11.38, 11.38, 11.38, 11.38, 113]
['2019-03-26 14:14:00', 11.39, 11.39, 11.39, 11.39, 3400]
['2019-03-26 14:12:00', 11.39, 11.39, 11.39, 11.39, 100]
['2019-03-26 14:11:00', 11.39, 11.39, 11.39, 11.39, 100]
['2019-03-26 14:10:00', 11.39, 11.39, 11.39, 11.39, 106]
['2019-03-26 14:08:00', 11.41, 11.41, 11.41, 11.41, 100]
['2019-03-26 14:07:00', 11.4012, 11.4, 11.4, 11.4012, 811]
['2019-03-26 14:04:00', 11.41, 11.41, 11.41, 11.41, 2298]
['2019-03-26 14:03:00', 11.4, 11.4, 11.4, 11.4, 200]
['2019-03-26 14:01:00', 11.405, 11.405, 11.405, 11.405, 700]
['2019-03-26 14:00:00', 11.4, 11.4, 11.4, 11.4, 5232]
['2019-03-26 13:58:00', 11.4, 11.4, 11.4, 11.4, 900]
['2019-03-26 13:56:00', 11.39, 11.39, 11.39, 11.39, 220]
['2019-03-26 13:53:00', 11.39, 11.39, 11.39, 11.39, 960]
['2019-03-26 13:52:00', 11.39, 11.39, 11.39, 11.39, 200]
['2019-03-26 13:50:00', 11.39, 11.39, 11.39, 11.39, 140]
['2019-03-26 13:48:00', 11.38, 11.38, 11.38, 11.38, 1168]
['2019-03-26 13:46:00', 11.39, 11.38, 11.38, 11.39, 3978]
['2019-03-26 13:45:00', 11.39, 11.39, 11.39, 11.39, 430]
['2019-03-26 13:42:00', 11.38, 11.38, 11.38, 11.38, 927]
['2019-03-26 13:40:00', 11.38, 11.38, 11.38, 11.38, 800]
['2019-03-26 13:39:00', 11.38, 11.38, 11.38, 11.38, 101]
['2019-03-26 13:37:00', 11.38, 11.38, 11.38, 11.38, 848]
['2019-03-26 13:36:00', 11.3842, 11.38, 11.38, 11.3842, 1446]
['2019-03-26 13:35:00', 11.38, 11.38, 11.38, 11.38, 120]
['2019-03-26 13:33:00', 11.38, 11.38, 11.38, 11.38, 210]
['2019-03-26 13:32:00', 11.385, 11.385, 11.385, 11.385, 100]
['2019-03-26 13:30:00', 11.39, 11.38, 11.38, 11.39, 1323]
['2019-03-26 13:29:00', 11.385, 11.385, 11.385, 11.385, 300]
['2019-03-26 13:25:00', 11.38, 11.38, 11.38, 11.38, 4769]
['2019-03-26 13:22:00', 11.38, 11.38, 11.38, 11.38, 700]
['2019-03-26 13:21:00', 11.38, 11.38, 11.38, 11.38, 904]
['2019-03-26 13:18:00', 11.38, 11.38, 11.38, 11.38, 709]
['2019-03-26 13:17:00', 11.3836, 11.3836, 11.3836, 11.3836, 1025]
['2019-03-26 13:16:00', 11.3701, 11.3701, 11.3701, 11.3701, 2013]
['2019-03-26 13:13:00', 11.38, 11.38, 11.38, 11.38, 802]
['2019-03-26 13:12:00', 11.375, 11.38, 11.375, 11.4, 11591]
['2019-03-26 13:11:00', 11.37, 11.37, 11.37, 11.37, 294]
['2019-03-26 13:03:00', 11.37, 11.37, 11.37, 11.37, 300]
['2019-03-26 12:58:00', 11.36, 11.36, 11.36, 11.36, 1100]
['2019-03-26 12:56:00', 11.359, 11.3599, 11.359, 11.3599, 3606]
['2019-03-26 12:51:00', 11.36, 11.36, 11.36, 11.36, 253]
['2019-03-26 12:49:00', 11.36, 11.36, 11.36, 11.36, 218]
['2019-03-26 12:47:00', 11.355, 11.355, 11.355, 11.355, 800]
['2019-03-26 12:45:00', 11.35, 11.35, 11.35, 11.35, 448]
['2019-03-26 12:42:00', 11.36, 11.36, 11.36, 11.36, 100]
['2019-03-26 12:41:00', 11.36, 11.36, 11.36, 11.36, 283]
['2019-03-26 12:40:00', 11.36, 11.36, 11.36, 11.36, 175]
['2019-03-26 12:38:00', 11.36, 11.36, 11.36, 11.36, 415]
['2019-03-26 12:37:00', 11.35, 11.35, 11.35, 11.35, 200]
['2019-03-26 12:34:00', 11.35, 11.35, 11.35, 11.35, 309]
['2019-03-26 12:30:00', 11.355, 11.355, 11.355, 11.355, 200]
['2019-03-26 12:29:00', 11.35, 11.35, 11.35, 11.35, 467]
['2019-03-26 12:26:00', 11.36, 11.36, 11.36, 11.36, 375]
['2019-03-26 12:24:00', 11.34, 11.35, 11.34, 11.35, 574]
['2019-03-26 12:22:00', 11.34, 11.34, 11.34, 11.34, 152]
['2019-03-26 12:15:00', 11.34, 11.34, 11.34, 11.34, 158]
['2019-03-26 12:14:00', 11.34, 11.34, 11.34, 11.34, 224]
['2019-03-26 12:10:00', 11.35, 11.35, 11.35, 11.35, 428]
['2019-03-26 12:09:00', 11.35, 11.35, 11.35, 11.35, 2200]
['2019-03-26 12:08:00', 11.37, 11.37, 11.37, 11.37, 1253]
['2019-03-26 12:06:00', 11.36, 11.36, 11.36, 11.36, 1100]
['2019-03-26 12:04:00', 11.35, 11.35, 11.35, 11.35, 300]
['2019-03-26 12:02:00', 11.34, 11.34, 11.34, 11.34, 3000]
['2019-03-26 12:01:00', 11.34, 11.34, 11.34, 11.34, 2163]
['2019-03-26 11:55:00', 11.34, 11.34, 11.34, 11.34, 835]
['2019-03-26 11:49:00', 11.35, 11.35, 11.35, 11.35, 385]
['2019-03-26 11:48:00', 11.36, 11.36, 11.36, 11.36, 400]
['2019-03-26 11:45:00', 11.37, 11.37, 11.37, 11.37, 200]
['2019-03-26 11:44:00', 11.36, 11.36, 11.36, 11.36, 130]
['2019-03-26 11:41:00', 11.36, 11.36, 11.36, 11.36, 100]
['2019-03-26 11:39:00', 11.37, 11.37, 11.37, 11.37, 712]
['2019-03-26 11:38:00', 11.37, 11.37, 11.37, 11.37, 100]
['2019-03-26 11:37:00', 11.37, 11.37, 11.37, 11.37, 125]
['2019-03-26 11:35:00', 11.36, 11.36, 11.36, 11.36, 215]
['2019-03-26 11:33:00', 11.36, 11.36, 11.36, 11.36, 431]
['2019-03-26 11:31:00', 11.36, 11.36, 11.36, 11.36, 2524]
['2019-03-26 11:29:00', 11.36, 11.3577, 11.3577, 11.36, 2552]
['2019-03-26 11:28:00', 11.35, 11.35, 11.35, 11.35, 763]
['2019-03-26 11:27:00', 11.36, 11.36, 11.36, 11.36, 1315]
['2019-03-26 11:26:00', 11.355, 11.355, 11.355, 11.355, 1049]
['2019-03-26 11:25:00', 11.35, 11.35, 11.35, 11.35, 3060]
['2019-03-26 11:23:00', 11.35, 11.35, 11.35, 11.35, 200]
['2019-03-26 11:19:00', 11.35, 11.35, 11.35, 11.35, 400]
['2019-03-26 11:16:00', 11.35, 11.35, 11.35, 11.35, 100]
['2019-03-26 11:15:00', 11.35, 11.35, 11.35, 11.35, 600]
['2019-03-26 11:12:00', 11.34, 11.34, 11.34, 11.34, 900]
['2019-03-26 11:11:00', 11.33, 11.33, 11.33, 11.33, 129]
['2019-03-26 11:10:00', 11.33, 11.33, 11.33, 11.33, 401]
['2019-03-26 11:08:00', 11.33, 11.33, 11.33, 11.33, 1126]
['2019-03-26 11:07:00', 11.325, 11.325, 11.325, 11.325, 300]
['2019-03-26 11:06:00', 11.33, 11.33, 11.33, 11.33, 700]
['2019-03-26 11:00:00', 11.34, 11.34, 11.34, 11.34, 100]
['2019-03-26 10:57:00', 11.34, 11.34, 11.34, 11.34, 141]
['2019-03-26 10:54:00', 11.34, 11.34, 11.34, 11.34, 127]
['2019-03-26 10:53:00', 11.34, 11.34, 11.34, 11.34, 200]
['2019-03-26 10:52:00', 11.33, 11.33, 11.33, 11.33, 100]
['2019-03-26 10:51:00', 11.33, 11.33, 11.33, 11.33, 100]
['2019-03-26 10:50:00', 11.33, 11.33, 11.33, 11.33, 600]
['2019-03-26 10:47:00', 11.3358, 11.3358, 11.3358, 11.3358, 4000]
['2019-03-26 10:43:00', 11.35, 11.34, 11.34, 11.35, 635]
['2019-03-26 10:42:00', 11.3599, 11.3599, 11.3599, 11.3599, 435]
['2019-03-26 10:38:00', 11.36, 11.36, 11.36, 11.36, 402]
['2019-03-26 10:36:00', 11.36, 11.36, 11.36, 11.36, 800]
['2019-03-26 10:34:00', 11.35, 11.35, 11.35, 11.35, 100]
['2019-03-26 10:33:00', 11.35, 11.35, 11.35, 11.35, 200]
['2019-03-26 10:32:00', 11.36, 11.36, 11.36, 11.36, 100]
['2019-03-26 10:30:00', 11.38, 11.38, 11.38, 11.38, 602]
['2019-03-26 10:28:00', 11.36, 11.36, 11.36, 11.36, 364]
['2019-03-26 10:26:00', 11.365, 11.36, 11.36, 11.365, 1000]
['2019-03-26 10:23:00', 11.36, 11.36, 11.36, 11.36, 100]
['2019-03-26 10:21:00', 11.36, 11.36, 11.36, 11.36, 300]
['2019-03-26 10:18:00', 11.38, 11.38, 11.38, 11.38, 311]
['2019-03-26 10:12:00', 11.39, 11.39, 11.39, 11.39, 100]
['2019-03-26 10:10:00', 11.395, 11.395, 11.395, 11.395, 127]
['2019-03-26 10:08:00', 11.4, 11.4, 11.4, 11.4, 100]
['2019-03-26 10:07:00', 11.39, 11.39, 11.39, 11.39, 528]
['2019-03-26 10:03:00', 11.39, 11.39, 11.39, 11.39, 1510]
['2019-03-26 10:00:00', 11.39, 11.38, 11.38, 11.39, 1951]
['2019-03-26 09:58:00', 11.4, 11.4, 11.4, 11.4, 33]
['2019-03-26 09:57:00', 11.395, 11.395, 11.395, 11.395, 225]
['2019-03-26 09:56:00', 11.4, 11.4, 11.4, 11.4, 822]
['2019-03-26 09:54:00', 11.41, 11.41, 11.41, 11.41, 3588]
['2019-03-26 09:53:00', 11.399, 11.399, 11.399, 11.399, 5437]
['2019-03-26 09:52:00', 11.4, 11.4, 11.4, 11.4, 1092]
['2019-03-26 09:50:00', 11.4, 11.4, 11.4, 11.4, 207]
['2019-03-26 09:49:00', 11.3837, 11.3837, 11.3837, 11.3837, 162]
['2019-03-26 09:46:00', 11.38, 11.38, 11.38, 11.38, 316]
['2019-03-26 09:45:00', 11.38, 11.38, 11.38, 11.38, 100]
['2019-03-26 09:44:00', 11.38, 11.38, 11.38, 11.38, 1293]
['2019-03-26 09:43:00', 11.37, 11.37, 11.37, 11.37, 503]
['2019-03-26 09:41:00', 11.36, 11.36, 11.36, 11.36, 1700]
['2019-03-26 09:40:00', 11.355, 11.36, 11.355, 11.36, 7646]
['2019-03-26 09:38:00', 11.35, 11.35, 11.35, 11.35, 1300]
['2019-03-26 09:37:00', 11.36, 11.36, 11.36, 11.36, 2506]
['2019-03-26 09:36:00', 11.33, 11.33, 11.33, 11.33, 216]
['2019-03-26 09:34:00', 11.3, 11.32, 11.3, 11.32, 3720]
['2019-03-26 09:33:00', 11.32, 11.32, 11.32, 11.32, 2133]
['2019-03-25 16:00:00', 11.305, 11.305, 11.305, 11.305, 4657]
['2019-03-25 15:59:00', 11.31, 11.31, 11.31, 11.31, 7199]
['2019-03-25 15:58:00', 11.31, 11.31, 11.31, 11.31, 3076]
['2019-03-25 15:57:00', 11.305, 11.305, 11.305, 11.305, 729]
['2019-03-25 15:56:00', 11.31, 11.31, 11.31, 11.31, 1129]
['2019-03-25 15:55:00', 11.31, 11.31, 11.31, 11.31, 1749]
['2019-03-25 15:54:00', 11.3, 11.31, 11.3, 11.31, 7776]
['2019-03-25 15:53:00', 11.29, 11.29, 11.29, 11.29, 3814]
['2019-03-25 15:52:00', 11.29, 11.29, 11.29, 11.29, 1600]
['2019-03-25 15:51:00', 11.28, 11.28, 11.28, 11.28, 7635]
['2019-03-25 15:48:00', 11.29, 11.29, 11.29, 11.29, 332]
['2019-03-25 15:45:00', 11.28, 11.285, 11.28, 11.285, 1200]
['2019-03-25 15:44:00', 11.275, 11.275, 11.275, 11.275, 200]
['2019-03-25 15:43:00', 11.27, 11.27, 11.27, 11.27, 597]
['2019-03-25 15:41:00', 11.27, 11.27, 11.27, 11.27, 150]
['2019-03-25 15:37:00', 11.28, 11.28, 11.28, 11.28, 1730]
['2019-03-25 15:36:00', 11.28, 11.28, 11.28, 11.28, 1095]
['2019-03-25 15:35:00', 11.27, 11.27, 11.27, 11.27, 359]
['2019-03-25 15:32:00', 11.28, 11.28, 11.28, 11.28, 1155]
['2019-03-25 15:30:00', 11.275, 11.275, 11.275, 11.275, 400]
['2019-03-25 15:27:00', 11.28, 11.28, 11.28, 11.28, 250]
['2019-03-25 15:24:00', 11.28, 11.28, 11.28, 11.28, 500]
['2019-03-25 15:18:00', 11.28, 11.28, 11.28, 11.28, 521]
['2019-03-25 15:15:00', 11.29, 11.29, 11.29, 11.29, 405]
['2019-03-25 15:14:00', 11.28, 11.28, 11.28, 11.28, 924]
['2019-03-25 15:09:00', 11.27, 11.27, 11.27, 11.27, 200]
['2019-03-25 15:08:00', 11.26, 11.26, 11.26, 11.26, 452]
['2019-03-25 15:07:00', 11.26, 11.26, 11.26, 11.26, 3315]
['2019-03-25 15:06:00', 11.26, 11.26, 11.26, 11.26, 435]
['2019-03-25 15:03:00', 11.26, 11.26, 11.26, 11.26, 103]
['2019-03-25 15:01:00', 11.27, 11.27, 11.27, 11.27, 796]
['2019-03-25 15:00:00', 11.27, 11.26, 11.26, 11.27, 235]
['2019-03-25 14:56:00', 11.27, 11.27, 11.27, 11.27, 100]
['2019-03-25 14:54:00', 11.26, 11.26, 11.26, 11.26, 100]
['2019-03-25 14:52:00', 11.26, 11.26, 11.26, 11.26, 800]
['2019-03-25 14:49:00', 11.27, 11.27, 11.27, 11.27, 300]
['2019-03-25 14:48:00', 11.28, 11.28, 11.28, 11.28, 202]
['2019-03-25 14:47:00', 11.28, 11.28, 11.28, 11.28, 200]
['2019-03-25 14:45:00', 11.29, 11.29, 11.29, 11.29, 315]
['2019-03-25 14:43:00', 11.28, 11.28, 11.28, 11.28, 100]
['2019-03-25 14:42:00', 11.28, 11.28, 11.28, 11.28, 204]
['2019-03-25 14:41:00', 11.28, 11.28, 11.28, 11.28, 601]
['2019-03-25 14:39:00', 11.28, 11.28, 11.28, 11.28, 200]
['2019-03-25 14:37:00', 11.27, 11.27, 11.27, 11.27, 714]
['2019-03-25 14:35:00', 11.27, 11.27, 11.27, 11.27, 2140]
['2019-03-25 14:34:00', 11.278, 11.278, 11.278, 11.278, 2469]
['2019-03-25 14:32:00', 11.27, 11.27, 11.27, 11.27, 400]
['2019-03-25 14:28:00', 11.265, 11.265, 11.265, 11.265, 300]
['2019-03-25 14:22:00', 11.27, 11.27, 11.27, 11.27, 400]
['2019-03-25 14:21:00', 11.26, 11.26, 11.26, 11.26, 187]
['2019-03-25 14:20:00', 11.26, 11.26, 11.26, 11.26, 344]
['2019-03-25 14:18:00', 11.27, 11.27, 11.27, 11.27, 2085]
['2019-03-25 14:17:00', 11.27, 11.27, 11.27, 11.27, 300]
['2019-03-25 14:07:00', 11.26, 11.26, 11.26, 11.26, 1585]
['2019-03-25 14:06:00', 11.26, 11.26, 11.26, 11.26, 800]
['2019-03-25 14:05:00', 11.26, 11.26, 11.26, 11.26, 321]
['2019-03-25 14:04:00', 11.26, 11.26, 11.26, 11.26, 422]
['2019-03-25 13:59:00', 11.26, 11.26, 11.26, 11.26, 251]
['2019-03-25 13:57:00', 11.26, 11.25, 11.25, 11.26, 750]
['2019-03-25 13:55:00', 11.27, 11.27, 11.27, 11.27, 100]
['2019-03-25 13:54:00', 11.26, 11.26, 11.26, 11.26, 305]
['2019-03-25 13:52:00', 11.27, 11.27, 11.27, 11.27, 200]
['2019-03-25 13:51:00', 11.27, 11.27, 11.27, 11.27, 601]
['2019-03-25 13:49:00', 11.27, 11.27, 11.27, 11.27, 100]
['2019-03-25 13:48:00', 11.27, 11.27, 11.27, 11.27, 2003]
['2019-03-25 13:44:00', 11.28, 11.28, 11.28, 11.28, 1100]
['2019-03-25 13:43:00', 11.28, 11.28, 11.28, 11.28, 1344]
['2019-03-25 13:41:00', 11.28, 11.28, 11.28, 11.28, 115]
['2019-03-25 13:40:00', 11.29, 11.29, 11.29, 11.29, 100]
['2019-03-25 13:39:00', 11.29, 11.29, 11.29, 11.29, 100]
['2019-03-25 13:33:00', 11.28, 11.28, 11.28, 11.28, 360]
['2019-03-25 13:31:00', 11.27, 11.27, 11.27, 11.27, 140]
['2019-03-25 13:27:00', 11.27, 11.27, 11.27, 11.27, 200]
['2019-03-25 13:25:00', 11.28, 11.28, 11.28, 11.28, 350]
['2019-03-25 13:22:00', 11.28, 11.28, 11.28, 11.28, 300]
['2019-03-25 13:21:00', 11.28, 11.28, 11.28, 11.28, 401]
['2019-03-25 13:19:00', 11.28, 11.28, 11.28, 11.28, 200]
['2019-03-25 13:18:00', 11.28, 11.28, 11.28, 11.28, 215]
['2019-03-25 13:16:00', 11.28, 11.28, 11.28, 11.28, 600]
['2019-03-25 13:14:00', 11.28, 11.28, 11.28, 11.28, 1424]
['2019-03-25 13:12:00', 11.27, 11.27, 11.27, 11.27, 303]
['2019-03-25 13:11:00', 11.265, 11.265, 11.265, 11.265, 500]
['2019-03-25 13:08:00', 11.26, 11.26, 11.26, 11.26, 752]
['2019-03-25 13:04:00', 11.26, 11.26, 11.26, 11.26, 228]
['2019-03-25 13:03:00', 11.265, 11.265, 11.265, 11.265, 752]
['2019-03-25 13:00:00', 11.27, 11.27, 11.27, 11.27, 100]
['2019-03-25 12:59:00', 11.26, 11.26, 11.26, 11.26, 2152]
['2019-03-25 12:58:00', 11.26, 11.26, 11.26, 11.26, 2600]
['2019-03-25 12:55:00', 11.25, 11.25, 11.25, 11.25, 284]
['2019-03-25 12:53:00', 11.245, 11.245, 11.245, 11.245, 210]
['2019-03-25 12:52:00', 11.24, 11.24, 11.24, 11.24, 661]
['2019-03-25 12:51:00', 11.24, 11.24, 11.24, 11.24, 1500]
['2019-03-25 12:49:00', 11.24, 11.24, 11.24, 11.24, 700]
['2019-03-25 12:47:00', 11.24, 11.23, 11.23, 11.24, 4833]
['2019-03-25 12:39:00', 11.2499, 11.2499, 11.2499, 11.2499, 155]
['2019-03-25 12:37:00', 11.24, 11.24, 11.24, 11.24, 944]
['2019-03-25 12:35:00', 11.24, 11.245, 11.24, 11.245, 1500]
['2019-03-25 12:34:00', 11.24, 11.24, 11.24, 11.24, 405]
['2019-03-25 12:31:00', 11.24, 11.24, 11.24, 11.24, 100]
['2019-03-25 12:30:00', 11.25, 11.25, 11.25, 11.25, 100]
['2019-03-25 12:26:00', 11.25, 11.25, 11.25, 11.25, 840]
['2019-03-25 12:22:00', 11.2399, 11.2399, 11.2399, 11.2399, 305]
['2019-03-25 12:20:00', 11.235, 11.235, 11.235, 11.235, 102]
['2019-03-25 12:18:00', 11.23, 11.23, 11.23, 11.23, 100]
['2019-03-25 12:16:00', 11.24, 11.24, 11.24, 11.24, 100]
['2019-03-25 12:15:00', 11.24, 11.24, 11.24, 11.24, 293]
['2019-03-25 12:14:00', 11.23, 11.23, 11.23, 11.23, 561]
['2019-03-25 12:10:00', 11.23, 11.23, 11.23, 11.23, 700]
['2019-03-25 12:09:00', 11.23, 11.23, 11.23, 11.23, 1200]
['2019-03-25 12:08:00', 11.23, 11.23, 11.23, 11.23, 1800]
['2019-03-25 12:06:00', 11.22, 11.22, 11.22, 11.22, 700]
['2019-03-25 12:01:00', 11.22, 11.22, 11.22, 11.22, 100]
['2019-03-25 11:58:00', 11.22, 11.22, 11.22, 11.22, 905]
['2019-03-25 11:56:00', 11.24, 11.24, 11.24, 11.24, 200]
['2019-03-25 11:55:00', 11.24, 11.24, 11.24, 11.24, 100]
['2019-03-25 11:54:00', 11.23, 11.23, 11.23, 11.23, 300]
['2019-03-25 11:53:00', 11.23, 11.23, 11.23, 11.23, 2500]
['2019-03-25 11:52:00', 11.23, 11.23, 11.23, 11.23, 701]
['2019-03-25 11:51:00', 11.2264, 11.2264, 11.2264, 11.2264, 901]
['2019-03-25 11:50:00', 11.21, 11.22, 11.21, 11.22, 1368]
['2019-03-25 11:49:00', 11.22, 11.22, 11.22, 11.22, 1195]
['2019-03-25 11:48:00', 11.23, 11.23, 11.23, 11.23, 2299]
['2019-03-25 11:47:00', 11.24, 11.24, 11.24, 11.24, 1600]
['2019-03-25 11:46:00', 11.26, 11.26, 11.26, 11.26, 800]
['2019-03-25 11:45:00', 11.26, 11.26, 11.26, 11.26, 500]
['2019-03-25 11:42:00', 11.27, 11.27, 11.27, 11.27, 420]
['2019-03-25 11:37:00', 11.28, 11.28, 11.28, 11.28, 1500]
['2019-03-25 11:36:00', 11.28, 11.28, 11.28, 11.28, 2655]
['2019-03-25 11:35:00', 11.29, 11.29, 11.29, 11.29, 222]
['2019-03-25 11:34:00', 11.28, 11.28, 11.28, 11.28, 100]
['2019-03-25 11:33:00', 11.29, 11.29, 11.29, 11.29, 100]
['2019-03-25 11:32:00', 11.29, 11.29, 11.29, 11.29, 887]
['2019-03-25 11:30:00', 11.3, 11.3, 11.3, 11.3, 425]
['2019-03-25 11:26:00', 11.29, 11.29, 11.29, 11.29, 1407]
['2019-03-25 11:25:00', 11.3, 11.3, 11.3, 11.3, 200]
['2019-03-25 11:24:00', 11.3, 11.3, 11.3, 11.3, 900]
['2019-03-25 11:23:00', 11.3, 11.3, 11.3, 11.3, 1600]
['2019-03-25 11:21:00', 11.3, 11.3, 11.3, 11.3, 1380]
['2019-03-25 11:20:00', 11.2999, 11.2999, 11.2999, 11.2999, 199]
['2019-03-25 11:19:00', 11.3, 11.3, 11.3, 11.3, 100]
['2019-03-25 11:18:00', 11.3, 11.3, 11.3, 11.3, 200]
['2019-03-25 11:17:00', 11.29, 11.29, 11.29, 11.29, 379]
['2019-03-25 11:15:00', 11.29, 11.29, 11.29, 11.29, 107]
['2019-03-25 11:14:00', 11.29, 11.29, 11.29, 11.29, 205]
['2019-03-25 11:10:00', 11.29, 11.29, 11.29, 11.29, 147]
['2019-03-25 11:07:00', 11.28, 11.28, 11.28, 11.28, 707]
['2019-03-25 11:05:00', 11.27, 11.27, 11.27, 11.27, 426]
['2019-03-25 11:04:00', 11.27, 11.27, 11.27, 11.27, 1302]
['2019-03-25 10:58:00', 11.26, 11.26, 11.26, 11.26, 400]
['2019-03-25 10:57:00', 11.26, 11.26, 11.26, 11.26, 300]
['2019-03-25 10:56:00', 11.279, 11.279, 11.279, 11.279, 1307]
['2019-03-25 10:54:00', 11.27, 11.27, 11.27, 11.27, 600]
['2019-03-25 10:53:00', 11.26, 11.26, 11.26, 11.26, 9040]
['2019-03-25 10:51:00', 11.26, 11.26, 11.26, 11.26, 784]
['2019-03-25 10:50:00', 11.26, 11.26, 11.26, 11.26, 400]
['2019-03-25 10:48:00', 11.27, 11.27, 11.27, 11.27, 301]
['2019-03-25 10:44:00', 11.25, 11.25, 11.25, 11.25, 1004]
['2019-03-25 10:43:00', 11.245, 11.245, 11.245, 11.245, 200]
['2019-03-25 10:41:00', 11.24, 11.24, 11.24, 11.24, 500]
['2019-03-25 10:38:00', 11.26, 11.26, 11.26, 11.26, 2751]
['2019-03-25 10:37:00', 11.25, 11.26, 11.25, 11.26, 300]
['2019-03-25 10:32:00', 11.28, 11.28, 11.28, 11.28, 407]
['2019-03-25 10:25:00', 11.28, 11.28, 11.28, 11.28, 967]
['2019-03-25 10:24:00', 11.27, 11.27, 11.27, 11.27, 300]
['2019-03-25 10:21:00', 11.265, 11.265, 11.265, 11.265, 100]
['2019-03-25 10:20:00', 11.27, 11.27, 11.27, 11.27, 1002]
['2019-03-25 10:17:00', 11.28, 11.28, 11.28, 11.28, 200]
['2019-03-25 10:16:00', 11.27, 11.27, 11.27, 11.27, 501]
['2019-03-25 10:15:00', 11.28, 11.28, 11.28, 11.28, 372]
['2019-03-25 10:13:00', 11.28, 11.28, 11.28, 11.28, 274]
['2019-03-25 10:11:00', 11.29, 11.29, 11.29, 11.29, 200]
['2019-03-25 10:06:00', 11.28, 11.28, 11.28, 11.28, 101]
['2019-03-25 10:04:00', 11.27, 11.27, 11.27, 11.27, 714]
['2019-03-25 10:02:00', 11.28, 11.28, 11.28, 11.28, 316]
['2019-03-25 10:01:00', 11.29, 11.29, 11.29, 11.29, 2300]
['2019-03-25 09:58:00', 11.28, 11.28, 11.28, 11.28, 730]
['2019-03-25 09:57:00', 11.28, 11.28, 11.28, 11.28, 500]
['2019-03-25 09:55:00', 11.3, 11.3, 11.3, 11.3, 101]
['2019-03-25 09:54:00', 11.3, 11.3, 11.3, 11.3, 222]
['2019-03-25 09:53:00', 11.3, 11.3, 11.3, 11.3, 500]
['2019-03-25 09:51:00', 11.28, 11.28, 11.28, 11.28, 334]
['2019-03-25 09:50:00', 11.275, 11.29, 11.275, 11.29, 916]
['2019-03-25 09:47:00', 11.27, 11.27, 11.27, 11.27, 1500]
['2019-03-25 09:46:00', 11.26, 11.26, 11.26, 11.26, 1100]
['2019-03-25 09:44:00', 11.28, 11.28, 11.28, 11.28, 400]
['2019-03-25 09:43:00', 11.27, 11.27, 11.27, 11.27, 226]
['2019-03-25 09:42:00', 11.27, 11.27, 11.27, 11.27, 200]
['2019-03-25 09:41:00', 11.26, 11.26, 11.26, 11.26, 362]
['2019-03-25 09:40:00', 11.3, 11.3, 11.3, 11.3, 438]
['2019-03-25 09:38:00', 11.28, 11.28, 11.28, 11.28, 900]
['2019-03-25 09:37:00', 11.26, 11.26, 11.26, 11.26, 400]
['2019-03-25 09:35:00', 11.26, 11.24, 11.24, 11.26, 1849]
['2019-03-25 09:34:00', 11.23, 11.23, 11.23, 11.23, 1232]
['2019-03-25 09:32:00', 11.25, 11.25, 11.25, 11.25, 2001]
['2019-03-25 09:31:00', 11.22, 11.22, 11.22, 11.22, 0]
