ASC
['2019-03-29 16:00:00', 6.17, 6.22, 6.17, 6.22, 24036]
['2019-03-29 15:59:00', 6.16, 6.16, 6.16, 6.16, 875]
['2019-03-29 15:58:00', 6.17, 6.17, 6.17, 6.17, 1555]
['2019-03-29 15:57:00', 6.155, 6.155, 6.155, 6.155, 1575]
['2019-03-29 15:55:00', 6.15, 6.15, 6.15, 6.15, 300]
['2019-03-29 15:54:00', 6.16, 6.16, 6.16, 6.16, 2011]
['2019-03-29 15:51:00', 6.16, 6.16, 6.16, 6.16, 2340]
['2019-03-29 15:49:00', 6.14, 6.14, 6.14, 6.14, 1030]
['2019-03-29 15:48:00', 6.12, 6.14, 6.11, 6.14, 6824]
['2019-03-29 15:46:00', 6.12, 6.12, 6.12, 6.12, 258]
['2019-03-29 15:44:00', 6.12, 6.12, 6.12, 6.12, 178]
['2019-03-29 15:42:00', 6.11, 6.11, 6.11, 6.11, 200]
['2019-03-29 15:41:00', 6.12, 6.12, 6.12, 6.12, 640]
['2019-03-29 15:39:00', 6.12, 6.12, 6.12, 6.12, 600]
['2019-03-29 15:37:00', 6.11, 6.11, 6.11, 6.11, 200]
['2019-03-29 15:34:00', 6.11, 6.11, 6.11, 6.11, 200]
['2019-03-29 15:31:00', 6.1, 6.12, 6.1, 6.12, 300]
['2019-03-29 15:27:00', 6.1, 6.1, 6.1, 6.1, 500]
['2019-03-29 15:24:00', 6.1, 6.1, 6.1, 6.1, 500]
['2019-03-29 15:19:00', 6.1, 6.11, 6.1, 6.11, 2894]
['2019-03-29 15:12:00', 6.12, 6.12, 6.1, 6.12, 7474]
['2019-03-29 15:10:00', 6.12, 6.12, 6.12, 6.12, 778]
['2019-03-29 15:04:00', 6.1304, 6.13, 6.13, 6.1304, 1587]
['2019-03-29 15:00:00', 6.16, 6.14, 6.14, 6.16, 2141]
['2019-03-29 14:59:00', 6.17, 6.17, 6.17, 6.17, 445]
['2019-03-29 14:58:00', 6.17, 6.17, 6.17, 6.17, 3563]
['2019-03-29 14:54:00', 6.16, 6.16, 6.16, 6.16, 234]
['2019-03-29 14:49:00', 6.13, 6.17, 6.13, 6.17, 1490]
['2019-03-29 14:45:00', 6.12, 6.12, 6.12, 6.12, 212]
['2019-03-29 14:42:00', 6.12, 6.12, 6.12, 6.12, 354]
['2019-03-29 14:41:00', 6.12, 6.12, 6.12, 6.12, 322]
['2019-03-29 14:40:00', 6.13, 6.13, 6.13, 6.13, 323]
['2019-03-29 14:34:00', 6.135, 6.135, 6.135, 6.135, 111]
['2019-03-29 14:26:00', 6.1347, 6.15, 6.1347, 6.15, 624]
['2019-03-29 14:21:00', 6.14, 6.14, 6.14, 6.14, 678]
['2019-03-29 14:16:00', 6.11, 6.17, 6.11, 6.17, 1333]
['2019-03-29 14:07:00', 6.11, 6.12, 6.11, 6.12, 705]
['2019-03-29 13:52:00', 6.14, 6.11, 6.11, 6.14, 1726]
['2019-03-29 13:48:00', 6.09, 6.12, 6.09, 6.12, 2876]
['2019-03-29 13:47:00', 6.09, 6.08, 6.08, 6.09, 2470]
['2019-03-29 13:39:00', 6.12, 6.12, 6.12, 6.12, 111]
['2019-03-29 13:38:00', 6.06, 6.11, 6.06, 6.11, 2165]
['2019-03-29 13:37:00', 6.0496, 6.0496, 6.0496, 6.0496, 1344]
['2019-03-29 13:33:00', 6.04, 6.04, 6.04, 6.04, 100]
['2019-03-29 13:21:00', 6.05, 6.05, 6.05, 6.05, 446]
['2019-03-29 13:18:00', 6.07, 6.07, 6.07, 6.07, 444]
['2019-03-29 13:12:00', 6.07, 6.07, 6.07, 6.07, 111]
['2019-03-29 13:07:00', 6.1, 6.1, 6.1, 6.1, 668]
['2019-03-29 12:53:00', 6.115, 6.115, 6.115, 6.115, 648]
['2019-03-29 12:52:00', 6.11, 6.11, 6.11, 6.11, 444]
['2019-03-29 12:50:00', 6.095, 6.095, 6.095, 6.095, 111]
['2019-03-29 12:48:00', 6.11, 6.09, 6.09, 6.11, 1039]
['2019-03-29 12:36:00', 6.12, 6.14, 6.12, 6.14, 1511]
['2019-03-29 12:35:00', 6.12, 6.12, 6.12, 6.12, 100]
['2019-03-29 12:27:00', 6.11, 6.15, 6.11, 6.15, 556]
['2019-03-29 12:09:00', 6.11, 6.11, 6.11, 6.11, 233]
['2019-03-29 12:07:00', 6.12, 6.12, 6.12, 6.12, 100]
['2019-03-29 11:59:00', 6.12, 6.12, 6.12, 6.12, 211]
['2019-03-29 11:56:00', 6.12, 6.12, 6.12, 6.12, 1112]
['2019-03-29 11:54:00', 6.09, 6.08, 6.08, 6.09, 1222]
['2019-03-29 11:52:00', 6.12, 6.12, 6.12, 6.12, 233]
['2019-03-29 11:51:00', 6.12, 6.12, 6.12, 6.12, 100]
['2019-03-29 11:43:00', 6.09, 6.09, 6.09, 6.09, 111]
['2019-03-29 11:32:00', 6.12, 6.12, 6.12, 6.12, 556]
['2019-03-29 11:30:00', 6.07, 6.1, 6.07, 6.1, 1394]
['2019-03-29 11:26:00', 6.04, 6.04, 6.04, 6.04, 222]
['2019-03-29 11:22:00', 6.07, 6.07, 6.07, 6.07, 123]
['2019-03-29 11:21:00', 6.055, 6.055, 6.055, 6.055, 100]
['2019-03-29 11:14:00', 6.08, 6.08, 6.08, 6.08, 152]
['2019-03-29 11:12:00', 6.09, 6.12, 6.09, 6.12, 540]
['2019-03-29 11:10:00', 6.105, 6.105, 6.105, 6.105, 433]
['2019-03-29 11:06:00', 6.13, 6.13, 6.13, 6.13, 404]
['2019-03-29 11:02:00', 6.16, 6.16, 6.16, 6.16, 302]
['2019-03-29 11:00:00', 6.14, 6.14, 6.14, 6.14, 1191]
['2019-03-29 10:59:00', 6.14, 6.15, 6.14, 6.15, 1899]
['2019-03-29 10:57:00', 6.0701, 6.0701, 6.0701, 6.0701, 2084]
['2019-03-29 10:56:00', 6.09, 6.09, 6.09, 6.09, 3792]
['2019-03-29 10:55:00', 6.09, 6.09, 6.09, 6.09, 3789]
['2019-03-29 10:54:00', 6.115, 6.115, 6.115, 6.115, 2197]
['2019-03-29 10:53:00', 6.1201, 6.1201, 6.1201, 6.1201, 3044]
['2019-03-29 10:52:00', 6.13, 6.17, 6.13, 6.17, 1542]
['2019-03-29 10:51:00', 6.11, 6.1, 6.1, 6.11, 2110]
['2019-03-29 10:43:00', 6.13, 6.13, 6.13, 6.13, 320]
['2019-03-29 10:41:00', 6.11, 6.11, 6.11, 6.11, 1795]
['2019-03-29 10:40:00', 6.13, 6.13, 6.13, 6.13, 1000]
['2019-03-29 10:39:00', 6.08, 6.08, 6.08, 6.08, 748]
['2019-03-29 10:38:00', 6.12, 6.12, 6.12, 6.12, 1000]
['2019-03-29 10:29:00', 6.14, 6.13, 6.13, 6.14, 1389]
['2019-03-29 10:26:00', 6.12, 6.12, 6.12, 6.12, 1352]
['2019-03-29 10:24:00', 6.17, 6.12, 6.12, 6.17, 9056]
['2019-03-29 10:20:00', 6.1901, 6.205, 6.1901, 6.205, 2050]
['2019-03-29 10:17:00', 6.1917, 6.1917, 6.1917, 6.1917, 675]
['2019-03-29 10:12:00', 6.21, 6.21, 6.21, 6.21, 504]
['2019-03-29 10:11:00', 6.25, 6.24, 6.24, 6.25, 1593]
['2019-03-29 10:07:00', 6.23, 6.23, 6.23, 6.23, 1880]
['2019-03-29 10:06:00', 6.25, 6.25, 6.25, 6.25, 672]
['2019-03-29 10:05:00', 6.25, 6.25, 6.25, 6.25, 1404]
['2019-03-29 10:00:00', 6.2, 6.21, 6.2, 6.21, 2902]
['2019-03-29 09:58:00', 6.2, 6.2, 6.2, 6.2, 827]
['2019-03-29 09:57:00', 6.2, 6.2, 6.2, 6.2, 1896]
['2019-03-29 09:55:00', 6.17, 6.17, 6.17, 6.17, 566]
['2019-03-29 09:54:00', 6.16, 6.16, 6.16, 6.16, 309]
['2019-03-29 09:52:00', 6.16, 6.16, 6.16, 6.16, 915]
['2019-03-29 09:49:00', 6.11, 6.15, 6.11, 6.15, 888]
['2019-03-29 09:46:00', 6.06, 6.06, 6.06, 6.06, 898]
['2019-03-29 09:45:00', 6.1, 6.095, 6.095, 6.1, 17525]
['2019-03-29 09:37:00', 6.1, 6.1, 6.1, 6.1, 2510]
['2019-03-29 09:31:00', 6.07, 6.03, 6.03, 6.07, 7777]
['2019-03-28 16:00:00', 6.0815, 6.0815, 6.0815, 6.0815, 5324]
['2019-03-28 15:59:00', 6.07, 6.07, 6.07, 6.07, 1930]
['2019-03-28 15:58:00', 6.09, 6.09, 6.09, 6.09, 2088]
['2019-03-28 15:57:00', 6.0817, 6.085, 6.0817, 6.085, 4936]
['2019-03-28 15:56:00', 6.08, 6.08, 6.08, 6.08, 1868]
['2019-03-28 15:55:00', 6.07, 6.07, 6.07, 6.07, 2192]
['2019-03-28 15:54:00', 6.07, 6.07, 6.07, 6.07, 1511]
['2019-03-28 15:53:00', 6.06, 6.06, 6.06, 6.06, 251]
['2019-03-28 15:51:00', 6.06, 6.06, 6.06, 6.06, 811]
['2019-03-28 15:49:00', 6.05, 6.06, 6.05, 6.06, 1444]
['2019-03-28 15:47:00', 6.025, 6.025, 6.025, 6.025, 473]
['2019-03-28 15:44:00', 6.01, 6.01, 6.01, 6.01, 110]
['2019-03-28 15:43:00', 6.02, 6.02, 6.02, 6.02, 1400]
['2019-03-28 15:42:00', 5.97, 5.97, 5.97, 5.97, 2074]
['2019-03-28 15:41:00', 5.97, 5.97, 5.95, 5.97, 8057]
['2019-03-28 15:39:00', 5.97, 5.97, 5.97, 5.97, 693]
['2019-03-28 15:38:00', 5.97, 5.97, 5.97, 5.97, 1460]
['2019-03-28 15:33:00', 5.98, 5.97, 5.97, 5.98, 845]
['2019-03-28 15:32:00', 5.98, 5.98, 5.98, 5.98, 200]
['2019-03-28 15:27:00', 5.99, 5.99, 5.99, 5.99, 865]
['2019-03-28 15:25:00', 5.96, 5.96, 5.96, 5.96, 893]
['2019-03-28 15:24:00', 5.97, 5.97, 5.97, 5.98, 5175]
['2019-03-28 15:22:00', 5.96, 5.96, 5.96, 5.96, 1121]
['2019-03-28 15:21:00', 5.95, 5.95, 5.95, 5.95, 676]
['2019-03-28 15:20:00', 5.94, 5.94, 5.94, 5.94, 482]
['2019-03-28 15:19:00', 5.975, 5.95, 5.95, 5.975, 9972]
['2019-03-28 15:12:00', 5.95, 5.99, 5.95, 6.0, 7232]
['2019-03-28 15:11:00', 5.905, 5.94, 5.905, 5.97, 9511]
['2019-03-28 15:09:00', 5.9, 5.9, 5.9, 5.9, 700]
['2019-03-28 15:08:00', 5.905, 5.8925, 5.8925, 5.905, 4847]
['2019-03-28 15:06:00', 5.88, 5.88, 5.88, 5.88, 173]
['2019-03-28 15:03:00', 5.88, 5.88, 5.88, 5.88, 575]
['2019-03-28 15:02:00', 5.87, 5.87, 5.87, 5.87, 1180]
['2019-03-28 15:00:00', 5.84, 5.89, 5.84, 5.89, 1330]
['2019-03-28 14:58:00', 5.83, 5.83, 5.83, 5.83, 516]
['2019-03-28 14:57:00', 5.83, 5.83, 5.83, 5.83, 433]
['2019-03-28 14:55:00', 5.84, 5.84, 5.84, 5.84, 761]
['2019-03-28 14:52:00', 5.8, 5.82, 5.8, 5.82, 2637]
['2019-03-28 14:51:00', 5.78, 5.78, 5.78, 5.78, 4183]
['2019-03-28 14:48:00', 5.79, 5.79, 5.79, 5.79, 208]
['2019-03-28 14:39:00', 5.81, 5.81, 5.81, 5.81, 205]
['2019-03-28 14:37:00', 5.82, 5.82, 5.82, 5.82, 137]
['2019-03-28 14:36:00', 5.83, 5.81, 5.81, 5.83, 979]
['2019-03-28 14:33:00', 5.83, 5.83, 5.83, 5.83, 340]
['2019-03-28 14:25:00', 5.835, 5.835, 5.835, 5.835, 200]
['2019-03-28 14:24:00', 5.835, 5.835, 5.835, 5.835, 700]
['2019-03-28 14:23:00', 5.85, 5.84, 5.84, 5.85, 1582]
['2019-03-28 14:22:00', 5.85, 5.85, 5.85, 5.85, 708]
['2019-03-28 14:20:00', 5.85, 5.85, 5.85, 5.85, 300]
['2019-03-28 14:19:00', 5.88, 5.88, 5.88, 5.88, 440]
['2019-03-28 14:17:00', 5.86, 5.86, 5.86, 5.86, 493]
['2019-03-28 14:13:00', 5.88, 5.88, 5.88, 5.88, 100]
['2019-03-28 14:08:00', 5.85, 5.85, 5.85, 5.85, 894]
['2019-03-28 14:02:00', 5.835, 5.8425, 5.835, 5.8425, 600]
['2019-03-28 13:49:00', 5.835, 5.835, 5.835, 5.835, 567]
['2019-03-28 13:46:00', 5.84, 5.84, 5.84, 5.84, 918]
['2019-03-28 13:43:00', 5.84, 5.84, 5.84, 5.84, 100]
['2019-03-28 13:40:00', 5.86, 5.86, 5.86, 5.86, 100]
['2019-03-28 13:30:00', 5.86, 5.86, 5.86, 5.86, 139]
['2019-03-28 13:27:00', 5.85, 5.85, 5.85, 5.85, 100]
['2019-03-28 13:24:00', 5.86, 5.86, 5.86, 5.86, 110]
['2019-03-28 13:21:00', 5.84, 5.84, 5.84, 5.84, 100]
['2019-03-28 13:03:00', 5.85, 5.85, 5.85, 5.85, 300]
['2019-03-28 12:55:00', 5.835, 5.82, 5.82, 5.835, 1894]
['2019-03-28 12:54:00', 5.86, 5.86, 5.86, 5.86, 2903]
['2019-03-28 12:52:00', 5.8525, 5.8525, 5.8525, 5.8525, 444]
['2019-03-28 12:45:00', 5.855, 5.84, 5.84, 5.855, 382]
['2019-03-28 12:42:00', 5.84, 5.84, 5.84, 5.84, 311]
['2019-03-28 12:40:00', 5.85, 5.85, 5.85, 5.85, 900]
['2019-03-28 12:31:00', 5.85, 5.85, 5.85, 5.85, 122]
['2019-03-28 12:30:00', 5.85, 5.85, 5.85, 5.85, 100]
['2019-03-28 12:17:00', 5.82, 5.82, 5.82, 5.82, 211]
['2019-03-28 12:15:00', 5.79, 5.83, 5.79, 5.83, 1481]
['2019-03-28 12:10:00', 5.81, 5.81, 5.81, 5.81, 502]
['2019-03-28 12:06:00', 5.82, 5.82, 5.82, 5.82, 111]
['2019-03-28 12:03:00', 5.82, 5.82, 5.82, 5.82, 930]
['2019-03-28 12:01:00', 5.85, 5.85, 5.85, 5.85, 1104]
['2019-03-28 11:53:00', 5.87, 5.84, 5.84, 5.87, 2734]
['2019-03-28 11:50:00', 5.89, 5.88, 5.88, 5.89, 2525]
['2019-03-28 11:48:00', 5.86, 5.86, 5.86, 5.86, 996]
['2019-03-28 11:45:00', 5.84, 5.84, 5.84, 5.84, 122]
['2019-03-28 11:43:00', 5.84, 5.84, 5.84, 5.84, 100]
['2019-03-28 11:36:00', 5.82, 5.84, 5.82, 5.84, 1823]
['2019-03-28 11:35:00', 5.81, 5.81, 5.81, 5.81, 100]
['2019-03-28 11:29:00', 5.79, 5.79, 5.79, 5.79, 110]
['2019-03-28 11:17:00', 5.81, 5.81, 5.81, 5.81, 200]
['2019-03-28 11:16:00', 5.7965, 5.7965, 5.7965, 5.7965, 210]
['2019-03-28 11:11:00', 5.79, 5.79, 5.79, 5.79, 101]
['2019-03-28 11:09:00', 5.81, 5.81, 5.81, 5.81, 110]
['2019-03-28 11:05:00', 5.8, 5.8, 5.8, 5.8, 335]
['2019-03-28 11:04:00', 5.81, 5.81, 5.81, 5.81, 1104]
['2019-03-28 11:01:00', 5.83, 5.83, 5.83, 5.83, 1176]
['2019-03-28 10:40:00', 5.82, 5.82, 5.82, 5.82, 121]
['2019-03-28 10:30:00', 5.89, 5.85, 5.85, 5.89, 3251]
['2019-03-28 10:13:00', 5.89, 5.89, 5.89, 5.89, 688]
['2019-03-28 10:00:00', 5.95, 5.89, 5.89, 5.95, 7621]
['2019-03-28 09:57:00', 5.85, 5.86, 5.85, 5.86, 605]
['2019-03-28 09:48:00', 5.82, 5.82, 5.82, 5.82, 505]
['2019-03-28 09:33:00', 5.88, 5.88, 5.88, 5.88, 1531]
['2019-03-27 16:00:00', 5.86, 5.86, 5.86, 5.86, 1813]
['2019-03-27 15:59:00', 5.86, 5.86, 5.86, 5.86, 2032]
['2019-03-27 15:58:00', 5.87, 5.87, 5.87, 5.87, 1091]
['2019-03-27 15:57:00', 5.85, 5.85, 5.85, 5.85, 1402]
['2019-03-27 15:56:00', 5.85, 5.85, 5.85, 5.85, 1728]
['2019-03-27 15:55:00', 5.86, 5.86, 5.86, 5.86, 564]
['2019-03-27 15:54:00', 5.855, 5.855, 5.855, 5.855, 1283]
['2019-03-27 15:53:00', 5.85, 5.85, 5.85, 5.85, 300]
['2019-03-27 15:52:00', 5.85, 5.85, 5.85, 5.85, 1000]
['2019-03-27 15:50:00', 5.83, 5.83, 5.83, 5.83, 200]
['2019-03-27 15:47:00', 5.83, 5.83, 5.83, 5.83, 198]
['2019-03-27 15:46:00', 5.82, 5.82, 5.82, 5.82, 1227]
['2019-03-27 15:45:00', 5.82, 5.82, 5.82, 5.82, 100]
['2019-03-27 15:37:00', 5.83, 5.83, 5.83, 5.83, 1625]
['2019-03-27 15:35:00', 5.84, 5.84, 5.84, 5.84, 1200]
['2019-03-27 15:31:00', 5.85, 5.86, 5.85, 5.86, 1500]
['2019-03-27 15:30:00', 5.84, 5.84, 5.84, 5.84, 300]
['2019-03-27 15:29:00', 5.825, 5.825, 5.825, 5.825, 121]
['2019-03-27 15:25:00', 5.83, 5.83, 5.83, 5.83, 404]
['2019-03-27 15:21:00', 5.845, 5.845, 5.845, 5.845, 100]
['2019-03-27 15:15:00', 5.8385, 5.8385, 5.8385, 5.8385, 823]
['2019-03-27 15:11:00', 5.82, 5.84, 5.82, 5.84, 1015]
['2019-03-27 15:07:00', 5.8, 5.8, 5.8, 5.8, 300]
['2019-03-27 15:01:00', 5.8, 5.83, 5.8, 5.83, 404]
['2019-03-27 14:59:00', 5.8, 5.8, 5.8, 5.8, 100]
['2019-03-27 14:45:00', 5.83, 5.83, 5.83, 5.83, 100]
['2019-03-27 14:40:00', 5.83, 5.83, 5.83, 5.83, 705]
['2019-03-27 14:34:00', 5.86, 5.86, 5.86, 5.86, 100]
['2019-03-27 14:30:00', 5.84, 5.84, 5.84, 5.84, 200]
['2019-03-27 14:28:00', 5.84, 5.8399, 5.8399, 5.84, 958]
['2019-03-27 14:11:00', 5.81, 5.81, 5.81, 5.81, 400]
['2019-03-27 14:08:00', 5.8, 5.8, 5.8, 5.8, 500]
['2019-03-27 14:01:00', 5.8, 5.8, 5.8, 5.8, 0]
['2019-03-27 14:00:00', 5.79, 5.79, 5.79, 5.79, 1461]
['2019-03-27 13:57:00', 5.81, 5.81, 5.81, 5.81, 539]
['2019-03-27 13:54:00', 5.81, 5.81, 5.81, 5.81, 230]
['2019-03-27 13:39:00', 5.84, 5.82, 5.82, 5.84, 1225]
['2019-03-27 13:32:00', 5.87, 5.87, 5.87, 5.87, 565]
['2019-03-27 13:26:00', 5.8, 5.82, 5.8, 5.82, 4655]
['2019-03-27 13:22:00', 5.79, 5.79, 5.79, 5.79, 2191]
['2019-03-27 13:19:00', 5.76, 5.76, 5.76, 5.76, 1005]
['2019-03-27 13:15:00', 5.79, 5.79, 5.79, 5.79, 1046]
['2019-03-27 13:14:00', 5.78, 5.78, 5.78, 5.78, 100]
['2019-03-27 13:09:00', 5.765, 5.765, 5.765, 5.765, 101]
['2019-03-27 13:08:00', 5.75, 5.75, 5.75, 5.75, 100]
['2019-03-27 12:55:00', 5.78, 5.78, 5.78, 5.78, 100]
['2019-03-27 12:45:00', 5.77, 5.77, 5.77, 5.77, 321]
['2019-03-27 12:34:00', 5.73, 5.73, 5.73, 5.73, 300]
['2019-03-27 12:30:00', 5.73, 5.73, 5.73, 5.73, 505]
['2019-03-27 12:28:00', 5.73, 5.73, 5.73, 5.73, 607]
['2019-03-27 12:16:00', 5.72, 5.72, 5.72, 5.72, 278]
['2019-03-27 12:06:00', 5.67, 5.67, 5.67, 5.67, 300]
['2019-03-27 11:57:00', 5.64, 5.64, 5.64, 5.64, 204]
['2019-03-27 11:54:00', 5.62, 5.62, 5.62, 5.62, 100]
['2019-03-27 11:53:00', 5.62, 5.62, 5.62, 5.62, 100]
['2019-03-27 11:37:00', 5.57, 5.61, 5.57, 5.61, 2242]
['2019-03-27 11:35:00', 5.56, 5.57, 5.56, 5.57, 4068]
['2019-03-27 11:33:00', 5.575, 5.575, 5.575, 5.575, 100]
['2019-03-27 11:29:00', 5.5624, 5.5624, 5.5624, 5.5624, 309]
['2019-03-27 11:17:00', 5.58, 5.57, 5.57, 5.58, 1595]
['2019-03-27 11:16:00', 5.58, 5.58, 5.58, 5.58, 1095]
['2019-03-27 11:15:00', 5.59, 5.59, 5.59, 5.59, 1010]
['2019-03-27 11:14:00', 5.62, 5.62, 5.62, 5.62, 100]
['2019-03-27 11:10:00', 5.58, 5.58, 5.58, 5.58, 1677]
['2019-03-27 11:08:00', 5.61, 5.61, 5.61, 5.61, 100]
['2019-03-27 10:59:00', 5.595, 5.595, 5.595, 5.595, 1635]
['2019-03-27 10:56:00', 5.58, 5.58, 5.58, 5.58, 100]
['2019-03-27 10:44:00', 5.58, 5.58, 5.58, 5.58, 690]
['2019-03-27 10:41:00', 5.585, 5.585, 5.585, 5.585, 1505]
['2019-03-27 10:38:00', 5.605, 5.605, 5.605, 5.605, 100]
['2019-03-27 10:33:00', 5.62, 5.62, 5.62, 5.62, 100]
['2019-03-27 10:28:00', 5.62, 5.62, 5.62, 5.62, 1084]
['2019-03-27 10:25:00', 5.62, 5.64, 5.62, 5.64, 18184]
['2019-03-27 10:24:00', 5.62, 5.62, 5.62, 5.62, 200]
['2019-03-27 10:16:00', 5.62, 5.62, 5.62, 5.62, 4900]
['2019-03-27 10:14:00', 5.62, 5.62, 5.62, 5.62, 600]
['2019-03-27 10:11:00', 5.61, 5.61, 5.61, 5.61, 100]
['2019-03-27 10:08:00', 5.61, 5.61, 5.61, 5.61, 100]
['2019-03-27 09:59:00', 5.62, 5.62, 5.62, 5.62, 100]
['2019-03-27 09:57:00', 5.64, 5.64, 5.64, 5.64, 231]
['2019-03-27 09:55:00', 5.65, 5.65, 5.65, 5.65, 428]
['2019-03-27 09:54:00', 5.66, 5.66, 5.66, 5.66, 114]
['2019-03-27 09:51:00', 5.67, 5.67, 5.67, 5.67, 321]
['2019-03-27 09:47:00', 5.67, 5.67, 5.67, 5.67, 1660]
['2019-03-27 09:46:00', 5.66, 5.66, 5.66, 5.66, 1198]
['2019-03-27 09:45:00', 5.69, 5.65, 5.65, 5.69, 3621]
['2019-03-27 09:42:00', 5.73, 5.73, 5.73, 5.73, 358]
['2019-03-27 09:40:00', 5.73, 5.73, 5.73, 5.73, 209]
['2019-03-27 09:39:00', 5.7, 5.7, 5.7, 5.7, 1186]
['2019-03-27 09:38:00', 5.67, 5.67, 5.67, 5.67, 619]
['2019-03-27 09:31:00', 5.65, 5.65, 5.65, 5.65, 1288]
['2019-03-26 16:00:00', 5.69, 5.69, 5.69, 5.69, 1256]
['2019-03-26 15:58:00', 5.69, 5.69, 5.69, 5.69, 1441]
['2019-03-26 15:57:00', 5.685, 5.685, 5.685, 5.685, 650]
['2019-03-26 15:56:00', 5.69, 5.69, 5.69, 5.69, 631]
['2019-03-26 15:55:00', 5.69, 5.69, 5.69, 5.69, 505]
['2019-03-26 15:54:00', 5.68, 5.68, 5.68, 5.68, 856]
['2019-03-26 15:53:00', 5.67, 5.67, 5.67, 5.67, 1230]
['2019-03-26 15:51:00', 5.65, 5.66, 5.65, 5.66, 2844]
['2019-03-26 15:50:00', 5.64, 5.64, 5.64, 5.64, 416]
['2019-03-26 15:49:00', 5.64, 5.64, 5.64, 5.64, 600]
['2019-03-26 15:48:00', 5.64, 5.64, 5.64, 5.64, 772]
['2019-03-26 15:47:00', 5.64, 5.64, 5.64, 5.64, 767]
['2019-03-26 15:46:00', 5.61, 5.61, 5.61, 5.61, 437]
['2019-03-26 15:44:00', 5.62, 5.62, 5.62, 5.62, 1331]
['2019-03-26 15:43:00', 5.64, 5.64, 5.64, 5.64, 600]
['2019-03-26 15:42:00', 5.62, 5.62, 5.62, 5.62, 693]
['2019-03-26 15:40:00', 5.61, 5.61, 5.61, 5.61, 902]
['2019-03-26 15:38:00', 5.61, 5.61, 5.61, 5.61, 1529]
['2019-03-26 15:37:00', 5.6, 5.6, 5.6, 5.6, 510]
['2019-03-26 15:36:00', 5.61, 5.61, 5.61, 5.61, 1000]
['2019-03-26 15:35:00', 5.61, 5.61, 5.61, 5.61, 1200]
['2019-03-26 15:34:00', 5.62, 5.62, 5.62, 5.62, 1200]
['2019-03-26 15:33:00', 5.62, 5.62, 5.62, 5.62, 670]
['2019-03-26 15:30:00', 5.58, 5.58, 5.58, 5.58, 638]
['2019-03-26 15:28:00', 5.56, 5.56, 5.56, 5.56, 894]
['2019-03-26 15:27:00', 5.56, 5.56, 5.56, 5.56, 792]
['2019-03-26 15:25:00', 5.54, 5.52, 5.52, 5.54, 2004]
['2019-03-26 15:23:00', 5.53, 5.53, 5.53, 5.53, 740]
['2019-03-26 15:19:00', 5.51, 5.51, 5.51, 5.51, 301]
['2019-03-26 15:17:00', 5.5, 5.505, 5.5, 5.505, 872]
['2019-03-26 15:15:00', 5.5, 5.5, 5.5, 5.5, 396]
['2019-03-26 15:13:00', 5.49, 5.49, 5.49, 5.49, 418]
['2019-03-26 15:10:00', 5.485, 5.485, 5.485, 5.485, 300]
['2019-03-26 15:03:00', 5.43, 5.45, 5.43, 5.45, 1172]
['2019-03-26 15:00:00', 5.43, 5.43, 5.43, 5.43, 400]
['2019-03-26 14:59:00', 5.43, 5.43, 5.43, 5.43, 200]
['2019-03-26 14:58:00', 5.43, 5.43, 5.43, 5.43, 100]
['2019-03-26 14:52:00', 5.4, 5.41, 5.4, 5.41, 4034]
['2019-03-26 14:50:00', 5.43, 5.43, 5.43, 5.43, 355]
['2019-03-26 14:46:00', 5.43, 5.43, 5.43, 5.43, 100]
['2019-03-26 14:42:00', 5.43, 5.43, 5.43, 5.43, 200]
['2019-03-26 14:33:00', 5.45, 5.45, 5.45, 5.45, 195]
['2019-03-26 14:30:00', 5.455, 5.455, 5.455, 5.455, 132]
['2019-03-26 14:26:00', 5.4425, 5.45, 5.4425, 5.45, 610]
['2019-03-26 14:25:00', 5.42, 5.42, 5.42, 5.42, 700]
['2019-03-26 14:24:00', 5.42, 5.42, 5.42, 5.42, 1098]
['2019-03-26 14:23:00', 5.42, 5.42, 5.42, 5.42, 500]
['2019-03-26 14:21:00', 5.44, 5.44, 5.44, 5.44, 698]
['2019-03-26 14:20:00', 5.44, 5.44, 5.44, 5.44, 2274]
['2019-03-26 14:19:00', 5.45, 5.46, 5.45, 5.46, 5113]
['2019-03-26 14:15:00', 5.44, 5.44, 5.44, 5.44, 1440]
['2019-03-26 14:14:00', 5.42, 5.42, 5.42, 5.42, 700]
['2019-03-26 14:11:00', 5.45, 5.44, 5.44, 5.45, 1161]
['2019-03-26 14:10:00', 5.48, 5.46, 5.46, 5.48, 9200]
['2019-03-26 14:08:00', 5.48, 5.48, 5.48, 5.48, 100]
['2019-03-26 14:06:00', 5.47, 5.48, 5.47, 5.48, 5299]
['2019-03-26 14:05:00', 5.48, 5.48, 5.48, 5.48, 967]
['2019-03-26 14:03:00', 5.49, 5.49, 5.49, 5.49, 920]
['2019-03-26 14:02:00', 5.5, 5.49, 5.49, 5.5, 2500]
['2019-03-26 14:00:00', 5.5, 5.5, 5.5, 5.5, 100]
['2019-03-26 13:57:00', 5.505, 5.505, 5.505, 5.505, 100]
['2019-03-26 13:50:00', 5.5, 5.505, 5.5, 5.505, 200]
['2019-03-26 13:47:00', 5.5, 5.5, 5.5, 5.5, 100]
['2019-03-26 13:45:00', 5.5, 5.5, 5.5, 5.5, 100]
['2019-03-26 13:41:00', 5.5, 5.5, 5.5, 5.5, 100]
['2019-03-26 13:37:00', 5.5194, 5.5194, 5.5194, 5.5194, 300]
['2019-03-26 13:35:00', 5.5, 5.5, 5.5, 5.5, 100]
['2019-03-26 13:34:00', 5.52, 5.52, 5.52, 5.52, 100]
['2019-03-26 13:26:00', 5.505, 5.505, 5.505, 5.505, 100]
['2019-03-26 13:25:00', 5.49, 5.49, 5.49, 5.49, 1000]
['2019-03-26 13:22:00', 5.5, 5.5, 5.5, 5.5, 200]
['2019-03-26 13:16:00', 5.505, 5.505, 5.505, 5.505, 114]
['2019-03-26 13:08:00', 5.52, 5.52, 5.52, 5.52, 317]
['2019-03-26 13:03:00', 5.485, 5.5, 5.485, 5.5, 1820]
['2019-03-26 13:02:00', 5.5, 5.5, 5.5, 5.5, 2900]
['2019-03-26 12:56:00', 5.52, 5.52, 5.52, 5.52, 710]
['2019-03-26 12:52:00', 5.5, 5.5, 5.5, 5.5, 686]
['2019-03-26 12:51:00', 5.51, 5.51, 5.51, 5.51, 200]
['2019-03-26 12:49:00', 5.5, 5.5, 5.5, 5.5, 106]
['2019-03-26 12:46:00', 5.5, 5.5, 5.5, 5.5, 200]
['2019-03-26 12:44:00', 5.5, 5.5, 5.5, 5.5, 800]
['2019-03-26 12:41:00', 5.5, 5.5, 5.5, 5.5, 100]
['2019-03-26 12:33:00', 5.5, 5.5, 5.5, 5.5, 673]
['2019-03-26 12:31:00', 5.49, 5.49, 5.49, 5.49, 7111]
['2019-03-26 12:29:00', 5.51, 5.51, 5.51, 5.51, 103]
['2019-03-26 12:27:00', 5.53, 5.53, 5.53, 5.53, 100]
['2019-03-26 12:24:00', 5.51, 5.51, 5.51, 5.51, 213]
['2019-03-26 12:22:00', 5.52, 5.52, 5.52, 5.52, 887]
['2019-03-26 12:20:00', 5.52, 5.52, 5.52, 5.52, 100]
['2019-03-26 12:19:00', 5.52, 5.52, 5.52, 5.52, 300]
['2019-03-26 12:16:00', 5.52, 5.52, 5.52, 5.52, 447]
['2019-03-26 12:11:00', 5.53, 5.53, 5.53, 5.53, 576]
['2019-03-26 12:01:00', 5.54, 5.54, 5.54, 5.54, 1163]
['2019-03-26 11:56:00', 5.51, 5.51, 5.51, 5.51, 100]
['2019-03-26 11:52:00', 5.54, 5.54, 5.54, 5.54, 300]
['2019-03-26 11:51:00', 5.53, 5.53, 5.53, 5.53, 100]
['2019-03-26 11:49:00', 5.51, 5.51, 5.51, 5.51, 100]
['2019-03-26 11:48:00', 5.51, 5.51, 5.51, 5.51, 100]
['2019-03-26 11:36:00', 5.54, 5.54, 5.54, 5.54, 409]
['2019-03-26 11:33:00', 5.54, 5.54, 5.54, 5.54, 300]
['2019-03-26 11:31:00', 5.5344, 5.55, 5.5344, 5.56, 6440]
['2019-03-26 11:27:00', 5.53, 5.53, 5.53, 5.53, 200]
['2019-03-26 11:26:00', 5.54, 5.54, 5.54, 5.54, 100]
['2019-03-26 11:23:00', 5.5332, 5.52, 5.52, 5.5332, 1605]
['2019-03-26 11:15:00', 5.52, 5.52, 5.52, 5.52, 101]
['2019-03-26 11:12:00', 5.52, 5.52, 5.52, 5.52, 101]
['2019-03-26 11:11:00', 5.53, 5.53, 5.53, 5.53, 200]
['2019-03-26 11:07:00', 5.54, 5.54, 5.54, 5.54, 701]
['2019-03-26 11:00:00', 5.55, 5.55, 5.55, 5.55, 1286]
['2019-03-26 10:59:00', 5.58, 5.58, 5.58, 5.58, 501]
['2019-03-26 10:56:00', 5.6, 5.6, 5.6, 5.6, 300]
['2019-03-26 10:55:00', 5.61, 5.61, 5.61, 5.61, 2832]
['2019-03-26 10:51:00', 5.6, 5.6, 5.6, 5.6, 805]
['2019-03-26 10:44:00', 5.58, 5.58, 5.58, 5.58, 134]
['2019-03-26 10:43:00', 5.58, 5.58, 5.58, 5.58, 2160]
['2019-03-26 10:42:00', 5.56, 5.56, 5.56, 5.56, 603]
['2019-03-26 10:41:00', 5.55, 5.55, 5.55, 5.55, 472]
['2019-03-26 10:39:00', 5.54, 5.54, 5.54, 5.54, 1370]
['2019-03-26 10:37:00', 5.5368, 5.5368, 5.5368, 5.5368, 476]
['2019-03-26 10:34:00', 5.524, 5.524, 5.524, 5.524, 509]
['2019-03-26 10:33:00', 5.54, 5.54, 5.54, 5.54, 298]
['2019-03-26 10:29:00', 5.54, 5.54, 5.54, 5.54, 140]
['2019-03-26 10:28:00', 5.54, 5.54, 5.54, 5.54, 600]
['2019-03-26 10:25:00', 5.53, 5.53, 5.53, 5.53, 2292]
['2019-03-26 10:24:00', 5.5, 5.5, 5.5, 5.5, 1500]
['2019-03-26 10:23:00', 5.48, 5.48, 5.48, 5.48, 2760]
['2019-03-26 10:22:00', 5.475, 5.475, 5.475, 5.475, 401]
['2019-03-26 10:21:00', 5.46, 5.46, 5.46, 5.46, 2597]
['2019-03-26 10:16:00', 5.48, 5.48, 5.48, 5.48, 210]
['2019-03-26 10:02:00', 5.54, 5.54, 5.54, 5.54, 816]
['2019-03-26 10:01:00', 5.54, 5.54, 5.54, 5.54, 329]
['2019-03-26 10:00:00', 5.531, 5.531, 5.531, 5.531, 1770]
['2019-03-26 09:56:00', 5.53, 5.53, 5.53, 5.53, 130]
['2019-03-26 09:53:00', 5.55, 5.55, 5.55, 5.55, 100]
['2019-03-26 09:52:00', 5.56, 5.56, 5.56, 5.56, 200]
['2019-03-26 09:50:00', 5.61, 5.61, 5.61, 5.61, 3800]
['2019-03-26 09:47:00', 5.64, 5.67, 5.64, 5.67, 2840]
['2019-03-26 09:42:00', 5.62, 5.64, 5.62, 5.64, 2993]
['2019-03-26 09:39:00', 5.61, 5.6, 5.6, 5.61, 2200]
['2019-03-26 09:38:00', 5.66, 5.66, 5.66, 5.66, 3707]
['2019-03-26 09:37:00', 5.6, 5.6, 5.6, 5.6, 500]
['2019-03-26 09:35:00', 5.63, 5.63, 5.63, 5.63, 2603]
['2019-03-25 16:00:00', 5.62, 5.62, 5.62, 5.62, 1088]
['2019-03-25 15:59:00', 5.6, 5.6, 5.6, 5.6, 823]
['2019-03-25 15:57:00', 5.62, 5.62, 5.62, 5.62, 1294]
['2019-03-25 15:56:00', 5.6, 5.6, 5.6, 5.6, 500]
['2019-03-25 15:55:00', 5.6, 5.6, 5.6, 5.6, 500]
['2019-03-25 15:52:00', 5.62, 5.62, 5.62, 5.62, 100]
['2019-03-25 15:50:00', 5.62, 5.62, 5.62, 5.62, 357]
['2019-03-25 15:46:00', 5.62, 5.62, 5.62, 5.62, 200]
['2019-03-25 15:44:00', 5.6, 5.6, 5.6, 5.6, 100]
['2019-03-25 15:42:00', 5.6, 5.6, 5.6, 5.6, 600]
['2019-03-25 15:40:00', 5.58, 5.58, 5.58, 5.58, 300]
['2019-03-25 15:38:00', 5.58, 5.58, 5.58, 5.58, 805]
['2019-03-25 15:37:00', 5.55, 5.55, 5.55, 5.55, 100]
['2019-03-25 15:27:00', 5.53, 5.53, 5.53, 5.53, 200]
['2019-03-25 15:26:00', 5.53, 5.53, 5.53, 5.53, 1100]
['2019-03-25 15:25:00', 5.5, 5.5, 5.5, 5.5, 1298]
['2019-03-25 15:24:00', 5.48, 5.48, 5.48, 5.48, 2700]
['2019-03-25 15:23:00', 5.48, 5.48, 5.48, 5.48, 1901]
['2019-03-25 15:22:00', 5.48, 5.48, 5.48, 5.48, 300]
['2019-03-25 15:18:00', 5.49, 5.49, 5.49, 5.49, 1107]
['2019-03-25 15:17:00', 5.49, 5.48, 5.48, 5.49, 2658]
['2019-03-25 15:16:00', 5.485, 5.485, 5.485, 5.485, 110]
['2019-03-25 15:15:00', 5.47, 5.47, 5.47, 5.47, 100]
['2019-03-25 15:13:00', 5.4825, 5.4825, 5.4825, 5.4825, 500]
['2019-03-25 15:10:00', 5.47, 5.47, 5.47, 5.47, 200]
['2019-03-25 15:08:00', 5.4825, 5.4825, 5.4825, 5.4825, 100]
['2019-03-25 15:05:00', 5.47, 5.47, 5.47, 5.47, 100]
['2019-03-25 15:00:00', 5.47, 5.47, 5.47, 5.47, 100]
['2019-03-25 14:57:00', 5.4825, 5.4825, 5.4825, 5.4825, 100]
['2019-03-25 14:55:00', 5.47, 5.47, 5.47, 5.47, 100]
['2019-03-25 14:50:00', 5.4825, 5.4825, 5.4825, 5.4825, 202]
['2019-03-25 14:43:00', 5.49, 5.49, 5.49, 5.49, 702]
['2019-03-25 14:42:00', 5.5, 5.5, 5.5, 5.5, 1877]
['2019-03-25 14:41:00', 5.49, 5.49, 5.49, 5.49, 1605]
['2019-03-25 14:39:00', 5.49, 5.49, 5.49, 5.49, 718]
['2019-03-25 14:38:00', 5.4925, 5.4925, 5.4925, 5.4925, 100]
['2019-03-25 14:36:00', 5.4925, 5.4925, 5.4925, 5.4925, 200]
['2019-03-25 14:34:00', 5.495, 5.495, 5.495, 5.495, 200]
['2019-03-25 14:29:00', 5.4925, 5.4925, 5.4925, 5.4925, 1000]
['2019-03-25 14:28:00', 5.49, 5.49, 5.49, 5.49, 1300]
['2019-03-25 14:25:00', 5.495, 5.495, 5.495, 5.495, 218]
['2019-03-25 14:24:00', 5.48, 5.48, 5.48, 5.48, 2073]
['2019-03-25 14:22:00', 5.48, 5.499, 5.48, 5.499, 3000]
['2019-03-25 14:21:00', 5.47, 5.46, 5.46, 5.47, 4860]
['2019-03-25 14:20:00', 5.46, 5.46, 5.46, 5.46, 2400]
['2019-03-25 14:19:00', 5.46, 5.465, 5.46, 5.465, 4800]
['2019-03-25 14:17:00', 5.49, 5.49, 5.49, 5.49, 300]
['2019-03-25 14:13:00', 5.4693, 5.4693, 5.4693, 5.4693, 185]
['2019-03-25 14:08:00', 5.46, 5.46, 5.46, 5.46, 100]
['2019-03-25 14:07:00', 5.475, 5.475, 5.475, 5.475, 100]
['2019-03-25 14:02:00', 5.46, 5.46, 5.46, 5.46, 100]
['2019-03-25 13:57:00', 5.46, 5.46, 5.46, 5.46, 100]
['2019-03-25 13:51:00', 5.47, 5.47, 5.47, 5.47, 752]
['2019-03-25 13:39:00', 5.49, 5.49, 5.49, 5.49, 1659]
['2019-03-25 13:37:00', 5.49, 5.49, 5.49, 5.49, 100]
['2019-03-25 13:35:00', 5.46, 5.46, 5.46, 5.46, 100]
['2019-03-25 13:33:00', 5.46, 5.46, 5.46, 5.46, 100]
['2019-03-25 13:29:00', 5.47, 5.47, 5.47, 5.47, 100]
['2019-03-25 13:27:00', 5.47, 5.47, 5.47, 5.47, 300]
['2019-03-25 13:25:00', 5.48, 5.48, 5.48, 5.48, 200]
['2019-03-25 13:21:00', 5.47, 5.47, 5.47, 5.47, 100]
['2019-03-25 13:16:00', 5.48, 5.48, 5.48, 5.48, 233]
['2019-03-25 13:14:00', 5.48, 5.48, 5.48, 5.48, 885]
['2019-03-25 13:08:00', 5.47, 5.47, 5.47, 5.47, 100]
['2019-03-25 13:05:00', 5.485, 5.485, 5.485, 5.485, 100]
['2019-03-25 13:03:00', 5.5, 5.5, 5.5, 5.5, 500]
['2019-03-25 13:01:00', 5.51, 5.51, 5.51, 5.51, 500]
['2019-03-25 13:00:00', 5.51, 5.51, 5.51, 5.51, 400]
['2019-03-25 12:56:00', 5.49, 5.49, 5.49, 5.49, 100]
['2019-03-25 12:51:00', 5.5, 5.48, 5.48, 5.5, 1195]
['2019-03-25 12:46:00', 5.48, 5.46, 5.46, 5.48, 8006]
['2019-03-25 12:44:00', 5.47, 5.47, 5.47, 5.47, 400]
['2019-03-25 12:41:00', 5.47, 5.47, 5.47, 5.47, 100]
['2019-03-25 12:38:00', 5.49, 5.48, 5.48, 5.49, 1470]
['2019-03-25 12:32:00', 5.49, 5.49, 5.49, 5.49, 100]
['2019-03-25 12:30:00', 5.5, 5.5, 5.5, 5.5, 200]
['2019-03-25 12:27:00', 5.49, 5.49, 5.49, 5.49, 100]
['2019-03-25 12:21:00', 5.49, 5.49, 5.49, 5.49, 300]
['2019-03-25 12:20:00', 5.51, 5.51, 5.51, 5.51, 100]
['2019-03-25 12:15:00', 5.48, 5.48, 5.48, 5.48, 100]
['2019-03-25 12:06:00', 5.5025, 5.5025, 5.5025, 5.5025, 963]
['2019-03-25 12:04:00', 5.48, 5.47, 5.47, 5.48, 2166]
['2019-03-25 11:59:00', 5.47, 5.47, 5.47, 5.47, 300]
['2019-03-25 11:47:00', 5.47, 5.46, 5.46, 5.47, 1791]
['2019-03-25 11:46:00', 5.49, 5.49, 5.49, 5.49, 300]
['2019-03-25 11:44:00', 5.49, 5.49, 5.49, 5.49, 1300]
['2019-03-25 11:43:00', 5.48, 5.48, 5.48, 5.48, 200]
['2019-03-25 11:41:00', 5.49, 5.49, 5.49, 5.49, 500]
['2019-03-25 11:36:00', 5.48, 5.48, 5.48, 5.48, 802]
['2019-03-25 11:33:00', 5.51, 5.51, 5.51, 5.51, 507]
['2019-03-25 11:30:00', 5.5, 5.5, 5.5, 5.5, 1687]
['2019-03-25 11:29:00', 5.5, 5.5, 5.5, 5.5, 600]
['2019-03-25 11:24:00', 5.48, 5.48, 5.48, 5.48, 800]
['2019-03-25 11:23:00', 5.46, 5.46, 5.46, 5.46, 504]
['2019-03-25 11:21:00', 5.43, 5.44, 5.43, 5.44, 1213]
['2019-03-25 11:20:00', 5.42, 5.42, 5.42, 5.42, 200]
['2019-03-25 11:18:00', 5.44, 5.44, 5.44, 5.44, 200]
['2019-03-25 11:16:00', 5.43, 5.43, 5.43, 5.43, 500]
['2019-03-25 11:15:00', 5.44, 5.44, 5.44, 5.44, 760]
['2019-03-25 11:11:00', 5.42, 5.42, 5.42, 5.42, 911]
['2019-03-25 11:09:00', 5.45, 5.45, 5.45, 5.45, 800]
['2019-03-25 11:08:00', 5.45, 5.45, 5.45, 5.45, 3100]
['2019-03-25 11:07:00', 5.44, 5.44, 5.44, 5.44, 400]
['2019-03-25 11:06:00', 5.45, 5.45, 5.45, 5.45, 700]
['2019-03-25 11:04:00', 5.455, 5.455, 5.455, 5.455, 300]
['2019-03-25 10:57:00', 5.44, 5.44, 5.44, 5.44, 100]
['2019-03-25 10:56:00', 5.44, 5.44, 5.44, 5.44, 400]
['2019-03-25 10:53:00', 5.44, 5.44, 5.44, 5.44, 900]
['2019-03-25 10:51:00', 5.43, 5.43, 5.43, 5.43, 2080]
['2019-03-25 10:49:00', 5.42, 5.42, 5.42, 5.42, 500]
['2019-03-25 10:48:00', 5.44, 5.44, 5.44, 5.44, 200]
['2019-03-25 10:46:00', 5.43, 5.43, 5.43, 5.43, 2527]
['2019-03-25 10:45:00', 5.45, 5.45, 5.45, 5.45, 500]
['2019-03-25 10:38:00', 5.465, 5.465, 5.465, 5.465, 600]
['2019-03-25 10:36:00', 5.48, 5.46, 5.46, 5.48, 3815]
['2019-03-25 10:34:00', 5.48, 5.48, 5.48, 5.48, 606]
['2019-03-25 10:32:00', 5.47, 5.47, 5.47, 5.47, 100]
['2019-03-25 10:28:00', 5.48, 5.48, 5.48, 5.48, 327]
['2019-03-25 10:27:00', 5.49, 5.49, 5.49, 5.49, 806]
['2019-03-25 10:22:00', 5.45, 5.45, 5.45, 5.45, 160]
['2019-03-25 10:20:00', 5.43, 5.43, 5.43, 5.43, 1300]
['2019-03-25 10:19:00', 5.45, 5.45, 5.45, 5.45, 300]
['2019-03-25 10:16:00', 5.455, 5.455, 5.455, 5.455, 200]
['2019-03-25 10:15:00', 5.46, 5.46, 5.46, 5.46, 3400]
['2019-03-25 10:09:00', 5.48, 5.5, 5.48, 5.5, 1893]
['2019-03-25 10:05:00', 5.46, 5.46, 5.46, 5.46, 434]
['2019-03-25 10:04:00', 5.48, 5.48, 5.48, 5.48, 100]
['2019-03-25 09:57:00', 5.5, 5.5, 5.5, 5.5, 240]
['2019-03-25 09:51:00', 5.5, 5.5, 5.5, 5.5, 814]
['2019-03-25 09:48:00', 5.435, 5.435, 5.435, 5.435, 400]
['2019-03-25 09:45:00', 5.45, 5.45, 5.45, 5.45, 100]
['2019-03-25 09:42:00', 5.4766, 5.4766, 5.4766, 5.4766, 608]
['2019-03-25 09:38:00', 5.44, 5.44, 5.44, 5.44, 111]
['2019-03-25 09:35:00', 5.5, 5.51, 5.5, 5.51, 0]
