APLS
['2019-03-29 16:00:00', 19.51, 19.47, 19.47, 19.51, 2960]
['2019-03-29 15:59:00', 19.53, 19.51, 19.51, 19.53, 3002]
['2019-03-29 15:58:00', 19.52, 19.52, 19.515, 19.53, 5427]
['2019-03-29 15:57:00', 19.53, 19.52, 19.52, 19.53, 2504]
['2019-03-29 15:56:00', 19.54, 19.52, 19.51, 19.54, 10181]
['2019-03-29 15:55:00', 19.46, 19.46, 19.46, 19.46, 723]
['2019-03-29 15:54:00', 19.38, 19.38, 19.38, 19.38, 400]
['2019-03-29 15:53:00', 19.44, 19.44, 19.44, 19.44, 532]
['2019-03-29 15:51:00', 19.39, 19.415, 19.39, 19.415, 1498]
['2019-03-29 15:50:00', 19.39, 19.39, 19.39, 19.39, 300]
['2019-03-29 15:49:00', 19.39, 19.39, 19.39, 19.39, 967]
['2019-03-29 15:48:00', 19.425, 19.425, 19.425, 19.425, 605]
['2019-03-29 15:47:00', 19.41, 19.41, 19.41, 19.41, 1069]
['2019-03-29 15:45:00', 19.42, 19.42, 19.42, 19.42, 1472]
['2019-03-29 15:44:00', 19.34, 19.34, 19.34, 19.34, 1188]
['2019-03-29 15:43:00', 19.35, 19.35, 19.35, 19.35, 725]
['2019-03-29 15:41:00', 19.28, 19.26, 19.26, 19.28, 1438]
['2019-03-29 15:39:00', 19.25, 19.28, 19.25, 19.28, 938]
['2019-03-29 15:37:00', 19.25, 19.25, 19.25, 19.25, 400]
['2019-03-29 15:35:00', 19.22, 19.24, 19.22, 19.24, 3861]
['2019-03-29 15:33:00', 19.27, 19.24, 19.24, 19.27, 953]
['2019-03-29 15:31:00', 19.34, 19.27, 19.27, 19.34, 521]
['2019-03-29 15:29:00', 19.34, 19.34, 19.34, 19.34, 404]
['2019-03-29 15:27:00', 19.32, 19.36, 19.32, 19.36, 832]
['2019-03-29 15:26:00', 19.295, 19.295, 19.295, 19.295, 333]
['2019-03-29 15:25:00', 19.26, 19.26, 19.26, 19.26, 5705]
['2019-03-29 15:24:00', 19.33, 19.33, 19.33, 19.33, 830]
['2019-03-29 15:22:00', 19.39, 19.39, 19.39, 19.39, 333]
['2019-03-29 15:21:00', 19.36, 19.36, 19.36, 19.36, 426]
['2019-03-29 15:19:00', 19.41, 19.42, 19.41, 19.42, 537]
['2019-03-29 15:17:00', 19.43, 19.435, 19.43, 19.435, 1223]
['2019-03-29 15:16:00', 19.39, 19.39, 19.39, 19.39, 1000]
['2019-03-29 15:15:00', 19.4, 19.4, 19.4, 19.4, 530]
['2019-03-29 15:14:00', 19.4, 19.4, 19.4, 19.4, 233]
['2019-03-29 15:13:00', 19.41, 19.41, 19.41, 19.41, 300]
['2019-03-29 15:10:00', 19.47, 19.47, 19.47, 19.47, 133]
['2019-03-29 15:09:00', 19.45, 19.45, 19.45, 19.45, 500]
['2019-03-29 15:08:00', 19.44, 19.44, 19.44, 19.44, 864]
['2019-03-29 15:05:00', 19.47, 19.4589, 19.4589, 19.47, 1309]
['2019-03-29 15:02:00', 19.43, 19.43, 19.43, 19.43, 502]
['2019-03-29 14:58:00', 19.44, 19.44, 19.44, 19.44, 530]
['2019-03-29 14:55:00', 19.465, 19.465, 19.465, 19.465, 333]
['2019-03-29 14:53:00', 19.455, 19.455, 19.455, 19.455, 1202]
['2019-03-29 14:51:00', 19.43, 19.43, 19.43, 19.43, 210]
['2019-03-29 14:48:00', 19.455, 19.455, 19.455, 19.455, 133]
['2019-03-29 14:47:00', 19.46, 19.46, 19.46, 19.46, 689]
['2019-03-29 14:46:00', 19.44, 19.44, 19.44, 19.44, 200]
['2019-03-29 14:44:00', 19.44, 19.44, 19.44, 19.44, 233]
['2019-03-29 14:42:00', 19.42, 19.42, 19.42, 19.42, 402]
['2019-03-29 14:39:00', 19.5, 19.5, 19.5, 19.5, 150]
['2019-03-29 14:37:00', 19.42, 19.47, 19.42, 19.47, 682]
['2019-03-29 14:36:00', 19.48, 19.48, 19.48, 19.48, 892]
['2019-03-29 14:34:00', 19.44, 19.44, 19.44, 19.44, 170]
['2019-03-29 14:33:00', 19.44, 19.44, 19.44, 19.44, 442]
['2019-03-29 14:31:00', 19.475, 19.49, 19.475, 19.49, 1338]
['2019-03-29 14:29:00', 19.48, 19.48, 19.48, 19.48, 568]
['2019-03-29 14:27:00', 19.505, 19.505, 19.505, 19.505, 437]
['2019-03-29 14:24:00', 19.48, 19.48, 19.48, 19.48, 567]
['2019-03-29 14:23:00', 19.48, 19.48, 19.48, 19.48, 233]
['2019-03-29 14:22:00', 19.47, 19.47, 19.47, 19.47, 300]
['2019-03-29 14:19:00', 19.46, 19.46, 19.46, 19.46, 101]
['2019-03-29 14:18:00', 19.51, 19.51, 19.51, 19.51, 238]
['2019-03-29 14:15:00', 19.53, 19.53, 19.53, 19.53, 105]
['2019-03-29 14:14:00', 19.52, 19.52, 19.52, 19.52, 100]
['2019-03-29 14:12:00', 19.52, 19.52, 19.52, 19.52, 232]
['2019-03-29 14:11:00', 19.52, 19.52, 19.52, 19.52, 626]
['2019-03-29 14:10:00', 19.54, 19.54, 19.54, 19.54, 400]
['2019-03-29 14:08:00', 19.57, 19.53, 19.53, 19.57, 804]
['2019-03-29 14:07:00', 19.47, 19.47, 19.47, 19.47, 200]
['2019-03-29 14:04:00', 19.51, 19.51, 19.51, 19.51, 100]
['2019-03-29 14:03:00', 19.52, 19.52, 19.52, 19.52, 132]
['2019-03-29 14:02:00', 19.49, 19.49, 19.49, 19.49, 100]
['2019-03-29 14:01:00', 19.47, 19.47, 19.47, 19.47, 133]
['2019-03-29 13:58:00', 19.5, 19.5, 19.5, 19.5, 746]
['2019-03-29 13:53:00', 19.545, 19.545, 19.545, 19.545, 285]
['2019-03-29 13:52:00', 19.5, 19.5, 19.5, 19.5, 100]
['2019-03-29 13:48:00', 19.5, 19.5, 19.5, 19.5, 1342]
['2019-03-29 13:47:00', 19.525, 19.525, 19.525, 19.525, 200]
['2019-03-29 13:46:00', 19.53, 19.53, 19.53, 19.53, 733]
['2019-03-29 13:44:00', 19.545, 19.545, 19.545, 19.545, 1021]
['2019-03-29 13:43:00', 19.56, 19.58, 19.56, 19.58, 964]
['2019-03-29 13:42:00', 19.55, 19.54, 19.54, 19.55, 1959]
['2019-03-29 13:41:00', 19.55, 19.55, 19.55, 19.55, 700]
['2019-03-29 13:40:00', 19.52, 19.52, 19.52, 19.52, 556]
['2019-03-29 13:39:00', 19.49, 19.49, 19.49, 19.49, 167]
['2019-03-29 13:37:00', 19.4695, 19.4695, 19.4695, 19.4695, 690]
['2019-03-29 13:28:00', 19.44, 19.44, 19.44, 19.44, 293]
['2019-03-29 13:27:00', 19.5, 19.5, 19.5, 19.5, 200]
['2019-03-29 13:21:00', 19.46, 19.46, 19.46, 19.46, 832]
['2019-03-29 13:19:00', 19.46, 19.46, 19.46, 19.46, 233]
['2019-03-29 13:17:00', 19.53, 19.515, 19.515, 19.53, 1421]
['2019-03-29 13:15:00', 19.545, 19.53, 19.53, 19.545, 1352]
['2019-03-29 13:12:00', 19.5, 19.51, 19.5, 19.51, 506]
['2019-03-29 13:11:00', 19.47, 19.47, 19.47, 19.47, 808]
['2019-03-29 13:10:00', 19.47, 19.47, 19.47, 19.47, 140]
['2019-03-29 13:05:00', 19.435, 19.435, 19.435, 19.435, 232]
['2019-03-29 13:04:00', 19.46, 19.46, 19.46, 19.46, 413]
['2019-03-29 13:03:00', 19.41, 19.41, 19.41, 19.41, 447]
['2019-03-29 12:57:00', 19.42, 19.42, 19.42, 19.42, 269]
['2019-03-29 12:54:00', 19.41, 19.41, 19.41, 19.41, 133]
['2019-03-29 12:51:00', 19.42, 19.42, 19.42, 19.42, 510]
['2019-03-29 12:50:00', 19.47, 19.47, 19.47, 19.47, 1100]
['2019-03-29 12:49:00', 19.46, 19.46, 19.46, 19.46, 600]
['2019-03-29 12:48:00', 19.46, 19.4389, 19.4389, 19.46, 1053]
['2019-03-29 12:45:00', 19.43, 19.43, 19.43, 19.43, 100]
['2019-03-29 12:44:00', 19.4, 19.4, 19.4, 19.4, 332]
['2019-03-29 12:39:00', 19.43, 19.43, 19.43, 19.43, 538]
['2019-03-29 12:38:00', 19.485, 19.485, 19.485, 19.485, 714]
['2019-03-29 12:37:00', 19.45, 19.45, 19.45, 19.45, 200]
['2019-03-29 12:35:00', 19.37, 19.37, 19.37, 19.37, 1528]
['2019-03-29 12:33:00', 19.4365, 19.4365, 19.4365, 19.4365, 132]
['2019-03-29 12:32:00', 19.35, 19.35, 19.35, 19.35, 300]
['2019-03-29 12:30:00', 19.39, 19.39, 19.39, 19.39, 700]
['2019-03-29 12:26:00', 19.41, 19.41, 19.41, 19.41, 182]
['2019-03-29 12:23:00', 19.45, 19.45, 19.45, 19.45, 434]
['2019-03-29 12:21:00', 19.4, 19.4, 19.4, 19.4, 639]
['2019-03-29 12:20:00', 19.38, 19.38, 19.38, 19.38, 900]
['2019-03-29 12:15:00', 19.39, 19.39, 19.39, 19.39, 332]
['2019-03-29 12:14:00', 19.47, 19.47, 19.47, 19.47, 133]
['2019-03-29 12:12:00', 19.39, 19.39, 19.39, 19.39, 1132]
['2019-03-29 12:08:00', 19.41, 19.41, 19.41, 19.41, 776]
['2019-03-29 12:06:00', 19.43, 19.43, 19.43, 19.43, 300]
['2019-03-29 12:04:00', 19.461, 19.461, 19.461, 19.461, 583]
['2019-03-29 12:01:00', 19.51, 19.51, 19.51, 19.51, 200]
['2019-03-29 11:59:00', 19.5, 19.5, 19.5, 19.5, 133]
['2019-03-29 11:52:00', 19.465, 19.465, 19.465, 19.465, 609]
['2019-03-29 11:51:00', 19.53, 19.53, 19.53, 19.53, 100]
['2019-03-29 11:47:00', 19.52, 19.445, 19.445, 19.52, 738]
['2019-03-29 11:45:00', 19.55, 19.55, 19.55, 19.55, 1132]
['2019-03-29 11:41:00', 19.58, 19.6, 19.58, 19.6, 5971]
['2019-03-29 11:37:00', 19.57, 19.57, 19.57, 19.57, 289]
['2019-03-29 11:30:00', 19.515, 19.555, 19.515, 19.555, 879]
['2019-03-29 11:28:00', 19.56, 19.56, 19.56, 19.56, 512]
['2019-03-29 11:27:00', 19.55, 19.55, 19.55, 19.55, 109]
['2019-03-29 11:26:00', 19.525, 19.525, 19.525, 19.525, 2104]
['2019-03-29 11:25:00', 19.38, 19.48, 19.38, 19.49, 3187]
['2019-03-29 11:17:00', 19.27, 19.31, 19.27, 19.31, 1922]
['2019-03-29 11:16:00', 19.28, 19.28, 19.28, 19.28, 729]
['2019-03-29 11:12:00', 19.325, 19.325, 19.325, 19.325, 633]
['2019-03-29 11:10:00', 19.3, 19.3, 19.3, 19.3, 100]
['2019-03-29 11:07:00', 19.36, 19.3, 19.3, 19.36, 709]
['2019-03-29 11:04:00', 19.45, 19.45, 19.45, 19.45, 640]
['2019-03-29 11:02:00', 19.38, 19.38, 19.38, 19.38, 332]
['2019-03-29 10:57:00', 19.53, 19.53, 19.53, 19.53, 687]
['2019-03-29 10:53:00', 19.44, 19.44, 19.44, 19.44, 944]
['2019-03-29 10:52:00', 19.44, 19.44, 19.44, 19.44, 600]
['2019-03-29 10:50:00', 19.54, 19.54, 19.54, 19.54, 499]
['2019-03-29 10:49:00', 19.55, 19.55, 19.55, 19.55, 1510]
['2019-03-29 10:47:00', 19.5156, 19.5156, 19.5156, 19.5156, 328]
['2019-03-29 10:46:00', 19.47, 19.47, 19.47, 19.47, 2750]
['2019-03-29 10:45:00', 19.55, 19.55, 19.55, 19.55, 220]
['2019-03-29 10:42:00', 19.65, 19.65, 19.65, 19.65, 190]
['2019-03-29 10:41:00', 19.655, 19.65, 19.65, 19.655, 1122]
['2019-03-29 10:37:00', 19.65, 19.66, 19.65, 19.66, 2402]
['2019-03-29 10:36:00', 19.67, 19.67, 19.67, 19.67, 200]
['2019-03-29 10:31:00', 19.71, 19.71, 19.71, 19.71, 526]
['2019-03-29 10:30:00', 19.7112, 19.7112, 19.7112, 19.7112, 100]
['2019-03-29 10:27:00', 19.65, 19.65, 19.65, 19.65, 1033]
['2019-03-29 10:26:00', 19.66, 19.66, 19.66, 19.66, 425]
['2019-03-29 10:25:00', 19.67, 19.67, 19.67, 19.67, 301]
['2019-03-29 10:21:00', 19.57, 19.57, 19.57, 19.57, 443]
['2019-03-29 10:20:00', 19.6, 19.6, 19.6, 19.6, 507]
['2019-03-29 10:16:00', 19.59, 19.59, 19.59, 19.59, 200]
['2019-03-29 10:13:00', 19.58, 19.58, 19.58, 19.58, 593]
['2019-03-29 10:12:00', 19.55, 19.55, 19.55, 19.55, 1725]
['2019-03-29 10:09:00', 19.42, 19.42, 19.42, 19.42, 109]
['2019-03-29 10:07:00', 19.42, 19.42, 19.42, 19.42, 710]
['2019-03-29 10:05:00', 19.43, 19.43, 19.43, 19.43, 373]
['2019-03-29 10:04:00', 19.4, 19.4, 19.4, 19.4, 350]
['2019-03-29 09:56:00', 19.4924, 19.42, 19.42, 19.4924, 3623]
['2019-03-29 09:52:00', 19.33, 19.33, 19.33, 19.33, 1059]
['2019-03-29 09:45:00', 19.55, 19.55, 19.55, 19.55, 1264]
['2019-03-29 09:42:00', 19.45, 19.47, 19.45, 19.47, 2018]
['2019-03-29 09:38:00', 19.34, 19.34, 19.34, 19.34, 400]
['2019-03-29 09:37:00', 19.21, 19.21, 19.21, 19.21, 3164]
['2019-03-29 09:36:00', 19.68, 19.68, 19.68, 19.68, 170]
['2019-03-29 09:33:00', 19.67, 19.67, 19.67, 19.67, 120]
['2019-03-29 09:31:00', 19.47, 19.47, 19.47, 19.47, 3366]
['2019-03-28 16:00:00', 19.09, 19.11, 19.09, 19.11, 5353]
['2019-03-28 15:59:00', 19.09, 19.1, 19.09, 19.1, 2604]
['2019-03-28 15:58:00', 19.11, 19.125, 19.11, 19.125, 933]
['2019-03-28 15:57:00', 19.09, 19.09, 19.09, 19.09, 886]
['2019-03-28 15:56:00', 19.09, 19.09, 19.09, 19.09, 926]
['2019-03-28 15:55:00', 19.08, 19.07, 19.07, 19.08, 1763]
['2019-03-28 15:54:00', 19.05, 19.05, 19.05, 19.05, 549]
['2019-03-28 15:53:00', 19.05, 19.035, 19.035, 19.05, 1319]
['2019-03-28 15:51:00', 19.05, 19.05, 19.05, 19.05, 308]
['2019-03-28 15:50:00', 19.08, 19.08, 19.08, 19.08, 726]
['2019-03-28 15:49:00', 19.07, 19.07, 19.07, 19.07, 1098]
['2019-03-28 15:48:00', 19.03, 19.05, 19.03, 19.05, 2128]
['2019-03-28 15:47:00', 19.01, 19.01, 19.01, 19.01, 260]
['2019-03-28 15:46:00', 18.99, 18.99, 18.99, 18.99, 456]
['2019-03-28 15:45:00', 19.035, 19.035, 19.035, 19.035, 900]
['2019-03-28 15:41:00', 19.05, 19.05, 19.05, 19.05, 357]
['2019-03-28 15:39:00', 19.02, 19.04, 19.02, 19.04, 320]
['2019-03-28 15:37:00', 19.0, 19.0, 19.0, 19.0, 211]
['2019-03-28 15:36:00', 19.09, 19.09, 19.09, 19.09, 500]
['2019-03-28 15:35:00', 18.995, 18.995, 18.995, 18.995, 216]
['2019-03-28 15:33:00', 18.995, 18.995, 18.995, 18.995, 310]
['2019-03-28 15:31:00', 19.04, 19.04, 19.04, 19.04, 392]
['2019-03-28 15:29:00', 19.03, 19.03, 19.03, 19.03, 120]
['2019-03-28 15:28:00', 19.06, 19.055, 19.055, 19.07, 1448]
['2019-03-28 15:22:00', 19.03, 19.03, 19.03, 19.03, 294]
['2019-03-28 15:19:00', 19.05, 19.05, 19.05, 19.05, 408]
['2019-03-28 15:17:00', 19.03, 19.03, 19.03, 19.03, 1262]
['2019-03-28 15:14:00', 19.15, 19.14, 19.14, 19.15, 418]
['2019-03-28 15:13:00', 19.12, 19.16, 19.12, 19.16, 358]
['2019-03-28 15:06:00', 19.14, 19.14, 19.14, 19.14, 897]
['2019-03-28 15:03:00', 19.05, 19.08, 19.05, 19.08, 970]
['2019-03-28 14:56:00', 19.0, 19.0, 19.0, 19.0, 203]
['2019-03-28 14:55:00', 18.98, 18.98, 18.98, 18.98, 406]
['2019-03-28 14:54:00', 19.0, 19.0, 19.0, 19.0, 700]
['2019-03-28 14:52:00', 19.0, 19.0, 19.0, 19.0, 200]
['2019-03-28 14:50:00', 19.0, 19.0, 19.0, 19.0, 179]
['2019-03-28 14:49:00', 19.02, 19.02, 19.02, 19.02, 106]
['2019-03-28 14:48:00', 19.01, 19.05, 19.01, 19.05, 1629]
['2019-03-28 14:47:00', 19.01, 19.01, 19.01, 19.01, 934]
['2019-03-28 14:45:00', 19.04, 19.0, 19.0, 19.04, 767]
['2019-03-28 14:42:00', 19.05, 19.05, 19.05, 19.05, 3306]
['2019-03-28 14:34:00', 19.17, 19.12, 19.12, 19.19, 906]
['2019-03-28 14:28:00', 19.1944, 19.1944, 19.1944, 19.1944, 356]
['2019-03-28 14:25:00', 19.17, 19.17, 19.17, 19.17, 534]
['2019-03-28 14:24:00', 19.21, 19.21, 19.21, 19.21, 656]
['2019-03-28 14:22:00', 19.22, 19.22, 19.22, 19.22, 827]
['2019-03-28 14:19:00', 19.18, 19.18, 19.18, 19.18, 334]
['2019-03-28 14:18:00', 19.22, 19.2, 19.2, 19.22, 827]
['2019-03-28 14:16:00', 19.26, 19.26, 19.26, 19.26, 110]
['2019-03-28 14:10:00', 19.295, 19.295, 19.295, 19.295, 222]
['2019-03-28 13:54:00', 19.25, 19.26, 19.25, 19.26, 798]
['2019-03-28 13:53:00', 19.215, 19.215, 19.215, 19.215, 118]
['2019-03-28 13:42:00', 19.17, 19.17, 19.17, 19.17, 136]
['2019-03-28 13:34:00', 19.22, 19.22, 19.22, 19.22, 394]
['2019-03-28 13:30:00', 19.23, 19.23, 19.23, 19.23, 918]
['2019-03-28 13:26:00', 19.26, 19.26, 19.26, 19.26, 118]
['2019-03-28 13:25:00', 19.23, 19.23, 19.23, 19.23, 856]
['2019-03-28 13:22:00', 19.37, 19.37, 19.37, 19.37, 347]
['2019-03-28 13:20:00', 19.27, 19.27, 19.27, 19.27, 118]
['2019-03-28 13:19:00', 19.27, 19.27, 19.27, 19.27, 812]
['2019-03-28 13:18:00', 19.26, 19.26, 19.26, 19.26, 707]
['2019-03-28 13:16:00', 19.24, 19.24, 19.24, 19.24, 100]
['2019-03-28 13:13:00', 19.25, 19.25, 19.25, 19.25, 829]
['2019-03-28 13:02:00', 19.31, 19.31, 19.31, 19.31, 875]
['2019-03-28 12:48:00', 19.235, 19.235, 19.235, 19.235, 200]
['2019-03-28 12:46:00', 19.18, 19.18, 19.18, 19.18, 244]
['2019-03-28 12:41:00', 19.125, 19.16, 19.125, 19.16, 881]
['2019-03-28 12:37:00', 19.15, 19.15, 19.15, 19.15, 400]
['2019-03-28 12:34:00', 19.11, 19.11, 19.11, 19.11, 388]
['2019-03-28 12:33:00', 19.11, 19.11, 19.11, 19.11, 156]
['2019-03-28 12:26:00', 19.11, 19.11, 19.11, 19.11, 100]
['2019-03-28 12:24:00', 19.16, 19.16, 19.16, 19.16, 106]
['2019-03-28 12:22:00', 19.2, 19.26, 19.2, 19.26, 1452]
['2019-03-28 12:20:00', 19.26, 19.26, 19.26, 19.26, 805]
['2019-03-28 12:17:00', 19.2, 19.2, 19.2, 19.2, 148]
['2019-03-28 12:11:00', 19.12, 19.12, 19.12, 19.12, 100]
['2019-03-28 12:06:00', 19.08, 19.08, 19.08, 19.08, 1200]
['2019-03-28 11:53:00', 19.01, 19.01, 19.01, 19.01, 452]
['2019-03-28 11:50:00', 18.99, 18.99, 18.99, 18.99, 112]
['2019-03-28 11:43:00', 19.08, 19.08, 19.08, 19.08, 1197]
['2019-03-28 11:39:00', 19.07, 19.07, 19.07, 19.07, 100]
['2019-03-28 11:35:00', 19.08, 19.08, 19.08, 19.08, 1162]
['2019-03-28 11:34:00', 19.06, 19.06, 19.06, 19.06, 600]
['2019-03-28 11:33:00', 19.03, 19.03, 19.03, 19.03, 854]
['2019-03-28 11:32:00', 19.025, 19.025, 19.025, 19.025, 203]
['2019-03-28 11:29:00', 19.0, 19.0, 19.0, 19.03, 2349]
['2019-03-28 11:24:00', 19.03, 19.02, 19.02, 19.03, 3397]
['2019-03-28 11:21:00', 18.985, 18.985, 18.985, 18.985, 1162]
['2019-03-28 11:19:00', 19.02, 19.02, 19.02, 19.02, 800]
['2019-03-28 11:18:00', 18.995, 18.98, 18.98, 18.995, 2607]
['2019-03-28 11:14:00', 18.93, 18.93, 18.93, 18.93, 637]
['2019-03-28 11:09:00', 18.85, 18.85, 18.85, 18.85, 500]
['2019-03-28 11:07:00', 18.89, 18.89, 18.89, 18.89, 243]
['2019-03-28 11:02:00', 18.95, 18.95, 18.95, 18.95, 666]
['2019-03-28 11:00:00', 18.96, 18.96, 18.96, 18.96, 134]
['2019-03-28 10:56:00', 18.97, 19.0, 18.97, 19.01, 4154]
['2019-03-28 10:50:00', 19.16, 19.08, 19.08, 19.16, 851]
['2019-03-28 10:43:00', 19.13, 19.16, 19.13, 19.16, 864]
['2019-03-28 10:37:00', 19.12, 19.12, 19.12, 19.12, 105]
['2019-03-28 10:33:00', 19.14, 19.14, 19.14, 19.14, 304]
['2019-03-28 10:32:00', 19.13, 19.13, 19.13, 19.13, 201]
['2019-03-28 10:29:00', 19.2, 19.13, 19.13, 19.2, 1604]
['2019-03-28 10:22:00', 19.2, 19.31, 19.2, 19.31, 957]
['2019-03-28 10:15:00', 19.24, 19.2, 19.2, 19.24, 1603]
['2019-03-28 09:54:00', 19.27, 19.27, 19.27, 19.27, 437]
['2019-03-28 09:52:00', 19.28, 19.28, 19.28, 19.28, 655]
['2019-03-28 09:51:00', 19.2401, 19.2401, 19.2401, 19.2401, 1318]
['2019-03-28 09:46:00', 19.3, 19.3, 19.3, 19.3, 162]
['2019-03-28 09:42:00', 19.2147, 19.2147, 19.2147, 19.2147, 100]
['2019-03-28 09:38:00', 19.31, 19.31, 19.31, 19.31, 101]
['2019-03-28 09:36:00', 19.24, 19.24, 19.24, 19.24, 106]
['2019-03-28 09:34:00', 19.31, 19.31, 19.31, 19.31, 100]
['2019-03-28 09:31:00', 19.09, 19.09, 19.09, 19.09, 1238]
['2019-03-27 16:00:00', 19.06, 19.07, 19.05, 19.07, 13662]
['2019-03-27 15:59:00', 19.08, 19.05, 19.05, 19.08, 7944]
['2019-03-27 15:58:00', 19.08, 19.05, 19.05, 19.08, 3799]
['2019-03-27 15:57:00', 19.08, 19.08, 19.08, 19.08, 3295]
['2019-03-27 15:56:00', 19.06, 19.06, 19.06, 19.06, 1100]
['2019-03-27 15:55:00', 19.07, 19.08, 19.07, 19.08, 1542]
['2019-03-27 15:53:00', 19.075, 19.07, 19.07, 19.075, 3507]
['2019-03-27 15:51:00', 19.08, 19.08, 19.08, 19.08, 462]
['2019-03-27 15:50:00', 19.1, 19.07, 19.07, 19.1, 4322]
['2019-03-27 15:49:00', 19.11, 19.11, 19.11, 19.11, 354]
['2019-03-27 15:48:00', 19.14, 19.14, 19.14, 19.14, 106]
['2019-03-27 15:47:00', 19.13, 19.14, 19.13, 19.14, 1163]
['2019-03-27 15:41:00', 19.18, 19.18, 19.18, 19.18, 1402]
['2019-03-27 15:40:00', 19.15, 19.15, 19.15, 19.15, 790]
['2019-03-27 15:37:00', 19.18, 19.18, 19.18, 19.18, 515]
['2019-03-27 15:36:00', 19.18, 19.18, 19.18, 19.18, 248]
['2019-03-27 15:33:00', 19.19, 19.19, 19.19, 19.19, 1484]
['2019-03-27 15:32:00', 19.2, 19.2, 19.2, 19.2, 12800]
['2019-03-27 15:30:00', 19.19, 19.19, 19.19, 19.19, 1130]
['2019-03-27 15:29:00', 19.16, 19.16, 19.16, 19.16, 600]
['2019-03-27 15:24:00', 19.14, 19.11, 19.11, 19.14, 1088]
['2019-03-27 15:19:00', 19.08, 19.08, 19.08, 19.08, 110]
['2019-03-27 15:15:00', 19.03, 19.03, 19.03, 19.03, 294]
['2019-03-27 15:13:00', 19.09, 19.09, 19.09, 19.09, 348]
['2019-03-27 15:11:00', 19.06, 19.06, 19.06, 19.06, 1102]
['2019-03-27 15:09:00', 19.025, 19.025, 19.025, 19.025, 104]
['2019-03-27 15:01:00', 19.03, 19.03, 19.03, 19.03, 351]
['2019-03-27 14:59:00', 19.03, 19.0, 19.0, 19.03, 1592]
['2019-03-27 14:54:00', 19.05, 19.05, 19.05, 19.05, 366]
['2019-03-27 14:51:00', 19.04, 19.04, 19.04, 19.04, 993]
['2019-03-27 14:48:00', 19.01, 19.01, 19.01, 19.01, 300]
['2019-03-27 14:46:00', 19.02, 19.02, 19.02, 19.02, 601]
['2019-03-27 14:45:00', 19.02, 19.02, 19.02, 19.02, 2313]
['2019-03-27 14:41:00', 19.05, 19.05, 19.05, 19.05, 6353]
['2019-03-27 14:39:00', 19.07, 19.07, 19.07, 19.07, 408]
['2019-03-27 14:38:00', 19.08, 19.08, 19.08, 19.08, 216]
['2019-03-27 14:35:00', 19.09, 19.09, 19.09, 19.09, 848]
['2019-03-27 14:34:00', 19.08, 19.08, 19.08, 19.08, 216]
['2019-03-27 14:32:00', 19.095, 19.095, 19.095, 19.095, 235]
['2019-03-27 14:31:00', 19.09, 19.06, 19.06, 19.14, 1315]
['2019-03-27 14:21:00', 19.19, 19.19, 19.19, 19.19, 295]
['2019-03-27 14:19:00', 19.255, 19.255, 19.255, 19.255, 211]
['2019-03-27 14:18:00', 19.26, 19.26, 19.26, 19.26, 520]
['2019-03-27 14:12:00', 19.3, 19.3, 19.3, 19.3, 1139]
['2019-03-27 14:11:00', 19.21, 19.21, 19.21, 19.21, 304]
['2019-03-27 14:09:00', 19.16, 19.16, 19.16, 19.16, 121]
['2019-03-27 14:03:00', 19.2, 19.2, 19.2, 19.2, 1649]
['2019-03-27 13:57:00', 19.21, 19.21, 19.21, 19.21, 681]
['2019-03-27 13:49:00', 19.16, 19.16, 19.16, 19.16, 142]
['2019-03-27 13:46:00', 19.15, 19.2, 19.15, 19.2, 1620]
['2019-03-27 13:44:00', 19.1, 19.1, 19.1, 19.1, 682]
['2019-03-27 13:43:00', 19.09, 19.09, 19.09, 19.09, 670]
['2019-03-27 13:39:00', 19.03, 19.03, 19.03, 19.03, 103]
['2019-03-27 13:37:00', 19.06, 19.06, 19.06, 19.06, 330]
['2019-03-27 13:30:00', 19.09, 19.09, 19.09, 19.09, 247]
['2019-03-27 13:23:00', 19.03, 19.03, 19.03, 19.03, 462]
['2019-03-27 13:22:00', 19.06, 19.06, 19.06, 19.06, 586]
['2019-03-27 13:20:00', 19.03, 19.03, 19.03, 19.03, 343]
['2019-03-27 13:18:00', 19.12, 19.12, 19.12, 19.12, 772]
['2019-03-27 13:17:00', 19.14, 19.14, 19.14, 19.14, 224]
['2019-03-27 13:16:00', 19.13, 19.13, 19.13, 19.13, 456]
['2019-03-27 13:15:00', 19.1, 19.1, 19.1, 19.1, 658]
['2019-03-27 13:14:00', 19.05, 19.05, 19.05, 19.05, 521]
['2019-03-27 13:12:00', 19.03, 19.03, 19.03, 19.03, 507]
['2019-03-27 13:11:00', 19.0, 19.01, 19.0, 19.03, 2732]
['2019-03-27 13:10:00', 19.0, 19.0, 19.0, 19.0, 547]
['2019-03-27 13:09:00', 19.025, 19.025, 19.025, 19.025, 104]
['2019-03-27 12:59:00', 19.04, 19.04, 19.04, 19.04, 1176]
['2019-03-27 12:53:00', 19.1, 19.1, 19.1, 19.1, 207]
['2019-03-27 12:50:00', 19.03, 19.03, 19.03, 19.03, 138]
['2019-03-27 12:46:00', 19.09, 19.06, 19.06, 19.09, 1045]
['2019-03-27 12:44:00', 19.05, 19.05, 19.05, 19.05, 338]
['2019-03-27 12:41:00', 19.08, 19.08, 19.08, 19.08, 728]
['2019-03-27 12:39:00', 19.06, 19.12, 19.06, 19.12, 1317]
['2019-03-27 12:30:00', 19.09, 19.09, 19.09, 19.09, 1641]
['2019-03-27 12:28:00', 19.04, 19.08, 19.04, 19.08, 1111]
['2019-03-27 12:25:00', 19.0445, 19.045, 19.0445, 19.045, 1603]
['2019-03-27 12:24:00', 19.0, 19.0, 19.0, 19.0, 302]
['2019-03-27 12:23:00', 19.06, 19.06, 19.06, 19.06, 1036]
['2019-03-27 12:21:00', 19.09, 19.09, 19.09, 19.09, 102]
['2019-03-27 12:20:00', 19.04, 19.04, 19.04, 19.04, 200]
['2019-03-27 12:19:00', 19.04, 19.04, 19.04, 19.04, 393]
['2019-03-27 12:17:00', 19.04, 19.04, 19.04, 19.04, 2151]
['2019-03-27 12:16:00', 19.015, 19.01, 19.01, 19.015, 3012]
['2019-03-27 12:15:00', 19.045, 19.045, 19.045, 19.045, 4913]
['2019-03-27 12:14:00', 19.07, 19.05, 19.05, 19.07, 4445]
['2019-03-27 12:13:00', 19.01, 19.02, 19.01, 19.03, 4864]
['2019-03-27 12:12:00', 18.98, 18.98, 18.98, 18.98, 1608]
['2019-03-27 12:11:00', 19.01, 19.01, 19.01, 19.01, 815]
['2019-03-27 12:10:00', 19.01, 19.01, 19.01, 19.01, 3198]
['2019-03-27 12:09:00', 19.03, 19.0, 19.0, 19.03, 926]
['2019-03-27 12:08:00', 19.01, 19.01, 19.01, 19.01, 1500]
['2019-03-27 12:06:00', 19.04, 19.06, 19.04, 19.06, 2534]
['2019-03-27 12:05:00', 19.0, 19.0, 19.0, 19.0, 266]
['2019-03-27 12:04:00', 18.995, 18.995, 18.995, 18.995, 1439]
['2019-03-27 12:02:00', 18.97, 18.97, 18.96, 18.97, 4310]
['2019-03-27 12:01:00', 19.0, 18.98, 18.95, 19.03, 12439]
['2019-03-27 12:00:00', 18.99, 19.03, 18.98, 19.04, 25213]
['2019-03-27 11:58:00', 19.03, 19.03, 19.03, 19.03, 626]
['2019-03-27 11:53:00', 19.11, 19.05, 19.05, 19.11, 2253]
['2019-03-27 11:50:00', 19.045, 19.045, 19.045, 19.045, 342]
['2019-03-27 11:48:00', 19.08, 19.08, 19.08, 19.08, 387]
['2019-03-27 11:46:00', 19.05, 19.05, 19.05, 19.05, 478]
['2019-03-27 11:45:00', 19.035, 19.035, 19.035, 19.035, 1266]
['2019-03-27 11:43:00', 19.0, 19.0, 19.0, 19.0, 442]
['2019-03-27 11:42:00', 19.005, 19.005, 19.005, 19.005, 200]
['2019-03-27 11:39:00', 19.04, 19.005, 19.005, 19.04, 950]
['2019-03-27 11:36:00', 19.0, 19.02, 19.0, 19.02, 2602]
['2019-03-27 11:35:00', 19.03, 19.03, 19.03, 19.03, 755]
['2019-03-27 11:31:00', 19.06, 19.06, 19.06, 19.06, 821]
['2019-03-27 11:30:00', 18.995, 18.995, 18.995, 18.995, 1046]
['2019-03-27 11:29:00', 19.025, 19.02, 19.02, 19.025, 911]
['2019-03-27 11:27:00', 19.05, 19.05, 19.05, 19.05, 430]
['2019-03-27 11:26:00', 19.08, 19.08, 19.08, 19.08, 401]
['2019-03-27 11:23:00', 19.03, 19.06, 19.03, 19.06, 1310]
['2019-03-27 11:22:00', 18.995, 18.995, 18.995, 18.995, 501]
['2019-03-27 11:21:00', 19.005, 19.005, 19.005, 19.005, 100]
['2019-03-27 11:20:00', 19.005, 19.005, 19.005, 19.005, 410]
['2019-03-27 11:17:00', 18.99, 19.0, 18.99, 19.03, 3483]
['2019-03-27 11:16:00', 19.0, 19.0, 19.0, 19.0, 2846]
['2019-03-27 11:14:00', 19.015, 19.015, 19.015, 19.015, 155]
['2019-03-27 11:13:00', 19.05, 19.05, 19.05, 19.05, 365]
['2019-03-27 11:09:00', 19.03, 19.03, 19.03, 19.03, 460]
['2019-03-27 11:07:00', 19.06, 19.06, 19.06, 19.06, 890]
['2019-03-27 11:06:00', 19.01, 18.97, 18.97, 19.01, 2376]
['2019-03-27 11:03:00', 19.12, 19.12, 19.12, 19.12, 151]
['2019-03-27 10:58:00', 18.98, 18.98, 18.98, 18.98, 153]
['2019-03-27 10:57:00', 18.99, 18.99, 18.99, 18.99, 511]
['2019-03-27 10:56:00', 19.0, 19.0, 19.0, 19.0, 1000]
['2019-03-27 10:54:00', 18.93, 18.93, 18.93, 18.93, 127]
['2019-03-27 10:53:00', 18.88, 18.88, 18.88, 18.88, 885]
['2019-03-27 10:52:00', 18.91, 18.91, 18.91, 18.91, 473]
['2019-03-27 10:51:00', 18.84, 18.84, 18.84, 18.84, 267]
['2019-03-27 10:50:00', 18.86, 18.86, 18.86, 18.86, 733]
['2019-03-27 10:48:00', 18.74, 18.74, 18.74, 18.74, 281]
['2019-03-27 10:46:00', 18.82, 18.75, 18.75, 18.82, 760]
['2019-03-27 10:44:00', 18.77, 18.77, 18.77, 18.77, 645]
['2019-03-27 10:41:00', 18.85, 18.85, 18.85, 18.85, 985]
['2019-03-27 10:38:00', 18.915, 18.915, 18.915, 18.915, 981]
['2019-03-27 10:36:00', 18.91, 18.915, 18.91, 18.915, 547]
['2019-03-27 10:35:00', 18.86, 18.86, 18.86, 18.86, 1253]
['2019-03-27 10:34:00', 18.93, 18.93, 18.93, 18.93, 350]
['2019-03-27 10:31:00', 18.97, 18.97, 18.97, 18.97, 515]
['2019-03-27 10:30:00', 18.97, 18.97, 18.97, 18.97, 600]
['2019-03-27 10:21:00', 19.11, 19.11, 19.11, 19.11, 130]
['2019-03-27 10:17:00', 19.065, 19.065, 19.065, 19.065, 717]
['2019-03-27 10:16:00', 18.99, 18.99, 18.99, 18.99, 596]
['2019-03-27 10:13:00', 19.02, 19.02, 19.02, 19.02, 100]
['2019-03-27 10:10:00', 18.93, 18.93, 18.93, 18.93, 100]
['2019-03-27 10:09:00', 18.9, 18.9, 18.9, 18.9, 951]
['2019-03-27 10:08:00', 19.0, 19.0, 19.0, 19.0, 230]
['2019-03-27 10:07:00', 18.81, 18.8, 18.8, 18.81, 2082]
['2019-03-27 10:04:00', 18.79, 18.79, 18.79, 18.79, 106]
['2019-03-27 10:01:00', 18.68, 18.74, 18.68, 18.74, 459]
['2019-03-27 09:59:00', 18.68, 18.68, 18.68, 18.68, 9543]
['2019-03-27 09:58:00', 18.9336, 18.77, 18.77, 18.9336, 5170]
['2019-03-27 09:56:00', 18.91, 18.91, 18.91, 18.91, 1020]
['2019-03-27 09:49:00', 19.0, 19.0, 19.0, 19.0, 1698]
['2019-03-27 09:46:00', 19.23, 19.23, 19.23, 19.23, 320]
['2019-03-27 09:39:00', 19.12, 19.12, 19.12, 19.12, 700]
['2019-03-27 09:36:00', 19.31, 19.31, 19.31, 19.31, 390]
['2019-03-27 09:31:00', 19.75, 19.75, 19.75, 19.75, 1941]
['2019-03-26 16:00:00', 19.37, 19.4, 19.37, 19.4, 13342]
['2019-03-26 15:59:00', 19.36, 19.36, 19.36, 19.36, 2344]
['2019-03-26 15:58:00', 19.36, 19.34, 19.34, 19.36, 2968]
['2019-03-26 15:57:00', 19.37, 19.37, 19.37, 19.37, 1585]
['2019-03-26 15:56:00', 19.25, 19.32, 19.25, 19.32, 1551]
['2019-03-26 15:55:00', 19.245, 19.245, 19.245, 19.245, 711]
['2019-03-26 15:54:00', 19.225, 19.225, 19.225, 19.225, 689]
['2019-03-26 15:53:00', 19.23, 19.23, 19.23, 19.23, 560]
['2019-03-26 15:51:00', 19.21, 19.21, 19.21, 19.21, 300]
['2019-03-26 15:49:00', 19.215, 19.215, 19.215, 19.215, 405]
['2019-03-26 15:48:00', 19.175, 19.175, 19.175, 19.175, 373]
['2019-03-26 15:47:00', 19.17, 19.17, 19.17, 19.17, 913]
['2019-03-26 15:46:00', 19.16, 19.16, 19.16, 19.16, 1413]
['2019-03-26 15:45:00', 19.17, 19.17, 19.17, 19.17, 1146]
['2019-03-26 15:44:00', 19.17, 19.17, 19.17, 19.17, 666]
['2019-03-26 15:39:00', 19.15, 19.11, 19.11, 19.15, 956]
['2019-03-26 15:38:00', 19.195, 19.195, 19.195, 19.195, 400]
['2019-03-26 15:37:00', 19.2, 19.2, 19.2, 19.2, 300]
['2019-03-26 15:35:00', 19.205, 19.205, 19.205, 19.205, 701]
['2019-03-26 15:34:00', 19.16, 19.215, 19.16, 19.25, 4588]
['2019-03-26 15:33:00', 19.16, 19.16, 19.16, 19.16, 1851]
['2019-03-26 15:31:00', 19.13, 19.13, 19.13, 19.13, 183]
['2019-03-26 15:30:00', 19.2, 19.2, 19.2, 19.2, 404]
['2019-03-26 15:29:00', 19.18, 19.18, 19.18, 19.18, 227]
['2019-03-26 15:27:00', 19.215, 19.215, 19.215, 19.215, 450]
['2019-03-26 15:20:00', 19.28, 19.28, 19.28, 19.28, 992]
['2019-03-26 15:18:00', 19.29, 19.28, 19.28, 19.29, 377]
['2019-03-26 15:16:00', 19.29, 19.29, 19.29, 19.29, 749]
['2019-03-26 15:13:00', 19.29, 19.29, 19.29, 19.29, 1081]
['2019-03-26 15:04:00', 19.37, 19.37, 19.37, 19.37, 1756]
['2019-03-26 15:03:00', 19.34, 19.34, 19.34, 19.34, 797]
['2019-03-26 15:02:00', 19.34, 19.36, 19.34, 19.36, 818]
['2019-03-26 14:58:00', 19.3, 19.3, 19.3, 19.3, 1335]
['2019-03-26 14:57:00', 19.275, 19.275, 19.275, 19.275, 600]
['2019-03-26 14:55:00', 19.25, 19.25, 19.25, 19.25, 500]
['2019-03-26 14:50:00', 19.28, 19.28, 19.28, 19.28, 547]
['2019-03-26 14:47:00', 19.315, 19.315, 19.315, 19.315, 163]
['2019-03-26 14:44:00', 19.31, 19.31, 19.31, 19.31, 313]
['2019-03-26 14:43:00', 19.27, 19.27, 19.27, 19.27, 163]
['2019-03-26 14:42:00', 19.29, 19.29, 19.29, 19.29, 220]
['2019-03-26 14:40:00', 19.21, 19.3, 19.21, 19.3, 1688]
['2019-03-26 14:39:00', 19.225, 19.2, 19.2, 19.225, 4662]
['2019-03-26 14:38:00', 19.2395, 19.2395, 19.2395, 19.2395, 516]
['2019-03-26 14:37:00', 19.22, 19.22, 19.22, 19.22, 400]
['2019-03-26 14:36:00', 19.15, 19.15, 19.15, 19.15, 805]
['2019-03-26 14:35:00', 19.15, 19.14, 19.1, 19.15, 7617]
['2019-03-26 14:34:00', 19.19, 19.17, 19.17, 19.23, 3654]
['2019-03-26 14:33:00', 19.35, 19.19, 19.19, 19.35, 3789]
['2019-03-26 14:32:00', 19.275, 19.3, 19.275, 19.37, 3558]
['2019-03-26 14:31:00', 19.39, 19.29, 19.29, 19.39, 5596]
['2019-03-26 14:30:00', 19.44, 19.43, 19.38, 19.44, 7147]
['2019-03-26 14:29:00', 19.45, 19.45, 19.45, 19.45, 2100]
['2019-03-26 14:28:00', 19.46, 19.48, 19.46, 19.48, 2104]
['2019-03-26 14:27:00', 19.43, 19.43, 19.43, 19.43, 6042]
['2019-03-26 14:26:00', 19.43, 19.43, 19.43, 19.43, 2700]
['2019-03-26 14:25:00', 19.41, 19.4, 19.4, 19.41, 2250]
['2019-03-26 14:24:00', 19.4, 19.41, 19.39, 19.41, 4217]
['2019-03-26 14:22:00', 19.39, 19.39, 19.39, 19.39, 267]
['2019-03-26 14:21:00', 19.405, 19.405, 19.405, 19.405, 713]
['2019-03-26 14:18:00', 19.3725, 19.3725, 19.3725, 19.3725, 729]
['2019-03-26 14:17:00', 19.41, 19.39, 19.39, 19.41, 1263]
['2019-03-26 14:16:00', 19.41, 19.41, 19.41, 19.41, 578]
['2019-03-26 14:15:00', 19.435, 19.435, 19.435, 19.435, 722]
['2019-03-26 14:14:00', 19.41, 19.41, 19.41, 19.41, 332]
['2019-03-26 14:13:00', 19.42, 19.42, 19.42, 19.42, 970]
['2019-03-26 14:12:00', 19.35, 19.415, 19.31, 19.415, 4553]
['2019-03-26 14:11:00', 19.41, 19.41, 19.41, 19.41, 637]
['2019-03-26 14:10:00', 19.47, 19.47, 19.47, 19.47, 300]
['2019-03-26 14:09:00', 19.435, 19.435, 19.435, 19.435, 313]
['2019-03-26 14:07:00', 19.435, 19.435, 19.435, 19.435, 193]
['2019-03-26 14:06:00', 19.4, 19.435, 19.4, 19.435, 1430]
['2019-03-26 14:05:00', 19.43, 19.43, 19.43, 19.43, 738]
['2019-03-26 14:03:00', 19.47, 19.47, 19.47, 19.47, 627]
['2019-03-26 14:02:00', 19.37, 19.39, 19.37, 19.39, 3050]
['2019-03-26 14:01:00', 19.43, 19.41, 19.39, 19.43, 29757]
['2019-03-26 14:00:00', 19.42, 19.42, 19.42, 19.42, 1000]
['2019-03-26 13:59:00', 19.43, 19.43, 19.43, 19.43, 223]
['2019-03-26 13:57:00', 19.48, 19.44, 19.44, 19.48, 490]
['2019-03-26 13:56:00', 19.5, 19.5, 19.5, 19.5, 3853]
['2019-03-26 13:55:00', 19.45, 19.48, 19.45, 19.48, 9002]
['2019-03-26 13:54:00', 19.35, 19.49, 19.35, 19.49, 2845]
['2019-03-26 13:53:00', 19.36, 19.35, 19.35, 19.37, 4128]
['2019-03-26 13:52:00', 19.395, 19.395, 19.395, 19.395, 200]
['2019-03-26 13:51:00', 19.37, 19.37, 19.37, 19.37, 330]
['2019-03-26 13:47:00', 19.43, 19.43, 19.43, 19.43, 1104]
['2019-03-26 13:46:00', 19.4, 19.4, 19.4, 19.4, 300]
['2019-03-26 13:45:00', 19.425, 19.44, 19.425, 19.44, 948]
['2019-03-26 13:44:00', 19.51, 19.43, 19.43, 19.51, 13200]
['2019-03-26 13:43:00', 19.45, 19.495, 19.45, 19.495, 5359]
['2019-03-26 13:42:00', 19.54, 19.37, 19.37, 19.54, 17031]
['2019-03-26 13:41:00', 19.52, 19.52, 19.52, 19.52, 1126]
['2019-03-26 13:40:00', 19.46, 19.46, 19.46, 19.46, 617]
['2019-03-26 13:39:00', 19.44, 19.44, 19.44, 19.44, 414]
['2019-03-26 13:38:00', 19.43, 19.45, 19.42, 19.45, 7363]
['2019-03-26 13:37:00', 19.44, 19.48, 19.44, 19.48, 3400]
['2019-03-26 13:36:00', 19.46, 19.46, 19.46, 19.46, 113]
['2019-03-26 13:33:00', 19.515, 19.515, 19.515, 19.515, 263]
['2019-03-26 13:31:00', 19.5, 19.515, 19.5, 19.515, 2800]
['2019-03-26 13:30:00', 19.49, 19.49, 19.49, 19.49, 1030]
['2019-03-26 13:29:00', 19.36, 19.39, 19.36, 19.39, 9497]
['2019-03-26 13:28:00', 19.45, 19.41, 19.41, 19.45, 2751]
['2019-03-26 13:27:00', 19.44, 19.435, 19.435, 19.44, 1664]
['2019-03-26 13:26:00', 19.4375, 19.4375, 19.4375, 19.4375, 1366]
['2019-03-26 13:25:00', 19.46, 19.46, 19.46, 19.46, 1200]
['2019-03-26 13:24:00', 19.635, 19.47, 19.47, 19.635, 23592]
['2019-03-26 13:07:00', 19.57, 19.57, 19.57, 19.57, 904]
['2019-03-26 13:03:00', 19.48, 19.47, 19.47, 19.48, 922]
['2019-03-26 13:00:00', 19.4775, 19.4775, 19.4775, 19.4775, 100]
['2019-03-26 12:59:00', 19.52, 19.52, 19.52, 19.52, 1176]
['2019-03-26 12:55:00', 19.55, 19.55, 19.55, 19.55, 598]
['2019-03-26 12:54:00', 19.535, 19.535, 19.535, 19.535, 318]
['2019-03-26 12:52:00', 19.53, 19.53, 19.53, 19.53, 962]
['2019-03-26 12:48:00', 19.635, 19.62, 19.615, 19.635, 3601]
['2019-03-26 12:47:00', 19.625, 19.625, 19.625, 19.625, 163]
['2019-03-26 12:44:00', 19.615, 19.615, 19.615, 19.615, 200]
['2019-03-26 12:39:00', 19.65, 19.65, 19.65, 19.65, 1306]
['2019-03-26 12:38:00', 19.62, 19.65, 19.62, 19.65, 729]
['2019-03-26 12:36:00', 19.62, 19.62, 19.62, 19.62, 477]
['2019-03-26 12:34:00', 19.65, 19.655, 19.65, 19.655, 2150]
['2019-03-26 12:29:00', 19.65, 19.65, 19.65, 19.65, 2791]
['2019-03-26 12:27:00', 19.65, 19.65, 19.65, 19.65, 163]
['2019-03-26 12:25:00', 19.67, 19.67, 19.67, 19.67, 352]
['2019-03-26 12:23:00', 19.73, 19.73, 19.73, 19.73, 540]
['2019-03-26 12:22:00', 19.68, 19.68, 19.68, 19.68, 523]
['2019-03-26 12:20:00', 19.745, 19.745, 19.745, 19.745, 439]
['2019-03-26 12:19:00', 19.68, 19.8, 19.68, 19.8, 1972]
['2019-03-26 12:18:00', 19.67, 19.67, 19.67, 19.67, 2285]
['2019-03-26 12:14:00', 19.73, 19.73, 19.73, 19.73, 2942]
['2019-03-26 12:11:00', 19.7, 19.7, 19.7, 19.7, 1127]
['2019-03-26 12:10:00', 19.83, 19.75, 19.75, 19.83, 20730]
['2019-03-26 12:09:00', 19.83, 19.83, 19.83, 19.83, 198]
['2019-03-26 12:07:00', 19.865, 19.865, 19.865, 19.865, 936]
['2019-03-26 12:05:00', 19.795, 19.85, 19.78, 19.85, 2779]
['2019-03-26 11:58:00', 19.8, 19.8, 19.8, 19.8, 886]
['2019-03-26 11:56:00', 19.845, 19.845, 19.845, 19.845, 500]
['2019-03-26 11:54:00', 19.775, 19.775, 19.775, 19.775, 1077]
['2019-03-26 11:53:00', 19.775, 19.775, 19.775, 19.775, 300]
['2019-03-26 11:51:00', 19.775, 19.775, 19.775, 19.775, 613]
['2019-03-26 11:49:00', 19.77, 19.77, 19.77, 19.77, 1626]
['2019-03-26 11:48:00', 19.84, 19.84, 19.84, 19.84, 1412]
['2019-03-26 11:47:00', 19.84, 19.84, 19.84, 19.84, 336]
['2019-03-26 11:46:00', 19.8401, 19.8401, 19.8401, 19.8401, 421]
['2019-03-26 11:44:00', 19.84, 19.8, 19.8, 19.84, 1121]
['2019-03-26 11:43:00', 19.84, 19.84, 19.84, 19.84, 662]
['2019-03-26 11:42:00', 19.82, 19.82, 19.82, 19.82, 1200]
['2019-03-26 11:36:00', 19.8, 19.8, 19.8, 19.8, 377]
['2019-03-26 11:33:00', 19.83, 19.83, 19.83, 19.83, 376]
['2019-03-26 11:28:00', 19.75, 19.78, 19.75, 19.78, 1845]
['2019-03-26 11:27:00', 19.75, 19.75, 19.75, 19.75, 810]
['2019-03-26 11:25:00', 19.7, 19.7, 19.7, 19.7, 676]
['2019-03-26 11:20:00', 19.685, 19.685, 19.685, 19.685, 818]
['2019-03-26 11:15:00', 19.685, 19.685, 19.685, 19.685, 339]
['2019-03-26 11:13:00', 19.685, 19.685, 19.685, 19.685, 500]
['2019-03-26 11:10:00', 19.674, 19.674, 19.674, 19.674, 654]
['2019-03-26 11:09:00', 19.68, 19.68, 19.68, 19.68, 825]
['2019-03-26 11:03:00', 19.68, 19.68, 19.68, 19.68, 1642]
['2019-03-26 11:02:00', 19.67, 19.67, 19.67, 19.67, 100]
['2019-03-26 11:01:00', 19.71, 19.71, 19.71, 19.71, 1400]
['2019-03-26 11:00:00', 19.75, 19.75, 19.75, 19.75, 108]
['2019-03-26 10:58:00', 19.7, 19.7, 19.7, 19.7, 774]
['2019-03-26 10:52:00', 19.75, 19.75, 19.75, 19.75, 963]
['2019-03-26 10:50:00', 19.65, 19.65, 19.65, 19.65, 1700]
['2019-03-26 10:49:00', 19.65, 19.65, 19.65, 19.65, 1900]
['2019-03-26 10:46:00', 19.63, 19.63, 19.63, 19.63, 363]
['2019-03-26 10:44:00', 19.63, 19.63, 19.63, 19.63, 703]
['2019-03-26 10:43:00', 19.59, 19.6, 19.59, 19.6, 3893]
['2019-03-26 10:41:00', 19.67, 19.67, 19.67, 19.67, 163]
['2019-03-26 10:38:00', 19.64, 19.635, 19.62, 19.64, 6729]
['2019-03-26 10:36:00', 19.65, 19.65, 19.65, 19.65, 1500]
['2019-03-26 10:34:00', 19.69, 19.69, 19.69, 19.69, 200]
['2019-03-26 10:33:00', 19.7, 19.7, 19.7, 19.7, 1362]
['2019-03-26 10:29:00', 19.61, 19.61, 19.61, 19.61, 100]
['2019-03-26 10:25:00', 19.65, 19.7, 19.65, 19.7, 3532]
['2019-03-26 10:24:00', 19.615, 19.615, 19.615, 19.615, 900]
['2019-03-26 10:23:00', 19.575, 19.575, 19.575, 19.575, 1563]
['2019-03-26 10:22:00', 19.67, 19.58, 19.58, 19.67, 4000]
['2019-03-26 10:21:00', 19.62, 19.62, 19.62, 19.62, 5135]
['2019-03-26 10:20:00', 19.59, 19.59, 19.59, 19.59, 1940]
['2019-03-26 10:18:00', 19.63, 19.63, 19.63, 19.63, 1100]
['2019-03-26 10:15:00', 19.62, 19.62, 19.62, 19.62, 200]
['2019-03-26 10:13:00', 19.6, 19.6, 19.6, 19.6, 552]
['2019-03-26 10:12:00', 19.6, 19.6, 19.6, 19.6, 3443]
['2019-03-26 10:11:00', 19.57, 19.59, 19.57, 19.59, 1712]
['2019-03-26 10:10:00', 19.5, 19.5, 19.5, 19.5, 100]
['2019-03-26 10:05:00', 19.5, 19.5, 19.5, 19.5, 300]
['2019-03-26 10:02:00', 19.4931, 19.47, 19.47, 19.4931, 4200]
['2019-03-26 10:01:00', 19.53, 19.53, 19.53, 19.53, 721]
['2019-03-26 10:00:00', 19.6, 19.6, 19.6, 19.6, 400]
['2019-03-26 09:59:00', 19.6, 19.6, 19.6, 19.6, 1175]
['2019-03-26 09:58:00', 19.55, 19.55, 19.55, 19.55, 475]
['2019-03-26 09:55:00', 19.5399, 19.43, 19.43, 19.5399, 2155]
['2019-03-26 09:54:00', 19.5091, 19.5091, 19.5091, 19.5091, 564]
['2019-03-26 09:48:00', 19.48, 19.48, 19.48, 19.48, 558]
['2019-03-26 09:36:00', 19.56, 19.56, 19.56, 19.56, 291]
['2019-03-26 09:33:00', 19.74, 19.74, 19.74, 19.74, 100]
['2019-03-26 09:32:00', 19.1, 19.1, 19.1, 19.1, 7730]
['2019-03-25 16:00:00', 19.43, 19.38, 19.38, 19.43, 8345]
['2019-03-25 15:59:00', 19.39, 19.43, 19.39, 19.43, 3053]
['2019-03-25 15:58:00', 19.405, 19.4, 19.39, 19.405, 6189]
['2019-03-25 15:57:00', 19.415, 19.415, 19.415, 19.415, 3799]
['2019-03-25 15:56:00', 19.38, 19.38, 19.38, 19.38, 2731]
['2019-03-25 15:55:00', 19.41, 19.41, 19.41, 19.41, 522]
['2019-03-25 15:54:00', 19.4, 19.41, 19.4, 19.41, 3183]
['2019-03-25 15:53:00', 19.44, 19.46, 19.44, 19.46, 1230]
['2019-03-25 15:51:00', 19.445, 19.445, 19.445, 19.445, 514]
['2019-03-25 15:50:00', 19.4, 19.38, 19.38, 19.4, 1220]
['2019-03-25 15:49:00', 19.43, 19.43, 19.43, 19.43, 203]
['2019-03-25 15:47:00', 19.45, 19.45, 19.45, 19.45, 129]
['2019-03-25 15:46:00', 19.45, 19.45, 19.45, 19.45, 200]
['2019-03-25 15:44:00', 19.4, 19.4, 19.4, 19.4, 268]
['2019-03-25 15:43:00', 19.4, 19.4, 19.4, 19.4, 962]
['2019-03-25 15:41:00', 19.35, 19.36, 19.35, 19.36, 1504]
['2019-03-25 15:39:00', 19.38, 19.38, 19.38, 19.38, 762]
['2019-03-25 15:38:00', 19.39, 19.39, 19.39, 19.39, 427]
['2019-03-25 15:35:00', 19.4, 19.4, 19.4, 19.4, 1568]
['2019-03-25 15:34:00', 19.41, 19.41, 19.41, 19.41, 637]
['2019-03-25 15:33:00', 19.42, 19.42, 19.42, 19.42, 1189]
['2019-03-25 15:32:00', 19.37, 19.37, 19.37, 19.37, 213]
['2019-03-25 15:31:00', 19.4, 19.4, 19.4, 19.4, 520]
['2019-03-25 15:29:00', 19.39, 19.39, 19.39, 19.39, 404]
['2019-03-25 15:27:00', 19.405, 19.37, 19.37, 19.405, 1473]
['2019-03-25 15:26:00', 19.4, 19.4, 19.4, 19.4, 206]
['2019-03-25 15:24:00', 19.35, 19.35, 19.35, 19.35, 607]
['2019-03-25 15:20:00', 19.45, 19.45, 19.45, 19.45, 703]
['2019-03-25 15:19:00', 19.46, 19.46, 19.46, 19.46, 100]
['2019-03-25 15:18:00', 19.485, 19.485, 19.485, 19.485, 990]
['2019-03-25 15:17:00', 19.44, 19.51, 19.44, 19.62, 8089]
['2019-03-25 15:12:00', 19.41, 19.41, 19.41, 19.41, 300]
['2019-03-25 15:11:00', 19.4, 19.4, 19.4, 19.4, 211]
['2019-03-25 15:08:00', 19.38, 19.38, 19.38, 19.38, 320]
['2019-03-25 15:06:00', 19.32, 19.32, 19.32, 19.32, 400]
['2019-03-25 15:04:00', 19.29, 19.32, 19.29, 19.32, 613]
['2019-03-25 15:02:00', 19.35, 19.35, 19.35, 19.35, 602]
['2019-03-25 15:01:00', 19.32, 19.32, 19.32, 19.32, 514]
['2019-03-25 14:59:00', 19.32, 19.32, 19.32, 19.32, 171]
['2019-03-25 14:56:00', 19.29, 19.29, 19.29, 19.29, 524]
['2019-03-25 14:51:00', 19.27, 19.28, 19.27, 19.28, 412]
['2019-03-25 14:49:00', 19.24, 19.28, 19.24, 19.28, 1658]
['2019-03-25 14:48:00', 19.28, 19.28, 19.28, 19.28, 400]
['2019-03-25 14:46:00', 19.245, 19.245, 19.245, 19.245, 100]
['2019-03-25 14:45:00', 19.245, 19.245, 19.245, 19.245, 200]
['2019-03-25 14:42:00', 19.19, 19.25, 19.19, 19.25, 883]
['2019-03-25 14:40:00', 19.15, 19.15, 19.15, 19.15, 117]
['2019-03-25 14:38:00', 19.1246, 19.1246, 19.1246, 19.1246, 750]
['2019-03-25 14:36:00', 19.14, 19.14, 19.14, 19.14, 156]
['2019-03-25 14:32:00', 19.11, 19.11, 19.11, 19.11, 1227]
['2019-03-25 14:30:00', 19.025, 19.025, 19.025, 19.025, 200]
['2019-03-25 14:29:00', 19.04, 19.04, 19.04, 19.04, 391]
['2019-03-25 14:28:00', 19.04, 19.07, 19.04, 19.07, 1218]
['2019-03-25 14:23:00', 19.04, 19.04, 19.04, 19.04, 170]
['2019-03-25 14:21:00', 19.02, 19.02, 19.02, 19.02, 400]
['2019-03-25 14:19:00', 19.04, 19.04, 19.04, 19.04, 221]
['2019-03-25 14:18:00', 19.1, 19.1, 19.1, 19.1, 1085]
['2019-03-25 14:16:00', 19.115, 19.115, 19.115, 19.115, 829]
['2019-03-25 14:15:00', 19.09, 19.11, 19.09, 19.11, 2692]
['2019-03-25 14:14:00', 19.02, 19.02, 19.02, 19.02, 494]
['2019-03-25 14:12:00', 19.07, 19.07, 19.07, 19.07, 153]
['2019-03-25 14:07:00', 19.11, 19.04, 19.04, 19.11, 940]
['2019-03-25 13:56:00', 19.13, 19.13, 19.13, 19.13, 520]
['2019-03-25 13:54:00', 19.22, 19.22, 19.22, 19.22, 335]
['2019-03-25 13:49:00', 19.16, 19.16, 19.16, 19.16, 562]
['2019-03-25 13:48:00', 19.28, 19.28, 19.28, 19.28, 400]
['2019-03-25 13:46:00', 19.25, 19.25, 19.25, 19.25, 359]
['2019-03-25 13:39:00', 19.27, 19.27, 19.27, 19.27, 666]
['2019-03-25 13:38:00', 19.28, 19.22, 19.22, 19.28, 2846]
['2019-03-25 13:36:00', 19.3, 19.3, 19.3, 19.3, 302]
['2019-03-25 13:28:00', 19.3, 19.3, 19.3, 19.3, 195]
['2019-03-25 13:23:00', 19.23, 19.23, 19.23, 19.23, 486]
['2019-03-25 13:22:00', 19.24, 19.24, 19.24, 19.24, 401]
['2019-03-25 13:17:00', 19.28, 19.28, 19.28, 19.28, 292]
['2019-03-25 13:16:00', 19.24, 19.24, 19.24, 19.24, 204]
['2019-03-25 13:15:00', 19.3, 19.3, 19.3, 19.3, 633]
['2019-03-25 13:11:00', 19.25, 19.26, 19.25, 19.26, 864]
['2019-03-25 13:04:00', 19.24, 19.24, 19.24, 19.24, 406]
['2019-03-25 13:00:00', 19.22, 19.22, 19.22, 19.22, 195]
['2019-03-25 12:58:00', 19.21, 19.21, 19.21, 19.21, 753]
['2019-03-25 12:56:00', 19.19, 19.19, 19.19, 19.19, 100]
['2019-03-25 12:55:00', 19.18, 19.18, 19.18, 19.18, 110]
['2019-03-25 12:53:00', 19.15, 19.15, 19.15, 19.15, 300]
['2019-03-25 12:52:00', 19.165, 19.165, 19.165, 19.165, 100]
['2019-03-25 12:44:00', 19.12, 19.12, 19.12, 19.12, 164]
['2019-03-25 12:41:00', 19.155, 19.155, 19.155, 19.155, 590]
['2019-03-25 12:40:00', 19.12, 19.18, 19.12, 19.18, 1617]
['2019-03-25 12:38:00', 19.17, 19.095, 19.095, 19.17, 1949]
['2019-03-25 12:37:00', 19.2, 19.2, 19.2, 19.2, 582]
['2019-03-25 12:35:00', 19.2, 19.2, 19.2, 19.2, 747]
['2019-03-25 12:32:00', 19.26, 19.26, 19.26, 19.26, 477]
['2019-03-25 12:30:00', 19.27, 19.27, 19.27, 19.27, 141]
['2019-03-25 12:29:00', 19.285, 19.285, 19.285, 19.285, 200]
['2019-03-25 12:27:00', 19.25, 19.25, 19.25, 19.25, 711]
['2019-03-25 12:26:00', 19.23, 19.23, 19.23, 19.23, 100]
['2019-03-25 12:25:00', 19.26, 19.26, 19.26, 19.26, 464]
['2019-03-25 12:22:00', 19.25, 19.255, 19.25, 19.255, 2126]
['2019-03-25 12:20:00', 19.28, 19.28, 19.28, 19.28, 600]
['2019-03-25 12:19:00', 19.28, 19.28, 19.28, 19.28, 608]
['2019-03-25 12:18:00', 19.28, 19.29, 19.28, 19.29, 873]
['2019-03-25 12:16:00', 19.24, 19.24, 19.24, 19.24, 100]
['2019-03-25 12:13:00', 19.25, 19.25, 19.25, 19.25, 279]
['2019-03-25 12:09:00', 19.31, 19.31, 19.31, 19.31, 364]
['2019-03-25 12:07:00', 19.25, 19.28, 19.25, 19.28, 913]
['2019-03-25 12:06:00', 19.25, 19.3, 19.25, 19.3, 1202]
['2019-03-25 12:04:00', 19.205, 19.205, 19.205, 19.205, 1774]
['2019-03-25 11:59:00', 19.26, 19.26, 19.26, 19.26, 584]
['2019-03-25 11:58:00', 19.27, 19.28, 19.27, 19.28, 1399]
['2019-03-25 11:56:00', 19.25, 19.25, 19.25, 19.25, 430]
['2019-03-25 11:51:00', 19.18, 19.235, 19.18, 19.235, 1634]
['2019-03-25 11:48:00', 19.25, 19.25, 19.25, 19.25, 323]
['2019-03-25 11:39:00', 19.29, 19.2805, 19.2805, 19.31, 2893]
['2019-03-25 11:36:00', 19.24, 19.24, 19.24, 19.24, 550]
['2019-03-25 11:34:00', 19.42, 19.26, 19.26, 19.42, 2332]
['2019-03-25 11:32:00', 19.5, 19.5, 19.5, 19.5, 168]
['2019-03-25 11:31:00', 19.41, 19.41, 19.41, 19.41, 1292]
['2019-03-25 11:25:00', 19.37, 19.4288, 19.37, 19.4288, 823]
['2019-03-25 11:18:00', 19.325, 19.325, 19.325, 19.325, 288]
['2019-03-25 11:17:00', 19.27, 19.245, 19.245, 19.31, 2790]
['2019-03-25 11:15:00', 19.23, 19.23, 19.23, 19.23, 517]
['2019-03-25 11:12:00', 19.2, 19.2, 19.2, 19.2, 215]
['2019-03-25 11:06:00', 19.07, 19.07, 19.07, 19.07, 463]
['2019-03-25 11:04:00', 19.06, 19.06, 19.06, 19.06, 233]
['2019-03-25 11:03:00', 19.02, 19.02, 19.02, 19.02, 386]
['2019-03-25 11:01:00', 18.96, 18.96, 18.96, 18.96, 876]
['2019-03-25 10:59:00', 19.05, 19.05, 19.05, 19.05, 717]
['2019-03-25 10:57:00', 19.07, 19.07, 19.07, 19.07, 444]
['2019-03-25 10:54:00', 19.03, 19.03, 19.03, 19.03, 353]
['2019-03-25 10:53:00', 19.06, 19.06, 19.06, 19.06, 766]
['2019-03-25 10:51:00', 18.985, 18.985, 18.985, 18.985, 749]
['2019-03-25 10:50:00', 19.01, 19.01, 19.01, 19.01, 464]
['2019-03-25 10:48:00', 18.975, 18.9425, 18.9425, 18.975, 1114]
['2019-03-25 10:45:00', 18.965, 19.0, 18.965, 19.03, 5615]
['2019-03-25 10:41:00', 18.99, 18.99, 18.99, 18.99, 263]
['2019-03-25 10:40:00', 18.995, 18.94, 18.94, 18.995, 847]
['2019-03-25 10:36:00', 19.01, 19.01, 19.01, 19.01, 305]
['2019-03-25 10:35:00', 19.06, 19.06, 19.06, 19.06, 490]
['2019-03-25 10:33:00', 19.15, 19.13, 19.13, 19.15, 1682]
['2019-03-25 10:32:00', 19.05, 19.05, 19.05, 19.05, 478]
['2019-03-25 10:31:00', 19.06, 19.06, 19.06, 19.06, 330]
['2019-03-25 10:27:00', 18.93, 18.93, 18.93, 18.93, 1663]
['2019-03-25 10:25:00', 18.865, 18.865, 18.865, 18.865, 1463]
['2019-03-25 10:24:00', 18.86, 18.86, 18.86, 18.86, 587]
['2019-03-25 10:21:00', 18.85, 18.85, 18.85, 18.85, 566]
['2019-03-25 10:20:00', 18.76, 18.76, 18.76, 18.76, 311]
['2019-03-25 10:19:00', 18.79, 18.79, 18.79, 18.79, 1451]
['2019-03-25 10:17:00', 18.8, 18.8, 18.8, 18.8, 100]
['2019-03-25 10:08:00', 18.82, 18.82, 18.82, 18.82, 200]
['2019-03-25 10:06:00', 18.73, 18.735, 18.73, 18.735, 1057]
['2019-03-25 10:04:00', 18.89, 18.815, 18.815, 18.89, 1799]
['2019-03-25 10:00:00', 18.815, 18.815, 18.815, 18.815, 620]
['2019-03-25 09:58:00', 18.82, 18.82, 18.82, 18.82, 900]
['2019-03-25 09:53:00', 18.755, 18.755, 18.755, 18.755, 425]
['2019-03-25 09:52:00', 18.71, 18.755, 18.71, 18.86, 24757]
['2019-03-25 09:50:00', 18.81, 18.81, 18.81, 18.81, 300]
['2019-03-25 09:47:00', 18.845, 18.845, 18.845, 18.845, 220]
['2019-03-25 09:44:00', 19.02, 19.02, 19.02, 19.02, 209]
['2019-03-25 09:31:00', 18.88, 18.88, 18.88, 18.88, 0]
