AMCIU
['2019-03-28 11:38:00', 10.12, 10.12, 10.12, 10.12, 4700]
['2019-03-28 10:45:00', 10.1196, 10.1196, 10.1196, 10.1196, 600]
['2019-03-28 10:44:00', 10.1101, 10.1101, 10.1101, 10.1101, 300]
['2019-03-28 10:41:00', 10.15, 10.15, 10.15, 10.15, 600]
['2019-03-28 10:39:00', 10.15, 10.15, 10.15, 10.15, 0]
['2019-03-26 11:07:00', 10.13, 10.13, 10.13, 10.13, 95700]
['2019-03-25 15:00:00', 10.15, 10.15, 10.15, 10.15, 100]
['2019-03-25 14:09:00', 10.15, 10.15, 10.15, 10.15, 3800]
['2019-03-25 13:14:00', 10.15, 10.15, 10.15, 10.15, 100]
['2019-03-25 12:13:00', 10.15, 10.15, 10.15, 10.15, 100]
['2019-03-25 11:23:00', 10.15, 10.15, 10.15, 10.15, 100]
['2019-03-25 10:41:00', 10.15, 10.15, 10.15, 10.15, 0]
