AMBA
['2019-03-29 16:00:00', 43.19, 43.17, 43.15, 43.19, 7310]
['2019-03-29 15:59:00', 43.21, 43.21, 43.21, 43.21, 1105]
['2019-03-29 15:58:00', 43.21, 43.21, 43.21, 43.21, 2449]
['2019-03-29 15:57:00', 43.22, 43.22, 43.22, 43.23, 3195]
['2019-03-29 15:56:00', 43.22, 43.22, 43.22, 43.22, 2675]
['2019-03-29 15:55:00', 43.24, 43.21, 43.21, 43.24, 5184]
['2019-03-29 15:54:00', 43.28, 43.28, 43.28, 43.28, 1129]
['2019-03-29 15:53:00', 43.24, 43.28, 43.24, 43.28, 1549]
['2019-03-29 15:52:00', 43.25, 43.25, 43.25, 43.25, 529]
['2019-03-29 15:51:00', 43.24, 43.24, 43.24, 43.24, 1369]
['2019-03-29 15:50:00', 43.25, 43.25, 43.25, 43.25, 820]
['2019-03-29 15:49:00', 43.25, 43.25, 43.25, 43.25, 723]
['2019-03-29 15:48:00', 43.315, 43.3, 43.3, 43.315, 1021]
['2019-03-29 15:47:00', 43.33, 43.33, 43.33, 43.33, 127]
['2019-03-29 15:46:00', 43.32, 43.32, 43.32, 43.32, 1516]
['2019-03-29 15:45:00', 43.3, 43.3, 43.3, 43.3, 2078]
['2019-03-29 15:44:00', 43.33, 43.33, 43.33, 43.33, 662]
['2019-03-29 15:43:00', 43.31, 43.31, 43.31, 43.31, 1029]
['2019-03-29 15:42:00', 43.33, 43.33, 43.33, 43.33, 501]
['2019-03-29 15:41:00', 43.34, 43.34, 43.34, 43.34, 1433]
['2019-03-29 15:40:00', 43.31, 43.31, 43.31, 43.31, 696]
['2019-03-29 15:39:00', 43.29, 43.29, 43.29, 43.29, 1587]
['2019-03-29 15:38:00', 43.305, 43.305, 43.305, 43.305, 432]
['2019-03-29 15:37:00', 43.3, 43.3, 43.3, 43.3, 212]
['2019-03-29 15:36:00', 43.3, 43.3, 43.3, 43.3, 464]
['2019-03-29 15:34:00', 43.3, 43.3, 43.3, 43.3, 431]
['2019-03-29 15:33:00', 43.285, 43.285, 43.285, 43.285, 300]
['2019-03-29 15:32:00', 43.26, 43.275, 43.26, 43.275, 1824]
['2019-03-29 15:29:00', 43.3, 43.32, 43.3, 43.32, 1490]
['2019-03-29 15:28:00', 43.35, 43.35, 43.35, 43.35, 1000]
['2019-03-29 15:27:00', 43.28, 43.28, 43.28, 43.28, 1349]
['2019-03-29 15:25:00', 43.29, 43.27, 43.27, 43.29, 823]
['2019-03-29 15:23:00', 43.29, 43.29, 43.29, 43.29, 212]
['2019-03-29 15:22:00', 43.35, 43.35, 43.35, 43.35, 377]
['2019-03-29 15:21:00', 43.32, 43.32, 43.32, 43.32, 255]
['2019-03-29 15:19:00', 43.36, 43.38, 43.36, 43.38, 1225]
['2019-03-29 15:17:00', 43.34, 43.35, 43.34, 43.35, 1023]
['2019-03-29 15:16:00', 43.29, 43.3, 43.29, 43.3, 1344]
['2019-03-29 15:13:00', 43.32, 43.3, 43.3, 43.32, 532]
['2019-03-29 15:12:00', 43.36, 43.3, 43.3, 43.36, 2637]
['2019-03-29 15:10:00', 43.38, 43.38, 43.38, 43.38, 862]
['2019-03-29 15:09:00', 43.38, 43.38, 43.38, 43.38, 137]
['2019-03-29 15:06:00', 43.39, 43.39, 43.39, 43.39, 453]
['2019-03-29 15:05:00', 43.375, 43.375, 43.375, 43.375, 802]
['2019-03-29 15:03:00', 43.36, 43.36, 43.36, 43.36, 442]
['2019-03-29 15:01:00', 43.3268, 43.3268, 43.3268, 43.3268, 529]
['2019-03-29 14:59:00', 43.31, 43.33, 43.31, 43.33, 2637]
['2019-03-29 14:58:00', 43.31, 43.29, 43.26, 43.31, 2411]
['2019-03-29 14:55:00', 43.3, 43.3043, 43.3, 43.3043, 935]
['2019-03-29 14:53:00', 43.23, 43.23, 43.23, 43.23, 1253]
['2019-03-29 14:51:00', 43.2031, 43.2031, 43.2031, 43.2031, 645]
['2019-03-29 14:47:00', 43.18, 43.18, 43.18, 43.18, 337]
['2019-03-29 14:46:00', 43.19, 43.19, 43.19, 43.19, 443]
['2019-03-29 14:43:00', 43.18, 43.205, 43.18, 43.205, 841]
['2019-03-29 14:42:00', 43.18, 43.18, 43.18, 43.18, 747]
['2019-03-29 14:41:00', 43.23, 43.23, 43.23, 43.23, 718]
['2019-03-29 14:39:00', 43.2518, 43.2518, 43.2518, 43.2518, 1075]
['2019-03-29 14:36:00', 43.24, 43.24, 43.24, 43.24, 1463]
['2019-03-29 14:34:00', 43.24, 43.24, 43.24, 43.24, 280]
['2019-03-29 14:31:00', 43.18, 43.18, 43.18, 43.18, 415]
['2019-03-29 14:27:00', 43.16, 43.19, 43.16, 43.19, 1061]
['2019-03-29 14:24:00', 43.16, 43.16, 43.16, 43.16, 389]
['2019-03-29 14:22:00', 43.13, 43.13, 43.13, 43.13, 480]
['2019-03-29 14:21:00', 43.17, 43.17, 43.17, 43.17, 408]
['2019-03-29 14:17:00', 43.19, 43.19, 43.19, 43.19, 254]
['2019-03-29 14:16:00', 43.17, 43.17, 43.17, 43.17, 205]
['2019-03-29 14:15:00', 43.165, 43.165, 43.165, 43.165, 304]
['2019-03-29 14:13:00', 43.14, 43.14, 43.14, 43.14, 513]
['2019-03-29 14:12:00', 43.1, 43.14, 43.1, 43.14, 5985]
['2019-03-29 14:10:00', 43.07, 43.07, 43.07, 43.07, 388]
['2019-03-29 14:09:00', 43.1, 43.1, 43.1, 43.1, 4775]
['2019-03-29 14:07:00', 43.07, 43.07, 43.07, 43.07, 246]
['2019-03-29 14:06:00', 43.06, 43.06, 43.06, 43.06, 714]
['2019-03-29 13:57:00', 43.045, 43.045, 43.045, 43.045, 788]
['2019-03-29 13:54:00', 43.05, 43.05, 43.05, 43.05, 500]
['2019-03-29 13:53:00', 43.0208, 43.0208, 43.0208, 43.0208, 265]
['2019-03-29 13:50:00', 43.03, 43.03, 43.03, 43.03, 104]
['2019-03-29 13:49:00', 43.015, 43.015, 43.015, 43.015, 100]
['2019-03-29 13:48:00', 43.03, 43.03, 43.03, 43.03, 1122]
['2019-03-29 13:47:00', 42.96, 42.89, 42.89, 42.96, 3221]
['2019-03-29 13:46:00', 43.01, 43.01, 43.01, 43.01, 200]
['2019-03-29 13:44:00', 43.02, 43.02, 43.02, 43.02, 1209]
['2019-03-29 13:41:00', 43.0039, 43.0039, 43.0039, 43.0039, 823]
['2019-03-29 13:37:00', 42.98, 42.98, 42.98, 42.98, 238]
['2019-03-29 13:33:00', 42.99, 42.98, 42.98, 42.99, 1420]
['2019-03-29 13:32:00', 43.0, 43.0, 43.0, 43.0, 758]
['2019-03-29 13:31:00', 43.01, 43.01, 43.01, 43.01, 510]
['2019-03-29 13:28:00', 43.01, 43.01, 43.01, 43.01, 250]
['2019-03-29 13:24:00', 43.05, 43.05, 43.05, 43.05, 334]
['2019-03-29 13:22:00', 43.04, 43.04, 43.04, 43.04, 767]
['2019-03-29 13:21:00', 43.03, 42.99, 42.99, 43.03, 1594]
['2019-03-29 13:19:00', 43.0, 43.0, 43.0, 43.0, 532]
['2019-03-29 13:18:00', 43.04, 43.04, 43.04, 43.04, 336]
['2019-03-29 13:16:00', 43.05, 43.05, 43.05, 43.05, 693]
['2019-03-29 13:15:00', 43.07, 43.07, 43.07, 43.07, 540]
['2019-03-29 13:12:00', 43.07, 43.06, 43.06, 43.07, 1437]
['2019-03-29 13:11:00', 43.07, 43.07, 43.07, 43.07, 333]
['2019-03-29 13:08:00', 43.07, 43.07, 43.07, 43.07, 127]
['2019-03-29 13:07:00', 43.07, 43.07, 43.07, 43.07, 596]
['2019-03-29 13:05:00', 43.08, 43.08, 43.08, 43.08, 238]
['2019-03-29 13:01:00', 43.02, 43.02, 43.02, 43.02, 240]
['2019-03-29 12:57:00', 43.04, 43.04, 43.04, 43.04, 348]
['2019-03-29 12:55:00', 43.01, 43.01, 43.01, 43.01, 205]
['2019-03-29 12:52:00', 42.986, 42.986, 42.986, 42.986, 413]
['2019-03-29 12:49:00', 42.97, 42.97, 42.97, 42.97, 220]
['2019-03-29 12:46:00', 43.01, 42.99, 42.99, 43.01, 701]
['2019-03-29 12:45:00', 43.0, 43.0, 43.0, 43.0, 819]
['2019-03-29 12:42:00', 43.0261, 43.04, 43.0261, 43.04, 409]
['2019-03-29 12:39:00', 42.9953, 42.9953, 42.9953, 42.9953, 261]
['2019-03-29 12:38:00', 42.99, 42.99, 42.99, 42.99, 2359]
['2019-03-29 12:31:00', 42.92, 42.92, 42.92, 42.92, 1049]
['2019-03-29 12:30:00', 42.95, 42.95, 42.95, 42.95, 100]
['2019-03-29 12:29:00', 42.95, 42.95, 42.95, 42.95, 320]
['2019-03-29 12:26:00', 42.94, 42.94, 42.94, 42.94, 100]
['2019-03-29 12:19:00', 42.8686, 42.92, 42.8686, 42.92, 1385]
['2019-03-29 12:17:00', 42.87, 42.87, 42.87, 42.87, 455]
['2019-03-29 12:16:00', 42.9, 42.9, 42.9, 42.9, 1901]
['2019-03-29 12:14:00', 42.92, 42.92, 42.92, 42.92, 111]
['2019-03-29 12:10:00', 42.97, 42.97, 42.97, 42.97, 197]
['2019-03-29 12:09:00', 42.95, 42.95, 42.95, 42.95, 412]
['2019-03-29 12:05:00', 42.975, 42.975, 42.975, 42.975, 151]
['2019-03-29 12:03:00', 42.94, 42.945, 42.94, 42.945, 704]
['2019-03-29 12:01:00', 42.89, 42.89, 42.89, 42.89, 462]
['2019-03-29 11:58:00', 42.9343, 42.9343, 42.9343, 42.9343, 444]
['2019-03-29 11:55:00', 42.92, 42.92, 42.92, 42.92, 1247]
['2019-03-29 11:52:00', 42.95, 42.95, 42.95, 42.95, 931]
['2019-03-29 11:48:00', 42.93, 42.93, 42.93, 42.93, 810]
['2019-03-29 11:47:00', 42.99, 42.99, 42.99, 42.99, 1398]
['2019-03-29 11:41:00', 43.08, 43.08, 43.08, 43.08, 250]
['2019-03-29 11:39:00', 43.085, 43.085, 43.085, 43.085, 135]
['2019-03-29 11:36:00', 42.99, 42.98, 42.98, 42.99, 1554]
['2019-03-29 11:33:00', 42.995, 42.995, 42.995, 42.995, 410]
['2019-03-29 11:31:00', 42.95, 42.95, 42.95, 42.95, 743]
['2019-03-29 11:28:00', 42.91, 42.91, 42.91, 42.91, 394]
['2019-03-29 11:26:00', 42.855, 42.855, 42.855, 42.855, 1201]
['2019-03-29 11:25:00', 42.8529, 42.8529, 42.8529, 42.8529, 2384]
['2019-03-29 11:24:00', 42.8715, 42.8501, 42.8501, 42.8715, 2502]
['2019-03-29 11:23:00', 42.8922, 42.89, 42.89, 42.8922, 2527]
['2019-03-29 11:22:00', 42.91, 42.91, 42.91, 42.91, 230]
['2019-03-29 11:21:00', 42.925, 42.925, 42.925, 42.925, 118]
['2019-03-29 11:20:00', 42.89, 42.89, 42.89, 42.89, 743]
['2019-03-29 11:18:00', 42.95, 42.95, 42.95, 42.95, 1405]
['2019-03-29 11:17:00', 42.91, 42.91, 42.91, 42.91, 256]
['2019-03-29 11:15:00', 42.87, 42.86, 42.86, 42.87, 1151]
['2019-03-29 11:13:00', 42.84, 42.84, 42.84, 42.84, 468]
['2019-03-29 11:12:00', 42.8041, 42.8041, 42.8041, 42.8041, 3100]
['2019-03-29 11:08:00', 42.74, 42.74, 42.74, 42.74, 967]
['2019-03-29 11:07:00', 42.77, 42.72, 42.71, 42.77, 5041]
['2019-03-29 11:06:00', 42.77, 42.77, 42.77, 42.77, 9277]
['2019-03-29 11:04:00', 42.81, 42.81, 42.81, 42.81, 1007]
['2019-03-29 11:00:00', 42.87, 42.87, 42.87, 42.87, 674]
['2019-03-29 10:59:00', 42.86, 42.82, 42.82, 42.86, 2622]
['2019-03-29 10:53:00', 42.8624, 42.8624, 42.8624, 42.8624, 229]
['2019-03-29 10:52:00', 42.8259, 42.8259, 42.8259, 42.8259, 294]
['2019-03-29 10:50:00', 42.87, 42.87, 42.87, 42.87, 1067]
['2019-03-29 10:46:00', 42.885, 42.885, 42.885, 42.885, 292]
['2019-03-29 10:45:00', 42.91, 42.91, 42.91, 42.91, 371]
['2019-03-29 10:44:00', 43.0, 43.0, 43.0, 43.0, 1343]
['2019-03-29 10:43:00', 42.94, 42.94, 42.94, 42.94, 2166]
['2019-03-29 10:42:00', 43.043, 43.043, 43.043, 43.043, 2388]
['2019-03-29 10:41:00', 43.0535, 43.0535, 43.0535, 43.0535, 1501]
['2019-03-29 10:40:00', 42.99, 43.0394, 42.99, 43.0394, 4215]
['2019-03-29 10:38:00', 42.97, 43.01, 42.97, 43.01, 4899]
['2019-03-29 10:37:00', 43.03, 43.02, 43.02, 43.03, 3337]
['2019-03-29 10:36:00', 43.1347, 43.1347, 43.1347, 43.1347, 2396]
['2019-03-29 10:35:00', 43.1324, 43.1324, 43.1324, 43.1324, 2237]
['2019-03-29 10:34:00', 43.0541, 43.0541, 43.0541, 43.0541, 2217]
['2019-03-29 10:33:00', 43.05, 43.02, 43.02, 43.05, 1911]
['2019-03-29 10:32:00', 43.08, 43.07, 43.07, 43.08, 2893]
['2019-03-29 10:31:00', 43.2246, 43.1772, 43.1772, 43.2246, 4632]
['2019-03-29 10:30:00', 43.26, 43.26, 43.26, 43.26, 4000]
['2019-03-29 10:29:00', 43.2577, 43.2577, 43.2577, 43.2577, 3611]
['2019-03-29 10:28:00', 43.29, 43.29, 43.29, 43.29, 2100]
['2019-03-29 10:27:00', 43.3233, 43.3233, 43.3233, 43.3233, 3003]
['2019-03-29 10:23:00', 43.38, 43.3, 43.3, 43.38, 1061]
['2019-03-29 10:22:00', 43.3938, 43.3938, 43.3938, 43.3938, 100]
['2019-03-29 10:19:00', 43.4, 43.4, 43.4, 43.4, 762]
['2019-03-29 10:18:00', 43.4, 43.4, 43.4, 43.4, 128]
['2019-03-29 10:16:00', 43.38, 43.38, 43.38, 43.38, 1552]
['2019-03-29 10:14:00', 43.365, 43.365, 43.365, 43.365, 107]
['2019-03-29 10:13:00', 43.38, 43.38, 43.38, 43.38, 790]
['2019-03-29 10:11:00', 43.4, 43.43, 43.4, 43.43, 5916]
['2019-03-29 10:07:00', 43.175, 43.175, 43.175, 43.175, 869]
['2019-03-29 10:05:00', 43.15, 43.15, 43.15, 43.15, 190]
['2019-03-29 10:03:00', 43.15, 43.15, 43.15, 43.15, 1116]
['2019-03-29 10:02:00', 43.09, 43.09, 43.09, 43.09, 317]
['2019-03-29 09:59:00', 43.2, 43.2, 43.2, 43.2, 378]
['2019-03-29 09:57:00', 43.23, 43.23, 43.23, 43.23, 913]
['2019-03-29 09:55:00', 43.17, 43.17, 43.17, 43.17, 629]
['2019-03-29 09:54:00', 43.07, 43.07, 43.07, 43.07, 690]
['2019-03-29 09:51:00', 43.09, 43.09, 43.09, 43.09, 730]
['2019-03-29 09:48:00', 43.2357, 43.14, 43.14, 43.2357, 1443]
['2019-03-29 09:46:00', 43.15, 43.15, 43.15, 43.15, 735]
['2019-03-29 09:43:00', 43.23, 43.2, 43.2, 43.23, 3804]
['2019-03-29 09:42:00', 43.15, 43.15, 43.15, 43.15, 2484]
['2019-03-29 09:41:00', 43.1, 43.1, 43.1, 43.1, 965]
['2019-03-29 09:40:00', 43.135, 43.135, 43.135, 43.135, 2397]
['2019-03-29 09:39:00', 43.058, 43.058, 43.058, 43.058, 149]
['2019-03-29 09:31:00', 43.09, 43.09, 43.09, 43.09, 4017]
['2019-03-28 16:00:00', 42.66, 42.7, 42.66, 42.7, 3644]
['2019-03-28 15:59:00', 42.66, 42.7, 42.66, 42.7, 4031]
['2019-03-28 15:58:00', 42.67, 42.68, 42.67, 42.68, 2468]
['2019-03-28 15:57:00', 42.6556, 42.6556, 42.6556, 42.6556, 368]
['2019-03-28 15:56:00', 42.67, 42.66, 42.66, 42.68, 3103]
['2019-03-28 15:55:00', 42.66, 42.65, 42.65, 42.66, 1453]
['2019-03-28 15:54:00', 42.6337, 42.6337, 42.6337, 42.6337, 1267]
['2019-03-28 15:53:00', 42.6224, 42.6224, 42.6224, 42.6224, 415]
['2019-03-28 15:52:00', 42.66, 42.64, 42.64, 42.66, 1884]
['2019-03-28 15:51:00', 42.69, 42.67, 42.67, 42.69, 635]
['2019-03-28 15:50:00', 42.64, 42.66, 42.64, 42.66, 1475]
['2019-03-28 15:49:00', 42.64, 42.65, 42.64, 42.65, 1325]
['2019-03-28 15:48:00', 42.69, 42.67, 42.67, 42.69, 1508]
['2019-03-28 15:47:00', 42.72, 42.72, 42.72, 42.72, 406]
['2019-03-28 15:46:00', 42.73, 42.72, 42.72, 42.73, 1585]
['2019-03-28 15:45:00', 42.74, 42.74, 42.74, 42.74, 552]
['2019-03-28 15:44:00', 42.7, 42.7, 42.7, 42.7, 203]
['2019-03-28 15:43:00', 42.69, 42.69, 42.69, 42.69, 411]
['2019-03-28 15:42:00', 42.7, 42.7, 42.7, 42.7, 318]
['2019-03-28 15:41:00', 42.71, 42.71, 42.71, 42.71, 1116]
['2019-03-28 15:40:00', 42.73, 42.71, 42.71, 42.73, 1218]
['2019-03-28 15:38:00', 42.7, 42.725, 42.7, 42.725, 2236]
['2019-03-28 15:37:00', 42.69, 42.69, 42.69, 42.69, 260]
['2019-03-28 15:35:00', 42.66, 42.66, 42.66, 42.66, 331]
['2019-03-28 15:34:00', 42.7, 42.7, 42.7, 42.7, 870]
['2019-03-28 15:33:00', 42.71, 42.71, 42.71, 42.71, 349]
['2019-03-28 15:32:00', 42.6992, 42.6992, 42.6992, 42.6992, 633]
['2019-03-28 15:31:00', 42.67, 42.67, 42.67, 42.67, 397]
['2019-03-28 15:29:00', 42.67, 42.67, 42.67, 42.67, 696]
['2019-03-28 15:27:00', 42.68, 42.68, 42.68, 42.68, 491]
['2019-03-28 15:26:00', 42.66, 42.66, 42.66, 42.66, 1019]
['2019-03-28 15:22:00', 42.66, 42.66, 42.66, 42.66, 187]
['2019-03-28 15:20:00', 42.67, 42.67, 42.67, 42.67, 156]
['2019-03-28 15:18:00', 42.62, 42.62, 42.62, 42.62, 311]
['2019-03-28 15:16:00', 42.69, 42.69, 42.69, 42.69, 223]
['2019-03-28 15:15:00', 42.64, 42.71, 42.64, 42.71, 2055]
['2019-03-28 15:13:00', 42.67, 42.67, 42.67, 42.67, 208]
['2019-03-28 15:12:00', 42.63, 42.63, 42.63, 42.63, 329]
['2019-03-28 15:08:00', 42.59, 42.59, 42.59, 42.59, 771]
['2019-03-28 15:05:00', 42.64, 42.64, 42.64, 42.64, 475]
['2019-03-28 15:03:00', 42.67, 42.67, 42.67, 42.67, 253]
['2019-03-28 15:02:00', 42.56, 42.56, 42.56, 42.56, 846]
['2019-03-28 15:01:00', 42.53, 42.53, 42.53, 42.53, 931]
['2019-03-28 15:00:00', 42.53, 42.53, 42.53, 42.53, 149]
['2019-03-28 14:54:00', 42.5372, 42.5372, 42.5372, 42.5372, 1063]
['2019-03-28 14:53:00', 42.56, 42.56, 42.56, 42.56, 401]
['2019-03-28 14:51:00', 42.615, 42.615, 42.615, 42.615, 964]
['2019-03-28 14:50:00', 42.586, 42.586, 42.586, 42.586, 1082]
['2019-03-28 14:47:00', 42.61, 42.61, 42.61, 42.61, 500]
['2019-03-28 14:45:00', 42.6, 42.58, 42.58, 42.6, 1355]
['2019-03-28 14:44:00', 42.62, 42.62, 42.62, 42.62, 299]
['2019-03-28 14:43:00', 42.65, 42.65, 42.65, 42.65, 437]
['2019-03-28 14:40:00', 42.58, 42.62, 42.58, 42.62, 3145]
['2019-03-28 14:38:00', 42.5824, 42.5824, 42.5824, 42.5824, 250]
['2019-03-28 14:34:00', 42.54, 42.57, 42.54, 42.57, 1300]
['2019-03-28 14:30:00', 42.58, 42.58, 42.58, 42.58, 281]
['2019-03-28 14:28:00', 42.52, 42.555, 42.52, 42.555, 1624]
['2019-03-28 14:27:00', 42.5, 42.5, 42.5, 42.5, 356]
['2019-03-28 14:23:00', 42.53, 42.53, 42.53, 42.53, 516]
['2019-03-28 14:22:00', 42.5, 42.5, 42.5, 42.5, 248]
['2019-03-28 14:19:00', 42.55, 42.55, 42.55, 42.55, 585]
['2019-03-28 14:17:00', 42.58, 42.58, 42.58, 42.58, 256]
['2019-03-28 14:12:00', 42.65, 42.63, 42.63, 42.65, 510]
['2019-03-28 14:10:00', 42.63, 42.63, 42.63, 42.63, 119]
['2019-03-28 14:04:00', 42.6, 42.6, 42.6, 42.6, 203]
['2019-03-28 14:03:00', 42.597, 42.597, 42.597, 42.597, 343]
['2019-03-28 14:01:00', 42.63, 42.63, 42.63, 42.63, 1186]
['2019-03-28 14:00:00', 42.61, 42.61, 42.61, 42.61, 235]
['2019-03-28 13:58:00', 42.63, 42.63, 42.63, 42.63, 124]
['2019-03-28 13:57:00', 42.67, 42.67, 42.67, 42.67, 101]
['2019-03-28 13:55:00', 42.61, 42.61, 42.61, 42.61, 122]
['2019-03-28 13:54:00', 42.61, 42.61, 42.61, 42.61, 711]
['2019-03-28 13:52:00', 42.5885, 42.5885, 42.5885, 42.5885, 907]
['2019-03-28 13:48:00', 42.57, 42.595, 42.57, 42.595, 1202]
['2019-03-28 13:44:00', 42.57, 42.5371, 42.5371, 42.57, 811]
['2019-03-28 13:40:00', 42.61, 42.61, 42.61, 42.61, 2297]
['2019-03-28 13:37:00', 42.6225, 42.6225, 42.6225, 42.6225, 517]
['2019-03-28 13:36:00', 42.62, 42.62, 42.62, 42.62, 415]
['2019-03-28 13:34:00', 42.67, 42.67, 42.67, 42.67, 895]
['2019-03-28 13:31:00', 42.65, 42.65, 42.65, 42.65, 332]
['2019-03-28 13:29:00', 42.66, 42.66, 42.66, 42.66, 433]
['2019-03-28 13:26:00', 42.66, 42.66, 42.66, 42.66, 198]
['2019-03-28 13:22:00', 42.62, 42.62, 42.62, 42.62, 258]
['2019-03-28 13:21:00', 42.5946, 42.5946, 42.5946, 42.5946, 603]
['2019-03-28 13:18:00', 42.6, 42.6, 42.6, 42.6, 3653]
['2019-03-28 13:17:00', 42.5, 42.5, 42.5, 42.52, 2820]
['2019-03-28 13:16:00', 42.5, 42.5, 42.5, 42.5, 149]
['2019-03-28 13:13:00', 42.5, 42.5, 42.5, 42.5, 701]
['2019-03-28 13:12:00', 42.51, 42.51, 42.51, 42.51, 308]
['2019-03-28 13:07:00', 42.48, 42.4751, 42.47, 42.48, 2799]
['2019-03-28 13:03:00', 42.56, 42.56, 42.56, 42.56, 567]
['2019-03-28 13:02:00', 42.48, 42.48, 42.48, 42.48, 163]
['2019-03-28 13:01:00', 42.465, 42.496, 42.46, 42.496, 1562]
['2019-03-28 12:59:00', 42.5, 42.5, 42.5, 42.5, 298]
['2019-03-28 12:56:00', 42.48, 42.48, 42.48, 42.48, 117]
['2019-03-28 12:55:00', 42.47, 42.47, 42.47, 42.47, 614]
['2019-03-28 12:54:00', 42.46, 42.46, 42.46, 42.46, 1703]
['2019-03-28 12:41:00', 42.35, 42.42, 42.35, 42.42, 1388]
['2019-03-28 12:39:00', 42.385, 42.385, 42.385, 42.385, 1207]
['2019-03-28 12:37:00', 42.3605, 42.3605, 42.3605, 42.3605, 856]
['2019-03-28 12:32:00', 42.34, 42.34, 42.34, 42.34, 342]
['2019-03-28 12:30:00', 42.34, 42.34, 42.34, 42.34, 429]
['2019-03-28 12:27:00', 42.36, 42.36, 42.36, 42.36, 322]
['2019-03-28 12:25:00', 42.35, 42.35, 42.35, 42.35, 133]
['2019-03-28 12:24:00', 42.25, 42.25, 42.25, 42.25, 750]
['2019-03-28 12:23:00', 42.26, 42.26, 42.26, 42.26, 400]
['2019-03-28 12:21:00', 42.2, 42.2, 42.2, 42.2, 216]
['2019-03-28 12:19:00', 42.18, 42.18, 42.18, 42.18, 220]
['2019-03-28 12:18:00', 42.13, 42.13, 42.13, 42.13, 203]
['2019-03-28 12:14:00', 42.06, 42.06, 42.06, 42.06, 476]
['2019-03-28 12:11:00', 42.1, 42.1, 42.1, 42.1, 711]
['2019-03-28 12:10:00', 42.12, 42.12, 42.12, 42.12, 323]
['2019-03-28 12:07:00', 42.18, 42.19, 42.18, 42.19, 693]
['2019-03-28 12:05:00', 42.13, 42.13, 42.13, 42.13, 751]
['2019-03-28 12:03:00', 42.17, 42.17, 42.17, 42.17, 203]
['2019-03-28 12:01:00', 42.21, 42.21, 42.21, 42.21, 1282]
['2019-03-28 12:00:00', 42.2, 42.2, 42.2, 42.2, 325]
['2019-03-28 11:51:00', 42.24, 42.24, 42.24, 42.24, 410]
['2019-03-28 11:50:00', 42.22, 42.22, 42.22, 42.22, 291]
['2019-03-28 11:47:00', 42.14, 42.14, 42.14, 42.14, 435]
['2019-03-28 11:46:00', 42.1, 42.1, 42.1, 42.1, 1873]
['2019-03-28 11:45:00', 42.1103, 42.1103, 42.1103, 42.1103, 1207]
['2019-03-28 11:43:00', 42.09, 42.09, 42.09, 42.09, 158]
['2019-03-28 11:41:00', 42.17, 42.17, 42.17, 42.17, 431]
['2019-03-28 11:40:00', 42.225, 42.215, 42.215, 42.225, 809]
['2019-03-28 11:37:00', 42.12, 42.11, 42.11, 42.13, 4231]
['2019-03-28 11:35:00', 42.21, 42.21, 42.21, 42.21, 1187]
['2019-03-28 11:33:00', 42.12, 42.12, 42.12, 42.12, 327]
['2019-03-28 11:32:00', 42.111, 42.1468, 42.111, 42.1468, 1007]
['2019-03-28 11:30:00', 42.07, 42.07, 42.07, 42.07, 641]
['2019-03-28 11:29:00', 42.15, 42.15, 42.15, 42.15, 277]
['2019-03-28 11:28:00', 42.15, 42.18, 42.15, 42.18, 2191]
['2019-03-28 11:26:00', 42.1861, 42.1861, 42.1861, 42.1861, 837]
['2019-03-28 11:25:00', 42.16, 42.16, 42.16, 42.16, 1596]
['2019-03-28 11:24:00', 42.26, 42.26, 42.26, 42.26, 301]
['2019-03-28 11:21:00', 42.3, 42.3, 42.3, 42.3, 831]
['2019-03-28 11:18:00', 42.42, 42.42, 42.42, 42.42, 100]
['2019-03-28 11:17:00', 42.38, 42.38, 42.38, 42.38, 744]
['2019-03-28 11:16:00', 42.35, 42.4099, 42.35, 42.4099, 1480]
['2019-03-28 11:13:00', 42.48, 42.42, 42.42, 42.48, 483]
['2019-03-28 11:11:00', 42.485, 42.485, 42.485, 42.485, 901]
['2019-03-28 11:09:00', 42.42, 42.42, 42.42, 42.42, 231]
['2019-03-28 11:08:00', 42.41, 42.48, 42.41, 42.48, 1363]
['2019-03-28 11:07:00', 42.36, 42.36, 42.36, 42.36, 346]
['2019-03-28 11:06:00', 42.445, 42.38, 42.38, 42.445, 1289]
['2019-03-28 11:05:00', 42.45, 42.45, 42.45, 42.45, 1253]
['2019-03-28 11:04:00', 42.4769, 42.4769, 42.4769, 42.4769, 261]
['2019-03-28 11:01:00', 42.57, 42.57, 42.57, 42.57, 381]
['2019-03-28 10:59:00', 42.64, 42.64, 42.64, 42.64, 472]
['2019-03-28 10:58:00', 42.68, 42.68, 42.68, 42.68, 121]
['2019-03-28 10:57:00', 42.62, 42.62, 42.62, 42.62, 1507]
['2019-03-28 10:56:00', 42.62, 42.62, 42.62, 42.62, 299]
['2019-03-28 10:53:00', 42.6711, 42.6711, 42.6711, 42.6711, 489]
['2019-03-28 10:51:00', 42.67, 42.67, 42.67, 42.67, 531]
['2019-03-28 10:50:00', 42.74, 42.74, 42.74, 42.74, 633]
['2019-03-28 10:49:00', 42.74, 42.74, 42.74, 42.74, 488]
['2019-03-28 10:47:00', 42.761, 42.761, 42.761, 42.761, 764]
['2019-03-28 10:45:00', 42.76, 42.76, 42.76, 42.76, 565]
['2019-03-28 10:42:00', 42.8, 42.8, 42.8, 42.8, 361]
['2019-03-28 10:40:00', 42.785, 42.785, 42.785, 42.785, 598]
['2019-03-28 10:39:00', 42.91, 42.91, 42.91, 42.91, 100]
['2019-03-28 10:36:00', 42.885, 42.9004, 42.885, 42.9004, 1421]
['2019-03-28 10:32:00', 42.76, 42.79, 42.76, 42.79, 700]
['2019-03-28 10:30:00', 42.88, 42.88, 42.88, 42.88, 218]
['2019-03-28 10:26:00', 42.89, 42.89, 42.89, 42.89, 377]
['2019-03-28 10:25:00', 42.89, 42.89, 42.89, 42.89, 340]
['2019-03-28 10:23:00', 42.925, 42.925, 42.925, 42.925, 417]
['2019-03-28 10:18:00', 42.84, 42.84, 42.84, 42.84, 426]
['2019-03-28 10:16:00', 42.86, 42.86, 42.86, 42.86, 245]
['2019-03-28 10:14:00', 42.96, 42.96, 42.96, 42.96, 1327]
['2019-03-28 10:13:00', 43.0, 43.06, 43.0, 43.06, 1498]
['2019-03-28 10:12:00', 43.0, 43.0, 43.0, 43.0, 163]
['2019-03-28 10:07:00', 42.96, 42.96, 42.96, 42.96, 510]
['2019-03-28 10:03:00', 42.81, 42.81, 42.81, 42.81, 970]
['2019-03-28 10:02:00', 42.93, 42.93, 42.93, 42.93, 1075]
['2019-03-28 09:59:00', 42.94, 42.94, 42.94, 42.94, 140]
['2019-03-28 09:58:00', 42.82, 42.86, 42.82, 42.86, 988]
['2019-03-28 09:57:00', 42.7443, 42.7443, 42.7443, 42.7443, 140]
['2019-03-28 09:53:00', 42.77, 42.77, 42.77, 42.77, 345]
['2019-03-28 09:52:00', 42.75, 42.75, 42.75, 42.75, 2630]
['2019-03-28 09:50:00', 42.93, 42.93, 42.93, 42.93, 259]
['2019-03-28 09:49:00', 42.78, 42.78, 42.78, 42.78, 361]
['2019-03-28 09:46:00', 42.76, 42.76, 42.76, 42.76, 906]
['2019-03-28 09:42:00', 42.5708, 42.5708, 42.5708, 42.5708, 302]
['2019-03-28 09:39:00', 42.42, 42.58, 42.42, 42.58, 1881]
['2019-03-28 09:37:00', 42.29, 42.29, 42.29, 42.29, 672]
['2019-03-28 09:36:00', 42.29, 42.29, 42.29, 42.29, 1383]
['2019-03-28 09:34:00', 42.32, 42.32, 42.32, 42.32, 141]
['2019-03-28 09:32:00', 42.42, 42.42, 42.42, 42.42, 480]
['2019-03-28 09:31:00', 42.39, 42.39, 42.39, 42.39, 4642]
['2019-03-27 16:00:00', 42.75, 42.7, 42.7, 42.75, 5327]
['2019-03-27 15:59:00', 42.705, 42.76, 42.705, 42.76, 5003]
['2019-03-27 15:58:00', 42.71, 42.705, 42.705, 42.71, 3217]
['2019-03-27 15:57:00', 42.71, 42.7, 42.7, 42.71, 4899]
['2019-03-27 15:56:00', 42.73, 42.72, 42.72, 42.73, 6488]
['2019-03-27 15:55:00', 42.75, 42.72, 42.72, 42.75, 2931]
['2019-03-27 15:54:00', 42.8, 42.78, 42.78, 42.8, 2607]
['2019-03-27 15:53:00', 42.81, 42.8, 42.8, 42.81, 5185]
['2019-03-27 15:52:00', 42.83, 42.8, 42.8, 42.83, 3055]
['2019-03-27 15:51:00', 42.87, 42.85, 42.85, 42.87, 3208]
['2019-03-27 15:50:00', 42.89, 42.885, 42.885, 42.89, 2051]
['2019-03-27 15:49:00', 42.93, 42.895, 42.895, 42.93, 4098]
['2019-03-27 15:48:00', 42.93, 42.93, 42.93, 42.93, 1163]
['2019-03-27 15:47:00', 42.9, 42.9, 42.9, 42.9, 1100]
['2019-03-27 15:46:00', 42.87, 42.89, 42.87, 42.89, 2465]
['2019-03-27 15:45:00', 42.83, 42.84, 42.83, 42.84, 2851]
['2019-03-27 15:44:00', 42.84, 42.84, 42.84, 42.84, 1410]
['2019-03-27 15:43:00', 42.85, 42.85, 42.85, 42.85, 1520]
['2019-03-27 15:41:00', 42.88, 42.85, 42.85, 42.88, 981]
['2019-03-27 15:40:00', 42.89, 42.87, 42.87, 42.9, 4129]
['2019-03-27 15:38:00', 42.9, 42.905, 42.9, 42.905, 1980]
['2019-03-27 15:35:00', 42.93, 42.93, 42.93, 42.93, 1291]
['2019-03-27 15:34:00', 42.9, 42.9, 42.9, 42.9, 384]
['2019-03-27 15:32:00', 42.88, 42.88, 42.88, 42.88, 177]
['2019-03-27 15:31:00', 42.79, 42.87, 42.79, 42.87, 2897]
['2019-03-27 15:30:00', 42.77, 42.77, 42.77, 42.77, 901]
['2019-03-27 15:29:00', 42.7, 42.7, 42.7, 42.7, 957]
['2019-03-27 15:28:00', 42.75, 42.75, 42.75, 42.75, 600]
['2019-03-27 15:27:00', 42.72, 42.72, 42.72, 42.72, 200]
['2019-03-27 15:25:00', 42.76, 42.77, 42.76, 42.77, 2096]
['2019-03-27 15:24:00', 42.8, 42.8, 42.8, 42.8, 920]
['2019-03-27 15:22:00', 42.79, 42.79, 42.78, 42.79, 1571]
['2019-03-27 15:21:00', 42.79, 42.79, 42.79, 42.79, 100]
['2019-03-27 15:19:00', 42.74, 42.73, 42.73, 42.77, 2057]
['2019-03-27 15:16:00', 42.72, 42.72, 42.72, 42.72, 387]
['2019-03-27 15:15:00', 42.67, 42.67, 42.67, 42.67, 368]
['2019-03-27 15:14:00', 42.66, 42.66, 42.66, 42.66, 321]
['2019-03-27 15:13:00', 42.7, 42.69, 42.69, 42.7, 1346]
['2019-03-27 15:12:00', 42.72, 42.72, 42.72, 42.72, 686]
['2019-03-27 15:07:00', 42.73, 42.7, 42.68, 42.73, 2184]
['2019-03-27 15:06:00', 42.73, 42.73, 42.73, 42.73, 735]
['2019-03-27 15:05:00', 42.7, 42.7, 42.7, 42.7, 571]
['2019-03-27 15:04:00', 42.7, 42.7, 42.7, 42.7, 249]
['2019-03-27 15:03:00', 42.7, 42.7, 42.7, 42.7, 110]
['2019-03-27 15:01:00', 42.73, 42.73, 42.73, 42.73, 814]
['2019-03-27 14:59:00', 42.72, 42.72, 42.72, 42.72, 1070]
['2019-03-27 14:58:00', 42.69, 42.71, 42.69, 42.71, 1010]
['2019-03-27 14:57:00', 42.65, 42.65, 42.65, 42.65, 801]
['2019-03-27 14:56:00', 42.69, 42.77, 42.69, 42.77, 2389]
['2019-03-27 14:55:00', 42.6337, 42.6337, 42.6337, 42.6337, 238]
['2019-03-27 14:53:00', 42.67, 42.67, 42.67, 42.67, 1463]
['2019-03-27 14:49:00', 42.56, 42.56, 42.56, 42.56, 411]
['2019-03-27 14:46:00', 42.58, 42.58, 42.55, 42.58, 893]
['2019-03-27 14:43:00', 42.57, 42.57, 42.57, 42.57, 1163]
['2019-03-27 14:40:00', 42.5, 42.5, 42.5, 42.5, 128]
['2019-03-27 14:39:00', 42.63, 42.63, 42.63, 42.63, 713]
['2019-03-27 14:38:00', 42.59, 42.59, 42.59, 42.59, 666]
['2019-03-27 14:37:00', 42.58, 42.58, 42.58, 42.58, 436]
['2019-03-27 14:36:00', 42.57, 42.57, 42.57, 42.57, 409]
['2019-03-27 14:34:00', 42.6, 42.6, 42.6, 42.6, 320]
['2019-03-27 14:32:00', 42.66, 42.66, 42.66, 42.66, 2043]
['2019-03-27 14:31:00', 42.66, 42.66, 42.66, 42.66, 300]
['2019-03-27 14:30:00', 42.6343, 42.6343, 42.6343, 42.6343, 380]
['2019-03-27 14:28:00', 42.58, 42.58, 42.58, 42.58, 720]
['2019-03-27 14:27:00', 42.63, 42.63, 42.63, 42.63, 1686]
['2019-03-27 14:26:00', 42.6, 42.6, 42.6, 42.6, 253]
['2019-03-27 14:24:00', 42.61, 42.61, 42.61, 42.61, 287]
['2019-03-27 14:23:00', 42.65, 42.65, 42.65, 42.65, 424]
['2019-03-27 14:19:00', 42.77, 42.77, 42.77, 42.77, 1112]
['2019-03-27 14:16:00', 42.78, 42.78, 42.78, 42.78, 304]
['2019-03-27 14:15:00', 42.76, 42.76, 42.76, 42.76, 311]
['2019-03-27 14:14:00', 42.76, 42.76, 42.76, 42.76, 635]
['2019-03-27 14:12:00', 42.75, 42.75, 42.75, 42.75, 1434]
['2019-03-27 14:08:00', 42.7025, 42.7025, 42.7025, 42.7025, 134]
['2019-03-27 14:07:00', 42.67, 42.67, 42.67, 42.67, 351]
['2019-03-27 14:06:00', 42.69, 42.69, 42.69, 42.69, 110]
['2019-03-27 14:05:00', 42.7, 42.7, 42.7, 42.7, 1262]
['2019-03-27 14:02:00', 42.7, 42.7, 42.7, 42.7, 381]
['2019-03-27 14:01:00', 42.71, 42.71, 42.71, 42.71, 930]
['2019-03-27 13:59:00', 42.77, 42.77, 42.77, 42.77, 170]
['2019-03-27 13:58:00', 42.71, 42.63, 42.63, 42.71, 845]
['2019-03-27 13:57:00', 42.7, 42.7, 42.7, 42.7, 212]
['2019-03-27 13:56:00', 42.75, 42.75, 42.75, 42.75, 332]
['2019-03-27 13:55:00', 42.73, 42.73, 42.73, 42.73, 393]
['2019-03-27 13:53:00', 42.7, 42.7, 42.7, 42.7, 362]
['2019-03-27 13:49:00', 42.73, 42.73, 42.73, 42.73, 120]
['2019-03-27 13:47:00', 42.73, 42.73, 42.73, 42.73, 234]
['2019-03-27 13:45:00', 42.63, 42.63, 42.63, 42.63, 624]
['2019-03-27 13:44:00', 42.63, 42.63, 42.63, 42.63, 145]
['2019-03-27 13:43:00', 42.63, 42.63, 42.63, 42.63, 5111]
['2019-03-27 13:40:00', 42.6, 42.6, 42.6, 42.6, 313]
['2019-03-27 13:38:00', 42.64, 42.64, 42.64, 42.64, 170]
['2019-03-27 13:36:00', 42.64, 42.63, 42.63, 42.64, 614]
['2019-03-27 13:33:00', 42.65, 42.65, 42.65, 42.65, 456]
['2019-03-27 13:31:00', 42.64, 42.64, 42.64, 42.64, 102]
['2019-03-27 13:28:00', 42.64, 42.64, 42.64, 42.64, 130]
['2019-03-27 13:26:00', 42.64, 42.67, 42.64, 42.67, 241]
['2019-03-27 13:23:00', 42.65, 42.6, 42.6, 42.65, 523]
['2019-03-27 13:22:00', 42.66, 42.66, 42.66, 42.66, 359]
['2019-03-27 13:21:00', 42.63, 42.63, 42.63, 42.63, 139]
['2019-03-27 13:20:00', 42.7, 42.7, 42.7, 42.7, 207]
['2019-03-27 13:18:00', 42.64, 42.64, 42.64, 42.64, 217]
['2019-03-27 13:16:00', 42.69, 42.69, 42.69, 42.69, 370]
['2019-03-27 13:15:00', 42.66, 42.66, 42.66, 42.66, 540]
['2019-03-27 13:14:00', 42.52, 42.52, 42.52, 42.52, 286]
['2019-03-27 13:12:00', 42.47, 42.47, 42.47, 42.47, 210]
['2019-03-27 13:08:00', 42.44, 42.44, 42.44, 42.44, 417]
['2019-03-27 13:03:00', 42.48, 42.48, 42.48, 42.48, 226]
['2019-03-27 13:00:00', 42.45, 42.45, 42.45, 42.45, 1401]
['2019-03-27 12:59:00', 42.51, 42.51, 42.51, 42.51, 1155]
['2019-03-27 12:56:00', 42.53, 42.53, 42.53, 42.53, 229]
['2019-03-27 12:55:00', 42.53, 42.53, 42.53, 42.53, 606]
['2019-03-27 12:54:00', 42.55, 42.55, 42.55, 42.55, 207]
['2019-03-27 12:53:00', 42.54, 42.54, 42.54, 42.54, 387]
['2019-03-27 12:52:00', 42.46, 42.46, 42.46, 42.46, 248]
['2019-03-27 12:50:00', 42.49, 42.49, 42.49, 42.49, 807]
['2019-03-27 12:48:00', 42.48, 42.48, 42.48, 42.48, 308]
['2019-03-27 12:46:00', 42.49, 42.49, 42.49, 42.49, 362]
['2019-03-27 12:43:00', 42.49, 42.49, 42.49, 42.49, 100]
['2019-03-27 12:42:00', 42.46, 42.46, 42.46, 42.46, 100]
['2019-03-27 12:40:00', 42.55, 42.55, 42.55, 42.55, 230]
['2019-03-27 12:38:00', 42.52, 42.52, 42.52, 42.52, 104]
['2019-03-27 12:36:00', 42.49, 42.49, 42.49, 42.49, 340]
['2019-03-27 12:34:00', 42.56, 42.4875, 42.4875, 42.56, 935]
['2019-03-27 12:31:00', 42.515, 42.515, 42.515, 42.515, 158]
['2019-03-27 12:28:00', 42.55, 42.55, 42.55, 42.55, 741]
['2019-03-27 12:27:00', 42.47, 42.47, 42.47, 42.47, 275]
['2019-03-27 12:25:00', 42.46, 42.474, 42.46, 42.474, 631]
['2019-03-27 12:23:00', 42.48, 42.48, 42.48, 42.48, 221]
['2019-03-27 12:22:00', 42.53, 42.53, 42.53, 42.53, 209]
['2019-03-27 12:21:00', 42.5195, 42.5195, 42.5195, 42.5195, 1110]
['2019-03-27 12:19:00', 42.51, 42.51, 42.51, 42.51, 598]
['2019-03-27 12:18:00', 42.44, 42.51, 42.44, 42.51, 725]
['2019-03-27 12:16:00', 42.44, 42.44, 42.44, 42.44, 400]
['2019-03-27 12:15:00', 42.45, 42.45, 42.45, 42.45, 592]
['2019-03-27 12:13:00', 42.52, 42.52, 42.52, 42.52, 750]
['2019-03-27 12:12:00', 42.5, 42.5, 42.5, 42.5, 594]
['2019-03-27 12:11:00', 42.46, 42.46, 42.46, 42.46, 400]
['2019-03-27 12:10:00', 42.46, 42.46, 42.46, 42.46, 475]
['2019-03-27 12:07:00', 42.44, 42.44, 42.44, 42.44, 605]
['2019-03-27 12:06:00', 42.41, 42.41, 42.41, 42.41, 200]
['2019-03-27 12:05:00', 42.29, 42.29, 42.29, 42.29, 305]
['2019-03-27 12:03:00', 42.24, 42.24, 42.24, 42.24, 1727]
['2019-03-27 11:58:00', 42.31, 42.31, 42.31, 42.31, 321]
['2019-03-27 11:57:00', 42.26, 42.26, 42.26, 42.26, 401]
['2019-03-27 11:51:00', 42.2186, 42.28, 42.2186, 42.28, 1214]
['2019-03-27 11:46:00', 42.2054, 42.2054, 42.2054, 42.2054, 563]
['2019-03-27 11:43:00', 42.33, 42.33, 42.33, 42.33, 749]
['2019-03-27 11:40:00', 42.415, 42.415, 42.415, 42.415, 200]
['2019-03-27 11:39:00', 42.39, 42.39, 42.39, 42.39, 200]
['2019-03-27 11:38:00', 42.37, 42.37, 42.37, 42.37, 246]
['2019-03-27 11:36:00', 42.34, 42.34, 42.34, 42.34, 510]
['2019-03-27 11:35:00', 42.385, 42.42, 42.385, 42.42, 3246]
['2019-03-27 11:34:00', 42.45, 42.46, 42.45, 42.48, 3595]
['2019-03-27 11:33:00', 42.45, 42.45, 42.45, 42.45, 420]
['2019-03-27 11:32:00', 42.45, 42.45, 42.45, 42.45, 565]
['2019-03-27 11:31:00', 42.43, 42.43, 42.43, 42.43, 763]
['2019-03-27 11:30:00', 42.45, 42.45, 42.45, 42.45, 1515]
['2019-03-27 11:29:00', 42.45, 42.45, 42.45, 42.45, 2227]
['2019-03-27 11:28:00', 42.48, 42.47, 42.47, 42.48, 842]
['2019-03-27 11:26:00', 42.52, 42.52, 42.52, 42.52, 382]
['2019-03-27 11:21:00', 42.445, 42.47, 42.445, 42.47, 2044]
['2019-03-27 11:18:00', 42.44, 42.41, 42.41, 42.44, 2755]
['2019-03-27 11:17:00', 42.43, 42.45, 42.43, 42.46, 6037]
['2019-03-27 11:16:00', 42.45, 42.459, 42.45, 42.459, 3311]
['2019-03-27 11:15:00', 42.43, 42.43, 42.43, 42.43, 800]
['2019-03-27 11:14:00', 42.45, 42.45, 42.45, 42.46, 5439]
['2019-03-27 11:13:00', 42.45, 42.45, 42.45, 42.45, 971]
['2019-03-27 11:12:00', 42.445, 42.51, 42.44, 42.51, 7387]
['2019-03-27 11:11:00', 42.4425, 42.4425, 42.4425, 42.4425, 433]
['2019-03-27 11:08:00', 42.4481, 42.4481, 42.4481, 42.4481, 256]
['2019-03-27 11:07:00', 42.44, 42.44, 42.44, 42.44, 589]
['2019-03-27 11:06:00', 42.45, 42.45, 42.45, 42.45, 958]
['2019-03-27 11:05:00', 42.415, 42.415, 42.415, 42.415, 753]
['2019-03-27 11:02:00', 42.49, 42.49, 42.49, 42.49, 140]
['2019-03-27 10:59:00', 42.45, 42.45, 42.45, 42.45, 182]
['2019-03-27 10:58:00', 42.45, 42.45, 42.45, 42.45, 200]
['2019-03-27 10:57:00', 42.45, 42.45, 42.45, 42.45, 1736]
['2019-03-27 10:54:00', 42.44, 42.44, 42.44, 42.44, 715]
['2019-03-27 10:53:00', 42.45, 42.45, 42.45, 42.45, 1268]
['2019-03-27 10:52:00', 42.48, 42.47, 42.47, 42.48, 2863]
['2019-03-27 10:51:00', 42.445, 42.445, 42.445, 42.445, 561]
['2019-03-27 10:45:00', 42.45, 42.44, 42.44, 42.45, 2310]
['2019-03-27 10:44:00', 42.47, 42.45, 42.45, 42.48, 2813]
['2019-03-27 10:43:00', 42.47, 42.47, 42.47, 42.47, 601]
['2019-03-27 10:40:00', 42.51, 42.51, 42.51, 42.51, 604]
['2019-03-27 10:38:00', 42.5, 42.5, 42.5, 42.5, 1200]
['2019-03-27 10:37:00', 42.45, 42.46, 42.44, 42.49, 3179]
['2019-03-27 10:33:00', 42.435, 42.435, 42.435, 42.435, 818]
['2019-03-27 10:32:00', 42.47, 42.47, 42.47, 42.47, 200]
['2019-03-27 10:29:00', 42.5, 42.5, 42.5, 42.5, 104]
['2019-03-27 10:28:00', 42.485, 42.485, 42.485, 42.485, 950]
['2019-03-27 10:24:00', 42.57, 42.57, 42.57, 42.57, 135]
['2019-03-27 10:20:00', 42.51, 42.51, 42.51, 42.51, 202]
['2019-03-27 10:18:00', 42.4806, 42.4806, 42.4806, 42.4806, 304]
['2019-03-27 10:17:00', 42.41, 42.41, 42.41, 42.41, 402]
['2019-03-27 10:16:00', 42.42, 42.42, 42.42, 42.42, 1201]
['2019-03-27 10:14:00', 42.4, 42.4, 42.4, 42.4, 500]
['2019-03-27 10:11:00', 42.39, 42.39, 42.39, 42.39, 100]
['2019-03-27 10:07:00', 42.355, 42.355, 42.355, 42.355, 758]
['2019-03-27 10:05:00', 42.36, 42.36, 42.36, 42.36, 652]
['2019-03-27 10:04:00', 42.43, 42.43, 42.43, 42.43, 100]
['2019-03-27 09:59:00', 42.33, 42.33, 42.33, 42.33, 300]
['2019-03-27 09:58:00', 42.27, 42.27, 42.27, 42.27, 400]
['2019-03-27 09:57:00', 42.14, 42.14, 42.14, 42.14, 911]
['2019-03-27 09:54:00', 42.44, 42.43, 42.43, 42.44, 996]
['2019-03-27 09:52:00', 42.48, 42.48, 42.48, 42.48, 833]
['2019-03-27 09:50:00', 42.41, 42.41, 42.41, 42.41, 712]
['2019-03-27 09:49:00', 42.45, 42.35, 42.35, 42.45, 1840]
['2019-03-27 09:48:00', 42.41, 42.41, 42.41, 42.41, 5750]
['2019-03-27 09:46:00', 42.5, 42.5, 42.5, 42.5, 526]
['2019-03-27 09:45:00', 42.56, 42.56, 42.56, 42.56, 463]
['2019-03-27 09:42:00', 42.66, 42.68, 42.66, 42.68, 685]
['2019-03-27 09:41:00', 42.625, 42.625, 42.625, 42.625, 1485]
['2019-03-27 09:40:00', 42.56, 42.56, 42.56, 42.56, 598]
['2019-03-27 09:37:00', 42.9385, 42.9385, 42.9385, 42.9385, 729]
['2019-03-27 09:31:00', 42.82, 42.82, 42.82, 42.82, 2974]
['2019-03-26 16:00:00', 42.83, 42.81, 42.81, 42.83, 29885]
['2019-03-26 15:59:00', 42.81, 42.81, 42.81, 42.82, 4914]
['2019-03-26 15:58:00', 42.8, 42.8, 42.8, 42.8, 3449]
['2019-03-26 15:57:00', 42.77, 42.77, 42.77, 42.77, 554]
['2019-03-26 15:56:00', 42.79, 42.76, 42.76, 42.79, 4132]
['2019-03-26 15:55:00', 42.79, 42.79, 42.79, 42.79, 773]
['2019-03-26 15:54:00', 42.83, 42.8198, 42.8198, 42.83, 1091]
['2019-03-26 15:52:00', 42.8, 42.815, 42.8, 42.815, 825]
['2019-03-26 15:51:00', 42.79, 42.79, 42.79, 42.79, 677]
['2019-03-26 15:50:00', 42.81, 42.78, 42.75, 42.81, 1618]
['2019-03-26 15:48:00', 42.83, 42.83, 42.83, 42.83, 1512]
['2019-03-26 15:46:00', 42.805, 42.805, 42.805, 42.805, 454]
['2019-03-26 15:45:00', 42.85, 42.85, 42.85, 42.85, 112]
['2019-03-26 15:42:00', 42.83, 42.83, 42.83, 42.83, 334]
['2019-03-26 15:41:00', 42.84, 42.84, 42.84, 42.84, 346]
['2019-03-26 15:40:00', 42.85, 42.85, 42.85, 42.85, 1065]
['2019-03-26 15:39:00', 42.86, 42.86, 42.86, 42.86, 118]
['2019-03-26 15:37:00', 42.865, 42.865, 42.865, 42.865, 264]
['2019-03-26 15:36:00', 42.84, 42.84, 42.84, 42.84, 167]
['2019-03-26 15:35:00', 42.84, 42.84, 42.84, 42.84, 321]
['2019-03-26 15:33:00', 42.83, 42.87, 42.83, 42.87, 1615]
['2019-03-26 15:31:00', 42.8, 42.81, 42.8, 42.81, 640]
['2019-03-26 15:28:00', 42.759, 42.81, 42.759, 42.81, 931]
['2019-03-26 15:26:00', 42.75, 42.75, 42.75, 42.75, 639]
['2019-03-26 15:24:00', 42.8, 42.8, 42.8, 42.8, 339]
['2019-03-26 15:22:00', 42.83, 42.83, 42.83, 42.83, 101]
['2019-03-26 15:18:00', 42.82, 42.82, 42.82, 42.82, 486]
['2019-03-26 15:15:00', 42.84, 42.84, 42.84, 42.84, 358]
['2019-03-26 15:13:00', 42.835, 42.835, 42.835, 42.835, 179]
['2019-03-26 15:12:00', 42.8, 42.8, 42.8, 42.8, 629]
['2019-03-26 15:11:00', 42.88, 42.85, 42.85, 42.88, 1183]
['2019-03-26 15:08:00', 42.88, 42.86, 42.86, 42.88, 1524]
['2019-03-26 15:07:00', 42.91, 42.91, 42.91, 42.91, 459]
['2019-03-26 15:04:00', 42.91, 42.91, 42.91, 42.91, 115]
['2019-03-26 15:02:00', 42.89, 42.89, 42.89, 42.89, 1423]
['2019-03-26 15:01:00', 42.82, 42.82, 42.82, 42.82, 217]
['2019-03-26 15:00:00', 42.76, 42.76, 42.76, 42.76, 701]
['2019-03-26 14:59:00', 42.78, 42.78, 42.78, 42.78, 353]
['2019-03-26 14:57:00', 42.675, 42.63, 42.63, 42.675, 300]
['2019-03-26 14:54:00', 42.68, 42.69, 42.68, 42.69, 438]
['2019-03-26 14:53:00', 42.71, 42.69, 42.69, 42.71, 688]
['2019-03-26 14:51:00', 42.74, 42.74, 42.74, 42.74, 115]
['2019-03-26 14:48:00', 42.74, 42.74, 42.74, 42.74, 100]
['2019-03-26 14:45:00', 42.7, 42.7, 42.7, 42.7, 1715]
['2019-03-26 14:43:00', 42.66, 42.66, 42.66, 42.66, 226]
['2019-03-26 14:40:00', 42.6274, 42.62, 42.62, 42.6274, 251]
['2019-03-26 14:37:00', 42.63, 42.63, 42.63, 42.63, 125]
['2019-03-26 14:35:00', 42.6, 42.6, 42.6, 42.6, 177]
['2019-03-26 14:34:00', 42.505, 42.505, 42.505, 42.505, 1600]
['2019-03-26 14:33:00', 42.54, 42.54, 42.54, 42.54, 100]
['2019-03-26 14:30:00', 42.62, 42.62, 42.62, 42.62, 633]
['2019-03-26 14:27:00', 42.68, 42.68, 42.68, 42.68, 200]
['2019-03-26 14:26:00', 42.6526, 42.6526, 42.6526, 42.6526, 131]
['2019-03-26 14:24:00', 42.66, 42.66, 42.66, 42.66, 681]
['2019-03-26 14:21:00', 42.7, 42.7, 42.7, 42.7, 128]
['2019-03-26 14:18:00', 42.65, 42.65, 42.65, 42.65, 213]
['2019-03-26 14:17:00', 42.63, 42.63, 42.63, 42.63, 580]
['2019-03-26 14:15:00', 42.65, 42.65, 42.65, 42.65, 436]
['2019-03-26 14:11:00', 42.62, 42.62, 42.62, 42.62, 851]
['2019-03-26 14:10:00', 42.65, 42.65, 42.65, 42.65, 187]
['2019-03-26 14:08:00', 42.63, 42.63, 42.63, 42.63, 586]
['2019-03-26 14:06:00', 42.55, 42.55, 42.55, 42.55, 315]
['2019-03-26 14:04:00', 42.55, 42.55, 42.55, 42.55, 423]
['2019-03-26 14:01:00', 42.54, 42.56, 42.54, 42.56, 1316]
['2019-03-26 13:58:00', 42.58, 42.58, 42.58, 42.58, 457]
['2019-03-26 13:56:00', 42.59, 42.59, 42.59, 42.59, 207]
['2019-03-26 13:54:00', 42.62, 42.55, 42.55, 42.62, 977]
['2019-03-26 13:52:00', 42.66, 42.66, 42.66, 42.66, 102]
['2019-03-26 13:44:00', 42.59, 42.59, 42.59, 42.59, 359]
['2019-03-26 13:43:00', 42.56, 42.56, 42.56, 42.56, 242]
['2019-03-26 13:42:00', 42.59, 42.59, 42.59, 42.59, 302]
['2019-03-26 13:39:00', 42.57, 42.57, 42.57, 42.57, 423]
['2019-03-26 13:32:00', 42.6588, 42.6588, 42.6588, 42.6588, 1297]
['2019-03-26 13:28:00', 42.71, 42.71, 42.71, 42.71, 788]
['2019-03-26 13:27:00', 42.6623, 42.6623, 42.6623, 42.6623, 367]
['2019-03-26 13:26:00', 42.69, 42.69, 42.69, 42.69, 231]
['2019-03-26 13:24:00', 42.66, 42.66, 42.66, 42.66, 284]
['2019-03-26 13:23:00', 42.71, 42.71, 42.71, 42.71, 200]
['2019-03-26 13:22:00', 42.72, 42.72, 42.72, 42.72, 200]
['2019-03-26 13:19:00', 42.69, 42.69, 42.69, 42.69, 869]
['2019-03-26 13:18:00', 42.71, 42.71, 42.71, 42.71, 510]
['2019-03-26 13:16:00', 42.71, 42.71, 42.71, 42.71, 244]
['2019-03-26 13:15:00', 42.71, 42.71, 42.71, 42.71, 100]
['2019-03-26 13:10:00', 42.6776, 42.6776, 42.6776, 42.6776, 274]
['2019-03-26 13:08:00', 42.64, 42.64, 42.64, 42.64, 272]
['2019-03-26 13:07:00', 42.62, 42.62, 42.62, 42.62, 393]
['2019-03-26 13:04:00', 42.54, 42.54, 42.54, 42.54, 623]
['2019-03-26 13:03:00', 42.54, 42.54, 42.54, 42.54, 120]
['2019-03-26 13:02:00', 42.53, 42.53, 42.53, 42.53, 150]
['2019-03-26 12:59:00', 42.55, 42.55, 42.55, 42.55, 418]
['2019-03-26 12:56:00', 42.55, 42.55, 42.55, 42.55, 170]
['2019-03-26 12:52:00', 42.525, 42.525, 42.525, 42.525, 536]
['2019-03-26 12:51:00', 42.5, 42.5, 42.5, 42.5, 508]
['2019-03-26 12:49:00', 42.48, 42.48, 42.48, 42.48, 411]
['2019-03-26 12:46:00', 42.51, 42.51, 42.51, 42.51, 120]
['2019-03-26 12:42:00', 42.485, 42.485, 42.485, 42.485, 100]
['2019-03-26 12:41:00', 42.5, 42.5, 42.5, 42.5, 350]
['2019-03-26 12:40:00', 42.51, 42.51, 42.51, 42.51, 342]
['2019-03-26 12:36:00', 42.58, 42.58, 42.58, 42.58, 256]
['2019-03-26 12:34:00', 42.56, 42.56, 42.56, 42.56, 200]
['2019-03-26 12:32:00', 42.55, 42.55, 42.55, 42.55, 975]
['2019-03-26 12:28:00', 42.51, 42.52, 42.51, 42.52, 523]
['2019-03-26 12:26:00', 42.51, 42.51, 42.51, 42.51, 300]
['2019-03-26 12:25:00', 42.51, 42.51, 42.51, 42.51, 418]
['2019-03-26 12:24:00', 42.51, 42.51, 42.51, 42.51, 871]
['2019-03-26 12:22:00', 42.5644, 42.5644, 42.5644, 42.5644, 250]
['2019-03-26 12:21:00', 42.5929, 42.5929, 42.5929, 42.5929, 410]
['2019-03-26 12:17:00', 42.59, 42.59, 42.59, 42.59, 195]
['2019-03-26 12:15:00', 42.58, 42.58, 42.58, 42.58, 225]
['2019-03-26 12:14:00', 42.52, 42.54, 42.52, 42.54, 843]
['2019-03-26 12:13:00', 42.575, 42.575, 42.575, 42.575, 2233]
['2019-03-26 12:10:00', 42.54, 42.54, 42.54, 42.54, 150]
['2019-03-26 12:09:00', 42.58, 42.58, 42.58, 42.58, 728]
['2019-03-26 12:07:00', 42.65, 42.65, 42.65, 42.65, 115]
['2019-03-26 12:04:00', 42.56, 42.54, 42.54, 42.56, 573]
['2019-03-26 12:02:00', 42.45, 42.45, 42.45, 42.45, 210]
['2019-03-26 12:01:00', 42.45, 42.45, 42.45, 42.45, 500]
['2019-03-26 12:00:00', 42.42, 42.42, 42.42, 42.42, 600]
['2019-03-26 11:59:00', 42.42, 42.42, 42.42, 42.42, 1100]
['2019-03-26 11:57:00', 42.38, 42.38, 42.38, 42.38, 600]
['2019-03-26 11:56:00', 42.37, 42.37, 42.37, 42.37, 239]
['2019-03-26 11:52:00', 42.365, 42.365, 42.365, 42.365, 250]
['2019-03-26 11:51:00', 42.41, 42.41, 42.41, 42.41, 229]
['2019-03-26 11:47:00', 42.44, 42.48, 42.44, 42.48, 1403]
['2019-03-26 11:46:00', 42.45, 42.45, 42.45, 42.45, 906]
['2019-03-26 11:45:00', 42.5292, 42.5292, 42.5292, 42.5292, 307]
['2019-03-26 11:44:00', 42.6, 42.6, 42.6, 42.6, 723]
['2019-03-26 11:39:00', 42.65, 42.6047, 42.6047, 42.65, 997]
['2019-03-26 11:38:00', 42.56, 42.56, 42.56, 42.56, 220]
['2019-03-26 11:36:00', 42.56, 42.56, 42.56, 42.56, 200]
['2019-03-26 11:32:00', 42.5, 42.5, 42.5, 42.5, 2167]
['2019-03-26 11:31:00', 42.535, 42.535, 42.535, 42.535, 936]
['2019-03-26 11:30:00', 42.53, 42.53, 42.53, 42.53, 800]
['2019-03-26 11:28:00', 42.5697, 42.5407, 42.5407, 42.5697, 986]
['2019-03-26 11:26:00', 42.52, 42.52, 42.52, 42.52, 387]
['2019-03-26 11:23:00', 42.51, 42.5, 42.5, 42.51, 1050]
['2019-03-26 11:19:00', 42.63, 42.63, 42.63, 42.63, 172]
['2019-03-26 11:15:00', 42.69, 42.69, 42.69, 42.69, 384]
['2019-03-26 11:13:00', 42.64, 42.65, 42.64, 42.65, 542]
['2019-03-26 11:11:00', 42.61, 42.61, 42.61, 42.61, 327]
['2019-03-26 11:09:00', 42.72, 42.655, 42.655, 42.72, 2061]
['2019-03-26 11:08:00', 42.7482, 42.7482, 42.7482, 42.7482, 1611]
['2019-03-26 11:06:00', 42.776, 42.776, 42.776, 42.776, 1300]
['2019-03-26 11:05:00', 42.8503, 42.8503, 42.8503, 42.8503, 1600]
['2019-03-26 11:04:00', 42.91, 42.91, 42.91, 42.91, 1059]
['2019-03-26 10:59:00', 42.95, 42.95, 42.95, 42.95, 553]
['2019-03-26 10:56:00', 42.98, 42.98, 42.98, 42.98, 488]
['2019-03-26 10:55:00', 42.93, 42.93, 42.93, 42.93, 1767]
['2019-03-26 10:54:00', 42.9443, 42.9443, 42.9443, 42.9443, 2119]
['2019-03-26 10:52:00', 42.965, 42.965, 42.965, 42.965, 1406]
['2019-03-26 10:51:00', 42.95, 42.95, 42.95, 42.95, 1477]
['2019-03-26 10:50:00', 42.835, 42.88, 42.835, 42.88, 3224]
['2019-03-26 10:48:00', 42.8213, 42.8213, 42.8213, 42.8213, 1000]
['2019-03-26 10:47:00', 42.8222, 42.8222, 42.8222, 42.8222, 1400]
['2019-03-26 10:45:00', 42.7458, 42.7458, 42.7458, 42.7458, 514]
['2019-03-26 10:44:00', 42.76, 42.78, 42.76, 42.78, 1074]
['2019-03-26 10:43:00', 42.785, 42.7755, 42.7755, 42.785, 1488]
['2019-03-26 10:40:00', 42.72, 42.72, 42.72, 42.72, 542]
['2019-03-26 10:39:00', 42.72, 42.72, 42.72, 42.72, 1668]
['2019-03-26 10:38:00', 42.76, 42.76, 42.76, 42.76, 1075]
['2019-03-26 10:37:00', 42.8, 42.8, 42.8, 42.8, 411]
['2019-03-26 10:34:00', 42.82, 42.82, 42.82, 42.82, 356]
['2019-03-26 10:31:00', 42.81, 42.81, 42.81, 42.81, 161]
['2019-03-26 10:28:00', 42.78, 42.78, 42.78, 42.78, 263]
['2019-03-26 10:26:00', 42.7996, 42.7996, 42.7996, 42.7996, 105]
['2019-03-26 10:25:00', 42.79, 42.79, 42.79, 42.79, 1030]
['2019-03-26 10:24:00', 42.71, 42.71, 42.71, 42.71, 432]
['2019-03-26 10:22:00', 42.71, 42.71, 42.71, 42.71, 176]
['2019-03-26 10:21:00', 42.79, 42.79, 42.79, 42.79, 346]
['2019-03-26 10:20:00', 42.7662, 42.7662, 42.7662, 42.7662, 1014]
['2019-03-26 10:19:00', 42.8446, 42.8446, 42.8446, 42.8446, 1085]
['2019-03-26 10:18:00', 42.86, 42.83, 42.83, 42.86, 1665]
['2019-03-26 10:13:00', 42.85, 42.88, 42.85, 42.88, 1793]
['2019-03-26 10:12:00', 42.73, 42.73, 42.73, 42.73, 370]
['2019-03-26 10:11:00', 42.773, 42.773, 42.773, 42.773, 570]
['2019-03-26 10:10:00', 42.8, 42.8, 42.8, 42.8, 200]
['2019-03-26 10:08:00', 42.79, 42.79, 42.79, 42.79, 355]
['2019-03-26 10:02:00', 42.75, 42.75, 42.75, 42.75, 121]
['2019-03-26 10:01:00', 42.74, 42.74, 42.74, 42.74, 211]
['2019-03-26 09:58:00', 42.69, 42.69, 42.69, 42.69, 338]
['2019-03-26 09:55:00', 42.7, 42.7, 42.7, 42.7, 100]
['2019-03-26 09:54:00', 42.73, 42.73, 42.73, 42.73, 432]
['2019-03-26 09:53:00', 42.62, 42.62, 42.62, 42.62, 399]
['2019-03-26 09:52:00', 42.635, 42.635, 42.635, 42.635, 869]
['2019-03-26 09:50:00', 42.545, 42.545, 42.545, 42.545, 326]
['2019-03-26 09:49:00', 42.55, 42.55, 42.55, 42.55, 201]
['2019-03-26 09:47:00', 42.6, 42.6, 42.6, 42.6, 431]
['2019-03-26 09:45:00', 42.6085, 42.6085, 42.6085, 42.6085, 561]
['2019-03-26 09:44:00', 42.66, 42.66, 42.66, 42.66, 582]
['2019-03-26 09:42:00', 42.73, 42.73, 42.73, 42.73, 882]
['2019-03-26 09:41:00', 42.84, 42.6, 42.6, 42.84, 11002]
['2019-03-26 09:40:00', 42.63, 42.93, 42.62, 42.93, 9425]
['2019-03-26 09:39:00', 42.61, 42.61, 42.61, 42.61, 409]
['2019-03-26 09:37:00', 42.78, 42.78, 42.78, 42.78, 217]
['2019-03-26 09:33:00', 42.82, 42.82, 42.82, 42.82, 100]
['2019-03-26 09:31:00', 42.63, 42.63, 42.63, 42.63, 4304]
['2019-03-25 16:00:00', 42.385, 42.335, 42.335, 42.385, 7042]
['2019-03-25 15:59:00', 42.36, 42.38, 42.34, 42.38, 3763]
['2019-03-25 15:58:00', 42.29, 42.37, 42.29, 42.37, 2328]
['2019-03-25 15:57:00', 42.24, 42.31, 42.24, 42.31, 2088]
['2019-03-25 15:56:00', 42.23, 42.23, 42.23, 42.24, 3722]
['2019-03-25 15:55:00', 42.24, 42.24, 42.24, 42.25, 2365]
['2019-03-25 15:54:00', 42.255, 42.24, 42.24, 42.255, 936]
['2019-03-25 15:52:00', 42.29, 42.255, 42.255, 42.3, 3202]
['2019-03-25 15:51:00', 42.27, 42.27, 42.27, 42.27, 709]
['2019-03-25 15:50:00', 42.3, 42.3, 42.3, 42.3, 405]
['2019-03-25 15:49:00', 42.355, 42.33, 42.33, 42.355, 1157]
['2019-03-25 15:48:00', 42.4, 42.385, 42.385, 42.4, 1759]
['2019-03-25 15:46:00', 42.4, 42.44, 42.4, 42.44, 2067]
['2019-03-25 15:45:00', 42.41, 42.41, 42.41, 42.41, 731]
['2019-03-25 15:44:00', 42.395, 42.395, 42.395, 42.395, 1286]
['2019-03-25 15:43:00', 42.38, 42.38, 42.38, 42.38, 599]
['2019-03-25 15:42:00', 42.39, 42.39, 42.39, 42.39, 322]
['2019-03-25 15:41:00', 42.43, 42.42, 42.42, 42.43, 1732]
['2019-03-25 15:39:00', 42.44, 42.4, 42.4, 42.44, 1149]
['2019-03-25 15:38:00', 42.45, 42.45, 42.45, 42.45, 508]
['2019-03-25 15:37:00', 42.4029, 42.4029, 42.4029, 42.4029, 245]
['2019-03-25 15:36:00', 42.42, 42.42, 42.42, 42.42, 559]
['2019-03-25 15:33:00', 42.45, 42.45, 42.45, 42.45, 542]
['2019-03-25 15:31:00', 42.45, 42.44, 42.44, 42.45, 1862]
['2019-03-25 15:29:00', 42.4, 42.4, 42.4, 42.4, 829]
['2019-03-25 15:28:00', 42.45, 42.45, 42.45, 42.45, 200]
['2019-03-25 15:27:00', 42.4, 42.45, 42.4, 42.45, 1186]
['2019-03-25 15:24:00', 42.34, 42.34, 42.34, 42.34, 800]
['2019-03-25 15:22:00', 42.275, 42.29, 42.275, 42.29, 911]
['2019-03-25 15:19:00', 42.305, 42.3, 42.3, 42.305, 537]
['2019-03-25 15:18:00', 42.32, 42.3, 42.3, 42.32, 1467]
['2019-03-25 15:16:00', 42.41, 42.4, 42.4, 42.41, 801]
['2019-03-25 15:14:00', 42.31, 42.37, 42.31, 42.37, 1064]
['2019-03-25 15:11:00', 42.26, 42.26, 42.26, 42.26, 560]
['2019-03-25 15:10:00', 42.24, 42.24, 42.24, 42.24, 320]
['2019-03-25 15:09:00', 42.21, 42.21, 42.21, 42.21, 806]
['2019-03-25 15:08:00', 42.19, 42.19, 42.19, 42.19, 325]
['2019-03-25 15:07:00', 42.2, 42.2, 42.2, 42.2, 611]
['2019-03-25 15:06:00', 42.16, 42.16, 42.16, 42.16, 301]
['2019-03-25 15:05:00', 42.155, 42.155, 42.155, 42.155, 345]
['2019-03-25 15:04:00', 42.18, 42.18, 42.18, 42.18, 457]
['2019-03-25 15:03:00', 42.21, 42.21, 42.21, 42.21, 444]
['2019-03-25 15:02:00', 42.2021, 42.2021, 42.2021, 42.2021, 1342]
['2019-03-25 15:01:00', 42.21, 42.21, 42.21, 42.21, 409]
['2019-03-25 14:59:00', 42.18, 42.18, 42.18, 42.18, 535]
['2019-03-25 14:58:00', 42.17, 42.17, 42.17, 42.17, 100]
['2019-03-25 14:56:00', 42.135, 42.135, 42.135, 42.135, 708]
['2019-03-25 14:55:00', 42.16, 42.13, 42.13, 42.16, 524]
['2019-03-25 14:53:00', 42.2, 42.2, 42.2, 42.2, 388]
['2019-03-25 14:52:00', 42.23, 42.16, 42.16, 42.23, 1207]
['2019-03-25 14:51:00', 42.24, 42.24, 42.24, 42.24, 517]
['2019-03-25 14:49:00', 42.24, 42.24, 42.24, 42.24, 1127]
['2019-03-25 14:48:00', 42.18, 42.18, 42.18, 42.18, 706]
['2019-03-25 14:44:00', 42.2, 42.21, 42.2, 42.21, 575]
['2019-03-25 14:42:00', 42.09, 42.1, 42.09, 42.1, 1466]
['2019-03-25 14:41:00', 42.08, 42.08, 42.08, 42.08, 257]
['2019-03-25 14:39:00', 42.06, 42.06, 42.06, 42.06, 339]
['2019-03-25 14:38:00', 42.08, 42.08, 42.08, 42.08, 704]
['2019-03-25 14:36:00', 42.12, 42.12, 42.12, 42.12, 267]
['2019-03-25 14:35:00', 42.11, 42.1, 42.1, 42.11, 1413]
['2019-03-25 14:34:00', 42.09, 42.09, 42.09, 42.09, 940]
['2019-03-25 14:33:00', 42.1, 42.1, 42.1, 42.1, 399]
['2019-03-25 14:31:00', 42.02, 42.02, 42.02, 42.02, 235]
['2019-03-25 14:30:00', 42.01, 42.01, 42.01, 42.01, 441]
['2019-03-25 14:29:00', 41.9831, 41.9831, 41.9831, 41.9831, 308]
['2019-03-25 14:28:00', 41.97, 41.97, 41.97, 41.97, 534]
['2019-03-25 14:27:00', 41.9252, 41.9252, 41.9252, 41.9252, 1628]
['2019-03-25 14:26:00', 41.91, 41.91, 41.91, 41.91, 756]
['2019-03-25 14:24:00', 41.87, 41.88, 41.85, 41.88, 6490]
['2019-03-25 14:23:00', 41.8974, 41.8974, 41.8974, 41.8974, 353]
['2019-03-25 14:21:00', 41.91, 41.91, 41.91, 41.91, 763]
['2019-03-25 14:19:00', 41.93, 41.93, 41.93, 41.93, 300]
['2019-03-25 14:18:00', 41.92, 41.92, 41.92, 41.92, 200]
['2019-03-25 14:17:00', 41.96, 41.96, 41.96, 41.96, 800]
['2019-03-25 14:16:00', 42.0062, 42.0062, 42.0062, 42.0062, 921]
['2019-03-25 14:15:00', 41.99, 41.99, 41.99, 41.99, 411]
['2019-03-25 14:14:00', 41.965, 41.965, 41.965, 41.965, 567]
['2019-03-25 14:13:00', 41.99, 41.99, 41.99, 41.99, 377]
['2019-03-25 14:12:00', 41.99, 41.99, 41.99, 41.99, 231]
['2019-03-25 14:11:00', 41.99, 41.99, 41.99, 41.99, 261]
['2019-03-25 14:09:00', 41.96, 41.96, 41.96, 41.96, 415]
['2019-03-25 14:08:00', 42.0, 42.0, 42.0, 42.0, 592]
['2019-03-25 14:06:00', 42.0, 42.0, 42.0, 42.0, 1011]
['2019-03-25 14:04:00', 42.04, 42.04, 42.04, 42.04, 766]
['2019-03-25 14:03:00', 42.05, 42.05, 42.05, 42.05, 600]
['2019-03-25 14:02:00', 42.1, 42.1, 42.1, 42.1, 650]
['2019-03-25 14:01:00', 42.03, 42.03, 42.03, 42.03, 612]
['2019-03-25 13:59:00', 42.02, 42.02, 42.02, 42.02, 101]
['2019-03-25 13:57:00', 42.03, 42.03, 42.03, 42.03, 334]
['2019-03-25 13:56:00', 41.99, 41.99, 41.99, 41.99, 1014]
['2019-03-25 13:53:00', 41.95, 42.05, 41.95, 42.05, 2910]
['2019-03-25 13:50:00', 41.99, 42.01, 41.99, 42.01, 1571]
['2019-03-25 13:48:00', 42.02, 42.02, 42.02, 42.02, 899]
['2019-03-25 13:47:00', 42.0, 41.98, 41.98, 42.0, 1459]
['2019-03-25 13:46:00', 42.02, 42.02, 42.02, 42.02, 138]
['2019-03-25 13:43:00', 42.06, 42.06, 42.06, 42.06, 422]
['2019-03-25 13:42:00', 42.07, 42.07, 42.07, 42.07, 211]
['2019-03-25 13:41:00', 42.045, 42.045, 42.045, 42.045, 2518]
['2019-03-25 13:40:00', 42.05, 42.05, 42.05, 42.05, 552]
['2019-03-25 13:38:00', 42.08, 42.09, 42.08, 42.09, 1406]
['2019-03-25 13:37:00', 42.075, 42.075, 42.075, 42.075, 630]
['2019-03-25 13:35:00', 42.05, 42.07, 42.05, 42.07, 561]
['2019-03-25 13:33:00', 41.96, 41.9928, 41.96, 41.9928, 1502]
['2019-03-25 13:32:00', 42.048, 42.048, 42.048, 42.048, 669]
['2019-03-25 13:31:00', 42.06, 42.0655, 42.06, 42.0655, 1001]
['2019-03-25 13:29:00', 42.07, 42.07, 42.07, 42.07, 706]
['2019-03-25 13:28:00', 42.06, 42.09, 42.06, 42.09, 3288]
['2019-03-25 13:26:00', 42.06, 42.09, 42.06, 42.09, 1081]
['2019-03-25 13:24:00', 42.12, 42.12, 42.12, 42.12, 1272]
['2019-03-25 13:23:00', 42.11, 42.11, 42.11, 42.11, 319]
['2019-03-25 13:22:00', 42.13, 42.13, 42.13, 42.13, 370]
['2019-03-25 13:21:00', 42.0905, 42.0905, 42.0905, 42.0905, 350]
['2019-03-25 13:20:00', 42.07, 42.07, 42.07, 42.07, 324]
['2019-03-25 13:17:00', 42.1, 42.09, 42.09, 42.1, 1186]
['2019-03-25 13:15:00', 42.19, 42.1539, 42.1539, 42.19, 2026]
['2019-03-25 13:14:00', 42.17, 42.17, 42.17, 42.17, 306]
['2019-03-25 13:11:00', 42.1, 42.1, 42.1, 42.1, 1166]
['2019-03-25 13:09:00', 42.07, 42.07, 42.07, 42.07, 290]
['2019-03-25 13:07:00', 42.1, 42.1, 42.1, 42.1, 512]
['2019-03-25 13:06:00', 42.03, 42.03, 42.03, 42.03, 1672]
['2019-03-25 13:04:00', 42.03, 42.0, 42.0, 42.03, 604]
['2019-03-25 13:01:00', 42.12, 42.1, 42.1, 42.12, 1158]
['2019-03-25 12:59:00', 42.06, 42.06, 42.06, 42.06, 130]
['2019-03-25 12:58:00', 42.02, 42.02, 42.02, 42.02, 562]
['2019-03-25 12:56:00', 41.98, 41.98, 41.98, 41.98, 429]
['2019-03-25 12:55:00', 41.96, 41.96, 41.96, 41.96, 550]
['2019-03-25 12:53:00', 41.905, 41.93, 41.905, 41.93, 364]
['2019-03-25 12:51:00', 41.94, 41.94, 41.94, 41.94, 424]
['2019-03-25 12:49:00', 41.89, 41.93, 41.89, 41.93, 2379]
['2019-03-25 12:47:00', 41.82, 41.82, 41.82, 41.82, 309]
['2019-03-25 12:45:00', 41.8201, 41.8201, 41.8201, 41.8201, 690]
['2019-03-25 12:44:00', 41.86, 41.86, 41.86, 41.86, 469]
['2019-03-25 12:43:00', 41.8893, 41.8893, 41.8893, 41.8893, 2232]
['2019-03-25 12:41:00', 41.9, 41.9, 41.9, 41.9, 352]
['2019-03-25 12:40:00', 41.9016, 41.9, 41.9, 41.9016, 1925]
['2019-03-25 12:37:00', 41.93, 41.94, 41.93, 41.94, 2751]
['2019-03-25 12:36:00', 41.95, 41.95, 41.95, 41.95, 761]
['2019-03-25 12:34:00', 41.97, 41.97, 41.97, 41.97, 297]
['2019-03-25 12:33:00', 41.995, 41.995, 41.995, 41.995, 310]
['2019-03-25 12:32:00', 42.0, 42.0, 42.0, 42.0, 249]
['2019-03-25 12:29:00', 42.05, 42.05, 42.05, 42.05, 362]
['2019-03-25 12:27:00', 42.08, 42.09, 42.08, 42.09, 1033]
['2019-03-25 12:25:00', 42.09, 42.09, 42.09, 42.09, 204]
['2019-03-25 12:24:00', 42.04, 42.04, 42.04, 42.04, 664]
['2019-03-25 12:22:00', 42.035, 42.035, 42.035, 42.035, 307]
['2019-03-25 12:20:00', 42.02, 42.02, 42.02, 42.02, 264]
['2019-03-25 12:19:00', 42.0, 42.0, 42.0, 42.0, 105]
['2019-03-25 12:16:00', 42.01, 42.01, 42.01, 42.01, 320]
['2019-03-25 12:15:00', 42.01, 42.01, 42.01, 42.01, 1489]
['2019-03-25 12:12:00', 42.04, 42.04, 42.04, 42.04, 405]
['2019-03-25 12:11:00', 42.03, 42.03, 42.03, 42.03, 363]
['2019-03-25 12:09:00', 42.05, 42.05, 42.05, 42.05, 713]
['2019-03-25 12:08:00', 42.04, 42.04, 42.04, 42.04, 605]
['2019-03-25 12:05:00', 41.98, 42.07, 41.98, 42.07, 1106]
['2019-03-25 12:04:00', 41.99, 41.99, 41.99, 41.99, 456]
['2019-03-25 12:03:00', 42.0, 42.0, 42.0, 42.0, 922]
['2019-03-25 12:02:00', 42.01, 42.0, 42.0, 42.01, 1830]
['2019-03-25 12:01:00', 41.9851, 41.97, 41.97, 41.9851, 1733]
['2019-03-25 11:59:00', 42.0, 42.0, 42.0, 42.0, 1557]
['2019-03-25 11:58:00', 42.0105, 42.0105, 42.0105, 42.0105, 748]
['2019-03-25 11:57:00', 42.03, 42.03, 42.03, 42.03, 360]
['2019-03-25 11:56:00', 42.01, 42.01, 42.01, 42.01, 551]
['2019-03-25 11:55:00', 42.04, 42.04, 42.04, 42.04, 216]
['2019-03-25 11:53:00', 42.05, 42.06, 42.05, 42.06, 816]
['2019-03-25 11:51:00', 42.02, 42.02, 42.02, 42.02, 5601]
['2019-03-25 11:49:00', 42.125, 42.12, 42.12, 42.125, 1201]
['2019-03-25 11:48:00', 42.11, 42.11, 42.11, 42.11, 702]
['2019-03-25 11:46:00', 42.14, 42.14, 42.14, 42.14, 1614]
['2019-03-25 11:45:00', 42.07, 42.07, 42.07, 42.07, 542]
['2019-03-25 11:44:00', 42.16, 42.16, 42.16, 42.16, 300]
['2019-03-25 11:43:00', 42.15, 42.15, 42.15, 42.15, 758]
['2019-03-25 11:41:00', 42.23, 42.18, 42.18, 42.23, 1707]
['2019-03-25 11:38:00', 42.26, 42.26, 42.26, 42.26, 204]
['2019-03-25 11:36:00', 42.35, 42.32, 42.32, 42.35, 608]
['2019-03-25 11:35:00', 42.33, 42.33, 42.33, 42.33, 615]
['2019-03-25 11:33:00', 42.43, 42.43, 42.43, 42.43, 341]
['2019-03-25 11:32:00', 42.36, 42.36, 42.36, 42.36, 510]
['2019-03-25 11:31:00', 42.43, 42.43, 42.43, 42.43, 710]
['2019-03-25 11:30:00', 42.47, 42.49, 42.47, 42.49, 988]
['2019-03-25 11:29:00', 42.4589, 42.4589, 42.4589, 42.4589, 351]
['2019-03-25 11:26:00', 42.34, 42.34, 42.34, 42.34, 300]
['2019-03-25 11:25:00', 42.345, 42.345, 42.345, 42.345, 491]
['2019-03-25 11:23:00', 42.37, 42.37, 42.37, 42.37, 200]
['2019-03-25 11:22:00', 42.42, 42.42, 42.42, 42.42, 146]
['2019-03-25 11:21:00', 42.3482, 42.3482, 42.3482, 42.3482, 848]
['2019-03-25 11:19:00', 42.29, 42.29, 42.29, 42.29, 221]
['2019-03-25 11:18:00', 42.36, 42.36, 42.36, 42.36, 259]
['2019-03-25 11:17:00', 42.26, 42.26, 42.26, 42.26, 651]
['2019-03-25 11:15:00', 42.25, 42.25, 42.25, 42.25, 638]
['2019-03-25 11:13:00', 42.2105, 42.2105, 42.2105, 42.2105, 1047]
['2019-03-25 11:10:00', 42.185, 42.185, 42.185, 42.185, 309]
['2019-03-25 11:09:00', 42.14, 42.14, 42.14, 42.14, 124]
['2019-03-25 11:08:00', 42.15, 42.15, 42.15, 42.15, 734]
['2019-03-25 11:06:00', 42.17, 42.17, 42.17, 42.17, 801]
['2019-03-25 11:05:00', 42.08, 42.08, 42.08, 42.08, 313]
['2019-03-25 11:04:00', 42.14, 42.14, 42.14, 42.14, 237]
['2019-03-25 11:02:00', 42.1137, 42.1137, 42.1137, 42.1137, 1352]
['2019-03-25 11:01:00', 42.075, 42.075, 42.075, 42.075, 155]
['2019-03-25 11:00:00', 42.13, 42.13, 42.13, 42.13, 2600]
['2019-03-25 10:58:00', 42.29, 42.29, 42.29, 42.29, 120]
['2019-03-25 10:57:00', 42.25, 42.25, 42.25, 42.25, 513]
['2019-03-25 10:56:00', 42.24, 42.24, 42.24, 42.24, 549]
['2019-03-25 10:55:00', 42.19, 42.19, 42.19, 42.19, 520]
['2019-03-25 10:54:00', 42.2, 42.2, 42.2, 42.2, 320]
['2019-03-25 10:53:00', 42.14, 42.14, 42.14, 42.14, 100]
['2019-03-25 10:51:00', 42.07, 42.07, 42.07, 42.07, 825]
['2019-03-25 10:50:00', 42.08, 42.08, 42.08, 42.08, 318]
['2019-03-25 10:49:00', 42.08, 42.08, 42.08, 42.08, 927]
['2019-03-25 10:48:00', 42.085, 42.085, 42.085, 42.085, 1658]
['2019-03-25 10:47:00', 42.19, 42.19, 42.19, 42.19, 2348]
['2019-03-25 10:46:00', 42.15, 42.15, 42.15, 42.15, 1243]
['2019-03-25 10:45:00', 42.16, 42.14, 42.14, 42.18, 4650]
['2019-03-25 10:44:00', 42.14, 42.14, 42.14, 42.14, 450]
['2019-03-25 10:43:00', 42.2068, 42.2068, 42.2068, 42.2068, 689]
['2019-03-25 10:42:00', 42.18, 42.18, 42.18, 42.18, 300]
['2019-03-25 10:41:00', 42.22, 42.22, 42.22, 42.22, 725]
['2019-03-25 10:38:00', 42.3, 42.3, 42.3, 42.3, 116]
['2019-03-25 10:37:00', 42.25, 42.25, 42.25, 42.25, 750]
['2019-03-25 10:36:00', 42.305, 42.305, 42.305, 42.305, 291]
['2019-03-25 10:35:00', 42.325, 42.325, 42.325, 42.325, 802]
['2019-03-25 10:34:00', 42.34, 42.34, 42.34, 42.34, 100]
['2019-03-25 10:31:00', 42.33, 42.33, 42.33, 42.33, 211]
['2019-03-25 10:30:00', 42.2836, 42.2836, 42.2836, 42.2836, 748]
['2019-03-25 10:29:00', 42.37, 42.37, 42.37, 42.37, 507]
['2019-03-25 10:28:00', 42.34, 42.34, 42.34, 42.34, 212]
['2019-03-25 10:26:00', 42.29, 42.26, 42.26, 42.29, 2162]
['2019-03-25 10:25:00', 42.285, 42.285, 42.285, 42.285, 200]
['2019-03-25 10:23:00', 42.26, 42.26, 42.26, 42.26, 345]
['2019-03-25 10:21:00', 42.26, 42.26, 42.26, 42.26, 411]
['2019-03-25 10:20:00', 42.23, 42.23, 42.23, 42.23, 423]
['2019-03-25 10:19:00', 42.25, 42.25, 42.25, 42.25, 334]
['2019-03-25 10:17:00', 42.24, 42.24, 42.24, 42.24, 630]
['2019-03-25 10:16:00', 42.22, 42.22, 42.22, 42.22, 300]
['2019-03-25 10:15:00', 42.115, 42.115, 42.115, 42.115, 1512]
['2019-03-25 10:14:00', 42.16, 42.16, 42.16, 42.16, 453]
['2019-03-25 10:11:00', 42.235, 42.15, 42.11, 42.235, 3516]
['2019-03-25 10:08:00', 42.15, 42.16, 42.15, 42.16, 1611]
['2019-03-25 10:07:00', 42.18, 42.18, 42.18, 42.18, 1044]
['2019-03-25 10:05:00', 42.1047, 42.1047, 42.1047, 42.1047, 1608]
['2019-03-25 10:04:00', 42.2, 42.2, 42.2, 42.2, 724]
['2019-03-25 10:03:00', 42.31, 42.31, 42.31, 42.31, 390]
['2019-03-25 10:02:00', 42.3306, 42.3306, 42.3306, 42.3306, 1400]
['2019-03-25 10:01:00', 42.38, 42.38, 42.38, 42.38, 469]
['2019-03-25 10:00:00', 42.37, 42.37, 42.37, 42.37, 100]
['2019-03-25 09:59:00', 42.35, 42.35, 42.35, 42.35, 500]
['2019-03-25 09:55:00', 42.425, 42.425, 42.425, 42.425, 562]
['2019-03-25 09:53:00', 42.43, 42.43, 42.43, 42.43, 634]
['2019-03-25 09:51:00', 42.11, 42.2, 42.11, 42.2, 3967]
['2019-03-25 09:50:00', 42.07, 42.0667, 42.01, 42.07, 6691]
['2019-03-25 09:49:00', 42.22, 42.12, 42.12, 42.22, 3494]
['2019-03-25 09:48:00', 42.52, 42.52, 42.52, 42.52, 990]
['2019-03-25 09:47:00', 42.74, 42.74, 42.74, 42.74, 1560]
['2019-03-25 09:44:00', 42.75, 42.7895, 42.66, 42.91, 21332]
['2019-03-25 09:43:00', 42.97, 42.97, 42.97, 42.97, 1300]
['2019-03-25 09:41:00', 43.06, 43.1, 43.06, 43.1, 1200]
['2019-03-25 09:40:00', 43.03, 43.03, 43.03, 43.03, 1510]
['2019-03-25 09:39:00', 42.97, 42.97, 42.97, 42.97, 1107]
['2019-03-25 09:38:00', 42.72, 42.85, 42.72, 42.85, 14000]
['2019-03-25 09:36:00', 42.75, 42.75, 42.75, 42.75, 802]
['2019-03-25 09:34:00', 42.51, 42.485, 42.485, 42.51, 1228]
['2019-03-25 09:32:00', 42.5, 42.5, 42.5, 42.5, 792]
['2019-03-25 09:31:00', 42.5603, 42.5603, 42.5603, 42.5603, 0]
