ALEC
['2019-03-29 16:00:00', 18.69, 18.65, 18.63, 18.69, 9893]
['2019-03-29 15:59:00', 18.64, 18.63, 18.63, 18.7, 3378]
['2019-03-29 15:58:00', 18.72, 18.64, 18.64, 18.76, 4413]
['2019-03-29 15:57:00', 18.84, 18.78, 18.72, 18.87, 5516]
['2019-03-29 15:56:00', 18.74, 18.7, 18.64, 18.89, 13085]
['2019-03-29 15:55:00', 18.63, 18.7, 18.63, 18.7, 2658]
['2019-03-29 15:54:00', 18.7, 18.7325, 18.59, 18.755, 7900]
['2019-03-29 15:53:00', 18.74, 18.73, 18.73, 18.7983, 1903]
['2019-03-29 15:45:00', 18.865, 18.865, 18.865, 18.865, 249]
['2019-03-29 15:44:00', 18.92, 18.865, 18.865, 18.92, 210]
['2019-03-29 15:39:00', 18.85, 18.85, 18.85, 18.85, 222]
['2019-03-29 15:37:00', 18.75, 18.78, 18.75, 18.78, 657]
['2019-03-29 15:35:00', 18.7, 18.685, 18.685, 18.7, 610]
['2019-03-29 15:33:00', 18.7, 18.7, 18.7, 18.7, 751]
['2019-03-29 15:32:00', 18.65, 18.65, 18.65, 18.65, 200]
['2019-03-29 15:31:00', 18.7, 18.665, 18.63, 18.7, 4197]
['2019-03-29 15:30:00', 18.7, 18.67, 18.67, 18.7, 1000]
['2019-03-29 15:29:00', 18.725, 18.72, 18.72, 18.725, 300]
['2019-03-29 15:26:00', 18.725, 18.725, 18.725, 18.7298, 603]
['2019-03-29 15:24:00', 18.7, 18.6905, 18.62, 18.72, 2621]
['2019-03-29 15:23:00', 18.66, 18.7, 18.615, 18.7, 2007]
['2019-03-29 15:22:00', 18.42, 18.66, 18.42, 18.7, 2819]
['2019-03-29 15:18:00', 18.58, 18.7, 18.47, 18.7, 2549]
['2019-03-29 15:16:00', 18.67, 18.67, 18.67, 18.67, 109]
['2019-03-29 15:15:00', 18.605, 18.58, 18.53, 18.6299, 1810]
['2019-03-29 15:14:00', 18.7, 18.58, 18.58, 18.7, 515]
['2019-03-29 15:13:00', 18.69, 18.65, 18.65, 18.69, 398]
['2019-03-29 15:10:00', 18.81, 18.81, 18.81, 18.81, 102]
['2019-03-29 15:01:00', 18.76, 18.76, 18.76, 18.76, 199]
['2019-03-29 14:59:00', 18.7, 18.7, 18.7, 18.7, 200]
['2019-03-29 14:55:00', 18.7, 18.705, 18.7, 18.705, 662]
['2019-03-29 14:53:00', 18.7, 18.7, 18.7, 18.7, 188]
['2019-03-29 14:52:00', 18.695, 18.7, 18.605, 18.7, 500]
['2019-03-29 14:51:00', 18.7, 18.695, 18.695, 18.7, 900]
['2019-03-29 14:49:00', 18.7, 18.68, 18.68, 18.7, 200]
['2019-03-29 14:48:00', 18.7, 18.7, 18.7, 18.7, 200]
['2019-03-29 14:46:00', 18.7, 18.62, 18.62, 18.7, 500]
['2019-03-29 14:45:00', 18.71, 18.71, 18.71, 18.71, 200]
['2019-03-29 14:44:00', 18.675, 18.675, 18.675, 18.675, 1012]
['2019-03-29 14:41:00', 18.7, 18.7, 18.7, 18.7, 100]
['2019-03-29 14:38:00', 18.71, 18.7, 18.7, 18.71, 685]
['2019-03-29 14:36:00', 18.66, 18.7, 18.66, 18.71, 953]
['2019-03-29 14:34:00', 18.62, 18.62, 18.62, 18.62, 363]
['2019-03-29 14:33:00', 18.71, 18.7, 18.7, 18.71, 762]
['2019-03-29 14:32:00', 18.7, 18.71, 18.7, 18.71, 445]
['2019-03-29 14:30:00', 18.68, 18.68, 18.68, 18.68, 200]
['2019-03-29 14:28:00', 18.69, 18.68, 18.68, 18.69, 2000]
['2019-03-29 14:23:00', 18.82, 18.82, 18.82, 18.82, 285]
['2019-03-29 14:18:00', 18.71, 18.62, 18.62, 18.725, 1075]
['2019-03-29 14:17:00', 18.65, 18.65, 18.65, 18.65, 111]
['2019-03-29 14:10:00', 18.7, 18.7, 18.7, 18.7, 667]
['2019-03-29 14:07:00', 18.68, 18.68, 18.68, 18.68, 254]
['2019-03-29 14:06:00', 18.67, 18.89, 18.665, 18.89, 300]
['2019-03-29 14:05:00', 18.68, 18.675, 18.66, 18.685, 800]
['2019-03-29 14:04:00', 18.72, 18.72, 18.72, 18.72, 155]
['2019-03-29 14:01:00', 18.67, 18.73, 18.585, 18.73, 1105]
['2019-03-29 14:00:00', 18.45, 18.575, 18.45, 18.575, 400]
['2019-03-29 13:59:00', 18.575, 18.575, 18.575, 18.575, 1100]
['2019-03-29 13:57:00', 18.64, 18.65, 18.64, 18.65, 620]
['2019-03-29 13:56:00', 18.69, 18.3882, 18.3882, 18.6999, 1208]
['2019-03-29 13:52:00', 18.575, 18.515, 18.515, 18.7, 1100]
['2019-03-29 13:51:00', 18.715, 18.55, 18.55, 18.715, 1000]
['2019-03-29 13:50:00', 18.69, 18.69, 18.69, 18.69, 235]
['2019-03-29 13:48:00', 18.69, 18.69, 18.69, 18.69, 100]
['2019-03-29 13:47:00', 18.68, 18.7, 18.68, 18.7, 500]
['2019-03-29 13:44:00', 18.67, 18.605, 18.59, 18.67, 1137]
['2019-03-29 13:43:00', 18.71, 18.668, 18.668, 18.71, 1200]
['2019-03-29 13:42:00', 18.65, 18.6995, 18.65, 18.7, 930]
['2019-03-29 13:41:00', 18.53, 18.52, 18.52, 18.53, 1107]
['2019-03-29 13:40:00', 18.5, 18.43, 18.43, 18.5, 773]
['2019-03-29 13:39:00', 18.47, 18.38, 18.38, 18.47, 476]
['2019-03-29 13:37:00', 18.51, 18.51, 18.51, 18.51, 734]
['2019-03-29 13:35:00', 18.65, 18.65, 18.65, 18.65, 100]
['2019-03-29 13:33:00', 18.55, 18.55, 18.55, 18.55, 100]
['2019-03-29 13:28:00', 18.41, 18.555, 18.41, 18.555, 500]
['2019-03-29 13:27:00', 18.575, 18.575, 18.575, 18.58, 900]
['2019-03-29 13:25:00', 18.77, 18.745, 18.745, 18.77, 820]
['2019-03-29 13:12:00', 18.68, 18.68, 18.68, 18.68, 118]
['2019-03-29 13:11:00', 18.75, 18.78, 18.75, 18.78, 300]
['2019-03-29 13:10:00', 18.683, 18.683, 18.683, 18.683, 200]
['2019-03-29 13:08:00', 18.955, 18.955, 18.955, 18.955, 100]
['2019-03-29 13:06:00', 18.81, 18.81, 18.81, 18.81, 100]
['2019-03-29 13:05:00', 18.82, 18.92, 18.81, 18.92, 1887]
['2019-03-29 13:04:00', 19.0, 18.94, 18.76, 19.0, 500]
['2019-03-29 13:03:00', 18.98, 18.96, 18.96, 18.98, 200]
['2019-03-29 13:02:00', 19.03, 18.77, 18.73, 19.035, 1700]
['2019-03-29 13:01:00', 19.04, 19.166, 19.04, 19.166, 827]
['2019-03-29 13:00:00', 19.115, 19.135, 19.1, 19.135, 500]
['2019-03-29 12:59:00', 19.2, 19.105, 19.085, 19.2, 800]
['2019-03-29 12:58:00', 19.05, 19.065, 19.05, 19.065, 200]
['2019-03-29 12:57:00', 18.87, 19.025, 18.87, 19.025, 920]
['2019-03-29 12:56:00', 18.88, 18.85, 18.84, 18.91, 2200]
['2019-03-29 12:55:00', 18.76, 18.88, 18.76, 18.88, 700]
['2019-03-29 12:54:00', 18.92, 18.73, 18.72, 18.92, 800]
['2019-03-29 12:53:00', 18.93, 18.72, 18.72, 18.93, 601]
['2019-03-29 12:52:00', 18.8595, 18.64, 18.64, 18.8595, 500]
['2019-03-29 12:51:00', 18.94, 18.94, 18.94, 18.94, 200]
['2019-03-29 12:50:00', 18.78, 18.95, 18.78, 18.95, 800]
['2019-03-29 12:49:00', 18.95, 18.7995, 18.735, 18.95, 1100]
['2019-03-29 12:48:00', 18.94, 18.95, 18.94, 18.95, 420]
['2019-03-29 12:47:00', 18.89, 18.91, 18.89, 18.91, 200]
['2019-03-29 12:46:00', 18.53, 18.92, 18.53, 18.92, 200]
['2019-03-29 12:45:00', 18.94, 18.925, 18.925, 18.94, 200]
['2019-03-29 12:44:00', 18.95, 18.9, 18.9, 18.96, 1100]
['2019-03-29 12:43:00', 18.795, 18.795, 18.795, 18.795, 500]
['2019-03-29 12:42:00', 19.06, 18.8298, 18.825, 19.11, 800]
['2019-03-29 12:41:00', 18.97, 18.97, 18.97, 19.13, 1064]
['2019-03-29 12:40:00', 19.02, 19.075, 19.02, 19.18, 500]
['2019-03-29 12:39:00', 19.18, 19.08, 19.075, 19.18, 500]
['2019-03-29 12:38:00', 19.2, 19.0599, 18.88, 19.2, 1507]
['2019-03-29 12:37:00', 19.22, 19.0999, 19.05, 19.24, 436]
['2019-03-29 12:36:00', 19.26, 19.26, 19.26, 19.26, 100]
['2019-03-29 12:35:00', 19.19, 18.86, 18.86, 19.29, 823]
['2019-03-29 12:34:00', 19.025, 19.025, 19.025, 19.025, 300]
['2019-03-29 12:32:00', 19.15, 19.12, 19.1, 19.15, 787]
['2019-03-29 12:31:00', 19.3, 19.22, 19.15, 19.4825, 7800]
['2019-03-29 12:30:00', 19.285, 19.285, 19.11, 19.47, 701]
['2019-03-29 12:29:00', 19.465, 19.4895, 19.46, 19.4895, 500]
['2019-03-29 12:28:00', 19.47, 19.47, 19.42, 19.4795, 600]
['2019-03-29 12:27:00', 19.44, 19.44, 19.44, 19.44, 100]
['2019-03-29 12:26:00', 19.49, 19.26, 19.26, 19.49, 800]
['2019-03-29 12:25:00', 19.47, 19.42, 19.42, 19.4995, 400]
['2019-03-29 12:24:00', 19.35, 19.42, 19.28, 19.49, 600]
['2019-03-29 12:23:00', 19.4, 19.39, 19.39, 19.4, 408]
['2019-03-29 12:22:00', 19.38, 19.4295, 19.38, 19.4295, 400]
['2019-03-29 12:21:00', 19.33, 19.33, 19.33, 19.33, 100]
['2019-03-29 12:20:00', 19.29, 19.32, 19.035, 19.32, 562]
['2019-03-29 12:19:00', 19.19, 19.3, 19.19, 19.3, 201]
['2019-03-29 12:17:00', 18.89, 19.09, 18.89, 19.09, 1863]
['2019-03-29 12:16:00', 18.91, 18.819, 18.8, 18.9195, 600]
['2019-03-29 12:15:00', 18.72, 18.72, 18.72, 18.72, 100]
['2019-03-29 12:14:00', 18.51, 18.74, 18.37, 18.77, 6400]
['2019-03-29 12:13:00', 18.78, 18.51, 18.51, 18.8195, 501]
['2019-03-29 12:12:00', 18.56, 18.585, 18.56, 18.59, 443]
['2019-03-29 12:11:00', 18.425, 18.56, 18.425, 18.56, 500]
['2019-03-29 12:10:00', 18.405, 18.54, 18.405, 18.5595, 500]
['2019-03-29 12:09:00', 18.45, 18.4687, 18.45, 18.5595, 900]
['2019-03-29 12:08:00', 18.47, 18.5595, 18.47, 18.5595, 300]
['2019-03-29 12:07:00', 18.47, 18.5595, 18.47, 18.5595, 300]
['2019-03-29 12:03:00', 18.24, 18.28, 18.24, 18.42, 2201]
['2019-03-29 12:02:00', 18.33, 18.4, 18.33, 18.62, 8514]
['2019-03-29 12:01:00', 18.25, 18.25, 18.13, 18.38, 4998]
['2019-03-29 12:00:00', 18.36, 18.3795, 18.36, 18.3795, 406]
['2019-03-29 11:59:00', 18.37, 18.3795, 18.37, 18.3795, 200]
['2019-03-29 11:58:00', 18.32, 18.3795, 18.32, 18.3795, 300]
['2019-03-29 11:57:00', 18.32, 18.3795, 18.32, 18.3795, 397]
['2019-03-29 11:56:00', 18.17, 18.21, 18.17, 18.21, 214]
['2019-03-29 11:55:00', 18.14, 18.1495, 18.14, 18.1495, 471]
['2019-03-29 11:54:00', 18.15, 18.15, 18.14, 18.15, 328]
['2019-03-29 11:53:00', 18.12, 18.1495, 18.12, 18.1495, 300]
['2019-03-29 11:52:00', 18.14, 18.1495, 18.14, 18.1495, 200]
['2019-03-29 11:51:00', 18.1433, 18.015, 18.015, 18.1433, 250]
['2019-03-29 11:50:00', 18.14, 18.1495, 18.14, 18.1495, 200]
['2019-03-29 11:49:00', 18.14, 18.1495, 18.14, 18.1495, 200]
['2019-03-29 11:48:00', 18.14, 18.1495, 18.14, 18.1495, 200]
['2019-03-29 11:47:00', 18.14, 18.1495, 18.14, 18.1495, 200]
['2019-03-29 11:46:00', 18.14, 18.1495, 18.14, 18.1495, 200]
['2019-03-29 11:45:00', 18.15, 18.1695, 18.15, 18.1695, 304]
['2019-03-29 11:43:00', 18.16, 18.16, 18.16, 18.16, 100]
['2019-03-29 11:41:00', 18.14, 18.1695, 18.14, 18.1695, 500]
['2019-03-29 11:40:00', 18.16, 18.1695, 18.16, 18.1695, 200]
['2019-03-29 11:38:00', 18.14, 18.1595, 18.13, 18.1595, 685]
['2019-03-29 11:37:00', 18.12, 18.1695, 18.12, 18.1695, 300]
['2019-03-29 11:35:00', 17.9, 17.9462, 17.9, 18.0, 1562]
['2019-03-29 11:34:00', 17.82, 17.82, 17.82, 17.82, 100]
['2019-03-29 11:27:00', 18.18, 18.18, 18.18, 18.18, 104]
['2019-03-29 11:16:00', 17.88, 17.99, 17.88, 18.0, 907]
['2019-03-29 11:15:00', 17.85, 17.9, 17.85, 17.95, 2115]
['2019-03-29 11:14:00', 17.85, 17.72, 17.72, 17.85, 900]
['2019-03-29 11:07:00', 17.9, 17.85, 17.85, 17.9, 2100]
['2019-03-29 11:06:00', 17.89, 17.92, 17.87, 17.92, 2036]
['2019-03-29 11:05:00', 17.84, 17.85, 17.83, 17.89, 2572]
['2019-03-29 11:00:00', 17.85, 17.87, 17.83, 17.96, 2290]
['2019-03-29 10:59:00', 17.95, 17.81, 17.81, 17.96, 2200]
['2019-03-29 10:57:00', 17.8, 17.96, 17.8, 17.96, 1795]
['2019-03-29 10:56:00', 17.8, 17.8, 17.78, 17.895, 1500]
['2019-03-29 10:55:00', 17.87, 17.79, 17.71, 17.87, 4410]
['2019-03-29 10:54:00', 17.84, 17.84, 17.84, 17.84, 990]
['2019-03-29 10:51:00', 17.86, 17.86, 17.86, 17.86, 1501]
['2019-03-29 10:49:00', 17.82, 17.85, 17.8, 17.91, 2743]
['2019-03-29 10:48:00', 17.8, 17.82, 17.8, 17.85, 874]
['2019-03-29 10:45:00', 17.84, 17.7, 17.7, 17.84, 2369]
['2019-03-29 10:44:00', 17.84, 17.9, 17.84, 17.9, 1232]
['2019-03-29 10:43:00', 17.84, 17.78, 17.78, 17.84, 2200]
['2019-03-29 10:42:00', 17.85, 17.85, 17.85, 17.85, 100]
['2019-03-29 10:41:00', 17.8, 17.81, 17.8, 17.855, 3371]
['2019-03-29 10:40:00', 17.91, 17.8, 17.8, 17.91, 1400]
['2019-03-29 10:39:00', 17.84, 18.0075, 17.84, 18.025, 2800]
['2019-03-29 10:38:00', 17.83, 17.86, 17.83, 17.9, 3340]
['2019-03-29 10:37:00', 17.73, 17.73, 17.73, 17.73, 356]
['2019-03-29 10:36:00', 17.9, 17.84, 17.84, 17.975, 3548]
['2019-03-29 10:35:00', 17.9, 17.89, 17.89, 17.94, 1707]
['2019-03-29 10:34:00', 17.97, 18.0, 17.95, 18.0, 2321]
['2019-03-29 10:33:00', 18.0, 18.0, 17.97, 18.0, 900]
['2019-03-29 10:31:00', 18.0, 18.0, 17.97, 18.0, 1752]
['2019-03-29 10:30:00', 18.09, 17.96, 17.95, 18.1, 2519]
['2019-03-29 10:26:00', 17.94, 18.0, 17.9, 18.0, 1213]
['2019-03-29 10:25:00', 17.92, 17.9, 17.85, 17.92, 841]
['2019-03-29 10:24:00', 17.89, 17.89, 17.89, 17.89, 200]
['2019-03-29 10:23:00', 17.85, 17.9, 17.85, 17.9, 832]
['2019-03-29 10:22:00', 17.82, 17.85, 17.82, 17.85, 1573]
['2019-03-29 10:21:00', 17.8, 17.82, 17.8, 17.82, 900]
['2019-03-29 10:20:00', 17.89, 17.8, 17.79, 17.89, 2696]
['2019-03-29 10:19:00', 17.895, 17.9075, 17.895, 17.9075, 459]
['2019-03-29 10:18:00', 17.9, 17.895, 17.89, 17.9, 944]
['2019-03-29 10:16:00', 18.0, 17.86, 17.86, 18.0, 3737]
['2019-03-29 10:15:00', 18.09, 18.09, 18.09, 18.1, 1400]
['2019-03-29 10:14:00', 17.99, 17.99, 17.99, 17.99, 633]
['2019-03-29 10:13:00', 17.99, 18.0, 17.9675, 18.0, 2525]
['2019-03-29 10:12:00', 17.99, 18.0, 17.99, 18.0, 545]
['2019-03-29 10:09:00', 18.0, 18.0, 18.0, 18.0, 300]
['2019-03-29 10:08:00', 17.9, 18.0, 17.9, 18.0, 300]
['2019-03-29 10:06:00', 18.05, 18.0, 17.95, 18.05, 922]
['2019-03-29 10:05:00', 18.05, 18.07, 18.05, 18.1, 3485]
['2019-03-29 10:04:00', 18.0, 18.0, 18.0, 18.0, 300]
['2019-03-29 10:03:00', 18.1, 18.05, 18.05, 18.1, 2274]
['2019-03-29 10:00:00', 18.1547, 18.1547, 18.1547, 18.1547, 299]
['2019-03-29 09:50:00', 18.35, 17.71, 17.64, 18.35, 1866]
['2019-03-29 09:49:00', 18.35, 18.35, 18.35, 18.35, 300]
['2019-03-29 09:45:00', 18.22, 18.22, 18.22, 18.22, 395]
['2019-03-29 09:44:00', 18.2, 18.2, 18.2, 18.2, 155]
['2019-03-29 09:42:00', 18.291, 18.291, 18.291, 18.291, 850]
['2019-03-29 09:39:00', 18.475, 18.475, 18.475, 18.475, 813]
['2019-03-29 09:34:00', 18.291, 18.291, 18.291, 18.291, 201]
['2019-03-29 09:33:00', 18.2, 18.2, 18.2, 18.2, 1346]
['2019-03-29 09:31:00', 18.13, 18.13, 18.13, 18.13, 0]
['2019-03-28 16:00:00', 18.23, 18.11, 17.99, 18.28, 25693]
['2019-03-28 15:59:00', 18.27, 18.24, 18.23, 18.35, 1618]
['2019-03-28 15:58:00', 18.34, 18.34, 18.23, 18.34, 513]
['2019-03-28 15:57:00', 18.37, 18.34, 18.34, 18.37, 226]
['2019-03-28 15:56:00', 18.35, 18.35, 18.35, 18.35, 118]
['2019-03-28 15:55:00', 18.25, 18.19, 18.19, 18.25, 1367]
['2019-03-28 15:54:00', 18.33, 18.38, 18.33, 18.38, 494]
['2019-03-28 15:53:00', 18.14, 18.43, 18.05, 18.43, 7293]
['2019-03-28 15:52:00', 18.2, 18.2, 18.19, 18.2, 1212]
['2019-03-28 15:51:00', 18.2, 18.15, 18.15, 18.2, 1107]
['2019-03-28 15:50:00', 18.2, 18.2, 18.175, 18.2, 800]
['2019-03-28 15:49:00', 18.23, 18.2, 18.2, 18.28, 4451]
['2019-03-28 15:48:00', 18.47, 18.225, 18.22, 18.47, 1430]
['2019-03-28 15:47:00', 18.46, 18.46, 18.46, 18.46, 100]
['2019-03-28 15:45:00', 18.465, 18.465, 18.465, 18.465, 175]
['2019-03-28 15:44:00', 18.3, 18.475, 18.225, 18.475, 1220]
['2019-03-28 15:43:00', 18.29, 18.3, 18.14, 18.3, 1400]
['2019-03-28 15:42:00', 18.3, 18.21, 18.21, 18.3, 1439]
['2019-03-28 15:41:00', 18.3, 18.3, 18.3, 18.3, 1200]
['2019-03-28 15:40:00', 18.28, 18.175, 18.175, 18.28, 214]
['2019-03-28 15:39:00', 18.29, 18.16, 18.16, 18.29, 333]
['2019-03-28 15:38:00', 18.29, 18.29, 18.29, 18.29, 100]
['2019-03-28 15:37:00', 18.15, 18.14, 18.14, 18.2, 1196]
['2019-03-28 15:36:00', 18.24, 18.16, 18.16, 18.265, 1420]
['2019-03-28 15:35:00', 18.34, 18.34, 18.34, 18.34, 124]
['2019-03-28 15:34:00', 18.14, 18.14, 18.14, 18.14, 100]
['2019-03-28 15:33:00', 18.39, 18.39, 18.39, 18.39, 105]
['2019-03-28 15:32:00', 18.115, 18.115, 18.115, 18.115, 104]
['2019-03-28 15:28:00', 18.2496, 18.2496, 18.2496, 18.2496, 200]
['2019-03-28 15:27:00', 18.26, 18.14, 18.14, 18.26, 500]
['2019-03-28 15:26:00', 18.24, 18.13, 18.13, 18.275, 407]
['2019-03-28 15:25:00', 18.25, 18.25, 18.25, 18.25, 133]
['2019-03-28 15:24:00', 18.27, 18.27, 18.27, 18.27, 100]
['2019-03-28 15:19:00', 18.3, 18.3, 18.27, 18.3, 3928]
['2019-03-28 15:18:00', 18.3, 18.3, 18.3, 18.3, 100]
['2019-03-28 15:17:00', 18.27, 18.27, 18.27, 18.27, 100]
['2019-03-28 15:16:00', 18.27, 18.27, 18.27, 18.27, 100]
['2019-03-28 15:14:00', 18.27, 18.27, 18.27, 18.27, 100]
['2019-03-28 15:13:00', 18.27, 18.27, 18.27, 18.27, 100]
['2019-03-28 15:12:00', 18.38, 18.31, 18.31, 18.38, 1578]
['2019-03-28 15:11:00', 18.35, 18.35, 18.35, 18.35, 100]
['2019-03-28 15:10:00', 18.4, 18.4, 18.4, 18.4, 100]
['2019-03-28 15:08:00', 18.445, 18.39, 18.3601, 18.445, 3200]
['2019-03-28 15:07:00', 18.5, 18.5, 18.5, 18.5, 145]
['2019-03-28 15:06:00', 18.47, 18.33, 18.33, 18.47, 301]
['2019-03-28 15:05:00', 18.48, 18.48, 18.48, 18.48, 100]
['2019-03-28 15:04:00', 18.485, 18.485, 18.485, 18.485, 202]
['2019-03-28 15:03:00', 18.39, 18.49, 18.23, 18.49, 2750]
['2019-03-28 15:02:00', 18.4, 18.4, 18.38, 18.4, 750]
['2019-03-28 14:59:00', 18.5, 18.48, 18.48, 18.5, 507]
['2019-03-28 14:58:00', 18.525, 18.5, 18.48, 18.525, 1171]
['2019-03-28 14:57:00', 18.5, 18.5, 18.5, 18.5, 991]
['2019-03-28 14:56:00', 18.375, 18.39, 18.375, 18.428, 2383]
['2019-03-28 14:55:00', 18.49, 18.44, 18.44, 18.55, 4560]
['2019-03-28 14:54:00', 18.5, 18.5, 18.5, 18.5, 100]
['2019-03-28 14:53:00', 18.4, 18.39, 18.39, 18.4, 200]
['2019-03-28 14:51:00', 18.37, 18.37, 18.37, 18.37, 100]
['2019-03-28 14:50:00', 18.42, 18.38, 18.38, 18.42, 552]
['2019-03-28 14:49:00', 18.6, 18.48, 18.48, 18.6, 7800]
['2019-03-28 14:48:00', 18.57, 18.57, 18.57, 18.57, 100]
['2019-03-28 14:47:00', 18.6, 18.6, 18.6, 18.6, 605]
['2019-03-28 14:43:00', 18.625, 18.625, 18.625, 18.625, 100]
['2019-03-28 14:41:00', 18.55, 18.55, 18.55, 18.55, 100]
['2019-03-28 14:35:00', 18.55, 18.55, 18.55, 18.55, 3300]
['2019-03-28 14:34:00', 18.6, 18.59, 18.59, 18.6, 3437]
['2019-03-28 14:33:00', 18.65, 18.65, 18.6, 18.69, 5068]
['2019-03-28 14:32:00', 18.65, 18.65, 18.65, 18.65, 468]
['2019-03-28 14:30:00', 18.62, 18.62, 18.62, 18.62, 169]
['2019-03-28 14:29:00', 18.69, 18.69, 18.69, 18.69, 100]
['2019-03-28 14:24:00', 18.7, 18.7, 18.7, 18.7, 152]
['2019-03-28 14:19:00', 18.74, 18.7, 18.7, 18.74, 278]
['2019-03-28 14:08:00', 18.6, 18.6, 18.6, 18.6, 100]
['2019-03-28 14:02:00', 18.72, 18.68, 18.68, 18.72, 1005]
['2019-03-28 14:01:00', 18.75, 18.75, 18.75, 18.75, 200]
['2019-03-28 14:00:00', 18.72, 18.76, 18.6917, 18.76, 1300]
['2019-03-28 13:59:00', 18.61, 18.6455, 18.6, 18.74, 3000]
['2019-03-28 13:58:00', 18.61, 18.61, 18.61, 18.61, 101]
['2019-03-28 13:56:00', 18.6, 18.6, 18.6, 18.6, 200]
['2019-03-28 13:50:00', 18.625, 18.625, 18.625, 18.625, 149]
['2019-03-28 13:43:00', 18.61, 18.61, 18.61, 18.61, 422]
['2019-03-28 13:42:00', 18.65, 18.65, 18.65, 18.65, 626]
['2019-03-28 13:41:00', 18.68, 18.69, 18.68, 18.69, 1316]
['2019-03-28 13:37:00', 18.45, 18.42, 18.42, 18.45, 364]
['2019-03-28 13:36:00', 18.53, 18.46, 18.46, 18.53, 405]
['2019-03-28 13:33:00', 18.5, 18.5, 18.5, 18.5, 133]
['2019-03-28 13:25:00', 18.47, 18.45, 18.4, 18.47, 1112]
['2019-03-28 13:23:00', 18.62, 18.62, 18.62, 18.62, 160]
['2019-03-28 13:11:00', 18.525, 18.525, 18.525, 18.525, 243]
['2019-03-28 13:02:00', 18.41, 18.41, 18.35, 18.41, 1172]
['2019-03-28 13:01:00', 18.46, 18.42, 18.42, 18.4894, 1553]
['2019-03-28 13:00:00', 18.6, 18.6, 18.6, 18.6, 2736]
['2019-03-28 12:58:00', 18.35, 18.35, 18.24, 18.4, 1012]
['2019-03-28 12:57:00', 18.29, 18.33, 18.29, 18.33, 532]
['2019-03-28 12:55:00', 18.2, 18.2, 18.2, 18.2, 190]
['2019-03-28 12:54:00', 18.35, 18.35, 18.35, 18.35, 271]
['2019-03-28 12:47:00', 18.35, 18.35, 18.35, 18.35, 100]
['2019-03-28 12:35:00', 18.2138, 18.235, 18.2138, 18.26, 615]
['2019-03-28 12:31:00', 18.12, 18.12, 18.12, 18.12, 100]
['2019-03-28 12:25:00', 18.38, 18.38, 18.38, 18.38, 315]
['2019-03-28 12:19:00', 18.38, 18.38, 18.38, 18.38, 353]
['2019-03-28 12:17:00', 18.52, 18.52, 18.52, 18.52, 509]
['2019-03-28 12:09:00', 18.5, 18.505, 18.5, 18.505, 201]
['2019-03-28 12:06:00', 18.45, 18.45, 18.45, 18.45, 100]
['2019-03-28 12:04:00', 18.4, 18.4, 18.4, 18.4, 200]
['2019-03-28 11:52:00', 18.39, 18.33, 18.33, 18.39, 470]
['2019-03-28 11:47:00', 18.33, 18.33, 18.33, 18.33, 100]
['2019-03-28 11:36:00', 18.33, 18.33, 18.33, 18.33, 200]
['2019-03-28 11:33:00', 18.29, 18.29, 18.29, 18.29, 124]
['2019-03-28 11:30:00', 18.29, 18.265, 18.265, 18.29, 300]
['2019-03-28 11:29:00', 18.37, 18.29, 18.29, 18.39, 1385]
['2019-03-28 11:27:00', 18.15, 18.15, 18.15, 18.15, 100]
['2019-03-28 11:24:00', 18.31, 18.31, 18.31, 18.31, 100]
['2019-03-28 11:12:00', 18.4, 18.4, 18.4, 18.4, 247]
['2019-03-28 11:07:00', 18.27, 18.27, 18.27, 18.27, 100]
['2019-03-28 11:01:00', 18.42, 18.42, 18.42, 18.42, 278]
['2019-03-28 10:58:00', 18.3101, 18.3101, 18.3101, 18.3101, 300]
['2019-03-28 10:57:00', 18.38, 18.38, 18.38, 18.38, 100]
['2019-03-28 10:56:00', 18.21, 18.14, 18.14, 18.285, 1100]
['2019-03-28 10:55:00', 18.34, 18.2, 18.2, 18.34, 900]
['2019-03-28 10:54:00', 18.355, 18.34, 18.34, 18.43, 600]
['2019-03-28 10:53:00', 18.38, 18.5, 18.27, 18.5, 1732]
['2019-03-28 10:51:00', 18.68, 18.43, 18.43, 18.68, 249]
['2019-03-28 10:47:00', 18.31, 18.035, 18.035, 18.31, 200]
['2019-03-28 10:46:00', 18.44, 18.01, 18.01, 18.44, 1376]
['2019-03-28 10:45:00', 18.6, 18.55, 18.55, 18.6, 290]
['2019-03-28 10:43:00', 18.16, 18.25, 18.16, 18.25, 1793]
['2019-03-28 10:42:00', 18.155, 18.155, 18.155, 18.155, 200]
['2019-03-28 10:36:00', 18.17, 18.17, 18.17, 18.17, 351]
['2019-03-28 10:35:00', 18.145, 18.2, 18.14, 18.3, 715]
['2019-03-28 10:34:00', 18.23, 18.2, 18.2, 18.23, 1200]
['2019-03-28 10:33:00', 18.21, 18.23, 18.2, 18.46, 736]
['2019-03-28 10:32:00', 18.2, 18.25, 18.195, 18.25, 852]
['2019-03-28 10:31:00', 18.17, 18.17, 18.17, 18.17, 148]
['2019-03-28 10:25:00', 18.045, 18.05, 18.02, 18.05, 500]
['2019-03-28 10:23:00', 18.22, 18.22, 18.22, 18.22, 143]
['2019-03-28 10:17:00', 18.2, 18.17, 18.17, 18.2, 1282]
['2019-03-28 10:16:00', 18.205, 18.205, 18.205, 18.205, 100]
['2019-03-28 10:11:00', 18.11, 18.27, 18.02, 18.27, 1000]
['2019-03-28 10:10:00', 18.165, 18.09, 18.09, 18.2, 1274]
['2019-03-28 10:09:00', 18.09, 18.28, 18.09, 18.28, 209]
['2019-03-28 10:08:00', 18.03, 18.05, 18.03, 18.05, 201]
['2019-03-28 10:05:00', 18.0, 17.9498, 17.945, 18.0, 531]
['2019-03-28 10:01:00', 17.85, 17.85, 17.85, 17.85, 147]
['2019-03-28 10:00:00', 17.965, 17.9799, 17.965, 17.9893, 942]
['2019-03-28 09:57:00', 17.8, 17.8, 17.8, 17.85, 3805]
['2019-03-28 09:56:00', 17.83, 17.83, 17.83, 17.83, 100]
['2019-03-28 09:54:00', 18.15, 18.15, 18.15, 18.15, 100]
['2019-03-28 09:45:00', 17.66, 17.67, 17.66, 17.67, 206]
['2019-03-28 09:44:00', 18.05, 17.63, 17.57, 18.05, 2000]
['2019-03-28 09:43:00', 18.08, 18.05, 18.05, 18.08, 5570]
['2019-03-28 09:40:00', 18.02, 18.02, 18.02, 18.02, 700]
['2019-03-28 09:31:00', 17.67, 17.67, 17.67, 17.67, 0]
['2019-03-27 16:00:00', 17.74, 17.69, 17.69, 17.8, 5414]
['2019-03-27 15:59:00', 17.72, 17.9, 17.72, 17.9, 551]
['2019-03-27 15:58:00', 17.74, 17.9299, 17.74, 17.9299, 831]
['2019-03-27 15:56:00', 17.76, 17.76, 17.76, 17.76, 154]
['2019-03-27 15:53:00', 17.84, 17.84, 17.84, 17.84, 433]
['2019-03-27 15:52:00', 17.64, 17.79, 17.55, 17.995, 1086]
['2019-03-27 15:51:00', 17.63, 17.64, 17.63, 17.64, 1440]
['2019-03-27 15:50:00', 17.55, 17.55, 17.55, 17.55, 243]
['2019-03-27 15:49:00', 17.61, 17.715, 17.61, 17.715, 263]
['2019-03-27 15:48:00', 17.6, 17.6, 17.6, 17.6, 124]
['2019-03-27 15:47:00', 17.55, 17.55, 17.55, 17.55, 118]
['2019-03-27 15:46:00', 17.6, 17.56, 17.56, 17.96, 300]
['2019-03-27 15:45:00', 17.57, 17.57, 17.57, 17.57, 100]
['2019-03-27 15:44:00', 17.95, 17.65, 17.55, 17.95, 2917]
['2019-03-27 15:43:00', 18.03, 18.02, 18.02, 18.03, 670]
['2019-03-27 15:42:00', 18.01, 18.01, 18.01, 18.01, 222]
['2019-03-27 15:40:00', 18.04, 18.0, 18.0, 18.04, 233]
['2019-03-27 15:39:00', 18.3371, 18.04, 18.04, 18.3371, 640]
['2019-03-27 15:34:00', 18.38, 18.38, 18.38, 18.38, 138]
['2019-03-27 15:33:00', 18.195, 18.195, 18.195, 18.195, 100]
['2019-03-27 15:31:00', 18.04, 18.04, 18.04, 18.04, 330]
['2019-03-27 15:27:00', 18.05, 18.05, 18.05, 18.05, 381]
['2019-03-27 15:26:00', 18.01, 18.01, 18.01, 18.01, 164]
['2019-03-27 15:20:00', 18.02, 18.02, 18.02, 18.02, 200]
['2019-03-27 15:15:00', 18.05, 18.05, 18.05, 18.05, 200]
['2019-03-27 15:10:00', 18.18, 18.15, 18.15, 18.18, 305]
['2019-03-27 15:03:00', 18.11, 18.11, 18.11, 18.11, 184]
['2019-03-27 14:55:00', 18.12, 18.12, 18.12, 18.12, 260]
['2019-03-27 14:53:00', 18.11, 18.11, 18.11, 18.11, 175]
['2019-03-27 14:48:00', 18.115, 18.115, 18.115, 18.115, 200]
['2019-03-27 14:46:00', 18.2, 18.16, 18.15, 18.2, 539]
['2019-03-27 14:44:00', 18.18, 18.18, 18.18, 18.185, 661]
['2019-03-27 14:40:00', 18.04, 18.09, 18.04, 18.09, 543]
['2019-03-27 14:39:00', 18.02, 18.01, 18.01, 18.02, 500]
['2019-03-27 14:38:00', 18.21, 18.165, 18.165, 18.21, 911]
['2019-03-27 14:33:00', 18.26, 18.21, 18.21, 18.26, 248]
['2019-03-27 14:30:00', 18.26, 18.26, 18.26, 18.26, 311]
['2019-03-27 14:27:00', 18.25, 18.14, 18.13, 18.356, 3047]
['2019-03-27 14:25:00', 18.16, 18.16, 18.16, 18.16, 113]
['2019-03-27 14:24:00', 18.16, 18.13, 18.13, 18.1699, 529]
['2019-03-27 14:20:00', 18.215, 18.32, 18.215, 18.32, 202]
['2019-03-27 14:13:00', 18.17, 18.14, 18.14, 18.17, 200]
['2019-03-27 14:12:00', 18.16, 18.19, 18.16, 18.19, 1592]
['2019-03-27 14:11:00', 18.15, 18.13, 18.13, 18.15, 520]
['2019-03-27 14:05:00', 18.11, 18.11, 18.11, 18.11, 182]
['2019-03-27 14:03:00', 18.11, 18.05, 18.05, 18.11, 218]
['2019-03-27 13:59:00', 18.22, 18.2173, 18.165, 18.22, 667]
['2019-03-27 13:58:00', 18.185, 18.1, 18.08, 18.19, 1391]
['2019-03-27 13:57:00', 18.245, 18.25, 18.245, 18.25, 227]
['2019-03-27 13:45:00', 18.37, 18.37, 18.37, 18.37, 100]
['2019-03-27 13:43:00', 18.455, 18.2, 18.2, 18.455, 867]
['2019-03-27 13:37:00', 18.11, 18.49, 18.06, 18.49, 990]
['2019-03-27 13:36:00', 18.08, 18.11, 18.08, 18.11, 600]
['2019-03-27 13:35:00', 18.1, 18.0, 18.0, 18.1, 1529]
['2019-03-27 13:29:00', 18.35, 18.35, 18.35, 18.35, 561]
['2019-03-27 13:14:00', 18.11, 18.11, 18.11, 18.11, 153]
['2019-03-27 13:10:00', 18.11, 18.11, 18.11, 18.11, 150]
['2019-03-27 13:07:00', 18.16, 18.28, 18.16, 18.28, 717]
['2019-03-27 13:05:00', 18.25, 18.25, 18.25, 18.25, 192]
['2019-03-27 13:03:00', 18.32, 18.32, 18.32, 18.32, 100]
['2019-03-27 13:00:00', 18.3, 18.295, 18.255, 18.3, 762]
['2019-03-27 12:59:00', 18.505, 18.39, 18.39, 18.505, 595]
['2019-03-27 12:53:00', 18.41, 18.41, 18.41, 18.41, 424]
['2019-03-27 12:52:00', 18.41, 18.41, 18.41, 18.41, 200]
['2019-03-27 12:51:00', 18.29, 18.41, 18.29, 18.41, 300]
['2019-03-27 12:50:00', 18.405, 18.405, 18.405, 18.405, 300]
['2019-03-27 12:49:00', 18.5, 18.41, 18.39, 18.5, 5494]
['2019-03-27 12:45:00', 18.56, 18.56, 18.56, 18.56, 203]
['2019-03-27 12:42:00', 18.54, 18.56, 18.54, 18.56, 202]
['2019-03-27 12:39:00', 18.55, 18.54, 18.54, 18.569, 860]
['2019-03-27 12:35:00', 18.52, 18.65, 18.52, 18.65, 302]
['2019-03-27 12:34:00', 18.51, 18.51, 18.51, 18.51, 100]
['2019-03-27 12:27:00', 18.53, 18.53, 18.53, 18.53, 102]
['2019-03-27 12:26:00', 18.52, 18.52, 18.52, 18.52, 100]
['2019-03-27 12:24:00', 18.53, 18.52, 18.52, 18.53, 1041]
['2019-03-27 12:19:00', 18.51, 18.51, 18.51, 18.51, 142]
['2019-03-27 12:15:00', 18.5, 18.5, 18.5, 18.5, 100]
['2019-03-27 12:11:00', 18.732, 18.732, 18.732, 18.732, 300]
['2019-03-27 12:08:00', 18.5, 18.5, 18.5, 18.5, 127]
['2019-03-27 12:06:00', 18.51, 18.51, 18.51, 18.51, 100]
['2019-03-27 12:01:00', 18.51, 18.66, 18.51, 18.66, 1025]
['2019-03-27 11:51:00', 18.66, 18.66, 18.66, 18.66, 215]
['2019-03-27 11:48:00', 18.66, 18.66, 18.66, 18.66, 227]
['2019-03-27 11:47:00', 18.66, 18.52, 18.52, 18.66, 500]
['2019-03-27 11:46:00', 18.66, 18.6695, 18.66, 18.6695, 500]
['2019-03-27 11:44:00', 18.5926, 18.5926, 18.5926, 18.5926, 500]
['2019-03-27 11:43:00', 18.5, 18.5, 18.5, 18.5, 100]
['2019-03-27 11:40:00', 18.66, 18.51, 18.51, 18.66, 600]
['2019-03-27 11:33:00', 18.47, 18.47, 18.47, 18.47, 101]
['2019-03-27 11:32:00', 18.72, 18.565, 18.56, 18.72, 9345]
['2019-03-27 11:27:00', 18.7, 18.82, 18.7, 18.82, 1910]
['2019-03-27 11:23:00', 18.7, 18.7, 18.7, 18.7, 100]
['2019-03-27 11:22:00', 18.73, 18.73, 18.73, 18.73, 100]
['2019-03-27 11:21:00', 18.725, 18.8001, 18.725, 18.8001, 5395]
['2019-03-27 11:20:00', 18.5, 18.78, 18.475, 18.78, 21226]
['2019-03-27 11:18:00', 18.29, 18.375, 18.29, 18.375, 214]
['2019-03-27 11:16:00', 18.395, 18.3, 18.3, 18.395, 430]
['2019-03-27 11:10:00', 18.342, 18.26, 18.26, 18.342, 1296]
['2019-03-27 11:09:00', 18.47, 18.25, 18.25, 18.47, 610]
['2019-03-27 11:08:00', 18.51, 18.51, 18.51, 18.51, 505]
['2019-03-27 11:05:00', 18.51, 18.51, 18.51, 18.51, 299]
['2019-03-27 11:04:00', 18.59, 18.59, 18.59, 18.59, 240]
['2019-03-27 11:03:00', 18.63, 18.63, 18.63, 18.63, 187]
['2019-03-27 10:59:00', 18.63, 18.63, 18.63, 18.63, 618]
['2019-03-27 10:58:00', 18.64, 18.64, 18.6, 18.64, 700]
['2019-03-27 10:57:00', 18.57, 18.54, 18.54, 18.61, 2670]
['2019-03-27 10:56:00', 18.79, 18.6, 18.6, 18.79, 1320]
['2019-03-27 10:55:00', 18.7, 18.67, 18.67, 18.71, 1800]
['2019-03-27 10:54:00', 18.74, 18.7, 18.7, 18.8, 3098]
['2019-03-27 10:53:00', 18.74, 18.74, 18.74, 18.74, 500]
['2019-03-27 10:52:00', 18.73, 18.74, 18.73, 18.74, 500]
['2019-03-27 10:51:00', 18.74, 18.74, 18.74, 18.74, 610]
['2019-03-27 10:50:00', 18.65, 18.7, 18.65, 18.7, 210]
['2019-03-27 10:49:00', 18.74, 18.65, 18.65, 18.75, 2991]
['2019-03-27 10:48:00', 18.72, 18.725, 18.72, 18.75, 430]
['2019-03-27 10:44:00', 18.64, 18.64, 18.64, 18.64, 255]
['2019-03-27 10:43:00', 18.63, 18.64, 18.63, 18.66, 1080]
['2019-03-27 10:42:00', 18.66, 18.64, 18.64, 18.68, 881]
['2019-03-27 10:41:00', 18.73, 18.65, 18.65, 18.73, 1053]
['2019-03-27 10:40:00', 18.77, 18.77, 18.77, 18.785, 1120]
['2019-03-27 10:39:00', 18.79, 18.7956, 18.79, 18.8, 363]
['2019-03-27 10:38:00', 18.82, 18.81, 18.81, 18.82, 400]
['2019-03-27 10:37:00', 18.8, 18.82, 18.8, 18.82, 604]
['2019-03-27 10:36:00', 18.76, 18.83, 18.76, 18.83, 2349]
['2019-03-27 10:35:00', 18.925, 18.77, 18.77, 18.925, 2458]
['2019-03-27 10:34:00', 18.93, 18.9, 18.9, 18.93, 554]
['2019-03-27 10:33:00', 18.94, 18.94, 18.9, 18.94, 906]
['2019-03-27 10:32:00', 18.92, 18.9, 18.9, 18.94, 948]
['2019-03-27 10:31:00', 18.83, 18.92, 18.83, 18.92, 1214]
['2019-03-27 10:30:00', 18.81, 18.79, 18.75, 18.81, 1330]
['2019-03-27 10:29:00', 18.84, 18.8905, 18.84, 18.93, 1289]
['2019-03-27 10:28:00', 18.71, 18.71, 18.71, 18.71, 170]
['2019-03-27 10:21:00', 18.85, 18.85, 18.85, 18.85, 100]
['2019-03-27 10:20:00', 18.74, 18.7, 18.7, 18.74, 405]
['2019-03-27 10:12:00', 19.0, 18.95, 18.95, 19.0, 624]
['2019-03-27 10:10:00', 19.175, 18.93, 18.93, 19.18, 1760]
['2019-03-27 10:08:00', 19.32, 19.32, 19.32, 19.32, 670]
['2019-03-27 10:03:00', 19.15, 19.15, 19.15, 19.15, 2318]
['2019-03-27 10:02:00', 19.134, 19.035, 19.0142, 19.15, 2000]
['2019-03-27 09:55:00', 18.84, 18.84, 18.84, 18.84, 140]
['2019-03-27 09:47:00', 19.1165, 19.1165, 19.1165, 19.1165, 145]
['2019-03-27 09:44:00', 19.1559, 19.1559, 19.1559, 19.1559, 380]
['2019-03-27 09:33:00', 18.6082, 18.6082, 18.6082, 18.6082, 203]
['2019-03-27 09:31:00', 18.98, 18.917, 18.917, 18.98, 2871]
['2019-03-26 16:00:00', 19.23, 19.31, 19.23, 19.31, 4245]
['2019-03-26 15:59:00', 19.19, 19.36, 19.19, 19.36, 1026]
['2019-03-26 15:58:00', 19.26, 19.26, 19.26, 19.26, 639]
['2019-03-26 15:57:00', 19.38, 19.38, 19.38, 19.38, 683]
['2019-03-26 15:56:00', 19.11, 19.11, 19.11, 19.11, 478]
['2019-03-26 15:54:00', 19.16, 19.16, 19.16, 19.16, 152]
['2019-03-26 15:53:00', 19.04, 19.04, 19.04, 19.04, 200]
['2019-03-26 15:50:00', 19.12, 19.12, 19.12, 19.12, 200]
['2019-03-26 15:43:00', 19.32, 19.55, 19.32, 19.55, 4995]
['2019-03-26 15:39:00', 19.04, 19.04, 19.04, 19.04, 910]
['2019-03-26 15:38:00', 18.84, 18.84, 18.84, 18.84, 200]
['2019-03-26 15:33:00', 19.28, 19.28, 19.28, 19.28, 160]
['2019-03-26 15:26:00', 19.31, 19.31, 19.31, 19.31, 539]
['2019-03-26 15:18:00', 19.4381, 19.4381, 19.4381, 19.4381, 600]
['2019-03-26 15:15:00', 19.41, 19.41, 19.41, 19.41, 160]
['2019-03-26 15:10:00', 19.31, 19.31, 19.31, 19.31, 100]
['2019-03-26 15:07:00', 19.4, 19.4, 19.4, 19.4, 200]
['2019-03-26 15:04:00', 19.4, 19.4, 19.4, 19.4, 330]
['2019-03-26 15:03:00', 19.4, 19.4, 19.4, 19.4, 387]
['2019-03-26 14:58:00', 19.4, 19.4, 19.4, 19.4, 100]
['2019-03-26 14:53:00', 19.46, 19.46, 19.46, 19.46, 310]
['2019-03-26 14:52:00', 19.5, 19.5, 19.5, 19.5, 750]
['2019-03-26 14:44:00', 19.58, 19.5, 19.5, 19.58, 1126]
['2019-03-26 14:41:00', 19.49, 19.52, 19.49, 19.57, 3935]
['2019-03-26 14:39:00', 19.465, 19.465, 19.465, 19.465, 488]
['2019-03-26 14:34:00', 19.445, 19.445, 19.445, 19.445, 411]
['2019-03-26 14:32:00', 19.48, 19.48, 19.48, 19.48, 808]
['2019-03-26 14:31:00', 19.53, 19.53, 19.53, 19.53, 1391]
['2019-03-26 14:30:00', 19.57, 19.57, 19.57, 19.57, 100]
['2019-03-26 14:25:00', 19.635, 19.635, 19.635, 19.635, 338]
['2019-03-26 14:20:00', 19.58, 19.58, 19.58, 19.58, 150]
['2019-03-26 14:18:00', 19.72, 19.72, 19.72, 19.72, 400]
['2019-03-26 14:17:00', 19.645, 19.645, 19.645, 19.645, 542]
['2019-03-26 14:04:00', 19.61, 19.61, 19.61, 19.61, 100]
['2019-03-26 13:56:00', 19.6, 19.6, 19.6, 19.6, 200]
['2019-03-26 13:53:00', 19.68, 19.68, 19.68, 19.68, 200]
['2019-03-26 13:51:00', 19.68, 19.68, 19.68, 19.68, 926]
['2019-03-26 13:50:00', 19.86, 19.86, 19.86, 19.86, 300]
['2019-03-26 13:49:00', 19.68, 19.68, 19.68, 19.68, 100]
['2019-03-26 13:46:00', 19.68, 19.68, 19.68, 19.68, 100]
['2019-03-26 13:41:00', 19.85, 19.85, 19.85, 19.85, 241]
['2019-03-26 13:36:00', 19.77, 19.93, 19.77, 19.93, 1840]
['2019-03-26 13:35:00', 19.73, 19.73, 19.73, 19.73, 700]
['2019-03-26 13:34:00', 19.68, 19.68, 19.68, 19.68, 889]
['2019-03-26 13:29:00', 19.76, 19.76, 19.76, 19.76, 800]
['2019-03-26 13:28:00', 19.735, 19.735, 19.735, 19.735, 210]
['2019-03-26 13:27:00', 19.69, 19.69, 19.69, 19.69, 189]
['2019-03-26 13:22:00', 19.81, 19.81, 19.81, 19.81, 920]
['2019-03-26 13:21:00', 19.4304, 19.4304, 19.4304, 19.4304, 755]
['2019-03-26 13:20:00', 19.515, 19.515, 19.515, 19.515, 800]
['2019-03-26 13:09:00', 19.33, 19.33, 19.33, 19.33, 189]
['2019-03-26 12:58:00', 19.32, 19.32, 19.32, 19.32, 1258]
['2019-03-26 12:57:00', 19.429, 19.429, 19.429, 19.429, 383]
['2019-03-26 12:53:00', 19.33, 19.33, 19.33, 19.33, 100]
['2019-03-26 12:47:00', 19.3, 19.3, 19.3, 19.3, 100]
['2019-03-26 12:40:00', 19.34, 19.34, 19.34, 19.34, 442]
['2019-03-26 12:36:00', 19.5258, 19.5258, 19.5258, 19.5258, 1000]
['2019-03-26 12:18:00', 19.59, 19.59, 19.59, 19.59, 516]
['2019-03-26 12:16:00', 19.42, 19.42, 19.42, 19.42, 100]
['2019-03-26 12:10:00', 19.5, 19.5, 19.5, 19.5, 271]
['2019-03-26 12:09:00', 19.51, 19.51, 19.51, 19.51, 100]
['2019-03-26 12:02:00', 19.65, 19.65, 19.65, 19.65, 302]
['2019-03-26 11:58:00', 19.55, 19.6, 19.55, 19.6, 1235]
['2019-03-26 11:56:00', 19.685, 19.685, 19.685, 19.685, 457]
['2019-03-26 11:47:00', 19.54, 19.54, 19.54, 19.54, 105]
['2019-03-26 11:43:00', 19.685, 19.685, 19.685, 19.685, 301]
['2019-03-26 11:38:00', 19.5886, 19.5886, 19.5886, 19.5886, 600]
['2019-03-26 11:30:00', 19.685, 19.685, 19.685, 19.685, 422]
['2019-03-26 11:25:00', 19.57, 19.57, 19.57, 19.57, 300]
['2019-03-26 11:22:00', 19.6876, 19.6876, 19.6876, 19.6876, 590]
['2019-03-26 11:15:00', 19.6296, 19.6296, 19.6296, 19.6296, 908]
['2019-03-26 11:14:00', 19.62, 19.62, 19.62, 19.62, 300]
['2019-03-26 11:11:00', 19.61, 19.61, 19.61, 19.61, 100]
['2019-03-26 11:08:00', 19.64, 19.64, 19.64, 19.64, 100]
['2019-03-26 10:58:00', 19.7, 19.7, 19.7, 19.7, 179]
['2019-03-26 10:57:00', 19.72, 20.0, 19.72, 20.0, 1276]
['2019-03-26 10:56:00', 19.72, 19.72, 19.72, 19.72, 600]
['2019-03-26 10:55:00', 19.71, 19.71, 19.71, 19.71, 3100]
['2019-03-26 10:54:00', 19.5, 19.5, 19.5, 19.5, 669]
['2019-03-26 10:53:00', 19.52, 19.52, 19.52, 19.52, 255]
['2019-03-26 10:47:00', 19.3642, 19.3642, 19.3642, 19.3642, 100]
['2019-03-26 10:33:00', 19.34, 19.34, 19.34, 19.34, 252]
['2019-03-26 10:31:00', 19.345, 19.345, 19.345, 19.345, 250]
['2019-03-26 10:27:00', 19.3, 19.3, 19.3, 19.3, 100]
['2019-03-26 10:24:00', 19.3612, 19.3612, 19.3612, 19.3612, 542]
['2019-03-26 10:22:00', 19.28, 19.28, 19.28, 19.28, 1106]
['2019-03-26 10:21:00', 19.445, 19.445, 19.445, 19.445, 300]
['2019-03-26 10:17:00', 19.4, 19.4, 19.4, 19.4, 102]
['2019-03-26 09:54:00', 19.39, 19.39, 19.39, 19.39, 383]
['2019-03-26 09:48:00', 19.6227, 19.6227, 19.6227, 19.6227, 505]
['2019-03-26 09:42:00', 19.42, 19.42, 19.42, 19.42, 169]
['2019-03-26 09:40:00', 19.565, 19.565, 19.565, 19.565, 420]
['2019-03-26 09:31:00', 19.93, 19.93, 19.93, 19.93, 929]
['2019-03-25 16:00:00', 19.38, 19.38, 19.38, 19.38, 1245]
['2019-03-25 15:59:00', 19.47, 19.45, 19.45, 19.47, 1729]
['2019-03-25 15:57:00', 19.4, 19.44, 19.4, 19.45, 3693]
['2019-03-25 15:56:00', 19.4, 19.4, 19.4, 19.4, 750]
['2019-03-25 15:54:00', 19.345, 19.39, 19.345, 19.39, 842]
['2019-03-25 15:52:00', 19.345, 19.345, 19.345, 19.345, 439]
['2019-03-25 15:51:00', 19.42, 19.42, 19.42, 19.42, 227]
['2019-03-25 15:50:00', 19.39, 19.39, 19.39, 19.39, 223]
['2019-03-25 15:49:00', 19.39, 19.39, 19.39, 19.39, 624]
['2019-03-25 15:46:00', 19.16, 19.38, 19.16, 19.38, 3630]
['2019-03-25 15:44:00', 19.3, 19.3, 19.3, 19.3, 265]
['2019-03-25 15:43:00', 19.28, 19.28, 19.28, 19.28, 444]
['2019-03-25 15:41:00', 19.25, 19.25, 19.25, 19.25, 410]
['2019-03-25 15:39:00', 19.26, 19.26, 19.26, 19.26, 569]
['2019-03-25 15:35:00', 19.46, 19.46, 19.46, 19.46, 186]
['2019-03-25 15:33:00', 19.2605, 19.46, 19.2605, 19.46, 863]
['2019-03-25 15:31:00', 19.46, 19.46, 19.46, 19.46, 150]
['2019-03-25 15:28:00', 19.27, 19.27, 19.27, 19.27, 1444]
['2019-03-25 15:27:00', 19.25, 19.25, 19.25, 19.25, 798]
['2019-03-25 15:25:00', 19.1595, 19.16, 19.1595, 19.16, 2064]
['2019-03-25 15:23:00', 19.12, 19.12, 19.12, 19.12, 584]
['2019-03-25 15:21:00', 19.12, 19.12, 19.12, 19.12, 568]
['2019-03-25 15:19:00', 19.08, 19.08, 19.08, 19.08, 145]
['2019-03-25 15:18:00', 19.08, 19.08, 19.08, 19.08, 264]
['2019-03-25 15:17:00', 19.04, 19.08, 19.04, 19.08, 675]
['2019-03-25 15:15:00', 19.04, 19.04, 19.04, 19.04, 338]
['2019-03-25 15:10:00', 19.01, 19.01, 19.01, 19.01, 300]
['2019-03-25 15:06:00', 19.12, 19.12, 19.12, 19.12, 583]
['2019-03-25 15:00:00', 19.12, 19.12, 19.12, 19.12, 269]
['2019-03-25 14:58:00', 18.9866, 18.9866, 18.9866, 18.9866, 557]
['2019-03-25 14:50:00', 18.93, 19.045, 18.93, 19.045, 481]
['2019-03-25 14:46:00', 19.0643, 19.0643, 19.0643, 19.0643, 1032]
['2019-03-25 14:42:00', 19.0698, 19.0698, 19.0698, 19.0698, 1126]
['2019-03-25 14:39:00', 19.1, 19.1, 19.1, 19.1, 228]
['2019-03-25 14:28:00', 19.26, 19.26, 19.26, 19.26, 1600]
['2019-03-25 14:26:00', 19.05, 19.05, 19.05, 19.05, 760]
['2019-03-25 14:24:00', 19.12, 19.12, 19.12, 19.12, 2458]
['2019-03-25 14:23:00', 19.07, 19.07, 19.07, 19.07, 1485]
['2019-03-25 14:22:00', 19.04, 19.04, 19.04, 19.04, 100]
['2019-03-25 14:20:00', 19.04, 19.04, 19.04, 19.04, 850]
['2019-03-25 14:18:00', 19.035, 19.035, 19.035, 19.035, 937]
['2019-03-25 14:16:00', 19.05, 19.05, 19.05, 19.05, 252]
['2019-03-25 14:13:00', 19.155, 19.155, 19.155, 19.155, 325]
['2019-03-25 14:12:00', 19.185, 19.185, 19.185, 19.185, 300]
['2019-03-25 14:09:00', 19.2, 19.2, 19.2, 19.2, 1233]
['2019-03-25 14:00:00', 19.2372, 19.2372, 19.2372, 19.2372, 145]
['2019-03-25 13:58:00', 19.06, 19.06, 19.06, 19.06, 1047]
['2019-03-25 13:57:00', 18.935, 18.95, 18.935, 18.955, 3687]
['2019-03-25 13:44:00', 18.975, 18.975, 18.975, 18.975, 718]
['2019-03-25 13:37:00', 18.97, 18.97, 18.97, 18.97, 100]
['2019-03-25 13:32:00', 18.97, 18.97, 18.97, 18.97, 600]
['2019-03-25 13:30:00', 18.88, 18.95, 18.88, 18.95, 1784]
['2019-03-25 13:27:00', 18.8, 18.8, 18.8, 18.8, 200]
['2019-03-25 13:21:00', 18.7832, 18.59, 18.59, 18.7832, 516]
['2019-03-25 13:19:00', 18.78, 18.78, 18.78, 18.78, 800]
['2019-03-25 13:12:00', 18.68, 18.68, 18.68, 18.68, 627]
['2019-03-25 12:52:00', 18.375, 18.375, 18.375, 18.375, 105]
['2019-03-25 12:45:00', 18.49, 18.49, 18.49, 18.49, 100]
['2019-03-25 12:43:00', 18.48, 18.48, 18.48, 18.48, 358]
['2019-03-25 12:32:00', 18.46, 18.365, 18.365, 18.46, 555]
['2019-03-25 12:25:00', 18.36, 18.36, 18.36, 18.36, 151]
['2019-03-25 12:14:00', 18.37, 18.37, 18.37, 18.37, 406]
['2019-03-25 12:04:00', 18.46, 18.46, 18.46, 18.46, 100]
['2019-03-25 11:58:00', 18.36, 18.36, 18.36, 18.36, 300]
['2019-03-25 11:50:00', 18.34, 18.34, 18.34, 18.34, 200]
['2019-03-25 11:40:00', 18.3, 18.3, 18.3, 18.3, 170]
['2019-03-25 11:39:00', 18.66, 18.66, 18.66, 18.66, 127]
['2019-03-25 11:37:00', 18.597, 18.597, 18.597, 18.597, 462]
['2019-03-25 11:32:00', 18.6, 18.6, 18.6, 18.6, 1325]
['2019-03-25 11:29:00', 18.4, 18.4, 18.4, 18.4, 312]
['2019-03-25 11:27:00', 18.09, 18.09, 18.09, 18.09, 100]
['2019-03-25 11:15:00', 18.37, 18.37, 18.37, 18.37, 200]
['2019-03-25 11:06:00', 18.09, 18.09, 18.09, 18.09, 300]
['2019-03-25 11:01:00', 18.24, 18.24, 18.24, 18.24, 300]
['2019-03-25 10:56:00', 18.265, 18.265, 18.265, 18.265, 210]
['2019-03-25 10:55:00', 18.38, 18.38, 18.38, 18.38, 1140]
['2019-03-25 10:52:00', 18.26, 18.26, 18.26, 18.26, 100]
['2019-03-25 10:51:00', 18.2842, 18.2842, 18.2842, 18.2842, 310]
['2019-03-25 10:47:00', 18.2, 18.2, 18.2, 18.2, 225]
['2019-03-25 10:43:00', 18.3, 18.29, 18.29, 18.3, 1606]
['2019-03-25 10:36:00', 18.28, 18.28, 18.28, 18.28, 235]
['2019-03-25 10:31:00', 17.91, 17.91, 17.91, 17.91, 101]
['2019-03-25 10:09:00', 18.08, 18.08, 18.08, 18.08, 119]
['2019-03-25 10:04:00', 18.3012, 18.3012, 18.3012, 18.3012, 351]
['2019-03-25 10:00:00', 18.2, 18.2, 18.2, 18.2, 1311]
['2019-03-25 09:36:00', 18.128, 18.128, 18.128, 18.128, 715]
['2019-03-25 09:31:00', 18.16, 18.16, 18.16, 18.16, 0]
