ALLE
['2019-03-29 16:00:00', 90.75, 90.74, 90.74, 90.78, 24040]
['2019-03-29 15:59:00', 90.72, 90.75, 90.7, 90.75, 13692]
['2019-03-29 15:58:00', 90.67, 90.74, 90.67, 90.74, 8656]
['2019-03-29 15:57:00', 90.73, 90.69, 90.66, 90.73, 10683]
['2019-03-29 15:56:00', 90.72, 90.72, 90.72, 90.72, 7174]
['2019-03-29 15:55:00', 90.74, 90.67, 90.67, 90.74, 7117]
['2019-03-29 15:54:00', 90.78, 90.74, 90.66, 90.78, 10932]
['2019-03-29 15:53:00', 90.78, 90.78, 90.78, 90.785, 5623]
['2019-03-29 15:52:00', 90.73, 90.78, 90.73, 90.78, 5438]
['2019-03-29 15:51:00', 90.72, 90.72, 90.72, 90.72, 5638]
['2019-03-29 15:50:00', 90.79, 90.76, 90.76, 90.79, 4846]
['2019-03-29 15:49:00', 90.8, 90.76, 90.76, 90.81, 8479]
['2019-03-29 15:48:00', 90.81, 90.81, 90.81, 90.81, 4947]
['2019-03-29 15:47:00', 90.83, 90.79, 90.79, 90.83, 4232]
['2019-03-29 15:46:00', 90.835, 90.845, 90.835, 90.845, 6573]
['2019-03-29 15:45:00', 90.8, 90.77, 90.77, 90.8, 6344]
['2019-03-29 15:44:00', 90.81, 90.81, 90.81, 90.81, 2078]
['2019-03-29 15:43:00', 90.86, 90.83, 90.83, 90.86, 7576]
['2019-03-29 15:42:00', 90.83, 90.86, 90.83, 90.86, 4437]
['2019-03-29 15:41:00', 90.82, 90.825, 90.81, 90.825, 4883]
['2019-03-29 15:40:00', 90.78, 90.81, 90.78, 90.81, 7228]
['2019-03-29 15:39:00', 90.775, 90.78, 90.775, 90.78, 2568]
['2019-03-29 15:38:00', 90.78, 90.77, 90.77, 90.78, 3478]
['2019-03-29 15:37:00', 90.84, 90.81, 90.81, 90.84, 5212]
['2019-03-29 15:36:00', 90.8, 90.835, 90.8, 90.9, 23479]
['2019-03-29 15:35:00', 90.74, 90.78, 90.74, 90.78, 5755]
['2019-03-29 15:34:00', 90.72, 90.73, 90.72, 90.73, 2251]
['2019-03-29 15:33:00', 90.72, 90.735, 90.69, 90.735, 2841]
['2019-03-29 15:32:00', 90.71, 90.72, 90.69, 90.72, 4013]
['2019-03-29 15:31:00', 90.75, 90.715, 90.715, 90.755, 3836]
['2019-03-29 15:30:00', 90.745, 90.76, 90.745, 90.76, 10766]
['2019-03-29 15:29:00', 90.74, 90.76, 90.74, 90.76, 16229]
['2019-03-29 15:28:00', 90.745, 90.745, 90.745, 90.745, 975]
['2019-03-29 15:27:00', 90.66, 90.695, 90.66, 90.7, 3099]
['2019-03-29 15:26:00', 90.67, 90.67, 90.67, 90.67, 546]
['2019-03-29 15:25:00', 90.69, 90.68, 90.68, 90.7, 2181]
['2019-03-29 15:24:00', 90.73, 90.725, 90.71, 90.73, 2277]
['2019-03-29 15:23:00', 90.745, 90.745, 90.745, 90.745, 1353]
['2019-03-29 15:22:00', 90.75, 90.75, 90.75, 90.75, 1120]
['2019-03-29 15:21:00', 90.74, 90.72, 90.72, 90.74, 1472]
['2019-03-29 15:20:00', 90.73, 90.755, 90.73, 90.755, 1767]
['2019-03-29 15:19:00', 90.77, 90.75, 90.75, 90.77, 1590]
['2019-03-29 15:18:00', 90.72, 90.77, 90.72, 90.77, 1880]
['2019-03-29 15:17:00', 90.68, 90.705, 90.68, 90.705, 9746]
['2019-03-29 15:16:00', 90.64, 90.63, 90.63, 90.64, 1591]
['2019-03-29 15:15:00', 90.65, 90.65, 90.65, 90.65, 761]
['2019-03-29 15:14:00', 90.63, 90.64, 90.63, 90.64, 959]
['2019-03-29 15:13:00', 90.69, 90.67, 90.67, 90.7, 2824]
['2019-03-29 15:12:00', 90.71, 90.7, 90.7, 90.71, 1074]
['2019-03-29 15:11:00', 90.7, 90.71, 90.7, 90.71, 939]
['2019-03-29 15:10:00', 90.74, 90.74, 90.74, 90.74, 885]
['2019-03-29 15:09:00', 90.72, 90.74, 90.72, 90.74, 750]
['2019-03-29 15:08:00', 90.66, 90.73, 90.66, 90.73, 2069]
['2019-03-29 15:07:00', 90.72, 90.66, 90.66, 90.72, 1741]
['2019-03-29 15:06:00', 90.75, 90.75, 90.75, 90.75, 1022]
['2019-03-29 15:05:00', 90.8, 90.74, 90.74, 90.8, 2834]
['2019-03-29 15:04:00', 90.79, 90.8, 90.785, 90.8, 2563]
['2019-03-29 15:03:00', 90.81, 90.8, 90.8, 90.81, 1187]
['2019-03-29 15:02:00', 90.77, 90.77, 90.77, 90.77, 1695]
['2019-03-29 15:01:00', 90.76, 90.75, 90.75, 90.76, 12532]
['2019-03-29 15:00:00', 90.69, 90.7, 90.68, 90.7, 2297]
['2019-03-29 14:59:00', 90.68, 90.66, 90.66, 90.68, 659]
['2019-03-29 14:58:00', 90.72, 90.72, 90.72, 90.72, 605]
['2019-03-29 14:57:00', 90.77, 90.76, 90.76, 90.77, 2252]
['2019-03-29 14:56:00', 90.79, 90.78, 90.78, 90.79, 1501]
['2019-03-29 14:55:00', 90.78, 90.79, 90.78, 90.79, 1307]
['2019-03-29 14:54:00', 90.75, 90.75, 90.75, 90.75, 1355]
['2019-03-29 14:53:00', 90.72, 90.73, 90.72, 90.73, 1466]
['2019-03-29 14:52:00', 90.7, 90.7, 90.7, 90.7, 870]
['2019-03-29 14:51:00', 90.71, 90.71, 90.71, 90.71, 1305]
['2019-03-29 14:50:00', 90.67, 90.71, 90.67, 90.71, 1046]
['2019-03-29 14:49:00', 90.66, 90.66, 90.66, 90.66, 456]
['2019-03-29 14:48:00', 90.62, 90.64, 90.62, 90.64, 1426]
['2019-03-29 14:47:00', 90.595, 90.595, 90.595, 90.595, 1140]
['2019-03-29 14:46:00', 90.65, 90.65, 90.65, 90.65, 1032]
['2019-03-29 14:45:00', 90.67, 90.67, 90.67, 90.67, 1317]
['2019-03-29 14:44:00', 90.66, 90.66, 90.66, 90.66, 724]
['2019-03-29 14:43:00', 90.63, 90.63, 90.63, 90.63, 1111]
['2019-03-29 14:42:00', 90.51, 90.63, 90.51, 90.63, 3619]
['2019-03-29 14:41:00', 90.57, 90.57, 90.57, 90.57, 455]
['2019-03-29 14:40:00', 90.59, 90.59, 90.59, 90.59, 593]
['2019-03-29 14:39:00', 90.72, 90.65, 90.65, 90.72, 4203]
['2019-03-29 14:38:00', 90.71, 90.71, 90.71, 90.71, 541]
['2019-03-29 14:37:00', 90.71, 90.71, 90.71, 90.71, 919]
['2019-03-29 14:36:00', 90.705, 90.705, 90.705, 90.705, 630]
['2019-03-29 14:35:00', 90.7, 90.7, 90.7, 90.7, 1448]
['2019-03-29 14:34:00', 90.7, 90.7, 90.7, 90.7, 1335]
['2019-03-29 14:33:00', 90.68, 90.69, 90.68, 90.69, 1378]
['2019-03-29 14:32:00', 90.6625, 90.67, 90.6625, 90.67, 947]
['2019-03-29 14:31:00', 90.66, 90.66, 90.66, 90.66, 1669]
['2019-03-29 14:30:00', 90.69, 90.69, 90.69, 90.69, 1572]
['2019-03-29 14:29:00', 90.68, 90.68, 90.68, 90.68, 600]
['2019-03-29 14:28:00', 90.65, 90.66, 90.65, 90.66, 767]
['2019-03-29 14:27:00', 90.635, 90.635, 90.635, 90.635, 807]
['2019-03-29 14:26:00', 90.64, 90.64, 90.64, 90.64, 314]
['2019-03-29 14:25:00', 90.61, 90.61, 90.61, 90.61, 245]
['2019-03-29 14:24:00', 90.6, 90.6, 90.6, 90.6, 414]
['2019-03-29 14:23:00', 90.58, 90.58, 90.58, 90.58, 1517]
['2019-03-29 14:22:00', 90.58, 90.58, 90.58, 90.58, 734]
['2019-03-29 14:21:00', 90.57, 90.56, 90.56, 90.57, 804]
['2019-03-29 14:19:00', 90.56, 90.56, 90.56, 90.56, 2007]
['2019-03-29 14:18:00', 90.61, 90.61, 90.61, 90.61, 663]
['2019-03-29 14:17:00', 90.61, 90.61, 90.61, 90.61, 419]
['2019-03-29 14:16:00', 90.585, 90.585, 90.585, 90.585, 475]
['2019-03-29 14:15:00', 90.56, 90.56, 90.56, 90.56, 1436]
['2019-03-29 14:14:00', 90.51, 90.51, 90.51, 90.51, 588]
['2019-03-29 14:13:00', 90.51, 90.51, 90.51, 90.51, 374]
['2019-03-29 14:12:00', 90.47, 90.51, 90.47, 90.51, 1044]
['2019-03-29 14:11:00', 90.455, 90.455, 90.455, 90.455, 711]
['2019-03-29 14:09:00', 90.41, 90.435, 90.41, 90.435, 1100]
['2019-03-29 14:08:00', 90.45, 90.45, 90.45, 90.45, 712]
['2019-03-29 14:07:00', 90.45, 90.44, 90.44, 90.45, 3317]
['2019-03-29 14:05:00', 90.4, 90.44, 90.4, 90.44, 1592]
['2019-03-29 14:04:00', 90.36, 90.36, 90.36, 90.36, 773]
['2019-03-29 14:03:00', 90.37, 90.37, 90.37, 90.37, 728]
['2019-03-29 14:02:00', 90.36, 90.36, 90.36, 90.36, 1032]
['2019-03-29 14:01:00', 90.39, 90.39, 90.39, 90.39, 1901]
['2019-03-29 14:00:00', 90.405, 90.405, 90.405, 90.405, 763]
['2019-03-29 13:59:00', 90.38, 90.38, 90.38, 90.38, 919]
['2019-03-29 13:58:00', 90.37, 90.37, 90.37, 90.37, 522]
['2019-03-29 13:57:00', 90.38, 90.37, 90.37, 90.38, 1644]
['2019-03-29 13:56:00', 90.35, 90.35, 90.35, 90.35, 983]
['2019-03-29 13:53:00', 90.34, 90.34, 90.34, 90.34, 621]
['2019-03-29 13:52:00', 90.35, 90.35, 90.35, 90.35, 505]
['2019-03-29 13:51:00', 90.35, 90.35, 90.35, 90.35, 629]
['2019-03-29 13:50:00', 90.34, 90.35, 90.34, 90.35, 2379]
['2019-03-29 13:49:00', 90.37, 90.37, 90.37, 90.37, 411]
['2019-03-29 13:48:00', 90.39, 90.39, 90.39, 90.39, 1803]
['2019-03-29 13:47:00', 90.385, 90.385, 90.385, 90.385, 738]
['2019-03-29 13:46:00', 90.39, 90.375, 90.375, 90.39, 1085]
['2019-03-29 13:45:00', 90.37, 90.39, 90.37, 90.41, 3245]
['2019-03-29 13:43:00', 90.38, 90.38, 90.38, 90.38, 1420]
['2019-03-29 13:42:00', 90.395, 90.38, 90.38, 90.395, 2252]
['2019-03-29 13:41:00', 90.4, 90.4, 90.4, 90.4, 862]
['2019-03-29 13:40:00', 90.4, 90.39, 90.39, 90.4, 841]
['2019-03-29 13:39:00', 90.39, 90.39, 90.39, 90.39, 1244]
['2019-03-29 13:38:00', 90.36, 90.38, 90.36, 90.38, 1660]
['2019-03-29 13:37:00', 90.35, 90.35, 90.35, 90.35, 1672]
['2019-03-29 13:36:00', 90.32, 90.32, 90.32, 90.32, 805]
['2019-03-29 13:35:00', 90.34, 90.32, 90.32, 90.34, 1285]
['2019-03-29 13:34:00', 90.305, 90.32, 90.305, 90.32, 1840]
['2019-03-29 13:33:00', 90.27, 90.27, 90.27, 90.27, 25764]
['2019-03-29 13:32:00', 90.23, 90.23, 90.23, 90.23, 555]
['2019-03-29 13:30:00', 90.24, 90.24, 90.24, 90.24, 708]
['2019-03-29 13:28:00', 90.29, 90.27, 90.27, 90.3025, 2428]
['2019-03-29 13:26:00', 90.35, 90.35, 90.35, 90.35, 716]
['2019-03-29 13:22:00', 90.28, 90.31, 90.28, 90.31, 2287]
['2019-03-29 13:21:00', 90.2609, 90.2609, 90.2609, 90.2609, 268]
['2019-03-29 13:20:00', 90.38, 90.305, 90.305, 90.38, 2629]
['2019-03-29 13:15:00', 90.43, 90.43, 90.43, 90.43, 960]
['2019-03-29 13:13:00', 90.44, 90.44, 90.44, 90.44, 209]
['2019-03-29 13:11:00', 90.4181, 90.4497, 90.4181, 90.4497, 805]
['2019-03-29 13:10:00', 90.355, 90.355, 90.355, 90.355, 706]
['2019-03-29 13:09:00', 90.3, 90.2954, 90.2954, 90.3, 1695]
['2019-03-29 13:08:00', 90.3, 90.3, 90.3, 90.3, 674]
['2019-03-29 13:07:00', 90.32, 90.29, 90.29, 90.32, 1921]
['2019-03-29 13:06:00', 90.36, 90.35, 90.35, 90.36, 3215]
['2019-03-29 13:05:00', 90.46, 90.41, 90.41, 90.46, 2712]
['2019-03-29 13:03:00', 90.45, 90.45, 90.45, 90.45, 247]
['2019-03-29 13:00:00', 90.41, 90.41, 90.41, 90.41, 556]
['2019-03-29 12:59:00', 90.42, 90.42, 90.42, 90.42, 986]
['2019-03-29 12:58:00', 90.35, 90.35, 90.35, 90.35, 10215]
['2019-03-29 12:56:00', 90.3599, 90.3599, 90.3599, 90.3599, 110]
['2019-03-29 12:55:00', 90.24, 90.3, 90.24, 90.3, 1368]
['2019-03-29 12:52:00', 90.2388, 90.2388, 90.2388, 90.2388, 250]
['2019-03-29 12:50:00', 90.2, 90.255, 90.2, 90.255, 1912]
['2019-03-29 12:47:00', 90.2, 90.2, 90.2, 90.2, 442]
['2019-03-29 12:46:00', 90.21, 90.21, 90.21, 90.21, 663]
['2019-03-29 12:44:00', 90.21, 90.21, 90.21, 90.21, 852]
['2019-03-29 12:43:00', 90.23, 90.23, 90.23, 90.23, 212]
['2019-03-29 12:42:00', 90.25, 90.25, 90.25, 90.25, 310]
['2019-03-29 12:41:00', 90.255, 90.255, 90.255, 90.255, 774]
['2019-03-29 12:39:00', 90.25, 90.25, 90.25, 90.25, 1438]
['2019-03-29 12:38:00', 90.27, 90.27, 90.27, 90.27, 893]
['2019-03-29 12:37:00', 90.3, 90.3, 90.3, 90.3, 427]
['2019-03-29 12:36:00', 90.3095, 90.3, 90.3, 90.3095, 2571]
['2019-03-29 12:34:00', 90.31, 90.3095, 90.3, 90.31, 3268]
['2019-03-29 12:33:00', 90.285, 90.34, 90.285, 90.34, 4539]
['2019-03-29 12:31:00', 90.3, 90.27, 90.27, 90.3, 1028]
['2019-03-29 12:30:00', 90.35, 90.35, 90.35, 90.35, 1202]
['2019-03-29 12:29:00', 90.42, 90.42, 90.42, 90.42, 519]
['2019-03-29 12:28:00', 90.4285, 90.4285, 90.4285, 90.4285, 706]
['2019-03-29 12:27:00', 90.46, 90.46, 90.46, 90.46, 551]
['2019-03-29 12:26:00', 90.46, 90.46, 90.46, 90.46, 342]
['2019-03-29 12:25:00', 90.5, 90.5, 90.5, 90.5, 1326]
['2019-03-29 12:24:00', 90.5, 90.5, 90.5, 90.5, 1603]
['2019-03-29 12:21:00', 90.43, 90.45, 90.43, 90.45, 1559]
['2019-03-29 12:19:00', 90.32, 90.41, 90.32, 90.41, 3989]
['2019-03-29 12:18:00', 90.255, 90.29, 90.255, 90.29, 1068]
['2019-03-29 12:16:00', 90.2, 90.23, 90.2, 90.23, 1823]
['2019-03-29 12:15:00', 90.2599, 90.2599, 90.2599, 90.2599, 1382]
['2019-03-29 12:14:00', 90.2, 90.21, 90.19, 90.21, 2713]
['2019-03-29 12:13:00', 90.21, 90.21, 90.21, 90.21, 868]
['2019-03-29 12:12:00', 90.21, 90.19, 90.19, 90.21, 1926]
['2019-03-29 12:11:00', 90.2, 90.2, 90.2, 90.2, 687]
['2019-03-29 12:09:00', 90.2, 90.2, 90.2, 90.2, 600]
['2019-03-29 12:08:00', 90.2, 90.21, 90.2, 90.21, 1252]
['2019-03-29 12:07:00', 90.18, 90.18, 90.18, 90.18, 247]
['2019-03-29 12:05:00', 90.19, 90.19, 90.19, 90.19, 765]
['2019-03-29 12:03:00', 90.15, 90.21, 90.15, 90.21, 3914]
['2019-03-29 12:02:00', 90.21, 90.21, 90.21, 90.21, 352]
['2019-03-29 12:01:00', 90.28, 90.28, 90.28, 90.28, 1386]
['2019-03-29 12:00:00', 90.355, 90.3, 90.3, 90.355, 1368]
['2019-03-29 11:58:00', 90.35, 90.35, 90.35, 90.35, 403]
['2019-03-29 11:57:00', 90.41, 90.36, 90.36, 90.41, 1610]
['2019-03-29 11:56:00', 90.41, 90.38, 90.38, 90.41, 1074]
['2019-03-29 11:54:00', 90.39, 90.38, 90.38, 90.39, 2293]
['2019-03-29 11:52:00', 90.46, 90.46, 90.46, 90.46, 507]
['2019-03-29 11:50:00', 90.41, 90.42, 90.41, 90.42, 22298]
['2019-03-29 11:48:00', 90.38, 90.38, 90.38, 90.38, 837]
['2019-03-29 11:46:00', 90.3, 90.33, 90.3, 90.33, 3760]
['2019-03-29 11:45:00', 90.3, 90.3, 90.3, 90.3, 1156]
['2019-03-29 11:43:00', 90.3, 90.3, 90.3, 90.3, 971]
['2019-03-29 11:42:00', 90.3, 90.3, 90.3, 90.3, 782]
['2019-03-29 11:40:00', 90.31, 90.29, 90.29, 90.31, 1671]
['2019-03-29 11:39:00', 90.33, 90.33, 90.33, 90.33, 543]
['2019-03-29 11:38:00', 90.28, 90.28, 90.28, 90.28, 1366]
['2019-03-29 11:37:00', 90.21, 90.21, 90.21, 90.21, 814]
['2019-03-29 11:36:00', 90.1, 90.18, 90.1, 90.18, 2201]
['2019-03-29 11:35:00', 90.13, 90.16, 90.13, 90.16, 3263]
['2019-03-29 11:34:00', 90.075, 90.075, 90.075, 90.075, 425]
['2019-03-29 11:32:00', 90.09, 90.09, 90.09, 90.09, 756]
['2019-03-29 11:31:00', 90.07, 90.1, 90.07, 90.1, 2053]
['2019-03-29 11:28:00', 90.035, 90.035, 90.035, 90.035, 1154]
['2019-03-29 11:27:00', 90.03, 90.03, 90.03, 90.03, 410]
['2019-03-29 11:26:00', 89.98, 89.98, 89.98, 89.98, 606]
['2019-03-29 11:25:00', 90.01, 90.01, 90.01, 90.01, 336]
['2019-03-29 11:23:00', 90.01, 90.025, 90.01, 90.025, 1645]
['2019-03-29 11:22:00', 90.02, 90.035, 90.02, 90.035, 3549]
['2019-03-29 11:21:00', 90.02, 90.02, 90.02, 90.02, 548]
['2019-03-29 11:20:00', 90.05, 90.05, 90.05, 90.05, 810]
['2019-03-29 11:18:00', 90.12, 90.1, 90.1, 90.12, 1910]
['2019-03-29 11:17:00', 90.07, 90.07, 90.07, 90.07, 563]
['2019-03-29 11:16:00', 90.03, 90.03, 90.03, 90.03, 740]
['2019-03-29 11:14:00', 90.075, 90.03, 90.03, 90.075, 1398]
['2019-03-29 11:13:00', 90.05, 90.05, 90.05, 90.05, 1448]
['2019-03-29 11:12:00', 90.08, 90.08, 90.08, 90.08, 5849]
['2019-03-29 11:11:00', 90.17, 90.12, 90.12, 90.17, 4570]
['2019-03-29 11:08:00', 90.16, 90.19, 90.16, 90.19, 1624]
['2019-03-29 11:06:00', 90.1, 90.1, 90.1, 90.1, 281]
['2019-03-29 11:05:00', 90.14, 90.14, 90.14, 90.14, 787]
['2019-03-29 11:04:00', 90.14, 90.14, 90.14, 90.14, 1464]
['2019-03-29 11:03:00', 90.13, 90.16, 90.13, 90.16, 1685]
['2019-03-29 11:01:00', 90.1, 90.12, 90.1, 90.12, 1522]
['2019-03-29 11:00:00', 90.105, 90.105, 90.105, 90.105, 121]
['2019-03-29 10:56:00', 90.1, 90.105, 90.1, 90.105, 1624]
['2019-03-29 10:55:00', 90.08, 90.08, 90.08, 90.08, 1683]
['2019-03-29 10:48:00', 90.203, 90.203, 90.203, 90.203, 572]
['2019-03-29 10:46:00', 90.225, 90.225, 90.225, 90.225, 1401]
['2019-03-29 10:45:00', 90.12, 90.12, 90.12, 90.12, 471]
['2019-03-29 10:44:00', 90.26, 90.26, 90.26, 90.26, 692]
['2019-03-29 10:43:00', 90.22, 90.22, 90.22, 90.22, 1016]
['2019-03-29 10:42:00', 90.23, 90.23, 90.23, 90.23, 721]
['2019-03-29 10:40:00', 90.21, 90.24, 90.21, 90.24, 924]
['2019-03-29 10:39:00', 90.05, 90.1175, 90.05, 90.1175, 3381]
['2019-03-29 10:38:00', 90.04, 90.04, 90.04, 90.04, 561]
['2019-03-29 10:36:00', 90.14, 90.11, 90.11, 90.14, 3704]
['2019-03-29 10:35:00', 90.11, 90.11, 90.11, 90.11, 1360]
['2019-03-29 10:34:00', 90.14, 90.14, 90.14, 90.14, 458]
['2019-03-29 10:31:00', 90.2, 90.175, 90.175, 90.2, 2708]
['2019-03-29 10:28:00', 90.21, 90.21, 90.21, 90.21, 904]
['2019-03-29 10:27:00', 90.23, 90.23, 90.23, 90.23, 381]
['2019-03-29 10:26:00', 90.305, 90.28, 90.28, 90.305, 2939]
['2019-03-29 10:25:00', 90.32, 90.31, 90.31, 90.32, 993]
['2019-03-29 10:22:00', 90.44, 90.44, 90.44, 90.44, 688]
['2019-03-29 10:21:00', 90.46, 90.46, 90.46, 90.46, 1248]
['2019-03-29 10:20:00', 90.41, 90.45, 90.41, 90.45, 1216]
['2019-03-29 10:12:00', 90.42, 90.42, 90.42, 90.42, 576]
['2019-03-29 10:11:00', 90.47, 90.47, 90.47, 90.47, 1441]
['2019-03-29 10:10:00', 90.48, 90.48, 90.48, 90.48, 1009]
['2019-03-29 10:09:00', 90.36, 90.36, 90.36, 90.36, 2344]
['2019-03-29 10:06:00', 90.425, 90.43, 90.425, 90.43, 1560]
['2019-03-29 10:02:00', 90.46, 90.46, 90.46, 90.46, 279]
['2019-03-29 10:01:00', 90.35, 90.51, 90.35, 90.51, 1902]
['2019-03-29 09:58:00', 90.46, 90.35, 90.35, 90.46, 2082]
['2019-03-29 09:56:00', 90.4, 90.4, 90.4, 90.4, 550]
['2019-03-29 09:54:00', 90.34, 90.37, 90.34, 90.37, 1049]
['2019-03-29 09:51:00', 90.35, 90.35, 90.35, 90.35, 713]
['2019-03-29 09:50:00', 90.4, 90.4, 90.4, 90.4, 1006]
['2019-03-29 09:47:00', 90.58, 90.58, 90.58, 90.58, 673]
['2019-03-29 09:44:00', 90.6, 90.6, 90.6, 90.6, 770]
['2019-03-29 09:42:00', 90.492, 90.492, 90.492, 90.492, 1679]
['2019-03-29 09:41:00', 90.25, 90.25, 90.25, 90.25, 1957]
['2019-03-29 09:40:00', 90.35, 90.35, 90.35, 90.35, 1648]
['2019-03-29 09:39:00', 90.47, 90.45, 90.45, 90.47, 2150]
['2019-03-29 09:38:00', 90.59, 90.59, 90.59, 90.59, 1524]
['2019-03-29 09:37:00', 90.49, 90.54, 90.49, 90.62, 6188]
['2019-03-29 09:36:00', 90.65, 90.65, 90.65, 90.65, 664]
['2019-03-29 09:35:00', 90.5, 90.5, 90.5, 90.5, 1223]
['2019-03-29 09:34:00', 90.68, 90.68, 90.68, 90.68, 401]
['2019-03-29 09:32:00', 90.55, 90.58, 90.55, 90.58, 1544]
['2019-03-29 09:31:00', 90.3572, 90.3572, 90.3572, 90.3572, 7788]
['2019-03-28 16:00:00', 89.8, 89.84, 89.8, 89.85, 34367]
['2019-03-28 15:59:00', 89.81, 89.8, 89.8, 89.81, 10397]
['2019-03-28 15:58:00', 89.8, 89.83, 89.8, 89.84, 9009]
['2019-03-28 15:57:00', 89.76, 89.79, 89.76, 89.79, 9752]
['2019-03-28 15:56:00', 89.79, 89.75, 89.74, 89.79, 14940]
['2019-03-28 15:55:00', 89.74, 89.8, 89.74, 89.8, 11288]
['2019-03-28 15:54:00', 89.66, 89.7, 89.66, 89.7, 9168]
['2019-03-28 15:53:00', 89.645, 89.655, 89.645, 89.655, 6215]
['2019-03-28 15:52:00', 89.655, 89.65, 89.65, 89.655, 4416]
['2019-03-28 15:51:00', 89.655, 89.66, 89.655, 89.66, 3330]
['2019-03-28 15:50:00', 89.69, 89.66, 89.66, 89.69, 2634]
['2019-03-28 15:49:00', 89.71, 89.7, 89.7, 89.71, 3495]
['2019-03-28 15:48:00', 89.71, 89.71, 89.71, 89.71, 12134]
['2019-03-28 15:47:00', 89.72, 89.72, 89.72, 89.72, 984]
['2019-03-28 15:46:00', 89.71, 89.72, 89.71, 89.73, 8510]
['2019-03-28 15:45:00', 89.71, 89.71, 89.71, 89.71, 1375]
['2019-03-28 15:44:00', 89.67, 89.7, 89.67, 89.715, 3752]
['2019-03-28 15:43:00', 89.61, 89.67, 89.61, 89.67, 3949]
['2019-03-28 15:42:00', 89.6, 89.61, 89.6, 89.61, 2293]
['2019-03-28 15:41:00', 89.6, 89.6, 89.59, 89.6, 6368]
['2019-03-28 15:40:00', 89.63, 89.61, 89.61, 89.63, 1562]
['2019-03-28 15:39:00', 89.61, 89.62, 89.61, 89.62, 3116]
['2019-03-28 15:38:00', 89.62, 89.61, 89.605, 89.62, 2659]
['2019-03-28 15:37:00', 89.62, 89.61, 89.61, 89.63, 3449]
['2019-03-28 15:36:00', 89.62, 89.635, 89.62, 89.635, 1838]
['2019-03-28 15:35:00', 89.65, 89.62, 89.62, 89.65, 3822]
['2019-03-28 15:34:00', 89.64, 89.66, 89.64, 89.66, 2295]
['2019-03-28 15:33:00', 89.65, 89.64, 89.64, 89.65, 2558]
['2019-03-28 15:32:00', 89.62, 89.65, 89.62, 89.65, 4938]
['2019-03-28 15:31:00', 89.63, 89.63, 89.63, 89.65, 4596]
['2019-03-28 15:30:00', 89.62, 89.61, 89.61, 89.62, 2570]
['2019-03-28 15:29:00', 89.65, 89.63, 89.63, 89.65, 1564]
['2019-03-28 15:28:00', 89.65, 89.65, 89.65, 89.65, 1352]
['2019-03-28 15:27:00', 89.68, 89.68, 89.68, 89.68, 1642]
['2019-03-28 15:26:00', 89.62, 89.64, 89.61, 89.64, 3241]
['2019-03-28 15:24:00', 89.62, 89.62, 89.62, 89.62, 527]
['2019-03-28 15:23:00', 89.61, 89.62, 89.61, 89.62, 1372]
['2019-03-28 15:22:00', 89.64, 89.62, 89.61, 89.64, 6174]
['2019-03-28 15:20:00', 89.59, 89.6, 89.59, 89.6, 682]
['2019-03-28 15:19:00', 89.58, 89.58, 89.58, 89.58, 210]
['2019-03-28 15:18:00', 89.58, 89.57, 89.57, 89.58, 1341]
['2019-03-28 15:17:00', 89.59, 89.58, 89.58, 89.59, 1597]
['2019-03-28 15:16:00', 89.6, 89.61, 89.6, 89.61, 718]
['2019-03-28 15:15:00', 89.555, 89.555, 89.555, 89.555, 1100]
['2019-03-28 15:14:00', 89.57, 89.57, 89.57, 89.57, 433]
['2019-03-28 15:13:00', 89.53, 89.54, 89.53, 89.54, 1475]
['2019-03-28 15:12:00', 89.53, 89.52, 89.52, 89.53, 3582]
['2019-03-28 15:11:00', 89.53, 89.53, 89.53, 89.53, 268]
['2019-03-28 15:10:00', 89.52, 89.52, 89.52, 89.52, 655]
['2019-03-28 15:09:00', 89.52, 89.52, 89.52, 89.52, 712]
['2019-03-28 15:08:00', 89.48, 89.49, 89.48, 89.49, 958]
['2019-03-28 15:07:00', 89.48, 89.48, 89.48, 89.48, 372]
['2019-03-28 15:06:00', 89.47, 89.49, 89.47, 89.49, 1601]
['2019-03-28 15:05:00', 89.49, 89.5, 89.49, 89.5, 3037]
['2019-03-28 15:04:00', 89.51, 89.51, 89.51, 89.51, 409]
['2019-03-28 15:03:00', 89.44, 89.51, 89.44, 89.51, 2409]
['2019-03-28 15:02:00', 89.37, 89.42, 89.37, 89.42, 1132]
['2019-03-28 15:01:00', 89.37, 89.39, 89.36, 89.39, 2627]
['2019-03-28 15:00:00', 89.37, 89.37, 89.37, 89.37, 726]
['2019-03-28 14:59:00', 89.365, 89.365, 89.365, 89.365, 911]
['2019-03-28 14:58:00', 89.37, 89.37, 89.37, 89.37, 416]
['2019-03-28 14:57:00', 89.34, 89.35, 89.335, 89.35, 3003]
['2019-03-28 14:55:00', 89.34, 89.34, 89.34, 89.34, 563]
['2019-03-28 14:54:00', 89.32, 89.32, 89.32, 89.32, 301]
['2019-03-28 14:53:00', 89.31, 89.29, 89.28, 89.31, 2523]
['2019-03-28 14:52:00', 89.29, 89.33, 89.29, 89.33, 1601]
['2019-03-28 14:51:00', 89.31, 89.3013, 89.3, 89.31, 3374]
['2019-03-28 14:50:00', 89.3, 89.3, 89.3, 89.3, 1519]
['2019-03-28 14:49:00', 89.32, 89.31, 89.31, 89.32, 1329]
['2019-03-28 14:47:00', 89.27, 89.29, 89.27, 89.29, 1519]
['2019-03-28 14:46:00', 89.27, 89.27, 89.27, 89.27, 995]
['2019-03-28 14:43:00', 89.26, 89.26, 89.26, 89.26, 909]
['2019-03-28 14:42:00', 89.26, 89.26, 89.26, 89.26, 749]
['2019-03-28 14:41:00', 89.25, 89.25, 89.25, 89.25, 1404]
['2019-03-28 14:40:00', 89.28, 89.28, 89.28, 89.28, 797]
['2019-03-28 14:39:00', 89.28, 89.28, 89.28, 89.28, 525]
['2019-03-28 14:38:00', 89.28, 89.275, 89.275, 89.28, 1563]
['2019-03-28 14:36:00', 89.28, 89.28, 89.28, 89.28, 515]
['2019-03-28 14:35:00', 89.26, 89.26, 89.26, 89.26, 941]
['2019-03-28 14:34:00', 89.17, 89.27, 89.17, 89.27, 21741]
['2019-03-28 14:33:00', 89.24, 89.23, 89.23, 89.24, 1808]
['2019-03-28 14:32:00', 89.27, 89.27, 89.27, 89.27, 441]
['2019-03-28 14:31:00', 89.37, 89.28, 89.28, 89.37, 1806]
['2019-03-28 14:29:00', 89.4, 89.39, 89.39, 89.4, 1710]
['2019-03-28 14:28:00', 89.39, 89.39, 89.39, 89.39, 607]
['2019-03-28 14:27:00', 89.4, 89.39, 89.39, 89.4, 1506]
['2019-03-28 14:26:00', 89.38, 89.41, 89.38, 89.41, 910]
['2019-03-28 14:25:00', 89.39, 89.39, 89.39, 89.39, 356]
['2019-03-28 14:24:00', 89.38, 89.38, 89.38, 89.38, 469]
['2019-03-28 14:22:00', 89.36, 89.36, 89.36, 89.36, 2225]
['2019-03-28 14:21:00', 89.38, 89.38, 89.38, 89.38, 407]
['2019-03-28 14:20:00', 89.37, 89.37, 89.37, 89.37, 529]
['2019-03-28 14:19:00', 89.39, 89.39, 89.38, 89.39, 2497]
['2019-03-28 14:17:00', 89.36, 89.36, 89.36, 89.36, 775]
['2019-03-28 14:15:00', 89.35, 89.37, 89.35, 89.37, 1720]
['2019-03-28 14:13:00', 89.34, 89.34, 89.34, 89.34, 687]
['2019-03-28 14:09:00', 89.36, 89.34, 89.34, 89.36, 2375]
['2019-03-28 14:08:00', 89.36, 89.36, 89.36, 89.36, 128]
['2019-03-28 14:06:00', 89.38, 89.38, 89.38, 89.38, 134]
['2019-03-28 14:04:00', 89.37, 89.38, 89.37, 89.38, 578]
['2019-03-28 14:03:00', 89.27, 89.29, 89.27, 89.29, 1474]
['2019-03-28 14:02:00', 89.29, 89.27, 89.27, 89.29, 2112]
['2019-03-28 14:01:00', 89.31, 89.31, 89.31, 89.31, 899]
['2019-03-28 13:59:00', 89.3, 89.29, 89.29, 89.3, 1577]
['2019-03-28 13:58:00', 89.34, 89.34, 89.34, 89.34, 203]
['2019-03-28 13:57:00', 89.36, 89.36, 89.36, 89.36, 752]
['2019-03-28 13:54:00', 89.29, 89.29, 89.29, 89.29, 966]
['2019-03-28 13:53:00', 89.27, 89.24, 89.24, 89.27, 2726]
['2019-03-28 13:52:00', 89.2, 89.23, 89.2, 89.23, 785]
['2019-03-28 13:51:00', 89.22, 89.22, 89.22, 89.22, 486]
['2019-03-28 13:50:00', 89.1878, 89.1878, 89.1878, 89.1878, 469]
['2019-03-28 13:49:00', 89.175, 89.175, 89.175, 89.175, 335]
['2019-03-28 13:48:00', 89.13, 89.13, 89.13, 89.13, 723]
['2019-03-28 13:47:00', 89.117, 89.1, 89.1, 89.117, 2002]
['2019-03-28 13:45:00', 89.1, 89.1, 89.1, 89.1, 308]
['2019-03-28 13:44:00', 89.1, 89.1, 89.1, 89.1, 353]
['2019-03-28 13:43:00', 89.14, 89.09, 89.09, 89.14, 5133]
['2019-03-28 13:42:00', 89.2, 89.19, 89.19, 89.2, 1368]
['2019-03-28 13:40:00', 89.2, 89.2, 89.2, 89.2, 1468]
['2019-03-28 13:38:00', 89.22, 89.22, 89.22, 89.22, 867]
['2019-03-28 13:36:00', 89.14, 89.16, 89.14, 89.16, 2495]
['2019-03-28 13:35:00', 89.16, 89.16, 89.16, 89.16, 450]
['2019-03-28 13:32:00', 89.18, 89.18, 89.18, 89.18, 331]
['2019-03-28 13:30:00', 89.11, 89.16, 89.11, 89.16, 1412]
['2019-03-28 13:28:00', 89.08, 89.08, 89.08, 89.08, 317]
['2019-03-28 13:26:00', 89.06, 89.06, 89.06, 89.06, 200]
['2019-03-28 13:25:00', 89.13, 89.11, 89.11, 89.13, 2825]
['2019-03-28 13:24:00', 89.16, 89.17, 89.16, 89.17, 1221]
['2019-03-28 13:23:00', 89.14, 89.14, 89.14, 89.14, 511]
['2019-03-28 13:22:00', 89.125, 89.125, 89.125, 89.125, 370]
['2019-03-28 13:21:00', 89.14, 89.12, 89.12, 89.14, 1363]
['2019-03-28 13:20:00', 89.15, 89.15, 89.15, 89.15, 1244]
['2019-03-28 13:19:00', 89.17, 89.17, 89.17, 89.17, 1010]
['2019-03-28 13:17:00', 89.14, 89.14, 89.14, 89.14, 742]
['2019-03-28 13:14:00', 89.11, 89.11, 89.11, 89.11, 2058]
['2019-03-28 13:11:00', 89.11, 89.09, 89.09, 89.11, 1700]
['2019-03-28 13:10:00', 89.0597, 89.0597, 89.0597, 89.0597, 315]
['2019-03-28 13:09:00', 89.05, 89.05, 89.05, 89.05, 611]
['2019-03-28 13:07:00', 89.04, 89.04, 89.02, 89.04, 2814]
['2019-03-28 13:05:00', 89.04, 89.04, 89.04, 89.04, 1068]
['2019-03-28 13:04:00', 89.04, 89.04, 89.04, 89.04, 800]
['2019-03-28 13:03:00', 89.04, 89.07, 89.04, 89.07, 1237]
['2019-03-28 13:02:00', 89.04, 89.055, 89.04, 89.055, 2061]
['2019-03-28 13:01:00', 89.0, 89.0, 89.0, 89.0, 412]
['2019-03-28 12:59:00', 89.02, 89.015, 89.015, 89.02, 813]
['2019-03-28 12:58:00', 89.01, 89.01, 89.01, 89.01, 307]
['2019-03-28 12:57:00', 88.995, 88.995, 88.995, 88.995, 1332]
['2019-03-28 12:56:00', 89.0, 89.0, 89.0, 89.0, 261]
['2019-03-28 12:54:00', 88.97, 88.97, 88.97, 88.97, 1600]
['2019-03-28 12:53:00', 88.96, 88.96, 88.96, 88.96, 1157]
['2019-03-28 12:52:00', 88.94, 88.94, 88.94, 88.94, 446]
['2019-03-28 12:49:00', 88.94, 88.94, 88.94, 88.94, 672]
['2019-03-28 12:48:00', 88.88, 88.89, 88.88, 88.89, 1316]
['2019-03-28 12:46:00', 88.92, 88.91, 88.91, 88.92, 1446]
['2019-03-28 12:45:00', 88.88, 88.93, 88.88, 88.93, 2981]
['2019-03-28 12:43:00', 88.87, 88.87, 88.87, 88.87, 338]
['2019-03-28 12:42:00', 88.88, 88.88, 88.88, 88.88, 208]
['2019-03-28 12:38:00', 88.88, 88.88, 88.88, 88.88, 680]
['2019-03-28 12:37:00', 88.85, 88.85, 88.85, 88.85, 1282]
['2019-03-28 12:36:00', 88.78, 88.78, 88.78, 88.78, 535]
['2019-03-28 12:35:00', 88.79, 88.79, 88.79, 88.79, 1323]
['2019-03-28 12:34:00', 88.8, 88.78, 88.78, 88.8, 2245]
['2019-03-28 12:33:00', 88.84, 88.84, 88.84, 88.84, 1042]
['2019-03-28 12:32:00', 88.8464, 88.8464, 88.8464, 88.8464, 485]
['2019-03-28 12:31:00', 88.84, 88.84, 88.84, 88.84, 428]
['2019-03-28 12:30:00', 88.78, 88.78, 88.78, 88.78, 325]
['2019-03-28 12:28:00', 88.72, 88.745, 88.72, 88.745, 1541]
['2019-03-28 12:27:00', 88.7, 88.69, 88.69, 88.7, 2123]
['2019-03-28 12:26:00', 88.72, 88.72, 88.72, 88.72, 607]
['2019-03-28 12:24:00', 88.72, 88.72, 88.72, 88.72, 2327]
['2019-03-28 12:23:00', 88.62, 88.62, 88.62, 88.62, 468]
['2019-03-28 12:21:00', 88.56, 88.59, 88.56, 88.59, 757]
['2019-03-28 12:19:00', 88.55, 88.55, 88.55, 88.55, 393]
['2019-03-28 12:18:00', 88.53, 88.53, 88.53, 88.53, 755]
['2019-03-28 12:17:00', 88.51, 88.51, 88.51, 88.51, 922]
['2019-03-28 12:16:00', 88.53, 88.53, 88.53, 88.53, 1017]
['2019-03-28 12:14:00', 88.525, 88.525, 88.525, 88.525, 977]
['2019-03-28 12:13:00', 88.53, 88.55, 88.53, 88.55, 2331]
['2019-03-28 12:12:00', 88.58, 88.58, 88.58, 88.58, 1315]
['2019-03-28 12:11:00', 88.59, 88.54, 88.54, 88.59, 2808]
['2019-03-28 12:10:00', 88.61, 88.61, 88.61, 88.61, 1008]
['2019-03-28 12:09:00', 88.61, 88.61, 88.61, 88.61, 1243]
['2019-03-28 12:07:00', 88.64, 88.63, 88.63, 88.64, 1388]
['2019-03-28 12:06:00', 88.63, 88.65, 88.63, 88.65, 1470]
['2019-03-28 12:05:00', 88.62, 88.62, 88.62, 88.62, 826]
['2019-03-28 12:04:00', 88.66, 88.66, 88.66, 88.66, 352]
['2019-03-28 12:03:00', 88.62, 88.62, 88.62, 88.62, 1073]
['2019-03-28 12:01:00', 88.635, 88.66, 88.635, 88.66, 1603]
['2019-03-28 11:58:00', 88.64, 88.63, 88.63, 88.64, 977]
['2019-03-28 11:56:00', 88.58, 88.58, 88.58, 88.58, 688]
['2019-03-28 11:55:00', 88.58, 88.58, 88.58, 88.58, 1356]
['2019-03-28 11:54:00', 88.58, 88.58, 88.58, 88.58, 790]
['2019-03-28 11:53:00', 88.59, 88.61, 88.59, 88.61, 3690]
['2019-03-28 11:52:00', 88.61, 88.61, 88.61, 88.61, 886]
['2019-03-28 11:50:00', 88.61, 88.61, 88.61, 88.61, 1116]
['2019-03-28 11:49:00', 88.64, 88.64, 88.64, 88.64, 441]
['2019-03-28 11:48:00', 88.58, 88.66, 88.58, 88.66, 1513]
['2019-03-28 11:47:00', 88.6, 88.56, 88.56, 88.6, 2487]
['2019-03-28 11:46:00', 88.61, 88.61, 88.61, 88.61, 618]
['2019-03-28 11:44:00', 88.62, 88.62, 88.62, 88.62, 775]
['2019-03-28 11:43:00', 88.59, 88.59, 88.59, 88.59, 1581]
['2019-03-28 11:42:00', 88.57, 88.57, 88.57, 88.57, 667]
['2019-03-28 11:41:00', 88.59, 88.59, 88.59, 88.59, 1082]
['2019-03-28 11:40:00', 88.595, 88.59, 88.59, 88.6, 2195]
['2019-03-28 11:38:00', 88.54, 88.535, 88.535, 88.54, 1598]
['2019-03-28 11:37:00', 88.52, 88.52, 88.52, 88.52, 1891]
['2019-03-28 11:36:00', 88.54, 88.55, 88.52, 88.55, 10063]
['2019-03-28 11:35:00', 88.43, 88.52, 88.42, 88.52, 12445]
['2019-03-28 11:34:00', 88.38, 88.43, 88.38, 88.43, 8027]
['2019-03-28 11:31:00', 88.4, 88.38, 88.38, 88.4, 1009]
['2019-03-28 11:30:00', 88.43, 88.43, 88.43, 88.43, 1113]
['2019-03-28 11:28:00', 88.5017, 88.491, 88.491, 88.5017, 1117]
['2019-03-28 11:26:00', 88.56, 88.57, 88.56, 88.57, 920]
['2019-03-28 11:24:00', 88.57, 88.57, 88.57, 88.57, 427]
['2019-03-28 11:23:00', 88.59, 88.59, 88.59, 88.59, 1165]
['2019-03-28 11:21:00', 88.56, 88.56, 88.56, 88.56, 801]
['2019-03-28 11:19:00', 88.61, 88.61, 88.61, 88.61, 111]
['2019-03-28 11:18:00', 88.575, 88.575, 88.575, 88.575, 752]
['2019-03-28 11:17:00', 88.52, 88.56, 88.52, 88.56, 9395]
['2019-03-28 11:16:00', 88.5, 88.5, 88.5, 88.5, 829]
['2019-03-28 11:14:00', 88.58, 88.505, 88.505, 88.58, 3159]
['2019-03-28 11:13:00', 88.62, 88.62, 88.62, 88.62, 527]
['2019-03-28 11:11:00', 88.675, 88.68, 88.675, 88.68, 929]
['2019-03-28 11:10:00', 88.63, 88.63, 88.63, 88.63, 818]
['2019-03-28 11:09:00', 88.7, 88.7, 88.7, 88.7, 359]
['2019-03-28 11:08:00', 88.69, 88.69, 88.69, 88.69, 226]
['2019-03-28 11:06:00', 88.69, 88.69, 88.69, 88.69, 1010]
['2019-03-28 11:05:00', 88.77, 88.77, 88.77, 88.77, 469]
['2019-03-28 11:04:00', 88.7813, 88.7813, 88.7813, 88.7813, 563]
['2019-03-28 11:03:00', 88.735, 88.735, 88.735, 88.735, 981]
['2019-03-28 11:02:00', 88.79, 88.79, 88.79, 88.79, 2620]
['2019-03-28 11:01:00', 88.75, 88.75, 88.75, 88.75, 1226]
['2019-03-28 11:00:00', 88.85, 88.86, 88.85, 88.86, 2552]
['2019-03-28 10:58:00', 88.8199, 88.86, 88.8199, 88.86, 940]
['2019-03-28 10:56:00', 88.785, 88.76, 88.76, 88.785, 969]
['2019-03-28 10:54:00', 88.76, 88.76, 88.76, 88.76, 552]
['2019-03-28 10:53:00', 88.77, 88.77, 88.77, 88.77, 728]
['2019-03-28 10:52:00', 88.74, 88.74, 88.74, 88.74, 625]
['2019-03-28 10:50:00', 88.76, 88.76, 88.76, 88.76, 536]
['2019-03-28 10:48:00', 88.77, 88.775, 88.77, 88.775, 1083]
['2019-03-28 10:47:00', 88.77, 88.77, 88.77, 88.77, 1171]
['2019-03-28 10:46:00', 88.8169, 88.8169, 88.8169, 88.8169, 939]
['2019-03-28 10:45:00', 88.82, 88.82, 88.82, 88.82, 830]
['2019-03-28 10:44:00', 88.875, 88.875, 88.875, 88.875, 132]
['2019-03-28 10:42:00', 88.845, 88.845, 88.845, 88.845, 207]
['2019-03-28 10:41:00', 88.8559, 88.8559, 88.8559, 88.8559, 768]
['2019-03-28 10:39:00', 88.85, 88.85, 88.85, 88.85, 301]
['2019-03-28 10:37:00', 88.94, 88.94, 88.94, 88.94, 848]
['2019-03-28 10:35:00', 88.94, 88.92, 88.92, 88.94, 1639]
['2019-03-28 10:34:00', 88.91, 88.91, 88.91, 88.91, 741]
['2019-03-28 10:32:00', 88.885, 88.885, 88.885, 88.885, 184]
['2019-03-28 10:31:00', 88.865, 88.865, 88.865, 88.865, 164]
['2019-03-28 10:29:00', 88.8, 88.8, 88.8, 88.8, 3724]
['2019-03-28 10:28:00', 88.84, 88.84, 88.84, 88.84, 155]
['2019-03-28 10:27:00', 88.8513, 88.8513, 88.8513, 88.8513, 1112]
['2019-03-28 10:26:00', 88.85, 88.85, 88.85, 88.85, 697]
['2019-03-28 10:24:00', 88.815, 88.815, 88.815, 88.815, 283]
['2019-03-28 10:22:00', 88.815, 88.815, 88.815, 88.815, 498]
['2019-03-28 10:21:00', 88.78, 88.78, 88.78, 88.78, 342]
['2019-03-28 10:19:00', 88.77, 88.77, 88.77, 88.77, 202]
['2019-03-28 10:18:00', 88.77, 88.77, 88.77, 88.77, 357]
['2019-03-28 10:16:00', 88.795, 88.795, 88.795, 88.795, 141]
['2019-03-28 10:14:00', 88.79, 88.79, 88.79, 88.79, 1181]
['2019-03-28 10:12:00', 88.85, 88.85, 88.85, 88.85, 2595]
['2019-03-28 10:11:00', 88.905, 88.905, 88.905, 88.905, 2413]
['2019-03-28 10:10:00', 88.87, 88.855, 88.855, 88.87, 2464]
['2019-03-28 10:09:00', 88.83, 88.85, 88.83, 88.85, 2808]
['2019-03-28 10:08:00', 88.91, 88.83, 88.83, 88.91, 3503]
['2019-03-28 10:07:00', 88.81, 88.84, 88.8, 88.84, 3332]
['2019-03-28 10:05:00', 89.02, 88.97, 88.97, 89.02, 1732]
['2019-03-28 10:03:00', 88.955, 88.955, 88.955, 88.955, 172]
['2019-03-28 10:01:00', 88.965, 88.9, 88.9, 88.965, 790]
['2019-03-28 09:59:00', 88.92, 88.92, 88.92, 88.92, 365]
['2019-03-28 09:58:00', 88.86, 88.86, 88.86, 88.86, 672]
['2019-03-28 09:57:00', 88.81, 88.81, 88.81, 88.81, 873]
['2019-03-28 09:56:00', 88.84, 88.84, 88.84, 88.84, 333]
['2019-03-28 09:55:00', 88.77, 88.77, 88.77, 88.77, 2423]
['2019-03-28 09:53:00', 88.715, 88.715, 88.715, 88.715, 1102]
['2019-03-28 09:51:00', 88.79, 88.66, 88.66, 88.79, 1373]
['2019-03-28 09:50:00', 88.9, 88.76, 88.76, 88.9, 3634]
['2019-03-28 09:49:00', 88.95, 88.95, 88.95, 88.95, 503]
['2019-03-28 09:47:00', 88.81, 88.81, 88.81, 88.81, 869]
['2019-03-28 09:46:00', 88.97, 88.97, 88.97, 88.97, 306]
['2019-03-28 09:43:00', 88.78, 88.78, 88.78, 88.78, 537]
['2019-03-28 09:41:00', 88.79, 88.79, 88.79, 88.79, 194]
['2019-03-28 09:39:00', 88.6904, 88.6904, 88.6904, 88.6904, 101]
['2019-03-28 09:38:00', 88.63, 88.63, 88.63, 88.63, 139]
['2019-03-28 09:35:00', 88.59, 88.59, 88.59, 88.59, 787]
['2019-03-28 09:34:00', 88.62, 88.62, 88.62, 88.62, 1091]
['2019-03-28 09:31:00', 88.24, 88.24, 88.24, 88.24, 3105]
['2019-03-27 16:00:00', 88.19, 88.27, 88.19, 88.27, 15560]
['2019-03-27 15:59:00', 88.18, 88.16, 88.15, 88.18, 8806]
['2019-03-27 15:58:00', 88.15, 88.15, 88.15, 88.15, 2575]
['2019-03-27 15:57:00', 88.12, 88.16, 88.12, 88.16, 3323]
['2019-03-27 15:56:00', 88.11, 88.16, 88.11, 88.16, 3240]
['2019-03-27 15:55:00', 88.17, 88.16, 88.16, 88.17, 3185]
['2019-03-27 15:54:00', 88.17, 88.17, 88.17, 88.17, 1778]
['2019-03-27 15:53:00', 88.22, 88.2, 88.2, 88.22, 5358]
['2019-03-27 15:52:00', 88.29, 88.28, 88.28, 88.29, 2209]
['2019-03-27 15:51:00', 88.28, 88.28, 88.28, 88.28, 2207]
['2019-03-27 15:50:00', 88.28, 88.28, 88.28, 88.28, 1210]
['2019-03-27 15:49:00', 88.32, 88.32, 88.32, 88.32, 1538]
['2019-03-27 15:48:00', 88.23, 88.23, 88.23, 88.23, 2847]
['2019-03-27 15:47:00', 88.295, 88.295, 88.295, 88.295, 1019]
['2019-03-27 15:46:00', 88.32, 88.29, 88.29, 88.35, 5688]
['2019-03-27 15:45:00', 88.31, 88.3, 88.29, 88.31, 2507]
['2019-03-27 15:44:00', 88.32, 88.32, 88.32, 88.32, 392]
['2019-03-27 15:43:00', 88.38, 88.34, 88.34, 88.385, 3378]
['2019-03-27 15:42:00', 88.39, 88.4, 88.39, 88.4, 2270]
['2019-03-27 15:41:00', 88.35, 88.38, 88.35, 88.38, 2865]
['2019-03-27 15:40:00', 88.31, 88.35, 88.31, 88.35, 1680]
['2019-03-27 15:39:00', 88.26, 88.26, 88.26, 88.26, 1180]
['2019-03-27 15:38:00', 88.22, 88.3, 88.22, 88.3, 1612]
['2019-03-27 15:37:00', 88.23, 88.23, 88.23, 88.23, 904]
['2019-03-27 15:36:00', 88.185, 88.25, 88.185, 88.25, 2206]
['2019-03-27 15:35:00', 88.18, 88.18, 88.18, 88.19, 2842]
['2019-03-27 15:34:00', 88.2, 88.18, 88.18, 88.2, 2894]
['2019-03-27 15:33:00', 88.18, 88.18, 88.18, 88.18, 645]
['2019-03-27 15:32:00', 88.26, 88.18, 88.18, 88.26, 3974]
['2019-03-27 15:31:00', 88.28, 88.3, 88.28, 88.3, 2595]
['2019-03-27 15:30:00', 88.2, 88.2, 88.2, 88.2, 515]
['2019-03-27 15:29:00', 88.16, 88.18, 88.16, 88.18, 2298]
['2019-03-27 15:28:00', 88.13, 88.185, 88.13, 88.185, 1367]
['2019-03-27 15:26:00', 88.055, 88.05, 88.05, 88.055, 1844]
['2019-03-27 15:25:00', 88.01, 88.06, 88.01, 88.06, 1171]
['2019-03-27 15:24:00', 87.965, 88.02, 87.965, 88.02, 1713]
['2019-03-27 15:23:00', 87.915, 87.915, 87.915, 87.915, 459]
['2019-03-27 15:21:00', 87.89, 87.89, 87.89, 87.89, 658]
['2019-03-27 15:20:00', 87.9, 87.88, 87.87, 87.9, 3915]
['2019-03-27 15:19:00', 87.885, 87.89, 87.885, 87.89, 1249]
['2019-03-27 15:18:00', 87.915, 87.915, 87.915, 87.915, 689]
['2019-03-27 15:17:00', 87.87, 87.87, 87.87, 87.87, 685]
['2019-03-27 15:16:00', 87.87, 87.87, 87.87, 87.87, 248]
['2019-03-27 15:15:00', 87.88, 87.88, 87.88, 87.88, 571]
['2019-03-27 15:14:00', 87.855, 87.855, 87.855, 87.855, 869]
['2019-03-27 15:13:00', 87.89, 87.87, 87.87, 87.89, 1683]
['2019-03-27 15:12:00', 87.92, 87.92, 87.92, 87.92, 295]
['2019-03-27 15:10:00', 87.81, 87.835, 87.81, 87.835, 1839]
['2019-03-27 15:09:00', 87.82, 87.82, 87.82, 87.82, 813]
['2019-03-27 15:07:00', 87.885, 87.85, 87.85, 87.885, 1767]
['2019-03-27 15:06:00', 87.79, 87.865, 87.79, 87.865, 1265]
['2019-03-27 15:05:00', 87.82, 87.82, 87.82, 87.82, 767]
['2019-03-27 15:04:00', 87.8, 87.8, 87.8, 87.8, 246]
['2019-03-27 15:03:00', 87.86, 87.84, 87.84, 87.86, 1233]
['2019-03-27 15:01:00', 87.8525, 87.8525, 87.8525, 87.8525, 828]
['2019-03-27 15:00:00', 87.845, 87.845, 87.845, 87.845, 322]
['2019-03-27 14:58:00', 87.9, 87.865, 87.865, 87.9, 2242]
['2019-03-27 14:56:00', 87.9, 87.9, 87.9, 87.9, 665]
['2019-03-27 14:54:00', 87.89, 87.89, 87.89, 87.89, 304]
['2019-03-27 14:52:00', 87.9, 87.9, 87.9, 87.9, 1515]
['2019-03-27 14:51:00', 87.92, 87.92, 87.92, 87.92, 633]
['2019-03-27 14:49:00', 87.9, 87.91, 87.9, 87.91, 663]
['2019-03-27 14:48:00', 87.9, 87.9, 87.9, 87.9, 342]
['2019-03-27 14:47:00', 87.92, 87.92, 87.92, 87.92, 331]
['2019-03-27 14:45:00', 87.91, 87.92, 87.91, 87.92, 429]
['2019-03-27 14:42:00', 87.9374, 87.9374, 87.9374, 87.9374, 160]
['2019-03-27 14:41:00', 87.88, 87.88, 87.88, 87.88, 366]
['2019-03-27 14:39:00', 87.93, 87.88, 87.88, 87.93, 1087]
['2019-03-27 14:36:00', 87.94, 87.94, 87.94, 87.94, 967]
['2019-03-27 14:35:00', 88.02, 88.01, 88.01, 88.02, 1165]
['2019-03-27 14:33:00', 88.05, 88.05, 88.05, 88.05, 456]
['2019-03-27 14:31:00', 88.0, 88.0, 88.0, 88.0, 580]
['2019-03-27 14:30:00', 87.95, 87.95, 87.95, 87.95, 550]
['2019-03-27 14:28:00', 88.0, 87.91, 87.91, 88.0, 3308]
['2019-03-27 14:25:00', 87.99, 87.99, 87.99, 87.99, 989]
['2019-03-27 14:24:00', 87.99, 87.99, 87.99, 87.99, 428]
['2019-03-27 14:23:00', 87.95, 87.95, 87.95, 87.95, 832]
['2019-03-27 14:21:00', 87.94, 87.94, 87.94, 87.94, 356]
['2019-03-27 14:20:00', 87.98, 87.98, 87.98, 87.98, 343]
['2019-03-27 14:19:00', 88.02, 88.02, 88.02, 88.02, 867]
['2019-03-27 14:18:00', 88.055, 88.055, 88.055, 88.055, 424]
['2019-03-27 14:15:00', 88.06, 88.06, 88.06, 88.06, 241]
['2019-03-27 14:14:00', 88.07, 88.09, 88.07, 88.09, 822]
['2019-03-27 14:12:00', 88.11, 88.11, 88.11, 88.11, 1291]
['2019-03-27 14:11:00', 88.035, 88.035, 88.035, 88.035, 463]
['2019-03-27 14:09:00', 88.01, 88.01, 88.01, 88.01, 522]
['2019-03-27 14:08:00', 88.03, 88.02, 88.02, 88.03, 782]
['2019-03-27 14:06:00', 88.05, 88.0, 88.0, 88.05, 1479]
['2019-03-27 14:05:00', 88.075, 88.075, 88.075, 88.075, 514]
['2019-03-27 14:04:00', 87.97, 87.97, 87.97, 87.97, 110]
['2019-03-27 14:03:00', 87.98, 87.98, 87.98, 87.98, 350]
['2019-03-27 14:01:00', 87.97, 87.97, 87.97, 87.97, 561]
['2019-03-27 14:00:00', 87.9709, 87.9709, 87.9709, 87.9709, 327]
['2019-03-27 13:59:00', 87.97, 87.97, 87.97, 87.97, 233]
['2019-03-27 13:56:00', 87.99, 87.97, 87.97, 87.99, 1927]
['2019-03-27 13:55:00', 87.96, 87.96, 87.96, 87.96, 326]
['2019-03-27 13:54:00', 87.95, 87.95, 87.95, 87.95, 412]
['2019-03-27 13:53:00', 87.96, 87.94, 87.94, 87.96, 1348]
['2019-03-27 13:52:00', 87.95, 87.95, 87.95, 87.95, 660]
['2019-03-27 13:51:00', 87.97, 87.96, 87.96, 87.97, 1342]
['2019-03-27 13:50:00', 88.02, 88.0, 88.0, 88.02, 833]
['2019-03-27 13:48:00', 88.0, 88.0, 88.0, 88.0, 276]
['2019-03-27 13:47:00', 88.04, 88.04, 88.04, 88.04, 825]
['2019-03-27 13:46:00', 88.04, 88.04, 88.04, 88.04, 319]
['2019-03-27 13:45:00', 88.04, 88.06, 88.04, 88.06, 589]
['2019-03-27 13:44:00', 88.05, 88.05, 88.05, 88.05, 271]
['2019-03-27 13:42:00', 88.03, 88.03, 88.03, 88.03, 323]
['2019-03-27 13:41:00', 88.03, 88.03, 88.03, 88.03, 361]
['2019-03-27 13:40:00', 88.0077, 88.0077, 88.0077, 88.0077, 304]
['2019-03-27 13:39:00', 87.98, 87.98, 87.98, 87.98, 501]
['2019-03-27 13:38:00', 87.99, 87.99, 87.99, 87.99, 718]
['2019-03-27 13:37:00', 87.95, 87.95, 87.95, 87.95, 525]
['2019-03-27 13:36:00', 88.01, 88.0, 88.0, 88.01, 1245]
['2019-03-27 13:35:00', 88.04, 88.04, 88.04, 88.04, 121]
['2019-03-27 13:31:00', 88.03, 88.03, 88.03, 88.03, 242]
['2019-03-27 13:27:00', 88.04, 88.04, 88.04, 88.04, 911]
['2019-03-27 13:26:00', 88.05, 88.05, 88.05, 88.05, 401]
['2019-03-27 13:24:00', 88.07, 88.07, 88.07, 88.07, 444]
['2019-03-27 13:23:00', 88.07, 88.07, 88.07, 88.07, 591]
['2019-03-27 13:19:00', 87.98, 87.98, 87.98, 87.98, 697]
['2019-03-27 13:18:00', 88.01, 88.01, 88.01, 88.01, 388]
['2019-03-27 13:17:00', 88.045, 88.06, 88.045, 88.06, 1286]
['2019-03-27 13:16:00', 88.07, 88.07, 88.07, 88.07, 440]
['2019-03-27 13:15:00', 88.03, 88.03, 88.03, 88.03, 497]
['2019-03-27 13:14:00', 87.96, 87.96, 87.96, 87.96, 809]
['2019-03-27 13:12:00', 87.875, 87.875, 87.875, 87.875, 327]
['2019-03-27 13:10:00', 87.84, 87.84, 87.84, 87.84, 262]
['2019-03-27 13:06:00', 87.88, 87.9, 87.88, 87.9, 932]
['2019-03-27 13:05:00', 87.91, 87.91, 87.91, 87.91, 1553]
['2019-03-27 13:04:00', 87.91, 87.91, 87.91, 87.91, 964]
['2019-03-27 13:03:00', 87.92, 87.92, 87.92, 87.92, 857]
['2019-03-27 13:02:00', 87.94, 87.94, 87.94, 87.94, 1631]
['2019-03-27 13:01:00', 87.9744, 87.9744, 87.9744, 87.9744, 546]
['2019-03-27 12:57:00', 88.03, 88.03, 88.03, 88.03, 327]
['2019-03-27 12:55:00', 88.03, 88.03, 88.03, 88.03, 333]
['2019-03-27 12:54:00', 88.07, 88.05, 88.05, 88.07, 670]
['2019-03-27 12:52:00', 88.03, 88.03, 88.03, 88.03, 526]
['2019-03-27 12:49:00', 87.99, 87.99, 87.99, 87.99, 1067]
['2019-03-27 12:47:00', 88.02, 87.96, 87.96, 88.02, 934]
['2019-03-27 12:44:00', 87.96, 87.93, 87.93, 87.96, 601]
['2019-03-27 12:43:00', 87.97, 87.97, 87.97, 87.97, 482]
['2019-03-27 12:42:00', 87.92, 87.92, 87.92, 87.92, 131]
['2019-03-27 12:40:00', 87.95, 87.95, 87.95, 87.95, 352]
['2019-03-27 12:38:00', 87.93, 87.93, 87.93, 87.93, 435]
['2019-03-27 12:37:00', 87.915, 87.915, 87.915, 87.915, 534]
['2019-03-27 12:36:00', 87.91, 87.91, 87.91, 87.91, 1572]
['2019-03-27 12:34:00', 87.99, 87.99, 87.99, 87.99, 147]
['2019-03-27 12:32:00', 87.95, 87.95, 87.95, 87.95, 433]
['2019-03-27 12:30:00', 88.0, 88.0, 88.0, 88.0, 209]
['2019-03-27 12:29:00', 87.97, 87.97, 87.97, 87.97, 728]
['2019-03-27 12:25:00', 87.95, 87.95, 87.95, 87.95, 1067]
['2019-03-27 12:24:00', 87.94, 87.94, 87.94, 87.94, 913]
['2019-03-27 12:23:00', 88.0, 88.0, 88.0, 88.0, 306]
['2019-03-27 12:22:00', 88.03, 88.03, 88.03, 88.03, 1384]
['2019-03-27 12:21:00', 88.02, 88.08, 88.02, 88.08, 2120]
['2019-03-27 12:20:00', 88.0, 88.0, 88.0, 88.0, 730]
['2019-03-27 12:17:00', 88.06, 88.06, 88.06, 88.06, 324]
['2019-03-27 12:16:00', 88.0, 88.0, 88.0, 88.0, 247]
['2019-03-27 12:15:00', 88.07, 88.07, 88.07, 88.07, 417]
['2019-03-27 12:14:00', 88.07, 88.07, 88.07, 88.07, 967]
['2019-03-27 12:13:00', 88.06, 88.06, 88.06, 88.06, 451]
['2019-03-27 12:12:00', 88.03, 88.03, 88.03, 88.03, 127]
['2019-03-27 12:06:00', 88.0, 88.0, 88.0, 88.0, 888]
['2019-03-27 12:01:00', 87.8, 87.8, 87.8, 87.8, 884]
['2019-03-27 12:00:00', 87.82, 87.82, 87.82, 87.82, 436]
['2019-03-27 11:58:00', 87.82, 87.82, 87.82, 87.82, 421]
['2019-03-27 11:57:00', 87.8, 87.8, 87.8, 87.8, 223]
['2019-03-27 11:55:00', 87.65, 87.68, 87.65, 87.68, 1340]
['2019-03-27 11:53:00', 87.72, 87.72, 87.72, 87.72, 498]
['2019-03-27 11:52:00', 87.77, 87.77, 87.77, 87.77, 304]
['2019-03-27 11:50:00', 87.75, 87.76, 87.75, 87.76, 489]
['2019-03-27 11:47:00', 87.785, 87.76, 87.76, 87.785, 1020]
['2019-03-27 11:45:00', 87.76, 87.76, 87.76, 87.76, 307]
['2019-03-27 11:43:00', 87.88, 87.88, 87.88, 87.88, 345]
['2019-03-27 11:41:00', 87.9, 87.94, 87.9, 87.94, 808]
['2019-03-27 11:39:00', 87.89, 87.89, 87.89, 87.89, 2965]
['2019-03-27 11:37:00', 87.83, 87.83, 87.83, 87.83, 312]
['2019-03-27 11:35:00', 87.885, 87.885, 87.885, 87.885, 1490]
['2019-03-27 11:32:00', 87.84, 87.86, 87.84, 87.86, 933]
['2019-03-27 11:31:00', 87.83, 87.83, 87.83, 87.83, 541]
['2019-03-27 11:30:00', 87.87, 87.87, 87.87, 87.87, 1003]
['2019-03-27 11:29:00', 87.95, 87.93, 87.93, 87.95, 848]
['2019-03-27 11:27:00', 88.07, 88.0, 88.0, 88.07, 3752]
['2019-03-27 11:25:00', 88.09, 88.1, 88.09, 88.1, 1744]
['2019-03-27 11:21:00', 88.08, 88.08, 88.08, 88.08, 549]
['2019-03-27 11:18:00', 88.0, 88.0, 88.0, 88.0, 299]
['2019-03-27 11:17:00', 88.07, 88.07, 88.07, 88.07, 558]
['2019-03-27 11:16:00', 88.04, 88.04, 88.04, 88.04, 459]
['2019-03-27 11:14:00', 88.1, 88.1, 88.1, 88.1, 212]
['2019-03-27 11:12:00', 88.11, 88.11, 88.11, 88.11, 466]
['2019-03-27 11:11:00', 88.13, 88.13, 88.13, 88.13, 312]
['2019-03-27 11:10:00', 88.1, 88.1, 88.1, 88.1, 812]
['2019-03-27 11:08:00', 88.15, 88.15, 88.15, 88.15, 602]
['2019-03-27 11:07:00', 88.1, 88.1, 88.1, 88.1, 537]
['2019-03-27 11:06:00', 88.1, 88.1, 88.1, 88.13, 4410]
['2019-03-27 11:05:00', 88.11, 88.13, 88.11, 88.13, 3847]
['2019-03-27 11:04:00', 88.07, 88.07, 88.07, 88.07, 698]
['2019-03-27 11:03:00', 88.09, 88.09, 88.09, 88.09, 533]
['2019-03-27 11:00:00', 88.06, 88.06, 88.06, 88.06, 1584]
['2019-03-27 10:59:00', 88.0, 88.03, 88.0, 88.03, 952]
['2019-03-27 10:57:00', 87.98, 87.98, 87.98, 87.98, 251]
['2019-03-27 10:56:00', 87.92, 87.92, 87.92, 87.92, 930]
['2019-03-27 10:55:00', 87.85, 87.85, 87.85, 87.85, 132]
['2019-03-27 10:53:00', 87.91, 87.92, 87.91, 87.92, 2026]
['2019-03-27 10:52:00', 88.09, 88.0, 88.0, 88.09, 1681]
['2019-03-27 10:51:00', 88.03, 88.03, 88.03, 88.03, 1019]
['2019-03-27 10:50:00', 88.17, 88.19, 88.17, 88.19, 850]
['2019-03-27 10:49:00', 88.14, 88.14, 88.14, 88.14, 606]
['2019-03-27 10:48:00', 88.19, 88.19, 88.19, 88.19, 875]
['2019-03-27 10:45:00', 88.24, 88.24, 88.24, 88.24, 224]
['2019-03-27 10:44:00', 88.29, 88.29, 88.29, 88.29, 667]
['2019-03-27 10:41:00', 88.45, 88.53, 88.45, 88.53, 914]
['2019-03-27 10:39:00', 88.52, 88.52, 88.52, 88.52, 2288]
['2019-03-27 10:38:00', 88.65, 88.61, 88.61, 88.65, 1226]
['2019-03-27 10:36:00', 88.66, 88.7, 88.66, 88.7, 659]
['2019-03-27 10:32:00', 88.65, 88.65, 88.65, 88.65, 221]
['2019-03-27 10:30:00', 88.7, 88.7, 88.7, 88.7, 440]
['2019-03-27 10:29:00', 88.59, 88.59, 88.59, 88.59, 281]
['2019-03-27 10:28:00', 88.58, 88.58, 88.58, 88.58, 557]
['2019-03-27 10:27:00', 88.76, 88.76, 88.76, 88.76, 968]
['2019-03-27 10:26:00', 88.89, 88.89, 88.89, 88.89, 1851]
['2019-03-27 10:24:00', 88.68, 88.68, 88.68, 88.68, 850]
['2019-03-27 10:23:00', 88.64, 88.64, 88.64, 88.64, 813]
['2019-03-27 10:22:00', 88.61, 88.61, 88.61, 88.61, 358]
['2019-03-27 10:20:00', 88.56, 88.56, 88.56, 88.56, 390]
['2019-03-27 10:18:00', 88.41, 88.41, 88.41, 88.41, 138]
['2019-03-27 10:16:00', 88.44, 88.44, 88.44, 88.44, 440]
['2019-03-27 10:14:00', 88.445, 88.445, 88.445, 88.445, 1001]
['2019-03-27 10:13:00', 88.44, 88.44, 88.44, 88.44, 514]
['2019-03-27 10:12:00', 88.35, 88.35, 88.35, 88.35, 500]
['2019-03-27 10:11:00', 88.52, 88.52, 88.52, 88.52, 1296]
['2019-03-27 10:10:00', 88.311, 88.311, 88.311, 88.311, 599]
['2019-03-27 10:09:00', 88.31, 88.31, 88.31, 88.31, 765]
['2019-03-27 10:08:00', 88.27, 88.27, 88.27, 88.27, 1940]
['2019-03-27 10:07:00', 88.2, 88.2, 88.2, 88.2, 496]
['2019-03-27 10:06:00', 88.26, 88.26, 88.26, 88.26, 419]
['2019-03-27 10:03:00', 88.37, 88.34, 88.34, 88.37, 1235]
['2019-03-27 10:00:00', 88.14, 88.14, 88.14, 88.14, 668]
['2019-03-27 09:59:00', 88.2249, 88.2249, 88.2249, 88.2249, 276]
['2019-03-27 09:57:00', 88.28, 88.28, 88.28, 88.28, 434]
['2019-03-27 09:55:00', 88.38, 88.43, 88.38, 88.43, 2695]
['2019-03-27 09:54:00', 88.21, 88.33, 88.21, 88.33, 4002]
['2019-03-27 09:53:00', 88.19, 88.19, 88.19, 88.19, 910]
['2019-03-27 09:52:00', 88.28, 88.24, 88.24, 88.28, 6037]
['2019-03-27 09:51:00', 88.13, 88.25, 88.11, 88.25, 4209]
['2019-03-27 09:50:00', 88.18, 88.18, 88.18, 88.18, 1171]
['2019-03-27 09:49:00', 88.19, 88.19, 88.19, 88.19, 388]
['2019-03-27 09:48:00', 88.3, 88.3, 88.3, 88.3, 147]
['2019-03-27 09:47:00', 88.36, 88.36, 88.36, 88.36, 205]
['2019-03-27 09:45:00', 88.27, 88.27, 88.27, 88.27, 991]
['2019-03-27 09:44:00', 88.52, 88.29, 88.29, 88.52, 6482]
['2019-03-27 09:43:00', 88.27, 88.27, 88.27, 88.27, 1917]
['2019-03-27 09:42:00', 88.31, 88.33, 88.31, 88.38, 5738]
['2019-03-27 09:40:00', 88.19, 88.21, 88.19, 88.245, 6018]
['2019-03-27 09:39:00', 88.37, 88.39, 88.35, 88.39, 7120]
['2019-03-27 09:38:00', 88.49, 88.49, 88.49, 88.49, 214]
['2019-03-27 09:35:00', 87.96, 87.915, 87.915, 87.96, 1501]
['2019-03-27 09:34:00', 88.205, 88.205, 88.205, 88.205, 755]
['2019-03-27 09:33:00', 87.805, 87.805, 87.805, 87.805, 3348]
['2019-03-27 09:31:00', 88.22, 87.43, 87.43, 88.22, 12344]
['2019-03-26 16:00:00', 88.43, 88.44, 88.43, 88.52, 22703]
['2019-03-26 15:59:00', 88.4, 88.42, 88.4, 88.42, 5633]
['2019-03-26 15:58:00', 88.355, 88.4, 88.355, 88.4, 7954]
['2019-03-26 15:57:00', 88.36, 88.34, 88.34, 88.36, 4759]
['2019-03-26 15:56:00', 88.33, 88.32, 88.32, 88.33, 6316]
['2019-03-26 15:55:00', 88.27, 88.27, 88.27, 88.27, 3168]
['2019-03-26 15:54:00', 88.23, 88.23, 88.23, 88.23, 2368]
['2019-03-26 15:53:00', 88.25, 88.24, 88.24, 88.25, 2883]
['2019-03-26 15:52:00', 88.19, 88.19, 88.19, 88.19, 1494]
['2019-03-26 15:51:00', 88.2, 88.2, 88.2, 88.2, 2749]
['2019-03-26 15:50:00', 88.19, 88.19, 88.19, 88.19, 1777]
['2019-03-26 15:49:00', 88.23, 88.23, 88.23, 88.23, 920]
['2019-03-26 15:48:00', 88.18, 88.18, 88.18, 88.18, 784]
['2019-03-26 15:47:00', 88.085, 88.16, 88.085, 88.16, 1882]
['2019-03-26 15:46:00', 88.08, 88.09, 88.08, 88.09, 2341]
['2019-03-26 15:45:00', 88.14, 88.12, 88.12, 88.14, 1956]
['2019-03-26 15:44:00', 88.16, 88.16, 88.16, 88.16, 723]
['2019-03-26 15:43:00', 88.16, 88.16, 88.16, 88.16, 1141]
['2019-03-26 15:42:00', 88.17, 88.17, 88.17, 88.17, 287]
['2019-03-26 15:41:00', 88.14, 88.14, 88.14, 88.14, 662]
['2019-03-26 15:40:00', 88.12, 88.15, 88.12, 88.15, 2247]
['2019-03-26 15:39:00', 88.15, 88.11, 88.11, 88.15, 2273]
['2019-03-26 15:38:00', 88.15, 88.15, 88.15, 88.15, 802]
['2019-03-26 15:37:00', 88.14, 88.14, 88.14, 88.14, 799]
['2019-03-26 15:36:00', 88.14, 88.15, 88.14, 88.16, 3131]
['2019-03-26 15:34:00', 88.17, 88.13, 88.13, 88.17, 1318]
['2019-03-26 15:33:00', 88.16, 88.16, 88.16, 88.16, 313]
['2019-03-26 15:32:00', 88.13, 88.16, 88.13, 88.16, 1367]
['2019-03-26 15:31:00', 88.12, 88.12, 88.12, 88.12, 809]
['2019-03-26 15:30:00', 88.17, 88.17, 88.17, 88.17, 631]
['2019-03-26 15:29:00', 88.19, 88.19, 88.19, 88.19, 1242]
['2019-03-26 15:28:00', 88.16, 88.25, 88.16, 88.25, 1317]
['2019-03-26 15:27:00', 88.16, 88.16, 88.16, 88.16, 334]
['2019-03-26 15:26:00', 88.17, 88.17, 88.17, 88.17, 1048]
['2019-03-26 15:24:00', 88.18, 88.19, 88.18, 88.19, 1208]
['2019-03-26 15:23:00', 88.2, 88.2, 88.2, 88.2, 462]
['2019-03-26 15:21:00', 88.185, 88.21, 88.185, 88.21, 1444]
['2019-03-26 15:20:00', 88.24, 88.24, 88.24, 88.24, 622]
['2019-03-26 15:19:00', 88.275, 88.275, 88.275, 88.275, 392]
['2019-03-26 15:18:00', 88.245, 88.245, 88.245, 88.245, 810]
['2019-03-26 15:17:00', 88.25, 88.275, 88.25, 88.275, 1823]
['2019-03-26 15:14:00', 88.28, 88.28, 88.28, 88.28, 1019]
['2019-03-26 15:13:00', 88.25, 88.25, 88.25, 88.25, 963]
['2019-03-26 15:11:00', 88.195, 88.195, 88.195, 88.195, 713]
['2019-03-26 15:10:00', 88.26, 88.24, 88.24, 88.26, 1177]
['2019-03-26 15:09:00', 88.22, 88.22, 88.22, 88.22, 838]
['2019-03-26 15:08:00', 88.17, 88.2, 88.17, 88.2, 1054]
['2019-03-26 15:07:00', 88.19, 88.19, 88.19, 88.19, 285]
['2019-03-26 15:06:00', 88.19, 88.175, 88.175, 88.19, 756]
['2019-03-26 15:05:00', 88.19, 88.19, 88.19, 88.19, 264]
['2019-03-26 15:04:00', 88.23, 88.23, 88.23, 88.23, 580]
['2019-03-26 15:03:00', 88.25, 88.25, 88.25, 88.25, 1028]
['2019-03-26 15:01:00', 88.195, 88.195, 88.195, 88.195, 238]
['2019-03-26 15:00:00', 88.19, 88.19, 88.19, 88.19, 365]
['2019-03-26 14:59:00', 88.18, 88.18, 88.18, 88.18, 711]
['2019-03-26 14:58:00', 88.16, 88.16, 88.16, 88.16, 357]
['2019-03-26 14:57:00', 88.1, 88.11, 88.1, 88.11, 921]
['2019-03-26 14:54:00', 88.09, 88.09, 88.09, 88.09, 791]
['2019-03-26 14:52:00', 88.17, 88.19, 88.17, 88.19, 738]
['2019-03-26 14:50:00', 88.27, 88.24, 88.24, 88.27, 1555]
['2019-03-26 14:49:00', 88.25, 88.25, 88.25, 88.25, 811]
['2019-03-26 14:48:00', 88.24, 88.24, 88.24, 88.24, 114]
['2019-03-26 14:46:00', 88.245, 88.245, 88.245, 88.245, 522]
['2019-03-26 14:45:00', 88.2, 88.23, 88.2, 88.23, 1046]
['2019-03-26 14:43:00', 88.19, 88.2, 88.19, 88.2, 909]
['2019-03-26 14:42:00', 88.15, 88.19, 88.15, 88.19, 1102]
['2019-03-26 14:39:00', 88.14, 88.14, 88.14, 88.14, 400]
['2019-03-26 14:37:00', 88.14, 88.14, 88.14, 88.14, 314]
['2019-03-26 14:36:00', 88.14, 88.14, 88.14, 88.14, 723]
['2019-03-26 14:35:00', 88.1, 88.1, 88.1, 88.1, 1225]
['2019-03-26 14:33:00', 88.1, 88.1, 88.1, 88.1, 669]
['2019-03-26 14:31:00', 88.11, 88.11, 88.11, 88.11, 638]
['2019-03-26 14:30:00', 88.08, 88.1, 88.08, 88.1, 512]
['2019-03-26 14:28:00', 88.11, 88.11, 88.11, 88.11, 339]
['2019-03-26 14:27:00', 88.08, 88.08, 88.08, 88.08, 745]
['2019-03-26 14:25:00', 88.1, 88.1, 88.1, 88.1, 346]
['2019-03-26 14:24:00', 88.08, 88.08, 88.08, 88.08, 363]
['2019-03-26 14:23:00', 88.08, 88.08, 88.08, 88.08, 347]
['2019-03-26 14:22:00', 88.09, 88.08, 88.08, 88.09, 1220]
['2019-03-26 14:19:00', 88.06, 88.1, 88.06, 88.11, 1518]
['2019-03-26 14:16:00', 88.03, 88.03, 88.03, 88.03, 1007]
['2019-03-26 14:15:00', 87.985, 87.985, 87.985, 87.985, 267]
['2019-03-26 14:11:00', 87.99, 87.99, 87.99, 87.99, 900]
['2019-03-26 14:10:00', 88.03, 88.03, 88.03, 88.03, 203]
['2019-03-26 14:08:00', 88.05, 88.05, 88.05, 88.05, 318]
['2019-03-26 14:07:00', 88.02, 88.02, 88.02, 88.02, 121]
['2019-03-26 14:06:00', 87.98, 87.98, 87.98, 87.98, 705]
['2019-03-26 14:05:00', 87.95, 87.97, 87.95, 87.97, 1643]
['2019-03-26 14:04:00', 87.96, 87.96, 87.96, 87.96, 500]
['2019-03-26 14:03:00', 87.98, 87.98, 87.98, 87.98, 209]
['2019-03-26 14:01:00', 88.005, 87.98, 87.98, 88.005, 960]
['2019-03-26 13:56:00', 88.04, 88.04, 88.04, 88.04, 596]
['2019-03-26 13:54:00', 88.055, 88.055, 88.055, 88.055, 219]
['2019-03-26 13:53:00', 88.055, 88.055, 88.055, 88.055, 214]
['2019-03-26 13:52:00', 88.08, 88.08, 88.08, 88.08, 488]
['2019-03-26 13:49:00', 88.075, 88.075, 88.075, 88.075, 290]
['2019-03-26 13:47:00', 88.04, 88.03, 88.03, 88.04, 738]
['2019-03-26 13:45:00', 88.04, 88.04, 88.04, 88.04, 262]
['2019-03-26 13:42:00', 88.06, 88.06, 88.06, 88.06, 521]
['2019-03-26 13:41:00', 88.0244, 88.07, 88.0244, 88.07, 1372]
['2019-03-26 13:39:00', 88.0, 88.0, 88.0, 88.0, 437]
['2019-03-26 13:38:00', 87.99, 87.99, 87.99, 87.99, 520]
['2019-03-26 13:37:00', 88.05, 88.05, 88.05, 88.05, 202]
['2019-03-26 13:35:00', 88.1, 88.1, 88.1, 88.1, 315]
['2019-03-26 13:33:00', 88.1, 88.1, 88.1, 88.1, 317]
['2019-03-26 13:32:00', 88.14, 88.14, 88.14, 88.14, 222]
['2019-03-26 13:31:00', 88.16, 88.16, 88.16, 88.16, 742]
['2019-03-26 13:30:00', 88.2116, 88.2116, 88.2116, 88.2116, 319]
['2019-03-26 13:29:00', 88.2, 88.2, 88.2, 88.2, 608]
['2019-03-26 13:27:00', 88.195, 88.195, 88.195, 88.195, 100]
['2019-03-26 13:24:00', 88.19, 88.22, 88.19, 88.22, 1151]
['2019-03-26 13:21:00', 88.19, 88.19, 88.19, 88.19, 429]
['2019-03-26 13:18:00', 88.18, 88.18, 88.18, 88.18, 401]
['2019-03-26 13:17:00', 88.16, 88.16, 88.16, 88.16, 856]
['2019-03-26 13:12:00', 88.11, 88.14, 88.11, 88.14, 3500]
['2019-03-26 13:10:00', 88.07, 88.07, 88.07, 88.07, 217]
['2019-03-26 13:09:00', 88.07, 88.07, 88.07, 88.07, 116]
['2019-03-26 13:07:00', 88.06, 88.07, 88.06, 88.07, 1063]
['2019-03-26 13:06:00', 88.11, 88.11, 88.11, 88.11, 672]
['2019-03-26 13:04:00', 88.06, 88.105, 88.06, 88.105, 1597]
['2019-03-26 12:59:00', 87.97, 87.97, 87.97, 87.97, 447]
['2019-03-26 12:58:00', 87.98, 87.98, 87.98, 87.98, 196]
['2019-03-26 12:57:00', 88.01, 88.01, 88.01, 88.01, 731]
['2019-03-26 12:56:00', 88.045, 88.045, 88.045, 88.045, 457]
['2019-03-26 12:53:00', 87.97, 87.97, 87.97, 87.97, 777]
['2019-03-26 12:52:00', 87.95, 87.95, 87.95, 87.95, 866]
['2019-03-26 12:51:00', 87.9475, 87.97, 87.9475, 87.97, 2193]
['2019-03-26 12:50:00', 87.95, 87.93, 87.93, 87.95, 2013]
['2019-03-26 12:49:00', 87.95, 87.94, 87.94, 87.95, 2173]
['2019-03-26 12:48:00', 87.95, 87.95, 87.95, 87.95, 1698]
['2019-03-26 12:47:00', 87.96, 87.95, 87.945, 87.96, 1485]
['2019-03-26 12:45:00', 87.95, 87.98, 87.95, 87.98, 1963]
['2019-03-26 12:44:00', 87.95, 87.95, 87.95, 87.95, 1511]
['2019-03-26 12:43:00', 87.96, 87.96, 87.96, 87.96, 327]
['2019-03-26 12:41:00', 87.95, 87.96, 87.95, 87.96, 3300]
['2019-03-26 12:39:00', 87.95, 87.98, 87.95, 87.98, 1445]
['2019-03-26 12:38:00', 87.96, 87.98, 87.95, 87.98, 8527]
['2019-03-26 12:37:00', 87.95, 87.95, 87.95, 87.95, 2422]
['2019-03-26 12:36:00', 87.95, 87.95, 87.95, 87.95, 929]
['2019-03-26 12:35:00', 87.95, 87.95, 87.95, 87.95, 284]
['2019-03-26 12:33:00', 87.97, 87.97, 87.97, 87.97, 262]
['2019-03-26 12:32:00', 87.97, 87.97, 87.97, 87.97, 653]
['2019-03-26 12:29:00', 87.98, 87.98, 87.98, 87.98, 361]
['2019-03-26 12:28:00', 87.97, 87.97, 87.97, 87.97, 1679]
['2019-03-26 12:27:00', 87.99, 87.95, 87.95, 87.99, 1691]
['2019-03-26 12:26:00', 87.9709, 87.9709, 87.9709, 87.9709, 3114]
['2019-03-26 12:24:00', 87.95, 87.95, 87.95, 87.95, 711]
['2019-03-26 12:23:00', 87.99, 88.02, 87.99, 88.02, 418]
['2019-03-26 12:21:00', 88.0475, 88.04, 88.04, 88.0475, 981]
['2019-03-26 12:20:00', 88.04, 88.04, 88.04, 88.04, 765]
['2019-03-26 12:17:00', 88.1, 88.08, 88.08, 88.1, 1430]
['2019-03-26 12:15:00', 88.01, 88.01, 88.01, 88.01, 269]
['2019-03-26 12:14:00', 88.02, 88.01, 88.01, 88.02, 1038]
['2019-03-26 12:10:00', 87.95, 87.98, 87.95, 87.98, 8964]
['2019-03-26 12:09:00', 87.95, 87.95, 87.95, 87.95, 1561]
['2019-03-26 12:07:00', 87.95, 88.01, 87.95, 88.01, 1806]
['2019-03-26 12:06:00', 87.95, 87.95, 87.935, 87.95, 4186]
['2019-03-26 12:05:00', 87.96, 87.95, 87.95, 87.96, 1729]
['2019-03-26 12:04:00', 87.95, 87.97, 87.94, 87.97, 13842]
['2019-03-26 12:03:00', 87.95, 87.95, 87.95, 87.95, 839]
['2019-03-26 12:01:00', 87.985, 87.96, 87.95, 87.985, 1462]
['2019-03-26 11:58:00', 87.95, 87.98, 87.95, 87.98, 8526]
['2019-03-26 11:57:00', 87.95, 88.0124, 87.95, 88.0124, 3589]
['2019-03-26 11:56:00', 87.82, 87.82, 87.82, 87.82, 1904]
['2019-03-26 11:55:00', 87.79, 87.83, 87.79, 87.84, 5908]
['2019-03-26 11:54:00', 87.66, 87.69, 87.66, 87.69, 1693]
['2019-03-26 11:53:00', 87.71, 87.71, 87.71, 87.71, 2050]
['2019-03-26 11:52:00', 87.715, 87.715, 87.715, 87.715, 2893]
['2019-03-26 11:50:00', 87.78, 87.78, 87.78, 87.78, 457]
['2019-03-26 11:48:00', 87.8, 87.8, 87.8, 87.8, 159]
['2019-03-26 11:47:00', 87.83, 87.825, 87.825, 87.83, 835]
['2019-03-26 11:45:00', 87.905, 87.905, 87.905, 87.905, 897]
['2019-03-26 11:42:00', 87.9, 87.9, 87.9, 87.9, 454]
['2019-03-26 11:41:00', 87.9, 87.9, 87.9, 87.9, 359]
['2019-03-26 11:39:00', 87.89, 87.89, 87.89, 87.89, 233]
['2019-03-26 11:38:00', 87.89, 87.89, 87.89, 87.89, 741]
['2019-03-26 11:37:00', 87.83, 87.83, 87.83, 87.83, 505]
['2019-03-26 11:36:00', 87.75, 87.75, 87.75, 87.75, 184]
['2019-03-26 11:34:00', 87.76, 87.76, 87.76, 87.76, 609]
['2019-03-26 11:33:00', 87.83, 87.83, 87.83, 87.83, 423]
['2019-03-26 11:32:00', 87.89, 87.89, 87.89, 87.89, 316]
['2019-03-26 11:30:00', 87.935, 87.935, 87.935, 87.935, 804]
['2019-03-26 11:27:00', 87.915, 87.915, 87.915, 87.915, 459]
['2019-03-26 11:26:00', 87.92, 87.92, 87.92, 87.92, 703]
['2019-03-26 11:25:00', 87.8392, 87.87, 87.8392, 87.87, 2198]
['2019-03-26 11:24:00', 87.85, 87.85, 87.85, 87.85, 529]
['2019-03-26 11:23:00', 87.92, 87.92, 87.9, 87.92, 2461]
['2019-03-26 11:19:00', 88.015, 87.98, 87.98, 88.015, 1026]
['2019-03-26 11:17:00', 88.02, 88.02, 88.02, 88.02, 233]
['2019-03-26 11:15:00', 87.985, 87.985, 87.985, 87.985, 205]
['2019-03-26 11:14:00', 87.99, 87.99, 87.99, 87.99, 520]
['2019-03-26 11:12:00', 87.9988, 87.9988, 87.9988, 87.9988, 303]
['2019-03-26 11:11:00', 87.98, 87.98, 87.98, 87.98, 508]
['2019-03-26 11:09:00', 88.0, 88.0, 88.0, 88.0, 619]
['2019-03-26 11:07:00', 88.05, 88.05, 88.05, 88.05, 215]
['2019-03-26 11:06:00', 88.09, 88.09, 88.09, 88.09, 1002]
['2019-03-26 11:05:00', 88.14, 88.14, 88.14, 88.14, 317]
['2019-03-26 11:04:00', 88.11, 88.11, 88.11, 88.11, 140]
['2019-03-26 11:03:00', 88.09, 88.06, 88.06, 88.09, 1151]
['2019-03-26 11:01:00', 88.12, 88.12, 88.12, 88.12, 1340]
['2019-03-26 10:59:00', 88.065, 88.065, 88.065, 88.065, 138]
['2019-03-26 10:58:00', 88.065, 88.065, 88.065, 88.065, 315]
['2019-03-26 10:57:00', 88.06, 88.06, 88.06, 88.06, 162]
['2019-03-26 10:56:00', 88.01, 88.01, 88.01, 88.01, 499]
['2019-03-26 10:55:00', 88.065, 88.065, 88.065, 88.065, 1530]
['2019-03-26 10:53:00', 88.06, 88.06, 88.06, 88.06, 419]
['2019-03-26 10:51:00', 88.0, 88.0, 88.0, 88.0, 531]
['2019-03-26 10:50:00', 87.93, 87.93, 87.93, 87.93, 309]
['2019-03-26 10:49:00', 87.84, 87.84, 87.84, 87.84, 626]
['2019-03-26 10:48:00', 87.79, 87.79, 87.79, 87.79, 282]
['2019-03-26 10:46:00', 87.73, 87.73, 87.73, 87.73, 228]
['2019-03-26 10:44:00', 87.75, 87.75, 87.75, 87.75, 419]
['2019-03-26 10:43:00', 87.735, 87.735, 87.735, 87.735, 831]
['2019-03-26 10:41:00', 87.72, 87.82, 87.72, 87.82, 2195]
['2019-03-26 10:40:00', 87.69, 87.755, 87.69, 87.755, 2998]
['2019-03-26 10:39:00', 87.69, 87.68, 87.68, 87.7, 3292]
['2019-03-26 10:32:00', 87.64, 87.64, 87.64, 87.64, 366]
['2019-03-26 10:31:00', 87.67, 87.67, 87.67, 87.67, 410]
['2019-03-26 10:27:00', 87.71, 87.71, 87.71, 87.71, 753]
['2019-03-26 10:24:00', 87.61, 87.61, 87.61, 87.61, 569]
['2019-03-26 10:23:00', 87.79, 87.65, 87.65, 87.79, 4155]
['2019-03-26 10:21:00', 87.7846, 87.7846, 87.7846, 87.7846, 395]
['2019-03-26 10:20:00', 87.785, 87.785, 87.785, 87.785, 304]
['2019-03-26 10:16:00', 87.72, 87.72, 87.72, 87.72, 494]
['2019-03-26 10:15:00', 87.73, 87.73, 87.73, 87.73, 465]
['2019-03-26 10:06:00', 87.73, 87.73, 87.73, 87.73, 705]
['2019-03-26 10:05:00', 87.78, 87.74, 87.74, 87.78, 719]
['2019-03-26 10:03:00', 87.79, 87.79, 87.79, 87.79, 347]
['2019-03-26 10:02:00', 87.82, 87.82, 87.82, 87.82, 1730]
['2019-03-26 10:01:00', 87.73, 87.73, 87.73, 87.73, 1087]
['2019-03-26 10:00:00', 87.94, 87.92, 87.92, 87.94, 1096]
['2019-03-26 09:56:00', 87.85, 87.85, 87.85, 87.85, 182]
['2019-03-26 09:55:00', 87.895, 87.895, 87.895, 87.895, 481]
['2019-03-26 09:54:00', 87.95, 87.94, 87.94, 87.95, 1835]
['2019-03-26 09:53:00', 87.85, 87.85, 87.85, 87.85, 223]
['2019-03-26 09:51:00', 87.89, 87.89, 87.89, 87.89, 740]
['2019-03-26 09:50:00', 88.03, 87.97, 87.97, 88.03, 1339]
['2019-03-26 09:48:00', 88.05, 88.05, 88.05, 88.05, 938]
['2019-03-26 09:43:00', 88.1675, 88.225, 88.1675, 88.225, 2289]
['2019-03-26 09:39:00', 88.1529, 88.1529, 88.1529, 88.1529, 466]
['2019-03-26 09:38:00', 88.25, 88.11, 88.11, 88.25, 5267]
['2019-03-26 09:37:00', 87.96, 88.26, 87.96, 88.26, 2974]
['2019-03-26 09:36:00', 88.085, 88.085, 88.085, 88.085, 1042]
['2019-03-26 09:35:00', 88.26, 88.26, 88.26, 88.26, 558]
['2019-03-26 09:33:00', 88.06, 88.3, 88.06, 88.3, 8791]
['2019-03-25 16:00:00', 87.42, 87.4, 87.4, 87.44, 11288]
['2019-03-25 15:59:00', 87.49, 87.49, 87.49, 87.49, 3452]
['2019-03-25 15:58:00', 87.52, 87.52, 87.52, 87.52, 2379]
['2019-03-25 15:57:00', 87.45, 87.49, 87.45, 87.49, 3955]
['2019-03-25 15:56:00', 87.47, 87.46, 87.46, 87.47, 2939]
['2019-03-25 15:55:00', 87.52, 87.52, 87.52, 87.52, 1917]
['2019-03-25 15:54:00', 87.48, 87.48, 87.48, 87.48, 942]
['2019-03-25 15:53:00', 87.48, 87.47, 87.47, 87.48, 2885]
['2019-03-25 15:52:00', 87.5, 87.5, 87.5, 87.5, 1800]
['2019-03-25 15:51:00', 87.5, 87.5, 87.5, 87.5, 1466]
['2019-03-25 15:50:00', 87.43, 87.43, 87.43, 87.43, 1165]
['2019-03-25 15:49:00', 87.48, 87.46, 87.46, 87.48, 1861]
['2019-03-25 15:48:00', 87.58, 87.58, 87.58, 87.58, 1276]
['2019-03-25 15:47:00', 87.55, 87.65, 87.55, 87.65, 1825]
['2019-03-25 15:46:00', 87.5, 87.5, 87.5, 87.5, 1257]
['2019-03-25 15:45:00', 87.5, 87.5, 87.5, 87.5, 1331]
['2019-03-25 15:44:00', 87.46, 87.49, 87.46, 87.49, 2813]
['2019-03-25 15:43:00', 87.46, 87.45, 87.45, 87.46, 5240]
['2019-03-25 15:42:00', 87.5, 87.5, 87.5, 87.5, 1206]
['2019-03-25 15:41:00', 87.52, 87.52, 87.52, 87.52, 1469]
['2019-03-25 15:39:00', 87.52, 87.52, 87.52, 87.52, 951]
['2019-03-25 15:38:00', 87.54, 87.55, 87.54, 87.58, 3041]
['2019-03-25 15:37:00', 87.53, 87.53, 87.53, 87.53, 459]
['2019-03-25 15:36:00', 87.54, 87.53, 87.53, 87.54, 1552]
['2019-03-25 15:35:00', 87.55, 87.55, 87.55, 87.55, 664]
['2019-03-25 15:34:00', 87.53, 87.53, 87.53, 87.53, 863]
['2019-03-25 15:33:00', 87.5, 87.5, 87.5, 87.5, 567]
['2019-03-25 15:32:00', 87.51, 87.49, 87.49, 87.51, 1718]
['2019-03-25 15:31:00', 87.59, 87.54, 87.54, 87.59, 2225]
['2019-03-25 15:30:00', 87.58, 87.58, 87.58, 87.58, 666]
['2019-03-25 15:28:00', 87.59, 87.59, 87.59, 87.59, 700]
['2019-03-25 15:27:00', 87.61, 87.61, 87.61, 87.61, 724]
['2019-03-25 15:26:00', 87.55, 87.535, 87.535, 87.55, 977]
['2019-03-25 15:24:00', 87.6, 87.6, 87.6, 87.6, 898]
['2019-03-25 15:23:00', 87.49, 87.51, 87.49, 87.51, 1012]
['2019-03-25 15:22:00', 87.47, 87.47, 87.47, 87.47, 494]
['2019-03-25 15:21:00', 87.48, 87.47, 87.47, 87.48, 1188]
['2019-03-25 15:19:00', 87.48, 87.48, 87.48, 87.48, 1551]
['2019-03-25 15:18:00', 87.47, 87.47, 87.47, 87.47, 811]
['2019-03-25 15:17:00', 87.51, 87.51, 87.51, 87.51, 290]
['2019-03-25 15:15:00', 87.5, 87.5, 87.5, 87.5, 480]
['2019-03-25 15:14:00', 87.51, 87.51, 87.51, 87.51, 538]
['2019-03-25 15:13:00', 87.42, 87.42, 87.42, 87.42, 600]
['2019-03-25 15:12:00', 87.4, 87.4, 87.4, 87.4, 157]
['2019-03-25 15:11:00', 87.41, 87.41, 87.41, 87.41, 1687]
['2019-03-25 15:10:00', 87.4, 87.4, 87.4, 87.4, 162]
['2019-03-25 15:09:00', 87.39, 87.39, 87.39, 87.39, 713]
['2019-03-25 15:08:00', 87.36, 87.39, 87.36, 87.39, 1155]
['2019-03-25 15:07:00', 87.31, 87.36, 87.31, 87.36, 1649]
['2019-03-25 15:05:00', 87.34, 87.34, 87.34, 87.34, 485]
['2019-03-25 15:02:00', 87.44, 87.43, 87.43, 87.44, 816]
['2019-03-25 15:01:00', 87.45, 87.45, 87.45, 87.45, 585]
['2019-03-25 15:00:00', 87.425, 87.425, 87.425, 87.425, 463]
['2019-03-25 14:59:00', 87.46, 87.46, 87.46, 87.46, 1111]
['2019-03-25 14:57:00', 87.36, 87.38, 87.36, 87.38, 871]
['2019-03-25 14:56:00', 87.37, 87.37, 87.37, 87.37, 390]
['2019-03-25 14:55:00', 87.305, 87.305, 87.305, 87.305, 431]
['2019-03-25 14:54:00', 87.26, 87.26, 87.26, 87.26, 759]
['2019-03-25 14:53:00', 87.24, 87.28, 87.24, 87.28, 1354]
['2019-03-25 14:52:00', 87.26, 87.26, 87.26, 87.26, 525]
['2019-03-25 14:51:00', 87.315, 87.315, 87.315, 87.315, 304]
['2019-03-25 14:50:00', 87.34, 87.34, 87.34, 87.34, 102]
['2019-03-25 14:49:00', 87.34, 87.34, 87.34, 87.34, 606]
['2019-03-25 14:48:00', 87.38, 87.38, 87.38, 87.38, 701]
['2019-03-25 14:47:00', 87.35, 87.35, 87.35, 87.35, 436]
['2019-03-25 14:46:00', 87.395, 87.39, 87.39, 87.395, 1880]
['2019-03-25 14:44:00', 87.41, 87.41, 87.41, 87.41, 105]
['2019-03-25 14:43:00', 87.37, 87.4, 87.37, 87.4, 1449]
['2019-03-25 14:42:00', 87.3701, 87.3701, 87.3701, 87.3701, 5307]
['2019-03-25 14:41:00', 87.35, 87.35, 87.35, 87.35, 519]
['2019-03-25 14:39:00', 87.3419, 87.33, 87.33, 87.3419, 856]
['2019-03-25 14:36:00', 87.38, 87.38, 87.38, 87.38, 113]
['2019-03-25 14:35:00', 87.35, 87.4, 87.35, 87.4, 1256]
['2019-03-25 14:32:00', 87.33, 87.33, 87.33, 87.33, 481]
['2019-03-25 14:31:00', 87.33, 87.33, 87.33, 87.33, 276]
['2019-03-25 14:30:00', 87.215, 87.23, 87.215, 87.23, 4284]
['2019-03-25 14:29:00', 87.205, 87.205, 87.205, 87.205, 1616]
['2019-03-25 14:28:00', 87.19, 87.19, 87.19, 87.19, 949]
['2019-03-25 14:27:00', 87.215, 87.215, 87.215, 87.215, 296]
['2019-03-25 14:26:00', 87.17, 87.17, 87.17, 87.17, 410]
['2019-03-25 14:24:00', 87.14, 87.15, 87.14, 87.15, 1739]
['2019-03-25 14:23:00', 87.18, 87.18, 87.18, 87.18, 555]
['2019-03-25 14:21:00', 87.19, 87.2, 87.19, 87.2, 649]
['2019-03-25 14:19:00', 87.18, 87.2, 87.18, 87.2, 1285]
['2019-03-25 14:18:00', 87.25, 87.25, 87.25, 87.25, 996]
['2019-03-25 14:15:00', 87.27, 87.25, 87.25, 87.27, 677]
['2019-03-25 14:14:00', 87.23, 87.23, 87.23, 87.23, 1672]
['2019-03-25 14:12:00', 87.21, 87.21, 87.21, 87.21, 673]
['2019-03-25 14:10:00', 87.23, 87.23, 87.23, 87.23, 225]
['2019-03-25 14:09:00', 87.24, 87.24, 87.24, 87.24, 301]
['2019-03-25 14:08:00', 87.22, 87.22, 87.22, 87.22, 563]
['2019-03-25 14:07:00', 87.2, 87.21, 87.2, 87.21, 831]
['2019-03-25 14:06:00', 87.24, 87.24, 87.24, 87.24, 723]
['2019-03-25 14:05:00', 87.28, 87.28, 87.28, 87.28, 244]
['2019-03-25 14:04:00', 87.25, 87.25, 87.25, 87.25, 484]
['2019-03-25 14:02:00', 87.27, 87.27, 87.27, 87.27, 411]
['2019-03-25 14:00:00', 87.24, 87.24, 87.24, 87.24, 400]
['2019-03-25 13:59:00', 87.275, 87.275, 87.275, 87.275, 714]
['2019-03-25 13:57:00', 87.21, 87.22, 87.21, 87.22, 1791]
['2019-03-25 13:56:00', 87.21, 87.21, 87.21, 87.21, 958]
['2019-03-25 13:54:00', 87.355, 87.3, 87.3, 87.355, 971]
['2019-03-25 13:53:00', 87.34, 87.35, 87.33, 87.35, 7555]
['2019-03-25 13:52:00', 87.32, 87.32, 87.32, 87.32, 564]
['2019-03-25 13:51:00', 87.29, 87.29, 87.29, 87.29, 1072]
['2019-03-25 13:50:00', 87.24, 87.24, 87.24, 87.24, 1226]
['2019-03-25 13:49:00', 87.31, 87.265, 87.265, 87.31, 1082]
['2019-03-25 13:48:00', 87.37, 87.37, 87.37, 87.37, 1155]
['2019-03-25 13:47:00', 87.39, 87.39, 87.39, 87.39, 519]
['2019-03-25 13:46:00', 87.43, 87.43, 87.43, 87.44, 1923]
['2019-03-25 13:44:00', 87.44, 87.44, 87.44, 87.44, 1207]
['2019-03-25 13:43:00', 87.43, 87.43, 87.43, 87.43, 2235]
['2019-03-25 13:42:00', 87.43, 87.43, 87.43, 87.43, 136]
['2019-03-25 13:41:00', 87.43, 87.43, 87.43, 87.43, 506]
['2019-03-25 13:38:00', 87.47, 87.47, 87.47, 87.47, 441]
['2019-03-25 13:34:00', 87.48, 87.48, 87.48, 87.48, 619]
['2019-03-25 13:32:00', 87.49, 87.49, 87.49, 87.49, 927]
['2019-03-25 13:31:00', 87.45, 87.505, 87.45, 87.505, 1293]
['2019-03-25 13:28:00', 87.46, 87.46, 87.46, 87.46, 184]
['2019-03-25 13:27:00', 87.51, 87.48, 87.48, 87.51, 618]
['2019-03-25 13:25:00', 87.5, 87.5, 87.5, 87.5, 287]
['2019-03-25 13:24:00', 87.5, 87.5, 87.5, 87.5, 407]
['2019-03-25 13:23:00', 87.505, 87.49, 87.49, 87.505, 552]
['2019-03-25 13:21:00', 87.5173, 87.5173, 87.5173, 87.5173, 596]
['2019-03-25 13:20:00', 87.5, 87.5, 87.5, 87.5, 652]
['2019-03-25 13:19:00', 87.5121, 87.505, 87.505, 87.5121, 467]
['2019-03-25 13:18:00', 87.49, 87.49, 87.49, 87.49, 676]
['2019-03-25 13:16:00', 87.62, 87.62, 87.62, 87.62, 881]
['2019-03-25 13:14:00', 87.65, 87.65, 87.65, 87.65, 137]
['2019-03-25 13:13:00', 87.56, 87.56, 87.56, 87.56, 487]
['2019-03-25 13:11:00', 87.5, 87.5, 87.5, 87.5, 516]
['2019-03-25 13:08:00', 87.49, 87.49, 87.49, 87.49, 1156]
['2019-03-25 13:06:00', 87.44, 87.44, 87.44, 87.44, 1022]
['2019-03-25 13:05:00', 87.44, 87.43, 87.43, 87.44, 1653]
['2019-03-25 13:04:00', 87.415, 87.42, 87.415, 87.42, 1570]
['2019-03-25 13:03:00', 87.46, 87.46, 87.46, 87.46, 238]
['2019-03-25 13:02:00', 87.43, 87.43, 87.425, 87.43, 2682]
['2019-03-25 13:01:00', 87.44, 87.44, 87.44, 87.44, 381]
['2019-03-25 13:00:00', 87.42, 87.42, 87.42, 87.42, 891]
['2019-03-25 12:59:00', 87.41, 87.41, 87.41, 87.41, 295]
['2019-03-25 12:58:00', 87.38, 87.395, 87.38, 87.395, 1642]
['2019-03-25 12:55:00', 87.35, 87.37, 87.35, 87.37, 760]
['2019-03-25 12:53:00', 87.32, 87.32, 87.32, 87.32, 324]
['2019-03-25 12:48:00', 87.3, 87.3, 87.3, 87.3, 664]
['2019-03-25 12:47:00', 87.26, 87.26, 87.26, 87.26, 1550]
['2019-03-25 12:45:00', 87.24, 87.27, 87.24, 87.27, 1417]
['2019-03-25 12:44:00', 87.19, 87.19, 87.19, 87.19, 196]
['2019-03-25 12:42:00', 87.28, 87.26, 87.26, 87.28, 694]
['2019-03-25 12:38:00', 87.29, 87.29, 87.29, 87.29, 445]
['2019-03-25 12:36:00', 87.39, 87.41, 87.39, 87.41, 1486]
['2019-03-25 12:34:00', 87.46, 87.46, 87.46, 87.46, 261]
['2019-03-25 12:32:00', 87.51, 87.51, 87.51, 87.51, 483]
['2019-03-25 12:31:00', 87.52, 87.52, 87.52, 87.52, 1347]
['2019-03-25 12:30:00', 87.5578, 87.5578, 87.5578, 87.5578, 611]
['2019-03-25 12:29:00', 87.54, 87.54, 87.54, 87.54, 1171]
['2019-03-25 12:23:00', 87.61, 87.61, 87.61, 87.61, 176]
['2019-03-25 12:20:00', 87.54, 87.54, 87.54, 87.54, 326]
['2019-03-25 12:19:00', 87.54, 87.54, 87.54, 87.54, 581]
['2019-03-25 12:17:00', 87.5526, 87.5526, 87.5526, 87.5526, 3348]
['2019-03-25 12:16:00', 87.54, 87.54, 87.54, 87.54, 556]
['2019-03-25 12:15:00', 87.53, 87.55, 87.53, 87.55, 1205]
['2019-03-25 12:14:00', 87.51, 87.51, 87.51, 87.51, 1731]
['2019-03-25 12:13:00', 87.54, 87.54, 87.54, 87.54, 371]
['2019-03-25 12:12:00', 87.6, 87.6, 87.6, 87.6, 710]
['2019-03-25 12:11:00', 87.57, 87.57, 87.57, 87.57, 569]
['2019-03-25 12:08:00', 87.64, 87.58, 87.58, 87.64, 609]
['2019-03-25 12:05:00', 87.55, 87.57, 87.55, 87.58, 1513]
['2019-03-25 12:03:00', 87.49, 87.47, 87.47, 87.49, 1105]
['2019-03-25 12:02:00', 87.51, 87.51, 87.51, 87.51, 641]
['2019-03-25 11:58:00', 87.52, 87.52, 87.52, 87.52, 901]
['2019-03-25 11:57:00', 87.53, 87.53, 87.53, 87.53, 266]
['2019-03-25 11:54:00', 87.47, 87.5, 87.47, 87.5, 1612]
['2019-03-25 11:53:00', 87.5, 87.5, 87.5, 87.5, 654]
['2019-03-25 11:52:00', 87.54, 87.54, 87.54, 87.54, 389]
['2019-03-25 11:51:00', 87.53, 87.53, 87.53, 87.53, 479]
['2019-03-25 11:50:00', 87.57, 87.57, 87.57, 87.57, 594]
['2019-03-25 11:48:00', 87.63, 87.63, 87.63, 87.63, 207]
['2019-03-25 11:47:00', 87.61, 87.61, 87.61, 87.61, 826]
['2019-03-25 11:46:00', 87.58, 87.58, 87.58, 87.58, 554]
['2019-03-25 11:45:00', 87.545, 87.545, 87.545, 87.545, 273]
['2019-03-25 11:44:00', 87.57, 87.57, 87.57, 87.57, 115]
['2019-03-25 11:41:00', 87.56, 87.6, 87.56, 87.6, 835]
['2019-03-25 11:38:00', 87.675, 87.67, 87.67, 87.675, 1406]
['2019-03-25 11:37:00', 87.65, 87.65, 87.65, 87.65, 700]
['2019-03-25 11:36:00', 87.72, 87.72, 87.72, 87.72, 425]
['2019-03-25 11:35:00', 87.7407, 87.7407, 87.7407, 87.7407, 550]
['2019-03-25 11:34:00', 87.78, 87.78, 87.78, 87.78, 828]
['2019-03-25 11:32:00', 87.82, 87.82, 87.82, 87.82, 145]
['2019-03-25 11:31:00', 87.775, 87.795, 87.775, 87.795, 2129]
['2019-03-25 11:28:00', 87.6, 87.75, 87.6, 87.75, 6186]
['2019-03-25 11:26:00', 87.58, 87.645, 87.58, 87.645, 922]
['2019-03-25 11:24:00', 87.55, 87.61, 87.55, 87.61, 1697]
['2019-03-25 11:23:00', 87.59, 87.59, 87.59, 87.59, 1485]
['2019-03-25 11:22:00', 87.71, 87.66, 87.66, 87.71, 1192]
['2019-03-25 11:20:00', 87.595, 87.595, 87.595, 87.595, 257]
['2019-03-25 11:19:00', 87.625, 87.625, 87.625, 87.625, 1120]
['2019-03-25 11:18:00', 87.68, 87.63, 87.63, 87.68, 1552]
['2019-03-25 11:16:00', 87.64, 87.64, 87.64, 87.64, 358]
['2019-03-25 11:15:00', 87.53, 87.55, 87.53, 87.55, 1698]
['2019-03-25 11:14:00', 87.49, 87.49, 87.49, 87.49, 489]
['2019-03-25 11:13:00', 87.47, 87.49, 87.47, 87.49, 1958]
['2019-03-25 11:11:00', 87.54, 87.51, 87.51, 87.54, 1768]
['2019-03-25 11:08:00', 87.52, 87.52, 87.52, 87.52, 524]
['2019-03-25 11:06:00', 87.48, 87.48, 87.48, 87.48, 1595]
['2019-03-25 11:05:00', 87.49, 87.49, 87.46, 87.49, 1711]
['2019-03-25 11:03:00', 87.56, 87.56, 87.56, 87.56, 291]
['2019-03-25 11:02:00', 87.575, 87.55, 87.55, 87.575, 1837]
['2019-03-25 11:01:00', 87.53, 87.53, 87.53, 87.53, 1266]
['2019-03-25 10:59:00', 87.63, 87.58, 87.58, 87.63, 1020]
['2019-03-25 10:58:00', 87.57, 87.57, 87.57, 87.57, 733]
['2019-03-25 10:57:00', 87.65, 87.65, 87.65, 87.65, 603]
['2019-03-25 10:55:00', 87.71, 87.71, 87.71, 87.71, 438]
['2019-03-25 10:54:00', 87.62, 87.62, 87.62, 87.62, 517]
['2019-03-25 10:53:00', 87.65, 87.65, 87.65, 87.65, 760]
['2019-03-25 10:51:00', 87.55, 87.55, 87.55, 87.55, 1265]
['2019-03-25 10:50:00', 87.49, 87.49, 87.49, 87.49, 409]
['2019-03-25 10:47:00', 87.45, 87.45, 87.45, 87.45, 864]
['2019-03-25 10:46:00', 87.46, 87.46, 87.46, 87.46, 271]
['2019-03-25 10:45:00', 87.41, 87.41, 87.41, 87.41, 187]
['2019-03-25 10:44:00', 87.3575, 87.3575, 87.3575, 87.3575, 1016]
['2019-03-25 10:43:00', 87.38, 87.38, 87.38, 87.38, 1073]
['2019-03-25 10:42:00', 87.38, 87.39, 87.38, 87.39, 1964]
['2019-03-25 10:41:00', 87.4, 87.38, 87.38, 87.4, 1807]
['2019-03-25 10:40:00', 87.37, 87.42, 87.37, 87.42, 3039]
['2019-03-25 10:39:00', 87.44, 87.43, 87.43, 87.44, 2610]
['2019-03-25 10:38:00', 87.44, 87.44, 87.44, 87.44, 1522]
['2019-03-25 10:37:00', 87.385, 87.385, 87.385, 87.385, 1741]
['2019-03-25 10:36:00', 87.46, 87.44, 87.44, 87.46, 2706]
['2019-03-25 10:35:00', 87.46, 87.4, 87.4, 87.46, 1962]
['2019-03-25 10:33:00', 87.51, 87.51, 87.51, 87.51, 221]
['2019-03-25 10:32:00', 87.355, 87.355, 87.355, 87.355, 107]
['2019-03-25 10:31:00', 87.295, 87.295, 87.295, 87.295, 926]
['2019-03-25 10:29:00', 87.4, 87.23, 87.23, 87.4, 2805]
['2019-03-25 10:27:00', 87.33, 87.33, 87.33, 87.33, 313]
['2019-03-25 10:25:00', 87.31, 87.41, 87.31, 87.41, 1575]
['2019-03-25 10:23:00', 87.42, 87.4, 87.4, 87.42, 920]
['2019-03-25 10:21:00', 87.385, 87.385, 87.385, 87.385, 600]
['2019-03-25 10:20:00', 87.36, 87.36, 87.36, 87.36, 645]
['2019-03-25 10:18:00', 87.47, 87.46, 87.46, 87.47, 1310]
['2019-03-25 10:16:00', 87.505, 87.505, 87.505, 87.505, 402]
['2019-03-25 10:15:00', 87.45, 87.45, 87.45, 87.45, 338]
['2019-03-25 10:13:00', 87.35, 87.35, 87.35, 87.35, 124]
['2019-03-25 10:09:00', 87.42, 87.42, 87.42, 87.42, 726]
['2019-03-25 10:07:00', 87.53, 87.465, 87.465, 87.53, 1147]
['2019-03-25 10:05:00', 87.42, 87.42, 87.42, 87.42, 342]
['2019-03-25 10:02:00', 87.44, 87.44, 87.44, 87.44, 934]
['2019-03-25 10:00:00', 87.49, 87.49, 87.49, 87.49, 445]
['2019-03-25 09:56:00', 87.27, 87.29, 87.27, 87.29, 1139]
['2019-03-25 09:55:00', 87.42, 87.42, 87.42, 87.42, 712]
['2019-03-25 09:54:00', 87.55, 87.55, 87.55, 87.55, 1500]
['2019-03-25 09:53:00', 87.51, 87.58, 87.4, 87.58, 4832]
['2019-03-25 09:51:00', 87.3638, 87.3638, 87.3638, 87.3638, 328]
['2019-03-25 09:49:00', 87.37, 87.37, 87.37, 87.37, 2505]
['2019-03-25 09:48:00', 87.27, 87.27, 87.27, 87.27, 519]
['2019-03-25 09:47:00', 87.31, 87.31, 87.31, 87.31, 1391]
['2019-03-25 09:46:00', 87.3, 87.3, 87.3, 87.3, 801]
['2019-03-25 09:45:00', 87.4, 87.4, 87.4, 87.4, 846]
['2019-03-25 09:44:00', 87.34, 87.34, 87.34, 87.34, 187]
['2019-03-25 09:42:00', 87.49, 87.49, 87.49, 87.49, 880]
['2019-03-25 09:40:00', 87.6, 87.58, 87.58, 87.6, 2016]
['2019-03-25 09:39:00', 87.45, 87.45, 87.45, 87.45, 2524]
['2019-03-25 09:38:00', 87.52, 87.4, 87.4, 87.52, 2313]
['2019-03-25 09:36:00', 87.56, 87.56, 87.56, 87.56, 422]
['2019-03-25 09:35:00', 87.37, 87.34, 87.34, 87.37, 1954]
['2019-03-25 09:34:00', 87.33, 87.34, 87.33, 87.34, 1155]
['2019-03-25 09:32:00', 87.41, 87.41, 87.41, 87.41, 128]
['2019-03-25 09:31:00', 87.52, 87.52, 87.52, 87.52, 0]
