ACRX
['2019-03-29 16:00:00', 3.475, 3.47, 3.47, 3.48, 47947]
['2019-03-29 15:59:00', 3.47, 3.4708, 3.47, 3.48, 11242]
['2019-03-29 15:58:00', 3.475, 3.475, 3.47, 3.48, 10150]
['2019-03-29 15:57:00', 3.47, 3.4716, 3.47, 3.4792, 14162]
['2019-03-29 15:56:00', 3.47, 3.4743, 3.47, 3.475, 5291]
['2019-03-29 15:55:00', 3.48, 3.475, 3.475, 3.48, 1940]
['2019-03-29 15:54:00', 3.475, 3.475, 3.47, 3.4799, 7485]
['2019-03-29 15:53:00', 3.4746, 3.475, 3.47, 3.48, 24280]
['2019-03-29 15:52:00', 3.48, 3.475, 3.47, 3.49, 60483]
['2019-03-29 15:51:00', 3.485, 3.48, 3.48, 3.49, 6803]
['2019-03-29 15:50:00', 3.48, 3.49, 3.48, 3.49, 3513]
['2019-03-29 15:49:00', 3.485, 3.48, 3.48, 3.485, 10703]
['2019-03-29 15:48:00', 3.49, 3.485, 3.485, 3.49, 22548]
['2019-03-29 15:47:00', 3.5, 3.49, 3.49, 3.505, 14062]
['2019-03-29 15:46:00', 3.5, 3.501, 3.495, 3.5078, 24235]
['2019-03-29 15:45:00', 3.4945, 3.5, 3.4945, 3.5, 402]
['2019-03-29 15:44:00', 3.49, 3.4901, 3.49, 3.4901, 617]
['2019-03-29 15:43:00', 3.49, 3.49, 3.49, 3.49, 941]
['2019-03-29 15:42:00', 3.505, 3.49, 3.49, 3.505, 23142]
['2019-03-29 15:41:00', 3.5041, 3.5016, 3.5, 3.505, 10744]
['2019-03-29 15:40:00', 3.509, 3.51, 3.509, 3.51, 280]
['2019-03-29 15:39:00', 3.505, 3.505, 3.505, 3.505, 200]
['2019-03-29 15:38:00', 3.4988, 3.5, 3.4958, 3.5042, 9145]
['2019-03-29 15:37:00', 3.505, 3.4951, 3.495, 3.505, 9711]
['2019-03-29 15:36:00', 3.51, 3.505, 3.505, 3.51, 1038]
['2019-03-29 15:35:00', 3.5099, 3.5099, 3.5099, 3.5099, 500]
['2019-03-29 15:34:00', 3.51, 3.5, 3.5, 3.51, 902]
['2019-03-29 15:33:00', 3.51, 3.5013, 3.5, 3.52, 16964]
['2019-03-29 15:32:00', 3.51, 3.505, 3.5, 3.51, 5606]
['2019-03-29 15:31:00', 3.4975, 3.5, 3.4975, 3.5, 2110]
['2019-03-29 15:30:00', 3.4936, 3.495, 3.4936, 3.495, 3068]
['2019-03-29 15:29:00', 3.5, 3.4933, 3.4901, 3.5, 2219]
['2019-03-29 15:28:00', 3.485, 3.4991, 3.4843, 3.5, 11670]
['2019-03-29 15:27:00', 3.49, 3.48, 3.48, 3.49, 2401]
['2019-03-29 15:26:00', 3.4854, 3.483, 3.483, 3.4854, 2900]
['2019-03-29 15:25:00', 3.48, 3.48, 3.48, 3.489, 1318]
['2019-03-29 15:24:00', 3.48, 3.4874, 3.48, 3.4874, 511]
['2019-03-29 15:23:00', 3.484, 3.484, 3.484, 3.484, 1500]
['2019-03-29 15:22:00', 3.48, 3.48, 3.48, 3.49, 2973]
['2019-03-29 15:21:00', 3.48, 3.484, 3.48, 3.4853, 2815]
['2019-03-29 15:20:00', 3.485, 3.48, 3.48, 3.485, 1300]
['2019-03-29 15:19:00', 3.485, 3.4862, 3.485, 3.4862, 663]
['2019-03-29 15:18:00', 3.4809, 3.48, 3.48, 3.4809, 4960]
['2019-03-29 15:17:00', 3.48, 3.48, 3.48, 3.48, 165]
['2019-03-29 15:16:00', 3.4812, 3.48, 3.48, 3.485, 8265]
['2019-03-29 15:15:00', 3.49, 3.485, 3.485, 3.49, 1435]
['2019-03-29 15:14:00', 3.49, 3.485, 3.481, 3.49, 2901]
['2019-03-29 15:13:00', 3.5, 3.49, 3.49, 3.5, 14730]
['2019-03-29 15:12:00', 3.4953, 3.492, 3.492, 3.4953, 688]
['2019-03-29 15:11:00', 3.4943, 3.4966, 3.4943, 3.4966, 3235]
['2019-03-29 15:10:00', 3.505, 3.4999, 3.481, 3.505, 23182]
['2019-03-29 15:09:00', 3.5056, 3.505, 3.505, 3.5056, 3300]
['2019-03-29 15:08:00', 3.5027, 3.5014, 3.5014, 3.5027, 602]
['2019-03-29 15:07:00', 3.5, 3.5043, 3.5, 3.5043, 6246]
['2019-03-29 15:06:00', 3.51, 3.5099, 3.5, 3.51, 3920]
['2019-03-29 15:05:00', 3.5149, 3.51, 3.51, 3.5149, 2550]
['2019-03-29 15:04:00', 3.5162, 3.515, 3.5149, 3.5176, 4150]
['2019-03-29 15:03:00', 3.51, 3.51, 3.51, 3.51, 200]
['2019-03-29 15:02:00', 3.51, 3.5177, 3.51, 3.52, 3266]
['2019-03-29 15:01:00', 3.51, 3.5026, 3.5, 3.51, 24624]
['2019-03-29 15:00:00', 3.525, 3.5, 3.5, 3.525, 13170]
['2019-03-29 14:59:00', 3.5245, 3.528, 3.5245, 3.528, 5377]
['2019-03-29 14:58:00', 3.5298, 3.5235, 3.5234, 3.53, 9562]
['2019-03-29 14:57:00', 3.53, 3.53, 3.53, 3.53, 1680]
['2019-03-29 14:56:00', 3.536, 3.5351, 3.53, 3.54, 9234]
['2019-03-29 14:55:00', 3.52, 3.53, 3.52, 3.5399, 48508]
['2019-03-29 14:54:00', 3.489, 3.52, 3.489, 3.52, 23988]
['2019-03-29 14:53:00', 3.4866, 3.48, 3.48, 3.49, 4271]
['2019-03-29 14:52:00', 3.4888, 3.4801, 3.48, 3.49, 15247]
['2019-03-29 14:51:00', 3.48, 3.4838, 3.48, 3.49, 4751]
['2019-03-29 14:50:00', 3.49, 3.485, 3.485, 3.497, 23317]
['2019-03-29 14:49:00', 3.5, 3.49, 3.49, 3.505, 23596]
['2019-03-29 14:48:00', 3.5103, 3.5, 3.5, 3.517, 35843]
['2019-03-29 14:47:00', 3.5243, 3.5101, 3.51, 3.53, 32579]
['2019-03-29 14:46:00', 3.53, 3.5213, 3.52, 3.535, 7038]
['2019-03-29 14:45:00', 3.53, 3.53, 3.53, 3.5399, 4300]
['2019-03-29 14:44:00', 3.52, 3.5262, 3.52, 3.53, 16953]
['2019-03-29 14:43:00', 3.52, 3.525, 3.51, 3.53, 17443]
['2019-03-29 14:42:00', 3.51, 3.51, 3.5001, 3.52, 28353]
['2019-03-29 14:41:00', 3.495, 3.52, 3.49, 3.52, 113446]
['2019-03-29 14:40:00', 3.4895, 3.49, 3.4895, 3.5, 22833]
['2019-03-29 14:39:00', 3.48, 3.4896, 3.4764, 3.4896, 8246]
['2019-03-29 14:38:00', 3.46, 3.4825, 3.4572, 3.49, 60771]
['2019-03-29 14:37:00', 3.4498, 3.4599, 3.4461, 3.4599, 66916]
['2019-03-29 14:36:00', 3.4485, 3.45, 3.44, 3.45, 4514]
['2019-03-29 14:35:00', 3.44, 3.445, 3.44, 3.45, 5314]
['2019-03-29 14:34:00', 3.435, 3.44, 3.435, 3.44, 2000]
['2019-03-29 14:33:00', 3.4316, 3.435, 3.43, 3.435, 14547]
['2019-03-29 14:32:00', 3.43, 3.43, 3.43, 3.43, 2274]
['2019-03-29 14:31:00', 3.425, 3.43, 3.421, 3.43, 35871]
['2019-03-29 14:30:00', 3.43, 3.42, 3.42, 3.43, 5248]
['2019-03-29 14:29:00', 3.4296, 3.4248, 3.4248, 3.43, 3415]
['2019-03-29 14:28:00', 3.425, 3.425, 3.423, 3.4265, 3500]
['2019-03-29 14:27:00', 3.42, 3.4288, 3.42, 3.43, 10794]
['2019-03-29 14:26:00', 3.4299, 3.4299, 3.4299, 3.4299, 808]
['2019-03-29 14:24:00', 3.4199, 3.42, 3.4199, 3.42, 7715]
['2019-03-29 14:23:00', 3.395, 3.415, 3.39, 3.42, 54393]
['2019-03-29 14:22:00', 3.3966, 3.3966, 3.3966, 3.3966, 2050]
['2019-03-29 14:21:00', 3.395, 3.395, 3.395, 3.395, 101]
['2019-03-29 14:20:00', 3.4, 3.4, 3.4, 3.4, 1000]
['2019-03-29 14:19:00', 3.3922, 3.3922, 3.3922, 3.3922, 2559]
['2019-03-29 14:18:00', 3.395, 3.3924, 3.3924, 3.4, 7390]
['2019-03-29 14:17:00', 3.39, 3.395, 3.39, 3.3966, 5600]
['2019-03-29 14:16:00', 3.395, 3.395, 3.395, 3.395, 118]
['2019-03-29 14:15:00', 3.3984, 3.395, 3.395, 3.3984, 602]
['2019-03-29 14:14:00', 3.3985, 3.39, 3.39, 3.4, 3350]
['2019-03-29 14:13:00', 3.395, 3.395, 3.395, 3.395, 200]
['2019-03-29 14:12:00', 3.39, 3.3925, 3.39, 3.395, 48632]
['2019-03-29 14:11:00', 3.385, 3.385, 3.385, 3.385, 120]
['2019-03-29 14:10:00', 3.385, 3.385, 3.385, 3.385, 999]
['2019-03-29 14:09:00', 3.385, 3.385, 3.385, 3.385, 1485]
['2019-03-29 14:08:00', 3.38, 3.3822, 3.38, 3.385, 4622]
['2019-03-29 14:07:00', 3.38, 3.375, 3.375, 3.38, 2370]
['2019-03-29 14:06:00', 3.385, 3.385, 3.385, 3.385, 270]
['2019-03-29 14:05:00', 3.38, 3.385, 3.38, 3.3867, 1300]
['2019-03-29 14:04:00', 3.39, 3.39, 3.39, 3.39, 1000]
['2019-03-29 14:03:00', 3.3801, 3.385, 3.3801, 3.385, 6170]
['2019-03-29 14:02:00', 3.385, 3.38, 3.38, 3.385, 700]
['2019-03-29 14:01:00', 3.385, 3.385, 3.385, 3.39, 400]
['2019-03-29 13:59:00', 3.3807, 3.385, 3.3807, 3.385, 1901]
['2019-03-29 13:58:00', 3.39, 3.39, 3.383, 3.39, 11252]
['2019-03-29 13:57:00', 3.3875, 3.3801, 3.3801, 3.3875, 1600]
['2019-03-29 13:56:00', 3.39, 3.39, 3.39, 3.39, 200]
['2019-03-29 13:55:00', 3.38, 3.39, 3.38, 3.39, 5638]
['2019-03-29 13:53:00', 3.38, 3.38, 3.38, 3.38, 100]
['2019-03-29 13:50:00', 3.3784, 3.3784, 3.3784, 3.3784, 5141]
['2019-03-29 13:49:00', 3.3852, 3.373, 3.373, 3.3868, 10149]
['2019-03-29 13:48:00', 3.38, 3.38, 3.38, 3.39, 3100]
['2019-03-29 13:47:00', 3.385, 3.375, 3.37, 3.385, 9020]
['2019-03-29 13:46:00', 3.385, 3.38, 3.38, 3.389, 3202]
['2019-03-29 13:45:00', 3.38, 3.389, 3.38, 3.389, 6781]
['2019-03-29 13:44:00', 3.38, 3.38, 3.38, 3.38, 4349]
['2019-03-29 13:43:00', 3.3763, 3.3787, 3.3763, 3.38, 4000]
['2019-03-29 13:42:00', 3.375, 3.3742, 3.3701, 3.3773, 12575]
['2019-03-29 13:41:00', 3.385, 3.3721, 3.3721, 3.385, 23273]
['2019-03-29 13:40:00', 3.395, 3.385, 3.38, 3.395, 11391]
['2019-03-29 13:39:00', 3.3949, 3.3932, 3.39, 3.4, 2782]
['2019-03-29 13:38:00', 3.4, 3.391, 3.391, 3.4, 10873]
['2019-03-29 13:37:00', 3.3939, 3.395, 3.39, 3.395, 6475]
['2019-03-29 13:36:00', 3.395, 3.395, 3.3932, 3.395, 2911]
['2019-03-29 13:35:00', 3.395, 3.395, 3.395, 3.4, 5522]
['2019-03-29 13:34:00', 3.3992, 3.3992, 3.3992, 3.3992, 1034]
['2019-03-29 13:33:00', 3.3961, 3.395, 3.395, 3.4, 9825]
['2019-03-29 13:32:00', 3.39, 3.395, 3.39, 3.395, 6560]
['2019-03-29 13:31:00', 3.385, 3.3858, 3.38, 3.3893, 890]
['2019-03-29 13:30:00', 3.3768, 3.385, 3.37, 3.385, 17535]
['2019-03-29 13:29:00', 3.375, 3.375, 3.375, 3.375, 125]
['2019-03-29 13:28:00', 3.375, 3.375, 3.36, 3.375, 17307]
['2019-03-29 13:27:00', 3.375, 3.375, 3.371, 3.3798, 9800]
['2019-03-29 13:26:00', 3.37, 3.37, 3.37, 3.375, 403]
['2019-03-29 13:25:00', 3.35, 3.37, 3.35, 3.3784, 37585]
['2019-03-29 13:24:00', 3.3456, 3.35, 3.3456, 3.35, 2547]
['2019-03-29 13:23:00', 3.3444, 3.3444, 3.3444, 3.3444, 340]
['2019-03-29 13:22:00', 3.35, 3.35, 3.35, 3.35, 200]
['2019-03-29 13:21:00', 3.345, 3.345, 3.345, 3.345, 100]
['2019-03-29 13:20:00', 3.35, 3.35, 3.35, 3.35, 305]
['2019-03-29 13:18:00', 3.3301, 3.34, 3.33, 3.34, 12738]
['2019-03-29 13:17:00', 3.33, 3.34, 3.33, 3.34, 10518]
['2019-03-29 13:16:00', 3.335, 3.335, 3.335, 3.335, 100]
['2019-03-29 13:15:00', 3.335, 3.335, 3.335, 3.335, 101]
['2019-03-29 13:14:00', 3.34, 3.3387, 3.3387, 3.34, 1248]
['2019-03-29 13:13:00', 3.3389, 3.3389, 3.3389, 3.3389, 1100]
['2019-03-29 13:12:00', 3.33, 3.33, 3.33, 3.33, 270]
['2019-03-29 13:10:00', 3.3364, 3.3338, 3.3338, 3.3392, 1408]
['2019-03-29 13:08:00', 3.34, 3.34, 3.34, 3.345, 6308]
['2019-03-29 13:07:00', 3.3401, 3.34, 3.34, 3.35, 10937]
['2019-03-29 13:06:00', 3.34, 3.341, 3.3399, 3.35, 10731]
['2019-03-29 13:03:00', 3.34, 3.34, 3.34, 3.34, 284]
['2019-03-29 13:02:00', 3.3386, 3.3386, 3.3386, 3.3386, 955]
['2019-03-29 12:59:00', 3.34, 3.34, 3.335, 3.34, 30069]
['2019-03-29 12:58:00', 3.35, 3.335, 3.33, 3.35, 21073]
['2019-03-29 12:57:00', 3.345, 3.35, 3.345, 3.35, 358]
['2019-03-29 12:56:00', 3.335, 3.35, 3.335, 3.35, 6168]
['2019-03-29 12:55:00', 3.335, 3.335, 3.335, 3.335, 100]
['2019-03-29 12:54:00', 3.335, 3.335, 3.335, 3.335, 506]
['2019-03-29 12:53:00', 3.34, 3.34, 3.34, 3.34, 3083]
['2019-03-29 12:52:00', 3.34, 3.34, 3.34, 3.34, 184]
['2019-03-29 12:50:00', 3.335, 3.335, 3.335, 3.335, 2047]
['2019-03-29 12:49:00', 3.3351, 3.3351, 3.3351, 3.3351, 233]
['2019-03-29 12:48:00', 3.335, 3.335, 3.335, 3.335, 115]
['2019-03-29 12:47:00', 3.3379, 3.3352, 3.335, 3.3379, 3642]
['2019-03-29 12:46:00', 3.335, 3.34, 3.335, 3.34, 2311]
['2019-03-29 12:44:00', 3.3301, 3.335, 3.3301, 3.3356, 6853]
['2019-03-29 12:43:00', 3.3301, 3.3305, 3.3301, 3.34, 14300]
['2019-03-29 12:42:00', 3.3232, 3.335, 3.3232, 3.335, 3694]
['2019-03-29 12:41:00', 3.33, 3.33, 3.325, 3.33, 1214]
['2019-03-29 12:40:00', 3.33, 3.33, 3.33, 3.33, 1710]
['2019-03-29 12:39:00', 3.34, 3.325, 3.32, 3.34, 15658]
['2019-03-29 12:38:00', 3.34, 3.3301, 3.3301, 3.34, 4676]
['2019-03-29 12:37:00', 3.325, 3.3375, 3.325, 3.34, 15539]
['2019-03-29 12:35:00', 3.32, 3.325, 3.32, 3.325, 7098]
['2019-03-29 12:34:00', 3.32, 3.32, 3.31, 3.32, 15892]
['2019-03-29 12:33:00', 3.31, 3.32, 3.31, 3.32, 12500]
['2019-03-29 12:31:00', 3.32, 3.32, 3.31, 3.32, 1361]
['2019-03-29 12:28:00', 3.3158, 3.3152, 3.3152, 3.3158, 659]
['2019-03-29 12:26:00', 3.3167, 3.3198, 3.315, 3.32, 1242]
['2019-03-29 12:25:00', 3.315, 3.318, 3.315, 3.32, 305]
['2019-03-29 12:24:00', 3.31, 3.32, 3.31, 3.32, 3243]
['2019-03-29 12:23:00', 3.31, 3.31, 3.31, 3.31, 8178]
['2019-03-29 12:19:00', 3.305, 3.305, 3.305, 3.305, 1205]
['2019-03-29 12:17:00', 3.305, 3.305, 3.305, 3.305, 376]
['2019-03-29 12:15:00', 3.3078, 3.3078, 3.3078, 3.3078, 102]
['2019-03-29 12:14:00', 3.3099, 3.3099, 3.3099, 3.3099, 1850]
['2019-03-29 12:12:00', 3.305, 3.307, 3.305, 3.307, 592]
['2019-03-29 12:11:00', 3.31, 3.31, 3.305, 3.31, 700]
['2019-03-29 12:07:00', 3.31, 3.31, 3.31, 3.31, 292]
['2019-03-29 12:05:00', 3.3038, 3.3077, 3.3038, 3.3077, 3100]
['2019-03-29 12:04:00', 3.3099, 3.3084, 3.3084, 3.3099, 1889]
['2019-03-29 12:02:00', 3.305, 3.31, 3.3, 3.31, 8386]
['2019-03-29 12:01:00', 3.305, 3.3, 3.3, 3.3099, 4664]
['2019-03-29 12:00:00', 3.31, 3.31, 3.3033, 3.31, 2624]
['2019-03-29 11:59:00', 3.31, 3.3099, 3.3099, 3.31, 2119]
['2019-03-29 11:58:00', 3.31, 3.31, 3.3073, 3.31, 3800]
['2019-03-29 11:57:00', 3.31, 3.31, 3.31, 3.31, 824]
['2019-03-29 11:56:00', 3.31, 3.31, 3.3, 3.31, 8100]
['2019-03-29 11:55:00', 3.305, 3.305, 3.305, 3.305, 101]
['2019-03-29 11:54:00', 3.3, 3.3091, 3.3, 3.31, 1850]
['2019-03-29 11:53:00', 3.31, 3.31, 3.31, 3.31, 205]
['2019-03-29 11:52:00', 3.3, 3.305, 3.3, 3.305, 692]
['2019-03-29 11:49:00', 3.3097, 3.3097, 3.3097, 3.3097, 3700]
['2019-03-29 11:48:00', 3.31, 3.31, 3.31, 3.31, 210]
['2019-03-29 11:47:00', 3.3099, 3.3099, 3.3099, 3.3099, 306]
['2019-03-29 11:46:00', 3.305, 3.305, 3.305, 3.305, 103]
['2019-03-29 11:44:00', 3.3077, 3.31, 3.3077, 3.31, 1328]
['2019-03-29 11:43:00', 3.3122, 3.315, 3.3, 3.315, 11218]
['2019-03-29 11:41:00', 3.3113, 3.3113, 3.3113, 3.3113, 596]
['2019-03-29 11:40:00', 3.3193, 3.32, 3.3193, 3.32, 5313]
['2019-03-29 11:39:00', 3.315, 3.32, 3.315, 3.32, 1863]
['2019-03-29 11:37:00', 3.3153, 3.3153, 3.3153, 3.3153, 810]
['2019-03-29 11:36:00', 3.32, 3.32, 3.32, 3.32, 430]
['2019-03-29 11:35:00', 3.313, 3.313, 3.313, 3.313, 600]
['2019-03-29 11:34:00', 3.32, 3.32, 3.31, 3.32, 1357]
['2019-03-29 11:33:00', 3.32, 3.315, 3.315, 3.32, 502]
['2019-03-29 11:32:00', 3.32, 3.32, 3.32, 3.325, 4627]
['2019-03-29 11:30:00', 3.32, 3.32, 3.32, 3.32, 2800]
['2019-03-29 11:27:00', 3.3157, 3.3157, 3.3157, 3.3157, 616]
['2019-03-29 11:26:00', 3.325, 3.31, 3.31, 3.325, 5793]
['2019-03-29 11:25:00', 3.32, 3.3225, 3.315, 3.325, 10256]
['2019-03-29 11:24:00', 3.3101, 3.315, 3.3101, 3.3196, 5110]
['2019-03-29 11:23:00', 3.31, 3.31, 3.31, 3.31, 500]
['2019-03-29 11:22:00', 3.31, 3.31, 3.31, 3.31, 125]
['2019-03-29 11:21:00', 3.3141, 3.3141, 3.3141, 3.3141, 457]
['2019-03-29 11:20:00', 3.31, 3.3133, 3.31, 3.319, 3808]
['2019-03-29 11:19:00', 3.3101, 3.31, 3.31, 3.3101, 4256]
['2019-03-29 11:18:00', 3.31, 3.3133, 3.31, 3.3133, 608]
['2019-03-29 11:17:00', 3.3113, 3.3113, 3.3113, 3.3113, 575]
['2019-03-29 11:16:00', 3.305, 3.31, 3.3042, 3.31, 2809]
['2019-03-29 11:15:00', 3.3087, 3.3087, 3.3087, 3.3087, 500]
['2019-03-29 11:14:00', 3.315, 3.315, 3.31, 3.315, 4275]
['2019-03-29 11:13:00', 3.3101, 3.3166, 3.3101, 3.3166, 16600]
['2019-03-29 11:12:00', 3.31, 3.315, 3.31, 3.315, 1569]
['2019-03-29 11:11:00', 3.29, 3.315, 3.29, 3.315, 34234]
['2019-03-29 11:10:00', 3.2899, 3.2899, 3.2899, 3.2899, 1502]
['2019-03-29 11:09:00', 3.29, 3.29, 3.29, 3.29, 110]
['2019-03-29 11:08:00', 3.285, 3.28, 3.28, 3.285, 300]
['2019-03-29 11:07:00', 3.285, 3.285, 3.285, 3.285, 100]
['2019-03-29 11:06:00', 3.285, 3.28, 3.28, 3.2898, 8253]
['2019-03-29 11:05:00', 3.28, 3.28, 3.28, 3.28, 200]
['2019-03-29 11:04:00', 3.2791, 3.275, 3.275, 3.2799, 3450]
['2019-03-29 11:01:00', 3.275, 3.28, 3.275, 3.28, 934]
['2019-03-29 11:00:00', 3.2784, 3.28, 3.2706, 3.28, 776]
['2019-03-29 10:59:00', 3.28, 3.28, 3.28, 3.28, 750]
['2019-03-29 10:58:00', 3.29, 3.2827, 3.28, 3.295, 6624]
['2019-03-29 10:56:00', 3.3, 3.2905, 3.2905, 3.3, 2304]
['2019-03-29 10:55:00', 3.2944, 3.2959, 3.29, 3.2959, 2658]
['2019-03-29 10:53:00', 3.2988, 3.2988, 3.2988, 3.2988, 1000]
['2019-03-29 10:52:00', 3.3065, 3.3, 3.3, 3.3065, 7226]
['2019-03-29 10:51:00', 3.31, 3.305, 3.3, 3.31, 1200]
['2019-03-29 10:50:00', 3.3072, 3.3072, 3.3072, 3.3072, 2051]
['2019-03-29 10:49:00', 3.31, 3.305, 3.3005, 3.31, 4169]
['2019-03-29 10:48:00', 3.3002, 3.3002, 3.3002, 3.3002, 100]
['2019-03-29 10:47:00', 3.3, 3.3, 3.3, 3.3, 100]
['2019-03-29 10:46:00', 3.305, 3.3, 3.3, 3.305, 550]
['2019-03-29 10:45:00', 3.3046, 3.3013, 3.3013, 3.3046, 1345]
['2019-03-29 10:44:00', 3.31, 3.31, 3.31, 3.31, 350]
['2019-03-29 10:43:00', 3.305, 3.3011, 3.3011, 3.305, 1602]
['2019-03-29 10:42:00', 3.3, 3.3072, 3.3, 3.3072, 3187]
['2019-03-29 10:41:00', 3.3, 3.3043, 3.3, 3.3043, 1600]
['2019-03-29 10:38:00', 3.3, 3.299, 3.299, 3.305, 3252]
['2019-03-29 10:36:00', 3.3034, 3.3034, 3.3034, 3.3034, 722]
['2019-03-29 10:35:00', 3.295, 3.3, 3.295, 3.3, 2128]
['2019-03-29 10:34:00', 3.295, 3.295, 3.295, 3.295, 200]
['2019-03-29 10:32:00', 3.2917, 3.2951, 3.2913, 3.2951, 4235]
['2019-03-29 10:31:00', 3.269, 3.2922, 3.269, 3.3, 81475]
['2019-03-29 10:30:00', 3.26, 3.26, 3.26, 3.26, 1000]
['2019-03-29 10:29:00', 3.275, 3.2666, 3.2666, 3.275, 2752]
['2019-03-29 10:27:00', 3.275, 3.275, 3.275, 3.275, 308]
['2019-03-29 10:26:00', 3.27, 3.27, 3.2698, 3.27, 17196]
['2019-03-29 10:25:00', 3.265, 3.265, 3.265, 3.265, 100]
['2019-03-29 10:24:00', 3.26, 3.26, 3.26, 3.26, 331]
['2019-03-29 10:23:00', 3.27, 3.2688, 3.2688, 3.27, 1400]
['2019-03-29 10:22:00', 3.29, 3.27, 3.26, 3.29, 39146]
['2019-03-29 10:21:00', 3.291, 3.29, 3.29, 3.291, 1282]
['2019-03-29 10:20:00', 3.325, 3.3, 3.3, 3.325, 37797]
['2019-03-29 10:18:00', 3.329, 3.329, 3.329, 3.329, 142]
['2019-03-29 10:17:00', 3.329, 3.329, 3.329, 3.329, 198]
['2019-03-29 10:16:00', 3.325, 3.325, 3.325, 3.325, 223]
['2019-03-29 10:15:00', 3.32, 3.325, 3.32, 3.33, 1174]
['2019-03-29 10:14:00', 3.3, 3.315, 3.3, 3.32, 70191]
['2019-03-29 10:13:00', 3.31, 3.31, 3.31, 3.31, 1000]
['2019-03-29 10:12:00', 3.31, 3.3099, 3.3099, 3.31, 509]
['2019-03-29 10:11:00', 3.32, 3.31, 3.31, 3.325, 4512]
['2019-03-29 10:10:00', 3.32, 3.32, 3.32, 3.32, 2365]
['2019-03-29 10:09:00', 3.3216, 3.3216, 3.3216, 3.3216, 839]
['2019-03-29 10:08:00', 3.32, 3.3279, 3.32, 3.33, 7005]
['2019-03-29 10:07:00', 3.32, 3.32, 3.31, 3.32, 400]
['2019-03-29 10:06:00', 3.3039, 3.31, 3.3039, 3.31, 3436]
['2019-03-29 10:05:00', 3.305, 3.305, 3.305, 3.305, 225]
['2019-03-29 10:04:00', 3.3, 3.3, 3.3, 3.3, 210]
['2019-03-29 10:03:00', 3.3003, 3.3003, 3.3003, 3.3003, 2000]
['2019-03-29 10:02:00', 3.3, 3.3, 3.3, 3.3, 731]
['2019-03-29 10:01:00', 3.2865, 3.3, 3.284, 3.3, 3237]
['2019-03-29 10:00:00', 3.2786, 3.285, 3.2786, 3.285, 1975]
['2019-03-29 09:58:00', 3.28, 3.275, 3.275, 3.28, 1100]
['2019-03-29 09:57:00', 3.3001, 3.27, 3.27, 3.3001, 20375]
['2019-03-29 09:56:00', 3.31, 3.31, 3.31, 3.31, 116]
['2019-03-29 09:55:00', 3.3, 3.3, 3.3, 3.3, 115]
['2019-03-29 09:53:00', 3.28, 3.28, 3.28, 3.28, 268]
['2019-03-29 09:52:00', 3.289, 3.28, 3.28, 3.289, 1766]
['2019-03-29 09:51:00', 3.285, 3.28, 3.28, 3.2854, 1396]
['2019-03-29 09:50:00', 3.29, 3.29, 3.29, 3.2967, 2525]
['2019-03-29 09:49:00', 3.27, 3.285, 3.27, 3.2876, 9026]
['2019-03-29 09:48:00', 3.26, 3.27, 3.253, 3.27, 5210]
['2019-03-29 09:47:00', 3.26, 3.26, 3.26, 3.26, 100]
['2019-03-29 09:46:00', 3.2699, 3.2699, 3.2699, 3.2699, 1588]
['2019-03-29 09:45:00', 3.2535, 3.26, 3.25, 3.26, 5440]
['2019-03-29 09:44:00', 3.2435, 3.2532, 3.2417, 3.2532, 749]
['2019-03-29 09:43:00', 3.2429, 3.2499, 3.2429, 3.2499, 600]
['2019-03-29 09:42:00', 3.24, 3.25, 3.24, 3.25, 2716]
['2019-03-29 09:41:00', 3.24, 3.2375, 3.22, 3.24, 6051]
['2019-03-29 09:40:00', 3.24, 3.24, 3.24, 3.2465, 3210]
['2019-03-29 09:39:00', 3.24, 3.242, 3.24, 3.2499, 12693]
['2019-03-29 09:38:00', 3.26, 3.2481, 3.24, 3.26, 12907]
['2019-03-29 09:37:00', 3.27, 3.27, 3.27, 3.27, 121]
['2019-03-29 09:36:00', 3.2766, 3.2766, 3.2766, 3.2766, 156]
['2019-03-29 09:35:00', 3.28, 3.28, 3.28, 3.2826, 4055]
['2019-03-29 09:34:00', 3.28, 3.28, 3.28, 3.28, 389]
['2019-03-29 09:33:00', 3.3, 3.28, 3.28, 3.3, 17074]
['2019-03-29 09:32:00', 3.3259, 3.2989, 3.2989, 3.3259, 695]
['2019-03-29 09:31:00', 3.2901, 3.3182, 3.29, 3.3182, 43113]
['2019-03-28 16:00:00', 3.265, 3.28, 3.265, 3.28, 40546]
['2019-03-28 15:59:00', 3.26, 3.26, 3.26, 3.265, 3491]
['2019-03-28 15:58:00', 3.26, 3.26, 3.26, 3.2687, 3554]
['2019-03-28 15:57:00', 3.2685, 3.26, 3.26, 3.2685, 3450]
['2019-03-28 15:56:00', 3.27, 3.26, 3.26, 3.27, 14269]
['2019-03-28 15:55:00', 3.26, 3.26, 3.26, 3.2601, 5397]
['2019-03-28 15:54:00', 3.25, 3.25, 3.25, 3.25, 3037]
['2019-03-28 15:53:00', 3.25, 3.25, 3.25, 3.25, 600]
['2019-03-28 15:52:00', 3.25, 3.25, 3.25, 3.2525, 1833]
['2019-03-28 15:51:00', 3.25, 3.26, 3.25, 3.26, 500]
['2019-03-28 15:50:00', 3.255, 3.25, 3.25, 3.255, 1634]
['2019-03-28 15:49:00', 3.26, 3.25, 3.25, 3.26, 7393]
['2019-03-28 15:48:00', 3.26, 3.26, 3.26, 3.26, 100]
['2019-03-28 15:47:00', 3.26, 3.26, 3.26, 3.2601, 1497]
['2019-03-28 15:46:00', 3.26, 3.26, 3.26, 3.27, 2587]
['2019-03-28 15:45:00', 3.265, 3.26, 3.26, 3.265, 1448]
['2019-03-28 15:44:00', 3.2535, 3.265, 3.2535, 3.27, 7543]
['2019-03-28 15:43:00', 3.25, 3.25, 3.25, 3.25, 300]
['2019-03-28 15:42:00', 3.25, 3.25, 3.25, 3.25, 201]
['2019-03-28 15:41:00', 3.25, 3.25, 3.25, 3.25, 1400]
['2019-03-28 15:40:00', 3.25, 3.255, 3.25, 3.255, 488]
['2019-03-28 15:39:00', 3.26, 3.255, 3.255, 3.265, 5106]
['2019-03-28 15:38:00', 3.27, 3.26, 3.26, 3.27, 750]
['2019-03-28 15:37:00', 3.26, 3.265, 3.26, 3.265, 1482]
['2019-03-28 15:36:00', 3.26, 3.265, 3.26, 3.265, 6934]
['2019-03-28 15:35:00', 3.259, 3.259, 3.259, 3.259, 250]
['2019-03-28 15:32:00', 3.259, 3.2588, 3.2571, 3.26, 11440]
['2019-03-28 15:31:00', 3.26, 3.26, 3.26, 3.26, 1500]
['2019-03-28 15:30:00', 3.2592, 3.2581, 3.2566, 3.26, 6788]
['2019-03-28 15:29:00', 3.255, 3.2599, 3.255, 3.2599, 841]
['2019-03-28 15:28:00', 3.25, 3.2583, 3.25, 3.2583, 4900]
['2019-03-28 15:26:00', 3.245, 3.255, 3.245, 3.26, 2601]
['2019-03-28 15:24:00', 3.25, 3.245, 3.245, 3.25, 200]
['2019-03-28 15:21:00', 3.245, 3.245, 3.245, 3.245, 206]
['2019-03-28 15:20:00', 3.25, 3.25, 3.25, 3.25, 100]
['2019-03-28 15:19:00', 3.2454, 3.2479, 3.2454, 3.2479, 1800]
['2019-03-28 15:18:00', 3.24, 3.25, 3.24, 3.25, 600]
['2019-03-28 15:17:00', 3.25, 3.24, 3.24, 3.255, 9069]
['2019-03-28 15:15:00', 3.25, 3.25, 3.25, 3.25, 165]
['2019-03-28 15:14:00', 3.25, 3.25, 3.25, 3.25, 520]
['2019-03-28 15:10:00', 3.2545, 3.2595, 3.2545, 3.2595, 2300]
['2019-03-28 15:07:00', 3.25, 3.25, 3.25, 3.25, 200]
['2019-03-28 15:06:00', 3.25, 3.25, 3.25, 3.25, 1004]
['2019-03-28 14:58:00', 3.255, 3.255, 3.255, 3.255, 802]
['2019-03-28 14:57:00', 3.26, 3.26, 3.26, 3.26, 200]
['2019-03-28 14:54:00', 3.2573, 3.2513, 3.2513, 3.2573, 5000]
['2019-03-28 14:53:00', 3.255, 3.26, 3.255, 3.26, 369]
['2019-03-28 14:52:00', 3.26, 3.26, 3.26, 3.26, 200]
['2019-03-28 14:51:00', 3.26, 3.26, 3.25, 3.265, 2205]
['2019-03-28 14:50:00', 3.27, 3.26, 3.26, 3.27, 7440]
['2019-03-28 14:48:00', 3.276, 3.276, 3.276, 3.276, 200]
['2019-03-28 14:46:00', 3.27, 3.27, 3.27, 3.27, 100]
['2019-03-28 14:45:00', 3.2717, 3.27, 3.27, 3.2717, 332]
['2019-03-28 14:44:00', 3.275, 3.275, 3.27, 3.275, 2600]
['2019-03-28 14:43:00', 3.275, 3.275, 3.275, 3.275, 1000]
['2019-03-28 14:42:00', 3.275, 3.275, 3.275, 3.275, 106]
['2019-03-28 14:41:00', 3.2778, 3.27, 3.27, 3.2778, 2337]
['2019-03-28 14:40:00', 3.28, 3.28, 3.28, 3.28, 2114]
['2019-03-28 14:39:00', 3.27, 3.28, 3.27, 3.28, 6104]
['2019-03-28 14:38:00', 3.28, 3.275, 3.275, 3.28, 22301]
['2019-03-28 14:35:00', 3.29, 3.28, 3.28, 3.29, 4554]
['2019-03-28 14:34:00', 3.29, 3.29, 3.29, 3.29, 100]
['2019-03-28 14:33:00', 3.29, 3.29, 3.29, 3.29, 200]
['2019-03-28 14:32:00', 3.2966, 3.2966, 3.2966, 3.2966, 300]
['2019-03-28 14:30:00', 3.2999, 3.2999, 3.2999, 3.2999, 2001]
['2019-03-28 14:27:00', 3.29, 3.29, 3.29, 3.29, 100]
['2019-03-28 14:26:00', 3.29, 3.29, 3.29, 3.29, 282]
['2019-03-28 14:25:00', 3.29, 3.29, 3.29, 3.29, 100]
['2019-03-28 14:22:00', 3.29, 3.29, 3.29, 3.29, 750]
['2019-03-28 14:21:00', 3.29, 3.29, 3.29, 3.29, 108]
['2019-03-28 14:20:00', 3.29, 3.295, 3.29, 3.295, 1800]
['2019-03-28 14:19:00', 3.29, 3.29, 3.29, 3.29, 100]
['2019-03-28 14:18:00', 3.29, 3.29, 3.29, 3.29, 330]
['2019-03-28 14:17:00', 3.3, 3.295, 3.295, 3.3, 15294]
['2019-03-28 14:16:00', 3.3, 3.3, 3.3, 3.305, 2832]
['2019-03-28 14:14:00', 3.3, 3.3, 3.3, 3.3, 320]
['2019-03-28 14:13:00', 3.3, 3.3, 3.3, 3.3, 101]
['2019-03-28 14:11:00', 3.3005, 3.3005, 3.3005, 3.3005, 7000]
['2019-03-28 14:10:00', 3.3, 3.3, 3.3, 3.3, 620]
['2019-03-28 14:09:00', 3.3, 3.3, 3.3, 3.3, 120]
['2019-03-28 14:08:00', 3.3, 3.3, 3.3, 3.3, 100]
['2019-03-28 14:07:00', 3.3, 3.3, 3.3, 3.3, 100]
['2019-03-28 14:06:00', 3.3, 3.3, 3.3, 3.3, 302]
['2019-03-28 14:05:00', 3.3, 3.3, 3.3, 3.3, 500]
['2019-03-28 14:03:00', 3.3, 3.31, 3.3, 3.31, 861]
['2019-03-28 14:02:00', 3.3, 3.3052, 3.3, 3.3052, 225]
['2019-03-28 14:00:00', 3.3, 3.3, 3.3, 3.3, 400]
['2019-03-28 13:59:00', 3.3, 3.3, 3.3, 3.3, 242]
['2019-03-28 13:58:00', 3.3, 3.3, 3.3, 3.3065, 2971]
['2019-03-28 13:57:00', 3.3, 3.3, 3.3, 3.305, 4019]
['2019-03-28 13:56:00', 3.3, 3.3, 3.295, 3.31, 33443]
['2019-03-28 13:55:00', 3.3, 3.3, 3.3, 3.3, 150]
['2019-03-28 13:53:00', 3.305, 3.3057, 3.3, 3.3097, 2550]
['2019-03-28 13:51:00', 3.3, 3.31, 3.3, 3.31, 895]
['2019-03-28 13:50:00', 3.3, 3.3, 3.3, 3.3, 300]
['2019-03-28 13:49:00', 3.306, 3.306, 3.306, 3.306, 226]
['2019-03-28 13:48:00', 3.305, 3.3, 3.3, 3.305, 3316]
['2019-03-28 13:47:00', 3.3, 3.31, 3.3, 3.31, 3327]
['2019-03-28 13:46:00', 3.305, 3.31, 3.3, 3.31, 1400]
['2019-03-28 13:44:00', 3.3013, 3.3013, 3.3013, 3.3013, 2860]
['2019-03-28 13:42:00', 3.31, 3.31, 3.31, 3.31, 536]
['2019-03-28 13:40:00', 3.3091, 3.31, 3.3091, 3.31, 630]
['2019-03-28 13:39:00', 3.3014, 3.3, 3.3, 3.305, 635]
['2019-03-28 13:38:00', 3.3, 3.3, 3.3, 3.305, 1783]
['2019-03-28 13:36:00', 3.3, 3.3, 3.3, 3.3, 340]
['2019-03-28 13:35:00', 3.31, 3.3, 3.3, 3.315, 34455]
['2019-03-28 13:34:00', 3.3, 3.3, 3.3, 3.3, 800]
['2019-03-28 13:33:00', 3.3, 3.3033, 3.3, 3.3033, 600]
['2019-03-28 13:31:00', 3.31, 3.3, 3.3, 3.31, 16393]
['2019-03-28 13:30:00', 3.31, 3.31, 3.31, 3.31, 5173]
['2019-03-28 13:27:00', 3.305, 3.3017, 3.3, 3.305, 2631]
['2019-03-28 13:25:00', 3.3077, 3.3, 3.3, 3.3077, 6350]
['2019-03-28 13:24:00', 3.3066, 3.3066, 3.3066, 3.3066, 300]
['2019-03-28 13:23:00', 3.305, 3.305, 3.305, 3.305, 100]
['2019-03-28 13:20:00', 3.3099, 3.3, 3.3, 3.3099, 7568]
['2019-03-28 13:19:00', 3.31, 3.31, 3.31, 3.31, 296]
['2019-03-28 13:18:00', 3.305, 3.305, 3.305, 3.305, 100]
['2019-03-28 13:16:00', 3.3076, 3.3076, 3.3076, 3.3076, 2000]
['2019-03-28 13:15:00', 3.3106, 3.305, 3.305, 3.3106, 5264]
['2019-03-28 13:13:00', 3.3158, 3.315, 3.315, 3.3158, 631]
['2019-03-28 13:11:00', 3.315, 3.3109, 3.3109, 3.315, 1910]
['2019-03-28 13:09:00', 3.315, 3.315, 3.315, 3.315, 130]
['2019-03-28 13:07:00', 3.3101, 3.3101, 3.3101, 3.3101, 6050]
['2019-03-28 13:05:00', 3.302, 3.315, 3.3, 3.315, 11602]
['2019-03-28 13:02:00', 3.3001, 3.3001, 3.3001, 3.3001, 130]
['2019-03-28 13:01:00', 3.31, 3.3017, 3.3, 3.3166, 4380]
['2019-03-28 13:00:00', 3.3101, 3.31, 3.31, 3.3101, 13902]
['2019-03-28 12:57:00', 3.3149, 3.3118, 3.3118, 3.3149, 787]
['2019-03-28 12:56:00', 3.31, 3.31, 3.31, 3.31, 330]
['2019-03-28 12:55:00', 3.31, 3.31, 3.31, 3.31, 100]
['2019-03-28 12:54:00', 3.3125, 3.3125, 3.3125, 3.3125, 1511]
['2019-03-28 12:52:00', 3.3112, 3.3112, 3.3112, 3.3112, 414]
['2019-03-28 12:51:00', 3.3083, 3.3136, 3.3083, 3.3171, 4125]
['2019-03-28 12:50:00', 3.3, 3.3058, 3.3, 3.3058, 6385]
['2019-03-28 12:49:00', 3.3052, 3.3052, 3.3052, 3.3052, 270]
['2019-03-28 12:46:00', 3.31, 3.3024, 3.3024, 3.31, 6421]
['2019-03-28 12:43:00', 3.31, 3.31, 3.31, 3.32, 4048]
['2019-03-28 12:40:00', 3.31, 3.3115, 3.3, 3.3115, 1655]
['2019-03-28 12:39:00', 3.31, 3.3122, 3.3084, 3.32, 4628]
['2019-03-28 12:38:00', 3.3, 3.3066, 3.3, 3.3066, 4875]
['2019-03-28 12:36:00', 3.294, 3.29, 3.29, 3.3, 1959]
['2019-03-28 12:34:00', 3.305, 3.3001, 3.3, 3.305, 1252]
['2019-03-28 12:32:00', 3.3, 3.3, 3.3, 3.3083, 500]
['2019-03-28 12:31:00', 3.305, 3.3, 3.3, 3.3085, 1500]
['2019-03-28 12:30:00', 3.2985, 3.3, 3.29, 3.3, 1937]
['2019-03-28 12:29:00', 3.3, 3.29, 3.29, 3.3, 2113]
['2019-03-28 12:28:00', 3.305, 3.3, 3.2961, 3.305, 6013]
['2019-03-28 12:27:00', 3.3013, 3.305, 3.3013, 3.305, 600]
['2019-03-28 12:26:00', 3.31, 3.3016, 3.3016, 3.31, 2017]
['2019-03-28 12:25:00', 3.31, 3.305, 3.305, 3.31, 625]
['2019-03-28 12:24:00', 3.305, 3.305, 3.305, 3.305, 100]
['2019-03-28 12:23:00', 3.2949, 3.3, 3.2949, 3.3, 9463]
['2019-03-28 12:18:00', 3.2952, 3.2952, 3.2952, 3.2952, 368]
['2019-03-28 12:17:00', 3.29, 3.29, 3.28, 3.29, 9346]
['2019-03-28 12:16:00', 3.29, 3.29, 3.29, 3.29, 200]
['2019-03-28 12:15:00', 3.299, 3.29, 3.29, 3.299, 1600]
['2019-03-28 12:14:00', 3.29, 3.29, 3.29, 3.29, 100]
['2019-03-28 12:13:00', 3.3, 3.29, 3.29, 3.3, 2100]
['2019-03-28 12:11:00', 3.2985, 3.2984, 3.2984, 3.2985, 1180]
['2019-03-28 12:10:00', 3.29, 3.29, 3.29, 3.29, 104]
['2019-03-28 12:09:00', 3.29, 3.29, 3.29, 3.29, 200]
['2019-03-28 12:06:00', 3.29, 3.29, 3.29, 3.29, 122]
['2019-03-28 12:04:00', 3.2917, 3.2917, 3.2917, 3.2917, 2014]
['2019-03-28 12:01:00', 3.29, 3.29, 3.29, 3.29, 255]
['2019-03-28 12:00:00', 3.29, 3.29, 3.29, 3.29, 428]
['2019-03-28 11:58:00', 3.2915, 3.295, 3.2915, 3.3, 1800]
['2019-03-28 11:57:00', 3.2945, 3.2945, 3.2945, 3.2945, 280]
['2019-03-28 11:55:00', 3.29, 3.295, 3.29, 3.295, 205]
['2019-03-28 11:54:00', 3.2976, 3.3, 3.29, 3.3, 2925]
['2019-03-28 11:53:00', 3.2966, 3.29, 3.29, 3.2966, 215]
['2019-03-28 11:52:00', 3.295, 3.295, 3.295, 3.295, 103]
['2019-03-28 11:50:00', 3.2932, 3.2932, 3.2932, 3.2932, 1000]
['2019-03-28 11:49:00', 3.2994, 3.2994, 3.2994, 3.2994, 3550]
['2019-03-28 11:47:00', 3.295, 3.295, 3.295, 3.295, 217]
['2019-03-28 11:46:00', 3.29, 3.295, 3.29, 3.295, 1908]
['2019-03-28 11:45:00', 3.291, 3.285, 3.285, 3.2957, 5080]
['2019-03-28 11:42:00', 3.3, 3.3, 3.3, 3.3, 1074]
['2019-03-28 11:41:00', 3.3, 3.3, 3.3, 3.3, 900]
['2019-03-28 11:40:00', 3.3, 3.31, 3.3, 3.31, 4510]
['2019-03-28 11:37:00', 3.2979, 3.2979, 3.2979, 3.2979, 1500]
['2019-03-28 11:35:00', 3.29, 3.3, 3.29, 3.3, 1050]
['2019-03-28 11:33:00', 3.28, 3.28, 3.28, 3.28, 2252]
['2019-03-28 11:32:00', 3.27, 3.275, 3.27, 3.28, 1400]
['2019-03-28 11:31:00', 3.27, 3.27, 3.27, 3.27, 200]
['2019-03-28 11:30:00', 3.27, 3.27, 3.27, 3.27, 215]
['2019-03-28 11:29:00', 3.2753, 3.2753, 3.2753, 3.2753, 320]
['2019-03-28 11:27:00', 3.27, 3.27, 3.27, 3.27, 467]
['2019-03-28 11:26:00', 3.2768, 3.2715, 3.2715, 3.2768, 1812]
['2019-03-28 11:24:00', 3.271, 3.27, 3.27, 3.2714, 6118]
['2019-03-28 11:23:00', 3.2738, 3.275, 3.2738, 3.2796, 4250]
['2019-03-28 11:22:00', 3.27, 3.28, 3.27, 3.28, 2324]
['2019-03-28 11:18:00', 3.2616, 3.2616, 3.2616, 3.2616, 5050]
['2019-03-28 11:17:00', 3.27, 3.27, 3.265, 3.27, 790]
['2019-03-28 11:16:00', 3.2727, 3.26, 3.26, 3.2727, 7856]
['2019-03-28 11:14:00', 3.2753, 3.2781, 3.2753, 3.2781, 2160]
['2019-03-28 11:13:00', 3.28, 3.275, 3.275, 3.28, 200]
['2019-03-28 11:12:00', 3.27, 3.28, 3.27, 3.28, 1400]
['2019-03-28 11:11:00', 3.2742, 3.2751, 3.27, 3.28, 1100]
['2019-03-28 11:10:00', 3.275, 3.28, 3.275, 3.28, 223]
['2019-03-28 11:09:00', 3.275, 3.275, 3.275, 3.275, 102]
['2019-03-28 11:08:00', 3.285, 3.27, 3.27, 3.285, 4600]
['2019-03-28 11:07:00', 3.2799, 3.29, 3.27, 3.29, 6950]
['2019-03-28 11:06:00', 3.2883, 3.2883, 3.2883, 3.2883, 2327]
['2019-03-28 11:05:00', 3.28, 3.2887, 3.28, 3.2887, 2104]
['2019-03-28 11:04:00', 3.29, 3.28, 3.28, 3.2912, 7490]
['2019-03-28 11:03:00', 3.3, 3.29, 3.29, 3.3, 3943]
['2019-03-28 11:02:00', 3.305, 3.3, 3.3, 3.3057, 7300]
['2019-03-28 11:01:00', 3.305, 3.3, 3.3, 3.305, 3400]
['2019-03-28 11:00:00', 3.3017, 3.3017, 3.3017, 3.3017, 180]
['2019-03-28 10:59:00', 3.31, 3.307, 3.307, 3.31, 521]
['2019-03-28 10:58:00', 3.3, 3.31, 3.3, 3.31, 2100]
['2019-03-28 10:57:00', 3.2928, 3.2928, 3.2928, 3.2928, 116]
['2019-03-28 10:56:00', 3.3, 3.29, 3.29, 3.3, 1544]
['2019-03-28 10:55:00', 3.3036, 3.3036, 3.3036, 3.3036, 199]
['2019-03-28 10:54:00', 3.305, 3.3027, 3.3027, 3.305, 3200]
['2019-03-28 10:53:00', 3.3, 3.3033, 3.3, 3.3033, 406]
['2019-03-28 10:52:00', 3.3, 3.3, 3.3, 3.3, 950]
['2019-03-28 10:51:00', 3.302, 3.302, 3.302, 3.302, 458]
['2019-03-28 10:50:00', 3.3001, 3.302, 3.3001, 3.302, 460]
['2019-03-28 10:47:00', 3.3035, 3.3013, 3.3013, 3.3035, 2185]
['2019-03-28 10:46:00', 3.315, 3.31, 3.31, 3.315, 1291]
['2019-03-28 10:45:00', 3.31, 3.315, 3.31, 3.315, 2382]
['2019-03-28 10:44:00', 3.31, 3.31, 3.31, 3.31, 104]
['2019-03-28 10:43:00', 3.31, 3.3184, 3.31, 3.32, 551]
['2019-03-28 10:42:00', 3.32, 3.32, 3.3129, 3.32, 1586]
['2019-03-28 10:41:00', 3.31, 3.315, 3.3033, 3.32, 7055]
['2019-03-28 10:40:00', 3.305, 3.31, 3.3, 3.31, 2300]
['2019-03-28 10:39:00', 3.31, 3.31, 3.31, 3.31, 280]
['2019-03-28 10:38:00', 3.3, 3.309, 3.3, 3.309, 400]
['2019-03-28 10:37:00', 3.29, 3.3, 3.29, 3.3, 3369]
['2019-03-28 10:35:00', 3.3, 3.3, 3.3, 3.3, 497]
['2019-03-28 10:34:00', 3.2936, 3.295, 3.29, 3.3, 8407]
['2019-03-28 10:33:00', 3.31, 3.29, 3.29, 3.31, 19428]
['2019-03-28 10:31:00', 3.32, 3.32, 3.32, 3.32, 15240]
['2019-03-28 10:30:00', 3.3215, 3.325, 3.32, 3.325, 3920]
['2019-03-28 10:29:00', 3.33, 3.325, 3.3233, 3.33, 1251]
['2019-03-28 10:28:00', 3.32, 3.3291, 3.32, 3.3294, 3005]
['2019-03-28 10:27:00', 3.3278, 3.32, 3.32, 3.3278, 5354]
['2019-03-28 10:26:00', 3.32, 3.3263, 3.31, 3.35, 87559]
['2019-03-28 10:25:00', 3.33, 3.32, 3.32, 3.33, 11626]
['2019-03-28 10:24:00', 3.32, 3.32, 3.32, 3.3283, 9309]
['2019-03-28 10:23:00', 3.3051, 3.31, 3.3, 3.31, 1610]
['2019-03-28 10:22:00', 3.3, 3.31, 3.3, 3.31, 944]
['2019-03-28 10:21:00', 3.3, 3.29, 3.29, 3.3, 1866]
['2019-03-28 10:20:00', 3.3, 3.293, 3.293, 3.3, 4000]
['2019-03-28 10:19:00', 3.2945, 3.295, 3.2945, 3.2999, 800]
['2019-03-28 10:18:00', 3.2999, 3.2929, 3.2929, 3.2999, 2055]
['2019-03-28 10:17:00', 3.3, 3.3, 3.3, 3.3, 2100]
['2019-03-28 10:16:00', 3.3, 3.29, 3.29, 3.31, 9907]
['2019-03-28 10:15:00', 3.31, 3.305, 3.305, 3.31, 2120]
['2019-03-28 10:14:00', 3.31, 3.31, 3.31, 3.31, 1701]
['2019-03-28 10:13:00', 3.325, 3.32, 3.32, 3.325, 2650]
['2019-03-28 10:12:00', 3.32, 3.32, 3.32, 3.3258, 13364]
['2019-03-28 10:11:00', 3.3331, 3.32, 3.32, 3.3331, 12027]
['2019-03-28 10:10:00', 3.34, 3.33, 3.33, 3.349, 4512]
['2019-03-28 10:09:00', 3.3485, 3.3412, 3.3412, 3.35, 5375]
['2019-03-28 10:08:00', 3.315, 3.3473, 3.315, 3.3473, 39298]
['2019-03-28 10:07:00', 3.3121, 3.32, 3.31, 3.32, 15051]
['2019-03-28 10:06:00', 3.3197, 3.3106, 3.31, 3.3197, 4755]
['2019-03-28 10:05:00', 3.3062, 3.3099, 3.3057, 3.31, 3835]
['2019-03-28 10:04:00', 3.3018, 3.3018, 3.3018, 3.3018, 265]
['2019-03-28 10:03:00', 3.2999, 3.2984, 3.2929, 3.2999, 2567]
['2019-03-28 10:02:00', 3.2709, 3.295, 3.2709, 3.3, 6921]
['2019-03-28 10:01:00', 3.28, 3.28, 3.275, 3.28, 3131]
['2019-03-28 10:00:00', 3.285, 3.285, 3.285, 3.285, 100]
['2019-03-28 09:59:00', 3.2844, 3.2844, 3.2844, 3.2844, 275]
['2019-03-28 09:57:00', 3.28, 3.28, 3.28, 3.28, 181]
['2019-03-28 09:56:00', 3.2867, 3.28, 3.28, 3.2897, 5210]
['2019-03-28 09:55:00', 3.28, 3.28, 3.28, 3.28, 690]
['2019-03-28 09:54:00', 3.2657, 3.28, 3.2623, 3.28, 9018]
['2019-03-28 09:53:00', 3.2738, 3.27, 3.26, 3.28, 9536]
['2019-03-28 09:52:00', 3.27, 3.2769, 3.27, 3.2779, 3216]
['2019-03-28 09:51:00', 3.31, 3.27, 3.27, 3.31, 31862]
['2019-03-28 09:50:00', 3.32, 3.3143, 3.31, 3.33, 14021]
['2019-03-28 09:49:00', 3.2732, 3.3068, 3.2732, 3.3068, 17937]
['2019-03-28 09:48:00', 3.2788, 3.2788, 3.2788, 3.2788, 366]
['2019-03-28 09:47:00', 3.279, 3.2783, 3.27, 3.28, 2181]
['2019-03-28 09:46:00', 3.265, 3.27, 3.26, 3.28, 7913]
['2019-03-28 09:45:00', 3.25, 3.2634, 3.25, 3.27, 2855]
['2019-03-28 09:44:00', 3.233, 3.24, 3.233, 3.24, 9342]
['2019-03-28 09:43:00', 3.2495, 3.2365, 3.2365, 3.2495, 4538]
['2019-03-28 09:42:00', 3.2416, 3.2405, 3.2405, 3.25, 1660]
['2019-03-28 09:41:00', 3.2485, 3.24, 3.24, 3.2488, 3061]
['2019-03-28 09:40:00', 3.2499, 3.2433, 3.2418, 3.2499, 3680]
['2019-03-28 09:39:00', 3.24, 3.25, 3.24, 3.25, 4067]
['2019-03-28 09:38:00', 3.2183, 3.2309, 3.215, 3.235, 4243]
['2019-03-28 09:37:00', 3.2101, 3.2119, 3.2101, 3.2199, 2147]
['2019-03-28 09:36:00', 3.205, 3.2166, 3.201, 3.2166, 3057]
['2019-03-28 09:35:00', 3.2, 3.2, 3.2, 3.2, 654]
['2019-03-28 09:34:00', 3.2182, 3.21, 3.21, 3.2182, 3110]
['2019-03-28 09:32:00', 3.2098, 3.2148, 3.2, 3.227, 5271]
['2019-03-28 09:31:00', 3.25, 3.2191, 3.2191, 3.25, 22984]
['2019-03-27 16:00:00', 3.24, 3.25, 3.24, 3.25, 11692]
['2019-03-27 15:59:00', 3.24, 3.245, 3.24, 3.25, 17593]
['2019-03-27 15:58:00', 3.245, 3.25, 3.24, 3.25, 13237]
['2019-03-27 15:57:00', 3.25, 3.24, 3.24, 3.25, 26348]
['2019-03-27 15:56:00', 3.25, 3.25, 3.24, 3.25, 16042]
['2019-03-27 15:55:00', 3.245, 3.25, 3.24, 3.25, 14645]
['2019-03-27 15:54:00', 3.25, 3.25, 3.24, 3.25, 14050]
['2019-03-27 15:53:00', 3.25, 3.25, 3.24, 3.25, 6965]
['2019-03-27 15:52:00', 3.235, 3.245, 3.235, 3.245, 13765]
['2019-03-27 15:51:00', 3.2397, 3.235, 3.23, 3.24, 12272]
['2019-03-27 15:50:00', 3.23, 3.24, 3.23, 3.24, 34280]
['2019-03-27 15:49:00', 3.23, 3.23, 3.2202, 3.23, 36676]
['2019-03-27 15:48:00', 3.225, 3.23, 3.225, 3.23, 11744]
['2019-03-27 15:47:00', 3.225, 3.225, 3.22, 3.23, 1382]
['2019-03-27 15:46:00', 3.2249, 3.225, 3.2221, 3.23, 7730]
['2019-03-27 15:45:00', 3.23, 3.225, 3.225, 3.23, 362]
['2019-03-27 15:44:00', 3.2299, 3.2299, 3.2299, 3.2299, 1199]
['2019-03-27 15:43:00', 3.225, 3.225, 3.225, 3.23, 3830]
['2019-03-27 15:42:00', 3.23, 3.225, 3.22, 3.23, 1480]
['2019-03-27 15:41:00', 3.23, 3.23, 3.23, 3.23, 2422]
['2019-03-27 15:40:00', 3.23, 3.2294, 3.223, 3.23, 3255]
['2019-03-27 15:39:00', 3.22, 3.23, 3.22, 3.23, 1000]
['2019-03-27 15:38:00', 3.225, 3.225, 3.22, 3.225, 24602]
['2019-03-27 15:37:00', 3.22, 3.2295, 3.22, 3.23, 7761]
['2019-03-27 15:36:00', 3.23, 3.225, 3.225, 3.23, 6469]
['2019-03-27 15:35:00', 3.23, 3.23, 3.2231, 3.23, 4800]
['2019-03-27 15:34:00', 3.23, 3.225, 3.22, 3.23, 488]
['2019-03-27 15:32:00', 3.22, 3.22, 3.22, 3.22, 726]
['2019-03-27 15:31:00', 3.21, 3.2232, 3.21, 3.23, 4100]
['2019-03-27 15:30:00', 3.214, 3.214, 3.214, 3.214, 179]
['2019-03-27 15:29:00', 3.2171, 3.21, 3.21, 3.2171, 2852]
['2019-03-27 15:28:00', 3.213, 3.21, 3.21, 3.213, 458]
['2019-03-27 15:27:00', 3.21, 3.21, 3.21, 3.21, 600]
['2019-03-27 15:26:00', 3.22, 3.215, 3.215, 3.2201, 4203]
['2019-03-27 15:24:00', 3.2221, 3.22, 3.22, 3.2221, 6060]
['2019-03-27 15:23:00', 3.22, 3.23, 3.2, 3.23, 12555]
['2019-03-27 15:22:00', 3.22, 3.225, 3.22, 3.225, 1700]
['2019-03-27 15:21:00', 3.23, 3.225, 3.22, 3.23, 2290]
['2019-03-27 15:20:00', 3.2218, 3.2218, 3.2218, 3.2218, 500]
['2019-03-27 15:18:00', 3.225, 3.23, 3.225, 3.23, 1850]
['2019-03-27 15:17:00', 3.23, 3.23, 3.23, 3.23, 1300]
['2019-03-27 15:16:00', 3.22, 3.23, 3.22, 3.23, 2700]
['2019-03-27 15:15:00', 3.22, 3.22, 3.22, 3.22, 114]
['2019-03-27 15:14:00', 3.23, 3.23, 3.22, 3.23, 700]
['2019-03-27 15:13:00', 3.2266, 3.2266, 3.2266, 3.2266, 500]
['2019-03-27 15:12:00', 3.22, 3.225, 3.22, 3.225, 5035]
['2019-03-27 15:11:00', 3.215, 3.2133, 3.2133, 3.215, 1100]
['2019-03-27 15:09:00', 3.22, 3.22, 3.22, 3.22, 986]
['2019-03-27 15:08:00', 3.22, 3.22, 3.22, 3.22, 2400]
['2019-03-27 15:07:00', 3.2152, 3.2118, 3.2118, 3.2152, 870]
['2019-03-27 15:06:00', 3.21, 3.21, 3.2, 3.21, 2078]
['2019-03-27 15:03:00', 3.21, 3.21, 3.21, 3.21, 299]
['2019-03-27 15:02:00', 3.2187, 3.215, 3.215, 3.22, 2100]
['2019-03-27 15:01:00', 3.22, 3.22, 3.22, 3.22, 724]
['2019-03-27 15:00:00', 3.21, 3.22, 3.21, 3.22, 2237]
['2019-03-27 14:59:00', 3.21, 3.21, 3.21, 3.21, 100]
['2019-03-27 14:58:00', 3.205, 3.205, 3.205, 3.205, 625]
['2019-03-27 14:57:00', 3.2, 3.2076, 3.2, 3.2076, 4000]
['2019-03-27 14:56:00', 3.21, 3.21, 3.21, 3.21, 1060]
['2019-03-27 14:55:00', 3.2, 3.205, 3.2, 3.205, 720]
['2019-03-27 14:53:00', 3.2, 3.2, 3.2, 3.2, 135]
['2019-03-27 14:52:00', 3.205, 3.205, 3.205, 3.205, 100]
['2019-03-27 14:51:00', 3.21, 3.205, 3.2, 3.21, 10769]
['2019-03-27 14:50:00', 3.22, 3.22, 3.22, 3.22, 300]
['2019-03-27 14:49:00', 3.21, 3.2161, 3.21, 3.2161, 3220]
['2019-03-27 14:48:00', 3.22, 3.2134, 3.21, 3.22, 5072]
['2019-03-27 14:47:00', 3.23, 3.225, 3.22, 3.23, 2238]
['2019-03-27 14:46:00', 3.21, 3.23, 3.21, 3.23, 5964]
['2019-03-27 14:45:00', 3.22, 3.22, 3.22, 3.22, 456]
['2019-03-27 14:44:00', 3.215, 3.213, 3.213, 3.215, 1965]
['2019-03-27 14:43:00', 3.215, 3.21, 3.21, 3.215, 1300]
['2019-03-27 14:42:00', 3.2142, 3.2117, 3.2117, 3.2142, 2880]
['2019-03-27 14:41:00', 3.22, 3.22, 3.21, 3.22, 1702]
['2019-03-27 14:39:00', 3.22, 3.22, 3.21, 3.225, 10351]
['2019-03-27 14:37:00', 3.2299, 3.2299, 3.2299, 3.2299, 3700]
['2019-03-27 14:36:00', 3.23, 3.23, 3.23, 3.23, 4200]
['2019-03-27 14:35:00', 3.2385, 3.24, 3.2385, 3.24, 500]
['2019-03-27 14:34:00', 3.23, 3.24, 3.23, 3.25, 35551]
['2019-03-27 14:33:00', 3.22, 3.225, 3.22, 3.23, 1551]
['2019-03-27 14:32:00', 3.23, 3.2261, 3.2261, 3.23, 2210]
['2019-03-27 14:30:00', 3.22, 3.23, 3.22, 3.235, 14216]
['2019-03-27 14:29:00', 3.22, 3.22, 3.215, 3.22, 1900]
['2019-03-27 14:28:00', 3.217, 3.22, 3.2158, 3.22, 5650]
['2019-03-27 14:27:00', 3.2201, 3.22, 3.22, 3.2258, 1888]
['2019-03-27 14:26:00', 3.22, 3.22, 3.22, 3.22, 100]
['2019-03-27 14:25:00', 3.225, 3.2241, 3.22, 3.225, 1350]
['2019-03-27 14:24:00', 3.225, 3.225, 3.225, 3.225, 134]
['2019-03-27 14:23:00', 3.22, 3.2213, 3.22, 3.2227, 4411]
['2019-03-27 14:21:00', 3.23, 3.22, 3.22, 3.2325, 4362]
['2019-03-27 14:20:00', 3.23, 3.23, 3.222, 3.24, 7175]
['2019-03-27 14:19:00', 3.22, 3.23, 3.22, 3.23, 8313]
['2019-03-27 14:18:00', 3.222, 3.2251, 3.222, 3.2251, 5300]
['2019-03-27 14:17:00', 3.225, 3.23, 3.22, 3.23, 508]
['2019-03-27 14:16:00', 3.22, 3.22, 3.22, 3.22, 300]
['2019-03-27 14:14:00', 3.235, 3.22, 3.22, 3.235, 10510]
['2019-03-27 14:13:00', 3.235, 3.2384, 3.23, 3.2384, 4056]
['2019-03-27 14:12:00', 3.21, 3.24, 3.21, 3.24, 61803]
['2019-03-27 14:11:00', 3.205, 3.205, 3.205, 3.205, 301]
['2019-03-27 14:10:00', 3.205, 3.2, 3.2, 3.205, 3205]
['2019-03-27 14:09:00', 3.2026, 3.2026, 3.2026, 3.2026, 690]
['2019-03-27 14:08:00', 3.21, 3.2034, 3.2034, 3.21, 488]
['2019-03-27 14:07:00', 3.2024, 3.2024, 3.2024, 3.2024, 2350]
['2019-03-27 14:05:00', 3.21, 3.205, 3.205, 3.21, 6206]
['2019-03-27 14:04:00', 3.22, 3.22, 3.22, 3.22, 118]
['2019-03-27 14:02:00', 3.22, 3.22, 3.22, 3.22, 1365]
['2019-03-27 13:59:00', 3.21, 3.22, 3.21, 3.22, 10753]
['2019-03-27 13:58:00', 3.205, 3.2, 3.2, 3.21, 1600]
['2019-03-27 13:57:00', 3.2, 3.2, 3.2, 3.2, 301]
['2019-03-27 13:56:00', 3.21, 3.21, 3.21, 3.21, 200]
['2019-03-27 13:55:00', 3.205, 3.2, 3.2, 3.21, 7987]
['2019-03-27 13:53:00', 3.205, 3.2028, 3.2028, 3.205, 1700]
['2019-03-27 13:52:00', 3.2, 3.2, 3.2, 3.2, 175]
['2019-03-27 13:50:00', 3.2001, 3.2, 3.2, 3.2001, 1652]
['2019-03-27 13:49:00', 3.2, 3.21, 3.2, 3.21, 940]
['2019-03-27 13:48:00', 3.2015, 3.2, 3.2, 3.2015, 1810]
['2019-03-27 13:47:00', 3.215, 3.2, 3.2, 3.215, 5819]
['2019-03-27 13:46:00', 3.211, 3.2101, 3.2101, 3.211, 500]
['2019-03-27 13:45:00', 3.21, 3.215, 3.205, 3.22, 12977]
['2019-03-27 13:44:00', 3.2, 3.2061, 3.2, 3.2061, 2402]
['2019-03-27 13:43:00', 3.2, 3.2, 3.2, 3.2, 250]
['2019-03-27 13:42:00', 3.2001, 3.2, 3.2, 3.2001, 1201]
['2019-03-27 13:41:00', 3.2, 3.2001, 3.2, 3.21, 2000]
['2019-03-27 13:40:00', 3.2, 3.2001, 3.2, 3.2001, 2450]
['2019-03-27 13:39:00', 3.205, 3.2, 3.19, 3.205, 16865]
['2019-03-27 13:38:00', 3.205, 3.2081, 3.2, 3.2081, 11525]
['2019-03-27 13:37:00', 3.21, 3.2062, 3.2062, 3.21, 1801]
['2019-03-27 13:36:00', 3.205, 3.205, 3.205, 3.21, 411]
['2019-03-27 13:35:00', 3.205, 3.205, 3.205, 3.205, 200]
['2019-03-27 13:33:00', 3.205, 3.205, 3.205, 3.205, 392]
['2019-03-27 13:32:00', 3.2, 3.21, 3.2, 3.21, 32905]
['2019-03-27 13:31:00', 3.1914, 3.195, 3.1914, 3.2, 4433]
['2019-03-27 13:30:00', 3.195, 3.195, 3.1918, 3.2, 946]
['2019-03-27 13:29:00', 3.19, 3.195, 3.19, 3.2, 7647]
['2019-03-27 13:28:00', 3.1907, 3.195, 3.19, 3.195, 2805]
['2019-03-27 13:27:00', 3.19, 3.195, 3.19, 3.195, 2060]
['2019-03-27 13:26:00', 3.165, 3.19, 3.165, 3.2, 23192]
['2019-03-27 13:25:00', 3.16, 3.17, 3.16, 3.17, 900]
['2019-03-27 13:24:00', 3.16, 3.1631, 3.16, 3.1631, 1471]
['2019-03-27 13:21:00', 3.175, 3.17, 3.17, 3.175, 7419]
['2019-03-27 13:20:00', 3.18, 3.18, 3.18, 3.18, 101]
['2019-03-27 13:19:00', 3.17, 3.17, 3.17, 3.17, 5820]
['2019-03-27 13:16:00', 3.18, 3.175, 3.1706, 3.18, 3788]
['2019-03-27 13:15:00', 3.17, 3.175, 3.17, 3.18, 8250]
['2019-03-27 13:14:00', 3.17, 3.17, 3.17, 3.17, 300]
['2019-03-27 13:13:00', 3.16, 3.1609, 3.16, 3.17, 2859]
['2019-03-27 13:12:00', 3.15, 3.16, 3.15, 3.16, 2401]
['2019-03-27 13:10:00', 3.15, 3.15, 3.15, 3.15, 842]
['2019-03-27 13:09:00', 3.15, 3.15, 3.15, 3.15, 200]
['2019-03-27 13:08:00', 3.1471, 3.16, 3.1471, 3.16, 3488]
['2019-03-27 13:07:00', 3.1472, 3.1472, 3.1472, 3.1472, 580]
['2019-03-27 13:06:00', 3.1499, 3.1499, 3.1499, 3.1499, 500]
['2019-03-27 13:05:00', 3.1469, 3.145, 3.145, 3.1469, 1150]
['2019-03-27 13:04:00', 3.15, 3.15, 3.15, 3.15, 202]
['2019-03-27 13:03:00', 3.1466, 3.1466, 3.1466, 3.1466, 1100]
['2019-03-27 13:02:00', 3.14, 3.14, 3.14, 3.14, 200]
['2019-03-27 13:01:00', 3.145, 3.14, 3.135, 3.145, 13590]
['2019-03-27 13:00:00', 3.15, 3.15, 3.14, 3.1517, 34179]
['2019-03-27 12:59:00', 3.15, 3.1566, 3.15, 3.1566, 800]
['2019-03-27 12:58:00', 3.15, 3.15, 3.15, 3.15, 100]
['2019-03-27 12:55:00', 3.15, 3.15, 3.15, 3.155, 1002]
['2019-03-27 12:54:00', 3.1513, 3.155, 3.1513, 3.155, 3100]
['2019-03-27 12:53:00', 3.15, 3.145, 3.145, 3.15, 4057]
['2019-03-27 12:52:00', 3.1517, 3.145, 3.14, 3.155, 31913]
['2019-03-27 12:51:00', 3.15, 3.15, 3.15, 3.15, 815]
['2019-03-27 12:50:00', 3.16, 3.155, 3.155, 3.16, 1802]
['2019-03-27 12:49:00', 3.15, 3.15, 3.145, 3.15, 5104]
['2019-03-27 12:48:00', 3.1501, 3.1501, 3.15, 3.1505, 2855]
['2019-03-27 12:47:00', 3.16, 3.15, 3.1473, 3.165, 6922]
['2019-03-27 12:46:00', 3.16, 3.16, 3.16, 3.1601, 2100]
['2019-03-27 12:45:00', 3.165, 3.165, 3.165, 3.165, 200]
['2019-03-27 12:44:00', 3.16, 3.17, 3.1599, 3.17, 2710]
['2019-03-27 12:43:00', 3.16, 3.16, 3.16, 3.16, 310]
['2019-03-27 12:42:00', 3.142, 3.1584, 3.142, 3.16, 7082]
['2019-03-27 12:41:00', 3.145, 3.15, 3.1428, 3.15, 2230]
['2019-03-27 12:40:00', 3.14, 3.15, 3.1399, 3.16, 34454]
['2019-03-27 12:39:00', 3.13, 3.135, 3.13, 3.14, 12300]
['2019-03-27 12:38:00', 3.125, 3.13, 3.125, 3.13, 4500]
['2019-03-27 12:37:00', 3.115, 3.125, 3.115, 3.125, 4732]
['2019-03-27 12:36:00', 3.11, 3.115, 3.11, 3.12, 32189]
['2019-03-27 12:35:00', 3.11, 3.1133, 3.11, 3.1133, 1200]
['2019-03-27 12:33:00', 3.115, 3.115, 3.115, 3.115, 112]
['2019-03-27 12:32:00', 3.11, 3.11, 3.11, 3.11, 200]
['2019-03-27 12:31:00', 3.11, 3.11, 3.11, 3.11, 210]
['2019-03-27 12:30:00', 3.12, 3.12, 3.12, 3.12, 100]
['2019-03-27 12:29:00', 3.1183, 3.1183, 3.1183, 3.1183, 1000]
['2019-03-27 12:28:00', 3.11, 3.115, 3.11, 3.12, 7228]
['2019-03-27 12:26:00', 3.11, 3.105, 3.1, 3.11, 4447]
['2019-03-27 12:25:00', 3.1017, 3.1017, 3.1017, 3.1017, 100]
['2019-03-27 12:23:00', 3.1, 3.1, 3.1, 3.1, 200]
['2019-03-27 12:22:00', 3.1027, 3.105, 3.1, 3.105, 13400]
['2019-03-27 12:21:00', 3.1, 3.1, 3.1, 3.1, 1671]
['2019-03-27 12:20:00', 3.1, 3.1, 3.1, 3.1, 4101]
['2019-03-27 12:19:00', 3.1, 3.1, 3.1, 3.1, 1850]
['2019-03-27 12:18:00', 3.1024, 3.1095, 3.1, 3.1095, 2965]
['2019-03-27 12:17:00', 3.1, 3.1, 3.1, 3.11, 500]
['2019-03-27 12:16:00', 3.1, 3.1, 3.1, 3.1009, 1500]
['2019-03-27 12:15:00', 3.1, 3.1, 3.1, 3.1, 4800]
['2019-03-27 12:14:00', 3.1, 3.1, 3.1, 3.1, 200]
['2019-03-27 12:13:00', 3.1004, 3.1, 3.1, 3.1004, 1500]
['2019-03-27 12:12:00', 3.1, 3.1, 3.1, 3.11, 400]
['2019-03-27 12:10:00', 3.1, 3.1, 3.1, 3.1, 126]
['2019-03-27 12:09:00', 3.105, 3.11, 3.105, 3.11, 515]
['2019-03-27 12:08:00', 3.1, 3.105, 3.1, 3.105, 852]
['2019-03-27 12:06:00', 3.11, 3.105, 3.1025, 3.11, 7075]
['2019-03-27 12:05:00', 3.09, 3.1058, 3.0867, 3.1058, 9548]
['2019-03-27 12:04:00', 3.09, 3.09, 3.09, 3.09, 10817]
['2019-03-27 12:00:00', 3.08, 3.1, 3.08, 3.1, 9096]
['2019-03-27 11:59:00', 3.07, 3.08, 3.07, 3.08, 3320]
['2019-03-27 11:58:00', 3.07, 3.065, 3.06, 3.07, 7410]
['2019-03-27 11:57:00', 3.075, 3.0719, 3.0719, 3.075, 822]
['2019-03-27 11:56:00', 3.0775, 3.0775, 3.0775, 3.0775, 2090]
['2019-03-27 11:55:00', 3.07, 3.07, 3.065, 3.07, 16937]
['2019-03-27 11:54:00', 3.07, 3.065, 3.065, 3.08, 12460]
['2019-03-27 11:53:00', 3.06, 3.065, 3.059, 3.07, 38632]
['2019-03-27 11:52:00', 3.06, 3.065, 3.055, 3.07, 16578]
['2019-03-27 11:51:00', 3.06, 3.06, 3.055, 3.06, 2670]
['2019-03-27 11:50:00', 3.06, 3.0572, 3.0549, 3.06, 9650]
['2019-03-27 11:49:00', 3.05, 3.06, 3.05, 3.06, 5456]
['2019-03-27 11:48:00', 3.05, 3.0599, 3.05, 3.06, 18450]
['2019-03-27 11:47:00', 3.05, 3.05, 3.05, 3.06, 5470]
['2019-03-27 11:46:00', 3.0503, 3.05, 3.05, 3.055, 633]
['2019-03-27 11:45:00', 3.06, 3.05, 3.05, 3.06, 17953]
['2019-03-27 11:44:00', 3.065, 3.06, 3.06, 3.07, 11814]
['2019-03-27 11:43:00', 3.06, 3.07, 3.06, 3.07, 6700]
['2019-03-27 11:42:00', 3.0662, 3.07, 3.06, 3.07, 9687]
['2019-03-27 11:41:00', 3.06, 3.07, 3.06, 3.07, 1980]
['2019-03-27 11:40:00', 3.06, 3.07, 3.06, 3.07, 2000]
['2019-03-27 11:39:00', 3.05, 3.07, 3.05, 3.07, 14355]
['2019-03-27 11:38:00', 3.051, 3.05, 3.05, 3.06, 12097]
['2019-03-27 11:37:00', 3.065, 3.06, 3.05, 3.07, 4010]
['2019-03-27 11:36:00', 3.08, 3.07, 3.05, 3.09, 62048]
['2019-03-27 11:35:00', 3.0834, 3.08, 3.08, 3.09, 9195]
['2019-03-27 11:34:00', 3.0813, 3.085, 3.0813, 3.09, 8450]
['2019-03-27 11:33:00', 3.095, 3.09, 3.086, 3.0952, 5020]
['2019-03-27 11:32:00', 3.095, 3.095, 3.09, 3.1, 1100]
['2019-03-27 11:31:00', 3.095, 3.1, 3.095, 3.1, 425]
['2019-03-27 11:30:00', 3.0961, 3.1, 3.09, 3.1, 14470]
['2019-03-27 11:28:00', 3.0895, 3.095, 3.085, 3.1, 17333]
['2019-03-27 11:27:00', 3.085, 3.09, 3.085, 3.09, 301]
['2019-03-27 11:26:00', 3.09, 3.09, 3.09, 3.09, 105]
['2019-03-27 11:25:00', 3.0851, 3.09, 3.0803, 3.09, 7090]
['2019-03-27 11:24:00', 3.09, 3.085, 3.08, 3.095, 25831]
['2019-03-27 11:21:00', 3.1, 3.095, 3.095, 3.1, 1072]
['2019-03-27 11:20:00', 3.1055, 3.1055, 3.1055, 3.1055, 250]
['2019-03-27 11:19:00', 3.1079, 3.1, 3.1, 3.1079, 3700]
['2019-03-27 11:18:00', 3.1, 3.1, 3.1, 3.1, 7213]
['2019-03-27 11:16:00', 3.1, 3.1, 3.1, 3.1, 1164]
['2019-03-27 11:15:00', 3.11, 3.1, 3.09, 3.11, 4014]
['2019-03-27 11:14:00', 3.105, 3.1, 3.1, 3.1083, 2990]
['2019-03-27 11:13:00', 3.11, 3.11, 3.11, 3.11, 344]
['2019-03-27 11:11:00', 3.105, 3.105, 3.105, 3.105, 150]
['2019-03-27 11:10:00', 3.1, 3.105, 3.09, 3.105, 7180]
['2019-03-27 11:09:00', 3.095, 3.1, 3.095, 3.1, 410]
['2019-03-27 11:08:00', 3.0946, 3.0946, 3.0946, 3.0946, 5000]
['2019-03-27 11:07:00', 3.095, 3.095, 3.09, 3.1, 5606]
['2019-03-27 11:06:00', 3.09, 3.099, 3.09, 3.099, 5663]
['2019-03-27 11:05:00', 3.1, 3.0924, 3.09, 3.1, 20948]
['2019-03-27 11:04:00', 3.1, 3.105, 3.0984, 3.105, 9752]
['2019-03-27 11:03:00', 3.095, 3.095, 3.095, 3.095, 420]
['2019-03-27 11:01:00', 3.0935, 3.1, 3.0935, 3.1, 1237]
['2019-03-27 11:00:00', 3.1038, 3.1, 3.1, 3.1038, 8997]
['2019-03-27 10:59:00', 3.1, 3.1007, 3.0907, 3.1007, 1682]
['2019-03-27 10:58:00', 3.1021, 3.1, 3.1, 3.1021, 1101]
['2019-03-27 10:57:00', 3.11, 3.11, 3.11, 3.11, 1860]
['2019-03-27 10:56:00', 3.11, 3.11, 3.11, 3.11, 307]
['2019-03-27 10:55:00', 3.1, 3.11, 3.1, 3.115, 5914]
['2019-03-27 10:54:00', 3.1, 3.0948, 3.0948, 3.1, 400]
['2019-03-27 10:53:00', 3.1, 3.095, 3.095, 3.1, 1000]
['2019-03-27 10:52:00', 3.1, 3.11, 3.1, 3.11, 3823]
['2019-03-27 10:51:00', 3.1, 3.1, 3.095, 3.105, 10244]
['2019-03-27 10:50:00', 3.11, 3.105, 3.1017, 3.11, 424]
['2019-03-27 10:49:00', 3.11, 3.105, 3.105, 3.11, 1600]
['2019-03-27 10:48:00', 3.1068, 3.1079, 3.1068, 3.1079, 3035]
['2019-03-27 10:47:00', 3.11, 3.1, 3.1, 3.11, 1913]
['2019-03-27 10:46:00', 3.11, 3.11, 3.11, 3.11, 4096]
['2019-03-27 10:45:00', 3.11, 3.115, 3.11, 3.12, 12130]
['2019-03-27 10:43:00', 3.1, 3.1078, 3.1, 3.1099, 1321]
['2019-03-27 10:42:00', 3.105, 3.1, 3.1, 3.11, 1903]
['2019-03-27 10:40:00', 3.105, 3.1, 3.1, 3.12, 13052]
['2019-03-27 10:39:00', 3.11, 3.1, 3.1, 3.11, 6972]
['2019-03-27 10:38:00', 3.125, 3.11, 3.11, 3.125, 55391]
['2019-03-27 10:37:00', 3.1299, 3.125, 3.12, 3.1299, 2793]
['2019-03-27 10:36:00', 3.125, 3.1235, 3.1235, 3.13, 1250]
['2019-03-27 10:35:00', 3.1279, 3.1299, 3.1279, 3.13, 2350]
['2019-03-27 10:33:00', 3.1291, 3.1257, 3.1257, 3.1291, 1429]
['2019-03-27 10:32:00', 3.12, 3.125, 3.12, 3.125, 401]
['2019-03-27 10:31:00', 3.13, 3.125, 3.125, 3.13, 13391]
['2019-03-27 10:30:00', 3.135, 3.13, 3.13, 3.1378, 1659]
['2019-03-27 10:29:00', 3.135, 3.14, 3.13, 3.14, 14538]
['2019-03-27 10:28:00', 3.135, 3.135, 3.135, 3.135, 133]
['2019-03-27 10:27:00', 3.12, 3.13, 3.12, 3.13, 6431]
['2019-03-27 10:26:00', 3.125, 3.125, 3.125, 3.125, 108]
['2019-03-27 10:25:00', 3.1263, 3.1263, 3.1263, 3.1263, 505]
['2019-03-27 10:24:00', 3.12, 3.12, 3.12, 3.12, 1100]
['2019-03-27 10:23:00', 3.125, 3.125, 3.12, 3.125, 8085]
['2019-03-27 10:22:00', 3.1293, 3.125, 3.12, 3.1293, 13950]
['2019-03-27 10:21:00', 3.12, 3.125, 3.12, 3.125, 850]
['2019-03-27 10:20:00', 3.13, 3.125, 3.125, 3.13, 753]
['2019-03-27 10:19:00', 3.1218, 3.12, 3.12, 3.125, 3993]
['2019-03-27 10:18:00', 3.125, 3.1259, 3.125, 3.1259, 425]
['2019-03-27 10:17:00', 3.125, 3.125, 3.125, 3.125, 202]
['2019-03-27 10:16:00', 3.13, 3.1287, 3.1277, 3.13, 2872]
['2019-03-27 10:15:00', 3.133, 3.133, 3.133, 3.133, 301]
['2019-03-27 10:14:00', 3.13, 3.13, 3.13, 3.13, 107]
['2019-03-27 10:13:00', 3.13, 3.125, 3.125, 3.13, 4565]
['2019-03-27 10:12:00', 3.145, 3.13, 3.13, 3.145, 2299]
['2019-03-27 10:11:00', 3.13, 3.1483, 3.1267, 3.15, 6646]
['2019-03-27 10:10:00', 3.13, 3.13, 3.1262, 3.13, 3214]
['2019-03-27 10:09:00', 3.14, 3.1365, 3.135, 3.14, 2069]
['2019-03-27 10:08:00', 3.135, 3.135, 3.13, 3.135, 5405]
['2019-03-27 10:07:00', 3.125, 3.1358, 3.12, 3.1358, 3500]
['2019-03-27 10:06:00', 3.1299, 3.1289, 3.1289, 3.1299, 758]
['2019-03-27 10:05:00', 3.13, 3.12, 3.12, 3.13, 704]
['2019-03-27 10:04:00', 3.12, 3.1266, 3.1165, 3.13, 7951]
['2019-03-27 10:03:00', 3.0981, 3.12, 3.0981, 3.12, 9746]
['2019-03-27 10:02:00', 3.0978, 3.097, 3.097, 3.0978, 435]
['2019-03-27 10:01:00', 3.1, 3.0901, 3.09, 3.1, 30780]
['2019-03-27 10:00:00', 3.115, 3.1099, 3.1, 3.1187, 21245]
['2019-03-27 09:59:00', 3.1114, 3.1114, 3.1114, 3.1114, 265]
['2019-03-27 09:58:00', 3.13, 3.1199, 3.11, 3.13, 42664]
['2019-03-27 09:57:00', 3.135, 3.1341, 3.13, 3.14, 3641]
['2019-03-27 09:56:00', 3.1381, 3.1385, 3.13, 3.1385, 4957]
['2019-03-27 09:55:00', 3.14, 3.135, 3.13, 3.14, 13109]
['2019-03-27 09:54:00', 3.1399, 3.14, 3.1367, 3.15, 7248]
['2019-03-27 09:53:00', 3.1399, 3.135, 3.1336, 3.1399, 3410]
['2019-03-27 09:52:00', 3.137, 3.1314, 3.1314, 3.137, 466]
['2019-03-27 09:51:00', 3.1383, 3.1394, 3.1383, 3.14, 5807]
['2019-03-27 09:50:00', 3.1399, 3.13, 3.13, 3.1399, 5300]
['2019-03-27 09:49:00', 3.1384, 3.13, 3.13, 3.1393, 3900]
['2019-03-27 09:48:00', 3.1399, 3.1301, 3.1301, 3.14, 5620]
['2019-03-27 09:47:00', 3.1495, 3.1376, 3.13, 3.15, 49926]
['2019-03-27 09:46:00', 3.1583, 3.1493, 3.1493, 3.1583, 1128]
['2019-03-27 09:45:00', 3.16, 3.1544, 3.1544, 3.16, 575]
['2019-03-27 09:44:00', 3.165, 3.165, 3.165, 3.165, 100]
['2019-03-27 09:42:00', 3.1615, 3.1695, 3.1615, 3.1695, 6030]
['2019-03-27 09:41:00', 3.163, 3.17, 3.16, 3.17, 470]
['2019-03-27 09:40:00', 3.1657, 3.165, 3.165, 3.1657, 1300]
['2019-03-27 09:39:00', 3.16, 3.17, 3.16, 3.18, 24100]
['2019-03-27 09:38:00', 3.1667, 3.15, 3.15, 3.1667, 2800]
['2019-03-27 09:37:00', 3.1683, 3.17, 3.1617, 3.17, 1257]
['2019-03-27 09:36:00', 3.1599, 3.1654, 3.1536, 3.1654, 2393]
['2019-03-27 09:35:00', 3.1499, 3.16, 3.1499, 3.16, 4601]
['2019-03-27 09:34:00', 3.17, 3.149, 3.14, 3.171, 32686]
['2019-03-27 09:33:00', 3.171, 3.1802, 3.17, 3.1842, 9452]
['2019-03-27 09:32:00', 3.195, 3.18, 3.17, 3.195, 2254]
['2019-03-27 09:31:00', 3.17, 3.1933, 3.17, 3.1933, 13648]
['2019-03-26 16:00:00', 3.19, 3.18, 3.18, 3.19, 7822]
['2019-03-26 15:59:00', 3.185, 3.19, 3.185, 3.19, 5289]
['2019-03-26 15:58:00', 3.19, 3.19, 3.19, 3.19, 3325]
['2019-03-26 15:57:00', 3.19, 3.19, 3.19, 3.19, 2588]
['2019-03-26 15:56:00', 3.185, 3.185, 3.185, 3.185, 5889]
['2019-03-26 15:55:00', 3.18, 3.18, 3.18, 3.18, 1925]
['2019-03-26 15:54:00', 3.17, 3.18, 3.17, 3.18, 4948]
['2019-03-26 15:53:00', 3.175, 3.17, 3.17, 3.175, 2909]
['2019-03-26 15:52:00', 3.18, 3.18, 3.18, 3.18, 4606]
['2019-03-26 15:51:00', 3.18, 3.18, 3.18, 3.18, 2536]
['2019-03-26 15:50:00', 3.18, 3.18, 3.18, 3.18, 420]
['2019-03-26 15:49:00', 3.18, 3.18, 3.18, 3.18, 3201]
['2019-03-26 15:48:00', 3.18, 3.18, 3.18, 3.18, 1855]
['2019-03-26 15:47:00', 3.18, 3.175, 3.175, 3.18, 3331]
['2019-03-26 15:46:00', 3.1754, 3.1754, 3.1754, 3.1754, 5706]
['2019-03-26 15:45:00', 3.175, 3.175, 3.175, 3.175, 199]
['2019-03-26 15:44:00', 3.175, 3.175, 3.175, 3.175, 1109]
['2019-03-26 15:43:00', 3.175, 3.175, 3.175, 3.175, 410]
['2019-03-26 15:41:00', 3.18, 3.18, 3.18, 3.18, 279]
['2019-03-26 15:40:00', 3.18, 3.18, 3.18, 3.18, 1350]
['2019-03-26 15:39:00', 3.175, 3.175, 3.175, 3.175, 660]
['2019-03-26 15:38:00', 3.1736, 3.1736, 3.1736, 3.1736, 628]
['2019-03-26 15:37:00', 3.1799, 3.1799, 3.1799, 3.1799, 1207]
['2019-03-26 15:36:00', 3.18, 3.18, 3.18, 3.18, 305]
['2019-03-26 15:35:00', 3.18, 3.18, 3.18, 3.18, 515]
['2019-03-26 15:33:00', 3.18, 3.18, 3.18, 3.18, 775]
['2019-03-26 15:32:00', 3.18, 3.18, 3.18, 3.18, 610]
['2019-03-26 15:31:00', 3.185, 3.17, 3.17, 3.185, 8003]
['2019-03-26 15:28:00', 3.18, 3.18, 3.18, 3.18, 1310]
['2019-03-26 15:27:00', 3.175, 3.18, 3.175, 3.18, 1114]
['2019-03-26 15:25:00', 3.1798, 3.1798, 3.1798, 3.1798, 7300]
['2019-03-26 15:24:00', 3.1756, 3.1756, 3.1756, 3.1756, 2150]
['2019-03-26 15:22:00', 3.18, 3.18, 3.18, 3.18, 500]
['2019-03-26 15:21:00', 3.19, 3.18, 3.18, 3.19, 14814]
['2019-03-26 15:19:00', 3.195, 3.2, 3.195, 3.2, 1301]
['2019-03-26 15:18:00', 3.2, 3.2, 3.2, 3.2, 1100]
['2019-03-26 15:17:00', 3.1874, 3.1874, 3.1874, 3.1874, 3837]
['2019-03-26 15:16:00', 3.18, 3.18, 3.18, 3.18, 600]
['2019-03-26 15:15:00', 3.185, 3.185, 3.185, 3.185, 550]
['2019-03-26 15:14:00', 3.18, 3.18, 3.18, 3.18, 5663]
['2019-03-26 15:13:00', 3.18, 3.18, 3.18, 3.18, 310]
['2019-03-26 15:12:00', 3.19, 3.19, 3.19, 3.19, 2292]
['2019-03-26 15:11:00', 3.1868, 3.1868, 3.1868, 3.1868, 1200]
['2019-03-26 15:09:00', 3.19, 3.1853, 3.1853, 3.19, 5304]
['2019-03-26 15:07:00', 3.19, 3.19, 3.19, 3.19, 3735]
['2019-03-26 15:06:00', 3.195, 3.195, 3.195, 3.195, 1825]
['2019-03-26 15:05:00', 3.2, 3.2, 3.2, 3.2, 1483]
['2019-03-26 15:04:00', 3.205, 3.205, 3.205, 3.205, 400]
['2019-03-26 15:03:00', 3.205, 3.205, 3.205, 3.205, 851]
['2019-03-26 15:02:00', 3.2, 3.2, 3.2, 3.2, 2803]
['2019-03-26 15:01:00', 3.195, 3.195, 3.195, 3.195, 101]
['2019-03-26 14:59:00', 3.2, 3.2, 3.2, 3.2, 415]
['2019-03-26 14:58:00', 3.19, 3.19, 3.19, 3.19, 3200]
['2019-03-26 14:57:00', 3.2, 3.19, 3.19, 3.2, 18125]
['2019-03-26 14:56:00', 3.21, 3.21, 3.21, 3.21, 3210]
['2019-03-26 14:54:00', 3.21, 3.21, 3.21, 3.21, 800]
['2019-03-26 14:53:00', 3.215, 3.215, 3.215, 3.215, 1100]
['2019-03-26 14:52:00', 3.215, 3.215, 3.215, 3.215, 525]
['2019-03-26 14:50:00', 3.215, 3.215, 3.215, 3.215, 340]
['2019-03-26 14:49:00', 3.2111, 3.2111, 3.2111, 3.2111, 2800]
['2019-03-26 14:47:00', 3.2045, 3.2045, 3.2045, 3.2045, 513]
['2019-03-26 14:45:00', 3.2055, 3.2055, 3.2055, 3.2055, 1460]
['2019-03-26 14:44:00', 3.21, 3.21, 3.21, 3.21, 1288]
['2019-03-26 14:43:00', 3.21, 3.21, 3.21, 3.21, 3690]
['2019-03-26 14:41:00', 3.21, 3.21, 3.21, 3.22, 7645]
['2019-03-26 14:39:00', 3.2, 3.2, 3.2, 3.2, 1800]
['2019-03-26 14:38:00', 3.205, 3.205, 3.205, 3.205, 700]
['2019-03-26 14:37:00', 3.2, 3.2, 3.2, 3.2, 1410]
['2019-03-26 14:34:00', 3.195, 3.195, 3.195, 3.195, 420]
['2019-03-26 14:32:00', 3.2, 3.195, 3.195, 3.2, 12046]
['2019-03-26 14:30:00', 3.2, 3.2, 3.2, 3.2, 2130]
['2019-03-26 14:29:00', 3.21, 3.21, 3.21, 3.21, 3012]
['2019-03-26 14:28:00', 3.21, 3.21, 3.21, 3.21, 700]
['2019-03-26 14:25:00', 3.2, 3.2, 3.2, 3.2, 5737]
['2019-03-26 14:24:00', 3.2101, 3.21, 3.21, 3.2101, 4600]
['2019-03-26 14:23:00', 3.215, 3.215, 3.215, 3.215, 200]
['2019-03-26 14:21:00', 3.22, 3.22, 3.22, 3.22, 800]
['2019-03-26 14:20:00', 3.22, 3.21, 3.21, 3.22, 37554]
['2019-03-26 14:18:00', 3.2201, 3.2201, 3.2201, 3.2201, 1502]
['2019-03-26 14:17:00', 3.22, 3.22, 3.22, 3.22, 150]
['2019-03-26 14:13:00', 3.225, 3.2222, 3.2222, 3.225, 3300]
['2019-03-26 14:11:00', 3.23, 3.23, 3.23, 3.23, 1400]
['2019-03-26 14:10:00', 3.23, 3.23, 3.23, 3.23, 1967]
['2019-03-26 14:07:00', 3.2201, 3.2201, 3.2201, 3.2201, 2108]
['2019-03-26 14:06:00', 3.22, 3.22, 3.22, 3.22, 787]
['2019-03-26 14:05:00', 3.235, 3.225, 3.22, 3.235, 13151]
['2019-03-26 14:04:00', 3.24, 3.24, 3.24, 3.24, 721]
['2019-03-26 14:02:00', 3.235, 3.235, 3.235, 3.235, 387]
['2019-03-26 13:59:00', 3.235, 3.2386, 3.235, 3.2386, 2104]
['2019-03-26 13:56:00', 3.24, 3.235, 3.235, 3.24, 7400]
['2019-03-26 13:55:00', 3.25, 3.25, 3.25, 3.25, 300]
['2019-03-26 13:54:00', 3.2465, 3.2465, 3.2465, 3.2465, 2770]
['2019-03-26 13:51:00', 3.2487, 3.2487, 3.2487, 3.2487, 600]
['2019-03-26 13:49:00', 3.2488, 3.245, 3.24, 3.2488, 3172]
['2019-03-26 13:48:00', 3.2395, 3.2395, 3.2395, 3.2395, 2200]
['2019-03-26 13:46:00', 3.239, 3.239, 3.239, 3.239, 4000]
['2019-03-26 13:44:00', 3.235, 3.235, 3.235, 3.235, 600]
['2019-03-26 13:42:00', 3.23, 3.23, 3.23, 3.23, 2088]
['2019-03-26 13:40:00', 3.23, 3.23, 3.23, 3.23, 3797]
['2019-03-26 13:38:00', 3.23, 3.23, 3.23, 3.23, 2300]
['2019-03-26 13:37:00', 3.2301, 3.2301, 3.2301, 3.2301, 4802]
['2019-03-26 13:35:00', 3.24, 3.24, 3.24, 3.24, 3238]
['2019-03-26 13:34:00', 3.25, 3.25, 3.25, 3.25, 475]
['2019-03-26 13:33:00', 3.245, 3.245, 3.245, 3.245, 1796]
['2019-03-26 13:31:00', 3.25, 3.25, 3.25, 3.25, 9063]
['2019-03-26 13:30:00', 3.25, 3.25, 3.25, 3.25, 300]
['2019-03-26 13:29:00', 3.25, 3.25, 3.25, 3.25, 803]
['2019-03-26 13:28:00', 3.25, 3.25, 3.25, 3.25, 200]
['2019-03-26 13:26:00', 3.24, 3.25, 3.24, 3.25, 11490]
['2019-03-26 13:24:00', 3.25, 3.25, 3.25, 3.25, 1136]
['2019-03-26 13:22:00', 3.25, 3.24, 3.24, 3.25, 4810]
['2019-03-26 13:20:00', 3.24, 3.24, 3.24, 3.24, 940]
['2019-03-26 13:19:00', 3.24, 3.24, 3.24, 3.24, 300]
['2019-03-26 13:18:00', 3.24, 3.24, 3.24, 3.24, 200]
['2019-03-26 13:17:00', 3.24, 3.24, 3.24, 3.24, 944]
['2019-03-26 13:13:00', 3.23, 3.23, 3.23, 3.23, 1668]
['2019-03-26 13:12:00', 3.24, 3.24, 3.24, 3.24, 5008]
['2019-03-26 13:11:00', 3.23, 3.23, 3.23, 3.23, 331]
['2019-03-26 13:10:00', 3.23, 3.23, 3.23, 3.23, 1948]
['2019-03-26 13:09:00', 3.225, 3.225, 3.225, 3.225, 4120]
['2019-03-26 13:08:00', 3.22, 3.22, 3.22, 3.22, 2503]
['2019-03-26 13:07:00', 3.225, 3.225, 3.225, 3.225, 1025]
['2019-03-26 13:04:00', 3.22, 3.22, 3.22, 3.22, 1025]
['2019-03-26 13:03:00', 3.225, 3.225, 3.225, 3.225, 600]
['2019-03-26 13:02:00', 3.2256, 3.2256, 3.2256, 3.2256, 8100]
['2019-03-26 13:01:00', 3.22, 3.22, 3.22, 3.22, 1110]
['2019-03-26 13:00:00', 3.235, 3.23, 3.23, 3.235, 4075]
['2019-03-26 12:59:00', 3.24, 3.24, 3.24, 3.24, 510]
['2019-03-26 12:57:00', 3.24, 3.24, 3.24, 3.24, 2800]
['2019-03-26 12:56:00', 3.24, 3.24, 3.24, 3.24, 200]
['2019-03-26 12:53:00', 3.2301, 3.2301, 3.2301, 3.2301, 1000]
['2019-03-26 12:48:00', 3.24, 3.24, 3.24, 3.24, 781]
['2019-03-26 12:47:00', 3.235, 3.235, 3.235, 3.235, 900]
['2019-03-26 12:46:00', 3.24, 3.24, 3.24, 3.24, 420]
['2019-03-26 12:45:00', 3.235, 3.235, 3.235, 3.235, 2056]
['2019-03-26 12:42:00', 3.23, 3.23, 3.23, 3.23, 1106]
['2019-03-26 12:41:00', 3.23, 3.23, 3.23, 3.23, 3534]
['2019-03-26 12:40:00', 3.24, 3.24, 3.24, 3.24, 904]
['2019-03-26 12:38:00', 3.24, 3.24, 3.24, 3.24, 1463]
['2019-03-26 12:36:00', 3.245, 3.25, 3.245, 3.25, 1724]
['2019-03-26 12:33:00', 3.245, 3.245, 3.245, 3.245, 901]
['2019-03-26 12:32:00', 3.235, 3.24, 3.235, 3.24, 2861]
['2019-03-26 12:31:00', 3.24, 3.24, 3.24, 3.24, 2308]
['2019-03-26 12:30:00', 3.23, 3.23, 3.23, 3.23, 200]
['2019-03-26 12:29:00', 3.2217, 3.2217, 3.2217, 3.2217, 462]
['2019-03-26 12:26:00', 3.22, 3.22, 3.22, 3.22, 200]
['2019-03-26 12:25:00', 3.225, 3.225, 3.225, 3.225, 3592]
['2019-03-26 12:22:00', 3.24, 3.23, 3.23, 3.24, 1991]
['2019-03-26 12:17:00', 3.24, 3.24, 3.24, 3.24, 2513]
['2019-03-26 12:16:00', 3.23, 3.23, 3.23, 3.23, 300]
['2019-03-26 12:15:00', 3.235, 3.235, 3.235, 3.235, 700]
['2019-03-26 12:13:00', 3.23, 3.23, 3.23, 3.23, 454]
['2019-03-26 12:12:00', 3.23, 3.23, 3.23, 3.23, 990]
['2019-03-26 12:11:00', 3.23, 3.23, 3.23, 3.23, 3962]
['2019-03-26 12:10:00', 3.2421, 3.2421, 3.2421, 3.2421, 825]
['2019-03-26 12:09:00', 3.243, 3.243, 3.243, 3.243, 800]
['2019-03-26 12:06:00', 3.24, 3.24, 3.24, 3.24, 1572]
['2019-03-26 12:05:00', 3.24, 3.24, 3.24, 3.24, 1000]
['2019-03-26 12:03:00', 3.23, 3.235, 3.23, 3.235, 6466]
['2019-03-26 12:01:00', 3.23, 3.23, 3.23, 3.23, 1530]
['2019-03-26 11:58:00', 3.22, 3.22, 3.22, 3.22, 3396]
['2019-03-26 11:56:00', 3.22, 3.23, 3.22, 3.23, 5980]
['2019-03-26 11:55:00', 3.23, 3.225, 3.225, 3.23, 6284]
['2019-03-26 11:54:00', 3.226, 3.226, 3.226, 3.226, 3598]
['2019-03-26 11:52:00', 3.23, 3.23, 3.23, 3.23, 1112]
['2019-03-26 11:51:00', 3.23, 3.23, 3.23, 3.23, 1501]
['2019-03-26 11:50:00', 3.23, 3.23, 3.23, 3.23, 1712]
['2019-03-26 11:48:00', 3.22, 3.22, 3.22, 3.22, 602]
['2019-03-26 11:47:00', 3.25, 3.23, 3.23, 3.25, 6539]
['2019-03-26 11:45:00', 3.2466, 3.2466, 3.2466, 3.2466, 2577]
['2019-03-26 11:43:00', 3.245, 3.245, 3.245, 3.245, 3279]
['2019-03-26 11:40:00', 3.24, 3.24, 3.24, 3.24, 1403]
['2019-03-26 11:39:00', 3.24, 3.24, 3.24, 3.24, 3666]
['2019-03-26 11:37:00', 3.2301, 3.24, 3.2301, 3.24, 2552]
['2019-03-26 11:36:00', 3.24, 3.24, 3.24, 3.24, 4800]
['2019-03-26 11:33:00', 3.24, 3.24, 3.24, 3.24, 2439]
['2019-03-26 11:32:00', 3.24, 3.24, 3.24, 3.24, 800]
['2019-03-26 11:31:00', 3.245, 3.245, 3.245, 3.245, 215]
['2019-03-26 11:30:00', 3.24, 3.24, 3.24, 3.24, 7200]
['2019-03-26 11:29:00', 3.24, 3.24, 3.24, 3.24, 400]
['2019-03-26 11:28:00', 3.2401, 3.2401, 3.2401, 3.2401, 5950]
['2019-03-26 11:27:00', 3.24, 3.24, 3.24, 3.24, 370]
['2019-03-26 11:26:00', 3.2401, 3.24, 3.24, 3.2401, 17376]
['2019-03-26 11:25:00', 3.2501, 3.24, 3.24, 3.2501, 19954]
['2019-03-26 11:23:00', 3.25, 3.25, 3.25, 3.25, 6430]
['2019-03-26 11:22:00', 3.25, 3.25, 3.25, 3.25, 252]
['2019-03-26 11:20:00', 3.26, 3.26, 3.26, 3.26, 6528]
['2019-03-26 11:19:00', 3.265, 3.265, 3.265, 3.265, 1135]
['2019-03-26 11:18:00', 3.26, 3.266, 3.26, 3.266, 10825]
['2019-03-26 11:17:00', 3.255, 3.255, 3.255, 3.255, 500]
['2019-03-26 11:16:00', 3.255, 3.255, 3.255, 3.255, 3700]
['2019-03-26 11:15:00', 3.2515, 3.2515, 3.2515, 3.2515, 1654]
['2019-03-26 11:14:00', 3.25, 3.25, 3.25, 3.25, 1423]
['2019-03-26 11:13:00', 3.2517, 3.2517, 3.2517, 3.2517, 2866]
['2019-03-26 11:11:00', 3.25, 3.25, 3.25, 3.25, 4026]
['2019-03-26 11:10:00', 3.255, 3.255, 3.255, 3.255, 800]
['2019-03-26 11:09:00', 3.25, 3.25, 3.25, 3.255, 34944]
['2019-03-26 11:07:00', 3.25, 3.25, 3.25, 3.25, 7800]
['2019-03-26 11:06:00', 3.25, 3.25, 3.25, 3.25, 185]
['2019-03-26 11:05:00', 3.24, 3.2365, 3.2365, 3.24, 12778]
['2019-03-26 11:04:00', 3.24, 3.24, 3.24, 3.24, 504]
['2019-03-26 11:03:00', 3.235, 3.235, 3.235, 3.235, 1657]
['2019-03-26 11:02:00', 3.23, 3.23, 3.23, 3.23, 42125]
['2019-03-26 11:01:00', 3.23, 3.23, 3.23, 3.23, 20505]
['2019-03-26 11:00:00', 3.23, 3.23, 3.23, 3.23, 730]
['2019-03-26 10:59:00', 3.23, 3.23, 3.23, 3.23, 1664]
['2019-03-26 10:58:00', 3.23, 3.23, 3.23, 3.23, 8944]
['2019-03-26 10:55:00', 3.2252, 3.2252, 3.2252, 3.2252, 3544]
['2019-03-26 10:53:00', 3.22, 3.22, 3.22, 3.22, 21515]
['2019-03-26 10:51:00', 3.22, 3.22, 3.22, 3.22, 18915]
['2019-03-26 10:48:00', 3.2017, 3.215, 3.2017, 3.215, 8256]
['2019-03-26 10:46:00', 3.2, 3.2, 3.2, 3.2, 14531]
['2019-03-26 10:44:00', 3.21, 3.21, 3.21, 3.21, 949]
['2019-03-26 10:43:00', 3.21, 3.21, 3.21, 3.21, 559]
['2019-03-26 10:42:00', 3.22, 3.22, 3.22, 3.22, 1230]
['2019-03-26 10:41:00', 3.2088, 3.2088, 3.2088, 3.2088, 1243]
['2019-03-26 10:40:00', 3.19, 3.19, 3.19, 3.19, 225]
['2019-03-26 10:38:00', 3.19, 3.19, 3.19, 3.19, 345]
['2019-03-26 10:37:00', 3.2099, 3.2, 3.2, 3.21, 8436]
['2019-03-26 10:36:00', 3.2, 3.2, 3.2, 3.2, 910]
['2019-03-26 10:35:00', 3.1998, 3.1998, 3.1998, 3.1998, 1430]
['2019-03-26 10:33:00', 3.19, 3.195, 3.19, 3.195, 2559]
['2019-03-26 10:32:00', 3.19, 3.19, 3.19, 3.19, 4761]
['2019-03-26 10:29:00', 3.195, 3.195, 3.195, 3.2, 13951]
['2019-03-26 10:28:00', 3.18, 3.18, 3.18, 3.18, 5092]
['2019-03-26 10:27:00', 3.1669, 3.1669, 3.1669, 3.1669, 528]
['2019-03-26 10:26:00', 3.16, 3.16, 3.16, 3.16, 201]
['2019-03-26 10:24:00', 3.1699, 3.16, 3.16, 3.1699, 3724]
['2019-03-26 10:22:00', 3.16, 3.16, 3.16, 3.16, 12916]
['2019-03-26 10:21:00', 3.17, 3.18, 3.17, 3.18, 5100]
['2019-03-26 10:18:00', 3.18, 3.18, 3.18, 3.18, 1562]
['2019-03-26 10:16:00', 3.2, 3.2, 3.2, 3.2, 1092]
['2019-03-26 10:15:00', 3.2, 3.2, 3.2, 3.2, 1005]
['2019-03-26 10:14:00', 3.2002, 3.2, 3.2, 3.2002, 7549]
['2019-03-26 10:13:00', 3.18, 3.19, 3.18, 3.19, 15382]
['2019-03-26 10:11:00', 3.17, 3.19, 3.17, 3.19, 21270]
['2019-03-26 10:10:00', 3.18, 3.18, 3.18, 3.18, 11310]
['2019-03-26 10:09:00', 3.17, 3.17, 3.17, 3.17, 1100]
['2019-03-26 10:08:00', 3.18, 3.18, 3.18, 3.18, 1811]
['2019-03-26 10:07:00', 3.1764, 3.1852, 3.1764, 3.1852, 4538]
['2019-03-26 10:06:00', 3.17, 3.17, 3.17, 3.17, 12757]
['2019-03-26 10:05:00', 3.19, 3.19, 3.19, 3.19, 4345]
['2019-03-26 10:04:00', 3.1915, 3.1915, 3.1915, 3.1915, 1700]
['2019-03-26 10:03:00', 3.195, 3.195, 3.195, 3.195, 3901]
['2019-03-26 10:02:00', 3.2, 3.18, 3.18, 3.2, 8287]
['2019-03-26 10:01:00', 3.21, 3.21, 3.21, 3.21, 9608]
['2019-03-26 10:00:00', 3.23, 3.23, 3.23, 3.23, 1312]
['2019-03-26 09:58:00', 3.21, 3.21, 3.21, 3.21, 3799]
['2019-03-26 09:57:00', 3.22, 3.22, 3.22, 3.22, 3922]
['2019-03-26 09:56:00', 3.22, 3.22, 3.22, 3.22, 3225]
['2019-03-26 09:55:00', 3.2099, 3.225, 3.2099, 3.23, 89824]
['2019-03-26 09:54:00', 3.22, 3.21, 3.21, 3.22, 11334]
['2019-03-26 09:53:00', 3.23, 3.23, 3.23, 3.23, 1535]
['2019-03-26 09:52:00', 3.23, 3.225, 3.225, 3.23, 14861]
['2019-03-26 09:51:00', 3.24, 3.24, 3.24, 3.24, 6441]
['2019-03-26 09:49:00', 3.25, 3.2432, 3.2432, 3.25, 4249]
['2019-03-26 09:47:00', 3.25, 3.25, 3.25, 3.25, 13116]
['2019-03-26 09:45:00', 3.2476, 3.26, 3.2476, 3.26, 2132]
['2019-03-26 09:44:00', 3.2493, 3.2493, 3.2493, 3.2493, 7682]
['2019-03-26 09:43:00', 3.2462, 3.2462, 3.2462, 3.2462, 2300]
['2019-03-26 09:42:00', 3.2399, 3.2399, 3.2399, 3.2399, 3825]
['2019-03-26 09:40:00', 3.24, 3.24, 3.24, 3.24, 1977]
['2019-03-26 09:39:00', 3.2301, 3.2301, 3.2301, 3.2301, 2824]
['2019-03-26 09:38:00', 3.24, 3.238, 3.238, 3.24, 8381]
['2019-03-26 09:37:00', 3.26, 3.26, 3.26, 3.26, 3339]
['2019-03-26 09:35:00', 3.28, 3.2799, 3.2799, 3.28, 20834]
['2019-03-26 09:34:00', 3.2568, 3.2568, 3.2568, 3.2568, 1589]
['2019-03-26 09:33:00', 3.2608, 3.2608, 3.2608, 3.2608, 5710]
['2019-03-26 09:32:00', 3.2666, 3.2666, 3.2666, 3.2666, 9470]
['2019-03-26 09:31:00', 3.2617, 3.2517, 3.2517, 3.2617, 57540]
['2019-03-25 16:00:00', 3.22, 3.21, 3.21, 3.22, 21599]
['2019-03-25 15:59:00', 3.22, 3.22, 3.22, 3.23, 14585]
['2019-03-25 15:58:00', 3.2156, 3.21, 3.21, 3.2156, 4320]
['2019-03-25 15:57:00', 3.215, 3.21, 3.21, 3.215, 5265]
['2019-03-25 15:56:00', 3.215, 3.217, 3.215, 3.217, 3279]
['2019-03-25 15:55:00', 3.22, 3.2155, 3.2155, 3.22, 7651]
['2019-03-25 15:54:00', 3.22, 3.22, 3.22, 3.22, 3110]
['2019-03-25 15:53:00', 3.225, 3.225, 3.225, 3.225, 1698]
['2019-03-25 15:52:00', 3.215, 3.2201, 3.215, 3.2201, 3350]
['2019-03-25 15:51:00', 3.22, 3.215, 3.2132, 3.22, 4741]
['2019-03-25 15:50:00', 3.215, 3.2101, 3.21, 3.215, 3303]
['2019-03-25 15:49:00', 3.24, 3.2101, 3.2101, 3.24, 6489]
['2019-03-25 15:48:00', 3.235, 3.235, 3.235, 3.235, 1014]
['2019-03-25 15:47:00', 3.235, 3.235, 3.235, 3.235, 1753]
['2019-03-25 15:46:00', 3.22, 3.23, 3.22, 3.23, 4490]
['2019-03-25 15:45:00', 3.225, 3.225, 3.225, 3.225, 4287]
['2019-03-25 15:44:00', 3.24, 3.23, 3.23, 3.24, 4754]
['2019-03-25 15:42:00', 3.24, 3.24, 3.24, 3.24, 363]
['2019-03-25 15:41:00', 3.24, 3.24, 3.24, 3.24, 787]
['2019-03-25 15:40:00', 3.24, 3.24, 3.24, 3.24, 485]
['2019-03-25 15:39:00', 3.245, 3.245, 3.245, 3.245, 2142]
['2019-03-25 15:38:00', 3.25, 3.25, 3.25, 3.25, 3985]
['2019-03-25 15:37:00', 3.23, 3.25, 3.23, 3.25, 3546]
['2019-03-25 15:36:00', 3.22, 3.225, 3.22, 3.225, 3141]
['2019-03-25 15:34:00', 3.24, 3.235, 3.235, 3.24, 1635]
['2019-03-25 15:33:00', 3.25, 3.25, 3.25, 3.25, 1290]
['2019-03-25 15:32:00', 3.25, 3.25, 3.25, 3.25, 1208]
['2019-03-25 15:31:00', 3.24, 3.24, 3.24, 3.25, 15079]
['2019-03-25 15:30:00', 3.22, 3.23, 3.22, 3.23, 34814]
['2019-03-25 15:29:00', 3.22, 3.22, 3.22, 3.22, 971]
['2019-03-25 15:28:00', 3.225, 3.225, 3.225, 3.225, 7300]
['2019-03-25 15:27:00', 3.23, 3.23, 3.23, 3.23, 545]
['2019-03-25 15:26:00', 3.22, 3.22, 3.22, 3.22, 1325]
['2019-03-25 15:25:00', 3.2169, 3.22, 3.2169, 3.22, 5777]
['2019-03-25 15:23:00', 3.21, 3.2169, 3.21, 3.2169, 2105]
['2019-03-25 15:22:00', 3.2136, 3.2136, 3.2136, 3.2136, 1616]
['2019-03-25 15:20:00', 3.215, 3.2158, 3.215, 3.2158, 7300]
['2019-03-25 15:19:00', 3.21, 3.21, 3.21, 3.21, 2764]
['2019-03-25 15:17:00', 3.2114, 3.2114, 3.2114, 3.2114, 600]
['2019-03-25 15:16:00', 3.22, 3.22, 3.22, 3.22, 2405]
['2019-03-25 15:15:00', 3.21, 3.21, 3.21, 3.21, 700]
['2019-03-25 15:14:00', 3.21, 3.22, 3.21, 3.22, 2423]
['2019-03-25 15:13:00', 3.2, 3.2, 3.2, 3.2, 900]
['2019-03-25 15:12:00', 3.2, 3.2, 3.2, 3.2, 600]
['2019-03-25 15:11:00', 3.2, 3.2, 3.2, 3.2, 300]
['2019-03-25 15:10:00', 3.205, 3.205, 3.205, 3.205, 500]
['2019-03-25 15:09:00', 3.19, 3.2, 3.19, 3.2, 3962]
['2019-03-25 15:08:00', 3.2, 3.19, 3.19, 3.2, 6900]
['2019-03-25 15:06:00', 3.19, 3.19, 3.19, 3.19, 332]
['2019-03-25 15:05:00', 3.2, 3.2, 3.2, 3.2, 2696]
['2019-03-25 15:04:00', 3.2, 3.2, 3.2, 3.2, 658]
['2019-03-25 15:03:00', 3.2, 3.2023, 3.2, 3.2023, 3037]
['2019-03-25 15:02:00', 3.2, 3.2, 3.2, 3.2, 700]
['2019-03-25 15:01:00', 3.21, 3.21, 3.21, 3.21, 345]
['2019-03-25 15:00:00', 3.21, 3.21, 3.21, 3.21, 731]
['2019-03-25 14:59:00', 3.2, 3.2, 3.2, 3.2, 1944]
['2019-03-25 14:57:00', 3.19, 3.19, 3.19, 3.19, 1100]
['2019-03-25 14:56:00', 3.19, 3.19, 3.19, 3.19, 200]
['2019-03-25 14:55:00', 3.19, 3.19, 3.19, 3.19, 400]
['2019-03-25 14:54:00', 3.19, 3.19, 3.19, 3.19, 100]
['2019-03-25 14:53:00', 3.1962, 3.1962, 3.1962, 3.1962, 210]
['2019-03-25 14:52:00', 3.2, 3.19, 3.19, 3.2, 2638]
['2019-03-25 14:51:00', 3.21, 3.2, 3.2, 3.21, 539]
['2019-03-25 14:50:00', 3.21, 3.21, 3.21, 3.21, 145]
['2019-03-25 14:49:00', 3.2, 3.21, 3.2, 3.21, 792]
['2019-03-25 14:47:00', 3.21, 3.21, 3.21, 3.21, 201]
['2019-03-25 14:46:00', 3.2, 3.2, 3.2, 3.2, 1026]
['2019-03-25 14:45:00', 3.21, 3.21, 3.21, 3.21, 8365]
['2019-03-25 14:44:00', 3.19, 3.2, 3.19, 3.2, 4039]
['2019-03-25 14:43:00', 3.19, 3.19, 3.19, 3.19, 635]
['2019-03-25 14:42:00', 3.19, 3.19, 3.19, 3.19, 210]
['2019-03-25 14:40:00', 3.18, 3.18, 3.18, 3.18, 515]
['2019-03-25 14:39:00', 3.1899, 3.1899, 3.1899, 3.1899, 2800]
['2019-03-25 14:38:00', 3.18, 3.1892, 3.18, 3.1892, 567]
['2019-03-25 14:36:00', 3.18, 3.18, 3.18, 3.18, 500]
['2019-03-25 14:35:00', 3.18, 3.18, 3.18, 3.18, 2226]
['2019-03-25 14:34:00', 3.19, 3.185, 3.17, 3.19, 56607]
['2019-03-25 14:33:00', 3.19, 3.19, 3.19, 3.19, 1141]
['2019-03-25 14:32:00', 3.19, 3.19, 3.19, 3.19, 501]
['2019-03-25 14:31:00', 3.19, 3.19, 3.19, 3.19, 400]
['2019-03-25 14:29:00', 3.195, 3.195, 3.195, 3.195, 710]
['2019-03-25 14:28:00', 3.1933, 3.19, 3.19, 3.2, 13496]
['2019-03-25 14:27:00', 3.1966, 3.1954, 3.19, 3.1966, 6925]
['2019-03-25 14:26:00', 3.1998, 3.1998, 3.1998, 3.1998, 5346]
['2019-03-25 14:25:00', 3.19, 3.19, 3.19, 3.19, 560]
['2019-03-25 14:24:00', 3.19, 3.19, 3.19, 3.19, 11175]
['2019-03-25 14:23:00', 3.2, 3.19, 3.19, 3.2, 15563]
['2019-03-25 14:22:00', 3.21, 3.21, 3.21, 3.21, 5662]
['2019-03-25 14:21:00', 3.21, 3.21, 3.21, 3.21, 200]
['2019-03-25 14:19:00', 3.215, 3.215, 3.215, 3.215, 400]
['2019-03-25 14:17:00', 3.22, 3.2154, 3.2154, 3.2249, 7409]
['2019-03-25 14:15:00', 3.22, 3.22, 3.22, 3.22, 1193]
['2019-03-25 14:14:00', 3.2105, 3.2175, 3.2105, 3.22, 5239]
['2019-03-25 14:12:00', 3.2161, 3.2161, 3.2161, 3.2161, 361]
['2019-03-25 14:11:00', 3.21, 3.21, 3.21, 3.21, 805]
['2019-03-25 14:08:00', 3.2108, 3.21, 3.21, 3.2108, 1233]
['2019-03-25 14:07:00', 3.21, 3.21, 3.21, 3.21, 500]
['2019-03-25 14:06:00', 3.2145, 3.2145, 3.2145, 3.2145, 3585]
['2019-03-25 14:05:00', 3.21, 3.21, 3.21, 3.21, 472]
['2019-03-25 14:03:00', 3.22, 3.22, 3.22, 3.22, 200]
['2019-03-25 14:02:00', 3.21, 3.21, 3.21, 3.21, 800]
['2019-03-25 13:59:00', 3.2108, 3.21, 3.21, 3.2108, 1300]
['2019-03-25 13:58:00', 3.2183, 3.2183, 3.2183, 3.2183, 1000]
['2019-03-25 13:56:00', 3.21, 3.21, 3.21, 3.21, 2000]
['2019-03-25 13:55:00', 3.21, 3.21, 3.21, 3.21, 906]
['2019-03-25 13:54:00', 3.215, 3.215, 3.215, 3.215, 249]
['2019-03-25 13:52:00', 3.21, 3.21, 3.21, 3.21, 200]
['2019-03-25 13:51:00', 3.2164, 3.2164, 3.2164, 3.2164, 4661]
['2019-03-25 13:50:00', 3.21, 3.21, 3.21, 3.21, 209]
['2019-03-25 13:48:00', 3.22, 3.21, 3.21, 3.22, 1565]
['2019-03-25 13:47:00', 3.22, 3.22, 3.22, 3.22, 2571]
['2019-03-25 13:46:00', 3.22, 3.22, 3.22, 3.22, 863]
['2019-03-25 13:44:00', 3.22, 3.22, 3.22, 3.22, 340]
['2019-03-25 13:43:00', 3.225, 3.225, 3.225, 3.225, 1121]
['2019-03-25 13:42:00', 3.23, 3.2301, 3.23, 3.2301, 3556]
['2019-03-25 13:40:00', 3.24, 3.24, 3.24, 3.24, 100]
['2019-03-25 13:39:00', 3.2361, 3.2361, 3.2361, 3.2361, 970]
['2019-03-25 13:38:00', 3.23, 3.2399, 3.23, 3.2399, 3911]
['2019-03-25 13:37:00', 3.23, 3.23, 3.23, 3.23, 1500]
['2019-03-25 13:36:00', 3.22, 3.22, 3.22, 3.22, 1201]
['2019-03-25 13:35:00', 3.22, 3.22, 3.22, 3.22, 401]
['2019-03-25 13:34:00', 3.22, 3.22, 3.22, 3.22, 836]
['2019-03-25 13:33:00', 3.22, 3.22, 3.22, 3.22, 708]
['2019-03-25 13:31:00', 3.22, 3.22, 3.22, 3.22, 5010]
['2019-03-25 13:30:00', 3.22, 3.22, 3.22, 3.22, 513]
['2019-03-25 13:29:00', 3.22, 3.22, 3.22, 3.22, 1610]
['2019-03-25 13:28:00', 3.2218, 3.2218, 3.2218, 3.2218, 1300]
['2019-03-25 13:27:00', 3.23, 3.23, 3.23, 3.23, 730]
['2019-03-25 13:26:00', 3.22, 3.22, 3.22, 3.22, 2379]
['2019-03-25 13:25:00', 3.22, 3.22, 3.22, 3.22, 600]
['2019-03-25 13:23:00', 3.22, 3.22, 3.22, 3.22, 300]
['2019-03-25 13:22:00', 3.225, 3.22, 3.22, 3.225, 1760]
['2019-03-25 13:20:00', 3.225, 3.225, 3.225, 3.225, 233]
['2019-03-25 13:18:00', 3.22, 3.225, 3.22, 3.225, 4121]
['2019-03-25 13:17:00', 3.245, 3.245, 3.245, 3.245, 200]
['2019-03-25 13:16:00', 3.25, 3.25, 3.25, 3.25, 2203]
['2019-03-25 13:15:00', 3.24, 3.24, 3.24, 3.24, 806]
['2019-03-25 13:14:00', 3.24, 3.24, 3.24, 3.24, 5350]
['2019-03-25 13:12:00', 3.23, 3.23, 3.23, 3.23, 1300]
['2019-03-25 13:11:00', 3.23, 3.23, 3.23, 3.23, 361]
['2019-03-25 13:10:00', 3.23, 3.23, 3.23, 3.23, 310]
['2019-03-25 13:08:00', 3.23, 3.23, 3.23, 3.23, 200]
['2019-03-25 13:07:00', 3.23, 3.23, 3.23, 3.23, 315]
['2019-03-25 13:06:00', 3.24, 3.2322, 3.23, 3.24, 23638]
['2019-03-25 13:05:00', 3.245, 3.245, 3.245, 3.245, 1441]
['2019-03-25 13:04:00', 3.24, 3.24, 3.24, 3.24, 2310]
['2019-03-25 13:03:00', 3.235, 3.235, 3.235, 3.235, 1100]
['2019-03-25 13:02:00', 3.265, 3.22, 3.22, 3.265, 60970]
['2019-03-25 13:01:00', 3.265, 3.265, 3.265, 3.265, 800]
['2019-03-25 12:59:00', 3.27, 3.2661, 3.2661, 3.27, 3560]
['2019-03-25 12:58:00', 3.2658, 3.2658, 3.2658, 3.2658, 1700]
['2019-03-25 12:57:00', 3.25, 3.26, 3.25, 3.26, 14500]
['2019-03-25 12:56:00', 3.245, 3.245, 3.245, 3.245, 590]
['2019-03-25 12:55:00', 3.2499, 3.2499, 3.2499, 3.2499, 13405]
['2019-03-25 12:54:00', 3.25, 3.25, 3.25, 3.25, 2100]
['2019-03-25 12:52:00', 3.23, 3.24, 3.23, 3.24, 3608]
['2019-03-25 12:51:00', 3.235, 3.2301, 3.2301, 3.235, 5602]
['2019-03-25 12:50:00', 3.2328, 3.2328, 3.2328, 3.2328, 1812]
['2019-03-25 12:49:00', 3.2483, 3.2483, 3.2483, 3.2483, 150]
['2019-03-25 12:48:00', 3.245, 3.245, 3.245, 3.245, 800]
['2019-03-25 12:46:00', 3.25, 3.25, 3.25, 3.25, 320]
['2019-03-25 12:45:00', 3.2425, 3.2425, 3.2425, 3.2425, 9079]
['2019-03-25 12:44:00', 3.25, 3.24, 3.23, 3.25, 4183]
['2019-03-25 12:42:00', 3.26, 3.2554, 3.2554, 3.26, 1190]
['2019-03-25 12:41:00', 3.25, 3.25, 3.25, 3.25, 1650]
['2019-03-25 12:40:00', 3.2407, 3.2407, 3.2407, 3.2407, 482]
['2019-03-25 12:39:00', 3.255, 3.255, 3.25, 3.255, 6107]
['2019-03-25 12:38:00', 3.255, 3.26, 3.255, 3.26, 14484]
['2019-03-25 12:36:00', 3.25, 3.25, 3.25, 3.25, 831]
['2019-03-25 12:35:00', 3.26, 3.26, 3.26, 3.26, 5002]
['2019-03-25 12:34:00', 3.27, 3.27, 3.27, 3.27, 884]
['2019-03-25 12:33:00', 3.28, 3.27, 3.27, 3.28, 4100]
['2019-03-25 12:32:00', 3.3, 3.29, 3.29, 3.3, 2635]
['2019-03-25 12:31:00', 3.29, 3.2923, 3.29, 3.2923, 13262]
['2019-03-25 12:30:00', 3.29, 3.295, 3.29, 3.295, 3094]
['2019-03-25 12:29:00', 3.2899, 3.2899, 3.2899, 3.2899, 900]
['2019-03-25 12:28:00', 3.2791, 3.29, 3.2791, 3.3, 55885]
['2019-03-25 12:27:00', 3.275, 3.275, 3.275, 3.275, 1801]
['2019-03-25 12:26:00', 3.28, 3.28, 3.28, 3.28, 5000]
['2019-03-25 12:25:00', 3.26, 3.26, 3.255, 3.27, 19545]
['2019-03-25 12:24:00', 3.2641, 3.2641, 3.2641, 3.2641, 1853]
['2019-03-25 12:22:00', 3.27, 3.2741, 3.27, 3.2741, 2604]
['2019-03-25 12:21:00', 3.27, 3.28, 3.27, 3.28, 12091]
['2019-03-25 12:20:00', 3.26, 3.27, 3.26, 3.27, 18665]
['2019-03-25 12:19:00', 3.26, 3.25, 3.25, 3.26, 8990]
['2019-03-25 12:17:00', 3.25, 3.25, 3.247, 3.25, 2826]
['2019-03-25 12:16:00', 3.245, 3.245, 3.245, 3.245, 601]
['2019-03-25 12:14:00', 3.24, 3.245, 3.24, 3.25, 6610]
['2019-03-25 12:13:00', 3.24, 3.24, 3.24, 3.24, 500]
['2019-03-25 12:12:00', 3.25, 3.25, 3.25, 3.25, 1861]
['2019-03-25 12:11:00', 3.24, 3.245, 3.24, 3.245, 11806]
['2019-03-25 12:10:00', 3.255, 3.25, 3.25, 3.255, 1474]
['2019-03-25 12:09:00', 3.26, 3.26, 3.26, 3.26, 231]
['2019-03-25 12:08:00', 3.2599, 3.2599, 3.2599, 3.2599, 1233]
['2019-03-25 12:07:00', 3.26, 3.26, 3.26, 3.26, 513]
['2019-03-25 12:06:00', 3.25, 3.2537, 3.25, 3.2537, 5593]
['2019-03-25 12:03:00', 3.24, 3.25, 3.24, 3.25, 25716]
['2019-03-25 12:02:00', 3.23, 3.23, 3.23, 3.23, 332]
['2019-03-25 12:01:00', 3.23, 3.23, 3.23, 3.23, 3042]
['2019-03-25 12:00:00', 3.23, 3.23, 3.23, 3.23, 6303]
['2019-03-25 11:59:00', 3.23, 3.23, 3.23, 3.23, 8969]
['2019-03-25 11:58:00', 3.22, 3.22, 3.22, 3.22, 3300]
['2019-03-25 11:57:00', 3.2, 3.21, 3.2, 3.21, 9800]
['2019-03-25 11:56:00', 3.21, 3.21, 3.21, 3.21, 12000]
['2019-03-25 11:55:00', 3.205, 3.205, 3.205, 3.205, 1471]
['2019-03-25 11:54:00', 3.2, 3.2, 3.2, 3.2, 1100]
['2019-03-25 11:53:00', 3.2, 3.2, 3.2, 3.2, 7109]
['2019-03-25 11:50:00', 3.21, 3.205, 3.205, 3.21, 11450]
['2019-03-25 11:49:00', 3.22, 3.22, 3.22, 3.22, 0]
['2019-03-25 11:48:00', 3.205, 3.22, 3.205, 3.22, 8815]
['2019-03-25 11:47:00', 3.205, 3.205, 3.205, 3.205, 2500]
['2019-03-25 11:46:00', 3.2, 3.2, 3.2, 3.2, 2552]
['2019-03-25 11:45:00', 3.21, 3.21, 3.21, 3.21, 2556]
['2019-03-25 11:44:00', 3.2186, 3.2186, 3.2186, 3.2186, 458]
['2019-03-25 11:43:00', 3.215, 3.215, 3.215, 3.215, 2282]
['2019-03-25 11:42:00', 3.21, 3.21, 3.21, 3.21, 1602]
['2019-03-25 11:41:00', 3.22, 3.22, 3.22, 3.22, 850]
['2019-03-25 11:40:00', 3.203, 3.21, 3.203, 3.21, 4065]
['2019-03-25 11:37:00', 3.22, 3.215, 3.2101, 3.22, 14805]
['2019-03-25 11:36:00', 3.22, 3.22, 3.22, 3.22, 1238]
['2019-03-25 11:35:00', 3.2235, 3.2235, 3.2235, 3.2235, 3080]
['2019-03-25 11:34:00', 3.2135, 3.215, 3.2135, 3.215, 2591]
['2019-03-25 11:33:00', 3.22, 3.22, 3.22, 3.22, 3540]
['2019-03-25 11:32:00', 3.2, 3.21, 3.2, 3.24, 40578]
['2019-03-25 11:31:00', 3.19, 3.19, 3.19, 3.19, 3353]
['2019-03-25 11:30:00', 3.195, 3.195, 3.195, 3.195, 757]
['2019-03-25 11:29:00', 3.1966, 3.1966, 3.1966, 3.1966, 1167]
['2019-03-25 11:28:00', 3.1999, 3.1999, 3.1999, 3.1999, 880]
['2019-03-25 11:27:00', 3.19, 3.19, 3.19, 3.19, 4941]
['2019-03-25 11:26:00', 3.1861, 3.19, 3.1861, 3.19, 5011]
['2019-03-25 11:25:00', 3.1879, 3.19, 3.1879, 3.19, 3900]
['2019-03-25 11:24:00', 3.1803, 3.19, 3.1803, 3.19, 1078]
['2019-03-25 11:22:00', 3.18, 3.19, 3.175, 3.19, 10010]
['2019-03-25 11:19:00', 3.1754, 3.18, 3.1754, 3.18, 725]
['2019-03-25 11:18:00', 3.18, 3.18, 3.18, 3.18, 1410]
['2019-03-25 11:17:00', 3.17, 3.17, 3.17, 3.17, 468]
['2019-03-25 11:16:00', 3.1669, 3.1669, 3.1669, 3.1669, 1839]
['2019-03-25 11:15:00', 3.16, 3.16, 3.16, 3.16, 565]
['2019-03-25 11:14:00', 3.16, 3.16, 3.16, 3.16, 611]
['2019-03-25 11:12:00', 3.17, 3.168, 3.168, 3.17, 2648]
['2019-03-25 11:10:00', 3.17, 3.17, 3.1688, 3.17, 5200]
['2019-03-25 11:08:00', 3.1669, 3.1669, 3.1669, 3.1669, 2050]
['2019-03-25 11:07:00', 3.1507, 3.1507, 3.1507, 3.1507, 607]
['2019-03-25 11:06:00', 3.155, 3.16, 3.15, 3.16, 8620]
['2019-03-25 11:05:00', 3.14, 3.15, 3.14, 3.15, 2200]
['2019-03-25 11:03:00', 3.15, 3.1425, 3.1425, 3.15, 3606]
['2019-03-25 11:02:00', 3.14, 3.14, 3.14, 3.14, 2936]
['2019-03-25 11:01:00', 3.14, 3.14, 3.14, 3.14, 1241]
['2019-03-25 11:00:00', 3.14, 3.14, 3.14, 3.14, 10506]
['2019-03-25 10:59:00', 3.16, 3.15, 3.15, 3.16, 17843]
['2019-03-25 10:58:00', 3.175, 3.17, 3.17, 3.175, 6628]
['2019-03-25 10:57:00', 3.17, 3.18, 3.17, 3.18, 3631]
['2019-03-25 10:56:00', 3.1762, 3.17, 3.17, 3.1762, 4415]
['2019-03-25 10:55:00', 3.17, 3.175, 3.17, 3.18, 10393]
['2019-03-25 10:53:00', 3.18, 3.17, 3.17, 3.185, 30721]
['2019-03-25 10:52:00', 3.15, 3.16, 3.15, 3.16, 6753]
['2019-03-25 10:51:00', 3.14, 3.14, 3.14, 3.14, 2114]
['2019-03-25 10:48:00', 3.14, 3.14, 3.14, 3.14, 3104]
['2019-03-25 10:47:00', 3.15, 3.15, 3.15, 3.15, 5209]
['2019-03-25 10:46:00', 3.145, 3.145, 3.145, 3.145, 162]
['2019-03-25 10:45:00', 3.14, 3.1401, 3.14, 3.1401, 1947]
['2019-03-25 10:44:00', 3.14, 3.14, 3.14, 3.14, 1897]
['2019-03-25 10:43:00', 3.14, 3.14, 3.14, 3.14, 1403]
['2019-03-25 10:42:00', 3.13, 3.13, 3.13, 3.13, 1300]
['2019-03-25 10:41:00', 3.125, 3.125, 3.125, 3.125, 1325]
['2019-03-25 10:40:00', 3.1, 3.13, 3.1, 3.13, 15497]
['2019-03-25 10:39:00', 3.11, 3.11, 3.11, 3.11, 2105]
['2019-03-25 10:38:00', 3.12, 3.12, 3.12, 3.12, 1331]
['2019-03-25 10:37:00', 3.1173, 3.1173, 3.1173, 3.1173, 333]
['2019-03-25 10:35:00', 3.13, 3.12, 3.11, 3.13, 16297]
['2019-03-25 10:34:00', 3.135, 3.135, 3.135, 3.135, 1044]
['2019-03-25 10:33:00', 3.1389, 3.1389, 3.1389, 3.1389, 745]
['2019-03-25 10:32:00', 3.1299, 3.13, 3.1299, 3.13, 6831]
['2019-03-25 10:30:00', 3.13, 3.13, 3.13, 3.13, 11524]
['2019-03-25 10:29:00', 3.125, 3.125, 3.125, 3.125, 2761]
['2019-03-25 10:28:00', 3.115, 3.115, 3.115, 3.115, 9000]
['2019-03-25 10:27:00', 3.11, 3.1, 3.1, 3.11, 10260]
['2019-03-25 10:26:00', 3.11, 3.11, 3.11, 3.11, 1700]
['2019-03-25 10:25:00', 3.1054, 3.1054, 3.1054, 3.1054, 6839]
['2019-03-25 10:24:00', 3.128, 3.128, 3.128, 3.128, 1114]
['2019-03-25 10:23:00', 3.1374, 3.13, 3.13, 3.14, 16286]
['2019-03-25 10:22:00', 3.13, 3.12, 3.12, 3.13, 26700]
['2019-03-25 10:21:00', 3.11, 3.1099, 3.1099, 3.11, 2703]
['2019-03-25 10:20:00', 3.1183, 3.1183, 3.1183, 3.1183, 4172]
['2019-03-25 10:19:00', 3.09, 3.12, 3.085, 3.125, 40258]
['2019-03-25 10:18:00', 3.08, 3.08, 3.08, 3.08, 714]
['2019-03-25 10:17:00', 3.085, 3.085, 3.085, 3.085, 570]
['2019-03-25 10:16:00', 3.085, 3.0887, 3.085, 3.0887, 11657]
['2019-03-25 10:15:00', 3.0806, 3.08, 3.07, 3.0806, 9006]
['2019-03-25 10:14:00', 3.1055, 3.09, 3.09, 3.1055, 18557]
['2019-03-25 10:13:00', 3.1, 3.105, 3.1, 3.105, 3385]
['2019-03-25 10:11:00', 3.11, 3.11, 3.11, 3.11, 1707]
['2019-03-25 10:10:00', 3.105, 3.105, 3.105, 3.105, 6088]
['2019-03-25 10:09:00', 3.12, 3.11, 3.11, 3.12, 5835]
['2019-03-25 10:07:00', 3.11, 3.1282, 3.11, 3.1282, 4528]
['2019-03-25 10:06:00', 3.11, 3.11, 3.11, 3.11, 11097]
['2019-03-25 10:05:00', 3.1, 3.105, 3.1, 3.105, 19172]
['2019-03-25 10:04:00', 3.11, 3.11, 3.11, 3.11, 691]
['2019-03-25 10:03:00', 3.12, 3.11, 3.11, 3.12, 20234]
['2019-03-25 10:02:00', 3.13, 3.13, 3.13, 3.13, 600]
['2019-03-25 10:01:00', 3.13, 3.13, 3.13, 3.13, 1350]
['2019-03-25 10:00:00', 3.13, 3.13, 3.13, 3.13, 797]
['2019-03-25 09:59:00', 3.13, 3.13, 3.13, 3.13, 10426]
['2019-03-25 09:58:00', 3.137, 3.137, 3.137, 3.137, 4709]
['2019-03-25 09:56:00', 3.14, 3.14, 3.14, 3.14, 3795]
['2019-03-25 09:55:00', 3.1468, 3.1468, 3.1468, 3.1468, 3553]
['2019-03-25 09:54:00', 3.14, 3.14, 3.14, 3.14, 3460]
['2019-03-25 09:52:00', 3.13, 3.135, 3.13, 3.135, 8854]
['2019-03-25 09:51:00', 3.1221, 3.1221, 3.1221, 3.1221, 3908]
['2019-03-25 09:50:00', 3.13, 3.13, 3.13, 3.13, 592]
['2019-03-25 09:49:00', 3.12, 3.12, 3.12, 3.12, 4402]
['2019-03-25 09:48:00', 3.14, 3.14, 3.14, 3.14, 12815]
['2019-03-25 09:47:00', 3.1698, 3.15, 3.15, 3.1698, 24840]
['2019-03-25 09:46:00', 3.18, 3.18, 3.18, 3.18, 3870]
['2019-03-25 09:45:00', 3.193, 3.19, 3.19, 3.193, 10865]
['2019-03-25 09:44:00', 3.195, 3.2, 3.195, 3.21, 23801]
['2019-03-25 09:42:00', 3.19, 3.19, 3.19, 3.19, 731]
['2019-03-25 09:41:00', 3.19, 3.19, 3.19, 3.19, 3612]
['2019-03-25 09:40:00', 3.19, 3.19, 3.19, 3.19, 1359]
['2019-03-25 09:39:00', 3.19, 3.19, 3.19, 3.19, 3440]
['2019-03-25 09:38:00', 3.2, 3.2, 3.2, 3.2, 6735]
['2019-03-25 09:37:00', 3.2099, 3.2099, 3.2099, 3.2099, 11857]
['2019-03-25 09:35:00', 3.19, 3.215, 3.19, 3.215, 3212]
['2019-03-25 09:34:00', 3.1899, 3.1899, 3.1899, 3.1899, 2623]
['2019-03-25 09:33:00', 3.17, 3.1655, 3.1655, 3.17, 16105]
['2019-03-25 09:32:00', 3.1899, 3.1899, 3.1899, 3.1899, 12921]
['2019-03-25 09:31:00', 3.2136, 3.2, 3.2, 3.2136, 34940]
