AAN
['2019-03-29 16:00:00', 52.61, 52.6, 52.59, 52.61, 27314]
['2019-03-29 15:59:00', 52.68, 52.65, 52.65, 52.68, 11145]
['2019-03-29 15:58:00', 52.655, 52.68, 52.655, 52.68, 5965]
['2019-03-29 15:57:00', 52.67, 52.68, 52.67, 52.68, 6488]
['2019-03-29 15:56:00', 52.68, 52.675, 52.675, 52.68, 6811]
['2019-03-29 15:55:00', 52.695, 52.65, 52.65, 52.695, 5560]
['2019-03-29 15:54:00', 52.685, 52.68, 52.68, 52.685, 7073]
['2019-03-29 15:53:00', 52.645, 52.68, 52.645, 52.68, 3848]
['2019-03-29 15:52:00', 52.58, 52.645, 52.58, 52.645, 3934]
['2019-03-29 15:51:00', 52.53, 52.565, 52.53, 52.565, 7723]
['2019-03-29 15:50:00', 52.56, 52.54, 52.54, 52.56, 3765]
['2019-03-29 15:49:00', 52.59, 52.56, 52.56, 52.59, 2919]
['2019-03-29 15:48:00', 52.66, 52.65, 52.65, 52.66, 2594]
['2019-03-29 15:47:00', 52.71, 52.7, 52.7, 52.71, 9339]
['2019-03-29 15:46:00', 52.69, 52.715, 52.69, 52.715, 3655]
['2019-03-29 15:45:00', 52.68, 52.69, 52.68, 52.69, 3926]
['2019-03-29 15:44:00', 52.65, 52.65, 52.65, 52.65, 1386]
['2019-03-29 15:43:00', 52.65, 52.65, 52.65, 52.65, 2240]
['2019-03-29 15:42:00', 52.67, 52.65, 52.65, 52.67, 3134]
['2019-03-29 15:41:00', 52.67, 52.67, 52.67, 52.67, 761]
['2019-03-29 15:40:00', 52.65, 52.675, 52.65, 52.675, 1708]
['2019-03-29 15:39:00', 52.64, 52.64, 52.64, 52.64, 684]
['2019-03-29 15:38:00', 52.64, 52.62, 52.62, 52.64, 1915]
['2019-03-29 15:37:00', 52.65, 52.65, 52.65, 52.65, 796]
['2019-03-29 15:36:00', 52.69, 52.67, 52.67, 52.69, 3376]
['2019-03-29 15:35:00', 52.6301, 52.6301, 52.6301, 52.6301, 1725]
['2019-03-29 15:34:00', 52.58, 52.6, 52.58, 52.6, 2027]
['2019-03-29 15:33:00', 52.58, 52.58, 52.58, 52.58, 604]
['2019-03-29 15:32:00', 52.53, 52.59, 52.53, 52.59, 2682]
['2019-03-29 15:31:00', 52.59, 52.57, 52.57, 52.59, 2984]
['2019-03-29 15:30:00', 52.55, 52.55, 52.55, 52.55, 1235]
['2019-03-29 15:28:00', 52.58, 52.58, 52.58, 52.58, 1654]
['2019-03-29 15:27:00', 52.6, 52.59, 52.59, 52.63, 3503]
['2019-03-29 15:26:00', 52.6, 52.6, 52.6, 52.6, 2502]
['2019-03-29 15:25:00', 52.6, 52.6, 52.6, 52.6, 347]
['2019-03-29 15:24:00', 52.61, 52.61, 52.61, 52.61, 1390]
['2019-03-29 15:23:00', 52.58, 52.59, 52.58, 52.59, 2471]
['2019-03-29 15:22:00', 52.6, 52.6, 52.6, 52.6, 430]
['2019-03-29 15:21:00', 52.66, 52.66, 52.66, 52.66, 751]
['2019-03-29 15:20:00', 52.68, 52.68, 52.68, 52.68, 436]
['2019-03-29 15:19:00', 52.71, 52.6807, 52.6807, 52.71, 1885]
['2019-03-29 15:18:00', 52.72, 52.72, 52.72, 52.72, 810]
['2019-03-29 15:17:00', 52.69, 52.72, 52.69, 52.72, 2117]
['2019-03-29 15:16:00', 52.69, 52.69, 52.69, 52.69, 740]
['2019-03-29 15:15:00', 52.705, 52.705, 52.705, 52.705, 543]
['2019-03-29 15:14:00', 52.7, 52.72, 52.7, 52.72, 928]
['2019-03-29 15:13:00', 52.72, 52.72, 52.72, 52.72, 1845]
['2019-03-29 15:12:00', 52.77, 52.73, 52.73, 52.77, 1556]
['2019-03-29 15:11:00', 52.77, 52.77, 52.77, 52.77, 499]
['2019-03-29 15:10:00', 52.81, 52.8, 52.8, 52.81, 1200]
['2019-03-29 15:08:00', 52.7, 52.8, 52.7, 52.86, 5216]
['2019-03-29 15:07:00', 52.735, 52.715, 52.715, 52.735, 1400]
['2019-03-29 15:06:00', 52.75, 52.75, 52.75, 52.75, 500]
['2019-03-29 15:05:00', 52.77, 52.775, 52.77, 52.775, 1027]
['2019-03-29 15:03:00', 52.78, 52.77, 52.77, 52.78, 1912]
['2019-03-29 15:02:00', 52.79, 52.79, 52.79, 52.79, 1150]
['2019-03-29 15:01:00', 52.76, 52.78, 52.76, 52.78, 4886]
['2019-03-29 15:00:00', 52.78, 52.8, 52.78, 52.8, 1597]
['2019-03-29 14:59:00', 52.83, 52.76, 52.76, 52.83, 3888]
['2019-03-29 14:58:00', 52.93, 52.9, 52.9, 52.93, 2532]
['2019-03-29 14:57:00', 52.95, 52.95, 52.95, 52.95, 709]
['2019-03-29 14:56:00', 52.98, 52.96, 52.96, 52.98, 3337]
['2019-03-29 14:55:00', 52.97, 52.98, 52.97, 52.98, 15180]
['2019-03-29 14:54:00', 52.94, 52.94, 52.94, 52.94, 1314]
['2019-03-29 14:53:00', 52.9, 52.9, 52.9, 52.9, 482]
['2019-03-29 14:52:00', 52.85, 52.9, 52.85, 52.9, 3152]
['2019-03-29 14:51:00', 52.81, 52.87, 52.81, 52.87, 3834]
['2019-03-29 14:50:00', 52.81, 52.81, 52.81, 52.81, 600]
['2019-03-29 14:49:00', 52.8, 52.8, 52.8, 52.8, 735]
['2019-03-29 14:48:00', 52.76, 52.78, 52.76, 52.78, 1779]
['2019-03-29 14:46:00', 52.77, 52.77, 52.77, 52.77, 1186]
['2019-03-29 14:45:00', 52.79, 52.78, 52.78, 52.79, 3240]
['2019-03-29 14:42:00', 52.76, 52.79, 52.76, 52.79, 3431]
['2019-03-29 14:41:00', 52.76, 52.76, 52.76, 52.76, 710]
['2019-03-29 14:40:00', 52.79, 52.78, 52.78, 52.79, 1335]
['2019-03-29 14:39:00', 52.79, 52.82, 52.79, 52.82, 3129]
['2019-03-29 14:38:00', 52.76, 52.82, 52.76, 52.82, 3184]
['2019-03-29 14:36:00', 52.74, 52.76, 52.74, 52.76, 3345]
['2019-03-29 14:35:00', 52.77, 52.77, 52.77, 52.77, 879]
['2019-03-29 14:34:00', 52.7748, 52.77, 52.76, 52.79, 6823]
['2019-03-29 14:33:00', 52.755, 52.755, 52.755, 52.755, 518]
['2019-03-29 14:32:00', 52.745, 52.745, 52.745, 52.745, 100]
['2019-03-29 14:31:00', 52.75, 52.75, 52.75, 52.75, 419]
['2019-03-29 14:30:00', 52.72, 52.72, 52.72, 52.72, 1494]
['2019-03-29 14:29:00', 52.69, 52.7, 52.69, 52.7, 2944]
['2019-03-29 14:28:00', 52.67, 52.67, 52.67, 52.67, 200]
['2019-03-29 14:27:00', 52.685, 52.685, 52.685, 52.685, 800]
['2019-03-29 14:26:00', 52.65, 52.7, 52.65, 52.7, 1375]
['2019-03-29 14:25:00', 52.61, 52.635, 52.61, 52.635, 2162]
['2019-03-29 14:23:00', 52.61, 52.59, 52.59, 52.61, 938]
['2019-03-29 14:22:00', 52.59, 52.6, 52.59, 52.6, 1166]
['2019-03-29 14:21:00', 52.55, 52.55, 52.55, 52.55, 777]
['2019-03-29 14:20:00', 52.6, 52.6, 52.6, 52.6, 796]
['2019-03-29 14:19:00', 52.66, 52.66, 52.66, 52.66, 320]
['2019-03-29 14:18:00', 52.63, 52.63, 52.63, 52.63, 651]
['2019-03-29 14:17:00', 52.72, 52.69, 52.69, 52.72, 1302]
['2019-03-29 14:16:00', 52.72, 52.72, 52.72, 52.72, 810]
['2019-03-29 14:15:00', 52.76, 52.755, 52.755, 52.76, 1530]
['2019-03-29 14:14:00', 52.74, 52.74, 52.74, 52.74, 860]
['2019-03-29 14:12:00', 52.74, 52.74, 52.74, 52.74, 375]
['2019-03-29 14:10:00', 52.71, 52.77, 52.71, 52.77, 3965]
['2019-03-29 14:09:00', 52.7, 52.71, 52.7, 52.71, 1216]
['2019-03-29 14:07:00', 52.67, 52.67, 52.67, 52.67, 256]
['2019-03-29 14:06:00', 52.65, 52.65, 52.65, 52.65, 760]
['2019-03-29 14:05:00', 52.65, 52.64, 52.64, 52.65, 469]
['2019-03-29 14:04:00', 52.655, 52.63, 52.63, 52.655, 1384]
['2019-03-29 14:03:00', 52.66, 52.66, 52.66, 52.66, 880]
['2019-03-29 14:01:00', 52.62, 52.62, 52.62, 52.62, 440]
['2019-03-29 14:00:00', 52.63, 52.63, 52.63, 52.63, 493]
['2019-03-29 13:59:00', 52.67, 52.66, 52.65, 52.67, 2522]
['2019-03-29 13:58:00', 52.68, 52.68, 52.68, 52.68, 629]
['2019-03-29 13:57:00', 52.63, 52.61, 52.61, 52.63, 1572]
['2019-03-29 13:56:00', 52.59, 52.59, 52.59, 52.59, 1689]
['2019-03-29 13:54:00', 52.61, 52.61, 52.61, 52.61, 722]
['2019-03-29 13:52:00', 52.59, 52.58, 52.58, 52.59, 795]
['2019-03-29 13:51:00', 52.58, 52.615, 52.58, 52.615, 2129]
['2019-03-29 13:50:00', 52.5, 52.56, 52.5, 52.56, 2659]
['2019-03-29 13:49:00', 52.48, 52.48, 52.48, 52.48, 800]
['2019-03-29 13:48:00', 52.57, 52.51, 52.51, 52.57, 2116]
['2019-03-29 13:47:00', 52.49, 52.49, 52.34, 52.49, 8714]
['2019-03-29 13:46:00', 52.59, 52.56, 52.56, 52.59, 1351]
['2019-03-29 13:45:00', 52.56, 52.56, 52.56, 52.56, 526]
['2019-03-29 13:42:00', 52.52, 52.52, 52.52, 52.52, 308]
['2019-03-29 13:41:00', 52.5, 52.5, 52.5, 52.5, 211]
['2019-03-29 13:40:00', 52.52, 52.52, 52.52, 52.52, 206]
['2019-03-29 13:38:00', 52.45, 52.45, 52.45, 52.45, 698]
['2019-03-29 13:37:00', 52.51, 52.51, 52.51, 52.51, 1410]
['2019-03-29 13:36:00', 52.5, 52.51, 52.5, 52.52, 4225]
['2019-03-29 13:35:00', 52.485, 52.49, 52.485, 52.49, 2915]
['2019-03-29 13:33:00', 52.47, 52.47, 52.47, 52.47, 506]
['2019-03-29 13:32:00', 52.45, 52.45, 52.45, 52.45, 302]
['2019-03-29 13:31:00', 52.45, 52.45, 52.45, 52.45, 418]
['2019-03-29 13:29:00', 52.46, 52.46, 52.46, 52.46, 587]
['2019-03-29 13:28:00', 52.41, 52.45, 52.41, 52.45, 1184]
['2019-03-29 13:26:00', 52.425, 52.425, 52.425, 52.425, 296]
['2019-03-29 13:24:00', 52.41, 52.41, 52.41, 52.41, 298]
['2019-03-29 13:23:00', 52.455, 52.435, 52.435, 52.455, 1470]
['2019-03-29 13:22:00', 52.42, 52.42, 52.42, 52.42, 1197]
['2019-03-29 13:21:00', 52.42, 52.42, 52.42, 52.42, 390]
['2019-03-29 13:19:00', 52.47, 52.5, 52.47, 52.5, 1038]
['2019-03-29 13:18:00', 52.495, 52.495, 52.495, 52.495, 476]
['2019-03-29 13:16:00', 52.52, 52.52, 52.52, 52.52, 1250]
['2019-03-29 13:15:00', 52.55, 52.55, 52.55, 52.55, 1715]
['2019-03-29 13:14:00', 52.59, 52.59, 52.59, 52.59, 100]
['2019-03-29 13:11:00', 52.565, 52.565, 52.565, 52.565, 752]
['2019-03-29 13:10:00', 52.49, 52.57, 52.49, 52.57, 2179]
['2019-03-29 13:09:00', 52.47, 52.47, 52.47, 52.47, 507]
['2019-03-29 13:08:00', 52.41, 52.47, 52.41, 52.47, 4013]
['2019-03-29 13:07:00', 52.37, 52.37, 52.37, 52.37, 1027]
['2019-03-29 13:05:00', 52.405, 52.42, 52.405, 52.42, 951]
['2019-03-29 13:04:00', 52.37, 52.37, 52.37, 52.37, 1000]
['2019-03-29 13:03:00', 52.43, 52.43, 52.43, 52.43, 725]
['2019-03-29 13:01:00', 52.42, 52.41, 52.41, 52.43, 2965]
['2019-03-29 12:58:00', 52.4, 52.4, 52.4, 52.4, 1109]
['2019-03-29 12:57:00', 52.41, 52.41, 52.41, 52.41, 900]
['2019-03-29 12:56:00', 52.4, 52.4, 52.4, 52.4, 501]
['2019-03-29 12:55:00', 52.4, 52.4, 52.4, 52.4, 1002]
['2019-03-29 12:54:00', 52.38, 52.435, 52.38, 52.435, 1546]
['2019-03-29 12:53:00', 52.3899, 52.41, 52.3899, 52.44, 5263]
['2019-03-29 12:52:00', 52.3804, 52.3804, 52.3804, 52.3804, 2054]
['2019-03-29 12:51:00', 52.37, 52.37, 52.37, 52.37, 399]
['2019-03-29 12:50:00', 52.39, 52.36, 52.36, 52.39, 1760]
['2019-03-29 12:49:00', 52.355, 52.4, 52.355, 52.4, 1492]
['2019-03-29 12:47:00', 52.33, 52.33, 52.33, 52.33, 948]
['2019-03-29 12:45:00', 52.35, 52.35, 52.35, 52.35, 728]
['2019-03-29 12:44:00', 52.35, 52.39, 52.35, 52.39, 1477]
['2019-03-29 12:43:00', 52.31, 52.31, 52.31, 52.31, 387]
['2019-03-29 12:42:00', 52.33, 52.33, 52.33, 52.33, 500]
['2019-03-29 12:40:00', 52.4, 52.36, 52.36, 52.41, 2835]
['2019-03-29 12:39:00', 52.41, 52.43, 52.41, 52.43, 2355]
['2019-03-29 12:38:00', 52.37, 52.37, 52.37, 52.37, 410]
['2019-03-29 12:37:00', 52.37, 52.37, 52.37, 52.37, 302]
['2019-03-29 12:35:00', 52.33, 52.33, 52.33, 52.33, 765]
['2019-03-29 12:34:00', 52.305, 52.305, 52.305, 52.305, 591]
['2019-03-29 12:32:00', 52.28, 52.28, 52.28, 52.28, 1127]
['2019-03-29 12:30:00', 52.3, 52.3, 52.3, 52.3, 1137]
['2019-03-29 12:29:00', 52.328, 52.328, 52.328, 52.328, 1070]
['2019-03-29 12:28:00', 52.28, 52.28, 52.28, 52.28, 201]
['2019-03-29 12:27:00', 52.26, 52.26, 52.26, 52.26, 638]
['2019-03-29 12:24:00', 52.38, 52.29, 52.24, 52.38, 5685]
['2019-03-29 12:23:00', 52.385, 52.385, 52.385, 52.385, 653]
['2019-03-29 12:22:00', 52.39, 52.39, 52.39, 52.39, 634]
['2019-03-29 12:21:00', 52.325, 52.325, 52.325, 52.325, 456]
['2019-03-29 12:20:00', 52.335, 52.29, 52.29, 52.335, 2406]
['2019-03-29 12:19:00', 52.349, 52.349, 52.349, 52.349, 1192]
['2019-03-29 12:18:00', 52.26, 52.3, 52.26, 52.3, 2145]
['2019-03-29 12:17:00', 52.25, 52.25, 52.25, 52.25, 1200]
['2019-03-29 12:16:00', 52.21, 52.24, 52.21, 52.24, 1933]
['2019-03-29 12:15:00', 52.24, 52.24, 52.24, 52.24, 955]
['2019-03-29 12:14:00', 52.21, 52.21, 52.21, 52.21, 343]
['2019-03-29 12:13:00', 52.22, 52.23, 52.2125, 52.23, 23053]
['2019-03-29 12:12:00', 52.23, 52.23, 52.23, 52.23, 823]
['2019-03-29 12:11:00', 52.22, 52.215, 52.215, 52.22, 1371]
['2019-03-29 12:10:00', 52.17, 52.21, 52.17, 52.21, 3103]
['2019-03-29 12:09:00', 52.175, 52.17, 52.17, 52.175, 1581]
['2019-03-29 12:08:00', 52.23, 52.19, 52.19, 52.23, 2979]
['2019-03-29 12:07:00', 52.2, 52.22, 52.2, 52.22, 2215]
['2019-03-29 12:06:00', 52.21, 52.2, 52.2, 52.21, 2505]
['2019-03-29 12:05:00', 52.22, 52.22, 52.22, 52.22, 727]
['2019-03-29 12:04:00', 52.21, 52.21, 52.21, 52.21, 401]
['2019-03-29 12:03:00', 52.2, 52.2, 52.2, 52.2, 702]
['2019-03-29 12:02:00', 52.23, 52.23, 52.23, 52.23, 1113]
['2019-03-29 12:01:00', 52.19, 52.2, 52.19, 52.2, 1970]
['2019-03-29 12:00:00', 52.2, 52.2, 52.2, 52.2, 800]
['2019-03-29 11:59:00', 52.25, 52.25, 52.25, 52.25, 358]
['2019-03-29 11:57:00', 52.245, 52.22, 52.22, 52.245, 1254]
['2019-03-29 11:56:00', 52.13, 52.21, 52.13, 52.21, 8845]
['2019-03-29 11:55:00', 52.24, 52.2, 52.2, 52.245, 54424]
['2019-03-29 11:54:00', 52.26, 52.26, 52.26, 52.26, 557]
['2019-03-29 11:53:00', 52.26, 52.26, 52.26, 52.26, 747]
['2019-03-29 11:52:00', 52.24, 52.24, 52.24, 52.24, 1035]
['2019-03-29 11:51:00', 52.22, 52.23, 52.21, 52.24, 12880]
['2019-03-29 11:50:00', 52.2, 52.2, 52.2, 52.2, 100]
['2019-03-29 11:49:00', 52.24, 52.24, 52.24, 52.24, 641]
['2019-03-29 11:48:00', 52.18, 52.18, 52.18, 52.18, 653]
['2019-03-29 11:47:00', 52.25, 52.25, 52.25, 52.25, 563]
['2019-03-29 11:46:00', 52.21, 52.23, 52.21, 52.23, 3153]
['2019-03-29 11:45:00', 52.21, 52.21, 52.21, 52.21, 942]
['2019-03-29 11:44:00', 52.26, 52.26, 52.26, 52.26, 800]
['2019-03-29 11:43:00', 52.31, 52.28, 52.28, 52.31, 1579]
['2019-03-29 11:42:00', 52.28, 52.28, 52.28, 52.28, 730]
['2019-03-29 11:41:00', 52.3, 52.3, 52.3, 52.3, 439]
['2019-03-29 11:40:00', 52.275, 52.295, 52.275, 52.295, 1429]
['2019-03-29 11:39:00', 52.26, 52.26, 52.26, 52.26, 1916]
['2019-03-29 11:38:00', 52.16, 52.23, 52.16, 52.23, 4483]
['2019-03-29 11:37:00', 52.165, 52.165, 52.165, 52.165, 614]
['2019-03-29 11:36:00', 52.178, 52.178, 52.178, 52.178, 1414]
['2019-03-29 11:35:00', 52.17, 52.17, 52.17, 52.17, 812]
['2019-03-29 11:34:00', 52.16, 52.17, 52.15, 52.17, 4450]
['2019-03-29 11:33:00', 52.145, 52.17, 52.145, 52.17, 2653]
['2019-03-29 11:32:00', 52.205, 52.17, 52.17, 52.205, 1593]
['2019-03-29 11:31:00', 52.19, 52.19, 52.19, 52.19, 513]
['2019-03-29 11:30:00', 52.207, 52.207, 52.207, 52.207, 1418]
['2019-03-29 11:29:00', 52.17, 52.17, 52.17, 52.17, 1553]
['2019-03-29 11:28:00', 52.18, 52.18, 52.18, 52.18, 312]
['2019-03-29 11:27:00', 52.17, 52.21, 52.17, 52.21, 1315]
['2019-03-29 11:26:00', 52.14, 52.14, 52.14, 52.14, 784]
['2019-03-29 11:24:00', 52.09, 52.09, 52.09, 52.1, 2764]
['2019-03-29 11:23:00', 52.1, 52.06, 52.06, 52.1, 3153]
['2019-03-29 11:22:00', 52.1, 52.1, 52.1, 52.1, 1200]
['2019-03-29 11:21:00', 52.13, 52.13, 52.13, 52.13, 517]
['2019-03-29 11:20:00', 52.14, 52.11, 52.11, 52.14, 2261]
['2019-03-29 11:19:00', 52.1, 52.11, 52.1, 52.11, 4197]
['2019-03-29 11:18:00', 52.1, 52.1, 52.1, 52.1, 729]
['2019-03-29 11:17:00', 52.06, 52.085, 52.06, 52.085, 730]
['2019-03-29 11:15:00', 52.06, 52.06, 52.06, 52.06, 1399]
['2019-03-29 11:14:00', 52.1, 52.1, 52.1, 52.1, 662]
['2019-03-29 11:13:00', 52.14, 52.14, 52.14, 52.14, 595]
['2019-03-29 11:12:00', 52.085, 52.085, 52.085, 52.085, 796]
['2019-03-29 11:11:00', 52.11, 52.11, 52.11, 52.11, 820]
['2019-03-29 11:09:00', 52.14, 52.11, 52.11, 52.14, 1285]
['2019-03-29 11:08:00', 52.05, 52.05, 52.05, 52.05, 663]
['2019-03-29 11:07:00', 52.05, 52.05, 52.05, 52.05, 921]
['2019-03-29 11:06:00', 52.02, 52.0, 51.9975, 52.02, 4127]
['2019-03-29 11:05:00', 52.045, 52.02, 52.02, 52.045, 5642]
['2019-03-29 11:04:00', 52.05, 52.09, 52.05, 52.09, 2464]
['2019-03-29 11:02:00', 52.0, 52.01, 52.0, 52.01, 1755]
['2019-03-29 11:01:00', 52.02, 52.01, 51.99, 52.02, 8721]
['2019-03-29 10:57:00', 51.95, 51.95, 51.95, 51.95, 249]
['2019-03-29 10:56:00', 52.0, 52.0, 52.0, 52.0, 436]
['2019-03-29 10:55:00', 51.95, 51.95, 51.95, 51.95, 339]
['2019-03-29 10:53:00', 51.96, 51.96, 51.96, 51.96, 1306]
['2019-03-29 10:52:00', 51.96, 51.98, 51.94, 51.98, 3516]
['2019-03-29 10:50:00', 51.96, 51.96, 51.96, 51.96, 875]
['2019-03-29 10:49:00', 52.06, 52.06, 52.06, 52.06, 673]
['2019-03-29 10:48:00', 52.02, 52.04, 52.02, 52.04, 1600]
['2019-03-29 10:46:00', 52.04, 52.04, 52.04, 52.04, 891]
['2019-03-29 10:45:00', 52.12, 52.12, 52.12, 52.12, 1333]
['2019-03-29 10:44:00', 52.175, 52.175, 52.175, 52.175, 964]
['2019-03-29 10:43:00', 52.19, 52.19, 52.19, 52.19, 223]
['2019-03-29 10:42:00', 52.15, 52.15, 52.15, 52.15, 739]
['2019-03-29 10:41:00', 52.21, 52.21, 52.21, 52.21, 591]
['2019-03-29 10:40:00', 52.21, 52.21, 52.21, 52.21, 827]
['2019-03-29 10:39:00', 52.18, 52.19, 52.18, 52.19, 2675]
['2019-03-29 10:38:00', 52.15, 52.15, 52.15, 52.15, 1431]
['2019-03-29 10:37:00', 52.19, 52.19, 52.19, 52.19, 616]
['2019-03-29 10:35:00', 52.22, 52.22, 52.22, 52.22, 507]
['2019-03-29 10:34:00', 52.185, 52.17, 52.17, 52.185, 1630]
['2019-03-29 10:33:00', 52.21, 52.21, 52.21, 52.21, 1000]
['2019-03-29 10:32:00', 52.17, 52.17, 52.17, 52.17, 435]
['2019-03-29 10:31:00', 52.19, 52.18, 52.18, 52.19, 2587]
['2019-03-29 10:30:00', 52.1, 52.15, 52.1, 52.15, 10648]
['2019-03-29 10:29:00', 52.07, 52.0797, 52.07, 52.0797, 3285]
['2019-03-29 10:28:00', 52.01, 52.01, 52.01, 52.01, 996]
['2019-03-29 10:27:00', 52.08, 52.02, 52.02, 52.08, 3091]
['2019-03-29 10:26:00', 51.98, 51.98, 51.98, 51.98, 1205]
['2019-03-29 10:23:00', 51.9, 51.9, 51.9, 51.9, 236]
['2019-03-29 10:22:00', 51.95, 51.95, 51.95, 51.95, 525]
['2019-03-29 10:21:00', 52.0, 52.0, 52.0, 52.0, 301]
['2019-03-29 10:20:00', 51.94, 51.94, 51.94, 51.94, 210]
['2019-03-29 10:19:00', 52.02, 52.02, 52.02, 52.02, 300]
['2019-03-29 10:17:00', 52.0, 52.01, 52.0, 52.01, 1384]
['2019-03-29 10:16:00', 52.04, 52.04, 52.04, 52.04, 4180]
['2019-03-29 10:15:00', 52.04, 52.04, 52.04, 52.04, 450]
['2019-03-29 10:13:00', 51.95, 52.03, 51.95, 52.03, 1468]
['2019-03-29 10:11:00', 51.98, 51.98, 51.98, 51.98, 412]
['2019-03-29 10:09:00', 52.03, 52.01, 52.01, 52.03, 1090]
['2019-03-29 10:08:00', 51.96, 51.96, 51.96, 51.96, 2082]
['2019-03-29 10:07:00', 51.915, 51.87, 51.87, 51.915, 2440]
['2019-03-29 10:05:00', 51.9, 51.98, 51.9, 51.98, 1087]
['2019-03-29 10:04:00', 51.903, 51.903, 51.903, 51.903, 931]
['2019-03-29 10:01:00', 51.93, 51.93, 51.93, 51.93, 162]
['2019-03-29 10:00:00', 51.84, 51.84, 51.84, 51.84, 358]
['2019-03-29 09:59:00', 51.84, 51.84, 51.84, 51.84, 812]
['2019-03-29 09:58:00', 51.95, 51.89, 51.89, 51.95, 2571]
['2019-03-29 09:55:00', 51.84, 51.96, 51.84, 51.96, 866]
['2019-03-29 09:54:00', 51.81, 51.81, 51.81, 51.81, 302]
['2019-03-29 09:52:00', 51.83, 51.83, 51.83, 51.83, 766]
['2019-03-29 09:51:00', 51.81, 51.81, 51.81, 51.81, 1100]
['2019-03-29 09:50:00', 52.02, 52.02, 52.02, 52.02, 300]
['2019-03-29 09:47:00', 51.97, 51.97, 51.97, 51.97, 300]
['2019-03-29 09:46:00', 52.06, 52.06, 52.06, 52.06, 310]
['2019-03-29 09:45:00', 52.005, 52.005, 52.005, 52.005, 401]
['2019-03-29 09:44:00', 51.92, 51.92, 51.92, 51.92, 1428]
['2019-03-29 09:42:00', 51.755, 51.755, 51.755, 51.755, 315]
['2019-03-29 09:41:00', 51.8, 51.8, 51.8, 51.8, 2825]
['2019-03-29 09:40:00', 52.02, 52.02, 52.02, 52.02, 451]
['2019-03-29 09:37:00', 51.81, 51.81, 51.81, 51.81, 3600]
['2019-03-29 09:35:00', 51.92, 51.92, 51.92, 51.92, 3692]
['2019-03-28 16:00:00', 51.86, 51.86, 51.86, 51.86, 3794]
['2019-03-28 15:59:00', 51.91, 51.89, 51.89, 51.91, 4201]
['2019-03-28 15:58:00', 51.8875, 51.9, 51.88, 51.91, 14331]
['2019-03-28 15:57:00', 51.885, 51.88, 51.88, 51.885, 3276]
['2019-03-28 15:56:00', 51.88, 51.89, 51.88, 51.89, 2901]
['2019-03-28 15:55:00', 51.83, 51.87, 51.83, 51.87, 5428]
['2019-03-28 15:54:00', 51.82, 51.81, 51.81, 51.84, 11700]
['2019-03-28 15:53:00', 51.78, 51.81, 51.78, 51.81, 4853]
['2019-03-28 15:52:00', 51.74, 51.8, 51.74, 51.8, 3277]
['2019-03-28 15:51:00', 51.77, 51.77, 51.77, 51.77, 1252]
['2019-03-28 15:50:00', 51.77, 51.76, 51.76, 51.77, 1885]
['2019-03-28 15:49:00', 51.79, 51.79, 51.79, 51.79, 1822]
['2019-03-28 15:48:00', 51.86, 51.84, 51.84, 51.86, 1739]
['2019-03-28 15:47:00', 51.84, 51.84, 51.84, 51.84, 2954]
['2019-03-28 15:46:00', 51.825, 51.84, 51.825, 51.84, 2358]
['2019-03-28 15:45:00', 51.88, 51.84, 51.84, 51.88, 2596]
['2019-03-28 15:44:00', 51.87, 51.87, 51.87, 51.87, 1493]
['2019-03-28 15:43:00', 51.88, 51.85, 51.85, 51.88, 1226]
['2019-03-28 15:42:00', 51.8, 51.82, 51.8, 51.82, 1994]
['2019-03-28 15:41:00', 51.8, 51.8, 51.8, 51.8, 507]
['2019-03-28 15:40:00', 51.79, 51.79, 51.79, 51.79, 957]
['2019-03-28 15:39:00', 51.84, 51.78, 51.78, 51.84, 2448]
['2019-03-28 15:38:00', 51.83, 51.83, 51.83, 51.83, 417]
['2019-03-28 15:37:00', 51.84, 51.84, 51.84, 51.84, 700]
['2019-03-28 15:36:00', 51.82, 51.83, 51.82, 51.83, 1663]
['2019-03-28 15:35:00', 51.8, 51.8, 51.8, 51.8, 2153]
['2019-03-28 15:34:00', 51.79, 51.77, 51.77, 51.79, 1540]
['2019-03-28 15:33:00', 51.82, 51.82, 51.82, 51.82, 421]
['2019-03-28 15:32:00', 51.8499, 51.83, 51.83, 51.8499, 2457]
['2019-03-28 15:31:00', 51.855, 51.855, 51.855, 51.855, 801]
['2019-03-28 15:30:00', 51.82, 51.84, 51.82, 51.84, 3226]
['2019-03-28 15:29:00', 51.89, 51.84, 51.84, 51.89, 3534]
['2019-03-28 15:27:00', 51.91, 51.92, 51.91, 51.92, 1740]
['2019-03-28 15:26:00', 51.88, 51.88, 51.88, 51.88, 540]
['2019-03-28 15:25:00', 51.92, 51.92, 51.91, 51.92, 2337]
['2019-03-28 15:24:00', 51.92, 51.92, 51.92, 51.92, 331]
['2019-03-28 15:23:00', 51.9, 51.91, 51.9, 51.91, 3327]
['2019-03-28 15:22:00', 51.89, 51.89, 51.89, 51.89, 619]
['2019-03-28 15:21:00', 51.91, 51.91, 51.91, 51.91, 555]
['2019-03-28 15:20:00', 51.91, 51.91, 51.91, 51.91, 932]
['2019-03-28 15:19:00', 51.91, 51.91, 51.91, 51.91, 621]
['2019-03-28 15:18:00', 51.86, 51.89, 51.86, 51.89, 1084]
['2019-03-28 15:17:00', 51.89, 51.89, 51.89, 51.89, 418]
['2019-03-28 15:16:00', 51.86, 51.86, 51.86, 51.86, 505]
['2019-03-28 15:15:00', 51.85, 51.85, 51.85, 51.85, 608]
['2019-03-28 15:13:00', 51.85, 51.84, 51.84, 51.85, 1929]
['2019-03-28 15:11:00', 51.84, 51.84, 51.84, 51.84, 729]
['2019-03-28 15:10:00', 51.87, 51.84, 51.84, 51.875, 2302]
['2019-03-28 15:08:00', 51.8863, 51.8863, 51.8863, 51.8863, 901]
['2019-03-28 15:07:00', 51.98, 51.88, 51.88, 51.98, 2287]
['2019-03-28 15:06:00', 51.99, 51.99, 51.99, 51.99, 845]
['2019-03-28 15:05:00', 51.99, 51.97, 51.97, 51.99, 2435]
['2019-03-28 15:04:00', 51.98, 51.99, 51.98, 51.99, 1511]
['2019-03-28 15:03:00', 51.97, 51.97, 51.97, 51.97, 706]
['2019-03-28 15:02:00', 51.94, 51.94, 51.94, 51.94, 398]
['2019-03-28 15:01:00', 51.91, 51.89, 51.89, 51.91, 2002]
['2019-03-28 15:00:00', 51.95, 51.95, 51.95, 51.95, 309]
['2019-03-28 14:59:00', 51.95, 51.95, 51.95, 51.95, 416]
['2019-03-28 14:58:00', 51.93, 51.93, 51.93, 51.93, 713]
['2019-03-28 14:57:00', 51.9, 51.9, 51.9, 51.9, 113]
['2019-03-28 14:56:00', 51.86, 51.86, 51.86, 51.86, 265]
['2019-03-28 14:53:00', 51.85, 51.85, 51.85, 51.85, 786]
['2019-03-28 14:52:00', 51.82, 51.86, 51.82, 51.86, 2086]
['2019-03-28 14:51:00', 51.83, 51.83, 51.83, 51.83, 225]
['2019-03-28 14:50:00', 51.85, 51.85, 51.85, 51.85, 681]
['2019-03-28 14:49:00', 51.89, 51.89, 51.89, 51.89, 673]
['2019-03-28 14:48:00', 51.91, 51.91, 51.91, 51.91, 1790]
['2019-03-28 14:46:00', 51.91, 51.91, 51.91, 51.91, 584]
['2019-03-28 14:45:00', 51.875, 51.9, 51.875, 51.9, 1253]
['2019-03-28 14:44:00', 51.91, 51.91, 51.91, 51.91, 615]
['2019-03-28 14:43:00', 51.93, 51.93, 51.93, 51.93, 259]
['2019-03-28 14:42:00', 51.92, 51.92, 51.92, 51.92, 659]
['2019-03-28 14:41:00', 51.935, 51.93, 51.93, 51.935, 1414]
['2019-03-28 14:40:00', 51.945, 51.945, 51.945, 51.945, 210]
['2019-03-28 14:38:00', 51.92, 51.92, 51.92, 51.92, 405]
['2019-03-28 14:37:00', 51.95, 51.93, 51.93, 51.95, 1861]
['2019-03-28 14:36:00', 51.95, 51.95, 51.95, 51.95, 120]
['2019-03-28 14:35:00', 51.97, 51.94, 51.94, 51.97, 1694]
['2019-03-28 14:34:00', 51.94, 51.94, 51.94, 51.94, 752]
['2019-03-28 14:33:00', 51.94, 51.94, 51.94, 51.94, 313]
['2019-03-28 14:32:00', 51.92, 51.92, 51.91, 51.92, 2387]
['2019-03-28 14:30:00', 51.93, 51.93, 51.93, 51.93, 381]
['2019-03-28 14:29:00', 51.93, 51.93, 51.93, 51.93, 613]
['2019-03-28 14:28:00', 51.9, 51.9, 51.9, 51.9, 511]
['2019-03-28 14:25:00', 51.93, 51.91, 51.91, 51.93, 1172]
['2019-03-28 14:24:00', 51.8, 51.84, 51.8, 51.84, 891]
['2019-03-28 14:22:00', 51.81, 51.81, 51.81, 51.81, 837]
['2019-03-28 14:21:00', 51.82, 51.81, 51.81, 51.82, 2282]
['2019-03-28 14:20:00', 51.86, 51.86, 51.86, 51.86, 695]
['2019-03-28 14:19:00', 51.86, 51.86, 51.86, 51.86, 440]
['2019-03-28 14:18:00', 51.86, 51.86, 51.86, 51.86, 660]
['2019-03-28 14:17:00', 51.865, 51.865, 51.865, 51.865, 400]
['2019-03-28 14:15:00', 51.865, 51.865, 51.865, 51.865, 309]
['2019-03-28 14:14:00', 51.84, 51.84, 51.84, 51.84, 317]
['2019-03-28 14:13:00', 51.86, 51.86, 51.86, 51.86, 206]
['2019-03-28 14:12:00', 51.82, 51.82, 51.82, 51.82, 501]
['2019-03-28 14:11:00', 51.83, 51.83, 51.83, 51.83, 600]
['2019-03-28 14:10:00', 51.84, 51.84, 51.84, 51.84, 1219]
['2019-03-28 14:08:00', 51.88, 51.85, 51.85, 51.88, 1908]
['2019-03-28 14:05:00', 51.9175, 51.9175, 51.9175, 51.9175, 149]
['2019-03-28 14:04:00', 51.87, 51.87, 51.87, 51.87, 146]
['2019-03-28 14:03:00', 51.875, 51.84, 51.84, 51.875, 1425]
['2019-03-28 14:02:00', 51.85, 51.85, 51.85, 51.85, 655]
['2019-03-28 14:01:00', 51.8, 51.8, 51.8, 51.8, 1480]
['2019-03-28 14:00:00', 51.79, 51.79, 51.79, 51.79, 613]
['2019-03-28 13:58:00', 51.81, 51.81, 51.81, 51.81, 559]
['2019-03-28 13:57:00', 51.84, 51.84, 51.84, 51.84, 251]
['2019-03-28 13:55:00', 51.82, 51.82, 51.82, 51.82, 616]
['2019-03-28 13:53:00', 51.78, 51.78, 51.78, 51.78, 282]
['2019-03-28 13:52:00', 51.78, 51.78, 51.78, 51.78, 498]
['2019-03-28 13:47:00', 51.72, 51.72, 51.72, 51.72, 489]
['2019-03-28 13:44:00', 51.79, 51.76, 51.76, 51.79, 524]
['2019-03-28 13:43:00', 51.76, 51.76, 51.76, 51.76, 266]
['2019-03-28 13:39:00', 51.77, 51.77, 51.77, 51.77, 127]
['2019-03-28 13:38:00', 51.75, 51.75, 51.75, 51.75, 494]
['2019-03-28 13:37:00', 51.75, 51.75, 51.75, 51.75, 316]
['2019-03-28 13:36:00', 51.72, 51.72, 51.72, 51.72, 248]
['2019-03-28 13:34:00', 51.78, 51.78, 51.78, 51.78, 591]
['2019-03-28 13:33:00', 51.79, 51.78, 51.78, 51.79, 1174]
['2019-03-28 13:31:00', 51.78, 51.78, 51.78, 51.78, 341]
['2019-03-28 13:29:00', 51.79, 51.81, 51.79, 51.81, 908]
['2019-03-28 13:25:00', 51.81, 51.81, 51.81, 51.81, 532]
['2019-03-28 13:24:00', 51.76, 51.76, 51.76, 51.76, 795]
['2019-03-28 13:23:00', 51.78, 51.8, 51.78, 51.8, 2408]
['2019-03-28 13:22:00', 51.75, 51.81, 51.75, 51.81, 3375]
['2019-03-28 13:21:00', 51.76, 51.73, 51.73, 51.76, 2516]
['2019-03-28 13:20:00', 51.8, 51.8, 51.8, 51.8, 1050]
['2019-03-28 13:17:00', 51.72, 51.72, 51.72, 51.72, 1074]
['2019-03-28 13:16:00', 51.74, 51.74, 51.74, 51.74, 330]
['2019-03-28 13:15:00', 51.76, 51.76, 51.76, 51.76, 100]
['2019-03-28 13:10:00', 51.74, 51.74, 51.74, 51.74, 321]
['2019-03-28 13:07:00', 51.73, 51.73, 51.73, 51.73, 1400]
['2019-03-28 13:06:00', 51.73, 51.7, 51.7, 51.73, 1280]
['2019-03-28 13:05:00', 51.77, 51.77, 51.77, 51.77, 410]
['2019-03-28 13:04:00', 51.73, 51.73, 51.73, 51.73, 627]
['2019-03-28 13:03:00', 51.69, 51.71, 51.69, 51.71, 2073]
['2019-03-28 13:02:00', 51.65, 51.67, 51.63, 51.67, 3572]
['2019-03-28 13:01:00', 51.665, 51.63, 51.63, 51.665, 2122]
['2019-03-28 12:59:00', 51.625, 51.67, 51.625, 51.67, 3414]
['2019-03-28 12:58:00', 51.63, 51.63, 51.63, 51.63, 3308]
['2019-03-28 12:56:00', 51.62, 51.62, 51.62, 51.62, 1107]
['2019-03-28 12:55:00', 51.56, 51.56, 51.56, 51.56, 584]
['2019-03-28 12:54:00', 51.58, 51.58, 51.58, 51.58, 372]
['2019-03-28 12:53:00', 51.59, 51.575, 51.575, 51.59, 931]
['2019-03-28 12:49:00', 51.5, 51.5, 51.5, 51.5, 300]
['2019-03-28 12:48:00', 51.53, 51.49, 51.49, 51.53, 1220]
['2019-03-28 12:47:00', 51.56, 51.56, 51.56, 51.56, 520]
['2019-03-28 12:44:00', 51.57, 51.57, 51.57, 51.57, 717]
['2019-03-28 12:43:00', 51.575, 51.575, 51.575, 51.575, 205]
['2019-03-28 12:42:00', 51.575, 51.575, 51.575, 51.575, 1001]
['2019-03-28 12:39:00', 51.58, 51.52, 51.52, 51.58, 2276]
['2019-03-28 12:38:00', 51.5925, 51.5925, 51.5925, 51.5925, 2501]
['2019-03-28 12:37:00', 51.52, 51.59, 51.52, 51.59, 1402]
['2019-03-28 12:35:00', 51.56, 51.55, 51.55, 51.56, 1106]
['2019-03-28 12:34:00', 51.65, 51.65, 51.65, 51.65, 2485]
['2019-03-28 12:33:00', 51.6, 51.61, 51.6, 51.62, 5395]
['2019-03-28 12:32:00', 51.53, 51.55, 51.53, 51.55, 1078]
['2019-03-28 12:28:00', 51.48, 51.48, 51.48, 51.48, 461]
['2019-03-28 12:26:00', 51.53, 51.53, 51.53, 51.53, 362]
['2019-03-28 12:24:00', 51.55, 51.52, 51.52, 51.55, 1452]
['2019-03-28 12:23:00', 51.54, 51.54, 51.54, 51.54, 200]
['2019-03-28 12:22:00', 51.56, 51.56, 51.56, 51.56, 204]
['2019-03-28 12:20:00', 51.5, 51.5, 51.5, 51.5, 1272]
['2019-03-28 12:19:00', 51.47, 51.47, 51.47, 51.47, 1719]
['2019-03-28 12:18:00', 51.44, 51.46, 51.44, 51.48, 4527]
['2019-03-28 12:17:00', 51.44, 51.44, 51.44, 51.44, 902]
['2019-03-28 12:16:00', 51.4625, 51.4625, 51.4625, 51.4625, 1126]
['2019-03-28 12:15:00', 51.5, 51.48, 51.48, 51.5, 1650]
['2019-03-28 12:12:00', 51.49, 51.49, 51.49, 51.49, 300]
['2019-03-28 12:11:00', 51.51, 51.51, 51.51, 51.51, 602]
['2019-03-28 12:10:00', 51.44, 51.44, 51.44, 51.44, 100]
['2019-03-28 12:08:00', 51.47, 51.47, 51.47, 51.47, 605]
['2019-03-28 12:07:00', 51.5, 51.5, 51.5, 51.5, 1200]
['2019-03-28 12:06:00', 51.47, 51.47, 51.47, 51.47, 721]
['2019-03-28 12:05:00', 51.5, 51.5, 51.5, 51.5, 300]
['2019-03-28 12:04:00', 51.45, 51.45, 51.45, 51.45, 400]
['2019-03-28 12:02:00', 51.53, 51.53, 51.53, 51.53, 735]
['2019-03-28 12:01:00', 51.49, 51.49, 51.49, 51.49, 420]
['2019-03-28 12:00:00', 51.48, 51.48, 51.48, 51.48, 500]
['2019-03-28 11:59:00', 51.47, 51.47, 51.47, 51.47, 868]
['2019-03-28 11:58:00', 51.45, 51.45, 51.45, 51.45, 580]
['2019-03-28 11:56:00', 51.5, 51.5, 51.5, 51.5, 200]
['2019-03-28 11:55:00', 51.5, 51.5, 51.5, 51.5, 403]
['2019-03-28 11:54:00', 51.53, 51.53, 51.53, 51.53, 772]
['2019-03-28 11:52:00', 51.57, 51.57, 51.57, 51.57, 901]
['2019-03-28 11:51:00', 51.62, 51.62, 51.62, 51.62, 370]
['2019-03-28 11:49:00', 51.635, 51.65, 51.635, 51.65, 2321]
['2019-03-28 11:48:00', 51.52, 51.52, 51.52, 51.52, 1130]
['2019-03-28 11:46:00', 51.49, 51.49, 51.49, 51.49, 1440]
['2019-03-28 11:43:00', 51.49, 51.49, 51.49, 51.49, 500]
['2019-03-28 11:41:00', 51.6, 51.6, 51.6, 51.6, 400]
['2019-03-28 11:40:00', 51.585, 51.585, 51.585, 51.585, 300]
['2019-03-28 11:38:00', 51.53, 51.53, 51.53, 51.53, 795]
['2019-03-28 11:37:00', 51.59, 51.59, 51.59, 51.59, 706]
['2019-03-28 11:35:00', 51.56, 51.56, 51.56, 51.56, 856]
['2019-03-28 11:34:00', 51.5, 51.5, 51.5, 51.5, 700]
['2019-03-28 11:33:00', 51.58, 51.58, 51.58, 51.58, 200]
['2019-03-28 11:32:00', 51.62, 51.62, 51.62, 51.62, 1620]
['2019-03-28 11:31:00', 51.75, 51.75, 51.75, 51.75, 406]
['2019-03-28 11:26:00', 51.88, 51.88, 51.88, 51.88, 578]
['2019-03-28 11:24:00', 51.84, 51.83, 51.83, 51.84, 1352]
['2019-03-28 11:21:00', 51.95, 51.96, 51.95, 51.96, 8932]
['2019-03-28 11:20:00', 51.88, 52.0, 51.88, 52.0, 4043]
['2019-03-28 11:19:00', 51.88, 51.88, 51.88, 51.88, 1759]
['2019-03-28 11:18:00', 51.88, 51.88, 51.88, 51.88, 397]
['2019-03-28 11:17:00', 51.87, 51.87, 51.87, 51.87, 400]
['2019-03-28 11:15:00', 51.94, 51.94, 51.94, 51.94, 1381]
['2019-03-28 11:14:00', 51.95, 51.9, 51.9, 51.95, 2646]
['2019-03-28 11:11:00', 51.95, 51.93, 51.93, 51.95, 2260]
['2019-03-28 11:10:00', 51.97, 51.96, 51.96, 51.97, 16491]
['2019-03-28 11:09:00', 52.03, 52.03, 52.03, 52.03, 520]
['2019-03-28 11:08:00', 52.02, 52.02, 52.02, 52.02, 355]
['2019-03-28 11:07:00', 52.04, 52.04, 52.04, 52.04, 1077]
['2019-03-28 11:06:00', 52.08, 52.055, 52.055, 52.08, 2538]
['2019-03-28 11:04:00', 52.15, 52.15, 52.15, 52.15, 477]
['2019-03-28 11:03:00', 52.1, 52.11, 52.1, 52.11, 2424]
['2019-03-28 11:01:00', 52.21, 52.145, 52.145, 52.21, 2598]
['2019-03-28 10:59:00', 52.12, 52.12, 52.12, 52.12, 956]
['2019-03-28 10:58:00', 52.18, 52.18, 52.18, 52.18, 300]
['2019-03-28 10:56:00', 52.26, 52.22, 52.22, 52.26, 1801]
['2019-03-28 10:55:00', 52.22, 52.315, 52.22, 52.315, 2058]
['2019-03-28 10:54:00', 52.195, 52.195, 52.195, 52.195, 1006]
['2019-03-28 10:52:00', 52.13, 52.13, 52.13, 52.13, 2129]
['2019-03-28 10:51:00', 52.15, 52.15, 52.15, 52.15, 1300]
['2019-03-28 10:50:00', 52.18, 52.18, 52.18, 52.18, 551]
['2019-03-28 10:48:00', 52.09, 52.09, 52.09, 52.09, 1200]
['2019-03-28 10:46:00', 52.095, 52.095, 52.095, 52.095, 759]
['2019-03-28 10:45:00', 52.12, 52.12, 52.12, 52.12, 433]
['2019-03-28 10:44:00', 52.15, 52.15, 52.15, 52.15, 606]
['2019-03-28 10:41:00', 51.97, 51.97, 51.97, 51.97, 100]
['2019-03-28 10:40:00', 51.98, 51.98, 51.98, 51.98, 632]
['2019-03-28 10:39:00', 52.05, 51.94, 51.94, 52.05, 2728]
['2019-03-28 10:38:00', 52.04, 52.04, 52.04, 52.04, 1728]
['2019-03-28 10:37:00', 52.06, 52.1, 52.06, 52.1, 3798]
['2019-03-28 10:36:00', 52.16, 52.16, 52.16, 52.16, 200]
['2019-03-28 10:35:00', 52.15, 52.15, 52.15, 52.15, 745]
['2019-03-28 10:34:00', 52.14, 52.14, 52.14, 52.14, 843]
['2019-03-28 10:32:00', 52.12, 52.15, 52.12, 52.185, 2575]
['2019-03-28 10:31:00', 52.08, 52.08, 52.08, 52.08, 1287]
['2019-03-28 10:30:00', 52.07, 52.07, 52.07, 52.07, 544]
['2019-03-28 10:27:00', 51.96, 52.02, 51.96, 52.02, 1649]
['2019-03-28 10:21:00', 52.04, 52.04, 52.04, 52.04, 473]
['2019-03-28 10:20:00', 51.935, 51.935, 51.935, 51.935, 213]
['2019-03-28 10:19:00', 51.93, 51.96, 51.93, 51.96, 5433]
['2019-03-28 10:18:00', 51.93, 51.93, 51.93, 51.93, 318]
['2019-03-28 10:17:00', 51.9, 51.9, 51.9, 51.9, 648]
['2019-03-28 10:16:00', 51.975, 51.975, 51.975, 51.975, 535]
['2019-03-28 10:15:00', 51.93, 51.93, 51.93, 51.93, 664]
['2019-03-28 10:13:00', 52.13, 52.08, 52.08, 52.13, 2861]
['2019-03-28 10:11:00', 52.09, 52.09, 52.09, 52.09, 1041]
['2019-03-28 10:10:00', 52.1, 52.1, 52.1, 52.1, 369]
['2019-03-28 10:07:00', 52.22, 52.17, 52.17, 52.22, 1138]
['2019-03-28 10:04:00', 52.17, 52.17, 52.17, 52.17, 1193]
['2019-03-28 10:03:00', 52.12, 52.12, 52.12, 52.12, 100]
['2019-03-28 10:01:00', 52.06, 52.06, 52.06, 52.06, 661]
['2019-03-28 09:58:00', 51.9, 51.9, 51.9, 51.9, 100]
['2019-03-28 09:57:00', 51.88, 51.88, 51.88, 51.88, 1844]
['2019-03-28 09:55:00', 52.14, 51.99, 51.99, 52.14, 2917]
['2019-03-28 09:54:00', 52.135, 52.135, 52.135, 52.135, 2692]
['2019-03-28 09:53:00', 52.02, 52.02, 52.02, 52.02, 2200]
['2019-03-28 09:52:00', 52.155, 52.155, 52.155, 52.155, 269]
['2019-03-28 09:51:00', 52.155, 52.155, 52.155, 52.155, 266]
['2019-03-28 09:49:00', 52.145, 52.145, 52.145, 52.145, 400]
['2019-03-28 09:48:00', 52.22, 52.22, 52.22, 52.22, 639]
['2019-03-28 09:46:00', 51.98, 52.01, 51.98, 52.01, 5196]
['2019-03-28 09:44:00', 51.89, 51.89, 51.89, 51.89, 820]
['2019-03-28 09:43:00', 51.81, 51.81, 51.81, 51.81, 415]
['2019-03-28 09:42:00', 51.835, 51.835, 51.835, 51.835, 199]
['2019-03-28 09:40:00', 51.835, 51.835, 51.835, 51.835, 500]
['2019-03-28 09:39:00', 51.9053, 51.9053, 51.9053, 51.9053, 734]
['2019-03-28 09:38:00', 51.84, 51.84, 51.84, 51.84, 850]
['2019-03-28 09:35:00', 51.71, 51.65, 51.65, 51.71, 1226]
['2019-03-28 09:33:00', 51.92, 51.92, 51.92, 51.92, 226]
['2019-03-28 09:31:00', 51.57, 51.57, 51.57, 51.57, 1487]
['2019-03-27 16:00:00', 51.19, 51.24, 51.19, 51.25, 12116]
['2019-03-27 15:59:00', 51.245, 51.26, 51.245, 51.26, 4193]
['2019-03-27 15:58:00', 51.25, 51.27, 51.25, 51.27, 3504]
['2019-03-27 15:57:00', 51.26, 51.255, 51.255, 51.26, 2807]
['2019-03-27 15:56:00', 51.28, 51.295, 51.28, 51.295, 3613]
['2019-03-27 15:55:00', 51.3, 51.305, 51.3, 51.305, 3620]
['2019-03-27 15:54:00', 51.29, 51.31, 51.29, 51.31, 2176]
['2019-03-27 15:53:00', 51.3, 51.3, 51.3, 51.3, 1556]
['2019-03-27 15:52:00', 51.35, 51.35, 51.35, 51.35, 1342]
['2019-03-27 15:51:00', 51.375, 51.37, 51.37, 51.375, 2296]
['2019-03-27 15:50:00', 51.35, 51.35, 51.35, 51.35, 921]
['2019-03-27 15:49:00', 51.37, 51.38, 51.37, 51.38, 1800]
['2019-03-27 15:47:00', 51.44, 51.39, 51.39, 51.44, 3961]
['2019-03-27 15:46:00', 51.42, 51.42, 51.42, 51.42, 1459]
['2019-03-27 15:45:00', 51.43, 51.43, 51.43, 51.43, 2605]
['2019-03-27 15:44:00', 51.42, 51.425, 51.42, 51.425, 1651]
['2019-03-27 15:43:00', 51.45, 51.4, 51.4, 51.45, 1273]
['2019-03-27 15:42:00', 51.46, 51.48, 51.46, 51.48, 1140]
['2019-03-27 15:41:00', 51.47, 51.47, 51.47, 51.47, 391]
['2019-03-27 15:39:00', 51.45, 51.47, 51.45, 51.47, 1746]
['2019-03-27 15:38:00', 51.53, 51.51, 51.51, 51.53, 1495]
['2019-03-27 15:37:00', 51.53, 51.53, 51.53, 51.53, 278]
['2019-03-27 15:36:00', 51.57, 51.55, 51.55, 51.57, 2008]
['2019-03-27 15:35:00', 51.6, 51.6, 51.6, 51.6, 848]
['2019-03-27 15:34:00', 51.59, 51.59, 51.59, 51.59, 651]
['2019-03-27 15:33:00', 51.55, 51.55, 51.55, 51.55, 446]
['2019-03-27 15:32:00', 51.63, 51.57, 51.57, 51.63, 2556]
['2019-03-27 15:31:00', 51.59, 51.59, 51.59, 51.59, 1043]
['2019-03-27 15:30:00', 51.58, 51.58, 51.58, 51.58, 540]
['2019-03-27 15:29:00', 51.49, 51.49, 51.49, 51.49, 337]
['2019-03-27 15:28:00', 51.54, 51.54, 51.54, 51.54, 416]
['2019-03-27 15:27:00', 51.47, 51.47, 51.47, 51.47, 396]
['2019-03-27 15:26:00', 51.44, 51.44, 51.44, 51.44, 420]
['2019-03-27 15:25:00', 51.42, 51.42, 51.42, 51.42, 693]
['2019-03-27 15:24:00', 51.47, 51.47, 51.47, 51.47, 782]
['2019-03-27 15:23:00', 51.39, 51.39, 51.39, 51.39, 1718]
['2019-03-27 15:22:00', 51.33, 51.33, 51.33, 51.33, 256]
['2019-03-27 15:21:00', 51.39, 51.34, 51.34, 51.39, 3373]
['2019-03-27 15:20:00', 51.41, 51.39, 51.39, 51.41, 1813]
['2019-03-27 15:18:00', 51.44, 51.38, 51.38, 51.44, 3989]
['2019-03-27 15:16:00', 51.38, 51.385, 51.38, 51.385, 662]
['2019-03-27 15:14:00', 51.34, 51.34, 51.34, 51.34, 220]
['2019-03-27 15:13:00', 51.38, 51.38, 51.38, 51.38, 938]
['2019-03-27 15:12:00', 51.32, 51.4, 51.32, 51.4, 586]
['2019-03-27 15:10:00', 51.31, 51.31, 51.31, 51.31, 918]
['2019-03-27 15:09:00', 51.3, 51.3, 51.3, 51.3, 1022]
['2019-03-27 15:08:00', 51.34, 51.34, 51.34, 51.34, 100]
['2019-03-27 15:06:00', 51.33, 51.35, 51.33, 51.35, 1230]
['2019-03-27 15:05:00', 51.33, 51.33, 51.33, 51.33, 760]
['2019-03-27 15:04:00', 51.33, 51.33, 51.33, 51.33, 1368]
['2019-03-27 15:02:00', 51.41, 51.41, 51.41, 51.41, 108]
['2019-03-27 15:01:00', 51.4, 51.4, 51.4, 51.4, 761]
['2019-03-27 14:58:00', 51.35, 51.35, 51.35, 51.35, 478]
['2019-03-27 14:57:00', 51.35, 51.35, 51.35, 51.35, 559]
['2019-03-27 14:56:00', 51.4, 51.42, 51.4, 51.42, 1162]
['2019-03-27 14:55:00', 51.38, 51.38, 51.38, 51.38, 1269]
['2019-03-27 14:54:00', 51.445, 51.43, 51.43, 51.445, 1208]
['2019-03-27 14:53:00', 51.455, 51.455, 51.455, 51.455, 633]
['2019-03-27 14:50:00', 51.445, 51.445, 51.445, 51.445, 211]
['2019-03-27 14:48:00', 51.43, 51.43, 51.43, 51.43, 967]
['2019-03-27 14:46:00', 51.39, 51.39, 51.39, 51.39, 412]
['2019-03-27 14:43:00', 51.37, 51.4, 51.37, 51.4, 1500]
['2019-03-27 14:42:00', 51.39, 51.39, 51.39, 51.39, 208]
['2019-03-27 14:40:00', 51.36, 51.33, 51.33, 51.36, 2116]
['2019-03-27 14:39:00', 51.41, 51.41, 51.41, 51.41, 500]
['2019-03-27 14:38:00', 51.4399, 51.4399, 51.4399, 51.4399, 629]
['2019-03-27 14:36:00', 51.38, 51.365, 51.365, 51.38, 1420]
['2019-03-27 14:35:00', 51.42, 51.42, 51.42, 51.42, 445]
['2019-03-27 14:34:00', 51.42, 51.42, 51.42, 51.42, 640]
['2019-03-27 14:33:00', 51.48, 51.43, 51.43, 51.48, 723]
['2019-03-27 14:32:00', 51.505, 51.505, 51.505, 51.505, 953]
['2019-03-27 14:31:00', 51.475, 51.475, 51.475, 51.475, 1421]
['2019-03-27 14:30:00', 51.49, 51.47, 51.44, 51.5, 17398]
['2019-03-27 14:28:00', 51.44, 51.44, 51.44, 51.44, 667]
['2019-03-27 14:27:00', 51.475, 51.475, 51.475, 51.475, 497]
['2019-03-27 14:26:00', 51.47, 51.47, 51.47, 51.47, 954]
['2019-03-27 14:25:00', 51.47, 51.47, 51.47, 51.47, 500]
['2019-03-27 14:23:00', 51.41, 51.455, 51.41, 51.455, 1251]
['2019-03-27 14:22:00', 51.34, 51.34, 51.34, 51.34, 858]
['2019-03-27 14:21:00', 51.41, 51.41, 51.41, 51.41, 370]
['2019-03-27 14:18:00', 51.39, 51.39, 51.39, 51.39, 372]
['2019-03-27 14:17:00', 51.46, 51.4016, 51.4016, 51.46, 490]
['2019-03-27 14:15:00', 51.43, 51.43, 51.43, 51.43, 210]
['2019-03-27 14:14:00', 51.43, 51.46, 51.43, 51.46, 551]
['2019-03-27 14:12:00', 51.42, 51.42, 51.42, 51.42, 301]
['2019-03-27 14:11:00', 51.39, 51.39, 51.39, 51.39, 358]
['2019-03-27 14:10:00', 51.37, 51.37, 51.37, 51.37, 323]
['2019-03-27 14:09:00', 51.395, 51.395, 51.395, 51.395, 120]
['2019-03-27 14:08:00', 51.37, 51.37, 51.37, 51.37, 343]
['2019-03-27 14:06:00', 51.4, 51.4, 51.4, 51.4, 491]
['2019-03-27 14:05:00', 51.42, 51.4, 51.4, 51.42, 1211]
['2019-03-27 14:04:00', 51.36, 51.36, 51.36, 51.36, 133]
['2019-03-27 14:03:00', 51.4, 51.4, 51.4, 51.4, 229]
['2019-03-27 14:01:00', 51.32, 51.32, 51.32, 51.32, 514]
['2019-03-27 14:00:00', 51.29, 51.27, 51.27, 51.29, 676]
['2019-03-27 13:58:00', 51.35, 51.35, 51.35, 51.35, 113]
['2019-03-27 13:56:00', 51.35, 51.35, 51.35, 51.35, 922]
['2019-03-27 13:55:00', 51.34, 51.34, 51.34, 51.34, 370]
['2019-03-27 13:51:00', 51.28, 51.28, 51.28, 51.28, 626]
['2019-03-27 13:50:00', 51.29, 51.29, 51.29, 51.29, 983]
['2019-03-27 13:48:00', 51.28, 51.28, 51.28, 51.28, 166]
['2019-03-27 13:47:00', 51.31, 51.31, 51.31, 51.31, 405]
['2019-03-27 13:46:00', 51.2821, 51.2821, 51.2821, 51.2821, 1078]
['2019-03-27 13:45:00', 51.28, 51.28, 51.28, 51.28, 507]
['2019-03-27 13:44:00', 51.28, 51.28, 51.28, 51.28, 202]
['2019-03-27 13:43:00', 51.28, 51.28, 51.28, 51.28, 476]
['2019-03-27 13:41:00', 51.25, 51.22, 51.22, 51.25, 2320]
['2019-03-27 13:40:00', 51.265, 51.265, 51.265, 51.265, 1085]
['2019-03-27 13:39:00', 51.27, 51.23, 51.23, 51.27, 3927]
['2019-03-27 13:38:00', 51.21, 51.21, 51.21, 51.21, 243]
['2019-03-27 13:37:00', 51.21, 51.21, 51.21, 51.21, 212]
['2019-03-27 13:36:00', 51.22, 51.22, 51.22, 51.22, 501]
['2019-03-27 13:35:00', 51.19, 51.19, 51.19, 51.19, 508]
['2019-03-27 13:34:00', 51.165, 51.165, 51.165, 51.165, 110]
['2019-03-27 13:32:00', 51.17, 51.17, 51.17, 51.17, 707]
['2019-03-27 13:31:00', 51.185, 51.185, 51.185, 51.185, 300]
['2019-03-27 13:28:00', 51.135, 51.135, 51.135, 51.135, 392]
['2019-03-27 13:27:00', 51.1726, 51.1726, 51.1726, 51.1726, 119]
['2019-03-27 13:26:00', 51.19, 51.19, 51.19, 51.19, 735]
['2019-03-27 13:25:00', 51.19, 51.19, 51.19, 51.19, 400]
['2019-03-27 13:22:00', 51.18, 51.23, 51.18, 51.23, 3035]
['2019-03-27 13:20:00', 51.17, 51.17, 51.17, 51.17, 505]
['2019-03-27 13:18:00', 51.23, 51.23, 51.23, 51.23, 320]
['2019-03-27 13:17:00', 51.29, 51.29, 51.29, 51.29, 277]
['2019-03-27 13:15:00', 51.2, 51.29, 51.2, 51.29, 1024]
['2019-03-27 13:13:00', 51.07, 51.07, 51.07, 51.07, 407]
['2019-03-27 13:11:00', 51.02, 51.02, 51.02, 51.02, 308]
['2019-03-27 13:09:00', 51.08, 51.08, 51.08, 51.08, 732]
['2019-03-27 13:06:00', 51.14, 51.13, 51.13, 51.14, 633]
['2019-03-27 13:05:00', 51.12, 51.12, 51.12, 51.12, 778]
['2019-03-27 13:01:00', 51.19, 51.19, 51.19, 51.19, 570]
['2019-03-27 13:00:00', 51.21, 51.21, 51.21, 51.21, 308]
['2019-03-27 12:58:00', 51.29, 51.29, 51.29, 51.29, 506]
['2019-03-27 12:56:00', 51.2536, 51.2536, 51.2536, 51.2536, 417]
['2019-03-27 12:55:00', 51.31, 51.31, 51.31, 51.31, 184]
['2019-03-27 12:53:00', 51.29, 51.29, 51.29, 51.29, 622]
['2019-03-27 12:51:00', 51.18, 51.18, 51.18, 51.18, 401]
['2019-03-27 12:50:00', 51.22, 51.25, 51.22, 51.25, 775]
['2019-03-27 12:48:00', 51.12, 51.11, 51.11, 51.12, 2279]
['2019-03-27 12:47:00', 51.07, 51.14, 51.07, 51.14, 1958]
['2019-03-27 12:46:00', 51.12, 51.18, 51.12, 51.18, 2649]
['2019-03-27 12:45:00', 51.14, 51.14, 51.14, 51.14, 407]
['2019-03-27 12:42:00', 51.11, 51.11, 51.11, 51.11, 490]
['2019-03-27 12:41:00', 51.08, 51.08, 51.08, 51.08, 598]
['2019-03-27 12:40:00', 51.1, 51.1, 51.1, 51.1, 419]
['2019-03-27 12:38:00', 51.12, 51.12, 51.12, 51.12, 167]
['2019-03-27 12:37:00', 51.12, 51.12, 51.12, 51.12, 428]
['2019-03-27 12:35:00', 51.1, 51.1, 51.1, 51.1, 293]
['2019-03-27 12:34:00', 51.15, 51.15, 51.15, 51.15, 433]
['2019-03-27 12:33:00', 51.1, 51.1, 51.1, 51.1, 333]
['2019-03-27 12:31:00', 51.12, 51.21, 51.12, 51.21, 455]
['2019-03-27 12:30:00', 51.24, 51.24, 51.24, 51.24, 305]
['2019-03-27 12:28:00', 51.18, 51.18, 51.18, 51.18, 385]
['2019-03-27 12:27:00', 51.14, 51.14, 51.14, 51.14, 201]
['2019-03-27 12:25:00', 51.04, 51.1385, 51.04, 51.1385, 1302]
['2019-03-27 12:23:00', 51.04, 51.0, 51.0, 51.04, 1484]
['2019-03-27 12:21:00', 51.02, 51.05, 51.02, 51.05, 1297]
['2019-03-27 12:20:00', 50.93, 50.93, 50.93, 50.93, 501]
['2019-03-27 12:19:00', 50.95, 50.95, 50.95, 50.95, 238]
['2019-03-27 12:18:00', 50.99, 50.99, 50.99, 50.99, 700]
['2019-03-27 12:15:00', 50.915, 50.915, 50.915, 50.915, 524]
['2019-03-27 12:14:00', 50.99, 50.99, 50.99, 50.99, 566]
['2019-03-27 12:13:00', 50.97, 50.97, 50.97, 50.97, 200]
['2019-03-27 12:10:00', 50.96, 50.96, 50.96, 50.96, 221]
['2019-03-27 12:08:00', 50.9, 50.88, 50.88, 50.9, 1578]
['2019-03-27 12:06:00', 50.86, 50.92, 50.86, 50.92, 2199]
['2019-03-27 12:04:00', 50.76, 50.76, 50.76, 50.76, 319]
['2019-03-27 12:03:00', 50.73, 50.73, 50.73, 50.73, 563]
['2019-03-27 12:02:00', 50.7, 50.7, 50.7, 50.7, 1021]
['2019-03-27 12:01:00', 50.675, 50.675, 50.675, 50.675, 365]
['2019-03-27 12:00:00', 50.69, 50.69, 50.69, 50.69, 312]
['2019-03-27 11:57:00', 50.66, 50.66, 50.66, 50.66, 565]
['2019-03-27 11:56:00', 50.645, 50.645, 50.645, 50.645, 335]
['2019-03-27 11:54:00', 50.61, 50.64, 50.61, 50.64, 1911]
['2019-03-27 11:53:00', 50.52, 50.52, 50.52, 50.52, 1614]
['2019-03-27 11:52:00', 50.67, 50.67, 50.67, 50.67, 620]
['2019-03-27 11:50:00', 50.61, 50.61, 50.61, 50.61, 1450]
['2019-03-27 11:49:00', 50.68, 50.68, 50.68, 50.68, 300]
['2019-03-27 11:48:00', 50.7, 50.7, 50.7, 50.7, 345]
['2019-03-27 11:46:00', 50.7, 50.72, 50.7, 50.72, 1568]
['2019-03-27 11:45:00', 50.67, 50.67, 50.67, 50.67, 300]
['2019-03-27 11:44:00', 50.695, 50.695, 50.695, 50.695, 709]
['2019-03-27 11:42:00', 50.77, 50.77, 50.77, 50.77, 206]
['2019-03-27 11:40:00', 50.81, 50.77, 50.77, 50.81, 649]
['2019-03-27 11:38:00', 50.82, 50.82, 50.82, 50.82, 347]
['2019-03-27 11:37:00', 50.87, 50.81, 50.81, 50.87, 1046]
['2019-03-27 11:35:00', 50.88, 50.88, 50.88, 50.88, 368]
['2019-03-27 11:33:00', 50.91, 50.91, 50.91, 50.91, 911]
['2019-03-27 11:32:00', 50.84, 50.84, 50.84, 50.84, 536]
['2019-03-27 11:31:00', 50.84, 50.84, 50.84, 50.84, 1100]
['2019-03-27 11:29:00', 50.885, 50.86, 50.86, 50.885, 1057]
['2019-03-27 11:27:00', 50.93, 50.93, 50.93, 50.93, 210]
['2019-03-27 11:26:00', 50.94, 50.94, 50.94, 50.94, 822]
['2019-03-27 11:24:00', 50.94, 50.94, 50.94, 50.94, 1763]
['2019-03-27 11:22:00', 50.96, 50.96, 50.96, 50.96, 1026]
['2019-03-27 11:21:00', 50.97, 50.97, 50.97, 50.97, 548]
['2019-03-27 11:20:00', 50.93, 50.93, 50.93, 50.93, 367]
['2019-03-27 11:18:00', 50.82, 50.93, 50.82, 50.93, 1873]
['2019-03-27 11:17:00', 50.86, 50.86, 50.86, 50.86, 478]
['2019-03-27 11:15:00', 51.01, 50.88, 50.88, 51.01, 2915]
['2019-03-27 11:14:00', 51.0, 51.0, 51.0, 51.0, 871]
['2019-03-27 11:13:00', 51.06, 51.06, 51.06, 51.06, 314]
['2019-03-27 11:10:00', 50.97, 50.97, 50.97, 50.97, 877]
['2019-03-27 11:08:00', 51.05, 51.04, 51.04, 51.05, 918]
['2019-03-27 11:07:00', 51.0, 51.0, 51.0, 51.0, 261]
['2019-03-27 11:06:00', 50.95, 50.95, 50.95, 50.95, 797]
['2019-03-27 11:05:00', 51.02, 51.02, 51.02, 51.02, 1039]
['2019-03-27 11:03:00', 51.06, 51.11, 51.06, 51.11, 917]
['2019-03-27 11:02:00', 51.04, 51.04, 51.04, 51.04, 565]
['2019-03-27 11:01:00', 51.06, 51.06, 51.06, 51.06, 319]
['2019-03-27 11:00:00', 50.99, 50.99, 50.99, 50.99, 420]
['2019-03-27 10:56:00', 50.93, 50.93, 50.93, 50.93, 848]
['2019-03-27 10:54:00', 50.92, 50.92, 50.92, 50.92, 200]
['2019-03-27 10:51:00', 50.96, 50.96, 50.96, 50.96, 790]
['2019-03-27 10:49:00', 51.02, 51.02, 51.02, 51.02, 813]
['2019-03-27 10:48:00', 50.88, 50.9, 50.88, 50.91, 2346]
['2019-03-27 10:44:00', 50.93, 50.93, 50.93, 50.93, 465]
['2019-03-27 10:43:00', 51.015, 51.015, 51.015, 51.015, 406]
['2019-03-27 10:41:00', 51.01, 51.01, 51.01, 51.01, 223]
['2019-03-27 10:36:00', 51.19, 51.19, 51.19, 51.19, 306]
['2019-03-27 10:35:00', 51.09, 51.09, 51.09, 51.09, 201]
['2019-03-27 10:33:00', 51.24, 51.16, 51.16, 51.24, 835]
['2019-03-27 10:32:00', 51.26, 51.26, 51.26, 51.26, 880]
['2019-03-27 10:31:00', 51.22, 51.22, 51.22, 51.22, 412]
['2019-03-27 10:26:00', 51.3, 51.3, 51.3, 51.3, 315]
['2019-03-27 10:24:00', 51.25, 51.25, 51.25, 51.25, 1264]
['2019-03-27 10:23:00', 51.21, 51.21, 51.21, 51.21, 628]
['2019-03-27 10:22:00', 51.13, 51.08, 51.08, 51.13, 899]
['2019-03-27 10:21:00', 51.165, 51.165, 51.165, 51.165, 740]
['2019-03-27 10:19:00', 51.155, 51.155, 51.155, 51.155, 100]
['2019-03-27 10:18:00', 51.06, 51.125, 51.06, 51.125, 1878]
['2019-03-27 10:16:00', 51.145, 51.1, 51.1, 51.145, 922]
['2019-03-27 10:14:00', 51.13, 51.13, 51.13, 51.13, 900]
['2019-03-27 10:13:00', 51.08, 51.08, 51.08, 51.08, 447]
['2019-03-27 10:11:00', 51.11, 51.11, 51.11, 51.11, 509]
['2019-03-27 10:10:00', 51.01, 51.01, 51.01, 51.01, 1295]
['2019-03-27 10:09:00', 51.01, 50.99, 50.99, 51.01, 1045]
['2019-03-27 10:08:00', 51.03, 51.03, 51.03, 51.03, 1362]
['2019-03-27 10:07:00', 51.1, 51.1, 51.1, 51.1, 202]
['2019-03-27 10:05:00', 51.14, 51.14, 51.14, 51.14, 1318]
['2019-03-27 10:04:00', 51.13, 51.13, 51.13, 51.13, 670]
['2019-03-27 10:03:00', 51.155, 51.125, 51.125, 51.155, 1637]
['2019-03-27 10:02:00', 51.115, 51.115, 51.115, 51.115, 160]
['2019-03-27 10:01:00', 51.15, 51.15, 51.15, 51.15, 422]
['2019-03-27 10:00:00', 51.0, 51.0, 51.0, 51.0, 200]
['2019-03-27 09:58:00', 51.1, 51.1, 51.1, 51.1, 389]
['2019-03-27 09:57:00', 51.04, 51.04, 51.04, 51.04, 857]
['2019-03-27 09:55:00', 51.24, 51.13, 51.13, 51.24, 1334]
['2019-03-27 09:52:00', 51.47, 51.185, 51.185, 51.47, 1580]
['2019-03-27 09:50:00', 51.21, 51.42, 51.21, 51.42, 2868]
['2019-03-27 09:49:00', 50.92, 50.92, 50.92, 50.92, 1010]
['2019-03-27 09:48:00', 51.38, 51.28, 51.28, 51.38, 1980]
['2019-03-27 09:47:00', 51.1, 51.1, 51.1, 51.1, 2130]
['2019-03-27 09:46:00', 50.83, 50.96, 50.83, 50.96, 6024]
['2019-03-27 09:43:00', 51.21, 51.25, 51.21, 51.25, 411]
['2019-03-27 09:39:00', 50.74, 50.74, 50.74, 50.74, 660]
['2019-03-27 09:37:00', 51.328, 51.328, 51.328, 51.328, 127]
['2019-03-27 09:34:00', 51.34, 51.34, 51.34, 51.34, 334]
['2019-03-27 09:31:00', 50.82, 50.82, 50.82, 50.82, 2687]
['2019-03-26 16:00:00', 50.94, 50.9, 50.9, 50.97, 18281]
['2019-03-26 15:59:00', 50.88, 50.96, 50.88, 50.96, 6138]
['2019-03-26 15:58:00', 50.88, 50.91, 50.88, 50.92, 6131]
['2019-03-26 15:57:00', 50.87, 50.87, 50.87, 50.87, 1370]
['2019-03-26 15:56:00', 50.85, 50.85, 50.85, 50.85, 3806]
['2019-03-26 15:55:00', 50.84, 50.87, 50.84, 50.87, 3808]
['2019-03-26 15:54:00', 50.87, 50.86, 50.85, 50.87, 3954]
['2019-03-26 15:53:00', 50.85, 50.85, 50.85, 50.85, 1634]
['2019-03-26 15:52:00', 50.85, 50.84, 50.82, 50.85, 4909]
['2019-03-26 15:51:00', 50.85, 50.85, 50.85, 50.85, 1156]
['2019-03-26 15:50:00', 50.83, 50.83, 50.83, 50.83, 1502]
['2019-03-26 15:49:00', 50.85, 50.85, 50.85, 50.85, 1576]
['2019-03-26 15:48:00', 50.85, 50.81, 50.81, 50.86, 9771]
['2019-03-26 15:47:00', 50.8, 50.83, 50.8, 50.83, 2581]
['2019-03-26 15:46:00', 50.685, 50.78, 50.685, 50.78, 6789]
['2019-03-26 15:45:00', 50.69, 50.67, 50.67, 50.69, 1645]
['2019-03-26 15:44:00', 50.665, 50.665, 50.665, 50.665, 503]
['2019-03-26 15:43:00', 50.68, 50.67, 50.67, 50.7, 3043]
['2019-03-26 15:42:00', 50.68, 50.68, 50.68, 50.68, 1233]
['2019-03-26 15:41:00', 50.625, 50.62, 50.6, 50.625, 3994]
['2019-03-26 15:40:00', 50.69, 50.69, 50.69, 50.69, 1647]
['2019-03-26 15:39:00', 50.755, 50.67, 50.67, 50.755, 2835]
['2019-03-26 15:38:00', 50.76, 50.73, 50.73, 50.76, 2328]
['2019-03-26 15:37:00', 50.72, 50.75, 50.71, 50.75, 2639]
['2019-03-26 15:36:00', 50.74, 50.74, 50.74, 50.75, 3437]
['2019-03-26 15:35:00', 50.78, 50.73, 50.73, 50.79, 4002]
['2019-03-26 15:34:00', 50.81, 50.8, 50.7775, 50.81, 3895]
['2019-03-26 15:33:00', 50.82, 50.82, 50.82, 50.82, 900]
['2019-03-26 15:32:00', 50.82, 50.84, 50.82, 50.84, 1394]
['2019-03-26 15:31:00', 50.87, 50.83, 50.83, 50.88, 5791]
['2019-03-26 15:30:00', 50.89, 50.89, 50.89, 50.89, 530]
['2019-03-26 15:29:00', 50.89, 50.89, 50.89, 50.905, 1968]
['2019-03-26 15:28:00', 50.9, 50.93, 50.9, 50.93, 1309]
['2019-03-26 15:27:00', 50.87, 50.885, 50.87, 50.885, 1210]
['2019-03-26 15:26:00', 50.87, 50.88, 50.87, 50.88, 2204]
['2019-03-26 15:25:00', 50.89, 50.89, 50.89, 50.89, 562]
['2019-03-26 15:24:00', 50.86, 50.89, 50.84, 50.9, 5330]
['2019-03-26 15:23:00', 50.85, 50.85, 50.85, 50.85, 414]
['2019-03-26 15:22:00', 50.855, 50.855, 50.855, 50.855, 489]
['2019-03-26 15:21:00', 50.82, 50.82, 50.82, 50.82, 413]
['2019-03-26 15:20:00', 50.86, 50.8, 50.8, 50.86, 2858]
['2019-03-26 15:19:00', 50.83, 50.87, 50.83, 50.87, 2634]
['2019-03-26 15:18:00', 50.83, 50.83, 50.83, 50.83, 718]
['2019-03-26 15:17:00', 50.8, 50.82, 50.8, 50.82, 1186]
['2019-03-26 15:16:00', 50.82, 50.82, 50.82, 50.82, 828]
['2019-03-26 15:15:00', 50.83, 50.86, 50.83, 50.86, 1431]
['2019-03-26 15:14:00', 50.86, 50.86, 50.86, 50.86, 1123]
['2019-03-26 15:13:00', 50.82, 50.84, 50.82, 50.84, 1341]
['2019-03-26 15:12:00', 50.805, 50.8, 50.8, 50.805, 1635]
['2019-03-26 15:10:00', 50.86, 50.84, 50.84, 50.86, 1025]
['2019-03-26 15:09:00', 50.84, 50.86, 50.84, 50.86, 1296]
['2019-03-26 15:08:00', 50.86, 50.82, 50.82, 50.86, 2209]
['2019-03-26 15:07:00', 50.85, 50.85, 50.85, 50.85, 411]
['2019-03-26 15:06:00', 50.88, 50.85, 50.85, 50.88, 1261]
['2019-03-26 15:05:00', 50.92, 50.88, 50.88, 50.92, 1026]
['2019-03-26 15:04:00', 50.94, 50.94, 50.94, 50.94, 493]
['2019-03-26 15:03:00', 50.99, 50.95, 50.95, 50.99, 2160]
['2019-03-26 15:02:00', 50.93, 50.93, 50.93, 50.93, 407]
['2019-03-26 15:01:00', 50.86, 50.88, 50.86, 50.88, 1560]
['2019-03-26 15:00:00', 50.83, 50.85, 50.83, 50.85, 1508]
['2019-03-26 14:59:00', 50.83, 50.83, 50.83, 50.83, 949]
['2019-03-26 14:58:00', 50.79, 50.81, 50.79, 50.81, 1210]
['2019-03-26 14:57:00', 50.77, 50.78, 50.77, 50.78, 1478]
['2019-03-26 14:56:00', 50.74, 50.74, 50.74, 50.74, 917]
['2019-03-26 14:55:00', 50.785, 50.76, 50.76, 50.785, 718]
['2019-03-26 14:54:00', 50.78, 50.78, 50.78, 50.78, 909]
['2019-03-26 14:53:00', 50.81, 50.81, 50.81, 50.81, 1082]
['2019-03-26 14:52:00', 50.89, 50.83, 50.83, 50.89, 1797]
['2019-03-26 14:51:00', 50.86, 50.86, 50.86, 50.86, 129]
['2019-03-26 14:49:00', 50.86, 50.86, 50.86, 50.86, 351]
['2019-03-26 14:48:00', 50.91, 50.91, 50.91, 50.91, 113]
['2019-03-26 14:47:00', 50.88, 50.91, 50.88, 50.91, 1484]
['2019-03-26 14:45:00', 50.92, 50.9323, 50.92, 50.9323, 2162]
['2019-03-26 14:44:00', 50.91, 50.91, 50.91, 50.91, 529]
['2019-03-26 14:43:00', 50.93, 50.93, 50.93, 50.93, 1376]
['2019-03-26 14:42:00', 50.945, 50.945, 50.945, 50.945, 1404]
['2019-03-26 14:41:00', 50.92, 50.92, 50.92, 50.92, 314]
['2019-03-26 14:40:00', 50.9, 50.89, 50.89, 50.91, 2427]
['2019-03-26 14:38:00', 50.905, 50.89, 50.89, 50.905, 2635]
['2019-03-26 14:37:00', 50.9, 50.9, 50.9, 50.9, 661]
['2019-03-26 14:35:00', 50.85, 50.85, 50.85, 50.85, 110]
['2019-03-26 14:34:00', 50.83, 50.83, 50.83, 50.83, 696]
['2019-03-26 14:33:00', 50.8, 50.8, 50.8, 50.8, 800]
['2019-03-26 14:32:00', 50.82, 50.82, 50.82, 50.83, 2979]
['2019-03-26 14:31:00', 50.87, 50.85, 50.85, 50.87, 1701]
['2019-03-26 14:30:00', 50.9, 50.895, 50.895, 50.9, 1413]
['2019-03-26 14:29:00', 50.89, 50.89, 50.89, 50.89, 1761]
['2019-03-26 14:28:00', 50.98, 50.89, 50.89, 50.99, 6047]
['2019-03-26 14:27:00', 50.96, 50.96, 50.96, 50.96, 2747]
['2019-03-26 14:26:00', 50.98, 50.98, 50.98, 50.98, 106]
['2019-03-26 14:24:00', 50.97, 50.97, 50.97, 50.97, 241]
['2019-03-26 14:23:00', 50.9, 50.9, 50.9, 50.9, 675]
['2019-03-26 14:22:00', 50.9, 50.88, 50.88, 50.9, 1426]
['2019-03-26 14:21:00', 50.92, 50.92, 50.92, 50.92, 911]
['2019-03-26 14:19:00', 50.91, 50.91, 50.91, 50.91, 202]
['2019-03-26 14:18:00', 50.865, 50.89, 50.865, 50.89, 684]
['2019-03-26 14:16:00', 50.84, 50.84, 50.84, 50.84, 187]
['2019-03-26 14:15:00', 50.845, 50.835, 50.835, 50.845, 908]
['2019-03-26 14:14:00', 50.835, 50.835, 50.835, 50.835, 502]
['2019-03-26 14:12:00', 50.83, 50.83, 50.83, 50.83, 160]
['2019-03-26 14:11:00', 50.81, 50.81, 50.81, 50.81, 531]
['2019-03-26 14:10:00', 50.91, 50.89, 50.89, 50.91, 1404]
['2019-03-26 14:09:00', 50.925, 50.925, 50.925, 50.925, 303]
['2019-03-26 14:07:00', 50.91, 50.91, 50.91, 50.91, 222]
['2019-03-26 14:06:00', 50.86, 50.86, 50.86, 50.86, 600]
['2019-03-26 14:04:00', 50.81, 50.82, 50.81, 50.83, 2049]
['2019-03-26 14:03:00', 50.83, 50.83, 50.83, 50.83, 151]
['2019-03-26 14:01:00', 50.84, 50.84, 50.84, 50.84, 269]
['2019-03-26 14:00:00', 50.81, 50.81, 50.81, 50.81, 480]
['2019-03-26 13:59:00', 50.83, 50.77, 50.77, 50.83, 3454]
['2019-03-26 13:57:00', 50.87, 50.87, 50.87, 50.87, 588]
['2019-03-26 13:56:00', 50.87, 50.87, 50.87, 50.87, 599]
['2019-03-26 13:54:00', 50.89, 50.89, 50.89, 50.89, 203]
['2019-03-26 13:53:00', 50.92, 50.91, 50.91, 50.92, 844]
['2019-03-26 13:52:00', 50.91, 50.91, 50.91, 50.91, 303]
['2019-03-26 13:50:00', 50.92, 50.9, 50.9, 50.92, 1514]
['2019-03-26 13:49:00', 50.92, 50.91, 50.91, 50.92, 993]
['2019-03-26 13:47:00', 50.94, 50.94, 50.94, 50.94, 591]
['2019-03-26 13:45:00', 50.9, 50.9, 50.9, 50.9, 402]
['2019-03-26 13:44:00', 50.955, 50.9, 50.9, 50.955, 1698]
['2019-03-26 13:43:00', 50.94, 50.94, 50.94, 50.94, 298]
['2019-03-26 13:42:00', 50.94, 50.94, 50.94, 50.94, 377]
['2019-03-26 13:41:00', 50.905, 50.905, 50.905, 50.905, 261]
['2019-03-26 13:40:00', 50.915, 50.915, 50.915, 50.915, 133]
['2019-03-26 13:38:00', 50.89, 50.89, 50.89, 50.89, 1010]
['2019-03-26 13:37:00', 50.945, 50.945, 50.945, 50.945, 104]
['2019-03-26 13:36:00', 50.96, 50.96, 50.96, 50.96, 660]
['2019-03-26 13:35:00', 50.99, 50.94, 50.94, 50.99, 1347]
['2019-03-26 13:32:00', 50.98, 50.99, 50.98, 50.99, 991]
['2019-03-26 13:31:00', 50.98, 50.98, 50.98, 50.98, 293]
['2019-03-26 13:30:00', 51.025, 51.02, 51.02, 51.025, 651]
['2019-03-26 13:28:00', 51.03, 51.03, 51.03, 51.03, 520]
['2019-03-26 13:26:00', 51.055, 51.02, 51.02, 51.055, 1230]
['2019-03-26 13:25:00', 51.045, 51.045, 51.045, 51.045, 154]
['2019-03-26 13:23:00', 51.055, 51.055, 51.055, 51.055, 561]
['2019-03-26 13:22:00', 51.05, 51.05, 51.05, 51.05, 730]
['2019-03-26 13:21:00', 51.04, 51.04, 51.04, 51.04, 190]
['2019-03-26 13:20:00', 51.06, 51.06, 51.06, 51.06, 521]
['2019-03-26 13:19:00', 51.025, 51.025, 51.025, 51.025, 403]
['2019-03-26 13:17:00', 51.02, 51.02, 51.02, 51.02, 321]
['2019-03-26 13:15:00', 51.03, 51.01, 51.01, 51.03, 1519]
['2019-03-26 13:13:00', 50.99, 50.99, 50.99, 50.99, 601]
['2019-03-26 13:10:00', 51.0, 50.98, 50.98, 51.0, 785]
['2019-03-26 13:08:00', 50.97, 51.015, 50.97, 51.015, 911]
['2019-03-26 13:06:00', 51.015, 50.96, 50.96, 51.015, 1480]
['2019-03-26 13:03:00', 50.9, 50.9, 50.9, 50.9, 328]
['2019-03-26 13:02:00', 50.88, 50.88, 50.88, 50.88, 663]
['2019-03-26 13:01:00', 50.8801, 50.92, 50.8801, 50.92, 1065]
['2019-03-26 13:00:00', 50.87, 50.87, 50.87, 50.87, 803]
['2019-03-26 12:59:00', 50.89, 50.89, 50.89, 50.89, 227]
['2019-03-26 12:58:00', 50.92, 50.92, 50.92, 50.92, 580]
['2019-03-26 12:57:00', 50.94, 50.94, 50.94, 50.94, 1508]
['2019-03-26 12:56:00', 50.95, 50.95, 50.95, 50.95, 314]
['2019-03-26 12:54:00', 50.93, 50.93, 50.93, 50.93, 304]
['2019-03-26 12:53:00', 50.97, 50.97, 50.97, 50.97, 501]
['2019-03-26 12:52:00', 50.94, 51.02, 50.94, 51.02, 1679]
['2019-03-26 12:50:00', 50.91, 50.91, 50.91, 50.91, 233]
['2019-03-26 12:49:00', 50.96, 50.95, 50.95, 50.96, 1660]
['2019-03-26 12:48:00', 50.945, 50.945, 50.945, 50.945, 306]
['2019-03-26 12:47:00', 50.99, 50.99, 50.99, 50.99, 305]
['2019-03-26 12:46:00', 51.01, 51.01, 51.01, 51.01, 201]
['2019-03-26 12:45:00', 51.04, 50.99, 50.99, 51.04, 1623]
['2019-03-26 12:44:00', 51.0, 51.0, 51.0, 51.0, 600]
['2019-03-26 12:42:00', 51.01, 51.01, 51.01, 51.01, 833]
['2019-03-26 12:41:00', 51.04, 51.04, 51.04, 51.04, 312]
['2019-03-26 12:40:00', 51.1, 51.07, 51.07, 51.1, 1570]
['2019-03-26 12:39:00', 51.12, 51.12, 51.12, 51.12, 301]
['2019-03-26 12:37:00', 51.12, 51.12, 51.12, 51.12, 126]
['2019-03-26 12:36:00', 51.17, 51.17, 51.17, 51.17, 402]
['2019-03-26 12:33:00', 51.16, 51.16, 51.16, 51.16, 470]
['2019-03-26 12:32:00', 51.13, 51.11, 51.11, 51.13, 1267]
['2019-03-26 12:31:00', 51.14, 51.14, 51.14, 51.14, 483]
['2019-03-26 12:30:00', 51.175, 51.14, 51.14, 51.175, 1323]
['2019-03-26 12:28:00', 51.14, 51.14, 51.14, 51.14, 993]
['2019-03-26 12:27:00', 51.1, 51.1, 51.1, 51.1, 834]
['2019-03-26 12:25:00', 51.12, 51.12, 51.12, 51.12, 311]
['2019-03-26 12:24:00', 51.17, 51.17, 51.17, 51.17, 1113]
['2019-03-26 12:23:00', 51.22, 51.22, 51.22, 51.22, 1316]
['2019-03-26 12:21:00', 51.3, 51.29, 51.29, 51.3, 1404]
['2019-03-26 12:20:00', 51.33, 51.33, 51.33, 51.33, 776]
['2019-03-26 12:19:00', 51.33, 51.33, 51.33, 51.33, 912]
['2019-03-26 12:18:00', 51.32, 51.33, 51.32, 51.33, 526]
['2019-03-26 12:16:00', 51.32, 51.325, 51.32, 51.325, 722]
['2019-03-26 12:14:00', 51.31, 51.31, 51.31, 51.31, 207]
['2019-03-26 12:13:00', 51.385, 51.33, 51.33, 51.385, 854]
['2019-03-26 12:10:00', 51.35, 51.33, 51.33, 51.35, 714]
['2019-03-26 12:09:00', 51.37, 51.35, 51.32, 51.37, 2359]
['2019-03-26 12:08:00', 51.415, 51.415, 51.415, 51.415, 434]
['2019-03-26 12:07:00', 51.42, 51.42, 51.42, 51.42, 359]
['2019-03-26 12:06:00', 51.345, 51.345, 51.345, 51.345, 521]
['2019-03-26 12:05:00', 51.345, 51.345, 51.345, 51.345, 245]
['2019-03-26 12:04:00', 51.31, 51.31, 51.31, 51.31, 202]
['2019-03-26 12:02:00', 51.29, 51.26, 51.26, 51.29, 1651]
['2019-03-26 12:00:00', 51.28, 51.28, 51.28, 51.28, 201]
['2019-03-26 11:59:00', 51.29, 51.29, 51.29, 51.29, 1118]
['2019-03-26 11:58:00', 51.245, 51.245, 51.245, 51.245, 244]
['2019-03-26 11:56:00', 51.21, 51.21, 51.21, 51.21, 974]
['2019-03-26 11:55:00', 51.265, 51.265, 51.265, 51.265, 785]
['2019-03-26 11:53:00', 51.19, 51.19, 51.19, 51.19, 103]
['2019-03-26 11:52:00', 51.23, 51.23, 51.23, 51.23, 368]
['2019-03-26 11:51:00', 51.26, 51.26, 51.26, 51.26, 1375]
['2019-03-26 11:48:00', 51.24, 51.24, 51.24, 51.24, 609]
['2019-03-26 11:47:00', 51.25, 51.25, 51.25, 51.25, 634]
['2019-03-26 11:46:00', 51.335, 51.335, 51.335, 51.335, 498]
['2019-03-26 11:45:00', 51.41, 51.41, 51.41, 51.41, 644]
['2019-03-26 11:44:00', 51.385, 51.385, 51.385, 51.385, 306]
['2019-03-26 11:43:00', 51.44, 51.36, 51.36, 51.44, 4147]
['2019-03-26 11:42:00', 51.45, 51.45, 51.45, 51.45, 734]
['2019-03-26 11:41:00', 51.43, 51.43, 51.43, 51.43, 389]
['2019-03-26 11:40:00', 51.48, 51.48, 51.48, 51.48, 987]
['2019-03-26 11:39:00', 51.49, 51.49, 51.49, 51.49, 303]
['2019-03-26 11:37:00', 51.39, 51.39, 51.39, 51.39, 501]
['2019-03-26 11:36:00', 51.35, 51.35, 51.35, 51.35, 500]
['2019-03-26 11:35:00', 51.42, 51.42, 51.42, 51.42, 1101]
['2019-03-26 11:34:00', 51.44, 51.44, 51.44, 51.44, 1435]
['2019-03-26 11:33:00', 51.43, 51.44, 51.43, 51.44, 1814]
['2019-03-26 11:32:00', 51.56, 51.56, 51.56, 51.56, 1002]
['2019-03-26 11:31:00', 51.58, 51.56, 51.56, 51.58, 1287]
['2019-03-26 11:30:00', 51.55, 51.57, 51.55, 51.57, 1642]
['2019-03-26 11:27:00', 51.48, 51.5, 51.48, 51.5, 1339]
['2019-03-26 11:26:00', 51.5, 51.5, 51.5, 51.5, 895]
['2019-03-26 11:24:00', 51.49, 51.45, 51.45, 51.49, 1101]
['2019-03-26 11:23:00', 51.49, 51.49, 51.49, 51.49, 957]
['2019-03-26 11:22:00', 51.52, 51.49, 51.49, 51.52, 1082]
['2019-03-26 11:21:00', 51.522, 51.522, 51.522, 51.522, 1248]
['2019-03-26 11:20:00', 51.51, 51.51, 51.51, 51.51, 672]
['2019-03-26 11:19:00', 51.56, 51.56, 51.56, 51.56, 1499]
['2019-03-26 11:18:00', 51.58, 51.61, 51.58, 51.61, 2294]
['2019-03-26 11:17:00', 51.52, 51.52, 51.52, 51.52, 821]
['2019-03-26 11:15:00', 51.535, 51.535, 51.535, 51.535, 168]
['2019-03-26 11:14:00', 51.58, 51.58, 51.58, 51.58, 629]
['2019-03-26 11:13:00', 51.58, 51.58, 51.58, 51.58, 2169]
['2019-03-26 11:12:00', 51.605, 51.605, 51.605, 51.605, 533]
['2019-03-26 11:11:00', 51.62, 51.62, 51.62, 51.62, 1002]
['2019-03-26 11:10:00', 51.66, 51.66, 51.66, 51.66, 1062]
['2019-03-26 11:08:00', 51.72, 51.72, 51.72, 51.72, 204]
['2019-03-26 11:07:00', 51.73, 51.715, 51.715, 51.73, 1526]
['2019-03-26 11:06:00', 51.74, 51.74, 51.74, 51.74, 669]
['2019-03-26 11:05:00', 51.79, 51.79, 51.79, 51.79, 815]
['2019-03-26 11:04:00', 51.77, 51.77, 51.77, 51.77, 1325]
['2019-03-26 11:03:00', 51.79, 51.73, 51.73, 51.79, 3259]
['2019-03-26 11:02:00', 51.75, 51.75, 51.75, 51.75, 626]
['2019-03-26 11:01:00', 51.66, 51.7, 51.66, 51.7, 1449]
['2019-03-26 10:59:00', 51.665, 51.665, 51.665, 51.665, 439]
['2019-03-26 10:58:00', 51.675, 51.675, 51.675, 51.675, 344]
['2019-03-26 10:57:00', 51.65, 51.695, 51.65, 51.695, 1286]
['2019-03-26 10:55:00', 51.66, 51.68, 51.66, 51.68, 2227]
['2019-03-26 10:54:00', 51.625, 51.66, 51.625, 51.66, 2195]
['2019-03-26 10:53:00', 51.68, 51.68, 51.68, 51.68, 527]
['2019-03-26 10:52:00', 51.73, 51.73, 51.73, 51.73, 424]
['2019-03-26 10:51:00', 51.72, 51.68, 51.68, 51.73, 6741]
['2019-03-26 10:50:00', 51.755, 51.77, 51.755, 51.77, 2473]
['2019-03-26 10:49:00', 51.7, 51.7, 51.7, 51.7, 1070]
['2019-03-26 10:47:00', 51.68, 51.68, 51.68, 51.68, 831]
['2019-03-26 10:45:00', 51.6, 51.6, 51.6, 51.6, 1075]
['2019-03-26 10:43:00', 51.58, 51.58, 51.58, 51.58, 775]
['2019-03-26 10:42:00', 51.55, 51.55, 51.55, 51.55, 737]
['2019-03-26 10:41:00', 51.51, 51.51, 51.51, 51.51, 763]
['2019-03-26 10:40:00', 51.49, 51.49, 51.49, 51.49, 910]
['2019-03-26 10:38:00', 51.42, 51.42, 51.42, 51.42, 846]
['2019-03-26 10:37:00', 51.375, 51.375, 51.375, 51.375, 300]
['2019-03-26 10:35:00', 51.31, 51.395, 51.31, 51.395, 1175]
['2019-03-26 10:33:00', 51.385, 51.385, 51.385, 51.385, 642]
['2019-03-26 10:32:00', 51.42, 51.42, 51.42, 51.42, 1035]
['2019-03-26 10:31:00', 51.46, 51.46, 51.46, 51.46, 650]
['2019-03-26 10:30:00', 51.475, 51.475, 51.475, 51.475, 104]
['2019-03-26 10:28:00', 51.46, 51.46, 51.46, 51.46, 1393]
['2019-03-26 10:26:00', 51.41, 51.41, 51.41, 51.41, 807]
['2019-03-26 10:25:00', 51.3617, 51.3617, 51.3617, 51.3617, 861]
['2019-03-26 10:23:00', 51.49, 51.495, 51.49, 51.495, 1874]
['2019-03-26 10:22:00', 51.485, 51.485, 51.485, 51.485, 583]
['2019-03-26 10:20:00', 51.4964, 51.4964, 51.4964, 51.4964, 504]
['2019-03-26 10:19:00', 51.55, 51.45, 51.45, 51.55, 4180]
['2019-03-26 10:18:00', 51.54, 51.495, 51.47, 51.54, 4327]
['2019-03-26 10:17:00', 51.485, 51.485, 51.485, 51.485, 1600]
['2019-03-26 10:16:00', 51.49, 51.44, 51.44, 51.49, 1019]
['2019-03-26 10:15:00', 51.49, 51.49, 51.49, 51.49, 854]
['2019-03-26 10:14:00', 51.58, 51.58, 51.58, 51.58, 979]
['2019-03-26 10:13:00', 51.5, 51.53, 51.5, 51.53, 2228]
['2019-03-26 10:12:00', 51.45, 51.45, 51.45, 51.45, 499]
['2019-03-26 10:11:00', 51.45, 51.45, 51.45, 51.45, 1137]
['2019-03-26 10:10:00', 51.41, 51.41, 51.41, 51.41, 265]
['2019-03-26 10:09:00', 51.37, 51.37, 51.37, 51.37, 457]
['2019-03-26 10:06:00', 51.3099, 51.25, 51.25, 51.3099, 660]
['2019-03-26 10:04:00', 51.27, 51.27, 51.27, 51.27, 639]
['2019-03-26 10:03:00', 51.26, 51.28, 51.26, 51.28, 1754]
['2019-03-26 10:02:00', 51.33, 51.33, 51.33, 51.33, 407]
['2019-03-26 10:01:00', 51.24, 51.24, 51.24, 51.24, 380]
['2019-03-26 10:00:00', 51.34, 51.34, 51.34, 51.34, 358]
['2019-03-26 09:59:00', 51.27, 51.27, 51.27, 51.27, 1026]
['2019-03-26 09:57:00', 51.03, 51.03, 51.03, 51.03, 715]
['2019-03-26 09:54:00', 50.91, 50.91, 50.91, 50.91, 100]
['2019-03-26 09:52:00', 51.02, 51.02, 51.02, 51.02, 764]
['2019-03-26 09:51:00', 51.08, 51.08, 51.08, 51.08, 418]
['2019-03-26 09:49:00', 51.2, 51.13, 51.13, 51.2, 1459]
['2019-03-26 09:48:00', 51.27, 51.27, 51.27, 51.27, 105]
['2019-03-26 09:47:00', 51.41, 51.41, 51.41, 51.41, 415]
['2019-03-26 09:42:00', 51.04, 51.04, 51.04, 51.04, 392]
['2019-03-26 09:40:00', 51.035, 51.035, 51.035, 51.035, 117]
['2019-03-26 09:38:00', 51.18, 51.18, 51.18, 51.18, 845]
['2019-03-26 09:37:00', 51.2437, 51.19, 51.19, 51.2437, 1750]
['2019-03-26 09:36:00', 51.14, 51.14, 51.14, 51.14, 2115]
['2019-03-26 09:34:00', 50.87, 50.87, 50.87, 50.87, 990]
['2019-03-26 09:31:00', 51.055, 51.055, 51.055, 51.055, 4120]
['2019-03-25 16:00:00', 50.8, 50.71, 50.71, 50.8, 11253]
['2019-03-25 15:59:00', 50.81, 50.8, 50.8, 50.81, 6089]
['2019-03-25 15:58:00', 50.79, 50.8, 50.78, 50.82, 7345]
['2019-03-25 15:57:00', 50.74, 50.81, 50.74, 50.81, 6936]
['2019-03-25 15:56:00', 50.75, 50.72, 50.7, 50.75, 6995]
['2019-03-25 15:55:00', 50.83, 50.79, 50.79, 50.83, 4438]
['2019-03-25 15:54:00', 50.79, 50.79, 50.79, 50.79, 1756]
['2019-03-25 15:53:00', 50.76, 50.81, 50.76, 50.81, 2457]
['2019-03-25 15:52:00', 50.78, 50.76, 50.76, 50.78, 2840]
['2019-03-25 15:51:00', 50.76, 50.76, 50.76, 50.76, 1547]
['2019-03-25 15:50:00', 50.7, 50.71, 50.7, 50.71, 3124]
['2019-03-25 15:49:00', 50.78, 50.68, 50.68, 50.78, 4093]
['2019-03-25 15:48:00', 50.84, 50.84, 50.84, 50.84, 2540]
['2019-03-25 15:47:00', 50.89, 50.88, 50.88, 50.89, 2983]
['2019-03-25 15:46:00', 50.85, 50.88, 50.85, 50.88, 3189]
['2019-03-25 15:45:00', 50.84, 50.84, 50.84, 50.84, 1463]
['2019-03-25 15:44:00', 50.82, 50.82, 50.82, 50.82, 968]
['2019-03-25 15:43:00', 50.81, 50.81, 50.81, 50.81, 2930]
['2019-03-25 15:42:00', 50.8, 50.79, 50.79, 50.8, 1834]
['2019-03-25 15:41:00', 50.82, 50.835, 50.819, 50.835, 2822]
['2019-03-25 15:40:00', 50.8365, 50.8365, 50.8365, 50.8365, 816]
['2019-03-25 15:39:00', 50.895, 50.86, 50.86, 50.895, 3048]
['2019-03-25 15:38:00', 50.93, 50.91, 50.91, 50.93, 1623]
['2019-03-25 15:37:00', 50.88, 50.89, 50.88, 50.89, 2460]
['2019-03-25 15:36:00', 50.89, 50.89, 50.89, 50.89, 1460]
['2019-03-25 15:35:00', 50.87, 50.865, 50.865, 50.87, 1576]
['2019-03-25 15:34:00', 50.87, 50.87, 50.87, 50.87, 752]
['2019-03-25 15:33:00', 50.88, 50.88, 50.88, 50.88, 617]
['2019-03-25 15:32:00', 50.85, 50.84, 50.8055, 50.85, 3084]
['2019-03-25 15:31:00', 50.87, 50.88, 50.87, 50.88, 2063]
['2019-03-25 15:29:00', 50.91, 50.89, 50.89, 50.91, 1789]
['2019-03-25 15:28:00', 50.92, 50.93, 50.92, 50.93, 1363]
['2019-03-25 15:27:00', 50.96, 50.96, 50.96, 50.96, 1207]
['2019-03-25 15:26:00', 50.85, 50.85, 50.85, 50.85, 1504]
['2019-03-25 15:25:00', 50.841, 50.87, 50.841, 50.87, 3030]
['2019-03-25 15:24:00', 50.81, 50.81, 50.81, 50.81, 611]
['2019-03-25 15:23:00', 50.77, 50.77, 50.77, 50.77, 1424]
['2019-03-25 15:22:00', 50.76, 50.76, 50.76, 50.76, 700]
['2019-03-25 15:21:00', 50.77, 50.74, 50.74, 50.77, 925]
['2019-03-25 15:19:00', 50.74, 50.74, 50.74, 50.74, 852]
['2019-03-25 15:18:00', 50.82, 50.82, 50.82, 50.82, 270]
['2019-03-25 15:17:00', 50.82, 50.83, 50.79, 50.83, 1866]
['2019-03-25 15:16:00', 50.8, 50.8, 50.8, 50.8, 553]
['2019-03-25 15:15:00', 50.815, 50.815, 50.815, 50.815, 694]
['2019-03-25 15:14:00', 50.81, 50.82, 50.81, 50.83, 2252]
['2019-03-25 15:13:00', 50.75, 50.75, 50.75, 50.75, 754]
['2019-03-25 15:11:00', 50.735, 50.735, 50.735, 50.735, 152]
['2019-03-25 15:09:00', 50.725, 50.725, 50.725, 50.725, 1311]
['2019-03-25 15:08:00', 50.65, 50.65, 50.65, 50.65, 558]
['2019-03-25 15:07:00', 50.67, 50.67, 50.67, 50.67, 541]
['2019-03-25 15:06:00', 50.67, 50.67, 50.67, 50.67, 584]
['2019-03-25 15:04:00', 50.66, 50.66, 50.66, 50.66, 1044]
['2019-03-25 15:03:00', 50.71, 50.69, 50.69, 50.71, 1410]
['2019-03-25 15:02:00', 50.75, 50.73, 50.73, 50.75, 3168]
['2019-03-25 15:01:00', 50.76, 50.8, 50.76, 50.8, 1644]
['2019-03-25 15:00:00', 50.72, 50.72, 50.72, 50.72, 605]
['2019-03-25 14:59:00', 50.71, 50.71, 50.71, 50.71, 363]
['2019-03-25 14:58:00', 50.61, 50.65, 50.61, 50.65, 1550]
['2019-03-25 14:57:00', 50.63, 50.63, 50.63, 50.63, 600]
['2019-03-25 14:56:00', 50.57, 50.61, 50.57, 50.61, 800]
['2019-03-25 14:53:00', 50.52, 50.52, 50.52, 50.52, 424]
['2019-03-25 14:52:00', 50.51, 50.51, 50.51, 50.51, 314]
['2019-03-25 14:51:00', 50.55, 50.53, 50.53, 50.55, 1105]
['2019-03-25 14:50:00', 50.545, 50.56, 50.545, 50.56, 943]
['2019-03-25 14:48:00', 50.535, 50.535, 50.535, 50.535, 900]
['2019-03-25 14:47:00', 50.53, 50.53, 50.53, 50.53, 519]
['2019-03-25 14:46:00', 50.58, 50.58, 50.58, 50.58, 510]
['2019-03-25 14:45:00', 50.59, 50.58, 50.58, 50.59, 682]
['2019-03-25 14:43:00', 50.55, 50.55, 50.55, 50.55, 1388]
['2019-03-25 14:42:00', 50.52, 50.52, 50.52, 50.52, 628]
['2019-03-25 14:41:00', 50.48, 50.48, 50.48, 50.48, 234]
['2019-03-25 14:40:00', 50.46, 50.46, 50.46, 50.46, 634]
['2019-03-25 14:38:00', 50.45, 50.45, 50.45, 50.45, 960]
['2019-03-25 14:36:00', 50.43, 50.43, 50.43, 50.43, 442]
['2019-03-25 14:35:00', 50.42, 50.46, 50.42, 50.46, 1859]
['2019-03-25 14:34:00', 50.45, 50.45, 50.45, 50.45, 400]
['2019-03-25 14:33:00', 50.44, 50.44, 50.44, 50.44, 394]
['2019-03-25 14:31:00', 50.38, 50.4, 50.38, 50.4, 858]
['2019-03-25 14:28:00', 50.29, 50.335, 50.29, 50.335, 783]
['2019-03-25 14:27:00', 50.3, 50.3, 50.3, 50.3, 522]
['2019-03-25 14:26:00', 50.26, 50.28, 50.26, 50.28, 2093]
['2019-03-25 14:25:00', 50.2699, 50.2699, 50.2699, 50.2699, 513]
['2019-03-25 14:24:00', 50.255, 50.255, 50.255, 50.255, 960]
['2019-03-25 14:23:00', 50.27, 50.26, 50.26, 50.27, 1158]
['2019-03-25 14:22:00', 50.3, 50.3, 50.3, 50.3, 405]
['2019-03-25 14:20:00', 50.29, 50.29, 50.29, 50.29, 817]
['2019-03-25 14:19:00', 50.3, 50.3, 50.3, 50.3, 405]
['2019-03-25 14:18:00', 50.32, 50.31, 50.31, 50.32, 1417]
['2019-03-25 14:17:00', 50.36, 50.36, 50.36, 50.36, 760]
['2019-03-25 14:16:00', 50.34, 50.34, 50.34, 50.34, 724]
['2019-03-25 14:15:00', 50.34, 50.34, 50.34, 50.34, 979]
['2019-03-25 14:14:00', 50.33, 50.33, 50.33, 50.33, 727]
['2019-03-25 14:13:00', 50.33, 50.32, 50.32, 50.33, 2230]
['2019-03-25 14:12:00', 50.32, 50.32, 50.32, 50.32, 839]
['2019-03-25 14:11:00', 50.32, 50.33, 50.32, 50.33, 2101]
['2019-03-25 14:10:00', 50.31, 50.31, 50.31, 50.31, 630]
['2019-03-25 14:08:00', 50.34, 50.33, 50.33, 50.34, 1250]
['2019-03-25 14:06:00', 50.35, 50.35, 50.35, 50.35, 101]
['2019-03-25 14:05:00', 50.31, 50.35, 50.31, 50.35, 1595]
['2019-03-25 14:04:00', 50.34, 50.33, 50.33, 50.34, 1028]
['2019-03-25 14:03:00', 50.36, 50.36, 50.36, 50.36, 856]
['2019-03-25 14:01:00', 50.4, 50.4, 50.4, 50.4, 535]
['2019-03-25 14:00:00', 50.38, 50.38, 50.38, 50.38, 330]
['2019-03-25 13:59:00', 50.39, 50.39, 50.39, 50.39, 400]
['2019-03-25 13:58:00', 50.42, 50.42, 50.42, 50.42, 666]
['2019-03-25 13:57:00', 50.41, 50.4, 50.4, 50.41, 1321]
['2019-03-25 13:55:00', 50.41, 50.41, 50.41, 50.41, 710]
['2019-03-25 13:53:00', 50.51, 50.51, 50.51, 50.51, 1037]
['2019-03-25 13:52:00', 50.5075, 50.5075, 50.5075, 50.5075, 871]
['2019-03-25 13:51:00', 50.5, 50.49, 50.49, 50.5, 1001]
['2019-03-25 13:50:00', 50.46, 50.46, 50.46, 50.46, 588]
['2019-03-25 13:49:00', 50.47, 50.47, 50.47, 50.47, 469]
['2019-03-25 13:48:00', 50.47, 50.47, 50.47, 50.47, 408]
['2019-03-25 13:46:00', 50.57, 50.54, 50.54, 50.57, 1160]
['2019-03-25 13:45:00', 50.61, 50.61, 50.61, 50.61, 358]
['2019-03-25 13:44:00', 50.61, 50.6, 50.6, 50.61, 4601]
['2019-03-25 13:43:00', 50.635, 50.635, 50.635, 50.635, 6948]
['2019-03-25 13:42:00', 50.62, 50.62, 50.62, 50.62, 581]
['2019-03-25 13:41:00', 50.63, 50.63, 50.63, 50.63, 471]
['2019-03-25 13:40:00', 50.69, 50.62, 50.62, 50.69, 4056]
['2019-03-25 13:38:00', 50.69, 50.69, 50.69, 50.69, 400]
['2019-03-25 13:37:00', 50.69, 50.69, 50.69, 50.69, 605]
['2019-03-25 13:36:00', 50.68, 50.67, 50.67, 50.68, 1584]
['2019-03-25 13:35:00', 50.68, 50.68, 50.68, 50.68, 620]
['2019-03-25 13:33:00', 50.64, 50.67, 50.64, 50.67, 1782]
['2019-03-25 13:32:00', 50.68, 50.68, 50.68, 50.68, 792]
['2019-03-25 13:31:00', 50.68, 50.68, 50.68, 50.68, 612]
['2019-03-25 13:30:00', 50.71, 50.7, 50.7, 50.71, 1129]
['2019-03-25 13:29:00', 50.71, 50.71, 50.71, 50.71, 540]
['2019-03-25 13:28:00', 50.705, 50.705, 50.705, 50.705, 321]
['2019-03-25 13:27:00', 50.74, 50.735, 50.73, 50.74, 3363]
['2019-03-25 13:25:00', 50.7, 50.72, 50.7, 50.72, 903]
['2019-03-25 13:23:00', 50.72, 50.71, 50.71, 50.72, 1182]
['2019-03-25 13:22:00', 50.71, 50.705, 50.705, 50.71, 629]
['2019-03-25 13:19:00', 50.655, 50.68, 50.655, 50.68, 1027]
['2019-03-25 13:18:00', 50.69, 50.69, 50.69, 50.69, 810]
['2019-03-25 13:16:00', 50.73, 50.73, 50.73, 50.73, 439]
['2019-03-25 13:15:00', 50.72, 50.72, 50.72, 50.72, 1105]
['2019-03-25 13:14:00', 50.755, 50.75, 50.75, 50.755, 835]
['2019-03-25 13:11:00', 50.675, 50.675, 50.675, 50.675, 395]
['2019-03-25 13:09:00', 50.64, 50.6, 50.6, 50.64, 861]
['2019-03-25 13:08:00', 50.66, 50.66, 50.66, 50.66, 485]
['2019-03-25 13:07:00', 50.71, 50.71, 50.71, 50.71, 300]
['2019-03-25 13:06:00', 50.665, 50.665, 50.665, 50.665, 505]
['2019-03-25 13:05:00', 50.64, 50.64, 50.64, 50.64, 241]
['2019-03-25 13:04:00', 50.67, 50.67, 50.67, 50.67, 681]
['2019-03-25 13:03:00', 50.655, 50.64, 50.64, 50.655, 1534]
['2019-03-25 13:01:00', 50.75, 50.75, 50.75, 50.75, 771]
['2019-03-25 13:00:00', 50.65, 50.65, 50.65, 50.65, 644]
['2019-03-25 12:59:00', 50.7, 50.7, 50.7, 50.7, 1056]
['2019-03-25 12:58:00', 50.705, 50.705, 50.705, 50.705, 211]
['2019-03-25 12:57:00', 50.67, 50.67, 50.67, 50.67, 300]
['2019-03-25 12:55:00', 50.6, 50.62, 50.6, 50.62, 955]
['2019-03-25 12:54:00', 50.59, 50.59, 50.59, 50.59, 289]
['2019-03-25 12:53:00', 50.62, 50.61, 50.61, 50.62, 1390]
['2019-03-25 12:51:00', 50.58, 50.6, 50.58, 50.6, 1198]
['2019-03-25 12:50:00', 50.58, 50.58, 50.58, 50.58, 300]
['2019-03-25 12:48:00', 50.52, 50.57, 50.52, 50.57, 2187]
['2019-03-25 12:46:00', 50.6, 50.59, 50.58, 50.6, 1532]
['2019-03-25 12:45:00', 50.65, 50.65, 50.65, 50.65, 512]
['2019-03-25 12:44:00', 50.63, 50.65, 50.63, 50.65, 1123]
['2019-03-25 12:43:00', 50.66, 50.66, 50.66, 50.66, 682]
['2019-03-25 12:42:00', 50.685, 50.685, 50.685, 50.685, 413]
['2019-03-25 12:40:00', 50.66, 50.72, 50.66, 50.72, 1497]
['2019-03-25 12:39:00', 50.64, 50.64, 50.64, 50.64, 610]
['2019-03-25 12:37:00', 50.68, 50.67, 50.67, 50.68, 1144]
['2019-03-25 12:36:00', 50.71, 50.71, 50.71, 50.71, 441]
['2019-03-25 12:35:00', 50.74, 50.74, 50.74, 50.74, 605]
['2019-03-25 12:34:00', 50.76, 50.76, 50.76, 50.76, 811]
['2019-03-25 12:33:00', 50.79, 50.73, 50.73, 50.79, 1387]
['2019-03-25 12:32:00', 50.82, 50.81, 50.81, 50.82, 1399]
['2019-03-25 12:30:00', 50.85, 50.85, 50.85, 50.85, 399]
['2019-03-25 12:29:00', 50.87, 50.87, 50.87, 50.87, 505]
['2019-03-25 12:28:00', 50.94, 50.94, 50.94, 50.94, 1395]
['2019-03-25 12:27:00', 51.02, 50.98, 50.98, 51.02, 1394]
['2019-03-25 12:26:00', 50.98, 50.98, 50.98, 50.98, 267]
['2019-03-25 12:25:00', 50.96, 50.96, 50.96, 50.96, 520]
['2019-03-25 12:23:00', 51.005, 51.005, 51.005, 51.005, 412]
['2019-03-25 12:22:00', 50.98, 50.98, 50.98, 50.98, 327]
['2019-03-25 12:21:00', 50.91, 50.91, 50.91, 50.91, 535]
['2019-03-25 12:20:00', 50.84, 50.95, 50.84, 50.95, 1360]
['2019-03-25 12:18:00', 50.84, 50.81, 50.81, 50.84, 1808]
['2019-03-25 12:17:00', 50.79, 50.79, 50.79, 50.79, 616]
['2019-03-25 12:16:00', 50.79, 50.79, 50.79, 50.79, 500]
['2019-03-25 12:15:00', 50.79, 50.79, 50.79, 50.79, 620]
['2019-03-25 12:14:00', 50.77, 50.77, 50.77, 50.77, 900]
['2019-03-25 12:12:00', 50.77, 50.85, 50.77, 50.85, 1313]
['2019-03-25 12:11:00', 50.72, 50.72, 50.72, 50.72, 672]
['2019-03-25 12:10:00', 50.785, 50.785, 50.785, 50.785, 200]
['2019-03-25 12:09:00', 50.8, 50.8, 50.8, 50.8, 818]
['2019-03-25 12:08:00', 50.92, 50.92, 50.92, 50.92, 700]
['2019-03-25 12:07:00', 50.865, 50.865, 50.865, 50.865, 523]
['2019-03-25 12:05:00', 50.84, 50.84, 50.84, 50.84, 405]
['2019-03-25 12:04:00', 50.77, 50.77, 50.77, 50.77, 540]
['2019-03-25 12:03:00', 50.785, 50.73, 50.73, 50.785, 1680]
['2019-03-25 12:01:00', 50.77, 50.75, 50.75, 50.77, 2141]
['2019-03-25 12:00:00', 50.8, 50.8, 50.8, 50.8, 175]
['2019-03-25 11:58:00', 50.83, 50.83, 50.83, 50.83, 305]
['2019-03-25 11:56:00', 50.715, 50.715, 50.715, 50.715, 820]
['2019-03-25 11:54:00', 50.73, 50.73, 50.73, 50.73, 585]
['2019-03-25 11:52:00', 50.61, 50.61, 50.61, 50.61, 200]
['2019-03-25 11:51:00', 50.6, 50.6, 50.6, 50.6, 1075]
['2019-03-25 11:50:00', 50.55, 50.53, 50.53, 50.55, 1294]
['2019-03-25 11:49:00', 50.57, 50.57, 50.57, 50.57, 1488]
['2019-03-25 11:48:00', 50.63, 50.63, 50.63, 50.63, 200]
['2019-03-25 11:47:00', 50.61, 50.61, 50.61, 50.61, 578]
['2019-03-25 11:46:00', 50.61, 50.61, 50.61, 50.61, 622]
['2019-03-25 11:45:00', 50.59, 50.59, 50.59, 50.59, 813]
['2019-03-25 11:44:00', 50.72, 50.65, 50.65, 50.72, 949]
['2019-03-25 11:42:00', 50.71, 50.71, 50.71, 50.71, 651]
['2019-03-25 11:41:00', 50.775, 50.79, 50.775, 50.79, 1856]
['2019-03-25 11:40:00', 50.9, 50.82, 50.82, 50.9, 4305]
['2019-03-25 11:39:00', 50.89, 50.89, 50.89, 50.89, 1000]
['2019-03-25 11:38:00', 50.94, 50.88, 50.88, 50.94, 4142]
['2019-03-25 11:37:00', 50.965, 50.965, 50.965, 50.965, 351]
['2019-03-25 11:36:00', 50.95, 50.95, 50.95, 50.95, 517]
['2019-03-25 11:35:00', 51.0, 51.0, 51.0, 51.0, 2981]
['2019-03-25 11:34:00', 51.0, 51.01, 50.96, 51.01, 3049]
['2019-03-25 11:33:00', 51.05, 51.05, 51.05, 51.05, 1092]
['2019-03-25 11:32:00', 51.02, 51.02, 51.02, 51.02, 883]
['2019-03-25 11:31:00', 51.0, 50.98, 50.98, 51.01, 2769]
['2019-03-25 11:30:00', 51.06, 51.06, 51.06, 51.06, 1339]
['2019-03-25 11:29:00', 51.015, 51.0, 50.98, 51.015, 3277]
['2019-03-25 11:28:00', 51.0095, 51.0095, 51.0095, 51.0095, 670]
['2019-03-25 11:27:00', 50.99, 50.99, 50.99, 50.99, 852]
['2019-03-25 11:26:00', 50.88, 50.88, 50.88, 50.88, 676]
['2019-03-25 11:25:00', 50.97, 50.89, 50.89, 50.97, 1469]
['2019-03-25 11:24:00', 50.89, 50.89, 50.89, 50.89, 345]
['2019-03-25 11:23:00', 50.85, 50.85, 50.85, 50.85, 558]
['2019-03-25 11:22:00', 50.84, 50.84, 50.84, 50.84, 987]
['2019-03-25 11:21:00', 50.83, 50.83, 50.83, 50.83, 399]
['2019-03-25 11:20:00', 50.75, 50.78, 50.75, 50.78, 4675]
['2019-03-25 11:19:00', 50.75, 50.75, 50.75, 50.75, 916]
['2019-03-25 11:18:00', 50.65, 50.7, 50.65, 50.7, 1165]
['2019-03-25 11:16:00', 50.525, 50.525, 50.525, 50.525, 880]
['2019-03-25 11:15:00', 50.53, 50.53, 50.53, 50.53, 796]
['2019-03-25 11:14:00', 50.49, 50.49, 50.49, 50.49, 1182]
['2019-03-25 11:13:00', 50.48, 50.48, 50.48, 50.48, 407]
['2019-03-25 11:12:00', 50.44, 50.44, 50.44, 50.44, 959]
['2019-03-25 11:11:00', 50.39, 50.43, 50.39, 50.43, 2208]
['2019-03-25 11:10:00', 50.39, 50.39, 50.39, 50.39, 432]
['2019-03-25 11:09:00', 50.33, 50.33, 50.33, 50.33, 516]
['2019-03-25 11:08:00', 50.26, 50.26, 50.26, 50.26, 732]
['2019-03-25 11:06:00', 50.15, 50.18, 50.15, 50.18, 880]
['2019-03-25 11:05:00', 50.12, 50.14, 50.12, 50.14, 1891]
['2019-03-25 11:03:00', 50.06, 50.1, 50.06, 50.1, 1874]
['2019-03-25 11:02:00', 49.97, 50.03, 49.97, 50.03, 4055]
['2019-03-25 11:00:00', 49.98, 49.98, 49.98, 49.98, 1756]
['2019-03-25 10:59:00', 50.02, 50.02, 50.02, 50.02, 505]
['2019-03-25 10:58:00', 50.03, 50.02, 50.02, 50.03, 2700]
['2019-03-25 10:57:00', 50.03, 50.0, 50.0, 50.03, 2294]
['2019-03-25 10:56:00', 50.035, 50.035, 50.035, 50.035, 612]
['2019-03-25 10:55:00', 50.03, 50.03, 50.03, 50.03, 1157]
['2019-03-25 10:54:00', 50.065, 50.05, 50.05, 50.065, 2043]
['2019-03-25 10:53:00', 50.06, 50.06, 50.06, 50.06, 800]
['2019-03-25 10:52:00', 50.03, 50.03, 50.03, 50.03, 600]
['2019-03-25 10:51:00', 49.995, 49.995, 49.995, 49.995, 1211]
['2019-03-25 10:50:00', 49.92, 49.925, 49.92, 49.925, 1900]
['2019-03-25 10:49:00', 49.895, 49.93, 49.895, 49.93, 2213]
['2019-03-25 10:48:00', 49.89, 49.89, 49.89, 49.89, 813]
['2019-03-25 10:47:00', 49.95, 49.95, 49.95, 49.95, 1362]
['2019-03-25 10:46:00', 49.92, 49.92, 49.92, 49.92, 1257]
['2019-03-25 10:45:00', 49.83, 49.89, 49.83, 49.89, 1625]
['2019-03-25 10:44:00', 49.83, 49.85, 49.83, 49.85, 2409]
['2019-03-25 10:43:00', 49.84, 49.84, 49.84, 49.84, 1015]
['2019-03-25 10:42:00', 49.81, 49.81, 49.81, 49.81, 952]
['2019-03-25 10:41:00', 49.84, 49.87, 49.84, 49.87, 2432]
['2019-03-25 10:40:00', 49.81, 49.81, 49.81, 49.81, 812]
['2019-03-25 10:39:00', 49.83, 49.83, 49.83, 49.83, 1114]
['2019-03-25 10:38:00', 49.865, 49.865, 49.865, 49.865, 1543]
['2019-03-25 10:37:00', 49.84, 49.84, 49.84, 49.84, 723]
['2019-03-25 10:36:00', 49.81, 49.81, 49.81, 49.81, 903]
['2019-03-25 10:35:00', 49.87, 49.84, 49.84, 49.87, 2122]
['2019-03-25 10:34:00', 49.93, 49.94, 49.93, 49.94, 1739]
['2019-03-25 10:33:00', 49.89, 49.88, 49.88, 49.89, 2307]
['2019-03-25 10:32:00', 49.83, 49.83, 49.83, 49.83, 689]
['2019-03-25 10:31:00', 49.755, 49.78, 49.755, 49.78, 2058]
['2019-03-25 10:28:00', 49.73, 49.765, 49.73, 49.765, 1724]
['2019-03-25 10:26:00', 49.65, 49.7, 49.65, 49.7, 2017]
['2019-03-25 10:24:00', 49.57, 49.59, 49.57, 49.59, 1656]
['2019-03-25 10:23:00', 49.7, 49.7, 49.7, 49.7, 508]
['2019-03-25 10:21:00', 49.64, 49.74, 49.62, 49.74, 4452]
['2019-03-25 10:20:00', 49.66, 49.66, 49.66, 49.66, 218]
['2019-03-25 10:19:00', 49.62, 49.62, 49.62, 49.62, 1185]
['2019-03-25 10:18:00', 49.58, 49.58, 49.58, 49.58, 501]
['2019-03-25 10:17:00', 49.51, 49.51, 49.51, 49.51, 800]
['2019-03-25 10:16:00', 49.505, 49.505, 49.505, 49.505, 1388]
['2019-03-25 10:15:00', 49.52, 49.45, 49.45, 49.52, 1803]
['2019-03-25 10:13:00', 49.53, 49.53, 49.53, 49.53, 1100]
['2019-03-25 10:11:00', 49.51, 49.51, 49.51, 49.51, 1560]
['2019-03-25 10:10:00', 49.57, 49.57, 49.57, 49.57, 1100]
['2019-03-25 10:09:00', 49.59, 49.6, 49.59, 49.6, 1941]
['2019-03-25 10:08:00', 49.63, 49.63, 49.63, 49.63, 1722]
['2019-03-25 10:07:00', 49.655, 49.655, 49.655, 49.655, 1320]
['2019-03-25 10:06:00', 49.59, 49.67, 49.59, 49.67, 2562]
['2019-03-25 10:05:00', 49.67, 49.67, 49.67, 49.67, 803]
['2019-03-25 10:04:00', 49.775, 49.73, 49.73, 49.775, 2915]
['2019-03-25 10:03:00', 49.87, 49.815, 49.815, 49.87, 2030]
['2019-03-25 10:02:00', 49.88, 49.88, 49.88, 49.88, 1600]
['2019-03-25 10:01:00', 49.89, 49.86, 49.86, 49.89, 5447]
['2019-03-25 10:00:00', 49.89, 49.89, 49.89, 49.89, 606]
['2019-03-25 09:59:00', 49.9, 49.9, 49.9, 49.9, 595]
['2019-03-25 09:58:00', 49.92, 49.92, 49.92, 49.92, 507]
['2019-03-25 09:57:00', 49.97, 49.97, 49.97, 49.97, 907]
['2019-03-25 09:56:00', 49.78, 49.78, 49.78, 49.78, 435]
['2019-03-25 09:54:00', 49.89, 49.89, 49.89, 49.89, 949]
['2019-03-25 09:53:00', 49.97, 49.985, 49.97, 49.985, 1766]
['2019-03-25 09:52:00', 49.895, 49.895, 49.895, 49.895, 1097]
['2019-03-25 09:51:00', 49.8, 49.8, 49.8, 49.8, 631]
['2019-03-25 09:50:00', 49.75, 49.75, 49.75, 49.75, 1130]
['2019-03-25 09:49:00', 49.72, 49.72, 49.72, 49.72, 506]
['2019-03-25 09:47:00', 49.84, 49.84, 49.84, 49.84, 465]
['2019-03-25 09:46:00', 49.925, 49.925, 49.925, 49.925, 1156]
['2019-03-25 09:45:00', 50.0169, 49.88, 49.88, 50.0169, 1538]
['2019-03-25 09:42:00', 49.91, 49.935, 49.91, 49.935, 3087]
['2019-03-25 09:39:00', 49.93, 49.93, 49.93, 49.93, 615]
['2019-03-25 09:38:00', 50.04, 50.04, 50.04, 50.04, 271]
['2019-03-25 09:37:00', 49.97, 49.97, 49.97, 49.97, 1410]
['2019-03-25 09:36:00', 49.72, 49.72, 49.72, 49.72, 643]
['2019-03-25 09:35:00', 49.58, 49.58, 49.58, 49.58, 420]
['2019-03-25 09:34:00', 49.4356, 49.4356, 49.4356, 49.4356, 519]
['2019-03-25 09:32:00', 49.76, 49.39, 49.39, 49.76, 3080]
['2019-03-25 09:31:00', 50.18, 50.18, 50.18, 50.18, 0]
