ATV
['2019-03-29 15:57:00', 24.68, 24.68, 24.68, 24.68, 0]
['2019-03-29 15:14:00', 24.9752, 24.9752, 24.9752, 24.9752, 330]
['2019-03-29 14:01:00', 24.8441, 24.8441, 24.8441, 24.8441, 641]
['2019-03-29 10:58:00', 25.5, 25.5, 25.5, 25.5, 106]
['2019-03-29 10:28:00', 25.6, 25.6, 25.6, 25.6, 1457]
['2019-03-29 10:21:00', 25.6, 25.6, 25.6, 25.6, 200]
['2019-03-29 10:20:00', 25.6151, 25.6151, 25.6151, 25.6151, 0]
['2019-03-28 16:00:00', 26.592, 26.592, 26.592, 26.592, 7733]
['2019-03-28 15:55:00', 26.8779, 26.8779, 26.8779, 26.8779, 1400]
['2019-03-28 15:53:00', 26.75, 26.75, 26.75, 26.75, 200]
['2019-03-28 15:42:00', 26.92, 26.92, 26.92, 26.92, 100]
['2019-03-28 15:02:00', 27.13, 27.13, 27.13, 27.13, 685]
['2019-03-28 14:27:00', 27.51, 27.54, 27.51, 27.54, 400]
['2019-03-28 14:25:00', 27.49, 27.49, 27.49, 27.49, 300]
['2019-03-28 13:52:00', 27.79, 27.79, 27.79, 27.79, 102]
['2019-03-28 12:59:00', 27.63, 27.0805, 27.0805, 27.63, 1200]
['2019-03-28 12:47:00', 27.8385, 27.8385, 27.8385, 27.8385, 200]
['2019-03-28 11:35:00', 27.97, 28.0, 27.97, 28.0, 500]
['2019-03-28 10:54:00', 27.6828, 27.6828, 27.6828, 27.6828, 753]
['2019-03-28 10:36:00', 28.1612, 28.1612, 28.1612, 28.1612, 322]
['2019-03-28 10:35:00', 28.01, 28.01, 28.01, 28.01, 205]
['2019-03-28 10:34:00', 28.1606, 28.1606, 28.1606, 28.1606, 688]
['2019-03-28 10:27:00', 28.28, 28.28, 28.28, 28.28, 100]
['2019-03-28 10:21:00', 28.28, 28.28, 28.28, 28.28, 200]
['2019-03-28 10:18:00', 28.28, 28.28, 28.28, 28.28, 100]
['2019-03-28 09:55:00', 27.84, 27.84, 27.84, 27.84, 100]
['2019-03-27 14:20:00', 27.3736, 27.3736, 27.3736, 27.3736, 0]
['2019-03-27 10:22:00', 27.6, 27.6, 27.6, 27.6, 136]
['2019-03-27 09:54:00', 27.49, 27.49, 27.49, 27.49, 812]
['2019-03-27 09:53:00', 27.97, 27.97, 27.97, 27.97, 200]
['2019-03-27 09:51:00', 27.8721, 27.8721, 27.8721, 27.8721, 302]
['2019-03-27 09:31:00', 27.61, 27.61, 27.61, 27.61, 0]
['2019-03-26 09:59:00', 26.98, 26.98, 26.98, 26.98, 368]
['2019-03-26 09:31:00', 26.96, 26.96, 26.96, 26.96, 0]
['2019-03-25 09:37:00', 27.1169, 27.1169, 27.1169, 27.1169, 43]
