ADRO
['2019-03-29 16:00:00', 3.99, 3.99, 3.98, 3.99, 7784]
['2019-03-29 15:59:00', 3.995, 3.995, 3.995, 3.995, 2478]
['2019-03-29 15:58:00', 3.995, 3.995, 3.995, 3.995, 345]
['2019-03-29 15:57:00', 3.99, 3.99, 3.99, 3.99, 1957]
['2019-03-29 15:56:00', 4.01, 3.99, 3.99, 4.01, 22816]
['2019-03-29 15:55:00', 4.02, 4.02, 4.02, 4.02, 408]
['2019-03-29 15:53:00', 4.015, 4.02, 4.015, 4.02, 3963]
['2019-03-29 15:51:00', 4.015, 4.015, 4.015, 4.015, 700]
['2019-03-29 15:49:00', 4.01, 4.01, 4.01, 4.01, 2950]
['2019-03-29 15:48:00', 4.01, 4.01, 4.01, 4.01, 6847]
['2019-03-29 15:47:00', 4.0, 4.0, 4.0, 4.0, 101]
['2019-03-29 15:46:00', 4.0, 4.0, 4.0, 4.0, 364]
['2019-03-29 15:45:00', 3.995, 4.0, 3.995, 4.0, 8391]
['2019-03-29 15:44:00', 3.99, 3.99, 3.99, 3.99, 602]
['2019-03-29 15:41:00', 3.99, 3.99, 3.99, 3.99, 1793]
['2019-03-29 15:40:00', 3.99, 3.99, 3.99, 3.99, 1420]
['2019-03-29 15:39:00', 3.98, 3.98, 3.98, 3.98, 500]
['2019-03-29 15:38:00', 3.97, 3.97, 3.97, 3.97, 1765]
['2019-03-29 15:36:00', 3.98, 3.98, 3.98, 3.98, 200]
['2019-03-29 15:35:00', 3.99, 3.99, 3.99, 3.99, 2502]
['2019-03-29 15:34:00', 3.98, 3.99, 3.98, 3.99, 1756]
['2019-03-29 15:32:00', 3.98, 3.98, 3.98, 3.98, 405]
['2019-03-29 15:31:00', 3.97, 3.97, 3.97, 3.97, 1300]
['2019-03-29 15:28:00', 3.98, 3.98, 3.98, 3.98, 517]
['2019-03-29 15:27:00', 3.97, 3.97, 3.97, 3.97, 970]
['2019-03-29 15:25:00', 3.97, 3.97, 3.97, 3.97, 1002]
['2019-03-29 15:24:00', 3.97, 3.96, 3.96, 3.97, 3100]
['2019-03-29 15:23:00', 3.99, 3.99, 3.99, 3.99, 200]
['2019-03-29 15:19:00', 3.98, 3.98, 3.98, 3.98, 1405]
['2019-03-29 15:16:00', 3.99, 3.99, 3.99, 3.99, 730]
['2019-03-29 15:13:00', 3.98, 3.98, 3.98, 3.985, 4442]
['2019-03-29 15:10:00', 3.975, 3.975, 3.975, 3.975, 434]
['2019-03-29 15:09:00', 3.97, 3.97, 3.97, 3.97, 705]
['2019-03-29 15:08:00', 3.99, 3.99, 3.99, 3.99, 200]
['2019-03-29 15:03:00', 3.98, 3.98, 3.98, 3.98, 506]
['2019-03-29 15:02:00', 3.98, 3.98, 3.98, 3.98, 1700]
['2019-03-29 14:58:00', 3.98, 3.98, 3.98, 3.98, 200]
['2019-03-29 14:56:00', 3.99, 3.99, 3.99, 3.99, 880]
['2019-03-29 14:55:00', 3.98, 3.98, 3.98, 3.98, 987]
['2019-03-29 14:54:00', 3.98, 3.98, 3.98, 3.98, 440]
['2019-03-29 14:51:00', 3.97, 3.97, 3.97, 3.97, 100]
['2019-03-29 14:50:00', 3.97, 3.97, 3.97, 3.97, 363]
['2019-03-29 14:42:00', 3.96, 3.97, 3.96, 3.97, 1030]
['2019-03-29 14:41:00', 3.97, 3.97, 3.97, 3.97, 1100]
['2019-03-29 14:36:00', 3.96, 3.96, 3.96, 3.96, 600]
['2019-03-29 14:35:00', 3.97, 3.97, 3.97, 3.97, 1323]
['2019-03-29 14:31:00', 3.97, 3.97, 3.97, 3.97, 1150]
['2019-03-29 14:29:00', 3.98, 3.98, 3.98, 3.98, 1029]
['2019-03-29 14:27:00', 3.97, 3.97, 3.97, 3.97, 3600]
['2019-03-29 14:23:00', 3.97, 3.97, 3.97, 3.97, 450]
['2019-03-29 14:21:00', 3.95, 3.95, 3.95, 3.95, 1000]
['2019-03-29 14:19:00', 3.97, 3.97, 3.97, 3.97, 200]
['2019-03-29 14:18:00', 3.95, 3.95, 3.95, 3.95, 900]
['2019-03-29 14:16:00', 3.97, 3.97, 3.97, 3.97, 200]
['2019-03-29 14:14:00', 3.9532, 3.9532, 3.9532, 3.9532, 1050]
['2019-03-29 14:13:00', 3.97, 3.97, 3.97, 3.97, 760]
['2019-03-29 14:11:00', 3.96, 3.96, 3.96, 3.96, 203]
['2019-03-29 14:10:00', 3.95, 3.95, 3.95, 3.95, 322]
['2019-03-29 14:09:00', 3.97, 3.97, 3.97, 3.97, 203]
['2019-03-29 14:08:00', 3.96, 3.96, 3.96, 3.96, 125]
['2019-03-29 14:04:00', 3.96, 3.96, 3.96, 3.96, 400]
['2019-03-29 14:01:00', 3.94, 3.94, 3.94, 3.94, 900]
['2019-03-29 13:59:00', 3.95, 3.95, 3.95, 3.95, 200]
['2019-03-29 13:58:00', 3.94, 3.94, 3.94, 3.94, 463]
['2019-03-29 13:57:00', 3.94, 3.94, 3.94, 3.94, 485]
['2019-03-29 13:54:00', 3.95, 3.95, 3.95, 3.95, 316]
['2019-03-29 13:52:00', 3.94, 3.94, 3.94, 3.94, 300]
['2019-03-29 13:51:00', 3.94, 3.94, 3.94, 3.94, 2945]
['2019-03-29 13:47:00', 3.93, 3.9, 3.9, 3.93, 5657]
['2019-03-29 13:46:00', 3.94, 3.94, 3.94, 3.94, 800]
['2019-03-29 13:44:00', 3.95, 3.95, 3.95, 3.95, 950]
['2019-03-29 13:41:00', 3.9452, 3.9452, 3.9452, 3.9452, 567]
['2019-03-29 13:39:00', 3.935, 3.935, 3.935, 3.935, 412]
['2019-03-29 13:36:00', 3.94, 3.94, 3.94, 3.94, 1911]
['2019-03-29 13:35:00', 3.94, 3.94, 3.94, 3.94, 904]
['2019-03-29 13:33:00', 3.95, 3.94, 3.94, 3.95, 1500]
['2019-03-29 13:32:00', 3.96, 3.96, 3.96, 3.96, 200]
['2019-03-29 13:29:00', 3.95, 3.95, 3.95, 3.95, 530]
['2019-03-29 13:28:00', 3.96, 3.96, 3.96, 3.96, 436]
['2019-03-29 13:25:00', 3.95, 3.95, 3.95, 3.95, 330]
['2019-03-29 13:24:00', 3.95, 3.95, 3.95, 3.95, 400]
['2019-03-29 13:23:00', 3.94, 3.94, 3.94, 3.94, 1100]
['2019-03-29 13:22:00', 3.94, 3.94, 3.94, 3.94, 425]
['2019-03-29 13:19:00', 3.93, 3.93, 3.93, 3.93, 100]
['2019-03-29 13:18:00', 3.95, 3.95, 3.95, 3.95, 893]
['2019-03-29 13:16:00', 3.96, 3.96, 3.96, 3.96, 207]
['2019-03-29 13:15:00', 3.96, 3.95, 3.95, 3.96, 1100]
['2019-03-29 13:13:00', 3.95, 3.95, 3.95, 3.95, 431]
['2019-03-29 13:11:00', 3.9615, 3.97, 3.9615, 3.97, 842]
['2019-03-29 13:08:00', 3.97, 3.97, 3.97, 3.97, 375]
['2019-03-29 13:07:00', 3.95, 3.95, 3.95, 3.95, 1400]
['2019-03-29 13:04:00', 3.96, 3.96, 3.96, 3.96, 200]
['2019-03-29 13:02:00', 3.97, 3.97, 3.97, 3.97, 500]
['2019-03-29 13:00:00', 3.97, 3.96, 3.96, 3.97, 2905]
['2019-03-29 12:57:00', 3.98, 3.98, 3.98, 3.98, 101]
['2019-03-29 12:56:00', 3.97, 3.97, 3.97, 3.97, 401]
['2019-03-29 12:55:00', 3.95, 3.97, 3.95, 3.97, 4545]
['2019-03-29 12:54:00', 3.94, 3.94, 3.94, 3.94, 400]
['2019-03-29 12:53:00', 3.96, 3.96, 3.96, 3.96, 200]
['2019-03-29 12:51:00', 3.96, 3.96, 3.96, 3.96, 200]
['2019-03-29 12:47:00', 3.94, 3.94, 3.94, 3.94, 200]
['2019-03-29 12:45:00', 3.96, 3.96, 3.96, 3.96, 700]
['2019-03-29 12:44:00', 3.94, 3.94, 3.94, 3.94, 300]
['2019-03-29 12:43:00', 3.94, 3.94, 3.94, 3.94, 676]
['2019-03-29 12:39:00', 3.95, 3.95, 3.95, 3.95, 577]
['2019-03-29 12:37:00', 3.9417, 3.9417, 3.9417, 3.9417, 900]
['2019-03-29 12:30:00', 3.94, 3.94, 3.94, 3.94, 435]
['2019-03-29 12:29:00', 3.94, 3.94, 3.94, 3.94, 432]
['2019-03-29 12:25:00', 3.94, 3.94, 3.94, 3.94, 413]
['2019-03-29 12:21:00', 3.93, 3.93, 3.93, 3.93, 100]
['2019-03-29 12:20:00', 3.95, 3.95, 3.95, 3.95, 100]
['2019-03-29 12:14:00', 3.95, 3.95, 3.95, 3.95, 238]
['2019-03-29 12:13:00', 3.93, 3.93, 3.93, 3.93, 1400]
['2019-03-29 12:12:00', 3.9301, 3.94, 3.9301, 3.94, 1002]
['2019-03-29 12:07:00', 3.92, 3.92, 3.92, 3.92, 328]
['2019-03-29 12:04:00', 3.93, 3.93, 3.93, 3.93, 130]
['2019-03-29 12:02:00', 3.9, 3.92, 3.9, 3.92, 2364]
['2019-03-29 12:00:00', 3.89, 3.89, 3.89, 3.89, 215]
['2019-03-29 11:58:00', 3.91, 3.9, 3.9, 3.91, 1100]
['2019-03-29 11:57:00', 3.92, 3.92, 3.92, 3.92, 500]
['2019-03-29 11:55:00', 3.92, 3.92, 3.92, 3.92, 1300]
['2019-03-29 11:53:00', 3.935, 3.935, 3.935, 3.935, 1041]
['2019-03-29 11:50:00', 3.93, 3.93, 3.93, 3.93, 625]
['2019-03-29 11:48:00', 3.94, 3.93, 3.93, 3.94, 2307]
['2019-03-29 11:47:00', 3.96, 3.94, 3.94, 3.96, 8758]
['2019-03-29 11:46:00', 3.96, 3.96, 3.96, 3.96, 465]
['2019-03-29 11:44:00', 3.96, 3.96, 3.96, 3.96, 1439]
['2019-03-29 11:43:00', 3.93, 3.96, 3.93, 3.96, 8760]
['2019-03-29 11:41:00', 3.94, 3.94, 3.94, 3.94, 471]
['2019-03-29 11:40:00', 3.945, 3.945, 3.945, 3.945, 100]
['2019-03-29 11:39:00', 3.95, 3.95, 3.95, 3.95, 300]
['2019-03-29 11:38:00', 3.94, 3.94, 3.94, 3.96, 13900]
['2019-03-29 11:33:00', 3.92, 3.92, 3.92, 3.92, 1200]
['2019-03-29 11:32:00', 3.92, 3.92, 3.92, 3.92, 1305]
['2019-03-29 11:31:00', 3.93, 3.93, 3.93, 3.93, 600]
['2019-03-29 11:30:00', 3.92, 3.92, 3.92, 3.92, 625]
['2019-03-29 11:26:00', 3.92, 3.92, 3.92, 3.92, 1024]
['2019-03-29 11:21:00', 3.9, 3.91, 3.9, 3.91, 554]
['2019-03-29 11:18:00', 3.9, 3.9, 3.9, 3.9, 857]
['2019-03-29 11:15:00', 3.89, 3.89, 3.89, 3.89, 125]
['2019-03-29 11:14:00', 3.89, 3.89, 3.89, 3.89, 200]
['2019-03-29 11:13:00', 3.89, 3.89, 3.89, 3.89, 480]
['2019-03-29 11:11:00', 3.88, 3.88, 3.88, 3.88, 310]
['2019-03-29 11:08:00', 3.86, 3.86, 3.86, 3.86, 827]
['2019-03-29 11:05:00', 3.865, 3.85, 3.85, 3.865, 3171]
['2019-03-29 11:04:00', 3.86, 3.86, 3.86, 3.86, 247]
['2019-03-29 11:02:00', 3.87, 3.86, 3.86, 3.87, 2367]
['2019-03-29 10:56:00', 3.88, 3.87, 3.87, 3.88, 842]
['2019-03-29 10:55:00', 3.88, 3.88, 3.88, 3.88, 100]
['2019-03-29 10:52:00', 3.87, 3.87, 3.87, 3.87, 400]
['2019-03-29 10:51:00', 3.87, 3.87, 3.87, 3.87, 1353]
['2019-03-29 10:50:00', 3.87, 3.87, 3.87, 3.87, 400]
['2019-03-29 10:48:00', 3.87, 3.87, 3.87, 3.87, 700]
['2019-03-29 10:47:00', 3.87, 3.87, 3.87, 3.87, 1705]
['2019-03-29 10:46:00', 3.87, 3.87, 3.87, 3.87, 988]
['2019-03-29 10:41:00', 3.85, 3.88, 3.85, 3.88, 9411]
['2019-03-29 10:39:00', 3.84, 3.84, 3.84, 3.84, 950]
['2019-03-29 10:38:00', 3.85, 3.85, 3.85, 3.85, 1222]
['2019-03-29 10:36:00', 3.86, 3.86, 3.86, 3.86, 712]
['2019-03-29 10:35:00', 3.85, 3.85, 3.85, 3.85, 100]
['2019-03-29 10:34:00', 3.85, 3.85, 3.85, 3.85, 100]
['2019-03-29 10:32:00', 3.85, 3.85, 3.85, 3.85, 857]
['2019-03-29 10:31:00', 3.856, 3.856, 3.856, 3.856, 1000]
['2019-03-29 10:29:00', 3.87, 3.87, 3.87, 3.87, 700]
['2019-03-29 10:27:00', 3.85, 3.85, 3.85, 3.85, 984]
['2019-03-29 10:25:00', 3.8275, 3.85, 3.8275, 3.85, 5975]
['2019-03-29 10:23:00', 3.8411, 3.8411, 3.8411, 3.8411, 1000]
['2019-03-29 10:22:00', 3.83, 3.83, 3.83, 3.83, 821]
['2019-03-29 10:21:00', 3.8, 3.8, 3.8, 3.8, 9899]
['2019-03-29 10:20:00', 3.83, 3.83, 3.83, 3.83, 1625]
['2019-03-29 10:19:00', 3.86, 3.86, 3.86, 3.86, 405]
['2019-03-29 10:18:00', 3.85, 3.85, 3.85, 3.85, 1000]
['2019-03-29 10:17:00', 3.86, 3.84, 3.84, 3.86, 1705]
['2019-03-29 10:15:00', 3.88, 3.88, 3.88, 3.88, 400]
['2019-03-29 10:14:00', 3.89, 3.89, 3.89, 3.89, 500]
['2019-03-29 10:13:00', 3.88, 3.88, 3.88, 3.88, 697]
['2019-03-29 10:09:00', 3.91, 3.91, 3.91, 3.91, 322]
['2019-03-29 10:08:00', 3.925, 3.925, 3.925, 3.925, 303]
['2019-03-29 10:06:00', 3.95, 3.93, 3.93, 3.95, 8001]
['2019-03-29 10:04:00', 3.94, 3.94, 3.94, 3.94, 1305]
['2019-03-29 10:02:00', 3.935, 3.935, 3.935, 3.935, 111]
['2019-03-29 09:59:00', 3.9444, 3.9444, 3.9444, 3.9444, 310]
['2019-03-29 09:57:00', 3.95, 3.95, 3.95, 3.95, 200]
['2019-03-29 09:51:00', 3.9159, 3.91, 3.91, 3.9159, 410]
['2019-03-29 09:49:00', 3.93, 3.92, 3.92, 3.93, 2080]
['2019-03-29 09:48:00', 3.955, 3.955, 3.955, 3.955, 1070]
['2019-03-29 09:45:00', 3.96, 3.96, 3.96, 3.96, 2856]
['2019-03-29 09:43:00', 3.91, 3.95, 3.91, 3.95, 5912]
['2019-03-29 09:38:00', 3.9, 3.9, 3.9, 3.9, 1113]
['2019-03-29 09:37:00', 3.84, 3.84, 3.84, 3.84, 932]
['2019-03-29 09:36:00', 3.84, 3.84, 3.84, 3.84, 558]
['2019-03-29 09:35:00', 3.84, 3.84, 3.84, 3.84, 918]
['2019-03-29 09:33:00', 3.84, 3.84, 3.84, 3.84, 1725]
['2019-03-29 09:32:00', 3.84, 3.84, 3.84, 3.84, 5438]
['2019-03-28 16:00:00', 3.85, 3.85, 3.85, 3.85, 3932]
['2019-03-28 15:59:00', 3.845, 3.84, 3.84, 3.845, 2984]
['2019-03-28 15:58:00', 3.84, 3.845, 3.84, 3.845, 4293]
['2019-03-28 15:57:00', 3.835, 3.835, 3.835, 3.835, 300]
['2019-03-28 15:56:00', 3.84, 3.835, 3.835, 3.84, 1005]
['2019-03-28 15:55:00', 3.83, 3.83, 3.83, 3.83, 300]
['2019-03-28 15:53:00', 3.84, 3.84, 3.84, 3.84, 499]
['2019-03-28 15:52:00', 3.825, 3.83, 3.825, 3.83, 2378]
['2019-03-28 15:51:00', 3.845, 3.825, 3.825, 3.845, 2581]
['2019-03-28 15:50:00', 3.85, 3.85, 3.85, 3.85, 453]
['2019-03-28 15:49:00', 3.85, 3.85, 3.85, 3.85, 625]
['2019-03-28 15:48:00', 3.85, 3.85, 3.85, 3.85, 691]
['2019-03-28 15:47:00', 3.85, 3.85, 3.85, 3.85, 269]
['2019-03-28 15:46:00', 3.85, 3.85, 3.85, 3.85, 410]
['2019-03-28 15:44:00', 3.85, 3.85, 3.85, 3.85, 194]
['2019-03-28 15:43:00', 3.85, 3.85, 3.85, 3.85, 515]
['2019-03-28 15:40:00', 3.84, 3.84, 3.84, 3.84, 100]
['2019-03-28 15:39:00', 3.86, 3.86, 3.86, 3.86, 100]
['2019-03-28 15:36:00', 3.855, 3.855, 3.855, 3.855, 356]
['2019-03-28 15:35:00', 3.85, 3.85, 3.85, 3.85, 1015]
['2019-03-28 15:32:00', 3.85, 3.85, 3.85, 3.85, 319]
['2019-03-28 15:30:00', 3.85, 3.85, 3.85, 3.85, 550]
['2019-03-28 15:29:00', 3.85, 3.85, 3.85, 3.85, 100]
['2019-03-28 15:26:00', 3.86, 3.86, 3.86, 3.86, 222]
['2019-03-28 15:23:00', 3.86, 3.86, 3.86, 3.86, 311]
['2019-03-28 15:21:00', 3.86, 3.86, 3.86, 3.86, 1035]
['2019-03-28 15:20:00', 3.87, 3.87, 3.87, 3.87, 300]
['2019-03-28 15:17:00', 3.87, 3.87, 3.87, 3.87, 205]
['2019-03-28 15:13:00', 3.87, 3.87, 3.87, 3.87, 300]
['2019-03-28 15:12:00', 3.88, 3.88, 3.88, 3.88, 435]
['2019-03-28 15:11:00', 3.86, 3.86, 3.86, 3.86, 212]
['2019-03-28 15:09:00', 3.87, 3.87, 3.87, 3.87, 197]
['2019-03-28 15:07:00', 3.86, 3.86, 3.86, 3.86, 500]
['2019-03-28 15:06:00', 3.85, 3.85, 3.85, 3.85, 315]
['2019-03-28 15:05:00', 3.86, 3.86, 3.86, 3.86, 1100]
['2019-03-28 15:04:00', 3.87, 3.87, 3.87, 3.87, 212]
['2019-03-28 15:02:00', 3.86, 3.86, 3.86, 3.86, 700]
['2019-03-28 15:01:00', 3.87, 3.87, 3.87, 3.87, 214]
['2019-03-28 15:00:00', 3.88, 3.88, 3.88, 3.88, 500]
['2019-03-28 14:59:00', 3.89, 3.89, 3.89, 3.89, 200]
['2019-03-28 14:57:00', 3.88, 3.88, 3.88, 3.88, 560]
['2019-03-28 14:54:00', 3.9, 3.87, 3.87, 3.9, 2369]
['2019-03-28 14:49:00', 3.9, 3.89, 3.89, 3.9, 831]
['2019-03-28 14:45:00', 3.9, 3.9, 3.9, 3.9, 400]
['2019-03-28 14:40:00', 3.88, 3.88, 3.88, 3.88, 942]
['2019-03-28 14:33:00', 3.88, 3.88, 3.88, 3.88, 500]
['2019-03-28 14:32:00', 3.92, 3.9, 3.9, 3.92, 1088]
['2019-03-28 14:26:00', 3.91, 3.91, 3.91, 3.91, 1200]
['2019-03-28 14:22:00', 3.9, 3.9, 3.9, 3.9, 100]
['2019-03-28 14:21:00', 3.9, 3.9, 3.9, 3.9, 217]
['2019-03-28 14:19:00', 3.94, 3.91, 3.91, 3.94, 1782]
['2019-03-28 14:16:00', 3.9171, 3.9171, 3.9171, 3.9171, 359]
['2019-03-28 14:14:00', 3.91, 3.91, 3.91, 3.91, 347]
['2019-03-28 14:09:00', 3.91, 3.91, 3.91, 3.91, 101]
['2019-03-28 14:07:00', 3.905, 3.905, 3.905, 3.905, 342]
['2019-03-28 14:03:00', 3.93, 3.93, 3.93, 3.93, 300]
['2019-03-28 13:58:00', 3.92, 3.92, 3.92, 3.92, 111]
['2019-03-28 13:57:00', 3.91, 3.91, 3.91, 3.91, 100]
['2019-03-28 13:54:00', 3.91, 3.91, 3.91, 3.91, 592]
['2019-03-28 13:50:00', 3.91, 3.91, 3.91, 3.91, 100]
['2019-03-28 13:43:00', 3.9, 3.9, 3.9, 3.9, 200]
['2019-03-28 13:39:00', 3.9, 3.89, 3.89, 3.9, 800]
['2019-03-28 13:38:00', 3.9, 3.9, 3.9, 3.9, 405]
['2019-03-28 13:36:00', 3.91, 3.91, 3.91, 3.91, 718]
['2019-03-28 13:33:00', 3.93, 3.93, 3.93, 3.93, 138]
['2019-03-28 13:30:00', 3.92, 3.92, 3.92, 3.92, 100]
['2019-03-28 13:29:00', 3.93, 3.93, 3.93, 3.93, 247]
['2019-03-28 13:25:00', 3.92, 3.92, 3.92, 3.92, 453]
['2019-03-28 13:22:00', 3.93, 3.93, 3.93, 3.93, 252]
['2019-03-28 13:18:00', 3.92, 3.92, 3.92, 3.92, 292]
['2019-03-28 13:11:00', 3.9, 3.9, 3.9, 3.9, 300]
['2019-03-28 13:10:00', 3.9, 3.9, 3.9, 3.9, 400]
['2019-03-28 13:08:00', 3.9, 3.9, 3.9, 3.9, 410]
['2019-03-28 13:02:00', 3.9, 3.9, 3.9, 3.9, 310]
['2019-03-28 13:01:00', 3.9, 3.9, 3.9, 3.9, 612]
['2019-03-28 13:00:00', 3.89, 3.89, 3.89, 3.89, 300]
['2019-03-28 12:58:00', 3.9, 3.9, 3.9, 3.9, 1305]
['2019-03-28 12:55:00', 3.89, 3.89, 3.89, 3.89, 2217]
['2019-03-28 12:53:00', 3.9, 3.9, 3.9, 3.9, 144]
['2019-03-28 12:51:00', 3.9, 3.9, 3.9, 3.9, 318]
['2019-03-28 12:49:00', 3.8895, 3.8895, 3.8895, 3.8895, 1500]
['2019-03-28 12:46:00', 3.88, 3.88, 3.88, 3.88, 300]
['2019-03-28 12:45:00', 3.89, 3.89, 3.89, 3.89, 104]
['2019-03-28 12:43:00', 3.88, 3.88, 3.88, 3.88, 826]
['2019-03-28 12:39:00', 3.87, 3.87, 3.87, 3.87, 976]
['2019-03-28 12:37:00', 3.8599, 3.8599, 3.8599, 3.8599, 850]
['2019-03-28 12:33:00', 3.87, 3.85, 3.85, 3.87, 914]
['2019-03-28 12:32:00', 3.865, 3.865, 3.865, 3.865, 728]
['2019-03-28 12:30:00', 3.86, 3.86, 3.86, 3.86, 100]
['2019-03-28 12:29:00', 3.86, 3.86, 3.86, 3.86, 400]
['2019-03-28 12:23:00', 3.86, 3.86, 3.86, 3.86, 200]
['2019-03-28 12:22:00', 3.86, 3.86, 3.86, 3.86, 503]
['2019-03-28 12:21:00', 3.84, 3.84, 3.84, 3.84, 917]
['2019-03-28 12:20:00', 3.86, 3.86, 3.86, 3.86, 101]
['2019-03-28 12:18:00', 3.85, 3.85, 3.85, 3.85, 100]
['2019-03-28 12:17:00', 3.84, 3.84, 3.84, 3.84, 300]
['2019-03-28 12:15:00', 3.86, 3.86, 3.86, 3.86, 100]
['2019-03-28 12:14:00', 3.86, 3.86, 3.86, 3.86, 495]
['2019-03-28 12:10:00', 3.86, 3.85, 3.85, 3.86, 1719]
['2019-03-28 12:07:00', 3.87, 3.87, 3.87, 3.87, 561]
['2019-03-28 12:06:00', 3.86, 3.86, 3.86, 3.86, 300]
['2019-03-28 12:03:00', 3.86, 3.86, 3.86, 3.86, 100]
['2019-03-28 12:01:00', 3.86, 3.86, 3.86, 3.86, 100]
['2019-03-28 12:00:00', 3.86, 3.86, 3.86, 3.86, 407]
['2019-03-28 11:57:00', 3.84, 3.84, 3.84, 3.84, 405]
['2019-03-28 11:56:00', 3.85, 3.85, 3.85, 3.85, 700]
['2019-03-28 11:54:00', 3.85, 3.85, 3.85, 3.85, 650]
['2019-03-28 11:53:00', 3.84, 3.84, 3.84, 3.84, 500]
['2019-03-28 11:52:00', 3.85, 3.85, 3.85, 3.85, 220]
['2019-03-28 11:50:00', 3.83, 3.83, 3.83, 3.83, 1443]
['2019-03-28 11:46:00', 3.82, 3.82, 3.82, 3.82, 506]
['2019-03-28 11:42:00', 3.84, 3.84, 3.84, 3.84, 1500]
['2019-03-28 11:41:00', 3.85, 3.85, 3.85, 3.85, 908]
['2019-03-28 11:36:00', 3.83, 3.83, 3.83, 3.83, 502]
['2019-03-28 11:33:00', 3.82, 3.83, 3.82, 3.83, 622]
['2019-03-28 11:30:00', 3.82, 3.82, 3.82, 3.82, 692]
['2019-03-28 11:29:00', 3.84, 3.84, 3.84, 3.84, 303]
['2019-03-28 11:23:00', 3.83, 3.83, 3.83, 3.83, 605]
['2019-03-28 11:20:00', 3.85, 3.85, 3.85, 3.85, 503]
['2019-03-28 11:18:00', 3.85, 3.85, 3.85, 3.85, 407]
['2019-03-28 11:16:00', 3.83, 3.83, 3.83, 3.83, 1143]
['2019-03-28 11:15:00', 3.84, 3.84, 3.84, 3.84, 1000]
['2019-03-28 11:12:00', 3.81, 3.81, 3.81, 3.81, 212]
['2019-03-28 11:08:00', 3.81, 3.81, 3.81, 3.81, 312]
['2019-03-28 11:06:00', 3.83, 3.83, 3.83, 3.83, 200]
['2019-03-28 11:05:00', 3.83, 3.83, 3.83, 3.83, 1005]
['2019-03-28 11:00:00', 3.85, 3.85, 3.85, 3.85, 374]
['2019-03-28 10:56:00', 3.82, 3.82, 3.82, 3.82, 751]
['2019-03-28 10:54:00', 3.81, 3.8142, 3.81, 3.8142, 1900]
['2019-03-28 10:51:00', 3.85, 3.85, 3.85, 3.85, 1810]
['2019-03-28 10:50:00', 3.85, 3.85, 3.85, 3.85, 637]
['2019-03-28 10:49:00', 3.845, 3.845, 3.845, 3.845, 198]
['2019-03-28 10:45:00', 3.85, 3.85, 3.85, 3.85, 100]
['2019-03-28 10:44:00', 3.85, 3.85, 3.85, 3.85, 5783]
['2019-03-28 10:40:00', 3.84, 3.84, 3.84, 3.84, 492]
['2019-03-28 10:39:00', 3.82, 3.82, 3.82, 3.82, 1367]
['2019-03-28 10:37:00', 3.84, 3.84, 3.84, 3.84, 1109]
['2019-03-28 10:34:00', 3.84, 3.84, 3.84, 3.84, 303]
['2019-03-28 10:27:00', 3.83, 3.83, 3.83, 3.83, 936]
['2019-03-28 10:26:00', 3.83, 3.83, 3.83, 3.83, 402]
['2019-03-28 10:23:00', 3.86, 3.86, 3.86, 3.86, 101]
['2019-03-28 10:20:00', 3.84, 3.84, 3.84, 3.84, 546]
['2019-03-28 10:19:00', 3.83, 3.83, 3.83, 3.83, 100]
['2019-03-28 10:16:00', 3.82, 3.82, 3.82, 3.82, 278]
['2019-03-28 10:15:00', 3.8, 3.8, 3.8, 3.8, 464]
['2019-03-28 10:14:00', 3.85, 3.81, 3.81, 3.85, 1538]
['2019-03-28 10:09:00', 3.88, 3.88, 3.88, 3.88, 227]
['2019-03-28 10:08:00', 3.87, 3.87, 3.87, 3.87, 102]
['2019-03-28 10:05:00', 3.86, 3.86, 3.86, 3.86, 508]
['2019-03-28 10:04:00', 3.84, 3.84, 3.84, 3.84, 705]
['2019-03-28 10:00:00', 3.82, 3.82, 3.82, 3.82, 100]
['2019-03-28 09:55:00', 3.8, 3.8, 3.8, 3.8, 913]
['2019-03-28 09:48:00', 3.82, 3.82, 3.82, 3.82, 182]
['2019-03-28 09:42:00', 3.77, 3.77, 3.77, 3.77, 149]
['2019-03-28 09:37:00', 3.82, 3.82, 3.82, 3.82, 306]
['2019-03-28 09:31:00', 3.76, 3.76, 3.76, 3.76, 1131]
['2019-03-27 16:00:00', 3.805, 3.8, 3.8, 3.81, 13105]
['2019-03-27 15:59:00', 3.81, 3.81, 3.81, 3.81, 3986]
['2019-03-27 15:58:00', 3.79, 3.805, 3.79, 3.81, 6628]
['2019-03-27 15:57:00', 3.79, 3.79, 3.79, 3.79, 1601]
['2019-03-27 15:56:00', 3.8, 3.795, 3.795, 3.8, 3296]
['2019-03-27 15:55:00', 3.8, 3.8, 3.8, 3.8, 956]
['2019-03-27 15:54:00', 3.81, 3.81, 3.81, 3.81, 1150]
['2019-03-27 15:53:00', 3.81, 3.81, 3.81, 3.81, 720]
['2019-03-27 15:52:00', 3.82, 3.82, 3.82, 3.82, 400]
['2019-03-27 15:51:00', 3.82, 3.82, 3.82, 3.82, 1200]
['2019-03-27 15:50:00', 3.82, 3.82, 3.82, 3.82, 1548]
['2019-03-27 15:49:00', 3.81, 3.81, 3.81, 3.81, 752]
['2019-03-27 15:48:00', 3.81, 3.81, 3.81, 3.81, 832]
['2019-03-27 15:47:00', 3.83, 3.82, 3.82, 3.83, 1351]
['2019-03-27 15:46:00', 3.82, 3.82, 3.82, 3.82, 1300]
['2019-03-27 15:45:00', 3.82, 3.815, 3.815, 3.82, 2019]
['2019-03-27 15:44:00', 3.83, 3.83, 3.83, 3.83, 400]
['2019-03-27 15:43:00', 3.83, 3.83, 3.83, 3.83, 978]
['2019-03-27 15:42:00', 3.825, 3.825, 3.825, 3.825, 700]
['2019-03-27 15:40:00', 3.83, 3.83, 3.83, 3.83, 100]
['2019-03-27 15:39:00', 3.82, 3.82, 3.82, 3.82, 200]
['2019-03-27 15:37:00', 3.84, 3.84, 3.84, 3.84, 308]
['2019-03-27 15:35:00', 3.84, 3.84, 3.84, 3.84, 100]
['2019-03-27 15:34:00', 3.84, 3.83, 3.83, 3.84, 1434]
['2019-03-27 15:33:00', 3.85, 3.85, 3.85, 3.85, 206]
['2019-03-27 15:31:00', 3.84, 3.84, 3.84, 3.84, 405]
['2019-03-27 15:30:00', 3.83, 3.83, 3.83, 3.83, 710]
['2019-03-27 15:29:00', 3.81, 3.82, 3.81, 3.82, 1900]
['2019-03-27 15:28:00', 3.81, 3.81, 3.81, 3.81, 600]
['2019-03-27 15:27:00', 3.81, 3.81, 3.81, 3.81, 400]
['2019-03-27 15:26:00', 3.81, 3.81, 3.81, 3.81, 452]
['2019-03-27 15:23:00', 3.81, 3.81, 3.81, 3.81, 105]
['2019-03-27 15:22:00', 3.8, 3.8, 3.8, 3.8, 200]
['2019-03-27 15:21:00', 3.81, 3.81, 3.81, 3.81, 100]
['2019-03-27 15:20:00', 3.79, 3.79, 3.79, 3.79, 500]
['2019-03-27 15:17:00', 3.8, 3.8, 3.8, 3.8, 627]
['2019-03-27 15:16:00', 3.79, 3.79, 3.79, 3.79, 971]
['2019-03-27 15:15:00', 3.79, 3.79, 3.79, 3.79, 545]
['2019-03-27 15:14:00', 3.785, 3.785, 3.785, 3.785, 502]
['2019-03-27 15:13:00', 3.78, 3.78, 3.78, 3.78, 400]
['2019-03-27 15:12:00', 3.78, 3.78, 3.78, 3.78, 100]
['2019-03-27 15:11:00', 3.78, 3.78, 3.78, 3.78, 537]
['2019-03-27 15:10:00', 3.79, 3.79, 3.79, 3.79, 703]
['2019-03-27 15:09:00', 3.8, 3.8, 3.8, 3.8, 300]
['2019-03-27 15:08:00', 3.795, 3.795, 3.795, 3.795, 200]
['2019-03-27 14:59:00', 3.815, 3.8, 3.8, 3.815, 1212]
['2019-03-27 14:58:00', 3.82, 3.82, 3.82, 3.82, 200]
['2019-03-27 14:56:00', 3.82, 3.82, 3.82, 3.82, 100]
['2019-03-27 14:53:00', 3.815, 3.815, 3.815, 3.815, 1128]
['2019-03-27 14:51:00', 3.82, 3.82, 3.82, 3.82, 329]
['2019-03-27 14:49:00', 3.81, 3.81, 3.81, 3.81, 252]
['2019-03-27 14:46:00', 3.81, 3.81, 3.81, 3.81, 689]
['2019-03-27 14:45:00', 3.805, 3.805, 3.805, 3.805, 334]
['2019-03-27 14:42:00', 3.81, 3.81, 3.81, 3.81, 270]
['2019-03-27 14:41:00', 3.8, 3.8, 3.8, 3.8, 429]
['2019-03-27 14:38:00', 3.83, 3.82, 3.82, 3.83, 1100]
['2019-03-27 14:37:00', 3.82, 3.82, 3.82, 3.82, 910]
['2019-03-27 14:33:00', 3.84, 3.84, 3.84, 3.84, 1200]
['2019-03-27 14:32:00', 3.85, 3.85, 3.85, 3.85, 210]
['2019-03-27 14:31:00', 3.845, 3.845, 3.845, 3.845, 500]
['2019-03-27 14:26:00', 3.85, 3.85, 3.85, 3.85, 600]
['2019-03-27 14:24:00', 3.84, 3.84, 3.84, 3.84, 100]
['2019-03-27 14:23:00', 3.85, 3.85, 3.85, 3.85, 405]
['2019-03-27 14:21:00', 3.85, 3.85, 3.85, 3.85, 805]
['2019-03-27 14:18:00', 3.87, 3.87, 3.87, 3.87, 300]
['2019-03-27 14:14:00', 3.85, 3.86, 3.85, 3.86, 847]
['2019-03-27 14:13:00', 3.85, 3.85, 3.85, 3.85, 1330]
['2019-03-27 14:12:00', 3.84, 3.84, 3.84, 3.84, 991]
['2019-03-27 14:09:00', 3.84, 3.84, 3.84, 3.84, 101]
['2019-03-27 14:08:00', 3.84, 3.84, 3.84, 3.84, 390]
['2019-03-27 14:05:00', 3.83, 3.83, 3.83, 3.83, 510]
['2019-03-27 14:04:00', 3.83, 3.83, 3.83, 3.83, 400]
['2019-03-27 13:59:00', 3.83, 3.83, 3.83, 3.83, 295]
['2019-03-27 13:57:00', 3.825, 3.8298, 3.825, 3.8298, 1188]
['2019-03-27 13:55:00', 3.83, 3.83, 3.83, 3.83, 206]
['2019-03-27 13:54:00', 3.825, 3.825, 3.825, 3.825, 213]
['2019-03-27 13:51:00', 3.83, 3.83, 3.83, 3.83, 233]
['2019-03-27 13:48:00', 3.82, 3.82, 3.82, 3.82, 570]
['2019-03-27 13:46:00', 3.81, 3.82, 3.81, 3.82, 1226]
['2019-03-27 13:44:00', 3.81, 3.81, 3.81, 3.81, 356]
['2019-03-27 13:40:00', 3.81, 3.81, 3.81, 3.81, 665]
['2019-03-27 13:38:00', 3.8, 3.8, 3.8, 3.8, 606]
['2019-03-27 13:36:00', 3.79, 3.79, 3.79, 3.79, 312]
['2019-03-27 13:34:00', 3.81, 3.81, 3.81, 3.81, 528]
['2019-03-27 13:31:00', 3.81, 3.81, 3.81, 3.81, 100]
['2019-03-27 13:30:00', 3.81, 3.81, 3.81, 3.81, 409]
['2019-03-27 13:29:00', 3.8, 3.8, 3.8, 3.8, 413]
['2019-03-27 13:28:00', 3.8, 3.8, 3.8, 3.8, 600]
['2019-03-27 13:26:00', 3.8, 3.8, 3.8, 3.8, 522]
['2019-03-27 13:18:00', 3.8, 3.8, 3.8, 3.8, 606]
['2019-03-27 13:16:00', 3.79, 3.79, 3.79, 3.79, 1528]
['2019-03-27 13:15:00', 3.77, 3.77, 3.77, 3.77, 1200]
['2019-03-27 13:14:00', 3.775, 3.775, 3.775, 3.775, 454]
['2019-03-27 13:12:00', 3.78, 3.78, 3.78, 3.78, 111]
['2019-03-27 13:08:00', 3.79, 3.79, 3.79, 3.79, 505]
['2019-03-27 13:06:00', 3.8, 3.8, 3.8, 3.8, 582]
['2019-03-27 13:02:00', 3.8, 3.8, 3.8, 3.8, 1005]
['2019-03-27 13:01:00', 3.8, 3.8, 3.8, 3.8, 424]
['2019-03-27 13:00:00', 3.81, 3.81, 3.81, 3.81, 100]
['2019-03-27 12:58:00', 3.81, 3.81, 3.81, 3.81, 211]
['2019-03-27 12:55:00', 3.805, 3.805, 3.805, 3.805, 211]
['2019-03-27 12:53:00', 3.8, 3.81, 3.8, 3.81, 1106]
['2019-03-27 12:50:00', 3.79, 3.79, 3.79, 3.79, 200]
['2019-03-27 12:48:00', 3.8, 3.8, 3.8, 3.8, 400]
['2019-03-27 12:41:00', 3.79, 3.79, 3.79, 3.79, 2639]
['2019-03-27 12:39:00', 3.79, 3.79, 3.79, 3.79, 320]
['2019-03-27 12:35:00', 3.8, 3.8, 3.8, 3.8, 160]
['2019-03-27 12:32:00', 3.81, 3.81, 3.81, 3.81, 194]
['2019-03-27 12:29:00', 3.8, 3.8, 3.8, 3.8, 537]
['2019-03-27 12:27:00', 3.8, 3.8, 3.8, 3.8, 591]
['2019-03-27 12:25:00', 3.8, 3.8, 3.8, 3.8, 381]
['2019-03-27 12:24:00', 3.81, 3.81, 3.81, 3.81, 898]
['2019-03-27 12:22:00', 3.81, 3.81, 3.81, 3.81, 937]
['2019-03-27 12:20:00', 3.82, 3.82, 3.82, 3.82, 300]
['2019-03-27 12:19:00', 3.82, 3.82, 3.82, 3.82, 739]
['2019-03-27 12:15:00', 3.81, 3.81, 3.81, 3.81, 310]
['2019-03-27 12:13:00', 3.8, 3.81, 3.8, 3.81, 1900]
['2019-03-27 12:10:00', 3.8, 3.8, 3.8, 3.8, 629]
['2019-03-27 12:07:00', 3.8, 3.8, 3.8, 3.8, 823]
['2019-03-27 12:06:00', 3.8, 3.8, 3.8, 3.8, 1172]
['2019-03-27 12:03:00', 3.783, 3.783, 3.783, 3.783, 1128]
['2019-03-27 12:01:00', 3.78, 3.78, 3.78, 3.78, 305]
['2019-03-27 12:00:00', 3.79, 3.79, 3.79, 3.79, 674]
['2019-03-27 11:58:00', 3.79, 3.79, 3.79, 3.79, 298]
['2019-03-27 11:56:00', 3.79, 3.79, 3.79, 3.79, 300]
['2019-03-27 11:55:00', 3.79, 3.79, 3.79, 3.79, 302]
['2019-03-27 11:53:00', 3.78, 3.78, 3.78, 3.78, 614]
['2019-03-27 11:52:00', 3.79, 3.79, 3.79, 3.79, 1205]
['2019-03-27 11:51:00', 3.76, 3.81, 3.76, 3.81, 3856]
['2019-03-27 11:50:00', 3.76, 3.76, 3.76, 3.76, 300]
['2019-03-27 11:49:00', 3.76, 3.76, 3.76, 3.76, 600]
['2019-03-27 11:47:00', 3.76, 3.76, 3.76, 3.76, 337]
['2019-03-27 11:46:00', 3.76, 3.76, 3.76, 3.76, 419]
['2019-03-27 11:44:00', 3.755, 3.75, 3.75, 3.755, 2042]
['2019-03-27 11:41:00', 3.75, 3.75, 3.75, 3.75, 1355]
['2019-03-27 11:37:00', 3.75, 3.75, 3.75, 3.75, 2606]
['2019-03-27 11:36:00', 3.75, 3.75, 3.75, 3.75, 3214]
['2019-03-27 11:34:00', 3.75, 3.75, 3.75, 3.75, 1900]
['2019-03-27 11:33:00', 3.75, 3.75, 3.75, 3.75, 100]
['2019-03-27 11:31:00', 3.76, 3.76, 3.76, 3.76, 1000]
['2019-03-27 11:30:00', 3.75, 3.75, 3.75, 3.75, 8552]
['2019-03-27 11:29:00', 3.75, 3.75, 3.75, 3.75, 2160]
['2019-03-27 11:28:00', 3.76, 3.75, 3.75, 3.76, 4500]
['2019-03-27 11:26:00', 3.765, 3.765, 3.765, 3.765, 405]
['2019-03-27 11:25:00', 3.75, 3.75, 3.75, 3.75, 200]
['2019-03-27 11:23:00', 3.75, 3.75, 3.75, 3.75, 115]
['2019-03-27 11:20:00', 3.78, 3.76, 3.76, 3.78, 1005]
['2019-03-27 11:16:00', 3.78, 3.78, 3.78, 3.78, 605]
['2019-03-27 11:15:00', 3.8, 3.8, 3.8, 3.8, 3200]
['2019-03-27 11:14:00', 3.7955, 3.7955, 3.7955, 3.7955, 201]
['2019-03-27 11:09:00', 3.78, 3.78, 3.78, 3.78, 903]
['2019-03-27 11:08:00', 3.765, 3.765, 3.765, 3.765, 900]
['2019-03-27 11:07:00', 3.76, 3.76, 3.76, 3.76, 716]
['2019-03-27 11:06:00', 3.75, 3.75, 3.75, 3.75, 23112]
['2019-03-27 11:05:00', 3.75, 3.75, 3.75, 3.75, 3563]
['2019-03-27 11:04:00', 3.75, 3.75, 3.75, 3.75, 853]
['2019-03-27 11:03:00', 3.76, 3.76, 3.76, 3.76, 856]
['2019-03-27 11:02:00', 3.76, 3.76, 3.76, 3.76, 5606]
['2019-03-27 11:01:00', 3.72, 3.74, 3.72, 3.74, 8005]
['2019-03-27 11:00:00', 3.68, 3.72, 3.68, 3.72, 9939]
['2019-03-27 10:57:00', 3.69, 3.69, 3.69, 3.69, 243]
['2019-03-27 10:55:00', 3.68, 3.69, 3.68, 3.69, 2583]
['2019-03-27 10:52:00', 3.67, 3.67, 3.67, 3.67, 146]
['2019-03-27 10:51:00', 3.67, 3.67, 3.67, 3.67, 747]
['2019-03-27 10:47:00', 3.66, 3.67, 3.66, 3.67, 1853]
['2019-03-27 10:46:00', 3.66, 3.66, 3.66, 3.66, 616]
['2019-03-27 10:44:00', 3.67, 3.67, 3.67, 3.67, 915]
['2019-03-27 10:41:00', 3.67, 3.67, 3.67, 3.67, 837]
['2019-03-27 10:39:00', 3.67, 3.67, 3.67, 3.67, 2084]
['2019-03-27 10:38:00', 3.66, 3.66, 3.66, 3.66, 2316]
['2019-03-27 10:37:00', 3.66, 3.66, 3.66, 3.66, 1075]
['2019-03-27 10:35:00', 3.66, 3.66, 3.66, 3.66, 850]
['2019-03-27 10:34:00', 3.68, 3.6667, 3.6667, 3.68, 2583]
['2019-03-27 10:32:00', 3.68, 3.67, 3.67, 3.68, 2800]
['2019-03-27 10:31:00', 3.67, 3.67, 3.67, 3.67, 1409]
['2019-03-27 10:29:00', 3.65, 3.67, 3.65, 3.68, 6549]
['2019-03-27 10:28:00', 3.65, 3.65, 3.65, 3.65, 1000]
['2019-03-27 10:27:00', 3.65, 3.65, 3.65, 3.65, 1766]
['2019-03-27 10:26:00', 3.63, 3.63, 3.63, 3.63, 5418]
['2019-03-27 10:24:00', 3.68, 3.66, 3.66, 3.68, 4362]
['2019-03-27 10:22:00', 3.69, 3.69, 3.69, 3.69, 663]
['2019-03-27 10:21:00', 3.7, 3.7, 3.7, 3.7, 518]
['2019-03-27 10:20:00', 3.69, 3.69, 3.69, 3.69, 702]
['2019-03-27 10:18:00', 3.69, 3.69, 3.69, 3.69, 748]
['2019-03-27 10:17:00', 3.7, 3.7, 3.7, 3.7, 205]
['2019-03-27 10:16:00', 3.71, 3.71, 3.71, 3.71, 1277]
['2019-03-27 10:14:00', 3.71, 3.71, 3.71, 3.71, 603]
['2019-03-27 10:13:00', 3.7, 3.7, 3.7, 3.7, 569]
['2019-03-27 10:10:00', 3.7, 3.7, 3.7, 3.7, 715]
['2019-03-27 10:09:00', 3.72, 3.72, 3.72, 3.72, 558]
['2019-03-27 10:08:00', 3.735, 3.735, 3.735, 3.735, 100]
['2019-03-27 10:05:00', 3.735, 3.735, 3.735, 3.735, 720]
['2019-03-27 10:04:00', 3.73, 3.73, 3.73, 3.73, 672]
['2019-03-27 10:03:00', 3.73, 3.73, 3.73, 3.73, 2500]
['2019-03-27 10:01:00', 3.7, 3.7, 3.7, 3.7, 450]
['2019-03-27 10:00:00', 3.73, 3.73, 3.73, 3.73, 420]
['2019-03-27 09:56:00', 3.76, 3.76, 3.76, 3.76, 438]
['2019-03-27 09:54:00', 3.785, 3.785, 3.785, 3.785, 837]
['2019-03-27 09:47:00', 3.84, 3.8, 3.8, 3.84, 950]
['2019-03-27 09:43:00', 3.83, 3.83, 3.83, 3.83, 300]
['2019-03-27 09:42:00', 3.855, 3.855, 3.855, 3.855, 100]
['2019-03-27 09:36:00', 3.8445, 3.8445, 3.8445, 3.8445, 1060]
['2019-03-27 09:35:00', 3.86, 3.86, 3.86, 3.86, 1007]
['2019-03-27 09:34:00', 3.8775, 3.8775, 3.8775, 3.8775, 1003]
['2019-03-27 09:31:00', 3.75, 3.75, 3.75, 3.75, 1883]
['2019-03-26 16:00:00', 3.83, 3.83, 3.83, 3.83, 5642]
['2019-03-26 15:59:00', 3.825, 3.83, 3.825, 3.83, 2316]
['2019-03-26 15:58:00', 3.82, 3.825, 3.82, 3.825, 5704]
['2019-03-26 15:57:00', 3.82, 3.82, 3.82, 3.82, 3346]
['2019-03-26 15:56:00', 3.81, 3.82, 3.81, 3.82, 5790]
['2019-03-26 15:54:00', 3.8, 3.81, 3.8, 3.81, 1688]
['2019-03-26 15:53:00', 3.82, 3.81, 3.805, 3.825, 12541]
['2019-03-26 15:52:00', 3.81, 3.82, 3.81, 3.82, 6103]
['2019-03-26 15:51:00', 3.8, 3.8, 3.8, 3.8, 102]
['2019-03-26 15:50:00', 3.8, 3.8, 3.8, 3.8, 218]
['2019-03-26 15:49:00', 3.8, 3.8, 3.8, 3.8, 912]
['2019-03-26 15:48:00', 3.805, 3.805, 3.805, 3.805, 407]
['2019-03-26 15:46:00', 3.8, 3.8, 3.8, 3.8, 621]
['2019-03-26 15:45:00', 3.8, 3.8, 3.8, 3.8, 600]
['2019-03-26 15:43:00', 3.81, 3.81, 3.81, 3.81, 339]
['2019-03-26 15:42:00', 3.8, 3.8, 3.8, 3.8, 702]
['2019-03-26 15:41:00', 3.805, 3.805, 3.805, 3.805, 416]
['2019-03-26 15:40:00', 3.81, 3.81, 3.81, 3.81, 206]
['2019-03-26 15:39:00', 3.82, 3.82, 3.82, 3.82, 305]
['2019-03-26 15:37:00', 3.81, 3.81, 3.81, 3.81, 609]
['2019-03-26 15:34:00', 3.81, 3.81, 3.81, 3.81, 104]
['2019-03-26 15:33:00', 3.81, 3.81, 3.81, 3.81, 204]
['2019-03-26 15:32:00', 3.82, 3.82, 3.82, 3.82, 707]
['2019-03-26 15:30:00', 3.82, 3.82, 3.82, 3.82, 402]
['2019-03-26 15:29:00', 3.8201, 3.8201, 3.8201, 3.8201, 2104]
['2019-03-26 15:28:00', 3.83, 3.83, 3.83, 3.83, 102]
['2019-03-26 15:27:00', 3.83, 3.83, 3.83, 3.83, 207]
['2019-03-26 15:25:00', 3.83, 3.83, 3.83, 3.83, 840]
['2019-03-26 15:24:00', 3.84, 3.84, 3.84, 3.84, 102]
['2019-03-26 15:22:00', 3.84, 3.84, 3.84, 3.84, 263]
['2019-03-26 15:20:00', 3.85, 3.84, 3.84, 3.85, 613]
['2019-03-26 15:17:00', 3.85, 3.85, 3.85, 3.85, 273]
['2019-03-26 15:13:00', 3.86, 3.86, 3.86, 3.86, 160]
['2019-03-26 15:10:00', 3.87, 3.86, 3.86, 3.87, 437]
['2019-03-26 15:05:00', 3.86, 3.86, 3.86, 3.86, 239]
['2019-03-26 15:04:00', 3.86, 3.86, 3.86, 3.86, 729]
['2019-03-26 15:03:00', 3.86, 3.86, 3.86, 3.86, 1509]
['2019-03-26 15:01:00', 3.86, 3.86, 3.86, 3.86, 684]
['2019-03-26 14:59:00', 3.85, 3.85, 3.85, 3.85, 204]
['2019-03-26 14:58:00', 3.85, 3.85, 3.85, 3.85, 713]
['2019-03-26 14:53:00', 3.87, 3.85, 3.85, 3.87, 5704]
['2019-03-26 14:52:00', 3.88, 3.88, 3.88, 3.88, 411]
['2019-03-26 14:48:00', 3.86, 3.86, 3.86, 3.86, 606]
['2019-03-26 14:46:00', 3.85, 3.86, 3.85, 3.86, 508]
['2019-03-26 14:43:00', 3.84, 3.84, 3.84, 3.84, 1765]
['2019-03-26 14:39:00', 3.84, 3.84, 3.84, 3.84, 926]
['2019-03-26 14:36:00', 3.85, 3.85, 3.85, 3.85, 219]
['2019-03-26 14:35:00', 3.845, 3.845, 3.845, 3.845, 350]
['2019-03-26 14:33:00', 3.84, 3.84, 3.84, 3.84, 485]
['2019-03-26 14:32:00', 3.84, 3.84, 3.84, 3.84, 312]
['2019-03-26 14:30:00', 3.855, 3.86, 3.855, 3.86, 1460]
['2019-03-26 14:29:00', 3.875, 3.86, 3.86, 3.875, 1088]
['2019-03-26 14:27:00', 3.88, 3.88, 3.88, 3.88, 102]
['2019-03-26 14:25:00', 3.87, 3.87, 3.87, 3.87, 104]
['2019-03-26 14:19:00', 3.87, 3.87, 3.87, 3.87, 1092]
['2019-03-26 14:16:00', 3.86, 3.86, 3.86, 3.86, 204]
['2019-03-26 14:14:00', 3.86, 3.86, 3.86, 3.86, 102]
['2019-03-26 14:09:00', 3.86, 3.86, 3.86, 3.86, 332]
['2019-03-26 14:06:00', 3.85, 3.86, 3.85, 3.86, 1192]
['2019-03-26 14:05:00', 3.85, 3.85, 3.85, 3.85, 1019]
['2019-03-26 14:04:00', 3.86, 3.86, 3.86, 3.86, 856]
['2019-03-26 14:00:00', 3.87, 3.87, 3.87, 3.87, 246]
['2019-03-26 13:59:00', 3.86, 3.86, 3.86, 3.86, 208]
['2019-03-26 13:56:00', 3.865, 3.865, 3.865, 3.865, 106]
['2019-03-26 13:53:00', 3.86, 3.86, 3.86, 3.86, 104]
['2019-03-26 13:51:00', 3.86, 3.86, 3.86, 3.86, 211]
['2019-03-26 13:45:00', 3.88, 3.88, 3.88, 3.88, 770]
['2019-03-26 13:40:00', 3.87, 3.88, 3.87, 3.88, 1521]
['2019-03-26 13:38:00', 3.87, 3.87, 3.87, 3.87, 604]
['2019-03-26 13:36:00', 3.89, 3.89, 3.89, 3.89, 359]
['2019-03-26 13:34:00', 3.89, 3.885, 3.885, 3.89, 417]
['2019-03-26 13:28:00', 3.89, 3.89, 3.89, 3.89, 122]
['2019-03-26 13:27:00', 3.89, 3.89, 3.89, 3.89, 104]
['2019-03-26 13:26:00', 3.89, 3.89, 3.89, 3.89, 1402]
['2019-03-26 13:24:00', 3.91, 3.9, 3.9, 3.91, 705]
['2019-03-26 13:23:00', 3.91, 3.91, 3.91, 3.91, 802]
['2019-03-26 13:21:00', 3.9, 3.9, 3.9, 3.9, 350]
['2019-03-26 13:18:00', 3.9, 3.9, 3.9, 3.9, 406]
['2019-03-26 13:14:00', 3.91, 3.91, 3.91, 3.91, 515]
['2019-03-26 13:12:00', 3.9, 3.9, 3.9, 3.9, 407]
['2019-03-26 13:09:00', 3.89, 3.89, 3.89, 3.89, 306]
['2019-03-26 13:07:00', 3.89, 3.89, 3.89, 3.89, 207]
['2019-03-26 13:06:00', 3.89, 3.89, 3.89, 3.89, 204]
['2019-03-26 13:05:00', 3.89, 3.89, 3.89, 3.89, 600]
['2019-03-26 13:00:00', 3.89, 3.89, 3.89, 3.89, 600]
['2019-03-26 12:57:00', 3.9, 3.9, 3.9, 3.9, 156]
['2019-03-26 12:55:00', 3.9, 3.9, 3.9, 3.9, 302]
['2019-03-26 12:54:00', 3.91, 3.91, 3.91, 3.91, 104]
['2019-03-26 12:53:00', 3.91, 3.91, 3.91, 3.91, 702]
['2019-03-26 12:52:00', 3.9, 3.9, 3.9, 3.9, 331]
['2019-03-26 12:51:00', 3.89, 3.89, 3.89, 3.89, 332]
['2019-03-26 12:50:00', 3.89, 3.89, 3.89, 3.89, 572]
['2019-03-26 12:48:00', 3.89, 3.89, 3.89, 3.89, 304]
['2019-03-26 12:44:00', 3.89, 3.89, 3.89, 3.89, 236]
['2019-03-26 12:42:00', 3.9, 3.89, 3.89, 3.9, 2070]
['2019-03-26 12:41:00', 3.9, 3.9, 3.9, 3.9, 328]
['2019-03-26 12:40:00', 3.89, 3.89, 3.89, 3.89, 902]
['2019-03-26 12:39:00', 3.9, 3.9, 3.9, 3.9, 730]
['2019-03-26 12:36:00', 3.91, 3.91, 3.91, 3.91, 370]
['2019-03-26 12:34:00', 3.9, 3.905, 3.9, 3.905, 752]
['2019-03-26 12:32:00', 3.88, 3.88, 3.88, 3.88, 1109]
['2019-03-26 12:31:00', 3.88, 3.88, 3.88, 3.88, 505]
['2019-03-26 12:30:00', 3.88, 3.88, 3.88, 3.88, 179]
['2019-03-26 12:28:00', 3.88, 3.88, 3.88, 3.88, 249]
['2019-03-26 12:25:00', 3.88, 3.88, 3.88, 3.88, 939]
['2019-03-26 12:23:00', 3.8864, 3.88, 3.88, 3.8864, 1288]
['2019-03-26 12:19:00', 3.89, 3.89, 3.89, 3.89, 412]
['2019-03-26 12:16:00', 3.89, 3.89, 3.89, 3.89, 611]
['2019-03-26 12:11:00', 3.89, 3.89, 3.89, 3.89, 353]
['2019-03-26 12:09:00', 3.89, 3.89, 3.89, 3.89, 204]
['2019-03-26 12:07:00', 3.89, 3.89, 3.89, 3.89, 292]
['2019-03-26 12:06:00', 3.88, 3.88, 3.88, 3.88, 303]
['2019-03-26 12:03:00', 3.89, 3.89, 3.89, 3.89, 123]
['2019-03-26 11:59:00', 3.88, 3.88, 3.88, 3.88, 624]
['2019-03-26 11:56:00', 3.88, 3.87, 3.87, 3.88, 4389]
['2019-03-26 11:55:00', 3.89, 3.89, 3.89, 3.89, 332]
['2019-03-26 11:53:00', 3.88, 3.88, 3.88, 3.88, 509]
['2019-03-26 11:52:00', 3.88, 3.88, 3.88, 3.88, 227]
['2019-03-26 11:49:00', 3.88, 3.88, 3.88, 3.88, 204]
['2019-03-26 11:48:00', 3.88, 3.88, 3.88, 3.88, 503]
['2019-03-26 11:47:00', 3.89, 3.89, 3.89, 3.89, 879]
['2019-03-26 11:46:00', 3.9, 3.9, 3.9, 3.9, 827]
['2019-03-26 11:44:00', 3.91, 3.91, 3.91, 3.91, 201]
['2019-03-26 11:39:00', 3.9, 3.9, 3.9, 3.9, 937]
['2019-03-26 11:38:00', 3.89, 3.89, 3.89, 3.89, 202]
['2019-03-26 11:35:00', 3.89, 3.89, 3.89, 3.89, 215]
['2019-03-26 11:34:00', 3.88, 3.88, 3.88, 3.88, 302]
['2019-03-26 11:33:00', 3.89, 3.89, 3.89, 3.89, 406]
['2019-03-26 11:30:00', 3.91, 3.91, 3.91, 3.91, 808]
['2019-03-26 11:27:00', 3.89, 3.89, 3.89, 3.89, 129]
['2019-03-26 11:26:00', 3.89, 3.89, 3.89, 3.89, 104]
['2019-03-26 11:25:00', 3.89, 3.89, 3.89, 3.89, 107]
['2019-03-26 11:24:00', 3.88, 3.88, 3.88, 3.88, 302]
['2019-03-26 11:19:00', 3.88, 3.88, 3.88, 3.88, 703]
['2019-03-26 11:16:00', 3.86, 3.86, 3.86, 3.86, 811]
['2019-03-26 11:14:00', 3.86, 3.86, 3.86, 3.86, 814]
['2019-03-26 11:12:00', 3.85, 3.85, 3.85, 3.85, 433]
['2019-03-26 11:09:00', 3.85, 3.85, 3.85, 3.85, 371]
['2019-03-26 11:07:00', 3.86, 3.86, 3.86, 3.86, 1004]
['2019-03-26 11:04:00', 3.86, 3.86, 3.86, 3.86, 608]
['2019-03-26 11:03:00', 3.85, 3.85, 3.85, 3.85, 1204]
['2019-03-26 11:01:00', 3.86, 3.86, 3.86, 3.86, 770]
['2019-03-26 11:00:00', 3.8596, 3.8596, 3.8596, 3.8596, 1923]
['2019-03-26 10:57:00', 3.87, 3.87, 3.87, 3.87, 848]
['2019-03-26 10:56:00', 3.88, 3.88, 3.88, 3.88, 330]
['2019-03-26 10:55:00', 3.88, 3.88, 3.88, 3.88, 500]
['2019-03-26 10:53:00', 3.8738, 3.8738, 3.8738, 3.8738, 2557]
['2019-03-26 10:52:00', 3.87, 3.87, 3.87, 3.87, 466]
['2019-03-26 10:50:00', 3.82, 3.86, 3.82, 3.86, 1219]
['2019-03-26 10:44:00', 3.81, 3.81, 3.81, 3.81, 2015]
['2019-03-26 10:42:00', 3.8189, 3.8189, 3.8189, 3.8189, 1378]
['2019-03-26 10:41:00', 3.82, 3.82, 3.82, 3.82, 110]
['2019-03-26 10:39:00', 3.82, 3.82, 3.82, 3.82, 613]
['2019-03-26 10:35:00', 3.81, 3.81, 3.81, 3.81, 322]
['2019-03-26 10:33:00', 3.79, 3.79, 3.79, 3.79, 310]
['2019-03-26 10:31:00', 3.81, 3.81, 3.81, 3.81, 100]
['2019-03-26 10:30:00', 3.81, 3.81, 3.81, 3.81, 200]
['2019-03-26 10:27:00', 3.79, 3.79, 3.79, 3.79, 273]
['2019-03-26 10:23:00', 3.82, 3.82, 3.82, 3.82, 6175]
['2019-03-26 10:20:00', 3.85, 3.85, 3.85, 3.85, 400]
['2019-03-26 10:16:00', 3.86, 3.86, 3.86, 3.86, 499]
['2019-03-26 10:15:00', 3.85, 3.85, 3.85, 3.85, 207]
['2019-03-26 10:13:00', 3.87, 3.87, 3.87, 3.87, 1090]
['2019-03-26 10:10:00', 3.87, 3.87, 3.87, 3.87, 310]
['2019-03-26 10:08:00', 3.88, 3.88, 3.88, 3.88, 100]
['2019-03-26 10:07:00', 3.88, 3.88, 3.88, 3.88, 342]
['2019-03-26 10:05:00', 3.8681, 3.8681, 3.8681, 3.8681, 700]
['2019-03-26 10:03:00', 3.8743, 3.8743, 3.8743, 3.8743, 487]
['2019-03-26 09:54:00', 3.85, 3.85, 3.85, 3.85, 1633]
['2019-03-26 09:53:00', 3.86, 3.85, 3.85, 3.86, 1512]
['2019-03-26 09:51:00', 3.85, 3.85, 3.85, 3.85, 200]
['2019-03-26 09:49:00', 3.88, 3.88, 3.88, 3.88, 600]
['2019-03-26 09:48:00', 3.89, 3.89, 3.89, 3.89, 4900]
['2019-03-26 09:46:00', 3.88, 3.88, 3.88, 3.88, 400]
['2019-03-26 09:45:00', 3.86, 3.86, 3.86, 3.86, 1300]
['2019-03-26 09:43:00', 3.86, 3.86, 3.86, 3.86, 545]
['2019-03-26 09:41:00', 3.86, 3.86, 3.86, 3.86, 114]
['2019-03-26 09:40:00', 3.86, 3.86, 3.86, 3.86, 100]
['2019-03-26 09:37:00', 3.87, 3.87, 3.87, 3.87, 326]
['2019-03-26 09:33:00', 3.9, 3.9, 3.9, 3.9, 4397]
['2019-03-25 16:00:00', 3.85, 3.85, 3.85, 3.85, 8265]
['2019-03-25 15:59:00', 3.85, 3.85, 3.845, 3.85, 3069]
['2019-03-25 15:58:00', 3.84, 3.85, 3.84, 3.85, 2277]
['2019-03-25 15:57:00', 3.84, 3.845, 3.84, 3.845, 2368]
['2019-03-25 15:56:00', 3.845, 3.845, 3.84, 3.845, 2467]
['2019-03-25 15:55:00', 3.845, 3.845, 3.845, 3.845, 843]
['2019-03-25 15:54:00', 3.85, 3.85, 3.85, 3.85, 4010]
['2019-03-25 15:53:00', 3.85, 3.845, 3.845, 3.85, 3808]
['2019-03-25 15:52:00', 3.85, 3.85, 3.85, 3.85, 9476]
['2019-03-25 15:51:00', 3.86, 3.85, 3.85, 3.86, 3496]
['2019-03-25 15:50:00', 3.85, 3.85, 3.85, 3.85, 1929]
['2019-03-25 15:49:00', 3.85, 3.85, 3.85, 3.85, 10600]
['2019-03-25 15:48:00', 3.85, 3.85, 3.85, 3.85, 8816]
['2019-03-25 15:47:00', 3.85, 3.85, 3.85, 3.85, 187]
['2019-03-25 15:46:00', 3.85, 3.85, 3.85, 3.85, 1021]
['2019-03-25 15:45:00', 3.8359, 3.84, 3.8359, 3.84, 2263]
['2019-03-25 15:44:00', 3.84, 3.84, 3.84, 3.84, 1639]
['2019-03-25 15:43:00', 3.84, 3.84, 3.84, 3.84, 828]
['2019-03-25 15:41:00', 3.84, 3.835, 3.835, 3.84, 812]
['2019-03-25 15:40:00', 3.83, 3.83, 3.83, 3.83, 3511]
['2019-03-25 15:39:00', 3.83, 3.83, 3.8291, 3.83, 5704]
['2019-03-25 15:37:00', 3.83, 3.83, 3.83, 3.83, 261]
['2019-03-25 15:36:00', 3.82, 3.83, 3.82, 3.83, 1191]
['2019-03-25 15:35:00', 3.83, 3.83, 3.83, 3.83, 1189]
['2019-03-25 15:34:00', 3.83, 3.83, 3.83, 3.83, 614]
['2019-03-25 15:33:00', 3.83, 3.83, 3.83, 3.83, 328]
['2019-03-25 15:31:00', 3.84, 3.84, 3.84, 3.84, 771]
['2019-03-25 15:30:00', 3.84, 3.83, 3.83, 3.84, 1987]
['2019-03-25 15:29:00', 3.84, 3.84, 3.84, 3.84, 520]
['2019-03-25 15:28:00', 3.84, 3.84, 3.84, 3.84, 905]
['2019-03-25 15:27:00', 3.82, 3.83, 3.82, 3.83, 3999]
['2019-03-25 15:26:00', 3.83, 3.83, 3.83, 3.83, 1875]
['2019-03-25 15:25:00', 3.83, 3.83, 3.83, 3.83, 950]
['2019-03-25 15:24:00', 3.84, 3.84, 3.84, 3.84, 1650]
['2019-03-25 15:23:00', 3.82, 3.83, 3.82, 3.83, 4262]
['2019-03-25 15:22:00', 3.8, 3.82, 3.8, 3.82, 7200]
['2019-03-25 15:21:00', 3.81, 3.81, 3.81, 3.81, 5849]
['2019-03-25 15:20:00', 3.8, 3.8, 3.8, 3.8, 100]
['2019-03-25 15:19:00', 3.7965, 3.7965, 3.7965, 3.7965, 400]
['2019-03-25 15:18:00', 3.795, 3.795, 3.795, 3.795, 312]
['2019-03-25 15:17:00', 3.8, 3.8, 3.8, 3.8, 500]
['2019-03-25 15:16:00', 3.795, 3.795, 3.795, 3.795, 469]
['2019-03-25 15:14:00', 3.81, 3.81, 3.81, 3.81, 231]
['2019-03-25 15:13:00', 3.81, 3.81, 3.81, 3.81, 300]
['2019-03-25 15:12:00', 3.81, 3.81, 3.81, 3.81, 305]
['2019-03-25 15:11:00', 3.81, 3.81, 3.81, 3.81, 342]
['2019-03-25 15:10:00', 3.81, 3.81, 3.81, 3.81, 800]
['2019-03-25 15:08:00', 3.8, 3.8, 3.8, 3.8, 1600]
['2019-03-25 15:07:00', 3.81, 3.81, 3.81, 3.81, 750]
['2019-03-25 15:06:00', 3.8, 3.8, 3.8, 3.8, 481]
['2019-03-25 15:05:00', 3.81, 3.8, 3.8, 3.81, 3319]
['2019-03-25 15:03:00', 3.82, 3.82, 3.82, 3.82, 400]
['2019-03-25 15:00:00', 3.81, 3.81, 3.81, 3.81, 300]
['2019-03-25 14:59:00', 3.81, 3.81, 3.81, 3.81, 102]
['2019-03-25 14:58:00', 3.8, 3.8, 3.8, 3.8, 1931]
['2019-03-25 14:57:00', 3.8, 3.805, 3.8, 3.805, 6430]
['2019-03-25 14:56:00', 3.79, 3.79, 3.79, 3.79, 879]
['2019-03-25 14:54:00', 3.79, 3.79, 3.79, 3.79, 2081]
['2019-03-25 14:52:00', 3.78, 3.78, 3.78, 3.78, 6981]
['2019-03-25 14:51:00', 3.795, 3.79, 3.79, 3.795, 3631]
['2019-03-25 14:50:00', 3.8, 3.8, 3.8, 3.8, 1600]
['2019-03-25 14:48:00', 3.8, 3.8, 3.8, 3.8, 500]
['2019-03-25 14:47:00', 3.79, 3.79, 3.79, 3.79, 1250]
['2019-03-25 14:46:00', 3.78, 3.78, 3.78, 3.78, 5706]
['2019-03-25 14:45:00', 3.78, 3.78, 3.78, 3.78, 3608]
['2019-03-25 14:43:00', 3.77, 3.77, 3.77, 3.77, 737]
['2019-03-25 14:42:00', 3.75, 3.75, 3.75, 3.75, 853]
['2019-03-25 14:41:00', 3.7485, 3.75, 3.7485, 3.75, 6796]
['2019-03-25 14:37:00', 3.75, 3.75, 3.75, 3.75, 500]
['2019-03-25 14:34:00', 3.745, 3.75, 3.745, 3.75, 600]
['2019-03-25 14:32:00', 3.75, 3.75, 3.75, 3.75, 1300]
['2019-03-25 14:28:00', 3.74, 3.74, 3.74, 3.74, 788]
['2019-03-25 14:25:00', 3.74, 3.74, 3.74, 3.74, 1881]
['2019-03-25 14:19:00', 3.73, 3.73, 3.73, 3.73, 2451]
['2019-03-25 14:18:00', 3.74, 3.74, 3.74, 3.74, 2700]
['2019-03-25 14:12:00', 3.74, 3.74, 3.74, 3.74, 1100]
['2019-03-25 14:09:00', 3.735, 3.735, 3.735, 3.735, 1000]
['2019-03-25 14:08:00', 3.74, 3.74, 3.74, 3.74, 100]
['2019-03-25 14:07:00', 3.74, 3.74, 3.74, 3.74, 1312]
['2019-03-25 14:06:00', 3.74, 3.74, 3.74, 3.74, 2582]
['2019-03-25 14:05:00', 3.75, 3.75, 3.75, 3.75, 629]
['2019-03-25 14:04:00', 3.745, 3.745, 3.745, 3.745, 1251]
['2019-03-25 13:59:00', 3.745, 3.745, 3.745, 3.745, 709]
['2019-03-25 13:56:00', 3.745, 3.745, 3.745, 3.745, 1939]
['2019-03-25 13:55:00', 3.74, 3.74, 3.74, 3.74, 598]
['2019-03-25 13:54:00', 3.74, 3.74, 3.74, 3.74, 6029]
['2019-03-25 13:51:00', 3.735, 3.735, 3.735, 3.735, 500]
['2019-03-25 13:48:00', 3.73, 3.735, 3.73, 3.735, 2794]
['2019-03-25 13:46:00', 3.73, 3.73, 3.73, 3.73, 1096]
['2019-03-25 13:44:00', 3.74, 3.74, 3.74, 3.74, 200]
['2019-03-25 13:43:00', 3.735, 3.735, 3.735, 3.735, 345]
['2019-03-25 13:42:00', 3.74, 3.74, 3.74, 3.74, 1100]
['2019-03-25 13:41:00', 3.74, 3.74, 3.74, 3.74, 800]
['2019-03-25 13:38:00', 3.73, 3.73, 3.73, 3.73, 801]
['2019-03-25 13:35:00', 3.73, 3.73, 3.73, 3.73, 220]
['2019-03-25 13:33:00', 3.72, 3.72, 3.72, 3.72, 430]
['2019-03-25 13:30:00', 3.73, 3.73, 3.73, 3.73, 539]
['2019-03-25 13:29:00', 3.73, 3.73, 3.73, 3.73, 300]
['2019-03-25 13:27:00', 3.73, 3.73, 3.73, 3.73, 335]
['2019-03-25 13:24:00', 3.725, 3.725, 3.725, 3.725, 763]
['2019-03-25 13:23:00', 3.7349, 3.73, 3.73, 3.7349, 3448]
['2019-03-25 13:19:00', 3.725, 3.725, 3.725, 3.725, 501]
['2019-03-25 13:18:00', 3.72, 3.72, 3.72, 3.72, 3946]
['2019-03-25 13:16:00', 3.73, 3.73, 3.73, 3.73, 400]
['2019-03-25 13:14:00', 3.73, 3.73, 3.73, 3.73, 1233]
['2019-03-25 13:13:00', 3.73, 3.73, 3.73, 3.73, 420]
['2019-03-25 13:11:00', 3.73, 3.73, 3.73, 3.73, 600]
['2019-03-25 13:10:00', 3.73, 3.73, 3.73, 3.73, 1100]
['2019-03-25 13:07:00', 3.73, 3.74, 3.73, 3.74, 2800]
['2019-03-25 13:04:00', 3.73, 3.735, 3.73, 3.735, 2925]
['2019-03-25 13:00:00', 3.74, 3.74, 3.74, 3.74, 797]
['2019-03-25 12:59:00', 3.74, 3.74, 3.74, 3.74, 1300]
['2019-03-25 12:58:00', 3.74, 3.74, 3.74, 3.74, 609]
['2019-03-25 12:56:00', 3.74, 3.74, 3.74, 3.74, 3940]
['2019-03-25 12:54:00', 3.7399, 3.74, 3.73, 3.74, 4386]
['2019-03-25 12:53:00', 3.74, 3.74, 3.74, 3.74, 450]
['2019-03-25 12:51:00', 3.73, 3.73, 3.73, 3.73, 2954]
['2019-03-25 12:48:00', 3.73, 3.73, 3.73, 3.73, 609]
['2019-03-25 12:47:00', 3.73, 3.73, 3.73, 3.73, 807]
['2019-03-25 12:46:00', 3.725, 3.725, 3.725, 3.725, 207]
['2019-03-25 12:45:00', 3.73, 3.73, 3.73, 3.73, 818]
['2019-03-25 12:44:00', 3.715, 3.715, 3.715, 3.715, 200]
['2019-03-25 12:42:00', 3.72, 3.72, 3.72, 3.72, 1834]
['2019-03-25 12:41:00', 3.725, 3.725, 3.725, 3.725, 908]
['2019-03-25 12:39:00', 3.69, 3.72, 3.69, 3.72, 2151]
['2019-03-25 12:38:00', 3.69, 3.69, 3.69, 3.69, 883]
['2019-03-25 12:36:00', 3.69, 3.69, 3.69, 3.69, 425]
['2019-03-25 12:35:00', 3.68, 3.685, 3.68, 3.685, 1224]
['2019-03-25 12:33:00', 3.69, 3.68, 3.68, 3.69, 1101]
['2019-03-25 12:31:00', 3.685, 3.685, 3.685, 3.685, 496]
['2019-03-25 12:30:00', 3.69, 3.695, 3.69, 3.695, 1725]
['2019-03-25 12:29:00', 3.69, 3.69, 3.69, 3.69, 1875]
['2019-03-25 12:28:00', 3.68, 3.685, 3.68, 3.685, 1279]
['2019-03-25 12:27:00', 3.675, 3.675, 3.675, 3.675, 1620]
['2019-03-25 12:26:00', 3.67, 3.67, 3.67, 3.67, 3894]
['2019-03-25 12:25:00', 3.655, 3.665, 3.655, 3.665, 6043]
['2019-03-25 12:24:00', 3.655, 3.655, 3.655, 3.655, 600]
['2019-03-25 12:22:00', 3.66, 3.66, 3.66, 3.66, 1954]
['2019-03-25 12:21:00', 3.655, 3.655, 3.655, 3.655, 900]
['2019-03-25 12:20:00', 3.655, 3.655, 3.655, 3.655, 1600]
['2019-03-25 12:19:00', 3.65, 3.65, 3.65, 3.65, 3372]
['2019-03-25 12:18:00', 3.65, 3.655, 3.65, 3.66, 5998]
['2019-03-25 12:17:00', 3.65, 3.66, 3.65, 3.66, 7468]
['2019-03-25 12:16:00', 3.58, 3.65, 3.58, 3.655, 54167]
['2019-03-25 12:15:00', 3.575, 3.575, 3.575, 3.575, 400]
['2019-03-25 12:13:00', 3.575, 3.57, 3.57, 3.575, 2558]
['2019-03-25 12:12:00', 3.58, 3.58, 3.58, 3.58, 1460]
['2019-03-25 12:11:00', 3.565, 3.57, 3.565, 3.57, 726]
['2019-03-25 12:09:00', 3.57, 3.57, 3.57, 3.57, 1014]
['2019-03-25 12:08:00', 3.58, 3.57, 3.57, 3.58, 1150]
['2019-03-25 12:07:00', 3.57, 3.57, 3.57, 3.57, 2049]
['2019-03-25 12:05:00', 3.55, 3.57, 3.54, 3.57, 14664]
['2019-03-25 12:04:00', 3.56, 3.56, 3.56, 3.56, 610]
['2019-03-25 12:02:00', 3.56, 3.56, 3.56, 3.56, 800]
['2019-03-25 11:59:00', 3.55, 3.56, 3.55, 3.56, 947]
['2019-03-25 11:58:00', 3.55, 3.55, 3.55, 3.55, 249]
['2019-03-25 11:56:00', 3.56, 3.56, 3.56, 3.56, 109]
['2019-03-25 11:55:00', 3.55, 3.55, 3.55, 3.55, 900]
['2019-03-25 11:54:00', 3.55, 3.55, 3.55, 3.55, 1001]
['2019-03-25 11:50:00', 3.56, 3.56, 3.56, 3.56, 1170]
['2019-03-25 11:49:00', 3.56, 3.56, 3.56, 3.56, 500]
['2019-03-25 11:48:00', 3.56, 3.56, 3.56, 3.56, 100]
['2019-03-25 11:46:00', 3.57, 3.57, 3.57, 3.57, 900]
['2019-03-25 11:45:00', 3.56, 3.56, 3.56, 3.56, 734]
['2019-03-25 11:44:00', 3.56, 3.56, 3.56, 3.56, 434]
['2019-03-25 11:41:00', 3.56, 3.56, 3.56, 3.56, 1200]
['2019-03-25 11:39:00', 3.56, 3.56, 3.56, 3.56, 450]
['2019-03-25 11:35:00', 3.56, 3.56, 3.56, 3.56, 619]
['2019-03-25 11:34:00', 3.55, 3.55, 3.55, 3.55, 8860]
['2019-03-25 11:33:00', 3.58, 3.58, 3.58, 3.58, 400]
['2019-03-25 11:31:00', 3.58, 3.58, 3.58, 3.58, 700]
['2019-03-25 11:30:00', 3.56, 3.56, 3.56, 3.56, 300]
['2019-03-25 11:27:00', 3.58, 3.57, 3.57, 3.58, 1200]
['2019-03-25 11:26:00', 3.57, 3.57, 3.57, 3.57, 1600]
['2019-03-25 11:25:00', 3.58, 3.58, 3.58, 3.58, 748]
['2019-03-25 11:23:00', 3.57, 3.57, 3.57, 3.57, 505]
['2019-03-25 11:22:00', 3.59, 3.59, 3.59, 3.59, 3502]
['2019-03-25 11:21:00', 3.58, 3.58, 3.58, 3.58, 1200]
['2019-03-25 11:20:00', 3.57, 3.57, 3.57, 3.57, 1276]
['2019-03-25 11:18:00', 3.58, 3.58, 3.58, 3.58, 1244]
['2019-03-25 11:17:00', 3.58, 3.58, 3.58, 3.58, 2900]
['2019-03-25 11:16:00', 3.59, 3.59, 3.59, 3.59, 542]
['2019-03-25 11:15:00', 3.59, 3.59, 3.59, 3.59, 1679]
['2019-03-25 11:14:00', 3.59, 3.59, 3.59, 3.59, 100]
['2019-03-25 11:13:00', 3.57, 3.57, 3.57, 3.57, 1200]
['2019-03-25 11:12:00', 3.6, 3.6, 3.6, 3.6, 1320]
['2019-03-25 11:09:00', 3.6, 3.6, 3.6, 3.6, 3300]
['2019-03-25 11:05:00', 3.57, 3.58, 3.57, 3.58, 1407]
['2019-03-25 11:03:00', 3.57, 3.57, 3.57, 3.57, 200]
['2019-03-25 11:00:00', 3.56, 3.55, 3.55, 3.56, 3704]
['2019-03-25 10:57:00', 3.59, 3.59, 3.59, 3.59, 1590]
['2019-03-25 10:53:00', 3.59, 3.59, 3.59, 3.59, 1742]
['2019-03-25 10:51:00', 3.57, 3.57, 3.57, 3.57, 2920]
['2019-03-25 10:49:00', 3.54, 3.54, 3.54, 3.54, 101]
['2019-03-25 10:48:00', 3.54, 3.54, 3.54, 3.54, 1051]
['2019-03-25 10:43:00', 3.54, 3.54, 3.54, 3.54, 534]
['2019-03-25 10:41:00', 3.54, 3.54, 3.54, 3.54, 817]
['2019-03-25 10:40:00', 3.51, 3.51, 3.51, 3.51, 1262]
['2019-03-25 10:39:00', 3.52, 3.5, 3.5, 3.52, 5725]
['2019-03-25 10:37:00', 3.51, 3.52, 3.51, 3.54, 13945]
['2019-03-25 10:36:00', 3.53, 3.5, 3.5, 3.53, 10335]
['2019-03-25 10:35:00', 3.58, 3.57, 3.57, 3.58, 7524]
['2019-03-25 10:34:00', 3.58, 3.58, 3.58, 3.58, 1600]
['2019-03-25 10:33:00', 3.59, 3.59, 3.59, 3.59, 500]
['2019-03-25 10:32:00', 3.59, 3.59, 3.59, 3.59, 1600]
['2019-03-25 10:31:00', 3.59, 3.59, 3.59, 3.59, 4323]
['2019-03-25 10:29:00', 3.59, 3.59, 3.59, 3.59, 100]
['2019-03-25 10:26:00', 3.59, 3.595, 3.59, 3.595, 500]
['2019-03-25 10:23:00', 3.59, 3.59, 3.59, 3.59, 6000]
['2019-03-25 10:21:00', 3.6, 3.6, 3.6, 3.6, 304]
['2019-03-25 10:20:00', 3.6, 3.6, 3.6, 3.6, 925]
['2019-03-25 10:18:00', 3.6, 3.6, 3.6, 3.6, 900]
['2019-03-25 10:16:00', 3.615, 3.615, 3.615, 3.615, 100]
['2019-03-25 10:13:00', 3.615, 3.615, 3.615, 3.615, 200]
['2019-03-25 10:11:00', 3.62, 3.62, 3.62, 3.62, 402]
['2019-03-25 10:09:00', 3.62, 3.62, 3.62, 3.62, 3479]
['2019-03-25 10:08:00', 3.6, 3.6, 3.6, 3.6, 2200]
['2019-03-25 10:07:00', 3.6, 3.6, 3.6, 3.6, 2440]
['2019-03-25 10:06:00', 3.6001, 3.6001, 3.6001, 3.6001, 2704]
['2019-03-25 10:04:00', 3.62, 3.63, 3.62, 3.63, 645]
['2019-03-25 10:00:00', 3.63, 3.63, 3.63, 3.63, 549]
['2019-03-25 09:58:00', 3.61, 3.61, 3.61, 3.61, 1133]
['2019-03-25 09:57:00', 3.62, 3.62, 3.62, 3.62, 716]
['2019-03-25 09:53:00', 3.6191, 3.6191, 3.6191, 3.6191, 1370]
['2019-03-25 09:52:00', 3.62, 3.61, 3.61, 3.62, 3930]
['2019-03-25 09:51:00', 3.58, 3.58, 3.58, 3.58, 1831]
['2019-03-25 09:49:00', 3.59, 3.59, 3.59, 3.59, 5530]
['2019-03-25 09:47:00', 3.62, 3.63, 3.62, 3.63, 1405]
['2019-03-25 09:45:00', 3.65, 3.65, 3.65, 3.65, 254]
['2019-03-25 09:42:00', 3.68, 3.68, 3.68, 3.68, 200]
['2019-03-25 09:40:00', 3.62, 3.66, 3.62, 3.66, 2549]
['2019-03-25 09:38:00', 3.6101, 3.6101, 3.6101, 3.6101, 5258]
['2019-03-25 09:36:00', 3.6031, 3.6031, 3.6031, 3.6031, 3025]
['2019-03-25 09:34:00', 3.64, 3.64, 3.64, 3.64, 166]
['2019-03-25 09:32:00', 3.6377, 3.6377, 3.6377, 3.6377, 0]
