ATAI
['2019-03-29 14:32:00', 1.02, 1.02, 1.02, 1.02, 394]
['2019-03-29 12:56:00', 0.9835, 0.9835, 0.9835, 0.9835, 2174]
['2019-03-29 12:18:00', 1.015, 1.015, 1.015, 1.015, 444]
['2019-03-29 12:12:00', 0.9822, 0.9822, 0.9822, 0.9822, 100]
['2019-03-29 11:33:00', 1.018, 1.018, 1.018, 1.018, 147]
['2019-03-29 11:29:00', 0.9801, 0.9801, 0.9801, 0.9801, 486]
['2019-03-29 11:04:00', 1.02, 1.02, 1.02, 1.02, 106]
['2019-03-29 09:43:00', 0.99, 0.99, 0.99, 0.99, 1013]
['2019-03-29 09:41:00', 0.992, 0.992, 0.992, 0.992, 111]
['2019-03-29 09:37:00', 0.99, 0.99, 0.99, 0.99, 200]
['2019-03-29 09:31:00', 0.99, 0.99, 0.99, 0.99, 0]
['2019-03-28 15:38:00', 0.9849, 0.9849, 0.9849, 0.9849, 1066]
['2019-03-28 15:35:00', 0.9999, 0.9999, 0.9999, 0.9999, 100]
['2019-03-28 15:12:00', 0.9985, 0.9985, 0.9985, 0.9985, 517]
['2019-03-28 15:03:00', 0.9894, 0.9894, 0.9894, 0.9894, 100]
['2019-03-28 14:49:00', 0.9998, 0.9998, 0.9998, 0.9998, 500]
['2019-03-28 14:26:00', 0.9985, 0.9985, 0.9985, 0.9985, 214]
['2019-03-28 14:09:00', 0.98, 0.98, 0.98, 0.98, 952]
['2019-03-28 13:51:00', 1.0, 1.0, 1.0, 1.0, 2264]
['2019-03-28 13:16:00', 0.9973, 0.9969, 0.9969, 0.9973, 1847]
['2019-03-28 11:24:00', 0.98, 0.98, 0.98, 0.98, 278]
['2019-03-28 11:21:00', 1.0, 1.0, 1.0, 1.0, 100]
['2019-03-28 11:12:00', 0.9996, 0.9996, 0.9996, 0.9996, 204]
['2019-03-28 11:08:00', 0.9849, 1.0, 0.9849, 1.0, 1556]
['2019-03-28 11:00:00', 0.9951, 0.9951, 0.9951, 0.9951, 315]
['2019-03-28 10:43:00', 0.99, 0.99, 0.99, 0.99, 131]
['2019-03-28 10:35:00', 0.99, 0.9901, 0.99, 0.9901, 12751]
['2019-03-28 10:30:00', 1.0056, 1.0056, 1.0056, 1.0056, 5001]
['2019-03-28 10:29:00', 1.0, 1.0, 1.0, 1.0, 16545]
['2019-03-28 09:46:00', 1.02, 1.02, 1.02, 1.02, 328]
['2019-03-28 09:34:00', 1.023, 1.023, 1.023, 1.023, 4559]
['2019-03-28 09:32:00', 1.02, 1.02, 1.02, 1.02, 271]
['2019-03-28 09:31:00', 1.03, 1.03, 1.03, 1.03, 6141]
['2019-03-27 15:21:00', 1.02, 1.02, 1.02, 1.02, 1790]
['2019-03-27 15:16:00', 1.0201, 1.03, 1.0201, 1.03, 7622]
['2019-03-27 15:11:00', 1.02, 1.02, 1.02, 1.02, 250]
['2019-03-27 15:10:00', 1.02, 1.02, 1.02, 1.02, 250]
['2019-03-27 15:03:00', 1.02, 1.02, 1.02, 1.02, 100]
['2019-03-27 14:43:00', 1.01, 1.01, 1.01, 1.01, 190]
['2019-03-27 14:28:00', 1.0111, 1.0111, 1.0111, 1.0111, 540]
['2019-03-27 14:21:00', 1.0106, 1.0106, 1.0106, 1.0106, 514]
['2019-03-27 14:16:00', 1.0142, 1.0142, 1.0142, 1.0142, 440]
['2019-03-27 14:10:00', 1.0143, 1.0143, 1.0143, 1.0143, 1782]
['2019-03-27 14:05:00', 1.0106, 1.0106, 1.0106, 1.0106, 506]
['2019-03-27 14:03:00', 1.0199, 1.0199, 1.0199, 1.0199, 4000]
['2019-03-27 13:56:00', 1.0199, 1.0199, 1.0199, 1.0199, 4000]
['2019-03-27 13:45:00', 1.0191, 1.0191, 1.0191, 1.0191, 4038]
['2019-03-27 13:44:00', 1.01, 1.01, 1.01, 1.01, 1000]
['2019-03-27 13:40:00', 1.0, 1.0, 1.0, 1.0, 1468]
['2019-03-27 12:59:00', 0.993, 0.993, 0.993, 0.993, 186]
['2019-03-27 12:28:00', 0.9949, 0.9949, 0.9949, 0.9949, 623]
['2019-03-27 11:58:00', 0.9936, 0.9936, 0.9936, 0.9936, 2070]
['2019-03-27 11:50:00', 1.0, 1.0, 1.0, 1.0, 450]
['2019-03-27 10:57:00', 0.9999, 0.9999, 0.9999, 0.9999, 515]
['2019-03-27 10:37:00', 0.9901, 0.9901, 0.9901, 0.9901, 501]
['2019-03-27 10:30:00', 0.9933, 0.9933, 0.9933, 0.9933, 106]
['2019-03-27 09:58:00', 0.9942, 0.9942, 0.9942, 0.9942, 159]
['2019-03-27 09:49:00', 0.995, 0.995, 0.995, 0.995, 105]
['2019-03-27 09:48:00', 0.9931, 0.9931, 0.9931, 0.9931, 540]
['2019-03-27 09:31:00', 0.98, 0.98, 0.98, 0.98, 0]
['2019-03-26 15:07:00', 0.9998, 0.9998, 0.9998, 0.9998, 827]
['2019-03-26 14:20:00', 0.995, 0.995, 0.995, 0.995, 128]
['2019-03-26 14:07:00', 0.995, 0.995, 0.995, 0.995, 100]
['2019-03-26 13:53:00', 0.9999, 0.9999, 0.9999, 0.9999, 10000]
['2019-03-26 13:42:00', 0.995, 0.9964, 0.995, 0.9964, 4000]
['2019-03-26 13:16:00', 0.9974, 0.995, 0.995, 0.9974, 307]
['2019-03-26 12:49:00', 0.9951, 0.9951, 0.9951, 0.9951, 459]
['2019-03-26 11:59:00', 0.9993, 1.0, 0.9993, 1.0, 7434]
['2019-03-26 11:56:00', 0.9999, 0.9999, 0.9999, 0.9999, 100]
['2019-03-26 11:12:00', 1.0, 1.0, 1.0, 1.0, 8015]
['2019-03-26 11:01:00', 1.0, 1.0, 1.0, 1.0, 300]
['2019-03-26 10:48:00', 1.0054, 1.0054, 1.0054, 1.0054, 914]
['2019-03-26 10:43:00', 1.01, 1.01, 1.01, 1.01, 100]
['2019-03-26 10:28:00', 1.0, 1.0, 1.0, 1.0, 2664]
['2019-03-26 10:23:00', 1.0, 1.0, 1.0, 1.0, 12271]
['2019-03-26 10:11:00', 0.9989, 0.9989, 0.9989, 0.9989, 1010]
['2019-03-26 09:36:00', 0.995, 0.995, 0.995, 0.995, 422]
['2019-03-25 16:00:00', 0.994, 0.994, 0.994, 0.994, 0]
['2019-03-25 15:09:00', 0.99, 0.9911, 0.99, 0.9911, 1420]
['2019-03-25 14:59:00', 0.99, 0.9998, 0.99, 0.9998, 637]
['2019-03-25 14:40:00', 0.99, 0.99, 0.99, 0.99, 122]
['2019-03-25 14:26:00', 0.9998, 0.9998, 0.9998, 0.9998, 490]
['2019-03-25 13:47:00', 0.9999, 0.9999, 0.9999, 0.9999, 339]
['2019-03-25 12:30:00', 0.9979, 0.9979, 0.9979, 0.9979, 293]
['2019-03-25 11:57:00', 0.9999, 0.9999, 0.9999, 0.9999, 357]
['2019-03-25 11:19:00', 0.998, 0.98, 0.98, 0.998, 657]
['2019-03-25 11:00:00', 0.998, 0.998, 0.998, 0.998, 100]
['2019-03-25 10:57:00', 0.9702, 0.9702, 0.9702, 0.9702, 193]
['2019-03-25 10:31:00', 0.9999, 0.9999, 0.9999, 0.9999, 450]
['2019-03-25 10:24:00', 1.0, 1.0, 1.0, 1.0, 350]
['2019-03-25 10:20:00', 0.99, 0.99, 0.99, 0.99, 5328]
['2019-03-25 10:19:00', 0.99, 0.99, 0.99, 0.99, 2000]
['2019-03-25 10:14:00', 0.99, 0.99, 0.99, 0.99, 300]
['2019-03-25 10:03:00', 0.99, 0.99, 0.99, 0.99, 616]
['2019-03-25 10:00:00', 0.9999, 0.9999, 0.9999, 0.9999, 2300]
['2019-03-25 09:59:00', 0.9712, 0.9712, 0.9712, 0.9712, 862]
['2019-03-25 09:53:00', 0.955, 0.955, 0.955, 0.955, 5869]
['2019-03-25 09:50:00', 0.99, 0.99, 0.99, 0.99, 4840]
['2019-03-25 09:47:00', 0.9908, 0.9908, 0.9908, 0.9908, 2864]
['2019-03-25 09:45:00', 0.99, 0.99, 0.99, 0.99, 1781]
['2019-03-25 09:37:00', 1.0, 1.0, 1.0, 1.0, 201]
['2019-03-25 09:33:00', 0.99, 0.99, 0.99, 0.99, 6822]
['2019-03-25 09:31:00', 1.01, 1.01, 1.01, 1.01, 0]
