ACH
['2019-03-29 16:00:00', 9.24, 9.24, 9.24, 9.24, 1235]
['2019-03-29 15:59:00', 9.22, 9.215, 9.215, 9.22, 400]
['2019-03-29 15:58:00', 9.22, 9.21, 9.21, 9.2235, 1188]
['2019-03-29 15:57:00', 9.21, 9.22, 9.21, 9.22, 300]
['2019-03-29 15:56:00', 9.21, 9.215, 9.21, 9.215, 1375]
['2019-03-29 15:49:00', 9.24, 9.21, 9.21, 9.24, 4314]
['2019-03-29 15:32:00', 9.24, 9.24, 9.24, 9.24, 348]
['2019-03-29 15:27:00', 9.24, 9.24, 9.24, 9.24, 301]
['2019-03-29 15:21:00', 9.2529, 9.24, 9.24, 9.2529, 300]
['2019-03-29 15:11:00', 9.27, 9.27, 9.27, 9.27, 111]
['2019-03-29 15:01:00', 9.24, 9.24, 9.24, 9.24, 116]
['2019-03-29 15:00:00', 9.24, 9.24, 9.24, 9.24, 201]
['2019-03-29 14:59:00', 9.24, 9.24, 9.24, 9.24, 300]
['2019-03-29 14:56:00', 9.23, 9.23, 9.23, 9.23, 368]
['2019-03-29 14:45:00', 9.23, 9.23, 9.23, 9.23, 863]
['2019-03-29 14:18:00', 9.21, 9.21, 9.21, 9.21, 309]
['2019-03-29 14:15:00', 9.21, 9.21, 9.21, 9.21, 249]
['2019-03-29 13:47:00', 9.2, 9.21, 9.2, 9.21, 540]
['2019-03-29 13:21:00', 9.22, 9.22, 9.22, 9.22, 3282]
['2019-03-29 13:16:00', 9.2399, 9.2399, 9.2399, 9.2399, 150]
['2019-03-29 13:09:00', 9.226, 9.22, 9.22, 9.226, 1450]
['2019-03-29 13:08:00', 9.24, 9.24, 9.24, 9.24, 100]
['2019-03-29 12:48:00', 9.23, 9.23, 9.23, 9.23, 116]
['2019-03-29 12:33:00', 9.23, 9.23, 9.23, 9.23, 521]
['2019-03-29 12:28:00', 9.23, 9.23, 9.23, 9.23, 530]
['2019-03-29 12:05:00', 9.24, 9.23, 9.23, 9.24, 419]
['2019-03-29 12:02:00', 9.25, 9.25, 9.25, 9.25, 6309]
['2019-03-29 11:45:00', 9.25, 9.25, 9.25, 9.25, 1109]
['2019-03-29 11:43:00', 9.2636, 9.2636, 9.2636, 9.2636, 1000]
['2019-03-29 11:36:00', 9.26, 9.27, 9.26, 9.27, 468]
['2019-03-29 11:22:00', 9.28, 9.28, 9.28, 9.28, 200]
['2019-03-29 11:05:00', 9.29, 9.29, 9.28, 9.3, 739]
['2019-03-29 11:03:00', 9.28, 9.28, 9.28, 9.28, 235]
['2019-03-29 10:45:00', 9.25, 9.27, 9.25, 9.27, 379]
['2019-03-29 10:33:00', 9.26, 9.26, 9.26, 9.26, 263]
['2019-03-29 10:26:00', 9.2747, 9.2747, 9.2747, 9.2747, 245]
['2019-03-29 10:22:00', 9.32, 9.32, 9.32, 9.32, 147]
['2019-03-29 10:07:00', 9.3166, 9.29, 9.29, 9.3166, 1127]
['2019-03-29 10:00:00', 9.32, 9.311, 9.311, 9.32, 200]
['2019-03-29 09:59:00', 9.32, 9.32, 9.31, 9.32, 546]
['2019-03-29 09:39:00', 9.286, 9.286, 9.286, 9.286, 554]
['2019-03-29 09:38:00', 9.25, 9.25, 9.25, 9.25, 101]
['2019-03-29 09:32:00', 9.361, 9.24, 9.24, 9.361, 2254]
['2019-03-28 16:00:00', 9.47, 9.49, 9.47, 9.49, 705]
['2019-03-28 15:59:00', 9.47, 9.47, 9.47, 9.47, 423]
['2019-03-28 15:47:00', 9.44, 9.44, 9.44, 9.44, 1390]
['2019-03-28 15:37:00', 9.46, 9.47, 9.46, 9.47, 464]
['2019-03-28 15:25:00', 9.45, 9.45, 9.45, 9.45, 141]
['2019-03-28 14:37:00', 9.4516, 9.4516, 9.4516, 9.4516, 276]
['2019-03-28 14:31:00', 9.44, 9.44, 9.44, 9.44, 101]
['2019-03-28 14:22:00', 9.47, 9.47, 9.47, 9.47, 100]
['2019-03-28 13:44:00', 9.4299, 9.4299, 9.4299, 9.43, 2580]
['2019-03-28 13:37:00', 9.43, 9.43, 9.43, 9.43, 188]
['2019-03-28 13:23:00', 9.43, 9.43, 9.43, 9.43, 368]
['2019-03-28 13:14:00', 9.4612, 9.4612, 9.4612, 9.4612, 836]
['2019-03-28 12:40:00', 9.47, 9.47, 9.47, 9.47, 172]
['2019-03-28 12:15:00', 9.49, 9.49, 9.49, 9.49, 209]
['2019-03-28 11:28:00', 9.495, 9.495, 9.495, 9.495, 516]
['2019-03-28 10:23:00', 9.55, 9.55, 9.55, 9.55, 367]
['2019-03-28 10:20:00', 9.4501, 9.4501, 9.4501, 9.4501, 111]
['2019-03-28 10:08:00', 9.46, 9.46, 9.46, 9.46, 100]
['2019-03-28 10:03:00', 9.4301, 9.4301, 9.4301, 9.4301, 157]
['2019-03-28 09:43:00', 9.54, 9.54, 9.54, 9.54, 247]
['2019-03-28 09:31:00', 9.52, 9.52, 9.52, 9.52, 14331]
['2019-03-27 16:00:00', 9.56, 9.56, 9.56, 9.56, 1405]
['2019-03-27 15:59:00', 9.56, 9.57, 9.56, 9.57, 460]
['2019-03-27 15:58:00', 9.58, 9.58, 9.58, 9.58, 159]
['2019-03-27 15:44:00', 9.6, 9.6, 9.6, 9.6, 100]
['2019-03-27 15:28:00', 9.5859, 9.6, 9.5859, 9.6, 702]
['2019-03-27 14:45:00', 9.6, 9.6, 9.6, 9.6, 268]
['2019-03-27 14:39:00', 9.6, 9.6, 9.6, 9.6, 600]
['2019-03-27 14:35:00', 9.62, 9.62, 9.62, 9.62, 161]
['2019-03-27 14:09:00', 9.62, 9.62, 9.62, 9.62, 720]
['2019-03-27 14:08:00', 9.63, 9.63, 9.63, 9.63, 100]
['2019-03-27 13:46:00', 9.61, 9.63, 9.61, 9.63, 1164]
['2019-03-27 13:29:00', 9.61, 9.61, 9.61, 9.61, 219]
['2019-03-27 13:17:00', 9.61, 9.61, 9.61, 9.61, 249]
['2019-03-27 13:16:00', 9.61, 9.61, 9.61, 9.61, 100]
['2019-03-27 13:15:00', 9.61, 9.61, 9.61, 9.61, 986]
['2019-03-27 12:54:00', 9.595, 9.595, 9.595, 9.595, 115]
['2019-03-27 12:36:00', 9.61, 9.61, 9.61, 9.61, 549]
['2019-03-27 12:34:00', 9.61, 9.61, 9.61, 9.6127, 1367]
['2019-03-27 12:32:00', 9.61, 9.61, 9.61, 9.61, 100]
['2019-03-27 12:31:00', 9.61, 9.61, 9.61, 9.61, 100]
['2019-03-27 12:30:00', 9.61, 9.61, 9.61, 9.61, 133]
['2019-03-27 12:28:00', 9.6, 9.601, 9.6, 9.61, 500]
['2019-03-27 12:27:00', 9.6, 9.6, 9.6, 9.6, 100]
['2019-03-27 12:24:00', 9.61, 9.6, 9.6, 9.61, 396]
['2019-03-27 12:23:00', 9.62, 9.615, 9.615, 9.62, 401]
['2019-03-27 12:22:00', 9.6, 9.61, 9.6, 9.611, 900]
['2019-03-27 12:21:00', 9.6, 9.6, 9.6, 9.6, 100]
['2019-03-27 12:20:00', 9.58, 9.6, 9.58, 9.6, 1101]
['2019-03-27 12:19:00', 9.58, 9.58, 9.58, 9.58, 200]
['2019-03-27 12:18:00', 9.58, 9.58, 9.58, 9.58, 200]
['2019-03-27 12:16:00', 9.58, 9.58, 9.58, 9.58, 250]
['2019-03-27 12:10:00', 9.57, 9.57, 9.57, 9.57, 295]
['2019-03-27 12:01:00', 9.54, 9.54, 9.54, 9.54, 538]
['2019-03-27 11:53:00', 9.57, 9.57, 9.57, 9.57, 100]
['2019-03-27 11:45:00', 9.54, 9.54, 9.54, 9.54, 600]
['2019-03-27 11:44:00', 9.541, 9.55, 9.541, 9.55, 300]
['2019-03-27 11:36:00', 9.54, 9.54, 9.54, 9.54, 1730]
['2019-03-27 11:02:00', 9.59, 9.59, 9.59, 9.59, 461]
['2019-03-27 10:53:00', 9.59, 9.59, 9.59, 9.59, 224]
['2019-03-27 10:42:00', 9.57, 9.57, 9.57, 9.58, 534]
['2019-03-27 10:38:00', 9.59, 9.59, 9.59, 9.59, 244]
['2019-03-27 10:31:00', 9.59, 9.59, 9.59, 9.59, 136]
['2019-03-27 10:21:00', 9.57, 9.57, 9.57, 9.57, 253]
['2019-03-27 10:08:00', 9.55, 9.55, 9.55, 9.55, 100]
['2019-03-27 10:02:00', 9.54, 9.53, 9.53, 9.54, 3806]
['2019-03-27 10:01:00', 9.54, 9.54, 9.54, 9.54, 1001]
['2019-03-27 10:00:00', 9.54, 9.54, 9.54, 9.54, 100]
['2019-03-27 09:53:00', 9.54, 9.55, 9.54, 9.55, 403]
['2019-03-27 09:52:00', 9.54, 9.54, 9.54, 9.54, 2400]
['2019-03-27 09:51:00', 9.56, 9.56, 9.56, 9.56, 207]
['2019-03-27 09:50:00', 9.56, 9.56, 9.56, 9.56, 200]
['2019-03-27 09:49:00', 9.56, 9.56, 9.56, 9.56, 200]
['2019-03-27 09:48:00', 9.57, 9.57, 9.57, 9.57, 100]
['2019-03-27 09:47:00', 9.59, 9.57, 9.57, 9.59, 400]
['2019-03-27 09:40:00', 9.63, 9.61, 9.61, 9.63, 470]
['2019-03-27 09:36:00', 9.56, 9.6, 9.56, 9.6, 500]
['2019-03-27 09:35:00', 9.54, 9.54, 9.52, 9.54, 2101]
['2019-03-27 09:34:00', 9.54, 9.52, 9.52, 9.54, 2100]
['2019-03-27 09:33:00', 9.52, 9.55, 9.52, 9.56, 1400]
['2019-03-27 09:32:00', 9.54, 9.54, 9.54, 9.54, 300]
['2019-03-27 09:31:00', 9.37, 9.54, 9.37, 9.54, 28026]
['2019-03-26 15:59:00', 9.42, 9.42, 9.42, 9.42, 906]
['2019-03-26 15:58:00', 9.46, 9.46, 9.46, 9.46, 1111]
['2019-03-26 15:57:00', 9.46, 9.46, 9.46, 9.46, 123]
['2019-03-26 15:50:00', 9.43, 9.42, 9.42, 9.43, 610]
['2019-03-26 15:42:00', 9.41, 9.41, 9.41, 9.41, 496]
['2019-03-26 15:34:00', 9.42, 9.42, 9.42, 9.42, 268]
['2019-03-26 15:33:00', 9.41, 9.41, 9.41, 9.41, 439]
['2019-03-26 15:24:00', 9.425, 9.425, 9.425, 9.425, 100]
['2019-03-26 15:17:00', 9.43, 9.43, 9.43, 9.43, 100]
['2019-03-26 15:15:00', 9.43, 9.43, 9.43, 9.43, 202]
['2019-03-26 15:02:00', 9.43, 9.43, 9.43, 9.43, 301]
['2019-03-26 14:45:00', 9.39, 9.39, 9.39, 9.39, 313]
['2019-03-26 14:41:00', 9.39, 9.39, 9.39, 9.39, 150]
['2019-03-26 14:15:00', 9.36, 9.36, 9.36, 9.36, 546]
['2019-03-26 14:05:00', 9.39, 9.36, 9.36, 9.39, 1632]
['2019-03-26 13:59:00', 9.4, 9.4, 9.4, 9.4, 232]
['2019-03-26 13:52:00', 9.4, 9.4, 9.4, 9.4, 106]
['2019-03-26 13:37:00', 9.39, 9.39, 9.39, 9.39, 663]
['2019-03-26 13:34:00', 9.39, 9.39, 9.39, 9.39, 120]
['2019-03-26 13:16:00', 9.41, 9.41, 9.41, 9.41, 135]
['2019-03-26 12:57:00', 9.39, 9.39, 9.39, 9.39, 307]
['2019-03-26 12:44:00', 9.4, 9.4, 9.4, 9.4, 162]
['2019-03-26 12:36:00', 9.3931, 9.3931, 9.3931, 9.3931, 1087]
['2019-03-26 12:26:00', 9.41, 9.41, 9.41, 9.41, 278]
['2019-03-26 12:14:00', 9.416, 9.416, 9.416, 9.416, 342]
['2019-03-26 12:05:00', 9.4199, 9.4199, 9.4199, 9.4199, 365]
['2019-03-26 11:52:00', 9.42, 9.42, 9.42, 9.42, 159]
['2019-03-26 11:40:00', 9.45, 9.45, 9.45, 9.45, 383]
['2019-03-26 11:24:00', 9.41, 9.41, 9.41, 9.41, 504]
['2019-03-26 11:18:00', 9.438, 9.438, 9.438, 9.438, 150]
['2019-03-26 10:56:00', 9.4501, 9.4501, 9.4501, 9.4501, 282]
['2019-03-26 10:54:00', 9.4699, 9.4699, 9.4699, 9.4699, 250]
['2019-03-26 10:51:00', 9.46, 9.46, 9.46, 9.46, 447]
['2019-03-26 10:49:00', 9.44, 9.44, 9.44, 9.44, 1558]
['2019-03-26 10:42:00', 9.403, 9.403, 9.403, 9.403, 512]
['2019-03-26 10:37:00', 9.38, 9.38, 9.38, 9.38, 308]
['2019-03-26 10:36:00', 9.4091, 9.4091, 9.4091, 9.4091, 2618]
['2019-03-26 10:34:00', 9.41, 9.41, 9.41, 9.41, 277]
['2019-03-26 10:28:00', 9.44, 9.44, 9.44, 9.44, 200]
['2019-03-26 10:25:00', 9.41, 9.41, 9.41, 9.41, 135]
['2019-03-26 10:18:00', 9.41, 9.41, 9.41, 9.41, 170]
['2019-03-26 10:11:00', 9.41, 9.41, 9.41, 9.41, 375]
['2019-03-26 10:07:00', 9.43, 9.43, 9.43, 9.43, 1468]
['2019-03-26 09:54:00', 9.44, 9.44, 9.44, 9.44, 126]
['2019-03-26 09:51:00', 9.41, 9.41, 9.41, 9.41, 339]
['2019-03-26 09:50:00', 9.41, 9.41, 9.41, 9.41, 2849]
['2019-03-26 09:44:00', 9.48, 9.49, 9.48, 9.49, 1015]
['2019-03-26 09:38:00', 9.47, 9.47, 9.47, 9.47, 162]
['2019-03-26 09:37:00', 9.47, 9.47, 9.47, 9.47, 100]
['2019-03-26 09:32:00', 9.42, 9.42, 9.42, 9.42, 3491]
['2019-03-25 16:00:00', 9.53, 9.53, 9.53, 9.53, 790]
['2019-03-25 15:58:00', 9.49, 9.49, 9.49, 9.49, 300]
['2019-03-25 15:56:00', 9.4931, 9.4931, 9.4931, 9.4931, 476]
['2019-03-25 15:55:00', 9.51, 9.51, 9.51, 9.51, 102]
['2019-03-25 15:52:00', 9.49, 9.49, 9.49, 9.49, 200]
['2019-03-25 15:48:00', 9.51, 9.51, 9.51, 9.51, 1184]
['2019-03-25 15:46:00', 9.51, 9.51, 9.51, 9.51, 152]
['2019-03-25 15:39:00', 9.51, 9.51, 9.51, 9.51, 388]
['2019-03-25 15:20:00', 9.51, 9.54, 9.51, 9.54, 744]
['2019-03-25 15:10:00', 9.51, 9.51, 9.51, 9.51, 100]
['2019-03-25 14:45:00', 9.4766, 9.4766, 9.4766, 9.4766, 250]
['2019-03-25 14:28:00', 9.47, 9.47, 9.47, 9.47, 205]
['2019-03-25 14:25:00', 9.48, 9.48, 9.48, 9.48, 115]
['2019-03-25 14:24:00', 9.48, 9.48, 9.48, 9.48, 300]
['2019-03-25 14:13:00', 9.5, 9.5, 9.5, 9.5, 300]
['2019-03-25 14:12:00', 9.5, 9.5, 9.5, 9.5, 100]
['2019-03-25 14:06:00', 9.4872, 9.4872, 9.4872, 9.4872, 346]
['2019-03-25 13:58:00', 9.5, 9.5, 9.5, 9.5, 105]
['2019-03-25 13:45:00', 9.49, 9.49, 9.49, 9.49, 185]
['2019-03-25 13:36:00', 9.49, 9.49, 9.49, 9.49, 104]
['2019-03-25 13:24:00', 9.49, 9.49, 9.49, 9.49, 100]
['2019-03-25 13:14:00', 9.52, 9.52, 9.52, 9.52, 200]
['2019-03-25 12:59:00', 9.51, 9.51, 9.51, 9.51, 100]
['2019-03-25 12:50:00', 9.502, 9.502, 9.502, 9.502, 570]
['2019-03-25 12:35:00', 9.52, 9.52, 9.52, 9.52, 405]
['2019-03-25 12:17:00', 9.54, 9.54, 9.54, 9.54, 100]
['2019-03-25 11:38:00', 9.56, 9.56, 9.56, 9.56, 156]
['2019-03-25 10:57:00', 9.54, 9.54, 9.54, 9.54, 147]
['2019-03-25 10:52:00', 9.52, 9.52, 9.52, 9.52, 1600]
['2019-03-25 10:51:00', 9.5, 9.5, 9.5, 9.5, 710]
['2019-03-25 10:30:00', 9.49, 9.49, 9.49, 9.49, 1321]
['2019-03-25 10:27:00', 9.46, 9.46, 9.46, 9.46, 818]
['2019-03-25 10:16:00', 9.44, 9.44, 9.44, 9.44, 214]
['2019-03-25 10:15:00', 9.4503, 9.44, 9.44, 9.4503, 510]
['2019-03-25 10:11:00', 9.44, 9.44, 9.44, 9.44, 104]
['2019-03-25 10:00:00', 9.475, 9.475, 9.475, 9.475, 420]
['2019-03-25 09:55:00', 9.4689, 9.4689, 9.4689, 9.4689, 304]
['2019-03-25 09:51:00', 9.45, 9.45, 9.45, 9.45, 800]
['2019-03-25 09:40:00', 9.48, 9.5027, 9.48, 9.5027, 7257]
['2019-03-25 09:32:00', 9.4425, 9.4425, 9.4425, 9.4425, 0]
