ACIW
['2019-03-29 16:00:00', 32.845, 32.87, 32.82, 32.87, 31805]
['2019-03-29 15:59:00', 32.88, 32.865, 32.86, 32.885, 16328]
['2019-03-29 15:58:00', 32.875, 32.88, 32.87, 32.89, 11095]
['2019-03-29 15:57:00', 32.875, 32.875, 32.87, 32.88, 9831]
['2019-03-29 15:56:00', 32.875, 32.87, 32.87, 32.88, 7815]
['2019-03-29 15:55:00', 32.86, 32.865, 32.86, 32.87, 11349]
['2019-03-29 15:54:00', 32.85, 32.87, 32.845, 32.87, 9080]
['2019-03-29 15:53:00', 32.85, 32.84, 32.84, 32.85, 3772]
['2019-03-29 15:52:00', 32.84, 32.845, 32.83, 32.85, 5889]
['2019-03-29 15:51:00', 32.865, 32.835, 32.83, 32.865, 10689]
['2019-03-29 15:50:00', 32.865, 32.865, 32.86, 32.865, 4007]
['2019-03-29 15:49:00', 32.865, 32.865, 32.86, 32.87, 3572]
['2019-03-29 15:48:00', 32.88, 32.865, 32.86, 32.88, 5379]
['2019-03-29 15:47:00', 32.86, 32.87, 32.84, 32.88, 5613]
['2019-03-29 15:46:00', 32.83, 32.85, 32.83, 32.85, 3539]
['2019-03-29 15:45:00', 32.815, 32.83, 32.81, 32.835, 3261]
['2019-03-29 15:44:00', 32.825, 32.81, 32.81, 32.825, 3027]
['2019-03-29 15:43:00', 32.865, 32.82, 32.82, 32.865, 3936]
['2019-03-29 15:42:00', 32.865, 32.865, 32.86, 32.865, 4608]
['2019-03-29 15:41:00', 32.8, 32.86, 32.8, 32.86, 5383]
['2019-03-29 15:40:00', 32.79, 32.8, 32.79, 32.8, 1968]
['2019-03-29 15:39:00', 32.795, 32.795, 32.79, 32.8, 1426]
['2019-03-29 15:38:00', 32.8, 32.79, 32.79, 32.8, 1638]
['2019-03-29 15:37:00', 32.81, 32.8, 32.8, 32.815, 2932]
['2019-03-29 15:36:00', 32.81, 32.815, 32.81, 32.815, 2118]
['2019-03-29 15:35:00', 32.78, 32.815, 32.78, 32.815, 5703]
['2019-03-29 15:34:00', 32.785, 32.79, 32.785, 32.79, 800]
['2019-03-29 15:33:00', 32.78, 32.78, 32.78, 32.79, 1625]
['2019-03-29 15:32:00', 32.76, 32.78, 32.76, 32.78, 1771]
['2019-03-29 15:31:00', 32.82, 32.77, 32.76, 32.82, 4273]
['2019-03-29 15:30:00', 32.82, 32.81, 32.81, 32.825, 2134]
['2019-03-29 15:29:00', 32.825, 32.82, 32.81, 32.825, 4165]
['2019-03-29 15:28:00', 32.83, 32.825, 32.82, 32.83, 732]
['2019-03-29 15:27:00', 32.78, 32.815, 32.78, 32.815, 1952]
['2019-03-29 15:26:00', 32.77, 32.785, 32.77, 32.785, 1489]
['2019-03-29 15:25:00', 32.76, 32.78, 32.76, 32.78, 1301]
['2019-03-29 15:24:00', 32.775, 32.76, 32.76, 32.78, 2011]
['2019-03-29 15:23:00', 32.78, 32.78, 32.77, 32.78, 1534]
['2019-03-29 15:22:00', 32.79, 32.78, 32.78, 32.795, 1521]
['2019-03-29 15:21:00', 32.78, 32.79, 32.77, 32.79, 3645]
['2019-03-29 15:20:00', 32.8, 32.78, 32.78, 32.8, 840]
['2019-03-29 15:19:00', 32.83, 32.8, 32.8, 32.83, 3152]
['2019-03-29 15:18:00', 32.8, 32.82, 32.8, 32.82, 2105]
['2019-03-29 15:17:00', 32.77, 32.81, 32.77, 32.81, 4419]
['2019-03-29 15:16:00', 32.79, 32.76, 32.76, 32.79, 888]
['2019-03-29 15:15:00', 32.82, 32.79, 32.79, 32.82, 3059]
['2019-03-29 15:14:00', 32.84, 32.82, 32.82, 32.84, 2208]
['2019-03-29 15:13:00', 32.835, 32.835, 32.83, 32.835, 913]
['2019-03-29 15:12:00', 32.83, 32.835, 32.83, 32.835, 617]
['2019-03-29 15:11:00', 32.84, 32.84, 32.83, 32.84, 910]
['2019-03-29 15:10:00', 32.84, 32.84, 32.84, 32.85, 2447]
['2019-03-29 15:09:00', 32.83, 32.84, 32.83, 32.84, 1425]
['2019-03-29 15:08:00', 32.83, 32.83, 32.83, 32.84, 1161]
['2019-03-29 15:07:00', 32.845, 32.84, 32.84, 32.845, 1221]
['2019-03-29 15:06:00', 32.86, 32.84, 32.84, 32.86, 731]
['2019-03-29 15:05:00', 32.86, 32.84, 32.84, 32.87, 2573]
['2019-03-29 15:04:00', 32.865, 32.865, 32.86, 32.865, 610]
['2019-03-29 15:03:00', 32.86, 32.87, 32.86, 32.87, 516]
['2019-03-29 15:02:00', 32.86, 32.86, 32.86, 32.875, 3009]
['2019-03-29 15:01:00', 32.855, 32.855, 32.85, 32.855, 600]
['2019-03-29 15:00:00', 32.85, 32.86, 32.85, 32.86, 400]
['2019-03-29 14:59:00', 32.85, 32.86, 32.85, 32.87, 1717]
['2019-03-29 14:58:00', 32.85, 32.85, 32.85, 32.85, 600]
['2019-03-29 14:57:00', 32.85, 32.85, 32.85, 32.86, 808]
['2019-03-29 14:56:00', 32.88, 32.85, 32.85, 32.885, 2992]
['2019-03-29 14:55:00', 32.88, 32.8705, 32.87, 32.88, 754]
['2019-03-29 14:54:00', 32.86, 32.87, 32.86, 32.87, 401]
['2019-03-29 14:53:00', 32.85, 32.85, 32.85, 32.85, 873]
['2019-03-29 14:52:00', 32.82, 32.84, 32.82, 32.855, 3294]
['2019-03-29 14:51:00', 32.82, 32.83, 32.82, 32.83, 970]
['2019-03-29 14:50:00', 32.825, 32.83, 32.82, 32.83, 500]
['2019-03-29 14:49:00', 32.83, 32.82, 32.82, 32.83, 1014]
['2019-03-29 14:48:00', 32.82, 32.825, 32.81, 32.825, 1117]
['2019-03-29 14:47:00', 32.82, 32.81, 32.81, 32.825, 1274]
['2019-03-29 14:46:00', 32.825, 32.825, 32.82, 32.825, 500]
['2019-03-29 14:45:00', 32.83, 32.82, 32.82, 32.83, 927]
['2019-03-29 14:44:00', 32.81, 32.82, 32.81, 32.82, 1405]
['2019-03-29 14:43:00', 32.82, 32.805, 32.79, 32.82, 1500]
['2019-03-29 14:42:00', 32.81, 32.81, 32.81, 32.82, 3746]
['2019-03-29 14:41:00', 32.83, 32.82, 32.82, 32.835, 1192]
['2019-03-29 14:40:00', 32.83, 32.83, 32.83, 32.84, 982]
['2019-03-29 14:39:00', 32.83, 32.835, 32.83, 32.835, 1060]
['2019-03-29 14:38:00', 32.825, 32.825, 32.82, 32.825, 478]
['2019-03-29 14:37:00', 32.83, 32.83, 32.83, 32.83, 720]
['2019-03-29 14:36:00', 32.845, 32.83, 32.82, 32.845, 2534]
['2019-03-29 14:35:00', 32.845, 32.84, 32.84, 32.845, 401]
['2019-03-29 14:34:00', 32.84, 32.845, 32.84, 32.845, 300]
['2019-03-29 14:33:00', 32.845, 32.845, 32.84, 32.85, 616]
['2019-03-29 14:32:00', 32.82, 32.83, 32.82, 32.84, 1676]
['2019-03-29 14:31:00', 32.845, 32.82, 32.82, 32.845, 2473]
['2019-03-29 14:30:00', 32.845, 32.84, 32.84, 32.845, 501]
['2019-03-29 14:29:00', 32.84, 32.845, 32.84, 32.85, 788]
['2019-03-29 14:28:00', 32.85, 32.84, 32.84, 32.85, 656]
['2019-03-29 14:27:00', 32.85, 32.85, 32.85, 32.85, 307]
['2019-03-29 14:26:00', 32.84, 32.84, 32.84, 32.85, 1099]
['2019-03-29 14:25:00', 32.855, 32.85, 32.85, 32.855, 1234]
['2019-03-29 14:24:00', 32.81, 32.855, 32.81, 32.86, 1117]
['2019-03-29 14:23:00', 32.82, 32.81, 32.81, 32.82, 510]
['2019-03-29 14:22:00', 32.82, 32.83, 32.81, 32.83, 993]
['2019-03-29 14:21:00', 32.81, 32.82, 32.81, 32.84, 2027]
['2019-03-29 14:20:00', 32.84, 32.82, 32.82, 32.845, 1394]
['2019-03-29 14:19:00', 32.86, 32.84, 32.84, 32.86, 1000]
['2019-03-29 14:18:00', 32.865, 32.86, 32.86, 32.87, 524]
['2019-03-29 14:17:00', 32.87, 32.86, 32.85, 32.87, 3144]
['2019-03-29 14:16:00', 32.86, 32.87, 32.86, 32.875, 405]
['2019-03-29 14:15:00', 32.85, 32.87, 32.85, 32.87, 1335]
['2019-03-29 14:14:00', 32.855, 32.85, 32.85, 32.855, 640]
['2019-03-29 14:13:00', 32.86, 32.855, 32.85, 32.86, 513]
['2019-03-29 14:12:00', 32.86, 32.86, 32.85, 32.86, 500]
['2019-03-29 14:11:00', 32.85, 32.87, 32.85, 32.88, 1420]
['2019-03-29 14:10:00', 32.87, 32.85, 32.85, 32.87, 626]
['2019-03-29 14:09:00', 32.88, 32.86, 32.86, 32.88, 1035]
['2019-03-29 14:08:00', 32.81, 32.88, 32.81, 32.88, 4711]
['2019-03-29 14:07:00', 32.8, 32.805, 32.78, 32.81, 3842]
['2019-03-29 14:06:00', 32.82, 32.8, 32.8, 32.83, 3460]
['2019-03-29 14:05:00', 32.83, 32.83, 32.83, 32.83, 100]
['2019-03-29 14:02:00', 32.78, 32.78, 32.78, 32.78, 349]
['2019-03-29 14:01:00', 32.77, 32.76, 32.76, 32.77, 1018]
['2019-03-29 14:00:00', 32.74, 32.76, 32.74, 32.77, 3266]
['2019-03-29 13:59:00', 32.755, 32.74, 32.74, 32.755, 7401]
['2019-03-29 13:58:00', 32.73, 32.75, 32.73, 32.76, 4216]
['2019-03-29 13:57:00', 32.79, 32.73, 32.73, 32.79, 3280]
['2019-03-29 13:56:00', 32.81, 32.79, 32.79, 32.82, 810]
['2019-03-29 13:55:00', 32.82, 32.81, 32.81, 32.82, 650]
['2019-03-29 13:54:00', 32.81, 32.81, 32.81, 32.81, 609]
['2019-03-29 13:53:00', 32.85, 32.81, 32.81, 32.85, 4821]
['2019-03-29 13:52:00', 32.84, 32.85, 32.84, 32.85, 1199]
['2019-03-29 13:49:00', 32.8, 32.8, 32.8, 32.8, 705]
['2019-03-29 13:48:00', 32.76, 32.8, 32.76, 32.81, 3154]
['2019-03-29 13:47:00', 32.78, 32.75, 32.67, 32.78, 10179]
['2019-03-29 13:46:00', 32.83, 32.77, 32.77, 32.83, 2973]
['2019-03-29 13:45:00', 32.81, 32.83, 32.81, 32.84, 2345]
['2019-03-29 13:44:00', 32.77, 32.805, 32.77, 32.805, 1142]
['2019-03-29 13:43:00', 32.76, 32.78, 32.76, 32.79, 2658]
['2019-03-29 13:42:00', 32.75, 32.75, 32.75, 32.75, 135]
['2019-03-29 13:41:00', 32.75, 32.75, 32.75, 32.75, 926]
['2019-03-29 13:40:00', 32.75, 32.755, 32.75, 32.755, 523]
['2019-03-29 13:39:00', 32.75, 32.75, 32.75, 32.75, 300]
['2019-03-29 13:38:00', 32.77, 32.75, 32.75, 32.77, 2352]
['2019-03-29 13:37:00', 32.7738, 32.7682, 32.7682, 32.7738, 352]
['2019-03-29 13:35:00', 32.7428, 32.77, 32.7428, 32.77, 1545]
['2019-03-29 13:34:00', 32.73, 32.75, 32.73, 32.75, 1411]
['2019-03-29 13:33:00', 32.7502, 32.75, 32.74, 32.76, 3413]
['2019-03-29 13:32:00', 32.79, 32.75, 32.75, 32.79, 3226]
['2019-03-29 13:31:00', 32.81, 32.77, 32.77, 32.81, 1640]
['2019-03-29 13:30:00', 32.81, 32.81, 32.8, 32.81, 1402]
['2019-03-29 13:29:00', 32.8, 32.82, 32.8, 32.82, 773]
['2019-03-29 13:28:00', 32.81, 32.8, 32.8, 32.82, 1650]
['2019-03-29 13:27:00', 32.81, 32.81, 32.81, 32.81, 500]
['2019-03-29 13:26:00', 32.81, 32.81, 32.81, 32.81, 101]
['2019-03-29 13:25:00', 32.82, 32.82, 32.82, 32.82, 553]
['2019-03-29 13:24:00', 32.81, 32.82, 32.81, 32.82, 356]
['2019-03-29 13:23:00', 32.8, 32.8, 32.8, 32.8, 408]
['2019-03-29 13:22:00', 32.76, 32.79, 32.76, 32.8, 859]
['2019-03-29 13:21:00', 32.82, 32.76, 32.76, 32.82, 1608]
['2019-03-29 13:20:00', 32.81, 32.82, 32.81, 32.83, 1391]
['2019-03-29 13:18:00', 32.81, 32.78, 32.78, 32.81, 859]
['2019-03-29 13:17:00', 32.84, 32.82, 32.82, 32.84, 1946]
['2019-03-29 13:16:00', 32.84, 32.83, 32.83, 32.84, 801]
['2019-03-29 13:15:00', 32.84, 32.85, 32.84, 32.85, 1233]
['2019-03-29 13:14:00', 32.87, 32.85, 32.84, 32.87, 904]
['2019-03-29 13:13:00', 32.81, 32.85, 32.81, 32.85, 1239]
['2019-03-29 13:12:00', 32.83, 32.82, 32.82, 32.83, 1251]
['2019-03-29 13:11:00', 32.82, 32.83, 32.82, 32.84, 1366]
['2019-03-29 13:10:00', 32.81, 32.81, 32.81, 32.81, 200]
['2019-03-29 13:09:00', 32.81, 32.83, 32.81, 32.83, 661]
['2019-03-29 13:08:00', 32.81, 32.81, 32.81, 32.81, 200]
['2019-03-29 13:07:00', 32.82, 32.81, 32.81, 32.8225, 1709]
['2019-03-29 13:06:00', 32.825, 32.825, 32.825, 32.825, 446]
['2019-03-29 13:05:00', 32.83, 32.83, 32.82, 32.83, 1062]
['2019-03-29 13:04:00', 32.83, 32.83, 32.83, 32.83, 264]
['2019-03-29 13:03:00', 32.82, 32.83, 32.82, 32.83, 340]
['2019-03-29 13:02:00', 32.82, 32.8, 32.8, 32.82, 1259]
['2019-03-29 13:01:00', 32.81, 32.81, 32.81, 32.81, 469]
['2019-03-29 13:00:00', 32.81, 32.81, 32.81, 32.81, 500]
['2019-03-29 12:59:00', 32.82, 32.82, 32.82, 32.82, 500]
['2019-03-29 12:58:00', 32.82, 32.82, 32.82, 32.82, 100]
['2019-03-29 12:57:00', 32.82, 32.82, 32.82, 32.83, 831]
['2019-03-29 12:56:00', 32.83, 32.82, 32.82, 32.83, 750]
['2019-03-29 12:55:00', 32.84, 32.82, 32.82, 32.84, 506]
['2019-03-29 12:54:00', 32.82, 32.82, 32.82, 32.83, 899]
['2019-03-29 12:53:00', 32.81, 32.81, 32.81, 32.81, 358]
['2019-03-29 12:52:00', 32.85, 32.83, 32.83, 32.85, 212]
['2019-03-29 12:51:00', 32.87, 32.85, 32.85, 32.87, 774]
['2019-03-29 12:50:00', 32.87, 32.88, 32.87, 32.905, 1869]
['2019-03-29 12:49:00', 32.88, 32.88, 32.86, 32.88, 573]
['2019-03-29 12:48:00', 32.86, 32.86, 32.86, 32.86, 250]
['2019-03-29 12:47:00', 32.945, 32.86, 32.86, 32.945, 3299]
['2019-03-29 12:46:00', 32.92, 32.94, 32.92, 32.94, 1629]
['2019-03-29 12:45:00', 32.93, 32.925, 32.92, 32.93, 2138]
['2019-03-29 12:44:00', 32.899, 32.93, 32.899, 32.93, 873]
['2019-03-29 12:43:00', 32.88, 32.89, 32.88, 32.89, 587]
['2019-03-29 12:42:00', 32.86, 32.87, 32.86, 32.87, 547]
['2019-03-29 12:41:00', 32.82, 32.85, 32.82, 32.86, 1468]
['2019-03-29 12:40:00', 32.73, 32.82, 32.73, 32.82, 3418]
['2019-03-29 12:39:00', 32.74, 32.72, 32.7, 32.74, 3647]
['2019-03-29 12:38:00', 32.77, 32.74, 32.72, 32.77, 5413]
['2019-03-29 12:37:00', 32.74, 32.77, 32.74, 32.771, 906]
['2019-03-29 12:36:00', 32.7, 32.72, 32.69, 32.72, 7385]
['2019-03-29 12:35:00', 32.68, 32.71, 32.68, 32.71, 942]
['2019-03-29 12:34:00', 32.71, 32.6805, 32.6805, 32.72, 1904]
['2019-03-29 12:33:00', 32.71, 32.71, 32.71, 32.72, 1972]
['2019-03-29 12:32:00', 32.75, 32.72, 32.72, 32.75, 1292]
['2019-03-29 12:31:00', 32.77, 32.75, 32.75, 32.77, 1159]
['2019-03-29 12:30:00', 32.8, 32.77, 32.77, 32.82, 2182]
['2019-03-29 12:29:00', 32.795, 32.8, 32.795, 32.8, 805]
['2019-03-29 12:28:00', 32.77, 32.78, 32.77, 32.78, 606]
['2019-03-29 12:27:00', 32.76, 32.76, 32.74, 32.76, 623]
['2019-03-29 12:26:00', 32.73, 32.77, 32.73, 32.785, 8107]
['2019-03-29 12:25:00', 32.82, 32.73, 32.71, 32.82, 5051]
['2019-03-29 12:24:00', 32.86, 32.82, 32.82, 32.86, 3539]
['2019-03-29 12:23:00', 32.85, 32.86, 32.85, 32.86, 300]
['2019-03-29 12:21:00', 32.81, 32.83, 32.81, 32.83, 269]
['2019-03-29 12:20:00', 32.78, 32.77, 32.77, 32.78, 566]
['2019-03-29 12:19:00', 32.77, 32.77, 32.77, 32.77, 174]
['2019-03-29 12:18:00', 32.78, 32.77, 32.77, 32.78, 539]
['2019-03-29 12:17:00', 32.8, 32.78, 32.78, 32.8, 808]
['2019-03-29 12:16:00', 32.77, 32.77, 32.77, 32.77, 200]
['2019-03-29 12:15:00', 32.82, 32.79, 32.79, 32.82, 2886]
['2019-03-29 12:14:00', 32.83, 32.82, 32.81, 32.83, 1222]
['2019-03-29 12:13:00', 32.79, 32.83, 32.785, 32.83, 1202]
['2019-03-29 12:12:00', 32.81, 32.79, 32.79, 32.81, 1418]
['2019-03-29 12:09:00', 32.77, 32.77, 32.77, 32.77, 540]
['2019-03-29 12:08:00', 32.78, 32.76, 32.75, 32.79, 2168]
['2019-03-29 12:07:00', 32.78, 32.77, 32.77, 32.78, 1700]
['2019-03-29 12:06:00', 32.795, 32.78, 32.78, 32.795, 5981]
['2019-03-29 12:05:00', 32.79, 32.79, 32.78, 32.8, 3739]
['2019-03-29 12:04:00', 32.84, 32.79, 32.78, 32.87, 7900]
['2019-03-29 12:03:00', 32.75, 32.82, 32.75, 32.82, 1953]
['2019-03-29 12:02:00', 32.71, 32.71, 32.71, 32.71, 342]
['2019-03-29 12:01:00', 32.7, 32.72, 32.66, 32.72, 22349]
['2019-03-29 12:00:00', 32.725, 32.72, 32.69, 32.74, 14093]
['2019-03-29 11:59:00', 32.75, 32.71, 32.71, 32.76, 2223]
['2019-03-29 11:58:00', 32.79, 32.75, 32.75, 32.8, 4303]
['2019-03-29 11:57:00', 32.79, 32.79, 32.79, 32.8, 1588]
['2019-03-29 11:56:00', 32.79, 32.79, 32.79, 32.79, 519]
['2019-03-29 11:55:00', 32.84, 32.77, 32.77, 32.84, 2102]
['2019-03-29 11:54:00', 32.84, 32.84, 32.84, 32.855, 2452]
['2019-03-29 11:53:00', 32.83, 32.83, 32.83, 32.83, 200]
['2019-03-29 11:52:00', 32.83, 32.83, 32.82, 32.83, 627]
['2019-03-29 11:51:00', 32.84, 32.82, 32.81, 32.85, 2656]
['2019-03-29 11:50:00', 32.925, 32.86, 32.86, 32.925, 1204]
['2019-03-29 11:49:00', 32.91, 32.91, 32.91, 32.91, 300]
['2019-03-29 11:48:00', 32.89, 32.94, 32.89, 32.94, 757]
['2019-03-29 11:47:00', 32.95, 32.91, 32.9, 32.95, 2964]
['2019-03-29 11:46:00', 32.96, 32.965, 32.96, 32.965, 304]
['2019-03-29 11:45:00', 32.96, 32.97, 32.96, 32.97, 1023]
['2019-03-29 11:43:00', 32.94, 32.96, 32.94, 32.96, 1963]
['2019-03-29 11:42:00', 32.93, 32.94, 32.93, 32.95, 400]
['2019-03-29 11:41:00', 32.94, 32.94, 32.94, 32.94, 502]
['2019-03-29 11:40:00', 32.94, 32.94, 32.93, 32.94, 1742]
['2019-03-29 11:39:00', 32.92, 32.94, 32.92, 32.95, 604]
['2019-03-29 11:38:00', 32.88, 32.91, 32.87, 32.91, 519]
['2019-03-29 11:37:00', 32.86, 32.87, 32.86, 32.88, 487]
['2019-03-29 11:36:00', 32.87, 32.86, 32.86, 32.88, 1005]
['2019-03-29 11:35:00', 32.88, 32.88, 32.87, 32.88, 1527]
['2019-03-29 11:34:00', 32.9, 32.86, 32.84, 32.9, 2287]
['2019-03-29 11:33:00', 32.95, 32.9, 32.9, 32.95, 2350]
['2019-03-29 11:32:00', 32.92, 32.96, 32.92, 32.96, 1818]
['2019-03-29 11:31:00', 32.88, 32.915, 32.88, 32.915, 658]
['2019-03-29 11:30:00', 32.82, 32.87, 32.82, 32.87, 3392]
['2019-03-29 11:29:00', 32.76, 32.79, 32.75, 32.79, 730]
['2019-03-29 11:28:00', 32.75, 32.75, 32.75, 32.75, 710]
['2019-03-29 11:27:00', 32.75, 32.75, 32.75, 32.75, 1032]
['2019-03-29 11:26:00', 32.755, 32.75, 32.75, 32.755, 1013]
['2019-03-29 11:25:00', 32.695, 32.75, 32.695, 32.755, 3709]
['2019-03-29 11:24:00', 32.695, 32.7, 32.69, 32.715, 1310]
['2019-03-29 11:23:00', 32.72, 32.7, 32.7, 32.725, 1172]
['2019-03-29 11:22:00', 32.72, 32.73, 32.72, 32.73, 600]
['2019-03-29 11:21:00', 32.73, 32.705, 32.7, 32.73, 3029]
['2019-03-29 11:20:00', 32.735, 32.735, 32.735, 32.735, 100]
['2019-03-29 11:19:00', 32.755, 32.74, 32.74, 32.755, 1910]
['2019-03-29 11:18:00', 32.75, 32.75, 32.75, 32.75, 844]
['2019-03-29 11:17:00', 32.77, 32.75, 32.75, 32.77, 327]
['2019-03-29 11:16:00', 32.735, 32.75, 32.735, 32.75, 1214]
['2019-03-29 11:15:00', 32.73, 32.74, 32.73, 32.74, 1733]
['2019-03-29 11:14:00', 32.74, 32.72, 32.71, 32.74, 3862]
['2019-03-29 11:13:00', 32.75, 32.7476, 32.7476, 32.75, 415]
['2019-03-29 11:12:00', 32.76, 32.75, 32.75, 32.76, 600]
['2019-03-29 11:11:00', 32.75, 32.75, 32.75, 32.75, 454]
['2019-03-29 11:10:00', 32.75, 32.75, 32.75, 32.76, 1101]
['2019-03-29 11:09:00', 32.75, 32.74, 32.74, 32.75, 3691]
['2019-03-29 11:08:00', 32.71, 32.75, 32.71, 32.75, 1575]
['2019-03-29 11:07:00', 32.71, 32.71, 32.71, 32.71, 340]
['2019-03-29 11:06:00', 32.71, 32.71, 32.71, 32.71, 316]
['2019-03-29 11:05:00', 32.72, 32.7099, 32.69, 32.72, 1453]
['2019-03-29 11:04:00', 32.735, 32.725, 32.72, 32.735, 1449]
['2019-03-29 11:03:00', 32.72, 32.72, 32.72, 32.735, 3163]
['2019-03-29 11:02:00', 32.73, 32.72, 32.71, 32.73, 758]
['2019-03-29 11:01:00', 32.74, 32.73, 32.73, 32.745, 1972]
['2019-03-29 11:00:00', 32.74, 32.74, 32.74, 32.74, 243]
['2019-03-29 10:59:00', 32.73, 32.73, 32.73, 32.73, 593]
['2019-03-29 10:58:00', 32.74, 32.74, 32.74, 32.77, 2379]
['2019-03-29 10:57:00', 32.745, 32.755, 32.745, 32.755, 515]
['2019-03-29 10:56:00', 32.74, 32.73, 32.73, 32.74, 616]
['2019-03-29 10:55:00', 32.72, 32.73, 32.72, 32.73, 273]
['2019-03-29 10:54:00', 32.72, 32.725, 32.715, 32.725, 1346]
['2019-03-29 10:53:00', 32.71, 32.7, 32.7, 32.71, 636]
['2019-03-29 10:52:00', 32.715, 32.715, 32.71, 32.73, 3211]
['2019-03-29 10:51:00', 32.73, 32.7, 32.68, 32.73, 3575]
['2019-03-29 10:50:00', 32.75, 32.74, 32.74, 32.75, 2652]
['2019-03-29 10:49:00', 32.75, 32.75, 32.75, 32.76, 1188]
['2019-03-29 10:48:00', 32.76, 32.75, 32.75, 32.76, 3316]
['2019-03-29 10:47:00', 32.7419, 32.75, 32.7419, 32.77, 2134]
['2019-03-29 10:46:00', 32.72, 32.75, 32.72, 32.76, 2022]
['2019-03-29 10:45:00', 32.76, 32.735, 32.72, 32.76, 3934]
['2019-03-29 10:44:00', 32.76, 32.75, 32.75, 32.77, 1382]
['2019-03-29 10:43:00', 32.79, 32.75, 32.75, 32.79, 2985]
['2019-03-29 10:42:00', 32.79, 32.79, 32.79, 32.84, 2289]
['2019-03-29 10:41:00', 32.75, 32.805, 32.75, 32.83, 2940]
['2019-03-29 10:40:00', 32.765, 32.77, 32.765, 32.77, 385]
['2019-03-29 10:39:00', 32.77, 32.765, 32.75, 32.77, 1240]
['2019-03-29 10:38:00', 32.76, 32.76, 32.76, 32.76, 170]
['2019-03-29 10:37:00', 32.85, 32.76, 32.76, 32.85, 2862]
['2019-03-29 10:36:00', 32.91, 32.85, 32.85, 32.91, 2611]
['2019-03-29 10:35:00', 32.89, 32.9, 32.89, 32.9, 1040]
['2019-03-29 10:33:00', 32.86, 32.85, 32.85, 32.86, 726]
['2019-03-29 10:32:00', 32.88, 32.88, 32.86, 32.88, 997]
['2019-03-29 10:31:00', 32.84, 32.84, 32.81, 32.88, 6269]
['2019-03-29 10:30:00', 32.8, 32.82, 32.78, 32.86, 4394]
['2019-03-29 10:29:00', 32.79, 32.77, 32.77, 32.83, 6376]
['2019-03-29 10:28:00', 32.87, 32.77, 32.77, 32.885, 6184]
['2019-03-29 10:26:00', 32.86, 32.83, 32.83, 32.87, 534]
['2019-03-29 10:25:00', 32.75, 32.79, 32.75, 32.79, 652]
['2019-03-29 10:24:00', 32.76, 32.77, 32.75, 32.78, 3514]
['2019-03-29 10:22:00', 32.82, 32.75, 32.72, 32.82, 7059]
['2019-03-29 10:21:00', 32.83, 32.84, 32.83, 32.84, 525]
['2019-03-29 10:20:00', 32.845, 32.845, 32.845, 32.845, 200]
['2019-03-29 10:18:00', 32.89, 32.79, 32.79, 32.89, 4117]
['2019-03-29 10:17:00', 32.86, 32.87, 32.86, 32.87, 850]
['2019-03-29 10:16:00', 32.86, 32.84, 32.84, 32.86, 302]
['2019-03-29 10:15:00', 32.87, 32.85, 32.85, 32.87, 1658]
['2019-03-29 10:14:00', 32.8, 32.84, 32.8, 32.86, 3198]
['2019-03-29 10:13:00', 32.79, 32.81, 32.77, 32.82, 3147]
['2019-03-29 10:12:00', 32.84, 32.76, 32.75, 32.84, 4565]
['2019-03-29 10:11:00', 32.85, 32.84, 32.84, 32.86, 888]
['2019-03-29 10:10:00', 32.845, 32.83, 32.83, 32.845, 200]
['2019-03-29 10:09:00', 32.86, 32.82, 32.82, 32.86, 905]
['2019-03-29 10:08:00', 32.84, 32.82, 32.82, 32.88, 2402]
['2019-03-29 10:07:00', 32.87, 32.82, 32.82, 32.87, 1609]
['2019-03-29 10:06:00', 32.85, 32.86, 32.85, 32.86, 705]
['2019-03-29 10:05:00', 32.78, 32.855, 32.78, 32.855, 3179]
['2019-03-29 10:04:00', 32.7, 32.755, 32.6875, 32.755, 5702]
['2019-03-29 10:03:00', 32.67, 32.67, 32.67, 32.685, 588]
['2019-03-29 10:02:00', 32.61, 32.62, 32.61, 32.64, 1023]
['2019-03-29 10:01:00', 32.61, 32.625, 32.61, 32.63, 600]
['2019-03-29 10:00:00', 32.62, 32.62, 32.62, 32.62, 204]
['2019-03-29 09:59:00', 32.585, 32.585, 32.585, 32.585, 120]
['2019-03-29 09:58:00', 32.61, 32.58, 32.57, 32.61, 1736]
['2019-03-29 09:57:00', 32.585, 32.63, 32.585, 32.63, 1900]
['2019-03-29 09:56:00', 32.59, 32.58, 32.58, 32.61, 800]
['2019-03-29 09:55:00', 32.55, 32.565, 32.55, 32.58, 687]
['2019-03-29 09:54:00', 32.5, 32.54, 32.49, 32.54, 1400]
['2019-03-29 09:53:00', 32.43, 32.48, 32.43, 32.48, 1445]
['2019-03-29 09:52:00', 32.44, 32.41, 32.41, 32.45, 1307]
['2019-03-29 09:51:00', 32.41, 32.39, 32.38, 32.43, 900]
['2019-03-29 09:50:00', 32.42, 32.41, 32.41, 32.48, 772]
['2019-03-29 09:49:00', 32.47, 32.41, 32.41, 32.47, 535]
['2019-03-29 09:48:00', 32.52, 32.48, 32.41, 32.54, 1810]
['2019-03-29 09:47:00', 32.56, 32.54, 32.54, 32.61, 2077]
['2019-03-29 09:46:00', 32.55, 32.56, 32.55, 32.59, 1504]
['2019-03-29 09:45:00', 32.58, 32.58, 32.58, 32.58, 184]
['2019-03-29 09:44:00', 32.48, 32.56, 32.48, 32.57, 1800]
['2019-03-29 09:43:00', 32.49, 32.48, 32.48, 32.495, 1022]
['2019-03-29 09:42:00', 32.49, 32.5, 32.49, 32.5, 500]
['2019-03-29 09:41:00', 32.53, 32.55, 32.52, 32.55, 1100]
['2019-03-29 09:40:00', 32.5, 32.56, 32.5, 32.6, 1400]
['2019-03-29 09:39:00', 32.5, 32.5, 32.5, 32.53, 1200]
['2019-03-29 09:38:00', 32.55, 32.51, 32.5, 32.55, 2025]
['2019-03-29 09:37:00', 32.56, 32.55, 32.55, 32.56, 300]
['2019-03-29 09:36:00', 32.59, 32.585, 32.54, 32.59, 1002]
['2019-03-29 09:35:00', 32.51, 32.58, 32.49, 32.58, 2725]
['2019-03-29 09:33:00', 32.53, 32.53, 32.53, 32.53, 249]
['2019-03-29 09:31:00', 32.71, 32.71, 32.71, 32.71, 0]
['2019-03-28 16:00:00', 32.39, 32.37, 32.37, 32.4, 15832]
['2019-03-28 15:59:00', 32.39, 32.395, 32.39, 32.4, 7406]
['2019-03-28 15:58:00', 32.395, 32.4, 32.39, 32.4, 5722]
['2019-03-28 15:57:00', 32.39, 32.395, 32.39, 32.4, 3059]
['2019-03-28 15:56:00', 32.42, 32.395, 32.39, 32.43, 4817]
['2019-03-28 15:55:00', 32.38, 32.41, 32.38, 32.41, 5994]
['2019-03-28 15:54:00', 32.355, 32.38, 32.35, 32.38, 6460]
['2019-03-28 15:53:00', 32.385, 32.355, 32.35, 32.385, 4881]
['2019-03-28 15:52:00', 32.385, 32.385, 32.38, 32.385, 1926]
['2019-03-28 15:51:00', 32.38, 32.38, 32.38, 32.39, 1302]
['2019-03-28 15:50:00', 32.4, 32.38, 32.38, 32.405, 2001]
['2019-03-28 15:49:00', 32.41, 32.4, 32.4, 32.41, 930]
['2019-03-28 15:48:00', 32.435, 32.415, 32.41, 32.44, 5296]
['2019-03-28 15:47:00', 32.42, 32.435, 32.42, 32.44, 2017]
['2019-03-28 15:46:00', 32.41, 32.41, 32.395, 32.41, 3686]
['2019-03-28 15:45:00', 32.4, 32.405, 32.4, 32.41, 659]
['2019-03-28 15:44:00', 32.4, 32.41, 32.395, 32.41, 4122]
['2019-03-28 15:43:00', 32.38, 32.4, 32.38, 32.4, 844]
['2019-03-28 15:42:00', 32.39, 32.38, 32.38, 32.395, 3572]
['2019-03-28 15:41:00', 32.37, 32.38, 32.365, 32.39, 3254]
['2019-03-28 15:40:00', 32.39, 32.37, 32.36, 32.39, 2529]
['2019-03-28 15:39:00', 32.41, 32.39, 32.38, 32.41, 2477]
['2019-03-28 15:38:00', 32.43, 32.41, 32.4, 32.43, 5015]
['2019-03-28 15:37:00', 32.43, 32.425, 32.425, 32.43, 1100]
['2019-03-28 15:36:00', 32.42, 32.425, 32.42, 32.425, 411]
['2019-03-28 15:35:00', 32.41, 32.42, 32.41, 32.42, 1774]
['2019-03-28 15:34:00', 32.41, 32.405, 32.405, 32.41, 800]
['2019-03-28 15:33:00', 32.4, 32.41, 32.4, 32.41, 1867]
['2019-03-28 15:32:00', 32.41, 32.41, 32.41, 32.41, 100]
['2019-03-28 15:31:00', 32.39, 32.41, 32.39, 32.41, 1110]
['2019-03-28 15:30:00', 32.4, 32.38, 32.37, 32.4, 3101]
['2019-03-28 15:28:00', 32.42, 32.4, 32.4, 32.42, 600]
['2019-03-28 15:27:00', 32.45, 32.42, 32.42, 32.46, 7604]
['2019-03-28 15:26:00', 32.45, 32.45, 32.45, 32.45, 300]
['2019-03-28 15:25:00', 32.45, 32.45, 32.45, 32.45, 642]
['2019-03-28 15:24:00', 32.44, 32.44, 32.435, 32.44, 774]
['2019-03-28 15:23:00', 32.44, 32.44, 32.44, 32.44, 1085]
['2019-03-28 15:22:00', 32.43, 32.44, 32.43, 32.45, 1408]
['2019-03-28 15:21:00', 32.42, 32.42, 32.42, 32.42, 260]
['2019-03-28 15:20:00', 32.39, 32.405, 32.39, 32.41, 775]
['2019-03-28 15:19:00', 32.39, 32.38, 32.38, 32.405, 2716]
['2019-03-28 15:18:00', 32.38, 32.385, 32.38, 32.385, 495]
['2019-03-28 15:17:00', 32.4, 32.39, 32.39, 32.4, 1086]
['2019-03-28 15:16:00', 32.395, 32.395, 32.395, 32.395, 200]
['2019-03-28 15:15:00', 32.4, 32.4, 32.4, 32.4, 452]
['2019-03-28 15:14:00', 32.41, 32.4, 32.4, 32.41, 900]
['2019-03-28 15:13:00', 32.4, 32.41, 32.4, 32.41, 881]
['2019-03-28 15:12:00', 32.41, 32.4, 32.4, 32.42, 3915]
['2019-03-28 15:11:00', 32.405, 32.405, 32.4, 32.4075, 729]
['2019-03-28 15:10:00', 32.39, 32.4016, 32.39, 32.405, 3475]
['2019-03-28 15:09:00', 32.38, 32.38, 32.38, 32.38, 100]
['2019-03-28 15:08:00', 32.39, 32.381, 32.381, 32.39, 1040]
['2019-03-28 15:06:00', 32.38, 32.38, 32.38, 32.38, 360]
['2019-03-28 15:05:00', 32.39, 32.39, 32.39, 32.39, 211]
['2019-03-28 15:04:00', 32.41, 32.385, 32.385, 32.42, 3891]
['2019-03-28 15:03:00', 32.41, 32.41, 32.4, 32.41, 2439]
['2019-03-28 15:02:00', 32.37, 32.405, 32.37, 32.41, 1300]
['2019-03-28 15:01:00', 32.37, 32.37, 32.37, 32.38, 600]
['2019-03-28 15:00:00', 32.38, 32.38, 32.38, 32.38, 723]
['2019-03-28 14:59:00', 32.4, 32.39, 32.39, 32.4, 1071]
['2019-03-28 14:57:00', 32.35, 32.37, 32.35, 32.37, 2657]
['2019-03-28 14:56:00', 32.34, 32.34, 32.34, 32.34, 404]
['2019-03-28 14:55:00', 32.32, 32.34, 32.32, 32.34, 527]
['2019-03-28 14:54:00', 32.31, 32.31, 32.3, 32.31, 1917]
['2019-03-28 14:53:00', 32.32, 32.3, 32.3, 32.335, 3433]
['2019-03-28 14:52:00', 32.31, 32.32, 32.31, 32.32, 4017]
['2019-03-28 14:51:00', 32.32, 32.305, 32.3, 32.32, 1319]
['2019-03-28 14:50:00', 32.31, 32.31, 32.31, 32.31, 200]
['2019-03-28 14:49:00', 32.31, 32.31, 32.31, 32.32, 1100]
['2019-03-28 14:48:00', 32.33, 32.31, 32.31, 32.33, 2040]
['2019-03-28 14:47:00', 32.33, 32.32, 32.31, 32.33, 2526]
['2019-03-28 14:46:00', 32.33, 32.335, 32.33, 32.335, 1529]
['2019-03-28 14:45:00', 32.32, 32.31, 32.31, 32.32, 499]
['2019-03-28 14:44:00', 32.34, 32.33, 32.33, 32.34, 754]
['2019-03-28 14:43:00', 32.35, 32.34, 32.34, 32.35, 210]
['2019-03-28 14:42:00', 32.335, 32.34, 32.335, 32.34, 1000]
['2019-03-28 14:40:00', 32.34, 32.34, 32.34, 32.34, 1050]
['2019-03-28 14:39:00', 32.35, 32.355, 32.35, 32.355, 416]
['2019-03-28 14:38:00', 32.335, 32.35, 32.335, 32.35, 1610]
['2019-03-28 14:37:00', 32.33, 32.335, 32.33, 32.335, 1023]
['2019-03-28 14:36:00', 32.35, 32.335, 32.335, 32.35, 913]
['2019-03-28 14:35:00', 32.35, 32.35, 32.35, 32.35, 270]
['2019-03-28 14:34:00', 32.37, 32.37, 32.37, 32.37, 300]
['2019-03-28 14:33:00', 32.37, 32.38, 32.37, 32.38, 1354]
['2019-03-28 14:32:00', 32.38, 32.38, 32.38, 32.38, 899]
['2019-03-28 14:31:00', 32.39, 32.38, 32.38, 32.39, 1105]
['2019-03-28 14:30:00', 32.4, 32.395, 32.395, 32.4, 207]
['2019-03-28 14:29:00', 32.395, 32.395, 32.395, 32.395, 107]
['2019-03-28 14:28:00', 32.39, 32.39, 32.39, 32.39, 200]
['2019-03-28 14:27:00', 32.39, 32.39, 32.39, 32.39, 207]
['2019-03-28 14:26:00', 32.39, 32.39, 32.38, 32.39, 1014]
['2019-03-28 14:25:00', 32.38, 32.37, 32.37, 32.38, 414]
['2019-03-28 14:24:00', 32.39, 32.38, 32.38, 32.39, 614]
['2019-03-28 14:23:00', 32.37, 32.37, 32.37, 32.37, 514]
['2019-03-28 14:22:00', 32.37, 32.37, 32.37, 32.37, 307]
['2019-03-28 14:21:00', 32.39, 32.36, 32.36, 32.39, 1533]
['2019-03-28 14:20:00', 32.38, 32.38, 32.375, 32.38, 1357]
['2019-03-28 14:18:00', 32.39, 32.39, 32.39, 32.39, 1589]
['2019-03-28 14:17:00', 32.42, 32.4, 32.4, 32.42, 1381]
['2019-03-28 14:16:00', 32.43, 32.43, 32.43, 32.43, 348]
['2019-03-28 14:15:00', 32.43, 32.43, 32.43, 32.44, 1567]
['2019-03-28 14:14:00', 32.42, 32.43, 32.42, 32.43, 400]
['2019-03-28 14:13:00', 32.4, 32.41, 32.4, 32.41, 1336]
['2019-03-28 14:12:00', 32.38, 32.4, 32.38, 32.4, 642]
['2019-03-28 14:11:00', 32.37, 32.37, 32.37, 32.37, 165]
['2019-03-28 14:10:00', 32.37, 32.37, 32.37, 32.37, 101]
['2019-03-28 14:09:00', 32.35, 32.36, 32.35, 32.36, 746]
['2019-03-28 14:08:00', 32.36, 32.35, 32.35, 32.36, 689]
['2019-03-28 14:07:00', 32.39, 32.35, 32.35, 32.39, 1450]
['2019-03-28 14:05:00', 32.4, 32.38, 32.38, 32.4, 900]
['2019-03-28 14:04:00', 32.4, 32.39, 32.39, 32.42, 2278]
['2019-03-28 14:03:00', 32.4, 32.4, 32.4, 32.4, 821]
['2019-03-28 14:02:00', 32.4, 32.4, 32.4, 32.4, 410]
['2019-03-28 14:01:00', 32.425, 32.42, 32.42, 32.43, 786]
['2019-03-28 14:00:00', 32.44, 32.43, 32.42, 32.44, 1108]
['2019-03-28 13:59:00', 32.445, 32.445, 32.445, 32.445, 100]
['2019-03-28 13:58:00', 32.45, 32.445, 32.445, 32.45, 906]
['2019-03-28 13:57:00', 32.45, 32.45, 32.45, 32.45, 187]
['2019-03-28 13:56:00', 32.46, 32.46, 32.46, 32.46, 200]
['2019-03-28 13:54:00', 32.44, 32.45, 32.44, 32.45, 1912]
['2019-03-28 13:53:00', 32.43, 32.43, 32.41, 32.44, 2235]
['2019-03-28 13:51:00', 32.41, 32.41, 32.41, 32.41, 100]
['2019-03-28 13:50:00', 32.43, 32.4153, 32.4153, 32.43, 668]
['2019-03-28 13:48:00', 32.42, 32.42, 32.42, 32.43, 1266]
['2019-03-28 13:47:00', 32.41, 32.41, 32.41, 32.41, 106]
['2019-03-28 13:45:00', 32.42, 32.42, 32.42, 32.42, 704]
['2019-03-28 13:44:00', 32.44, 32.425, 32.425, 32.44, 606]
['2019-03-28 13:43:00', 32.42, 32.44, 32.42, 32.44, 1217]
['2019-03-28 13:42:00', 32.44, 32.43, 32.43, 32.44, 442]
['2019-03-28 13:41:00', 32.45, 32.45, 32.45, 32.45, 300]
['2019-03-28 13:40:00', 32.475, 32.46, 32.46, 32.475, 1006]
['2019-03-28 13:39:00', 32.475, 32.475, 32.475, 32.475, 200]
['2019-03-28 13:38:00', 32.46, 32.475, 32.46, 32.475, 805]
['2019-03-28 13:37:00', 32.46, 32.46, 32.46, 32.475, 1103]
['2019-03-28 13:36:00', 32.455, 32.455, 32.455, 32.455, 300]
['2019-03-28 13:35:00', 32.46, 32.45, 32.45, 32.46, 964]
['2019-03-28 13:34:00', 32.46, 32.46, 32.46, 32.46, 510]
['2019-03-28 13:33:00', 32.47, 32.46, 32.46, 32.48, 5242]
['2019-03-28 13:32:00', 32.45, 32.46, 32.45, 32.46, 2341]
['2019-03-28 13:31:00', 32.46, 32.45, 32.45, 32.46, 900]
['2019-03-28 13:30:00', 32.47, 32.46, 32.46, 32.47, 1700]
['2019-03-28 13:29:00', 32.45, 32.45, 32.45, 32.45, 100]
['2019-03-28 13:27:00', 32.46, 32.46, 32.45, 32.46, 544]
['2019-03-28 13:26:00', 32.47, 32.46, 32.46, 32.47, 906]
['2019-03-28 13:24:00', 32.49, 32.48, 32.48, 32.505, 1642]
['2019-03-28 13:23:00', 32.48, 32.47, 32.47, 32.48, 602]
['2019-03-28 13:22:00', 32.5, 32.48, 32.48, 32.5, 900]
['2019-03-28 13:21:00', 32.48, 32.48, 32.48, 32.5, 1600]
['2019-03-28 13:20:00', 32.47, 32.47, 32.47, 32.47, 300]
['2019-03-28 13:19:00', 32.47, 32.47, 32.46, 32.48, 3242]
['2019-03-28 13:18:00', 32.495, 32.46, 32.46, 32.5, 3302]
['2019-03-28 13:17:00', 32.48, 32.48, 32.48, 32.49, 2770]
['2019-03-28 13:16:00', 32.49, 32.48, 32.48, 32.5, 800]
['2019-03-28 13:15:00', 32.52, 32.5, 32.5, 32.52, 1506]
['2019-03-28 13:14:00', 32.57, 32.52, 32.52, 32.57, 2492]
['2019-03-28 13:12:00', 32.56, 32.56, 32.56, 32.56, 300]
['2019-03-28 13:11:00', 32.565, 32.575, 32.565, 32.575, 500]
['2019-03-28 13:10:00', 32.57, 32.56, 32.555, 32.57, 685]
['2019-03-28 13:09:00', 32.57, 32.57, 32.57, 32.57, 502]
['2019-03-28 13:08:00', 32.55, 32.56, 32.55, 32.56, 374]
['2019-03-28 13:06:00', 32.57, 32.55, 32.55, 32.57, 300]
['2019-03-28 13:05:00', 32.57, 32.58, 32.57, 32.58, 502]
['2019-03-28 13:04:00', 32.54, 32.55, 32.53, 32.55, 1578]
['2019-03-28 13:03:00', 32.54, 32.55, 32.54, 32.55, 897]
['2019-03-28 13:02:00', 32.48, 32.54, 32.48, 32.54, 2016]
['2019-03-28 13:01:00', 32.47, 32.47, 32.47, 32.47, 100]
['2019-03-28 13:00:00', 32.49, 32.48, 32.48, 32.49, 502]
['2019-03-28 12:59:00', 32.47, 32.47, 32.47, 32.47, 792]
['2019-03-28 12:58:00', 32.44, 32.44, 32.431, 32.44, 1280]
['2019-03-28 12:57:00', 32.45, 32.44, 32.44, 32.45, 900]
['2019-03-28 12:56:00', 32.43, 32.445, 32.43, 32.445, 1153]
['2019-03-28 12:55:00', 32.43, 32.43, 32.43, 32.43, 734]
['2019-03-28 12:54:00', 32.42, 32.44, 32.42, 32.4422, 1551]
['2019-03-28 12:53:00', 32.44, 32.42, 32.42, 32.44, 1874]
['2019-03-28 12:52:00', 32.4, 32.44, 32.4, 32.44, 2870]
['2019-03-28 12:51:00', 32.39, 32.39, 32.39, 32.39, 705]
['2019-03-28 12:50:00', 32.375, 32.385, 32.375, 32.385, 1254]
['2019-03-28 12:49:00', 32.39, 32.37, 32.37, 32.39, 1797]
['2019-03-28 12:48:00', 32.39, 32.39, 32.39, 32.39, 166]
['2019-03-28 12:47:00', 32.39, 32.39, 32.39, 32.39, 1027]
['2019-03-28 12:46:00', 32.4, 32.39, 32.39, 32.4, 604]
['2019-03-28 12:45:00', 32.41, 32.4, 32.4, 32.41, 1139]
['2019-03-28 12:44:00', 32.4, 32.41, 32.4, 32.415, 1586]
['2019-03-28 12:43:00', 32.4, 32.4, 32.4, 32.405, 1388]
['2019-03-28 12:42:00', 32.395, 32.4, 32.395, 32.4, 302]
['2019-03-28 12:41:00', 32.39, 32.39, 32.385, 32.4, 1813]
['2019-03-28 12:40:00', 32.41, 32.405, 32.405, 32.41, 438]
['2019-03-28 12:39:00', 32.41, 32.415, 32.41, 32.415, 207]
['2019-03-28 12:38:00', 32.42, 32.42, 32.42, 32.42, 1510]
['2019-03-28 12:37:00', 32.41, 32.425, 32.41, 32.43, 700]
['2019-03-28 12:35:00', 32.4, 32.42, 32.4, 32.42, 1716]
['2019-03-28 12:34:00', 32.41, 32.4, 32.4, 32.41, 746]
['2019-03-28 12:33:00', 32.42, 32.41, 32.41, 32.42, 2015]
['2019-03-28 12:32:00', 32.41, 32.42, 32.41, 32.43, 952]
['2019-03-28 12:31:00', 32.405, 32.41, 32.405, 32.41, 305]
['2019-03-28 12:30:00', 32.39, 32.41, 32.385, 32.41, 1603]
['2019-03-28 12:29:00', 32.39, 32.39, 32.385, 32.4, 1941]
['2019-03-28 12:28:00', 32.39, 32.41, 32.39, 32.41, 1813]
['2019-03-28 12:27:00', 32.39, 32.39, 32.39, 32.39, 500]
['2019-03-28 12:26:00', 32.39, 32.4, 32.39, 32.4, 304]
['2019-03-28 12:25:00', 32.4, 32.39, 32.38, 32.4, 2295]
['2019-03-28 12:24:00', 32.44, 32.4, 32.395, 32.44, 1632]
['2019-03-28 12:23:00', 32.47, 32.45, 32.45, 32.47, 3055]
['2019-03-28 12:22:00', 32.45, 32.46, 32.45, 32.46, 390]
['2019-03-28 12:21:00', 32.44, 32.44, 32.44, 32.44, 212]
['2019-03-28 12:20:00', 32.43, 32.43, 32.43, 32.43, 400]
['2019-03-28 12:19:00', 32.43, 32.42, 32.41, 32.44, 3312]
['2019-03-28 12:18:00', 32.4, 32.43, 32.4, 32.43, 815]
['2019-03-28 12:17:00', 32.39, 32.39, 32.39, 32.39, 312]
['2019-03-28 12:16:00', 32.37, 32.4, 32.37, 32.4, 500]
['2019-03-28 12:14:00', 32.36, 32.38, 32.36, 32.38, 3504]
['2019-03-28 12:13:00', 32.38, 32.38, 32.38, 32.38, 234]
['2019-03-28 12:12:00', 32.36, 32.3702, 32.36, 32.4, 3504]
['2019-03-28 12:11:00', 32.38, 32.36, 32.36, 32.38, 837]
['2019-03-28 12:10:00', 32.42, 32.4, 32.4, 32.42, 591]
['2019-03-28 12:09:00', 32.43, 32.43, 32.43, 32.43, 100]
['2019-03-28 12:08:00', 32.44, 32.44, 32.44, 32.44, 437]
['2019-03-28 12:07:00', 32.45, 32.45, 32.42, 32.45, 2259]
['2019-03-28 12:06:00', 32.44, 32.45, 32.44, 32.45, 1750]
['2019-03-28 12:05:00', 32.44, 32.425, 32.425, 32.44, 1575]
['2019-03-28 12:03:00', 32.46, 32.46, 32.46, 32.47, 767]
['2019-03-28 12:02:00', 32.46, 32.46, 32.46, 32.46, 100]
['2019-03-28 12:01:00', 32.46, 32.46, 32.46, 32.46, 100]
['2019-03-28 12:00:00', 32.41, 32.46, 32.41, 32.46, 2000]
['2019-03-28 11:59:00', 32.41, 32.41, 32.41, 32.41, 500]
['2019-03-28 11:58:00', 32.4, 32.41, 32.4, 32.41, 700]
['2019-03-28 11:57:00', 32.39, 32.39, 32.39, 32.39, 358]
['2019-03-28 11:56:00', 32.4, 32.4, 32.4, 32.4, 122]
['2019-03-28 11:55:00', 32.4, 32.4, 32.4, 32.4, 843]
['2019-03-28 11:54:00', 32.4, 32.41, 32.4, 32.41, 2022]
['2019-03-28 11:53:00', 32.43, 32.39, 32.39, 32.43, 1816]
['2019-03-28 11:52:00', 32.44, 32.44, 32.44, 32.44, 400]
['2019-03-28 11:51:00', 32.46, 32.46, 32.46, 32.46, 558]
['2019-03-28 11:50:00', 32.43, 32.43, 32.43, 32.43, 100]
['2019-03-28 11:49:00', 32.41, 32.45, 32.41, 32.45, 1300]
['2019-03-28 11:48:00', 32.38, 32.41, 32.38, 32.41, 950]
['2019-03-28 11:47:00', 32.33, 32.37, 32.33, 32.37, 1337]
['2019-03-28 11:46:00', 32.33, 32.33, 32.33, 32.33, 304]
['2019-03-28 11:45:00', 32.325, 32.31, 32.31, 32.325, 277]
['2019-03-28 11:44:00', 32.34, 32.3, 32.3, 32.34, 669]
['2019-03-28 11:43:00', 32.33, 32.33, 32.33, 32.33, 300]
['2019-03-28 11:42:00', 32.29, 32.335, 32.29, 32.335, 1150]
['2019-03-28 11:41:00', 32.3, 32.31, 32.3, 32.31, 576]
['2019-03-28 11:40:00', 32.3, 32.31, 32.3, 32.31, 1600]
['2019-03-28 11:39:00', 32.25, 32.28, 32.25, 32.28, 820]
['2019-03-28 11:38:00', 32.25, 32.24, 32.23, 32.27, 2118]
['2019-03-28 11:37:00', 32.29, 32.27, 32.27, 32.29, 718]
['2019-03-28 11:36:00', 32.3, 32.29, 32.27, 32.3, 726]
['2019-03-28 11:35:00', 32.28, 32.3, 32.27, 32.3, 605]
['2019-03-28 11:34:00', 32.27, 32.27, 32.27, 32.28, 1101]
['2019-03-28 11:33:00', 32.25, 32.27, 32.25, 32.27, 315]
['2019-03-28 11:32:00', 32.22, 32.24, 32.22, 32.24, 428]
['2019-03-28 11:31:00', 32.21, 32.2, 32.2, 32.21, 415]
['2019-03-28 11:30:00', 32.18, 32.2, 32.18, 32.2, 2246]
['2019-03-28 11:29:00', 32.23, 32.22, 32.215, 32.23, 529]
['2019-03-28 11:27:00', 32.27, 32.25, 32.24, 32.27, 2130]
['2019-03-28 11:26:00', 32.28, 32.28, 32.25, 32.28, 1516]
['2019-03-28 11:25:00', 32.27, 32.28, 32.27, 32.3, 2226]
['2019-03-28 11:24:00', 32.29, 32.27, 32.27, 32.29, 1678]
['2019-03-28 11:23:00', 32.37, 32.3201, 32.3201, 32.37, 1486]
['2019-03-28 11:22:00', 32.37, 32.37, 32.37, 32.37, 526]
['2019-03-28 11:21:00', 32.3401, 32.37, 32.34, 32.37, 1327]
['2019-03-28 11:20:00', 32.3701, 32.34, 32.34, 32.3701, 1128]
['2019-03-28 11:19:00', 32.415, 32.38, 32.38, 32.415, 1693]
['2019-03-28 11:17:00', 32.38, 32.4, 32.38, 32.4, 1620]
['2019-03-28 11:16:00', 32.43, 32.39, 32.3801, 32.43, 927]
['2019-03-28 11:15:00', 32.43, 32.44, 32.43, 32.45, 1407]
['2019-03-28 11:14:00', 32.47, 32.45, 32.45, 32.47, 544]
['2019-03-28 11:13:00', 32.48, 32.45, 32.45, 32.48, 1600]
['2019-03-28 11:12:00', 32.53, 32.54, 32.5201, 32.55, 2591]
['2019-03-28 11:11:00', 32.5, 32.52, 32.49, 32.52, 2324]
['2019-03-28 11:10:00', 32.49, 32.49, 32.485, 32.49, 600]
['2019-03-28 11:09:00', 32.46, 32.49, 32.46, 32.49, 410]
['2019-03-28 11:08:00', 32.46, 32.455, 32.455, 32.46, 307]
['2019-03-28 11:07:00', 32.4, 32.45, 32.4, 32.45, 1656]
['2019-03-28 11:06:00', 32.47, 32.435, 32.435, 32.47, 1813]
['2019-03-28 11:05:00', 32.47, 32.48, 32.47, 32.48, 721]
['2019-03-28 11:04:00', 32.45, 32.47, 32.44, 32.47, 1100]
['2019-03-28 11:03:00', 32.48, 32.46, 32.46, 32.48, 665]
['2019-03-28 11:02:00', 32.49, 32.48, 32.47, 32.49, 600]
['2019-03-28 11:01:00', 32.53, 32.5, 32.5, 32.55, 2236]
['2019-03-28 11:00:00', 32.53, 32.53, 32.53, 32.53, 747]
['2019-03-28 10:59:00', 32.55, 32.54, 32.54, 32.55, 1201]
['2019-03-28 10:58:00', 32.56, 32.56, 32.56, 32.56, 365]
['2019-03-28 10:57:00', 32.56, 32.56, 32.56, 32.56, 435]
['2019-03-28 10:56:00', 32.57, 32.57, 32.54, 32.57, 2123]
['2019-03-28 10:55:00', 32.56, 32.59, 32.56, 32.59, 1960]
['2019-03-28 10:54:00', 32.58, 32.55, 32.55, 32.58, 1135]
['2019-03-28 10:53:00', 32.6, 32.59, 32.59, 32.6, 600]
['2019-03-28 10:52:00', 32.6, 32.6, 32.6, 32.63, 2415]
['2019-03-28 10:51:00', 32.66, 32.61, 32.61, 32.66, 3100]
['2019-03-28 10:50:00', 32.67, 32.66, 32.66, 32.67, 600]
['2019-03-28 10:49:00', 32.66, 32.67, 32.65, 32.67, 515]
['2019-03-28 10:48:00', 32.69, 32.68, 32.68, 32.695, 2000]
['2019-03-28 10:47:00', 32.69, 32.7, 32.69, 32.7, 700]
['2019-03-28 10:46:00', 32.71, 32.71, 32.71, 32.71, 1000]
['2019-03-28 10:45:00', 32.76, 32.71, 32.71, 32.76, 2172]
['2019-03-28 10:44:00', 32.75, 32.78, 32.75, 32.78, 2508]
['2019-03-28 10:43:00', 32.765, 32.75, 32.75, 32.765, 1729]
['2019-03-28 10:42:00', 32.73, 32.765, 32.73, 32.77, 2334]
['2019-03-28 10:41:00', 32.7, 32.71, 32.7, 32.725, 2218]
['2019-03-28 10:40:00', 32.725, 32.72, 32.72, 32.735, 2737]
['2019-03-28 10:39:00', 32.74, 32.74, 32.74, 32.74, 874]
['2019-03-28 10:38:00', 32.74, 32.74, 32.74, 32.745, 1062]
['2019-03-28 10:37:00', 32.765, 32.74, 32.74, 32.765, 1535]
['2019-03-28 10:36:00', 32.75, 32.76, 32.75, 32.76, 896]
['2019-03-28 10:35:00', 32.78, 32.74, 32.74, 32.78, 4010]
['2019-03-28 10:34:00', 32.71, 32.77, 32.71, 32.77, 2218]
['2019-03-28 10:33:00', 32.695, 32.69, 32.69, 32.72, 1000]
['2019-03-28 10:32:00', 32.72, 32.69, 32.69, 32.72, 4152]
['2019-03-28 10:31:00', 32.76, 32.73, 32.73, 32.78, 4254]
['2019-03-28 10:30:00', 32.735, 32.7522, 32.735, 32.76, 2543]
['2019-03-28 10:29:00', 32.715, 32.73, 32.715, 32.75, 4482]
['2019-03-28 10:28:00', 32.71, 32.71, 32.69, 32.73, 5590]
['2019-03-28 10:27:00', 32.64, 32.71, 32.64, 32.715, 3179]
['2019-03-28 10:26:00', 32.69, 32.62, 32.61, 32.71, 2930]
['2019-03-28 10:25:00', 32.69, 32.68, 32.63, 32.7, 2100]
['2019-03-28 10:24:00', 32.7, 32.68, 32.64, 32.71, 1887]
['2019-03-28 10:23:00', 32.74, 32.7, 32.7, 32.77, 3045]
['2019-03-28 10:22:00', 32.72, 32.76, 32.7, 32.76, 4601]
['2019-03-28 10:21:00', 32.82, 32.69, 32.69, 32.85, 11713]
['2019-03-28 10:20:00', 32.86, 32.82, 32.82, 32.86, 2525]
['2019-03-28 10:19:00', 32.865, 32.865, 32.865, 32.865, 390]
['2019-03-28 10:17:00', 32.85, 32.85, 32.85, 32.85, 100]
['2019-03-28 10:16:00', 32.85, 32.85, 32.85, 32.86, 300]
['2019-03-28 10:15:00', 32.89, 32.85, 32.85, 32.89, 2322]
['2019-03-28 10:14:00', 32.9, 32.89, 32.89, 32.9, 704]
['2019-03-28 10:13:00', 32.94, 32.94, 32.94, 32.94, 100]
['2019-03-28 10:12:00', 32.9, 32.9, 32.9, 32.9, 100]
['2019-03-28 10:11:00', 32.94, 32.92, 32.91, 32.94, 1000]
['2019-03-28 10:10:00', 32.93, 32.92, 32.92, 32.955, 701]
['2019-03-28 10:09:00', 32.98, 32.96, 32.94, 32.98, 2005]
['2019-03-28 10:08:00', 32.98, 32.98, 32.98, 32.98, 184]
['2019-03-28 10:07:00', 32.98, 32.98, 32.98, 32.98, 212]
['2019-03-28 10:06:00', 32.975, 32.975, 32.975, 32.975, 188]
['2019-03-28 10:05:00', 32.97, 32.96, 32.96, 32.98, 502]
['2019-03-28 10:03:00', 32.94, 32.93, 32.93, 32.94, 545]
['2019-03-28 10:02:00', 32.98, 32.98, 32.98, 32.98, 165]
['2019-03-28 10:01:00', 32.98, 32.95, 32.95, 32.98, 500]
['2019-03-28 10:00:00', 32.91, 32.91, 32.91, 32.91, 110]
['2019-03-28 09:59:00', 32.99, 32.93, 32.93, 33.0, 2125]
['2019-03-28 09:57:00', 33.02, 32.95, 32.95, 33.02, 2135]
['2019-03-28 09:55:00', 33.09, 33.055, 33.055, 33.09, 868]
['2019-03-28 09:54:00', 33.12, 33.11, 33.11, 33.13, 600]
['2019-03-28 09:51:00', 33.1, 33.11, 33.1, 33.11, 1070]
['2019-03-28 09:50:00', 33.07, 33.07, 33.07, 33.07, 110]
['2019-03-28 09:49:00', 33.07, 33.09, 33.07, 33.09, 1513]
['2019-03-28 09:48:00', 33.06, 33.06, 33.06, 33.06, 378]
['2019-03-28 09:46:00', 33.05, 33.025, 33.0, 33.06, 610]
['2019-03-28 09:43:00', 32.9, 32.92, 32.9, 32.92, 1000]
['2019-03-28 09:42:00', 32.97, 32.95, 32.94, 32.97, 798]
['2019-03-28 09:41:00', 32.96, 32.91, 32.91, 32.985, 908]
['2019-03-28 09:40:00', 33.0149, 33.0149, 33.0149, 33.0149, 106]
['2019-03-28 09:39:00', 33.06, 32.99, 32.97, 33.06, 800]
['2019-03-28 09:37:00', 32.92, 33.06, 32.92, 33.06, 225]
['2019-03-28 09:35:00', 33.15, 33.15, 33.15, 33.15, 145]
['2019-03-28 09:31:00', 33.14, 33.27, 33.14, 33.74, 3635]
['2019-03-27 16:00:00', 32.77, 32.75, 32.74, 32.775, 22260]
['2019-03-27 15:59:00', 32.805, 32.77, 32.77, 32.805, 6708]
['2019-03-27 15:58:00', 32.83, 32.805, 32.8, 32.83, 11057]
['2019-03-27 15:57:00', 32.83, 32.825, 32.82, 32.835, 9352]
['2019-03-27 15:56:00', 32.81, 32.83, 32.8, 32.84, 15914]
['2019-03-27 15:55:00', 32.81, 32.8, 32.79, 32.82, 8282]
['2019-03-27 15:54:00', 32.825, 32.81, 32.81, 32.83, 7589]
['2019-03-27 15:53:00', 32.835, 32.82, 32.82, 32.84, 4707]
['2019-03-27 15:52:00', 32.82, 32.84, 32.82, 32.84, 3968]
['2019-03-27 15:51:00', 32.835, 32.82, 32.82, 32.84, 5850]
['2019-03-27 15:50:00', 32.83, 32.83, 32.83, 32.84, 1035]
['2019-03-27 15:49:00', 32.865, 32.83, 32.83, 32.87, 5658]
['2019-03-27 15:48:00', 32.87, 32.86, 32.86, 32.87, 5553]
['2019-03-27 15:47:00', 32.87, 32.87, 32.87, 32.89, 4176]
['2019-03-27 15:46:00', 32.85, 32.88, 32.85, 32.88, 6603]
['2019-03-27 15:45:00', 32.84, 32.85, 32.84, 32.86, 4672]
['2019-03-27 15:44:00', 32.86, 32.845, 32.845, 32.86, 3369]
['2019-03-27 15:43:00', 32.89, 32.86, 32.86, 32.89, 4910]
['2019-03-27 15:42:00', 32.86, 32.89, 32.855, 32.89, 6325]
['2019-03-27 15:41:00', 32.85, 32.86, 32.85, 32.86, 1211]
['2019-03-27 15:40:00', 32.84, 32.85, 32.83, 32.85, 2648]
['2019-03-27 15:39:00', 32.85, 32.84, 32.83, 32.85, 1901]
['2019-03-27 15:38:00', 32.84, 32.84, 32.84, 32.845, 2255]
['2019-03-27 15:37:00', 32.84, 32.84, 32.84, 32.85, 2753]
['2019-03-27 15:36:00', 32.81, 32.83, 32.81, 32.83, 5056]
['2019-03-27 15:35:00', 32.77, 32.81, 32.77, 32.81, 5428]
['2019-03-27 15:33:00', 32.8, 32.77, 32.77, 32.8, 1743]
['2019-03-27 15:32:00', 32.81, 32.8, 32.8, 32.82, 3056]
['2019-03-27 15:31:00', 32.79, 32.81, 32.79, 32.82, 2732]
['2019-03-27 15:30:00', 32.77, 32.79, 32.77, 32.79, 1663]
['2019-03-27 15:29:00', 32.76, 32.77, 32.755, 32.77, 1407]
['2019-03-27 15:28:00', 32.74, 32.76, 32.74, 32.76, 699]
['2019-03-27 15:27:00', 32.74, 32.74, 32.73, 32.76, 2706]
['2019-03-27 15:26:00', 32.74, 32.74, 32.74, 32.74, 635]
['2019-03-27 15:25:00', 32.74, 32.74, 32.74, 32.74, 1073]
['2019-03-27 15:24:00', 32.73, 32.75, 32.73, 32.75, 1325]
['2019-03-27 15:23:00', 32.7, 32.72, 32.7, 32.72, 2972]
['2019-03-27 15:22:00', 32.69, 32.69, 32.69, 32.69, 369]
['2019-03-27 15:21:00', 32.7, 32.69, 32.69, 32.705, 2438]
['2019-03-27 15:20:00', 32.69, 32.6999, 32.69, 32.6999, 712]
['2019-03-27 15:19:00', 32.68, 32.68, 32.68, 32.68, 774]
['2019-03-27 15:18:00', 32.69, 32.67, 32.67, 32.69, 1205]
['2019-03-27 15:17:00', 32.68, 32.69, 32.68, 32.69, 1100]
['2019-03-27 15:16:00', 32.69, 32.68, 32.68, 32.69, 1479]
['2019-03-27 15:15:00', 32.68, 32.69, 32.68, 32.69, 1053]
['2019-03-27 15:14:00', 32.67, 32.67, 32.67, 32.67, 108]
['2019-03-27 15:13:00', 32.69, 32.68, 32.68, 32.69, 2157]
['2019-03-27 15:12:00', 32.675, 32.685, 32.675, 32.685, 1276]
['2019-03-27 15:11:00', 32.67, 32.67, 32.67, 32.67, 125]
['2019-03-27 15:10:00', 32.66, 32.66, 32.66, 32.6636, 1078]
['2019-03-27 15:09:00', 32.66, 32.65, 32.63, 32.66, 3586]
['2019-03-27 15:08:00', 32.68, 32.67, 32.67, 32.68, 701]
['2019-03-27 15:07:00', 32.685, 32.68, 32.68, 32.685, 1372]
['2019-03-27 15:06:00', 32.67, 32.68, 32.67, 32.68, 1020]
['2019-03-27 15:05:00', 32.67, 32.67, 32.67, 32.67, 462]
['2019-03-27 15:04:00', 32.64, 32.66, 32.64, 32.66, 1502]
['2019-03-27 15:03:00', 32.67, 32.66, 32.66, 32.67, 1044]
['2019-03-27 15:02:00', 32.67, 32.68, 32.67, 32.68, 601]
['2019-03-27 15:01:00', 32.67, 32.66, 32.66, 32.67, 467]
['2019-03-27 15:00:00', 32.66, 32.66, 32.66, 32.67, 753]
['2019-03-27 14:59:00', 32.67, 32.66, 32.66, 32.67, 1367]
['2019-03-27 14:58:00', 32.69, 32.69, 32.68, 32.7, 1366]
['2019-03-27 14:56:00', 32.72, 32.71, 32.71, 32.72, 2245]
['2019-03-27 14:55:00', 32.71, 32.72, 32.71, 32.72, 316]
['2019-03-27 14:54:00', 32.72, 32.71, 32.71, 32.72, 762]
['2019-03-27 14:53:00', 32.72, 32.72, 32.72, 32.72, 555]
['2019-03-27 14:52:00', 32.72, 32.72, 32.7, 32.72, 1738]
['2019-03-27 14:51:00', 32.7, 32.72, 32.7, 32.72, 2039]
['2019-03-27 14:50:00', 32.69, 32.69, 32.69, 32.69, 500]
['2019-03-27 14:49:00', 32.675, 32.68, 32.675, 32.68, 1784]
['2019-03-27 14:48:00', 32.67, 32.67, 32.66, 32.67, 1122]
['2019-03-27 14:47:00', 32.675, 32.675, 32.675, 32.675, 118]
['2019-03-27 14:46:00', 32.66, 32.68, 32.66, 32.68, 866]
['2019-03-27 14:44:00', 32.66, 32.65, 32.65, 32.66, 805]
['2019-03-27 14:43:00', 32.66, 32.66, 32.65, 32.68, 4760]
['2019-03-27 14:42:00', 32.66, 32.65, 32.65, 32.66, 1816]
['2019-03-27 14:41:00', 32.635, 32.65, 32.635, 32.65, 1155]
['2019-03-27 14:40:00', 32.6364, 32.635, 32.635, 32.6364, 750]
['2019-03-27 14:39:00', 32.69, 32.64, 32.64, 32.69, 1333]
['2019-03-27 14:38:00', 32.72, 32.71, 32.7, 32.72, 2469]
['2019-03-27 14:37:00', 32.7, 32.705, 32.7, 32.705, 671]
['2019-03-27 14:36:00', 32.7, 32.7, 32.7, 32.7, 764]
['2019-03-27 14:35:00', 32.73, 32.71, 32.71, 32.73, 1756]
['2019-03-27 14:34:00', 32.73, 32.73, 32.73, 32.73, 300]
['2019-03-27 14:33:00', 32.73, 32.73, 32.73, 32.73, 1099]
['2019-03-27 14:32:00', 32.74, 32.73, 32.73, 32.74, 1239]
['2019-03-27 14:31:00', 32.71, 32.74, 32.7, 32.74, 2320]
['2019-03-27 14:30:00', 32.71, 32.71, 32.695, 32.71, 2675]
['2019-03-27 14:29:00', 32.7, 32.71, 32.7, 32.71, 631]
['2019-03-27 14:28:00', 32.7, 32.7, 32.69, 32.71, 2010]
['2019-03-27 14:27:00', 32.675, 32.7, 32.675, 32.7, 1893]
['2019-03-27 14:26:00', 32.68, 32.68, 32.68, 32.68, 1114]
['2019-03-27 14:25:00', 32.66, 32.68, 32.66, 32.68, 1083]
['2019-03-27 14:24:00', 32.64, 32.65, 32.64, 32.66, 729]
['2019-03-27 14:23:00', 32.65, 32.64, 32.64, 32.65, 1555]
['2019-03-27 14:22:00', 32.675, 32.655, 32.655, 32.68, 2769]
['2019-03-27 14:21:00', 32.68, 32.675, 32.67, 32.68, 4491]
['2019-03-27 14:20:00', 32.65, 32.67, 32.65, 32.68, 5259]
['2019-03-27 14:19:00', 32.65, 32.65, 32.65, 32.65, 701]
['2019-03-27 14:18:00', 32.655, 32.66, 32.65, 32.66, 1951]
['2019-03-27 14:17:00', 32.67, 32.65, 32.65, 32.67, 1669]
['2019-03-27 14:16:00', 32.67, 32.67, 32.67, 32.67, 287]
['2019-03-27 14:13:00', 32.64, 32.66, 32.64, 32.66, 2222]
['2019-03-27 14:12:00', 32.595, 32.65, 32.595, 32.65, 2760]
['2019-03-27 14:11:00', 32.59, 32.59, 32.59, 32.59, 408]
['2019-03-27 14:10:00', 32.58, 32.58, 32.58, 32.58, 561]
['2019-03-27 14:09:00', 32.58, 32.58, 32.58, 32.58, 412]
['2019-03-27 14:08:00', 32.59, 32.59, 32.59, 32.59, 163]
['2019-03-27 14:07:00', 32.5849, 32.58, 32.58, 32.5849, 774]
['2019-03-27 14:06:00', 32.6, 32.59, 32.59, 32.6, 562]
['2019-03-27 14:05:00', 32.61, 32.6, 32.6, 32.61, 1103]
['2019-03-27 14:04:00', 32.58, 32.61, 32.58, 32.61, 509]
['2019-03-27 14:03:00', 32.56, 32.57, 32.56, 32.57, 838]
['2019-03-27 14:02:00', 32.56, 32.56, 32.56, 32.5662, 401]
['2019-03-27 14:01:00', 32.59, 32.57, 32.57, 32.59, 838]
['2019-03-27 14:00:00', 32.59, 32.58, 32.58, 32.59, 694]
['2019-03-27 13:59:00', 32.6, 32.6, 32.6, 32.605, 1341]
['2019-03-27 13:58:00', 32.6, 32.6, 32.6, 32.6, 200]
['2019-03-27 13:57:00', 32.61, 32.61, 32.61, 32.61, 335]
['2019-03-27 13:56:00', 32.625, 32.62, 32.62, 32.625, 1001]
['2019-03-27 13:55:00', 32.6, 32.61, 32.6, 32.61, 282]
['2019-03-27 13:54:00', 32.6, 32.6, 32.6, 32.6, 620]
['2019-03-27 13:53:00', 32.61, 32.61, 32.61, 32.62, 996]
['2019-03-27 13:52:00', 32.6, 32.61, 32.6, 32.61, 1049]
['2019-03-27 13:51:00', 32.58, 32.6, 32.58, 32.62, 3353]
['2019-03-27 13:50:00', 32.6, 32.59, 32.59, 32.6, 704]
['2019-03-27 13:49:00', 32.59, 32.59, 32.59, 32.595, 1533]
['2019-03-27 13:48:00', 32.59, 32.58, 32.58, 32.59, 315]
['2019-03-27 13:47:00', 32.6, 32.59, 32.59, 32.6, 623]
['2019-03-27 13:46:00', 32.59, 32.61, 32.59, 32.63, 2116]
['2019-03-27 13:45:00', 32.56, 32.59, 32.56, 32.59, 1211]
['2019-03-27 13:44:00', 32.56, 32.55, 32.55, 32.56, 953]
['2019-03-27 13:43:00', 32.55, 32.56, 32.55, 32.56, 418]
['2019-03-27 13:42:00', 32.54, 32.55, 32.54, 32.55, 1101]
['2019-03-27 13:41:00', 32.52, 32.52, 32.52, 32.52, 501]
['2019-03-27 13:40:00', 32.51, 32.51, 32.51, 32.51, 527]
['2019-03-27 13:39:00', 32.51, 32.5, 32.5, 32.51, 584]
['2019-03-27 13:38:00', 32.5, 32.5, 32.5, 32.5, 320]
['2019-03-27 13:37:00', 32.49, 32.49, 32.49, 32.49, 417]
['2019-03-27 13:36:00', 32.53, 32.51, 32.51, 32.53, 1802]
['2019-03-27 13:35:00', 32.535, 32.535, 32.535, 32.535, 168]
['2019-03-27 13:34:00', 32.535, 32.53, 32.53, 32.535, 312]
['2019-03-27 13:33:00', 32.53, 32.53, 32.53, 32.53, 406]
['2019-03-27 13:32:00', 32.57, 32.55, 32.55, 32.58, 2986]
['2019-03-27 13:31:00', 32.57, 32.57, 32.57, 32.57, 507]
['2019-03-27 13:30:00', 32.56, 32.56, 32.56, 32.56, 300]
['2019-03-27 13:28:00', 32.54, 32.56, 32.54, 32.56, 3455]
['2019-03-27 13:27:00', 32.54, 32.53, 32.53, 32.55, 1954]
['2019-03-27 13:26:00', 32.52, 32.53, 32.52, 32.56, 3160]
['2019-03-27 13:25:00', 32.51, 32.51, 32.51, 32.51, 201]
['2019-03-27 13:24:00', 32.5, 32.5, 32.5, 32.5, 201]
['2019-03-27 13:23:00', 32.51, 32.5, 32.5, 32.51, 3062]
['2019-03-27 13:22:00', 32.51, 32.53, 32.51, 32.53, 1535]
['2019-03-27 13:21:00', 32.51, 32.51, 32.51, 32.51, 542]
['2019-03-27 13:20:00', 32.5, 32.51, 32.5, 32.52, 833]
['2019-03-27 13:19:00', 32.49, 32.5, 32.49, 32.51, 6096]
['2019-03-27 13:18:00', 32.5, 32.5, 32.5, 32.5, 907]
['2019-03-27 13:17:00', 32.51, 32.51, 32.51, 32.51, 331]
['2019-03-27 13:16:00', 32.51, 32.51, 32.51, 32.51, 437]
['2019-03-27 13:15:00', 32.46, 32.52, 32.46, 32.53, 2325]
['2019-03-27 13:14:00', 32.41, 32.46, 32.41, 32.46, 1880]
['2019-03-27 13:13:00', 32.4, 32.41, 32.4, 32.41, 323]
['2019-03-27 13:12:00', 32.39, 32.4, 32.39, 32.4, 654]
['2019-03-27 13:11:00', 32.38, 32.38, 32.38, 32.38, 130]
['2019-03-27 13:10:00', 32.41, 32.375, 32.375, 32.41, 1863]
['2019-03-27 13:09:00', 32.4, 32.41, 32.395, 32.41, 2774]
['2019-03-27 13:08:00', 32.4, 32.41, 32.39, 32.41, 4172]
['2019-03-27 13:07:00', 32.39, 32.4, 32.39, 32.4, 200]
['2019-03-27 13:06:00', 32.37, 32.37, 32.37, 32.37, 449]
['2019-03-27 13:04:00', 32.4, 32.39, 32.38, 32.4, 2904]
['2019-03-27 13:03:00', 32.395, 32.395, 32.395, 32.395, 100]
['2019-03-27 13:02:00', 32.39, 32.39, 32.39, 32.39, 119]
['2019-03-27 13:01:00', 32.39, 32.39, 32.39, 32.39, 112]
['2019-03-27 13:00:00', 32.41, 32.4, 32.4, 32.41, 1633]
['2019-03-27 12:59:00', 32.41, 32.41, 32.41, 32.41, 100]
['2019-03-27 12:58:00', 32.43, 32.42, 32.42, 32.43, 1300]
['2019-03-27 12:56:00', 32.44, 32.43, 32.42, 32.44, 735]
['2019-03-27 12:55:00', 32.45, 32.45, 32.45, 32.45, 201]
['2019-03-27 12:54:00', 32.47, 32.46, 32.46, 32.47, 1189]
['2019-03-27 12:53:00', 32.43, 32.48, 32.43, 32.48, 1128]
['2019-03-27 12:52:00', 32.39, 32.41, 32.39, 32.41, 643]
['2019-03-27 12:51:00', 32.4, 32.39, 32.375, 32.4, 1356]
['2019-03-27 12:50:00', 32.39, 32.39, 32.39, 32.4, 1818]
['2019-03-27 12:49:00', 32.37, 32.37, 32.37, 32.37, 100]
['2019-03-27 12:48:00', 32.38, 32.38, 32.38, 32.38, 291]
['2019-03-27 12:47:00', 32.37, 32.36, 32.36, 32.37, 461]
['2019-03-27 12:46:00', 32.4, 32.39, 32.39, 32.4, 2791]
['2019-03-27 12:45:00', 32.385, 32.41, 32.385, 32.41, 300]
['2019-03-27 12:44:00', 32.35, 32.35, 32.35, 32.35, 832]
['2019-03-27 12:43:00', 32.33, 32.34, 32.33, 32.34, 747]
['2019-03-27 12:42:00', 32.33, 32.32, 32.32, 32.33, 404]
['2019-03-27 12:41:00', 32.36, 32.3, 32.3, 32.36, 1364]
['2019-03-27 12:40:00', 32.37, 32.36, 32.35, 32.37, 605]
['2019-03-27 12:39:00', 32.35, 32.35, 32.34, 32.35, 1898]
['2019-03-27 12:38:00', 32.35, 32.35, 32.34, 32.35, 552]
['2019-03-27 12:37:00', 32.33, 32.34, 32.33, 32.34, 1111]
['2019-03-27 12:36:00', 32.33, 32.32, 32.32, 32.33, 1029]
['2019-03-27 12:35:00', 32.33, 32.33, 32.33, 32.33, 370]
['2019-03-27 12:34:00', 32.32, 32.32, 32.32, 32.32, 141]
['2019-03-27 12:33:00', 32.3, 32.31, 32.3, 32.31, 1013]
['2019-03-27 12:32:00', 32.3, 32.29, 32.29, 32.31, 2238]
['2019-03-27 12:31:00', 32.28, 32.29, 32.28, 32.31, 5231]
['2019-03-27 12:30:00', 32.25, 32.28, 32.25, 32.28, 1441]
['2019-03-27 12:29:00', 32.27, 32.26, 32.25, 32.27, 906]
['2019-03-27 12:28:00', 32.28, 32.27, 32.27, 32.28, 496]
['2019-03-27 12:27:00', 32.25, 32.27, 32.25, 32.27, 1289]
['2019-03-27 12:26:00', 32.25, 32.24, 32.24, 32.25, 1140]
['2019-03-27 12:25:00', 32.22, 32.25, 32.22, 32.25, 1669]
['2019-03-27 12:24:00', 32.26, 32.23, 32.23, 32.26, 1272]
['2019-03-27 12:22:00', 32.26, 32.27, 32.26, 32.27, 504]
['2019-03-27 12:21:00', 32.22, 32.27, 32.22, 32.27, 2204]
['2019-03-27 12:20:00', 32.18, 32.21, 32.18, 32.21, 1485]
['2019-03-27 12:19:00', 32.2, 32.2, 32.195, 32.21, 1388]
['2019-03-27 12:18:00', 32.2, 32.2, 32.2, 32.2, 214]
['2019-03-27 12:17:00', 32.22, 32.21, 32.21, 32.23, 2800]
['2019-03-27 12:16:00', 32.19, 32.2, 32.19, 32.2, 677]
['2019-03-27 12:15:00', 32.18, 32.18, 32.18, 32.18, 190]
['2019-03-27 12:14:00', 32.22, 32.2, 32.2, 32.23, 1176]
['2019-03-27 12:13:00', 32.2, 32.22, 32.2, 32.22, 1693]
['2019-03-27 12:12:00', 32.19, 32.19, 32.19, 32.19, 153]
['2019-03-27 12:11:00', 32.19, 32.21, 32.19, 32.21, 1206]
['2019-03-27 12:10:00', 32.21, 32.2, 32.2, 32.21, 745]
['2019-03-27 12:08:00', 32.2, 32.2, 32.2, 32.21, 1254]
['2019-03-27 12:07:00', 32.19, 32.19, 32.19, 32.19, 641]
['2019-03-27 12:06:00', 32.15, 32.2, 32.15, 32.2, 938]
['2019-03-27 12:05:00', 32.11, 32.13, 32.1, 32.13, 5473]
['2019-03-27 12:01:00', 32.1, 32.1, 32.1, 32.1, 100]
['2019-03-27 12:00:00', 32.09, 32.09, 32.09, 32.09, 613]
['2019-03-27 11:58:00', 32.11, 32.11, 32.11, 32.11, 100]
['2019-03-27 11:57:00', 32.06, 32.09, 32.06, 32.09, 1500]
['2019-03-27 11:55:00', 32.02, 32.02, 32.02, 32.02, 282]
['2019-03-27 11:54:00', 32.02, 32.0, 32.0, 32.02, 532]
['2019-03-27 11:53:00', 32.03, 32.03, 32.03, 32.03, 491]
['2019-03-27 11:52:00', 32.07, 32.05, 32.05, 32.07, 441]
['2019-03-27 11:51:00', 32.0, 32.05, 32.0, 32.05, 386]
['2019-03-27 11:49:00', 32.0, 32.0, 32.0, 32.0, 322]
['2019-03-27 11:47:00', 31.98, 32.0, 31.98, 32.0, 416]
['2019-03-27 11:46:00', 31.98, 31.98, 31.98, 31.98, 400]
['2019-03-27 11:45:00', 32.0, 31.98, 31.97, 32.0, 530]
['2019-03-27 11:44:00', 32.05, 32.0, 32.0, 32.05, 3315]
['2019-03-27 11:43:00', 32.06, 32.04, 32.04, 32.06, 995]
['2019-03-27 11:42:00', 32.03, 32.06, 32.03, 32.06, 1108]
['2019-03-27 11:41:00', 31.99, 32.04, 31.99, 32.04, 1642]
['2019-03-27 11:40:00', 31.98, 31.98, 31.95, 31.98, 1530]
['2019-03-27 11:39:00', 31.97, 31.96, 31.96, 31.97, 879]
['2019-03-27 11:38:00', 31.97, 32.0, 31.97, 32.0, 797]
['2019-03-27 11:37:00', 31.97, 31.99, 31.97, 31.99, 369]
['2019-03-27 11:36:00', 31.97, 31.97, 31.95, 31.98, 2034]
['2019-03-27 11:35:00', 32.06, 32.0, 31.95, 32.06, 7981]
['2019-03-27 11:34:00', 32.07, 32.0845, 32.07, 32.09, 1244]
['2019-03-27 11:33:00', 32.1, 32.07, 32.07, 32.11, 1054]
['2019-03-27 11:32:00', 32.1, 32.09, 32.09, 32.1, 431]
['2019-03-27 11:31:00', 32.09, 32.09, 32.07, 32.09, 1200]
['2019-03-27 11:30:00', 32.07, 32.09, 32.07, 32.09, 2021]
['2019-03-27 11:29:00', 32.09, 32.08, 32.08, 32.09, 2321]
['2019-03-27 11:28:00', 32.09, 32.1, 32.09, 32.12, 1323]
['2019-03-27 11:27:00', 32.11, 32.07, 32.07, 32.11, 2911]
['2019-03-27 11:26:00', 32.16, 32.15, 32.15, 32.16, 1642]
['2019-03-27 11:25:00', 32.14, 32.157, 32.14, 32.16, 899]
['2019-03-27 11:24:00', 32.17, 32.13, 32.13, 32.17, 1400]
['2019-03-27 11:23:00', 32.19, 32.19, 32.19, 32.19, 453]
['2019-03-27 11:22:00', 32.19, 32.19, 32.18, 32.19, 518]
['2019-03-27 11:21:00', 32.18, 32.18, 32.17, 32.18, 639]
['2019-03-27 11:20:00', 32.19, 32.19, 32.18, 32.19, 1028]
['2019-03-27 11:19:00', 32.2, 32.2, 32.19, 32.2, 450]
['2019-03-27 11:18:00', 32.18, 32.19, 32.18, 32.2, 600]
['2019-03-27 11:17:00', 32.21, 32.17, 32.17, 32.21, 1889]
['2019-03-27 11:16:00', 32.22, 32.22, 32.2, 32.23, 3212]
['2019-03-27 11:15:00', 32.24, 32.22, 32.22, 32.24, 1731]
['2019-03-27 11:14:00', 32.25, 32.25, 32.24, 32.25, 2065]
['2019-03-27 11:13:00', 32.27, 32.24, 32.24, 32.28, 962]
['2019-03-27 11:12:00', 32.29, 32.29, 32.29, 32.31, 801]
['2019-03-27 11:11:00', 32.31, 32.3032, 32.3, 32.31, 502]
['2019-03-27 11:10:00', 32.32, 32.3, 32.28, 32.32, 1004]
['2019-03-27 11:09:00', 32.34, 32.33, 32.33, 32.34, 492]
['2019-03-27 11:08:00', 32.35, 32.37, 32.35, 32.37, 527]
['2019-03-27 11:07:00', 32.35, 32.35, 32.32, 32.35, 302]
['2019-03-27 11:06:00', 32.34, 32.34, 32.34, 32.34, 451]
['2019-03-27 11:05:00', 32.39, 32.39, 32.39, 32.39, 514]
['2019-03-27 11:04:00', 32.43, 32.43, 32.43, 32.43, 100]
['2019-03-27 11:03:00', 32.46, 32.44, 32.44, 32.46, 803]
['2019-03-27 11:02:00', 32.475, 32.47, 32.47, 32.48, 1887]
['2019-03-27 11:01:00', 32.45, 32.45, 32.45, 32.45, 100]
['2019-03-27 11:00:00', 32.47, 32.47, 32.47, 32.475, 790]
['2019-03-27 10:59:00', 32.44, 32.46, 32.44, 32.46, 534]
['2019-03-27 10:57:00', 32.46, 32.46, 32.43, 32.46, 1477]
['2019-03-27 10:56:00', 32.47, 32.46, 32.46, 32.47, 263]
['2019-03-27 10:55:00', 32.47, 32.48, 32.47, 32.48, 965]
['2019-03-27 10:54:00', 32.47, 32.46, 32.45, 32.47, 2202]
['2019-03-27 10:53:00', 32.46, 32.47, 32.46, 32.47, 645]
['2019-03-27 10:52:00', 32.49, 32.49, 32.49, 32.49, 500]
['2019-03-27 10:51:00', 32.42, 32.43, 32.42, 32.43, 1025]
['2019-03-27 10:49:00', 32.4, 32.41, 32.4, 32.41, 300]
['2019-03-27 10:48:00', 32.39, 32.39, 32.39, 32.39, 517]
['2019-03-27 10:47:00', 32.38, 32.39, 32.38, 32.39, 735]
['2019-03-27 10:46:00', 32.4, 32.4, 32.4, 32.4, 719]
['2019-03-27 10:44:00', 32.45, 32.42, 32.42, 32.47, 2738]
['2019-03-27 10:43:00', 32.51, 32.48, 32.47, 32.52, 3366]
['2019-03-27 10:42:00', 32.53, 32.53, 32.53, 32.53, 449]
['2019-03-27 10:41:00', 32.5, 32.53, 32.49, 32.53, 1887]
['2019-03-27 10:40:00', 32.49, 32.51, 32.49, 32.51, 1305]
['2019-03-27 10:39:00', 32.48, 32.48, 32.48, 32.48, 102]
['2019-03-27 10:38:00', 32.49, 32.48, 32.48, 32.49, 960]
['2019-03-27 10:37:00', 32.53, 32.49, 32.49, 32.53, 796]
['2019-03-27 10:36:00', 32.53, 32.53, 32.53, 32.53, 100]
['2019-03-27 10:35:00', 32.52, 32.52, 32.52, 32.53, 1304]
['2019-03-27 10:34:00', 32.5, 32.52, 32.5, 32.52, 600]
['2019-03-27 10:33:00', 32.5, 32.5, 32.5, 32.5, 122]
['2019-03-27 10:32:00', 32.57, 32.54, 32.54, 32.57, 664]
['2019-03-27 10:31:00', 32.57, 32.57, 32.57, 32.57, 301]
['2019-03-27 10:30:00', 32.55, 32.54, 32.54, 32.56, 1097]
['2019-03-27 10:29:00', 32.55, 32.53, 32.53, 32.55, 218]
['2019-03-27 10:27:00', 32.57, 32.57, 32.57, 32.57, 602]
['2019-03-27 10:26:00', 32.605, 32.59, 32.59, 32.605, 539]
['2019-03-27 10:25:00', 32.605, 32.605, 32.605, 32.62, 884]
['2019-03-27 10:24:00', 32.6, 32.6, 32.6, 32.6, 307]
['2019-03-27 10:23:00', 32.6, 32.6, 32.6, 32.6, 200]
['2019-03-27 10:22:00', 32.61, 32.59, 32.59, 32.61, 300]
['2019-03-27 10:20:00', 32.59, 32.59, 32.59, 32.59, 403]
['2019-03-27 10:19:00', 32.58, 32.58, 32.58, 32.58, 101]
['2019-03-27 10:18:00', 32.56, 32.58, 32.56, 32.58, 570]
['2019-03-27 10:17:00', 32.55, 32.55, 32.55, 32.55, 313]
['2019-03-27 10:16:00', 32.54, 32.54, 32.54, 32.54, 225]
['2019-03-27 10:15:00', 32.54, 32.54, 32.54, 32.54, 156]
['2019-03-27 10:14:00', 32.53, 32.52, 32.52, 32.54, 1177]
['2019-03-27 10:13:00', 32.48, 32.44, 32.44, 32.48, 300]
['2019-03-27 10:12:00', 32.48, 32.48, 32.48, 32.48, 100]
['2019-03-27 10:11:00', 32.46, 32.47, 32.46, 32.47, 201]
['2019-03-27 10:10:00', 32.46, 32.46, 32.44, 32.46, 787]
['2019-03-27 10:09:00', 32.48, 32.48, 32.48, 32.48, 136]
['2019-03-27 10:08:00', 32.45, 32.46, 32.435, 32.48, 1740]
['2019-03-27 10:07:00', 32.42, 32.41, 32.41, 32.42, 201]
['2019-03-27 10:06:00', 32.5, 32.38, 32.38, 32.5, 22283]
['2019-03-27 10:04:00', 32.49, 32.49, 32.47, 32.515, 1890]
['2019-03-27 10:03:00', 32.51, 32.51, 32.51, 32.51, 100]
['2019-03-27 10:01:00', 32.52, 32.52, 32.52, 32.52, 118]
['2019-03-27 10:00:00', 32.56, 32.53, 32.53, 32.56, 252]
['2019-03-27 09:58:00', 32.54, 32.6, 32.54, 32.6, 684]
['2019-03-27 09:57:00', 32.5603, 32.53, 32.53, 32.5603, 570]
['2019-03-27 09:56:00', 32.59, 32.59, 32.59, 32.59, 311]
['2019-03-27 09:55:00', 32.5907, 32.605, 32.56, 32.61, 1671]
['2019-03-27 09:54:00', 32.62, 32.59, 32.59, 32.62, 6354]
['2019-03-27 09:53:00', 32.64, 32.64, 32.64, 32.64, 400]
['2019-03-27 09:52:00', 32.64, 32.61, 32.61, 32.64, 211]
['2019-03-27 09:51:00', 32.61, 32.61, 32.61, 32.61, 202]
['2019-03-27 09:50:00', 32.52, 32.58, 32.52, 32.58, 433]
['2019-03-27 09:49:00', 32.58, 32.53, 32.53, 32.58, 523]
['2019-03-27 09:48:00', 32.63, 32.56, 32.56, 32.63, 526]
['2019-03-27 09:47:00', 32.63, 32.63, 32.63, 32.63, 100]
['2019-03-27 09:46:00', 32.665, 32.665, 32.665, 32.665, 173]
['2019-03-27 09:45:00', 32.69, 32.63, 32.63, 32.69, 1100]
['2019-03-27 09:44:00', 32.78, 32.775, 32.775, 32.78, 456]
['2019-03-27 09:43:00', 32.63, 32.64, 32.62, 32.64, 1739]
['2019-03-27 09:31:00', 32.62, 32.62, 32.62, 32.62, 2314]
['2019-03-26 16:00:00', 32.61, 32.62, 32.61, 32.62, 8317]
['2019-03-26 15:59:00', 32.58, 32.61, 32.58, 32.61, 7932]
['2019-03-26 15:58:00', 32.56, 32.57, 32.56, 32.57, 3259]
['2019-03-26 15:57:00', 32.55, 32.56, 32.55, 32.56, 2886]
['2019-03-26 15:56:00', 32.54, 32.52, 32.52, 32.55, 5738]
['2019-03-26 15:55:00', 32.53, 32.51, 32.49, 32.53, 12239]
['2019-03-26 15:54:00', 32.54, 32.54, 32.54, 32.55, 3048]
['2019-03-26 15:53:00', 32.54, 32.54, 32.54, 32.55, 2748]
['2019-03-26 15:52:00', 32.48, 32.52, 32.48, 32.52, 23522]
['2019-03-26 15:51:00', 32.47, 32.48, 32.47, 32.49, 5357]
['2019-03-26 15:50:00', 32.47, 32.46, 32.46, 32.47, 2999]
['2019-03-26 15:48:00', 32.43, 32.46, 32.43, 32.46, 1675]
['2019-03-26 15:47:00', 32.39, 32.43, 32.39, 32.43, 3357]
['2019-03-26 15:46:00', 32.39, 32.39, 32.39, 32.39, 1656]
['2019-03-26 15:45:00', 32.41, 32.395, 32.395, 32.41, 3946]
['2019-03-26 15:44:00', 32.39, 32.41, 32.39, 32.41, 3379]
['2019-03-26 15:43:00', 32.42, 32.41, 32.41, 32.42, 4370]
['2019-03-26 15:42:00', 32.43, 32.43, 32.43, 32.43, 2356]
['2019-03-26 15:41:00', 32.44, 32.43, 32.42, 32.44, 2945]
['2019-03-26 15:40:00', 32.42, 32.43, 32.42, 32.43, 2160]
['2019-03-26 15:39:00', 32.4, 32.405, 32.4, 32.405, 2611]
['2019-03-26 15:37:00', 32.38, 32.38, 32.38, 32.38, 876]
['2019-03-26 15:36:00', 32.38, 32.38, 32.38, 32.38, 2072]
['2019-03-26 15:35:00', 32.37, 32.36, 32.36, 32.37, 2839]
['2019-03-26 15:34:00', 32.39, 32.37, 32.37, 32.39, 3452]
['2019-03-26 15:33:00', 32.39, 32.39, 32.39, 32.39, 705]
['2019-03-26 15:32:00', 32.4, 32.4, 32.4, 32.4, 3145]
['2019-03-26 15:31:00', 32.39, 32.39, 32.39, 32.39, 1315]
['2019-03-26 15:29:00', 32.4, 32.4, 32.4, 32.4, 1235]
['2019-03-26 15:28:00', 32.39, 32.4, 32.39, 32.4, 1302]
['2019-03-26 15:27:00', 32.38, 32.38, 32.38, 32.38, 1856]
['2019-03-26 15:26:00', 32.39, 32.37, 32.36, 32.39, 4015]
['2019-03-26 15:25:00', 32.385, 32.39, 32.385, 32.39, 1266]
['2019-03-26 15:24:00', 32.39, 32.4, 32.39, 32.4, 1477]
['2019-03-26 15:23:00', 32.41, 32.41, 32.4, 32.41, 2627]
['2019-03-26 15:22:00', 32.42, 32.41, 32.41, 32.42, 1899]
['2019-03-26 15:21:00', 32.41, 32.44, 32.41, 32.44, 1527]
['2019-03-26 15:20:00', 32.44, 32.44, 32.44, 32.44, 1365]
['2019-03-26 15:19:00', 32.49, 32.49, 32.49, 32.49, 626]
['2019-03-26 15:18:00', 32.48, 32.48, 32.48, 32.48, 902]
['2019-03-26 15:17:00', 32.49, 32.485, 32.485, 32.49, 1113]
['2019-03-26 15:16:00', 32.49, 32.49, 32.49, 32.49, 900]
['2019-03-26 15:15:00', 32.49, 32.49, 32.49, 32.5, 3055]
['2019-03-26 15:14:00', 32.5, 32.5, 32.5, 32.5, 310]
['2019-03-26 15:13:00', 32.51, 32.51, 32.51, 32.51, 600]
['2019-03-26 15:12:00', 32.5, 32.5, 32.5, 32.5, 1199]
['2019-03-26 15:11:00', 32.51, 32.51, 32.51, 32.51, 813]
['2019-03-26 15:10:00', 32.53, 32.53, 32.53, 32.53, 1009]
['2019-03-26 15:09:00', 32.51, 32.525, 32.51, 32.525, 5311]
['2019-03-26 15:08:00', 32.475, 32.46, 32.46, 32.475, 7886]
['2019-03-26 15:07:00', 32.46, 32.46, 32.46, 32.46, 313]
['2019-03-26 15:06:00', 32.46, 32.46, 32.46, 32.46, 877]
['2019-03-26 15:05:00', 32.49, 32.49, 32.49, 32.49, 593]
['2019-03-26 15:03:00', 32.47, 32.47, 32.47, 32.47, 995]
['2019-03-26 15:02:00', 32.47, 32.47, 32.47, 32.47, 1089]
['2019-03-26 15:01:00', 32.43, 32.43, 32.43, 32.43, 744]
['2019-03-26 15:00:00', 32.4, 32.4, 32.4, 32.4, 886]
['2019-03-26 14:59:00', 32.39, 32.39, 32.39, 32.4, 2157]
['2019-03-26 14:58:00', 32.38, 32.38, 32.38, 32.38, 757]
['2019-03-26 14:57:00', 32.34, 32.35, 32.34, 32.35, 1560]
['2019-03-26 14:56:00', 32.31, 32.32, 32.31, 32.32, 1677]
['2019-03-26 14:55:00', 32.34, 32.33, 32.33, 32.34, 1207]
['2019-03-26 14:54:00', 32.36, 32.36, 32.34, 32.36, 3534]
['2019-03-26 14:53:00', 32.38, 32.38, 32.38, 32.38, 600]
['2019-03-26 14:52:00', 32.39, 32.39, 32.39, 32.39, 563]
['2019-03-26 14:51:00', 32.4, 32.4, 32.4, 32.4, 1034]
['2019-03-26 14:50:00', 32.41, 32.41, 32.41, 32.41, 544]
['2019-03-26 14:49:00', 32.42, 32.4, 32.4, 32.42, 1301]
['2019-03-26 14:48:00', 32.42, 32.42, 32.42, 32.42, 445]
['2019-03-26 14:47:00', 32.41, 32.41, 32.41, 32.41, 490]
['2019-03-26 14:46:00', 32.4, 32.4, 32.4, 32.4, 419]
['2019-03-26 14:45:00', 32.41, 32.42, 32.41, 32.42, 9469]
['2019-03-26 14:44:00', 32.47, 32.4, 32.4, 32.47, 8015]
['2019-03-26 14:43:00', 32.485, 32.485, 32.485, 32.485, 2811]
['2019-03-26 14:42:00', 32.45, 32.45, 32.45, 32.45, 557]
['2019-03-26 14:40:00', 32.45, 32.45, 32.45, 32.45, 517]
['2019-03-26 14:38:00', 32.47, 32.47, 32.47, 32.47, 602]
['2019-03-26 14:37:00', 32.44, 32.44, 32.44, 32.44, 454]
['2019-03-26 14:35:00', 32.43, 32.43, 32.43, 32.43, 766]
['2019-03-26 14:32:00', 32.41, 32.41, 32.41, 32.41, 337]
['2019-03-26 14:29:00', 32.44, 32.44, 32.44, 32.44, 210]
['2019-03-26 14:28:00', 32.44, 32.44, 32.44, 32.44, 349]
['2019-03-26 14:27:00', 32.43, 32.43, 32.43, 32.43, 489]
['2019-03-26 14:24:00', 32.44, 32.44, 32.44, 32.44, 452]
['2019-03-26 14:23:00', 32.43, 32.43, 32.43, 32.43, 321]
['2019-03-26 14:20:00', 32.43, 32.44, 32.43, 32.44, 469]
['2019-03-26 14:18:00', 32.44, 32.44, 32.44, 32.44, 403]
['2019-03-26 14:17:00', 32.4021, 32.4021, 32.4021, 32.4021, 370]
['2019-03-26 14:14:00', 32.4, 32.4, 32.4, 32.4, 364]
['2019-03-26 14:11:00', 32.38, 32.38, 32.38, 32.38, 1540]
['2019-03-26 14:10:00', 32.39, 32.39, 32.39, 32.39, 1305]
['2019-03-26 14:06:00', 32.34, 32.34, 32.34, 32.34, 488]
['2019-03-26 14:04:00', 32.33, 32.33, 32.33, 32.33, 440]
['2019-03-26 14:03:00', 32.38, 32.35, 32.35, 32.38, 457]
['2019-03-26 14:02:00', 32.37, 32.37, 32.37, 32.37, 177]
['2019-03-26 14:01:00', 32.37, 32.37, 32.37, 32.37, 767]
['2019-03-26 14:00:00', 32.3697, 32.3697, 32.3697, 32.3697, 539]
['2019-03-26 13:59:00', 32.38, 32.38, 32.38, 32.38, 1097]
['2019-03-26 13:58:00', 32.41, 32.41, 32.41, 32.41, 427]
['2019-03-26 13:57:00', 32.42, 32.42, 32.42, 32.42, 764]
['2019-03-26 13:55:00', 32.43, 32.43, 32.43, 32.43, 315]
['2019-03-26 13:53:00', 32.43, 32.43, 32.43, 32.43, 926]
['2019-03-26 13:50:00', 32.46, 32.46, 32.46, 32.46, 449]
['2019-03-26 13:49:00', 32.46, 32.44, 32.44, 32.46, 371]
['2019-03-26 13:45:00', 32.42, 32.42, 32.42, 32.42, 409]
['2019-03-26 13:42:00', 32.43, 32.43, 32.43, 32.43, 335]
['2019-03-26 13:40:00', 32.41, 32.42, 32.41, 32.42, 1612]
['2019-03-26 13:38:00', 32.43, 32.42, 32.42, 32.43, 2684]
['2019-03-26 13:37:00', 32.44, 32.44, 32.44, 32.44, 3577]
['2019-03-26 13:36:00', 32.46, 32.46, 32.46, 32.46, 215]
['2019-03-26 13:34:00', 32.48, 32.48, 32.48, 32.48, 400]
['2019-03-26 13:33:00', 32.48, 32.48, 32.48, 32.48, 442]
['2019-03-26 13:29:00', 32.5, 32.505, 32.5, 32.505, 698]
['2019-03-26 13:27:00', 32.4764, 32.4764, 32.4764, 32.4764, 270]
['2019-03-26 13:26:00', 32.475, 32.475, 32.475, 32.475, 911]
['2019-03-26 13:25:00', 32.47, 32.48, 32.47, 32.48, 1155]
['2019-03-26 13:24:00', 32.46, 32.46, 32.46, 32.46, 104]
['2019-03-26 13:22:00', 32.47, 32.47, 32.47, 32.47, 300]
['2019-03-26 13:21:00', 32.5, 32.5, 32.5, 32.5, 493]
['2019-03-26 13:18:00', 32.48, 32.485, 32.48, 32.485, 590]
['2019-03-26 13:15:00', 32.49, 32.49, 32.49, 32.49, 311]
['2019-03-26 13:14:00', 32.48, 32.48, 32.48, 32.48, 1367]
['2019-03-26 13:13:00', 32.48, 32.48, 32.48, 32.48, 406]
['2019-03-26 13:12:00', 32.5, 32.5, 32.5, 32.5, 439]
['2019-03-26 13:09:00', 32.467, 32.467, 32.467, 32.467, 368]
['2019-03-26 13:08:00', 32.44, 32.44, 32.44, 32.44, 296]
['2019-03-26 13:07:00', 32.43, 32.43, 32.43, 32.43, 204]
['2019-03-26 13:04:00', 32.41, 32.41, 32.41, 32.41, 607]
['2019-03-26 13:03:00', 32.36, 32.36, 32.36, 32.36, 192]
['2019-03-26 13:02:00', 32.37, 32.37, 32.37, 32.37, 265]
['2019-03-26 13:01:00', 32.37, 32.37, 32.37, 32.37, 1332]
['2019-03-26 13:00:00', 32.37, 32.37, 32.37, 32.37, 673]
['2019-03-26 12:59:00', 32.36, 32.36, 32.36, 32.36, 473]
['2019-03-26 12:58:00', 32.375, 32.375, 32.375, 32.375, 330]
['2019-03-26 12:57:00', 32.39, 32.39, 32.39, 32.39, 862]
['2019-03-26 12:56:00', 32.4, 32.39, 32.39, 32.4, 1353]
['2019-03-26 12:55:00', 32.39, 32.39, 32.39, 32.39, 810]
['2019-03-26 12:54:00', 32.38, 32.38, 32.38, 32.38, 536]
['2019-03-26 12:53:00', 32.37, 32.37, 32.37, 32.37, 600]
['2019-03-26 12:52:00', 32.39, 32.36, 32.36, 32.39, 1750]
['2019-03-26 12:51:00', 32.36, 32.36, 32.36, 32.36, 886]
['2019-03-26 12:50:00', 32.38, 32.38, 32.38, 32.38, 1031]
['2019-03-26 12:49:00', 32.38, 32.38, 32.38, 32.38, 826]
['2019-03-26 12:47:00', 32.39, 32.39, 32.39, 32.39, 418]
['2019-03-26 12:46:00', 32.39, 32.39, 32.39, 32.39, 400]
['2019-03-26 12:45:00', 32.41, 32.41, 32.41, 32.41, 501]
['2019-03-26 12:43:00', 32.42, 32.42, 32.42, 32.42, 363]
['2019-03-26 12:40:00', 32.45, 32.44, 32.44, 32.45, 897]
['2019-03-26 12:39:00', 32.46, 32.46, 32.46, 32.46, 100]
['2019-03-26 12:37:00', 32.45, 32.45, 32.45, 32.45, 835]
['2019-03-26 12:36:00', 32.46, 32.46, 32.46, 32.46, 601]
['2019-03-26 12:34:00', 32.49, 32.49, 32.49, 32.49, 1373]
['2019-03-26 12:32:00', 32.47, 32.47, 32.47, 32.47, 310]
['2019-03-26 12:27:00', 32.47, 32.47, 32.47, 32.47, 520]
['2019-03-26 12:24:00', 32.47, 32.47, 32.47, 32.47, 334]
['2019-03-26 12:21:00', 32.56, 32.56, 32.56, 32.56, 230]
['2019-03-26 12:19:00', 32.6, 32.6, 32.6, 32.6, 306]
['2019-03-26 12:18:00', 32.6, 32.6, 32.6, 32.6, 489]
['2019-03-26 12:14:00', 32.57, 32.57, 32.57, 32.57, 577]
['2019-03-26 12:12:00', 32.58, 32.58, 32.58, 32.58, 156]
['2019-03-26 12:11:00', 32.58, 32.58, 32.58, 32.58, 737]
['2019-03-26 12:10:00', 32.58, 32.58, 32.58, 32.58, 487]
['2019-03-26 12:09:00', 32.58, 32.59, 32.58, 32.59, 1314]
['2019-03-26 12:08:00', 32.6, 32.6, 32.6, 32.6, 759]
['2019-03-26 12:07:00', 32.59, 32.59, 32.59, 32.59, 541]
['2019-03-26 12:06:00', 32.58, 32.58, 32.58, 32.58, 620]
['2019-03-26 12:05:00', 32.58, 32.58, 32.58, 32.58, 300]
['2019-03-26 12:03:00', 32.58, 32.58, 32.58, 32.58, 1863]
['2019-03-26 12:00:00', 32.54, 32.54, 32.54, 32.54, 496]
['2019-03-26 11:59:00', 32.55, 32.55, 32.55, 32.55, 152]
['2019-03-26 11:58:00', 32.54, 32.54, 32.54, 32.54, 214]
['2019-03-26 11:57:00', 32.54, 32.54, 32.54, 32.54, 123]
['2019-03-26 11:55:00', 32.54, 32.54, 32.54, 32.54, 606]
['2019-03-26 11:54:00', 32.53, 32.53, 32.53, 32.53, 797]
['2019-03-26 11:50:00', 32.58, 32.58, 32.58, 32.58, 559]
['2019-03-26 11:48:00', 32.6, 32.6, 32.6, 32.6, 1051]
['2019-03-26 11:47:00', 32.66, 32.66, 32.66, 32.66, 1336]
['2019-03-26 11:44:00', 32.68, 32.68, 32.68, 32.68, 276]
['2019-03-26 11:43:00', 32.72, 32.72, 32.72, 32.72, 184]
['2019-03-26 11:40:00', 32.7, 32.7, 32.7, 32.7, 840]
['2019-03-26 11:39:00', 32.71, 32.71, 32.71, 32.71, 865]
['2019-03-26 11:37:00', 32.71, 32.71, 32.71, 32.71, 844]
['2019-03-26 11:36:00', 32.72, 32.72, 32.72, 32.72, 309]
['2019-03-26 11:35:00', 32.71, 32.71, 32.71, 32.71, 857]
['2019-03-26 11:34:00', 32.69, 32.69, 32.69, 32.69, 746]
['2019-03-26 11:31:00', 32.76, 32.76, 32.76, 32.76, 406]
['2019-03-26 11:30:00', 32.73, 32.73, 32.73, 32.73, 610]
['2019-03-26 11:28:00', 32.71, 32.71, 32.71, 32.71, 308]
['2019-03-26 11:27:00', 32.72, 32.72, 32.72, 32.72, 519]
['2019-03-26 11:26:00', 32.73, 32.73, 32.73, 32.73, 787]
['2019-03-26 11:25:00', 32.7, 32.7, 32.7, 32.7, 825]
['2019-03-26 11:24:00', 32.67, 32.67, 32.67, 32.67, 411]
['2019-03-26 11:23:00', 32.69, 32.69, 32.69, 32.69, 207]
['2019-03-26 11:22:00', 32.73, 32.73, 32.73, 32.73, 306]
['2019-03-26 11:21:00', 32.715, 32.715, 32.715, 32.715, 256]
['2019-03-26 11:20:00', 32.69, 32.69, 32.69, 32.69, 573]
['2019-03-26 11:19:00', 32.75, 32.75, 32.75, 32.75, 909]
['2019-03-26 11:18:00', 32.76, 32.76, 32.76, 32.76, 441]
['2019-03-26 11:16:00', 32.76, 32.76, 32.76, 32.76, 211]
['2019-03-26 11:15:00', 32.71, 32.71, 32.71, 32.71, 400]
['2019-03-26 11:10:00', 32.76, 32.76, 32.76, 32.76, 392]
['2019-03-26 11:09:00', 32.79, 32.77, 32.77, 32.79, 990]
['2019-03-26 11:07:00', 32.8, 32.8, 32.8, 32.8, 424]
['2019-03-26 11:06:00', 32.76, 32.76, 32.76, 32.76, 634]
['2019-03-26 11:05:00', 32.77, 32.77, 32.77, 32.77, 698]
['2019-03-26 11:04:00', 32.73, 32.73, 32.73, 32.73, 822]
['2019-03-26 11:03:00', 32.75, 32.75, 32.75, 32.75, 345]
['2019-03-26 11:01:00', 32.75, 32.75, 32.75, 32.75, 785]
['2019-03-26 10:59:00', 32.74, 32.71, 32.71, 32.74, 768]
['2019-03-26 10:58:00', 32.78, 32.78, 32.78, 32.78, 489]
['2019-03-26 10:55:00', 32.77, 32.78, 32.77, 32.8, 2317]
['2019-03-26 10:53:00', 32.73, 32.73, 32.73, 32.73, 122]
['2019-03-26 10:52:00', 32.76, 32.76, 32.76, 32.76, 849]
['2019-03-26 10:51:00', 32.71, 32.71, 32.71, 32.71, 2523]
['2019-03-26 10:50:00', 32.7, 32.7, 32.7, 32.7, 1049]
['2019-03-26 10:48:00', 32.61, 32.61, 32.61, 32.61, 695]
['2019-03-26 10:47:00', 32.6, 32.6, 32.6, 32.6, 787]
['2019-03-26 10:46:00', 32.54, 32.54, 32.54, 32.54, 558]
['2019-03-26 10:45:00', 32.53, 32.53, 32.53, 32.53, 263]
['2019-03-26 10:43:00', 32.54, 32.54, 32.54, 32.54, 492]
['2019-03-26 10:42:00', 32.53, 32.53, 32.53, 32.53, 904]
['2019-03-26 10:39:00', 32.52, 32.52, 32.52, 32.52, 1016]
['2019-03-26 10:38:00', 32.51, 32.5, 32.5, 32.51, 2118]
['2019-03-26 10:37:00', 32.51, 32.51, 32.51, 32.51, 819]
['2019-03-26 10:35:00', 32.57, 32.56, 32.56, 32.57, 1028]
['2019-03-26 10:34:00', 32.56, 32.56, 32.56, 32.56, 313]
['2019-03-26 10:33:00', 32.54, 32.54, 32.54, 32.54, 1050]
['2019-03-26 10:32:00', 32.55, 32.54, 32.54, 32.55, 736]
['2019-03-26 10:31:00', 32.56, 32.56, 32.56, 32.56, 914]
['2019-03-26 10:28:00', 32.5185, 32.5185, 32.5185, 32.5185, 423]
['2019-03-26 10:26:00', 32.49, 32.5, 32.49, 32.5, 862]
['2019-03-26 10:23:00', 32.51, 32.49, 32.49, 32.51, 1934]
['2019-03-26 10:21:00', 32.46, 32.48, 32.46, 32.48, 1162]
['2019-03-26 10:20:00', 32.5, 32.5, 32.5, 32.5, 909]
['2019-03-26 10:19:00', 32.485, 32.485, 32.485, 32.485, 506]
['2019-03-26 10:17:00', 32.52, 32.52, 32.52, 32.52, 762]
['2019-03-26 10:14:00', 32.61, 32.565, 32.565, 32.61, 2131]
['2019-03-26 10:11:00', 32.6, 32.57, 32.57, 32.6, 19397]
['2019-03-26 10:08:00', 32.63, 32.63, 32.63, 32.63, 720]
['2019-03-26 10:07:00', 32.65, 32.65, 32.65, 32.65, 512]
['2019-03-26 10:06:00', 32.69, 32.69, 32.69, 32.69, 808]
['2019-03-26 10:05:00', 32.7, 32.7, 32.7, 32.7, 604]
['2019-03-26 10:04:00', 32.69, 32.69, 32.69, 32.69, 723]
['2019-03-26 10:03:00', 32.68, 32.64, 32.64, 32.68, 2230]
['2019-03-26 10:01:00', 32.61, 32.61, 32.61, 32.61, 220]
['2019-03-26 09:59:00', 32.71, 32.71, 32.71, 32.71, 930]
['2019-03-26 09:56:00', 32.57, 32.57, 32.57, 32.57, 621]
['2019-03-26 09:54:00', 32.59, 32.59, 32.59, 32.59, 106]
['2019-03-26 09:53:00', 32.56, 32.56, 32.56, 32.56, 393]
['2019-03-26 09:52:00', 32.55, 32.55, 32.55, 32.55, 800]
['2019-03-26 09:50:00', 32.49, 32.49, 32.49, 32.49, 306]
['2019-03-26 09:49:00', 32.54, 32.54, 32.54, 32.54, 200]
['2019-03-26 09:46:00', 32.49, 32.49, 32.49, 32.49, 349]
['2019-03-26 09:45:00', 32.49, 32.47, 32.47, 32.49, 2125]
['2019-03-26 09:43:00', 32.44, 32.44, 32.44, 32.44, 11411]
['2019-03-26 09:41:00', 32.525, 32.525, 32.525, 32.525, 425]
['2019-03-26 09:38:00', 32.4101, 32.4101, 32.4101, 32.4101, 8608]
['2019-03-26 09:36:00', 32.6, 32.6, 32.6, 32.6, 482]
['2019-03-26 09:33:00', 32.51, 32.51, 32.51, 32.51, 510]
['2019-03-26 09:32:00', 32.81, 32.81, 32.81, 32.81, 3597]
['2019-03-25 16:00:00', 32.25, 32.24, 32.24, 32.25, 8432]
['2019-03-25 15:59:00', 32.24, 32.255, 32.24, 32.255, 4057]
['2019-03-25 15:58:00', 32.22, 32.23, 32.2, 32.23, 5831]
['2019-03-25 15:57:00', 32.21, 32.22, 32.21, 32.22, 3839]
['2019-03-25 15:56:00', 32.23, 32.21, 32.21, 32.23, 5347]
['2019-03-25 15:55:00', 32.27, 32.25, 32.25, 32.27, 3667]
['2019-03-25 15:54:00', 32.27, 32.27, 32.27, 32.27, 1469]
['2019-03-25 15:53:00', 32.26, 32.27, 32.26, 32.27, 2069]
['2019-03-25 15:52:00', 32.28, 32.25, 32.25, 32.28, 3001]
['2019-03-25 15:51:00', 32.26, 32.27, 32.26, 32.27, 1971]
['2019-03-25 15:50:00', 32.26, 32.25, 32.245, 32.26, 3489]
['2019-03-25 15:49:00', 32.275, 32.26, 32.26, 32.275, 2367]
['2019-03-25 15:48:00', 32.27, 32.28, 32.27, 32.28, 4376]
['2019-03-25 15:47:00', 32.26, 32.26, 32.26, 32.26, 2198]
['2019-03-25 15:46:00', 32.26, 32.26, 32.26, 32.26, 5914]
['2019-03-25 15:45:00', 32.265, 32.265, 32.265, 32.27, 4384]
['2019-03-25 15:44:00', 32.26, 32.25, 32.25, 32.27, 5452]
['2019-03-25 15:43:00', 32.25, 32.25, 32.25, 32.25, 7215]
['2019-03-25 15:42:00', 32.24, 32.24, 32.24, 32.24, 540]
['2019-03-25 15:41:00', 32.25, 32.24, 32.24, 32.25, 5576]
['2019-03-25 15:40:00', 32.27, 32.26, 32.26, 32.27, 3246]
['2019-03-25 15:39:00', 32.31, 32.28, 32.28, 32.31, 6041]
['2019-03-25 15:38:00', 32.26, 32.29, 32.26, 32.3, 9999]
['2019-03-25 15:37:00', 32.24, 32.25, 32.24, 32.25, 6465]
['2019-03-25 15:36:00', 32.25, 32.25, 32.25, 32.25, 931]
['2019-03-25 15:35:00', 32.235, 32.235, 32.235, 32.235, 516]
['2019-03-25 15:34:00', 32.25, 32.24, 32.24, 32.25, 1383]
['2019-03-25 15:33:00', 32.24, 32.24, 32.24, 32.24, 627]
['2019-03-25 15:32:00', 32.23, 32.23, 32.23, 32.23, 541]
['2019-03-25 15:31:00', 32.25, 32.23, 32.23, 32.25, 1370]
['2019-03-25 15:30:00', 32.22, 32.23, 32.22, 32.23, 2529]
['2019-03-25 15:29:00', 32.24, 32.24, 32.24, 32.24, 371]
['2019-03-25 15:28:00', 32.26, 32.245, 32.245, 32.26, 1222]
['2019-03-25 15:27:00', 32.27, 32.27, 32.27, 32.28, 4598]
['2019-03-25 15:26:00', 32.28, 32.26, 32.26, 32.28, 1464]
['2019-03-25 15:25:00', 32.31, 32.31, 32.31, 32.32, 7098]
['2019-03-25 15:24:00', 32.32, 32.32, 32.32, 32.32, 3573]
['2019-03-25 15:23:00', 32.26, 32.27, 32.26, 32.27, 1948]
['2019-03-25 15:22:00', 32.24, 32.25, 32.24, 32.25, 1199]
['2019-03-25 15:21:00', 32.24, 32.23, 32.23, 32.24, 1058]
['2019-03-25 15:19:00', 32.245, 32.245, 32.245, 32.245, 869]
['2019-03-25 15:18:00', 32.25, 32.24, 32.24, 32.25, 2715]
['2019-03-25 15:17:00', 32.26, 32.26, 32.26, 32.26, 903]
['2019-03-25 15:16:00', 32.25, 32.25, 32.25, 32.25, 916]
['2019-03-25 15:15:00', 32.25, 32.25, 32.25, 32.25, 601]
['2019-03-25 15:14:00', 32.26, 32.2525, 32.25, 32.26, 2526]
['2019-03-25 15:13:00', 32.25, 32.25, 32.25, 32.25, 2749]
['2019-03-25 15:11:00', 32.26, 32.25, 32.25, 32.26, 1951]
['2019-03-25 15:09:00', 32.2401, 32.245, 32.2401, 32.26, 3123]
['2019-03-25 15:08:00', 32.225, 32.225, 32.225, 32.225, 561]
['2019-03-25 15:07:00', 32.21, 32.21, 32.21, 32.22, 2456]
['2019-03-25 15:06:00', 32.19, 32.19, 32.19, 32.19, 3468]
['2019-03-25 15:05:00', 32.19, 32.2, 32.19, 32.2, 1506]
['2019-03-25 15:04:00', 32.2, 32.2, 32.2, 32.2, 501]
['2019-03-25 15:03:00', 32.23, 32.23, 32.23, 32.23, 801]
['2019-03-25 15:02:00', 32.26, 32.21, 32.21, 32.26, 2937]
['2019-03-25 15:01:00', 32.24, 32.25, 32.24, 32.25, 4286]
['2019-03-25 14:59:00', 32.24, 32.23, 32.23, 32.24, 1107]
['2019-03-25 14:58:00', 32.24, 32.24, 32.24, 32.24, 803]
['2019-03-25 14:57:00', 32.25, 32.24, 32.24, 32.25, 5600]
['2019-03-25 14:56:00', 32.22, 32.22, 32.22, 32.22, 300]
['2019-03-25 14:54:00', 32.23, 32.22, 32.22, 32.23, 1732]
['2019-03-25 14:53:00', 32.23, 32.23, 32.23, 32.23, 349]
['2019-03-25 14:51:00', 32.23, 32.23, 32.23, 32.23, 1194]
['2019-03-25 14:49:00', 32.25, 32.24, 32.24, 32.25, 1979]
['2019-03-25 14:48:00', 32.25, 32.25, 32.25, 32.25, 535]
['2019-03-25 14:47:00', 32.24, 32.22, 32.22, 32.24, 1467]
['2019-03-25 14:46:00', 32.24, 32.24, 32.24, 32.24, 839]
['2019-03-25 14:45:00', 32.24, 32.24, 32.24, 32.24, 457]
['2019-03-25 14:44:00', 32.25, 32.25, 32.25, 32.25, 504]
['2019-03-25 14:43:00', 32.185, 32.23, 32.185, 32.23, 2507]
['2019-03-25 14:42:00', 32.17, 32.2, 32.17, 32.2, 8036]
['2019-03-25 14:41:00', 32.17, 32.17, 32.17, 32.17, 554]
['2019-03-25 14:36:00', 32.15, 32.16, 32.15, 32.16, 1725]
['2019-03-25 14:35:00', 32.15, 32.15, 32.15, 32.15, 702]
['2019-03-25 14:34:00', 32.15, 32.15, 32.15, 32.15, 3947]
['2019-03-25 14:33:00', 32.15, 32.15, 32.15, 32.15, 900]
['2019-03-25 14:32:00', 32.15, 32.15, 32.15, 32.15, 4580]
['2019-03-25 14:31:00', 32.15, 32.15, 32.15, 32.15, 720]
['2019-03-25 14:30:00', 32.12, 32.14, 32.12, 32.14, 1132]
['2019-03-25 14:29:00', 32.11, 32.11, 32.11, 32.11, 751]
['2019-03-25 14:28:00', 32.11, 32.11, 32.11, 32.11, 633]
['2019-03-25 14:27:00', 32.11, 32.11, 32.11, 32.11, 486]
['2019-03-25 14:25:00', 32.08, 32.06, 32.06, 32.08, 1591]
['2019-03-25 14:24:00', 32.07, 32.07, 32.07, 32.07, 727]
['2019-03-25 14:23:00', 32.08, 32.08, 32.08, 32.08, 1197]
['2019-03-25 14:22:00', 32.1, 32.1, 32.1, 32.1, 414]
['2019-03-25 14:21:00', 32.105, 32.11, 32.105, 32.11, 927]
['2019-03-25 14:20:00', 32.11, 32.11, 32.11, 32.11, 1700]
['2019-03-25 14:19:00', 32.1, 32.1, 32.1, 32.1, 328]
['2019-03-25 14:17:00', 32.13, 32.13, 32.13, 32.13, 1182]
['2019-03-25 14:16:00', 32.1599, 32.1599, 32.1599, 32.1599, 825]
['2019-03-25 14:15:00', 32.13, 32.13, 32.13, 32.13, 300]
['2019-03-25 14:13:00', 32.12, 32.11, 32.11, 32.12, 1816]
['2019-03-25 14:12:00', 32.14, 32.14, 32.14, 32.14, 582]
['2019-03-25 14:11:00', 32.085, 32.085, 32.085, 32.085, 479]
['2019-03-25 14:10:00', 32.09, 32.09, 32.09, 32.09, 1605]
['2019-03-25 14:09:00', 32.1032, 32.1, 32.1, 32.1032, 7240]
['2019-03-25 14:08:00', 32.11, 32.11, 32.11, 32.11, 748]
['2019-03-25 14:07:00', 32.1, 32.1, 32.1, 32.1, 1079]
['2019-03-25 14:05:00', 32.11, 32.11, 32.11, 32.11, 1078]
['2019-03-25 14:04:00', 32.14, 32.14, 32.14, 32.14, 529]
['2019-03-25 14:03:00', 32.11, 32.11, 32.11, 32.11, 309]
['2019-03-25 14:02:00', 32.1, 32.1, 32.1, 32.1, 302]
['2019-03-25 14:01:00', 32.09, 32.09, 32.09, 32.09, 100]
['2019-03-25 13:59:00', 32.08, 32.07, 32.07, 32.08, 1068]
['2019-03-25 13:58:00', 32.06, 32.06, 32.06, 32.06, 465]
['2019-03-25 13:57:00', 32.06, 32.06, 32.06, 32.06, 801]
['2019-03-25 13:56:00', 32.06, 32.06, 32.06, 32.06, 497]
['2019-03-25 13:55:00', 32.08, 32.08, 32.08, 32.08, 762]
['2019-03-25 13:53:00', 32.11, 32.1, 32.1, 32.11, 2140]
['2019-03-25 13:52:00', 32.1, 32.1, 32.1, 32.1, 1431]
['2019-03-25 13:51:00', 32.09, 32.09, 32.09, 32.09, 616]
['2019-03-25 13:50:00', 32.08, 32.08, 32.08, 32.08, 333]
['2019-03-25 13:48:00', 32.12, 32.12, 32.12, 32.12, 303]
['2019-03-25 13:47:00', 32.12, 32.12, 32.12, 32.12, 657]
['2019-03-25 13:46:00', 32.14, 32.14, 32.14, 32.14, 101]
['2019-03-25 13:45:00', 32.16, 32.16, 32.16, 32.16, 436]
['2019-03-25 13:44:00', 32.16, 32.16, 32.16, 32.16, 711]
['2019-03-25 13:43:00', 32.17, 32.17, 32.17, 32.17, 786]
['2019-03-25 13:40:00', 32.19, 32.19, 32.19, 32.19, 1051]
['2019-03-25 13:39:00', 32.17, 32.17, 32.17, 32.17, 352]
['2019-03-25 13:38:00', 32.18, 32.18, 32.18, 32.18, 1219]
['2019-03-25 13:37:00', 32.16, 32.16, 32.16, 32.16, 701]
['2019-03-25 13:36:00', 32.15, 32.15, 32.15, 32.15, 300]
['2019-03-25 13:35:00', 32.14, 32.14, 32.14, 32.14, 2701]
['2019-03-25 13:34:00', 32.13, 32.13, 32.13, 32.13, 806]
['2019-03-25 13:33:00', 32.11, 32.11, 32.11, 32.11, 1017]
['2019-03-25 13:32:00', 32.12, 32.12, 32.12, 32.12, 408]
['2019-03-25 13:31:00', 32.13, 32.13, 32.13, 32.13, 334]
['2019-03-25 13:30:00', 32.14, 32.14, 32.14, 32.14, 500]
['2019-03-25 13:28:00', 32.13, 32.125, 32.125, 32.13, 1191]
['2019-03-25 13:27:00', 32.16, 32.14, 32.14, 32.16, 3016]
['2019-03-25 13:26:00', 32.165, 32.165, 32.165, 32.165, 811]
['2019-03-25 13:24:00', 32.17, 32.17, 32.17, 32.17, 402]
['2019-03-25 13:23:00', 32.18, 32.18, 32.18, 32.18, 688]
['2019-03-25 13:21:00', 32.16, 32.16, 32.16, 32.16, 310]
['2019-03-25 13:20:00', 32.17, 32.17, 32.17, 32.17, 201]
['2019-03-25 13:19:00', 32.14, 32.15, 32.14, 32.15, 1264]
['2019-03-25 13:18:00', 32.15, 32.15, 32.15, 32.15, 652]
['2019-03-25 13:16:00', 32.185, 32.185, 32.185, 32.185, 890]
['2019-03-25 13:15:00', 32.22, 32.2, 32.2, 32.22, 808]
['2019-03-25 13:14:00', 32.205, 32.23, 32.205, 32.23, 2363]
['2019-03-25 13:13:00', 32.18, 32.18, 32.18, 32.18, 340]
['2019-03-25 13:12:00', 32.16, 32.16, 32.16, 32.16, 326]
['2019-03-25 13:11:00', 32.14, 32.14, 32.14, 32.14, 331]
['2019-03-25 13:10:00', 32.15, 32.15, 32.15, 32.15, 156]
['2019-03-25 13:09:00', 32.16, 32.16, 32.16, 32.16, 626]
['2019-03-25 13:08:00', 32.155, 32.155, 32.155, 32.155, 717]
['2019-03-25 13:07:00', 32.18, 32.18, 32.18, 32.18, 2554]
['2019-03-25 13:06:00', 32.14, 32.14, 32.14, 32.14, 760]
['2019-03-25 13:05:00', 32.14, 32.14, 32.14, 32.14, 638]
['2019-03-25 13:04:00', 32.18, 32.16, 32.16, 32.18, 1127]
['2019-03-25 13:03:00', 32.16, 32.16, 32.16, 32.16, 405]
['2019-03-25 13:01:00', 32.2, 32.18, 32.18, 32.2, 2096]
['2019-03-25 12:59:00', 32.16, 32.16, 32.16, 32.16, 905]
['2019-03-25 12:57:00', 32.13, 32.14, 32.13, 32.14, 775]
['2019-03-25 12:55:00', 32.12, 32.12, 32.12, 32.12, 401]
['2019-03-25 12:54:00', 32.12, 32.11, 32.11, 32.12, 739]
['2019-03-25 12:53:00', 32.13, 32.13, 32.13, 32.13, 500]
['2019-03-25 12:51:00', 32.13, 32.14, 32.13, 32.14, 1164]
['2019-03-25 12:49:00', 32.11, 32.11, 32.11, 32.11, 305]
['2019-03-25 12:48:00', 32.09, 32.09, 32.09, 32.09, 702]
['2019-03-25 12:47:00', 32.1, 32.1, 32.1, 32.1, 620]
['2019-03-25 12:45:00', 32.1, 32.08, 32.08, 32.1, 785]
['2019-03-25 12:44:00', 32.085, 32.085, 32.085, 32.085, 805]
['2019-03-25 12:42:00', 32.09, 32.09, 32.09, 32.09, 626]
['2019-03-25 12:41:00', 32.11, 32.11, 32.11, 32.11, 500]
['2019-03-25 12:40:00', 32.105, 32.105, 32.105, 32.105, 802]
['2019-03-25 12:38:00', 32.09, 32.09, 32.09, 32.09, 322]
['2019-03-25 12:37:00', 32.11, 32.1, 32.1, 32.11, 1027]
['2019-03-25 12:36:00', 32.13, 32.13, 32.13, 32.13, 801]
['2019-03-25 12:35:00', 32.13, 32.13, 32.13, 32.13, 1057]
['2019-03-25 12:32:00', 32.17, 32.17, 32.17, 32.17, 539]
['2019-03-25 12:31:00', 32.18, 32.18, 32.18, 32.18, 818]
['2019-03-25 12:29:00', 32.185, 32.185, 32.185, 32.185, 603]
['2019-03-25 12:27:00', 32.19, 32.19, 32.19, 32.19, 500]
['2019-03-25 12:24:00', 32.17, 32.17, 32.17, 32.17, 610]
['2019-03-25 12:23:00', 32.17, 32.17, 32.17, 32.17, 1116]
['2019-03-25 12:21:00', 32.18, 32.18, 32.18, 32.18, 202]
['2019-03-25 12:20:00', 32.18, 32.19, 32.18, 32.19, 1669]
['2019-03-25 12:18:00', 32.18, 32.18, 32.18, 32.18, 485]
['2019-03-25 12:16:00', 32.16, 32.16, 32.16, 32.16, 806]
['2019-03-25 12:14:00', 32.15, 32.14, 32.13, 32.15, 3969]
['2019-03-25 12:13:00', 32.17, 32.17, 32.17, 32.17, 1099]
['2019-03-25 12:12:00', 32.17, 32.19, 32.17, 32.19, 2853]
['2019-03-25 12:11:00', 32.14, 32.14, 32.14, 32.14, 403]
['2019-03-25 12:10:00', 32.15, 32.15, 32.15, 32.15, 319]
['2019-03-25 12:09:00', 32.15, 32.15, 32.15, 32.15, 532]
['2019-03-25 12:08:00', 32.16, 32.16, 32.16, 32.16, 590]
['2019-03-25 12:07:00', 32.16, 32.16, 32.16, 32.16, 421]
['2019-03-25 12:06:00', 32.15, 32.15, 32.15, 32.15, 901]
['2019-03-25 12:05:00', 32.12, 32.15, 32.12, 32.15, 2726]
['2019-03-25 12:03:00', 32.1, 32.1, 32.1, 32.1, 926]
['2019-03-25 12:02:00', 32.11, 32.11, 32.11, 32.11, 1063]
['2019-03-25 12:01:00', 32.1, 32.1, 32.1, 32.1, 802]
['2019-03-25 11:58:00', 32.12, 32.12, 32.12, 32.12, 413]
['2019-03-25 11:57:00', 32.095, 32.095, 32.095, 32.095, 690]
['2019-03-25 11:56:00', 32.09, 32.09, 32.09, 32.09, 1416]
['2019-03-25 11:53:00', 32.1, 32.1, 32.1, 32.1, 701]
['2019-03-25 11:52:00', 32.07, 32.08, 32.07, 32.08, 1101]
['2019-03-25 11:50:00', 32.06, 32.06, 32.06, 32.06, 391]
['2019-03-25 11:49:00', 32.07, 32.07, 32.07, 32.07, 452]
['2019-03-25 11:48:00', 32.08, 32.08, 32.08, 32.08, 301]
['2019-03-25 11:47:00', 32.11, 32.09, 32.09, 32.11, 1494]
['2019-03-25 11:45:00', 32.11, 32.11, 32.11, 32.11, 328]
['2019-03-25 11:44:00', 32.145, 32.145, 32.145, 32.145, 724]
['2019-03-25 11:43:00', 32.14, 32.14, 32.14, 32.14, 910]
['2019-03-25 11:42:00', 32.14, 32.14, 32.14, 32.14, 742]
['2019-03-25 11:41:00', 32.16, 32.16, 32.16, 32.16, 755]
['2019-03-25 11:40:00', 32.175, 32.175, 32.175, 32.175, 1377]
['2019-03-25 11:39:00', 32.17, 32.16, 32.16, 32.17, 1479]
['2019-03-25 11:38:00', 32.17, 32.17, 32.17, 32.17, 2074]
['2019-03-25 11:37:00', 32.16, 32.17, 32.16, 32.17, 2115]
['2019-03-25 11:36:00', 32.14, 32.14, 32.14, 32.14, 857]
['2019-03-25 11:35:00', 32.18, 32.18, 32.18, 32.18, 1172]
['2019-03-25 11:34:00', 32.22, 32.195, 32.195, 32.22, 1713]
['2019-03-25 11:32:00', 32.225, 32.24, 32.225, 32.25, 3501]
['2019-03-25 11:31:00', 32.235, 32.225, 32.225, 32.235, 3334]
['2019-03-25 11:30:00', 32.25, 32.25, 32.25, 32.25, 2895]
['2019-03-25 11:29:00', 32.25, 32.24, 32.24, 32.26, 5383]
['2019-03-25 11:28:00', 32.26, 32.26, 32.26, 32.26, 936]
['2019-03-25 11:27:00', 32.27, 32.27, 32.27, 32.27, 1641]
['2019-03-25 11:26:00', 32.26, 32.26, 32.26, 32.26, 4508]
['2019-03-25 11:25:00', 32.25, 32.24, 32.24, 32.25, 1970]
['2019-03-25 11:24:00', 32.22, 32.22, 32.22, 32.22, 2121]
['2019-03-25 11:23:00', 32.17, 32.21, 32.17, 32.21, 1884]
['2019-03-25 11:22:00', 32.2, 32.19, 32.19, 32.2, 3623]
['2019-03-25 11:21:00', 32.185, 32.18, 32.18, 32.185, 2205]
['2019-03-25 11:20:00', 32.19, 32.19, 32.19, 32.19, 2654]
['2019-03-25 11:19:00', 32.18, 32.17, 32.17, 32.18, 2331]
['2019-03-25 11:18:00', 32.22, 32.19, 32.19, 32.22, 3918]
['2019-03-25 11:17:00', 32.2, 32.2, 32.2, 32.2, 1278]
['2019-03-25 11:16:00', 32.17, 32.17, 32.17, 32.17, 1123]
['2019-03-25 11:15:00', 32.17, 32.16, 32.16, 32.17, 1671]
['2019-03-25 11:14:00', 32.15, 32.15, 32.15, 32.15, 805]
['2019-03-25 11:12:00', 32.11, 32.11, 32.11, 32.11, 304]
['2019-03-25 11:11:00', 32.15, 32.15, 32.15, 32.15, 402]
['2019-03-25 11:09:00', 32.16, 32.16, 32.15, 32.19, 3949]
['2019-03-25 11:08:00', 32.15, 32.15, 32.15, 32.15, 883]
['2019-03-25 11:07:00', 32.14, 32.14, 32.14, 32.14, 627]
['2019-03-25 11:06:00', 32.17, 32.17, 32.17, 32.17, 700]
['2019-03-25 11:05:00', 32.13, 32.13, 32.13, 32.13, 450]
['2019-03-25 11:04:00', 32.15, 32.15, 32.15, 32.15, 600]
['2019-03-25 11:03:00', 32.14, 32.15, 32.14, 32.16, 1722]
['2019-03-25 11:00:00', 32.14, 32.14, 32.14, 32.14, 781]
['2019-03-25 10:58:00', 32.18, 32.18, 32.18, 32.18, 578]
['2019-03-25 10:57:00', 32.2, 32.2, 32.2, 32.2, 771]
['2019-03-25 10:55:00', 32.16, 32.16, 32.16, 32.16, 700]
['2019-03-25 10:53:00', 32.21, 32.18, 32.18, 32.21, 4198]
['2019-03-25 10:51:00', 32.19, 32.19, 32.19, 32.19, 962]
['2019-03-25 10:49:00', 32.105, 32.12, 32.105, 32.12, 690]
['2019-03-25 10:48:00', 32.07, 32.07, 32.07, 32.07, 1326]
['2019-03-25 10:47:00', 32.08, 32.08, 32.08, 32.08, 632]
['2019-03-25 10:46:00', 32.07, 32.07, 32.07, 32.07, 946]
['2019-03-25 10:45:00', 31.99, 32.04, 31.99, 32.04, 2485]
['2019-03-25 10:44:00', 31.99, 31.99, 31.99, 31.99, 868]
['2019-03-25 10:43:00', 32.01, 32.01, 32.01, 32.01, 725]
['2019-03-25 10:42:00', 31.98, 31.98, 31.98, 31.98, 500]
['2019-03-25 10:37:00', 31.99, 31.99, 31.99, 31.99, 1136]
['2019-03-25 10:36:00', 31.98, 31.98, 31.98, 31.98, 852]
['2019-03-25 10:35:00', 32.045, 32.045, 32.045, 32.045, 369]
['2019-03-25 10:34:00', 32.04, 32.06, 32.04, 32.06, 3740]
['2019-03-25 10:33:00', 32.04, 32.07, 32.04, 32.07, 1976]
['2019-03-25 10:32:00', 32.06, 32.06, 32.06, 32.06, 510]
['2019-03-25 10:31:00', 32.06, 32.06, 32.06, 32.06, 219]
['2019-03-25 10:29:00', 32.0401, 32.0401, 32.0401, 32.0401, 637]
['2019-03-25 10:28:00', 32.0, 32.0, 32.0, 32.0, 1120]
['2019-03-25 10:27:00', 32.0, 32.0, 32.0, 32.0, 700]
['2019-03-25 10:26:00', 31.95, 31.95, 31.95, 31.95, 1074]
['2019-03-25 10:25:00', 31.89, 31.89, 31.89, 31.89, 363]
['2019-03-25 10:23:00', 31.9, 31.9, 31.9, 31.9, 471]
['2019-03-25 10:22:00', 31.92, 31.92, 31.92, 31.92, 889]
['2019-03-25 10:21:00', 31.97, 31.97, 31.97, 31.97, 1484]
['2019-03-25 10:20:00', 31.98, 31.98, 31.98, 31.98, 12991]
['2019-03-25 10:19:00', 32.01, 32.01, 32.01, 32.01, 273]
['2019-03-25 10:18:00', 32.01, 32.01, 32.01, 32.01, 772]
['2019-03-25 10:17:00', 32.05, 32.03, 32.03, 32.05, 1944]
['2019-03-25 10:16:00', 32.01, 32.01, 32.01, 32.01, 535]
['2019-03-25 10:15:00', 32.01, 32.01, 32.01, 32.01, 6383]
['2019-03-25 10:14:00', 31.99, 31.99, 31.99, 31.99, 5487]
['2019-03-25 10:09:00', 32.0, 32.0, 32.0, 32.0, 673]
['2019-03-25 10:08:00', 32.07, 32.07, 32.07, 32.07, 612]
['2019-03-25 10:07:00', 32.04, 32.04, 32.04, 32.04, 500]
['2019-03-25 10:06:00', 32.03, 32.03, 32.03, 32.03, 504]
['2019-03-25 10:05:00', 32.04, 32.04, 32.04, 32.04, 1343]
['2019-03-25 10:04:00', 32.06, 32.06, 32.06, 32.06, 642]
['2019-03-25 10:03:00', 32.07, 32.07, 32.07, 32.07, 152]
['2019-03-25 10:02:00', 32.1, 32.1, 32.1, 32.1, 549]
['2019-03-25 10:00:00', 32.07, 32.07, 32.07, 32.07, 802]
['2019-03-25 09:59:00', 32.12, 32.12, 32.12, 32.12, 1112]
['2019-03-25 09:57:00', 32.05, 32.05, 32.05, 32.05, 200]
['2019-03-25 09:55:00', 32.025, 31.97, 31.97, 32.025, 30112]
['2019-03-25 09:53:00', 32.03, 32.03, 32.03, 32.03, 1106]
['2019-03-25 09:49:00', 32.01, 32.01, 32.01, 32.01, 111]
['2019-03-25 09:47:00', 32.09, 32.09, 32.09, 32.09, 805]
['2019-03-25 09:45:00', 32.14, 32.13, 32.13, 32.14, 1201]
['2019-03-25 09:42:00', 32.27, 32.2, 32.2, 32.27, 5639]
['2019-03-25 09:41:00', 32.305, 32.305, 32.305, 32.305, 706]
['2019-03-25 09:39:00', 32.18, 32.18, 32.18, 32.18, 505]
['2019-03-25 09:37:00', 32.17, 32.17, 32.17, 32.17, 833]
['2019-03-25 09:35:00', 32.14, 32.14, 32.14, 32.14, 1011]
['2019-03-25 09:31:00', 32.0193, 32.0193, 32.0193, 32.0193, 0]
