ATGE
['2019-03-29 16:00:00', 46.3, 46.33, 46.3, 46.33, 20186]
['2019-03-29 15:59:00', 46.39, 46.39, 46.37, 46.39, 2656]
['2019-03-29 15:58:00', 46.36, 46.4, 46.35, 46.41, 1753]
['2019-03-29 15:57:00', 46.41, 46.36, 46.36, 46.41, 4812]
['2019-03-29 15:56:00', 46.38, 46.42, 46.38, 46.42, 2597]
['2019-03-29 15:55:00', 46.37, 46.38, 46.355, 46.39, 3608]
['2019-03-29 15:54:00', 46.37, 46.36, 46.36, 46.375, 2003]
['2019-03-29 15:53:00', 46.35, 46.375, 46.34, 46.38, 2902]
['2019-03-29 15:52:00', 46.32, 46.36, 46.31, 46.36, 1299]
['2019-03-29 15:51:00', 46.32, 46.32, 46.3, 46.32, 810]
['2019-03-29 15:50:00', 46.325, 46.32, 46.31, 46.325, 977]
['2019-03-29 15:49:00', 46.36, 46.28, 46.28, 46.36, 1941]
['2019-03-29 15:48:00', 46.4, 46.4, 46.4, 46.4, 673]
['2019-03-29 15:47:00', 46.4, 46.4, 46.4, 46.42, 781]
['2019-03-29 15:46:00', 46.41, 46.4, 46.38, 46.41, 2065]
['2019-03-29 15:45:00', 46.405, 46.42, 46.405, 46.44, 2742]
['2019-03-29 15:44:00', 46.4, 46.39, 46.37, 46.4, 1114]
['2019-03-29 15:43:00', 46.405, 46.405, 46.405, 46.405, 398]
['2019-03-29 15:42:00', 46.42, 46.41, 46.41, 46.42, 1633]
['2019-03-29 15:41:00', 46.43, 46.43, 46.43, 46.43, 292]
['2019-03-29 15:40:00', 46.41, 46.425, 46.41, 46.425, 680]
['2019-03-29 15:39:00', 46.4, 46.4, 46.4, 46.4, 234]
['2019-03-29 15:38:00', 46.38, 46.4, 46.38, 46.4, 1276]
['2019-03-29 15:37:00', 46.41, 46.41, 46.41, 46.41, 703]
['2019-03-29 15:36:00', 46.41, 46.42, 46.41, 46.43, 835]
['2019-03-29 15:35:00', 46.36, 46.39, 46.36, 46.39, 788]
['2019-03-29 15:34:00', 46.35, 46.35, 46.345, 46.35, 409]
['2019-03-29 15:33:00', 46.38, 46.345, 46.345, 46.39, 1643]
['2019-03-29 15:32:00', 46.38, 46.37, 46.345, 46.38, 1586]
['2019-03-29 15:31:00', 46.39, 46.39, 46.39, 46.4, 1143]
['2019-03-29 15:28:00', 46.39, 46.41, 46.39, 46.41, 1305]
['2019-03-29 15:27:00', 46.34, 46.365, 46.34, 46.37, 1211]
['2019-03-29 15:26:00', 46.37, 46.37, 46.37, 46.37, 641]
['2019-03-29 15:25:00', 46.4, 46.4, 46.4, 46.4, 101]
['2019-03-29 15:24:00', 46.41, 46.38, 46.38, 46.41, 749]
['2019-03-29 15:23:00', 46.47, 46.42, 46.42, 46.47, 1604]
['2019-03-29 15:22:00', 46.49, 46.49, 46.49, 46.49, 302]
['2019-03-29 15:21:00', 46.51, 46.51, 46.51, 46.51, 104]
['2019-03-29 15:19:00', 46.55, 46.53, 46.53, 46.55, 1155]
['2019-03-29 15:18:00', 46.56, 46.56, 46.56, 46.56, 660]
['2019-03-29 15:17:00', 46.52, 46.55, 46.52, 46.55, 1145]
['2019-03-29 15:16:00', 46.51, 46.51, 46.5, 46.51, 882]
['2019-03-29 15:15:00', 46.52, 46.52, 46.52, 46.52, 476]
['2019-03-29 15:14:00', 46.52, 46.52, 46.52, 46.53, 728]
['2019-03-29 15:13:00', 46.52, 46.51, 46.51, 46.52, 1242]
['2019-03-29 15:12:00', 46.51, 46.53, 46.51, 46.53, 315]
['2019-03-29 15:11:00', 46.52, 46.52, 46.52, 46.52, 111]
['2019-03-29 15:09:00', 46.52, 46.52, 46.52, 46.52, 354]
['2019-03-29 15:08:00', 46.53, 46.54, 46.52, 46.54, 1263]
['2019-03-29 15:07:00', 46.5175, 46.53, 46.4975, 46.55, 4268]
['2019-03-29 15:06:00', 46.51, 46.51, 46.51, 46.51, 210]
['2019-03-29 15:05:00', 46.53, 46.51, 46.51, 46.53, 1319]
['2019-03-29 15:04:00', 46.54, 46.51, 46.51, 46.54, 1280]
['2019-03-29 15:03:00', 46.55, 46.55, 46.54, 46.55, 605]
['2019-03-29 15:01:00', 46.57, 46.58, 46.56, 46.58, 1762]
['2019-03-29 14:59:00', 46.6, 46.57, 46.57, 46.6, 689]
['2019-03-29 14:58:00', 46.63, 46.6, 46.6, 46.63, 516]
['2019-03-29 14:56:00', 46.65, 46.63, 46.63, 46.65, 250]
['2019-03-29 14:55:00', 46.65, 46.66, 46.65, 46.66, 1847]
['2019-03-29 14:54:00', 46.62, 46.63, 46.62, 46.63, 454]
['2019-03-29 14:53:00', 46.61, 46.62, 46.61, 46.62, 792]
['2019-03-29 14:52:00', 46.63, 46.62, 46.62, 46.64, 2651]
['2019-03-29 14:46:00', 46.64, 46.64, 46.64, 46.64, 1047]
['2019-03-29 14:45:00', 46.65, 46.64, 46.64, 46.65, 776]
['2019-03-29 14:44:00', 46.64, 46.64, 46.64, 46.64, 211]
['2019-03-29 14:42:00', 46.62, 46.6, 46.57, 46.62, 1666]
['2019-03-29 14:41:00', 46.63, 46.63, 46.63, 46.63, 101]
['2019-03-29 14:40:00', 46.61, 46.63, 46.61, 46.63, 690]
['2019-03-29 14:37:00', 46.6, 46.6, 46.6, 46.6, 1143]
['2019-03-29 14:36:00', 46.59, 46.59, 46.59, 46.59, 1110]
['2019-03-29 14:28:00', 46.65, 46.62, 46.62, 46.65, 719]
['2019-03-29 14:27:00', 46.65, 46.66, 46.65, 46.67, 971]
['2019-03-29 14:24:00', 46.63, 46.64, 46.63, 46.64, 520]
['2019-03-29 14:23:00', 46.63, 46.62, 46.62, 46.63, 861]
['2019-03-29 14:19:00', 46.66, 46.64, 46.64, 46.66, 1301]
['2019-03-29 14:16:00', 46.66, 46.66, 46.66, 46.66, 352]
['2019-03-29 14:14:00', 46.66, 46.67, 46.65, 46.67, 1329]
['2019-03-29 14:13:00', 46.66, 46.66, 46.66, 46.66, 151]
['2019-03-29 14:12:00', 46.65, 46.65, 46.65, 46.65, 229]
['2019-03-29 14:11:00', 46.6, 46.61, 46.6, 46.61, 557]
['2019-03-29 14:10:00', 46.58, 46.59, 46.58, 46.6, 1185]
['2019-03-29 14:09:00', 46.58, 46.585, 46.57, 46.59, 1839]
['2019-03-29 14:04:00', 46.57, 46.57, 46.57, 46.57, 504]
['2019-03-29 14:03:00', 46.53, 46.53, 46.53, 46.53, 405]
['2019-03-29 14:01:00', 46.52, 46.52, 46.52, 46.52, 601]
['2019-03-29 13:59:00', 46.48, 46.48, 46.48, 46.48, 213]
['2019-03-29 13:58:00', 46.48, 46.48, 46.48, 46.48, 208]
['2019-03-29 13:57:00', 46.47, 46.47, 46.47, 46.47, 329]
['2019-03-29 13:56:00', 46.51, 46.5, 46.5, 46.51, 832]
['2019-03-29 13:55:00', 46.51, 46.51, 46.51, 46.52, 1048]
['2019-03-29 13:54:00', 46.5, 46.5, 46.5, 46.5, 307]
['2019-03-29 13:52:00', 46.48, 46.48, 46.48, 46.48, 101]
['2019-03-29 13:51:00', 46.46, 46.48, 46.46, 46.48, 260]
['2019-03-29 13:48:00', 46.4, 46.47, 46.4, 46.47, 2061]
['2019-03-29 13:47:00', 46.42, 46.39, 46.21, 46.42, 5565]
['2019-03-29 13:46:00', 46.46, 46.45, 46.45, 46.46, 802]
['2019-03-29 13:45:00', 46.46, 46.45, 46.45, 46.46, 233]
['2019-03-29 13:44:00', 46.45, 46.45, 46.45, 46.45, 679]
['2019-03-29 13:43:00', 46.44, 46.44, 46.44, 46.44, 285]
['2019-03-29 13:41:00', 46.42, 46.42, 46.42, 46.42, 101]
['2019-03-29 13:40:00', 46.43, 46.43, 46.43, 46.43, 474]
['2019-03-29 13:39:00', 46.42, 46.42, 46.42, 46.42, 206]
['2019-03-29 13:38:00', 46.39, 46.4, 46.38, 46.4, 933]
['2019-03-29 13:36:00', 46.4, 46.3967, 46.3967, 46.4, 926]
['2019-03-29 13:35:00', 46.41, 46.405, 46.405, 46.41, 398]
['2019-03-29 13:34:00', 46.38, 46.38, 46.38, 46.38, 286]
['2019-03-29 13:33:00', 46.4, 46.4, 46.38, 46.4, 302]
['2019-03-29 13:32:00', 46.42, 46.41, 46.41, 46.42, 561]
['2019-03-29 13:31:00', 46.43, 46.42, 46.42, 46.45, 911]
['2019-03-29 13:30:00', 46.45, 46.45, 46.45, 46.45, 101]
['2019-03-29 13:28:00', 46.44, 46.44, 46.44, 46.44, 103]
['2019-03-29 13:25:00', 46.44, 46.43, 46.43, 46.45, 754]
['2019-03-29 13:22:00', 46.44, 46.44, 46.44, 46.44, 379]
['2019-03-29 13:21:00', 46.45, 46.42, 46.42, 46.45, 538]
['2019-03-29 13:19:00', 46.48, 46.46, 46.46, 46.48, 1105]
['2019-03-29 13:15:00', 46.56, 46.5, 46.495, 46.56, 2658]
['2019-03-29 13:14:00', 46.57, 46.57, 46.57, 46.57, 551]
['2019-03-29 13:09:00', 46.54, 46.54, 46.54, 46.54, 218]
['2019-03-29 13:06:00', 46.55, 46.53, 46.53, 46.55, 212]
['2019-03-29 13:05:00', 46.58, 46.56, 46.56, 46.585, 1041]
['2019-03-29 13:04:00', 46.57, 46.58, 46.57, 46.58, 1505]
['2019-03-29 13:03:00', 46.57, 46.57, 46.57, 46.57, 106]
['2019-03-29 13:00:00', 46.57, 46.56, 46.56, 46.58, 1734]
['2019-03-29 12:58:00', 46.56, 46.56, 46.56, 46.56, 101]
['2019-03-29 12:57:00', 46.55, 46.55, 46.55, 46.55, 302]
['2019-03-29 12:54:00', 46.53, 46.54, 46.53, 46.54, 430]
['2019-03-29 12:53:00', 46.5, 46.515, 46.5, 46.515, 222]
['2019-03-29 12:52:00', 46.56, 46.52, 46.52, 46.57, 1515]
['2019-03-29 12:51:00', 46.545, 46.545, 46.545, 46.545, 100]
['2019-03-29 12:50:00', 46.52, 46.55, 46.52, 46.55, 1202]
['2019-03-29 12:49:00', 46.48, 46.5, 46.48, 46.51, 675]
['2019-03-29 12:48:00', 46.45, 46.48, 46.45, 46.495, 2001]
['2019-03-29 12:47:00', 46.44, 46.43, 46.42, 46.44, 1921]
['2019-03-29 12:46:00', 46.39, 46.45, 46.39, 46.45, 722]
['2019-03-29 12:45:00', 46.35, 46.38, 46.35, 46.38, 322]
['2019-03-29 12:44:00', 46.37, 46.38, 46.37, 46.38, 518]
['2019-03-29 12:43:00', 46.29, 46.35, 46.29, 46.35, 1403]
['2019-03-29 12:42:00', 46.29, 46.29, 46.29, 46.29, 845]
['2019-03-29 12:41:00', 46.295, 46.28, 46.255, 46.295, 1647]
['2019-03-29 12:38:00', 46.29, 46.29, 46.29, 46.29, 122]
['2019-03-29 12:37:00', 46.28, 46.28, 46.28, 46.28, 400]
['2019-03-29 12:36:00', 46.3, 46.29, 46.285, 46.3, 1037]
['2019-03-29 12:35:00', 46.26, 46.26, 46.25, 46.26, 548]
['2019-03-29 12:34:00', 46.24, 46.25, 46.24, 46.26, 1154]
['2019-03-29 12:33:00', 46.25, 46.25, 46.25, 46.28, 3774]
['2019-03-29 12:31:00', 46.28, 46.26, 46.26, 46.28, 773]
['2019-03-29 12:30:00', 46.29, 46.285, 46.28, 46.29, 1252]
['2019-03-29 12:29:00', 46.28, 46.3, 46.28, 46.3, 681]
['2019-03-29 12:28:00', 46.28, 46.28, 46.28, 46.28, 223]
['2019-03-29 12:27:00', 46.26, 46.26, 46.25, 46.26, 407]
['2019-03-29 12:25:00', 46.29, 46.28, 46.28, 46.29, 803]
['2019-03-29 12:23:00', 46.29, 46.29, 46.29, 46.3, 1676]
['2019-03-29 12:20:00', 46.29, 46.28, 46.28, 46.2901, 1006]
['2019-03-29 12:19:00', 46.295, 46.295, 46.295, 46.295, 420]
['2019-03-29 12:18:00', 46.31, 46.28, 46.28, 46.31, 896]
['2019-03-29 12:17:00', 46.305, 46.305, 46.305, 46.305, 112]
['2019-03-29 12:16:00', 46.28, 46.29, 46.28, 46.29, 874]
['2019-03-29 12:14:00', 46.33, 46.33, 46.33, 46.33, 859]
['2019-03-29 12:11:00', 46.38, 46.37, 46.37, 46.38, 500]
['2019-03-29 12:10:00', 46.36, 46.36, 46.36, 46.36, 353]
['2019-03-29 12:09:00', 46.36, 46.36, 46.36, 46.36, 107]
['2019-03-29 12:08:00', 46.36, 46.36, 46.36, 46.36, 301]
['2019-03-29 12:07:00', 46.39, 46.38, 46.38, 46.39, 401]
['2019-03-29 12:06:00', 46.42, 46.41, 46.41, 46.42, 1390]
['2019-03-29 12:05:00', 46.43, 46.42, 46.42, 46.43, 501]
['2019-03-29 12:04:00', 46.43, 46.43, 46.43, 46.43, 476]
['2019-03-29 11:59:00', 46.445, 46.445, 46.445, 46.445, 674]
['2019-03-29 11:54:00', 46.46, 46.45, 46.45, 46.46, 909]
['2019-03-29 11:50:00', 46.51, 46.49, 46.49, 46.51, 566]
['2019-03-29 11:49:00', 46.55, 46.53, 46.53, 46.55, 501]
['2019-03-29 11:48:00', 46.51, 46.54, 46.51, 46.54, 1087]
['2019-03-29 11:47:00', 46.53, 46.53, 46.53, 46.53, 460]
['2019-03-29 11:46:00', 46.56, 46.54, 46.54, 46.56, 906]
['2019-03-29 11:45:00', 46.57, 46.57, 46.57, 46.57, 201]
['2019-03-29 11:42:00', 46.59, 46.59, 46.59, 46.59, 501]
['2019-03-29 11:40:00', 46.62, 46.62, 46.62, 46.62, 200]
['2019-03-29 11:39:00', 46.68, 46.64, 46.64, 46.69, 1640]
['2019-03-29 11:37:00', 46.65, 46.65, 46.65, 46.65, 854]
['2019-03-29 11:36:00', 46.69, 46.64, 46.64, 46.69, 613]
['2019-03-29 11:35:00', 46.68, 46.68, 46.68, 46.68, 123]
['2019-03-29 11:34:00', 46.68, 46.68, 46.68, 46.68, 155]
['2019-03-29 11:33:00', 46.71, 46.71, 46.71, 46.71, 338]
['2019-03-29 11:32:00', 46.75, 46.73, 46.73, 46.785, 1845]
['2019-03-29 11:31:00', 46.74, 46.74, 46.74, 46.74, 118]
['2019-03-29 11:29:00', 46.74, 46.74, 46.74, 46.74, 311]
['2019-03-29 11:28:00', 46.745, 46.745, 46.745, 46.745, 100]
['2019-03-29 11:27:00', 46.73, 46.75, 46.7, 46.75, 1634]
['2019-03-29 11:26:00', 46.72, 46.745, 46.72, 46.745, 428]
['2019-03-29 11:24:00', 46.72, 46.71, 46.71, 46.72, 562]
['2019-03-29 11:23:00', 46.71, 46.71, 46.71, 46.74, 2815]
['2019-03-29 11:22:00', 46.69, 46.69, 46.69, 46.71, 1453]
['2019-03-29 11:21:00', 46.7, 46.7, 46.7, 46.7, 400]
['2019-03-29 11:20:00', 46.72, 46.745, 46.72, 46.745, 501]
['2019-03-29 11:18:00', 46.71, 46.76, 46.71, 46.77, 2212]
['2019-03-29 11:16:00', 46.71, 46.71, 46.71, 46.71, 120]
['2019-03-29 11:14:00', 46.69, 46.71, 46.69, 46.71, 453]
['2019-03-29 11:13:00', 46.74, 46.74, 46.74, 46.74, 647]
['2019-03-29 11:10:00', 46.79, 46.79, 46.79, 46.8, 507]
['2019-03-29 11:09:00', 46.74, 46.79, 46.74, 46.79, 670]
['2019-03-29 11:08:00', 46.69, 46.69, 46.69, 46.69, 502]
['2019-03-29 11:07:00', 46.685, 46.66, 46.66, 46.685, 863]
['2019-03-29 11:04:00', 46.72, 46.66, 46.66, 46.72, 776]
['2019-03-29 11:03:00', 46.73, 46.74, 46.72, 46.74, 726]
['2019-03-29 11:02:00', 46.69, 46.69, 46.69, 46.69, 551]
['2019-03-29 10:59:00', 46.76, 46.69, 46.69, 46.76, 1172]
['2019-03-29 10:56:00', 46.78, 46.78, 46.78, 46.78, 501]
['2019-03-29 10:54:00', 46.8, 46.8, 46.8, 46.8, 296]
['2019-03-29 10:53:00', 46.79, 46.76, 46.76, 46.79, 251]
['2019-03-29 10:52:00', 46.83, 46.83, 46.83, 46.83, 913]
['2019-03-29 10:51:00', 46.82, 46.795, 46.795, 46.82, 601]
['2019-03-29 10:50:00', 46.855, 46.85, 46.85, 46.855, 744]
['2019-03-29 10:48:00', 46.82, 46.86, 46.82, 46.93, 3332]
['2019-03-29 10:46:00', 46.79, 46.82, 46.79, 46.82, 931]
['2019-03-29 10:45:00', 46.83, 46.83, 46.83, 46.83, 295]
['2019-03-29 10:42:00', 46.93, 46.87, 46.87, 46.95, 1363]
['2019-03-29 10:40:00', 46.93, 46.93, 46.93, 46.94, 603]
['2019-03-29 10:37:00', 47.0, 46.92, 46.92, 47.0, 1114]
['2019-03-29 10:36:00', 47.01, 47.01, 47.01, 47.01, 414]
['2019-03-29 10:35:00', 47.0, 47.01, 47.0, 47.03, 989]
['2019-03-29 10:33:00', 47.0, 47.0, 47.0, 47.085, 2948]
['2019-03-29 10:32:00', 47.0, 47.0, 47.0, 47.0, 245]
['2019-03-29 10:29:00', 47.03, 46.98, 46.98, 47.07, 2611]
['2019-03-29 10:28:00', 47.03, 47.03, 47.03, 47.03, 210]
['2019-03-29 10:27:00', 47.0, 47.0, 47.0, 47.0, 228]
['2019-03-29 10:26:00', 46.92, 47.02, 46.92, 47.05, 2314]
['2019-03-29 10:25:00', 46.84, 46.91, 46.84, 46.91, 1507]
['2019-03-29 10:22:00', 46.82, 46.8, 46.8, 46.82, 501]
['2019-03-29 10:20:00', 46.86, 46.86, 46.86, 46.86, 102]
['2019-03-29 10:18:00', 46.85, 46.85, 46.84, 46.86, 1096]
['2019-03-29 10:17:00', 46.79, 46.83, 46.79, 46.83, 1089]
['2019-03-29 10:16:00', 46.815, 46.79, 46.79, 46.815, 1025]
['2019-03-29 10:15:00', 46.86, 46.86, 46.86, 46.86, 201]
['2019-03-29 10:14:00', 46.82, 46.82, 46.82, 46.82, 128]
['2019-03-29 10:13:00', 46.78, 46.81, 46.78, 46.815, 2177]
['2019-03-29 10:12:00', 46.73, 46.74, 46.7, 46.76, 2128]
['2019-03-29 10:11:00', 46.75, 46.75, 46.75, 46.77, 531]
['2019-03-29 10:10:00', 46.73, 46.76, 46.73, 46.76, 203]
['2019-03-29 10:08:00', 46.7, 46.755, 46.7, 46.755, 701]
['2019-03-29 10:07:00', 46.64, 46.67, 46.63, 46.67, 1637]
['2019-03-29 10:06:00', 46.65, 46.65, 46.65, 46.655, 901]
['2019-03-29 10:05:00', 46.6, 46.66, 46.6, 46.66, 725]
['2019-03-29 10:02:00', 46.67, 46.61, 46.61, 46.67, 459]
['2019-03-29 10:01:00', 46.75, 46.71, 46.71, 46.75, 1393]
['2019-03-29 09:59:00', 46.72, 46.8, 46.72, 46.8, 419]
['2019-03-29 09:58:00', 46.77, 46.77, 46.77, 46.77, 624]
['2019-03-29 09:57:00', 46.75, 46.79, 46.75, 46.82, 679]
['2019-03-29 09:56:00', 46.74, 46.74, 46.74, 46.74, 200]
['2019-03-29 09:55:00', 46.68, 46.72, 46.68, 46.81, 3527]
['2019-03-29 09:54:00', 46.64, 46.67, 46.64, 46.67, 340]
['2019-03-29 09:53:00', 46.52, 46.52, 46.52, 46.52, 435]
['2019-03-29 09:50:00', 46.57, 46.57, 46.57, 46.57, 111]
['2019-03-29 09:49:00', 46.62, 46.65, 46.62, 46.65, 332]
['2019-03-29 09:48:00', 46.62, 46.64, 46.62, 46.72, 2677]
['2019-03-29 09:47:00', 46.65, 46.62, 46.62, 46.68, 861]
['2019-03-29 09:45:00', 46.62, 46.64, 46.6, 46.67, 2755]
['2019-03-29 09:44:00', 46.6, 46.6, 46.58, 46.6, 1439]
['2019-03-29 09:41:00', 46.47, 46.47, 46.47, 46.47, 737]
['2019-03-29 09:40:00', 46.48, 46.47, 46.42, 46.5, 1674]
['2019-03-29 09:39:00', 46.445, 46.445, 46.445, 46.445, 400]
['2019-03-29 09:35:00', 46.32, 46.32, 46.32, 46.32, 1562]
['2019-03-28 16:00:00', 46.07, 46.04, 46.04, 46.08, 3941]
['2019-03-28 15:59:00', 46.08, 46.08, 46.07, 46.1, 3652]
['2019-03-28 15:58:00', 46.045, 46.1, 46.045, 46.1, 3636]
['2019-03-28 15:57:00', 46.06, 46.04, 46.04, 46.06, 1064]
['2019-03-28 15:56:00', 46.04, 46.05, 46.04, 46.05, 1375]
['2019-03-28 15:55:00', 46.02, 46.02, 46.02, 46.02, 270]
['2019-03-28 15:54:00', 46.0, 46.0, 45.99, 46.0, 1024]
['2019-03-28 15:53:00', 46.0, 46.0, 46.0, 46.0, 100]
['2019-03-28 15:52:00', 46.01, 46.02, 46.01, 46.02, 1436]
['2019-03-28 15:50:00', 46.02, 46.01, 46.01, 46.02, 1839]
['2019-03-28 15:49:00', 46.01, 46.01, 46.01, 46.01, 398]
['2019-03-28 15:47:00', 46.03, 46.02, 46.02, 46.03, 218]
['2019-03-28 15:46:00', 46.03, 46.02, 46.02, 46.04, 1333]
['2019-03-28 15:45:00', 46.02, 46.02, 46.02, 46.02, 200]
['2019-03-28 15:44:00', 46.02, 46.02, 46.02, 46.02, 543]
['2019-03-28 15:42:00', 46.01, 46.01, 46.01, 46.01, 199]
['2019-03-28 15:41:00', 46.0, 46.0, 46.0, 46.0, 387]
['2019-03-28 15:39:00', 46.01, 45.99, 45.96, 46.01, 1383]
['2019-03-28 15:37:00', 46.01, 46.01, 46.01, 46.01, 310]
['2019-03-28 15:36:00', 46.01, 46.01, 46.01, 46.01, 111]
['2019-03-28 15:35:00', 46.02, 46.02, 46.01, 46.02, 921]
['2019-03-28 15:34:00', 46.025, 46.025, 46.025, 46.025, 212]
['2019-03-28 15:33:00', 46.01, 46.03, 46.01, 46.03, 303]
['2019-03-28 15:32:00', 46.01, 46.0, 46.0, 46.01, 341]
['2019-03-28 15:31:00', 46.0, 46.01, 46.0, 46.01, 530]
['2019-03-28 15:30:00', 46.01, 45.99, 45.99, 46.01, 420]
['2019-03-28 15:29:00', 46.03, 46.0, 46.0, 46.03, 605]
['2019-03-28 15:28:00', 46.05, 46.05, 46.05, 46.05, 100]
['2019-03-28 15:27:00', 46.02, 46.04, 46.02, 46.04, 920]
['2019-03-28 15:26:00', 46.0, 46.0, 46.0, 46.0, 102]
['2019-03-28 15:24:00', 46.0, 46.0, 46.0, 46.0, 522]
['2019-03-28 15:22:00', 46.02, 46.02, 46.02, 46.02, 696]
['2019-03-28 15:21:00', 46.0, 46.02, 46.0, 46.02, 860]
['2019-03-28 15:16:00', 46.02, 46.04, 46.02, 46.04, 1368]
['2019-03-28 15:15:00', 46.02, 46.02, 46.02, 46.02, 409]
['2019-03-28 15:14:00', 46.03, 46.03, 46.03, 46.03, 799]
['2019-03-28 15:13:00', 46.02, 46.04, 46.02, 46.04, 1240]
['2019-03-28 15:12:00', 46.01, 46.01, 46.01, 46.01, 437]
['2019-03-28 15:08:00', 45.97, 46.0, 45.97, 46.0, 1107]
['2019-03-28 15:06:00', 45.98, 45.98, 45.98, 45.98, 327]
['2019-03-28 15:05:00', 45.98, 45.99, 45.98, 45.99, 454]
['2019-03-28 15:04:00', 45.96, 45.96, 45.96, 45.96, 110]
['2019-03-28 15:03:00', 45.94, 45.95, 45.94, 45.95, 411]
['2019-03-28 15:02:00', 45.91, 45.94, 45.9, 45.94, 1875]
['2019-03-28 15:01:00', 45.92, 45.91, 45.91, 45.92, 800]
['2019-03-28 14:58:00', 45.91, 45.93, 45.91, 45.93, 1074]
['2019-03-28 14:57:00', 45.9, 45.9, 45.9, 45.9, 641]
['2019-03-28 14:56:00', 45.93, 45.93, 45.93, 45.93, 100]
['2019-03-28 14:55:00', 45.91, 45.91, 45.91, 45.91, 300]
['2019-03-28 14:53:00', 45.89, 45.89, 45.89, 45.89, 201]
['2019-03-28 14:51:00', 45.94, 45.89, 45.89, 45.94, 711]
['2019-03-28 14:49:00', 45.97, 45.97, 45.97, 45.97, 129]
['2019-03-28 14:48:00', 45.94, 45.97, 45.94, 45.97, 1884]
['2019-03-28 14:47:00', 45.91, 45.91, 45.91, 45.91, 110]
['2019-03-28 14:45:00', 45.93, 45.91, 45.91, 45.93, 730]
['2019-03-28 14:43:00', 45.93, 45.93, 45.93, 45.93, 101]
['2019-03-28 14:42:00', 45.93, 45.93, 45.93, 45.93, 100]
['2019-03-28 14:40:00', 45.93, 45.93, 45.93, 45.93, 102]
['2019-03-28 14:35:00', 45.97, 45.96, 45.96, 45.97, 603]
['2019-03-28 14:34:00', 45.97, 45.97, 45.97, 45.97, 401]
['2019-03-28 14:33:00', 45.96, 45.96, 45.96, 45.96, 101]
['2019-03-28 14:31:00', 45.98, 45.98, 45.98, 45.98, 200]
['2019-03-28 14:30:00', 46.0, 46.0, 46.0, 46.0, 300]
['2019-03-28 14:27:00', 45.99, 45.98, 45.98, 45.99, 927]
['2019-03-28 14:26:00', 45.98, 45.99, 45.98, 45.99, 731]
['2019-03-28 14:25:00', 45.96, 45.96, 45.96, 45.96, 220]
['2019-03-28 14:24:00', 45.95, 45.95, 45.95, 45.95, 263]
['2019-03-28 14:22:00', 45.94, 45.94, 45.93, 45.94, 695]
['2019-03-28 14:21:00', 45.94, 45.945, 45.94, 45.945, 419]
['2019-03-28 14:20:00', 45.93, 45.93, 45.93, 45.93, 340]
['2019-03-28 14:17:00', 45.95, 45.95, 45.95, 45.95, 102]
['2019-03-28 14:16:00', 45.94, 45.94, 45.94, 45.94, 200]
['2019-03-28 14:15:00', 45.97, 45.95, 45.95, 45.98, 1104]
['2019-03-28 14:14:00', 45.96, 45.96, 45.96, 45.96, 200]
['2019-03-28 14:12:00', 45.94, 45.95, 45.94, 45.95, 526]
['2019-03-28 14:11:00', 45.93, 45.93, 45.93, 45.93, 228]
['2019-03-28 14:09:00', 45.93, 45.93, 45.93, 45.93, 201]
['2019-03-28 14:08:00', 45.94, 45.94, 45.94, 45.94, 401]
['2019-03-28 14:06:00', 45.94, 45.94, 45.94, 45.94, 120]
['2019-03-28 14:04:00', 45.95, 45.95, 45.95, 45.95, 101]
['2019-03-28 14:03:00', 45.94, 45.95, 45.94, 45.96, 1223]
['2019-03-28 14:02:00', 45.93, 45.94, 45.92, 45.94, 920]
['2019-03-28 14:01:00', 45.94, 45.94, 45.94, 45.94, 122]
['2019-03-28 14:00:00', 45.94, 45.94, 45.94, 45.94, 101]
['2019-03-28 13:59:00', 45.93, 45.93, 45.93, 45.93, 234]
['2019-03-28 13:58:00', 45.93, 45.93, 45.93, 45.93, 270]
['2019-03-28 13:56:00', 45.93, 45.93, 45.93, 45.93, 546]
['2019-03-28 13:55:00', 45.95, 45.95, 45.95, 45.95, 301]
['2019-03-28 13:53:00', 45.93, 45.93, 45.93, 45.93, 301]
['2019-03-28 13:50:00', 45.88, 45.89, 45.88, 45.89, 835]
['2019-03-28 13:47:00', 45.88, 45.88, 45.88, 45.88, 130]
['2019-03-28 13:44:00', 45.85, 45.86, 45.85, 45.87, 820]
['2019-03-28 13:42:00', 45.86, 45.85, 45.85, 45.86, 523]
['2019-03-28 13:41:00', 45.87, 45.87, 45.87, 45.87, 206]
['2019-03-28 13:35:00', 45.92, 45.91, 45.91, 45.93, 1316]
['2019-03-28 13:34:00', 45.9, 45.91, 45.9, 45.91, 220]
['2019-03-28 13:33:00', 45.86, 45.87, 45.86, 45.87, 510]
['2019-03-28 13:31:00', 45.84, 45.83, 45.83, 45.84, 522]
['2019-03-28 13:30:00', 45.84, 45.84, 45.84, 45.84, 426]
['2019-03-28 13:29:00', 45.85, 45.85, 45.85, 45.85, 501]
['2019-03-28 13:28:00', 45.81, 45.855, 45.81, 45.855, 1250]
['2019-03-28 13:27:00', 45.82, 45.82, 45.82, 45.82, 601]
['2019-03-28 13:25:00', 45.84, 45.84, 45.84, 45.84, 110]
['2019-03-28 13:24:00', 45.83, 45.83, 45.83, 45.83, 282]
['2019-03-28 13:23:00', 45.805, 45.82, 45.805, 45.82, 419]
['2019-03-28 13:22:00', 45.79, 45.8, 45.79, 45.8, 423]
['2019-03-28 13:19:00', 45.8, 45.77, 45.77, 45.81, 1800]
['2019-03-28 13:17:00', 45.78, 45.79, 45.78, 45.79, 744]
['2019-03-28 13:16:00', 45.81, 45.79, 45.79, 45.81, 655]
['2019-03-28 13:14:00', 45.82, 45.8075, 45.8075, 45.82, 1760]
['2019-03-28 13:11:00', 45.82, 45.8, 45.8, 45.82, 741]
['2019-03-28 13:08:00', 45.81, 45.8, 45.8, 45.81, 940]
['2019-03-28 13:06:00', 45.83, 45.825, 45.825, 45.83, 301]
['2019-03-28 13:05:00', 45.83, 45.83, 45.83, 45.83, 334]
['2019-03-28 13:02:00', 45.8, 45.82, 45.8, 45.82, 1776]
['2019-03-28 12:58:00', 45.79, 45.79, 45.78, 45.79, 519]
['2019-03-28 12:57:00', 45.81, 45.8, 45.8, 45.81, 1001]
['2019-03-28 12:56:00', 45.8, 45.8, 45.8, 45.8, 205]
['2019-03-28 12:53:00', 45.805, 45.76, 45.76, 45.805, 1006]
['2019-03-28 12:52:00', 45.75, 45.78, 45.75, 45.78, 720]
['2019-03-28 12:51:00', 45.72, 45.73, 45.72, 45.73, 970]
['2019-03-28 12:48:00', 45.72, 45.72, 45.71, 45.72, 831]
['2019-03-28 12:47:00', 45.72, 45.72, 45.72, 45.72, 100]
['2019-03-28 12:46:00', 45.74, 45.74, 45.74, 45.74, 200]
['2019-03-28 12:41:00', 45.71, 45.71, 45.71, 45.71, 621]
['2019-03-28 12:37:00', 45.65, 45.65, 45.65, 45.65, 382]
['2019-03-28 12:35:00', 45.65, 45.61, 45.61, 45.65, 551]
['2019-03-28 12:33:00', 45.69, 45.69, 45.69, 45.69, 315]
['2019-03-28 12:30:00', 45.65, 45.64, 45.64, 45.65, 324]
['2019-03-28 12:29:00', 45.64, 45.64, 45.63, 45.64, 1080]
['2019-03-28 12:27:00', 45.63, 45.63, 45.63, 45.63, 633]
['2019-03-28 12:26:00', 45.62, 45.62, 45.62, 45.62, 211]
['2019-03-28 12:25:00', 45.67, 45.65, 45.65, 45.67, 678]
['2019-03-28 12:24:00', 45.67, 45.67, 45.67, 45.67, 223]
['2019-03-28 12:23:00', 45.71, 45.67, 45.67, 45.71, 1972]
['2019-03-28 12:21:00', 45.72, 45.7092, 45.7092, 45.72, 821]
['2019-03-28 12:19:00', 45.7, 45.69, 45.68, 45.7, 659]
['2019-03-28 12:18:00', 45.67, 45.7, 45.67, 45.7, 518]
['2019-03-28 12:17:00', 45.65, 45.66, 45.65, 45.66, 601]
['2019-03-28 12:16:00', 45.66, 45.665, 45.66, 45.665, 223]
['2019-03-28 12:15:00', 45.65, 45.67, 45.65, 45.67, 823]
['2019-03-28 12:14:00', 45.65, 45.65, 45.65, 45.65, 302]
['2019-03-28 12:11:00', 45.68, 45.64, 45.64, 45.68, 402]
['2019-03-28 12:10:00', 45.71, 45.71, 45.71, 45.71, 311]
['2019-03-28 12:09:00', 45.72, 45.71, 45.71, 45.72, 600]
['2019-03-28 12:07:00', 45.74, 45.74, 45.74, 45.74, 741]
['2019-03-28 12:06:00', 45.71, 45.71, 45.71, 45.71, 100]
['2019-03-28 12:04:00', 45.74, 45.74, 45.74, 45.74, 529]
['2019-03-28 12:02:00', 45.76, 45.74, 45.74, 45.76, 300]
['2019-03-28 12:01:00', 45.76, 45.76, 45.76, 45.76, 524]
['2019-03-28 12:00:00', 45.78, 45.78, 45.78, 45.78, 208]
['2019-03-28 11:59:00', 45.76, 45.76, 45.76, 45.76, 376]
['2019-03-28 11:58:00', 45.7315, 45.77, 45.7315, 45.77, 405]
['2019-03-28 11:56:00', 45.72, 45.725, 45.72, 45.725, 201]
['2019-03-28 11:55:00', 45.71, 45.7, 45.7, 45.71, 435]
['2019-03-28 11:53:00', 45.71, 45.71, 45.71, 45.71, 201]
['2019-03-28 11:52:00', 45.75, 45.71, 45.71, 45.75, 803]
['2019-03-28 11:50:00', 45.75, 45.75, 45.75, 45.75, 108]
['2019-03-28 11:49:00', 45.73, 45.73, 45.73, 45.75, 759]
['2019-03-28 11:48:00', 45.69, 45.71, 45.69, 45.72, 1017]
['2019-03-28 11:45:00', 45.68, 45.68, 45.68, 45.68, 134]
['2019-03-28 11:44:00', 45.63, 45.66, 45.63, 45.66, 1147]
['2019-03-28 11:43:00', 45.63, 45.62, 45.62, 45.63, 610]
['2019-03-28 11:42:00', 45.63, 45.67, 45.63, 45.67, 1451]
['2019-03-28 11:41:00', 45.62, 45.63, 45.61, 45.63, 608]
['2019-03-28 11:40:00', 45.63, 45.63, 45.63, 45.63, 101]
['2019-03-28 11:39:00', 45.62, 45.65, 45.62, 45.65, 818]
['2019-03-28 11:38:00', 45.6, 45.62, 45.57, 45.62, 3514]
['2019-03-28 11:36:00', 45.61, 45.605, 45.605, 45.61, 205]
['2019-03-28 11:35:00', 45.58, 45.58, 45.58, 45.58, 401]
['2019-03-28 11:34:00', 45.55, 45.57, 45.55, 45.57, 1001]
['2019-03-28 11:32:00', 45.55, 45.57, 45.55, 45.58, 511]
['2019-03-28 11:31:00', 45.5, 45.58, 45.5, 45.58, 2093]
['2019-03-28 11:30:00', 45.55, 45.51, 45.51, 45.55, 400]
['2019-03-28 11:29:00', 45.59, 45.56, 45.56, 45.59, 401]
['2019-03-28 11:27:00', 45.6, 45.61, 45.59, 45.61, 895]
['2019-03-28 11:25:00', 45.63, 45.63, 45.63, 45.63, 201]
['2019-03-28 11:24:00', 45.64, 45.61, 45.61, 45.64, 772]
['2019-03-28 11:23:00', 45.69, 45.71, 45.67, 45.71, 1762]
['2019-03-28 11:22:00', 45.67, 45.71, 45.67, 45.71, 969]
['2019-03-28 11:21:00', 45.64, 45.61, 45.61, 45.64, 201]
['2019-03-28 11:20:00', 45.64, 45.64, 45.64, 45.64, 300]
['2019-03-28 11:18:00', 45.69, 45.69, 45.69, 45.69, 113]
['2019-03-28 11:16:00', 45.69, 45.65, 45.65, 45.69, 621]
['2019-03-28 11:15:00', 45.7, 45.7, 45.7, 45.7, 100]
['2019-03-28 11:14:00', 45.69, 45.71, 45.69, 45.71, 420]
['2019-03-28 11:13:00', 45.68, 45.67, 45.67, 45.68, 600]
['2019-03-28 11:12:00', 45.67, 45.67, 45.67, 45.67, 101]
['2019-03-28 11:11:00', 45.68, 45.67, 45.67, 45.7, 930]
['2019-03-28 11:10:00', 45.71, 45.69, 45.68, 45.71, 661]
['2019-03-28 11:09:00', 45.68, 45.71, 45.68, 45.71, 1263]
['2019-03-28 11:08:00', 45.71, 45.69, 45.69, 45.71, 965]
['2019-03-28 11:06:00', 45.74, 45.69, 45.69, 45.74, 873]
['2019-03-28 11:05:00', 45.74, 45.74, 45.74, 45.74, 301]
['2019-03-28 11:03:00', 45.76, 45.77, 45.76, 45.77, 851]
['2019-03-28 11:01:00', 45.82, 45.82, 45.82, 45.82, 400]
['2019-03-28 11:00:00', 45.82, 45.85, 45.82, 45.85, 885]
['2019-03-28 10:59:00', 45.82, 45.82, 45.82, 45.82, 401]
['2019-03-28 10:58:00', 45.88, 45.86, 45.86, 45.88, 300]
['2019-03-28 10:57:00', 45.86, 45.885, 45.86, 45.885, 521]
['2019-03-28 10:56:00', 45.82, 45.85, 45.81, 45.85, 1622]
['2019-03-28 10:54:00', 45.82, 45.82, 45.82, 45.82, 307]
['2019-03-28 10:53:00', 45.85, 45.84, 45.83, 45.85, 644]
['2019-03-28 10:51:00', 45.83, 45.83, 45.83, 45.89, 2529]
['2019-03-28 10:48:00', 45.83, 45.81, 45.8, 45.83, 1207]
['2019-03-28 10:47:00', 45.77, 45.77, 45.77, 45.82, 1544]
['2019-03-28 10:46:00', 45.765, 45.74, 45.74, 45.765, 300]
['2019-03-28 10:45:00', 45.75, 45.75, 45.75, 45.75, 501]
['2019-03-28 10:43:00', 45.78, 45.8, 45.78, 45.8, 829]
['2019-03-28 10:42:00', 45.72, 45.74, 45.72, 45.74, 514]
['2019-03-28 10:39:00', 45.72, 45.72, 45.72, 45.72, 201]
['2019-03-28 10:37:00', 45.75, 45.75, 45.75, 45.75, 200]
['2019-03-28 10:35:00', 45.76, 45.77, 45.76, 45.77, 702]
['2019-03-28 10:34:00', 45.77, 45.77, 45.77, 45.77, 200]
['2019-03-28 10:32:00', 45.72, 45.77, 45.72, 45.77, 1326]
['2019-03-28 10:31:00', 45.72, 45.72, 45.72, 45.72, 100]
['2019-03-28 10:30:00', 45.73, 45.71, 45.71, 45.73, 854]
['2019-03-28 10:29:00', 45.73, 45.73, 45.73, 45.73, 101]
['2019-03-28 10:26:00', 45.8, 45.73, 45.73, 45.8, 602]
['2019-03-28 10:25:00', 45.84, 45.85, 45.84, 45.85, 711]
['2019-03-28 10:22:00', 45.82, 45.85, 45.82, 45.88, 1160]
['2019-03-28 10:20:00', 45.8, 45.8, 45.8, 45.8, 310]
['2019-03-28 10:18:00', 45.83, 45.78, 45.78, 45.83, 605]
['2019-03-28 10:14:00', 45.89, 45.89, 45.89, 45.89, 101]
['2019-03-28 10:13:00', 45.93, 45.92, 45.92, 45.93, 955]
['2019-03-28 10:12:00', 45.91, 45.91, 45.91, 45.91, 100]
['2019-03-28 10:10:00', 45.91, 45.94, 45.91, 45.94, 1459]
['2019-03-28 10:09:00', 45.94, 45.94, 45.94, 45.94, 332]
['2019-03-28 10:08:00', 45.92, 45.92, 45.92, 45.92, 175]
['2019-03-28 10:05:00', 45.95, 45.95, 45.95, 45.95, 201]
['2019-03-28 10:04:00', 45.92, 45.92, 45.92, 45.92, 601]
['2019-03-28 10:02:00', 45.87, 45.87, 45.87, 45.87, 401]
['2019-03-28 10:01:00', 45.88, 45.9, 45.88, 45.92, 1007]
['2019-03-28 10:00:00', 45.89, 45.89, 45.89, 45.89, 941]
['2019-03-28 09:59:00', 45.79, 45.85, 45.79, 45.85, 1455]
['2019-03-28 09:55:00', 45.82, 45.81, 45.81, 45.85, 2402]
['2019-03-28 09:52:00', 45.81, 45.8, 45.8, 45.81, 810]
['2019-03-28 09:50:00', 45.82, 45.81, 45.81, 45.82, 201]
['2019-03-28 09:49:00', 45.85, 45.87, 45.85, 45.87, 401]
['2019-03-28 09:47:00', 45.8, 45.8, 45.8, 45.8, 101]
['2019-03-28 09:46:00', 45.83, 45.8, 45.8, 45.83, 1306]
['2019-03-28 09:43:00', 45.66, 45.76, 45.66, 45.76, 820]
['2019-03-28 09:41:00', 45.68, 45.68, 45.68, 45.68, 203]
['2019-03-28 09:39:00', 45.778, 45.68, 45.68, 45.778, 1008]
['2019-03-28 09:38:00', 45.79, 45.7, 45.69, 45.79, 588]
['2019-03-28 09:37:00', 45.68, 45.68, 45.68, 45.68, 200]
['2019-03-28 09:33:00', 45.78, 45.76, 45.73, 45.78, 1854]
['2019-03-27 16:00:00', 45.42, 45.42, 45.41, 45.43, 8281]
['2019-03-27 15:59:00', 45.45, 45.43, 45.42, 45.45, 3557]
['2019-03-27 15:58:00', 45.44, 45.45, 45.44, 45.46, 1388]
['2019-03-27 15:57:00', 45.49, 45.44, 45.44, 45.5, 3259]
['2019-03-27 15:56:00', 45.5, 45.505, 45.48, 45.52, 1788]
['2019-03-27 15:55:00', 45.52, 45.52, 45.515, 45.55, 2081]
['2019-03-27 15:54:00', 45.55, 45.54, 45.54, 45.55, 665]
['2019-03-27 15:53:00', 45.57, 45.56, 45.56, 45.57, 823]
['2019-03-27 15:52:00', 45.57, 45.57, 45.57, 45.57, 285]
['2019-03-27 15:51:00', 45.58, 45.58, 45.58, 45.58, 382]
['2019-03-27 15:49:00', 45.58, 45.58, 45.58, 45.58, 416]
['2019-03-27 15:47:00', 45.61, 45.6, 45.6, 45.61, 724]
['2019-03-27 15:46:00', 45.59, 45.62, 45.59, 45.62, 963]
['2019-03-27 15:45:00', 45.58, 45.59, 45.56, 45.59, 486]
['2019-03-27 15:44:00', 45.59, 45.59, 45.59, 45.59, 120]
['2019-03-27 15:43:00', 45.62, 45.61, 45.61, 45.62, 818]
['2019-03-27 15:42:00', 45.62, 45.62, 45.62, 45.62, 342]
['2019-03-27 15:41:00', 45.62, 45.61, 45.61, 45.62, 354]
['2019-03-27 15:40:00', 45.63, 45.63, 45.63, 45.63, 316]
['2019-03-27 15:38:00', 45.62, 45.61, 45.61, 45.62, 713]
['2019-03-27 15:37:00', 45.64, 45.62, 45.62, 45.65, 1369]
['2019-03-27 15:35:00', 45.62, 45.64, 45.62, 45.64, 815]
['2019-03-27 15:34:00', 45.61, 45.61, 45.61, 45.61, 768]
['2019-03-27 15:33:00', 45.61, 45.61, 45.61, 45.61, 104]
['2019-03-27 15:32:00', 45.57, 45.61, 45.57, 45.61, 3247]
['2019-03-27 15:31:00', 45.54, 45.58, 45.53, 45.58, 300]
['2019-03-27 15:29:00', 45.49, 45.5, 45.49, 45.5, 641]
['2019-03-27 15:28:00', 45.47, 45.49, 45.47, 45.49, 783]
['2019-03-27 15:26:00', 45.44, 45.44, 45.44, 45.44, 736]
['2019-03-27 15:24:00', 45.42, 45.45, 45.42, 45.47, 301]
['2019-03-27 15:23:00', 45.42, 45.42, 45.42, 45.42, 194]
['2019-03-27 15:22:00', 45.38, 45.38, 45.38, 45.38, 160]
['2019-03-27 15:21:00', 45.39, 45.39, 45.39, 45.39, 500]
['2019-03-27 15:20:00', 45.4, 45.4, 45.4, 45.4, 380]
['2019-03-27 15:19:00', 45.4, 45.4, 45.4, 45.4, 100]
['2019-03-27 15:18:00', 45.4, 45.38, 45.38, 45.4, 615]
['2019-03-27 15:17:00', 45.35, 45.35, 45.35, 45.35, 198]
['2019-03-27 15:15:00', 45.34, 45.34, 45.34, 45.34, 529]
['2019-03-27 15:14:00', 45.35, 45.31, 45.31, 45.35, 428]
['2019-03-27 15:13:00', 45.38, 45.38, 45.37, 45.39, 505]
['2019-03-27 15:12:00', 45.4, 45.4, 45.4, 45.4, 241]
['2019-03-27 15:11:00', 45.34, 45.39, 45.34, 45.39, 781]
['2019-03-27 15:09:00', 45.39, 45.32, 45.32, 45.39, 1107]
['2019-03-27 15:08:00', 45.44, 45.39, 45.39, 45.44, 200]
['2019-03-27 15:07:00', 45.44, 45.44, 45.44, 45.44, 100]
['2019-03-27 15:05:00', 45.42, 45.42, 45.42, 45.42, 1244]
['2019-03-27 15:04:00', 45.42, 45.41, 45.41, 45.42, 618]
['2019-03-27 15:02:00', 45.42, 45.42, 45.42, 45.42, 200]
['2019-03-27 15:01:00', 45.43, 45.43, 45.43, 45.43, 187]
['2019-03-27 15:00:00', 45.45, 45.46, 45.45, 45.46, 200]
['2019-03-27 14:59:00', 45.5, 45.46, 45.46, 45.5, 686]
['2019-03-27 14:53:00', 45.51, 45.51, 45.51, 45.51, 435]
['2019-03-27 14:51:00', 45.5, 45.5, 45.5, 45.5, 185]
['2019-03-27 14:48:00', 45.46, 45.48, 45.46, 45.48, 1032]
['2019-03-27 14:46:00', 45.45, 45.46, 45.45, 45.46, 922]
['2019-03-27 14:45:00', 45.39, 45.39, 45.39, 45.39, 113]
['2019-03-27 14:44:00', 45.45, 45.465, 45.45, 45.465, 327]
['2019-03-27 14:43:00', 45.45, 45.45, 45.45, 45.45, 100]
['2019-03-27 14:40:00', 45.44, 45.44, 45.44, 45.44, 214]
['2019-03-27 14:39:00', 45.55, 45.5, 45.5, 45.55, 731]
['2019-03-27 14:38:00', 45.59, 45.59, 45.59, 45.59, 135]
['2019-03-27 14:37:00', 45.59, 45.59, 45.59, 45.59, 100]
['2019-03-27 14:35:00', 45.57, 45.57, 45.57, 45.57, 100]
['2019-03-27 14:33:00', 45.65, 45.62, 45.62, 45.65, 842]
['2019-03-27 14:31:00', 45.63, 45.64, 45.63, 45.64, 415]
['2019-03-27 14:30:00', 45.59, 45.64, 45.59, 45.64, 992]
['2019-03-27 14:29:00', 45.62, 45.62, 45.62, 45.62, 300]
['2019-03-27 14:28:00', 45.59, 45.59, 45.59, 45.59, 125]
['2019-03-27 14:25:00', 45.59, 45.61, 45.59, 45.61, 560]
['2019-03-27 14:22:00', 45.58, 45.54, 45.54, 45.58, 400]
['2019-03-27 14:21:00', 45.58, 45.58, 45.58, 45.58, 100]
['2019-03-27 14:19:00', 45.63, 45.63, 45.63, 45.63, 438]
['2019-03-27 14:16:00', 45.65, 45.65, 45.65, 45.65, 500]
['2019-03-27 14:15:00', 45.65, 45.65, 45.65, 45.65, 348]
['2019-03-27 14:14:00', 45.66, 45.64, 45.64, 45.66, 731]
['2019-03-27 14:12:00', 45.62, 45.67, 45.6, 45.67, 720]
['2019-03-27 14:10:00', 45.555, 45.555, 45.555, 45.555, 105]
['2019-03-27 14:09:00', 45.56, 45.56, 45.56, 45.56, 706]
['2019-03-27 14:08:00', 45.52, 45.54, 45.52, 45.55, 2450]
['2019-03-27 14:07:00', 45.52, 45.5, 45.5, 45.52, 1997]
['2019-03-27 14:06:00', 45.5601, 45.5601, 45.5601, 45.5601, 100]
['2019-03-27 14:05:00', 45.6, 45.58, 45.58, 45.61, 1416]
['2019-03-27 14:04:00', 45.58, 45.56, 45.56, 45.58, 866]
['2019-03-27 14:01:00', 45.53, 45.55, 45.515, 45.55, 1569]
['2019-03-27 14:00:00', 45.5, 45.5, 45.5, 45.5, 117]
['2019-03-27 13:59:00', 45.52, 45.52, 45.51, 45.53, 1811]
['2019-03-27 13:57:00', 45.54, 45.54, 45.535, 45.54, 630]
['2019-03-27 13:56:00', 45.54, 45.52, 45.52, 45.54, 947]
['2019-03-27 13:55:00', 45.5, 45.5, 45.5, 45.5, 173]
['2019-03-27 13:54:00', 45.53, 45.53, 45.53, 45.53, 204]
['2019-03-27 13:53:00', 45.55, 45.54, 45.54, 45.56, 1834]
['2019-03-27 13:50:00', 45.55, 45.54, 45.54, 45.55, 400]
['2019-03-27 13:47:00', 45.56, 45.56, 45.56, 45.56, 405]
['2019-03-27 13:46:00', 45.55, 45.59, 45.55, 45.59, 1767]
['2019-03-27 13:45:00', 45.56, 45.57, 45.56, 45.575, 1754]
['2019-03-27 13:43:00', 45.5501, 45.56, 45.5501, 45.58, 1730]
['2019-03-27 13:42:00', 45.55, 45.55, 45.55, 45.55, 100]
['2019-03-27 13:41:00', 45.55, 45.55, 45.54, 45.55, 1643]
['2019-03-27 13:40:00', 45.535, 45.535, 45.535, 45.535, 100]
['2019-03-27 13:37:00', 45.52, 45.52, 45.52, 45.57, 2325]
['2019-03-27 13:36:00', 45.54, 45.49, 45.49, 45.54, 1979]
['2019-03-27 13:32:00', 45.58, 45.55, 45.55, 45.58, 1397]
['2019-03-27 13:31:00', 45.58, 45.58, 45.58, 45.58, 170]
['2019-03-27 13:30:00', 45.52, 45.535, 45.52, 45.535, 1345]
['2019-03-27 13:29:00', 45.51, 45.51, 45.51, 45.51, 100]
['2019-03-27 13:28:00', 45.51, 45.51, 45.51, 45.51, 115]
['2019-03-27 13:27:00', 45.52, 45.53, 45.52, 45.53, 200]
['2019-03-27 13:26:00', 45.51, 45.5, 45.5, 45.51, 905]
['2019-03-27 13:25:00', 45.475, 45.475, 45.475, 45.475, 400]
['2019-03-27 13:23:00', 45.5, 45.47, 45.47, 45.5, 950]
['2019-03-27 13:22:00', 45.485, 45.48, 45.48, 45.5, 1890]
['2019-03-27 13:20:00', 45.44, 45.44, 45.44, 45.44, 228]
['2019-03-27 13:18:00', 45.52, 45.51, 45.51, 45.52, 360]
['2019-03-27 13:17:00', 45.53, 45.54, 45.53, 45.54, 805]
['2019-03-27 13:15:00', 45.46, 45.52, 45.44, 45.52, 2231]
['2019-03-27 13:14:00', 45.42, 45.46, 45.42, 45.46, 811]
['2019-03-27 13:13:00', 45.4, 45.4, 45.4, 45.4, 311]
['2019-03-27 13:12:00', 45.38, 45.39, 45.38, 45.39, 772]
['2019-03-27 13:10:00', 45.41, 45.41, 45.41, 45.41, 319]
['2019-03-27 13:09:00', 45.43, 45.43, 45.43, 45.43, 204]
['2019-03-27 13:08:00', 45.44, 45.44, 45.44, 45.44, 400]
['2019-03-27 13:07:00', 45.43, 45.455, 45.43, 45.455, 1764]
['2019-03-27 13:06:00', 45.4, 45.4, 45.4, 45.4, 141]
['2019-03-27 13:04:00', 45.43, 45.43, 45.43, 45.43, 367]
['2019-03-27 13:02:00', 45.42, 45.43, 45.42, 45.43, 1081]
['2019-03-27 12:59:00', 45.49, 45.49, 45.49, 45.49, 402]
['2019-03-27 12:57:00', 45.51, 45.51, 45.51, 45.51, 200]
['2019-03-27 12:55:00', 45.54, 45.54, 45.54, 45.54, 120]
['2019-03-27 12:54:00', 45.58, 45.57, 45.57, 45.58, 1268]
['2019-03-27 12:53:00', 45.57, 45.58, 45.57, 45.61, 1380]
['2019-03-27 12:52:00', 45.57, 45.55, 45.55, 45.58, 515]
['2019-03-27 12:51:00', 45.575, 45.52, 45.52, 45.575, 656]
['2019-03-27 12:50:00', 45.55, 45.58, 45.54, 45.58, 448]
['2019-03-27 12:49:00', 45.55, 45.55, 45.55, 45.56, 900]
['2019-03-27 12:48:00', 45.57, 45.55, 45.55, 45.57, 1224]
['2019-03-27 12:46:00', 45.59, 45.61, 45.59, 45.61, 1075]
['2019-03-27 12:45:00', 45.58, 45.59, 45.565, 45.59, 1004]
['2019-03-27 12:43:00', 45.55, 45.55, 45.55, 45.55, 186]
['2019-03-27 12:42:00', 45.58, 45.565, 45.565, 45.58, 344]
['2019-03-27 12:41:00', 45.6, 45.6, 45.6, 45.6, 100]
['2019-03-27 12:40:00', 45.66, 45.66, 45.66, 45.66, 100]
['2019-03-27 12:39:00', 45.62, 45.63, 45.61, 45.64, 2044]
['2019-03-27 12:36:00', 45.605, 45.605, 45.605, 45.605, 115]
['2019-03-27 12:32:00', 45.63, 45.61, 45.61, 45.63, 346]
['2019-03-27 12:30:00', 45.66, 45.6, 45.6, 45.66, 535]
['2019-03-27 12:28:00', 45.58, 45.6, 45.58, 45.67, 516]
['2019-03-27 12:27:00', 45.58, 45.58, 45.55, 45.59, 750]
['2019-03-27 12:26:00', 45.57, 45.57, 45.57, 45.57, 438]
['2019-03-27 12:25:00', 45.57, 45.56, 45.56, 45.62, 330]
['2019-03-27 12:24:00', 45.52, 45.5, 45.5, 45.6, 1318]
['2019-03-27 12:23:00', 45.56, 45.55, 45.55, 45.56, 400]
['2019-03-27 12:22:00', 45.51, 45.55, 45.51, 45.55, 2090]
['2019-03-27 12:21:00', 45.47, 45.5, 45.455, 45.5, 500]
['2019-03-27 12:20:00', 45.41, 45.42, 45.41, 45.42, 609]
['2019-03-27 12:19:00', 45.45, 45.43, 45.43, 45.45, 608]
['2019-03-27 12:17:00', 45.44, 45.47, 45.44, 45.47, 262]
['2019-03-27 12:14:00', 45.48, 45.42, 45.42, 45.48, 1010]
['2019-03-27 12:13:00', 45.39, 45.48, 45.39, 45.48, 1431]
['2019-03-27 12:12:00', 45.39, 45.39, 45.39, 45.39, 100]
['2019-03-27 12:10:00', 45.36, 45.37, 45.36, 45.37, 660]
['2019-03-27 12:09:00', 45.4, 45.4, 45.4, 45.4, 254]
['2019-03-27 12:07:00', 45.35, 45.35, 45.35, 45.35, 105]
['2019-03-27 12:06:00', 45.34, 45.38, 45.34, 45.38, 405]
['2019-03-27 12:05:00', 45.29, 45.31, 45.29, 45.31, 55836]
['2019-03-27 12:04:00', 45.23, 45.23, 45.23, 45.23, 0]
['2019-03-27 12:01:00', 45.21, 45.21, 45.21, 45.21, 455]
['2019-03-27 11:58:00', 45.23, 45.18, 45.18, 45.24, 836]
['2019-03-27 11:57:00', 45.2, 45.21, 45.185, 45.21, 891]
['2019-03-27 11:55:00', 45.16, 45.16, 45.16, 45.16, 305]
['2019-03-27 11:54:00', 45.09, 45.15, 45.09, 45.15, 332]
['2019-03-27 11:52:00', 45.16, 45.16, 45.16, 45.16, 200]
['2019-03-27 11:51:00', 45.185, 45.185, 45.185, 45.185, 100]
['2019-03-27 11:50:00', 45.13, 45.14, 45.13, 45.21, 1421]
['2019-03-27 11:49:00', 45.12, 45.12, 45.12, 45.12, 229]
['2019-03-27 11:47:00', 45.12, 45.19, 45.12, 45.19, 200]
['2019-03-27 11:45:00', 45.21, 45.14, 45.14, 45.21, 500]
['2019-03-27 11:44:00', 45.14, 45.17, 45.14, 45.17, 600]
['2019-03-27 11:43:00', 45.21, 45.16, 45.16, 45.21, 900]
['2019-03-27 11:41:00', 45.2, 45.24, 45.2, 45.24, 233]
['2019-03-27 11:40:00', 45.15, 45.2, 45.15, 45.2, 1013]
['2019-03-27 11:39:00', 45.13, 45.14, 45.13, 45.14, 521]
['2019-03-27 11:37:00', 45.1, 45.14, 45.1, 45.14, 304]
['2019-03-27 11:35:00', 45.17, 45.17, 45.17, 45.17, 422]
['2019-03-27 11:33:00', 45.24, 45.24, 45.24, 45.27, 400]
['2019-03-27 11:32:00', 45.24, 45.24, 45.24, 45.24, 212]
['2019-03-27 11:30:00', 45.22, 45.22, 45.22, 45.22, 428]
['2019-03-27 11:29:00', 45.31, 45.31, 45.31, 45.31, 363]
['2019-03-27 11:28:00', 45.33, 45.3, 45.3, 45.33, 521]
['2019-03-27 11:26:00', 45.32, 45.33, 45.32, 45.37, 904]
['2019-03-27 11:24:00', 45.3, 45.32, 45.29, 45.32, 1106]
['2019-03-27 11:20:00', 45.27, 45.28, 45.27, 45.3, 1216]
['2019-03-27 11:19:00', 45.25, 45.25, 45.25, 45.25, 279]
['2019-03-27 11:18:00', 45.25, 45.3, 45.25, 45.3, 413]
['2019-03-27 11:17:00', 45.3, 45.33, 45.3, 45.33, 600]
['2019-03-27 11:16:00', 45.35, 45.35, 45.35, 45.35, 219]
['2019-03-27 11:15:00', 45.35, 45.35, 45.35, 45.35, 200]
['2019-03-27 11:14:00', 45.36, 45.36, 45.36, 45.36, 126]
['2019-03-27 11:13:00', 45.41, 45.385, 45.35, 45.42, 1405]
['2019-03-27 11:08:00', 45.4, 45.44, 45.4, 45.44, 1113]
['2019-03-27 11:06:00', 45.37, 45.37, 45.37, 45.37, 529]
['2019-03-27 11:04:00', 45.42, 45.42, 45.42, 45.43, 702]
['2019-03-27 11:03:00', 45.46, 45.42, 45.42, 45.46, 1024]
['2019-03-27 11:02:00', 45.51, 45.46, 45.46, 45.51, 2311]
['2019-03-27 10:55:00', 45.46, 45.47, 45.46, 45.47, 626]
['2019-03-27 10:54:00', 45.47, 45.45, 45.45, 45.47, 901]
['2019-03-27 10:52:00', 45.45, 45.51, 45.45, 45.51, 402]
['2019-03-27 10:51:00', 45.47, 45.47, 45.47, 45.47, 905]
['2019-03-27 10:50:00', 45.53, 45.53, 45.53, 45.53, 119]
['2019-03-27 10:48:00', 45.51, 45.505, 45.505, 45.52, 851]
['2019-03-27 10:46:00', 45.49, 45.49, 45.49, 45.49, 447]
['2019-03-27 10:43:00', 45.56, 45.55, 45.55, 45.56, 530]
['2019-03-27 10:42:00', 45.57, 45.56, 45.56, 45.57, 200]
['2019-03-27 10:41:00', 45.61, 45.6, 45.6, 45.61, 319]
['2019-03-27 10:39:00', 45.6, 45.6, 45.6, 45.6, 400]
['2019-03-27 10:37:00', 45.73, 45.7, 45.68, 45.73, 3748]
['2019-03-27 10:36:00', 45.765, 45.75, 45.73, 45.765, 1468]
['2019-03-27 10:34:00', 45.75, 45.75, 45.75, 45.75, 148]
['2019-03-27 10:33:00', 45.67, 45.71, 45.67, 45.71, 1875]
['2019-03-27 10:29:00', 45.67, 45.67, 45.67, 45.67, 305]
['2019-03-27 10:27:00', 45.726, 45.67, 45.67, 45.726, 1105]
['2019-03-27 10:26:00', 45.75, 45.715, 45.715, 45.75, 368]
['2019-03-27 10:21:00', 45.66, 45.66, 45.66, 45.66, 147]
['2019-03-27 10:18:00', 45.66, 45.66, 45.66, 45.66, 100]
['2019-03-27 10:13:00', 45.62, 45.63, 45.58, 45.63, 1308]
['2019-03-27 10:11:00', 45.62, 45.64, 45.62, 45.64, 200]
['2019-03-27 10:09:00', 45.63, 45.63, 45.63, 45.63, 400]
['2019-03-27 10:08:00', 45.59, 45.62, 45.59, 45.62, 607]
['2019-03-27 10:07:00', 45.55, 45.55, 45.55, 45.55, 100]
['2019-03-27 10:06:00', 45.57, 45.57, 45.57, 45.57, 610]
['2019-03-27 10:02:00', 45.495, 45.57, 45.495, 45.58, 1602]
['2019-03-27 10:01:00', 45.53, 45.51, 45.51, 45.53, 930]
['2019-03-27 09:59:00', 45.52, 45.53, 45.52, 45.53, 313]
['2019-03-27 09:58:00', 45.53, 45.53, 45.53, 45.53, 310]
['2019-03-27 09:57:00', 45.62, 45.6, 45.6, 45.62, 631]
['2019-03-27 09:55:00', 45.63, 45.62, 45.62, 45.63, 205]
['2019-03-27 09:52:00', 45.65, 45.65, 45.65, 45.65, 100]
['2019-03-27 09:46:00', 45.64, 45.64, 45.64, 45.69, 1383]
['2019-03-27 09:45:00', 45.62, 45.64, 45.61, 45.64, 2545]
['2019-03-27 09:43:00', 45.635, 45.635, 45.635, 45.635, 200]
['2019-03-27 09:42:00', 45.62, 45.62, 45.62, 45.62, 785]
['2019-03-27 09:41:00', 45.67, 45.67, 45.67, 45.67, 100]
['2019-03-27 09:31:00', 45.51, 45.51, 45.51, 45.51, 3451]
['2019-03-26 16:00:00', 45.71, 45.67, 45.67, 45.71, 14844]
['2019-03-26 15:59:00', 45.71, 45.71, 45.71, 45.71, 1872]
['2019-03-26 15:58:00', 45.71, 45.71, 45.71, 45.71, 560]
['2019-03-26 15:57:00', 45.71, 45.71, 45.71, 45.71, 1490]
['2019-03-26 15:56:00', 45.74, 45.74, 45.74, 45.74, 1998]
['2019-03-26 15:55:00', 45.71, 45.7, 45.7, 45.71, 2423]
['2019-03-26 15:53:00', 45.71, 45.71, 45.71, 45.71, 937]
['2019-03-26 15:52:00', 45.69, 45.69, 45.69, 45.69, 1188]
['2019-03-26 15:51:00', 45.69, 45.69, 45.69, 45.69, 992]
['2019-03-26 15:49:00', 45.69, 45.69, 45.69, 45.69, 1041]
['2019-03-26 15:48:00', 45.66, 45.69, 45.66, 45.69, 2205]
['2019-03-26 15:47:00', 45.6, 45.6, 45.6, 45.6, 625]
['2019-03-26 15:46:00', 45.59, 45.59, 45.59, 45.59, 900]
['2019-03-26 15:45:00', 45.56, 45.56, 45.56, 45.56, 948]
['2019-03-26 15:44:00', 45.61, 45.61, 45.61, 45.61, 316]
['2019-03-26 15:43:00', 45.6, 45.6, 45.6, 45.6, 1021]
['2019-03-26 15:41:00', 45.62, 45.62, 45.62, 45.62, 760]
['2019-03-26 15:39:00', 45.64, 45.64, 45.63, 45.64, 1870]
['2019-03-26 15:37:00', 45.66, 45.66, 45.66, 45.66, 262]
['2019-03-26 15:35:00', 45.66, 45.66, 45.66, 45.66, 521]
['2019-03-26 15:34:00', 45.65, 45.65, 45.65, 45.65, 1355]
['2019-03-26 15:33:00', 45.67, 45.675, 45.67, 45.675, 754]
['2019-03-26 15:32:00', 45.67, 45.67, 45.67, 45.67, 729]
['2019-03-26 15:31:00', 45.65, 45.65, 45.65, 45.65, 313]
['2019-03-26 15:29:00', 45.67, 45.67, 45.67, 45.67, 1008]
['2019-03-26 15:28:00', 45.675, 45.675, 45.675, 45.675, 832]
['2019-03-26 15:27:00', 45.66, 45.66, 45.66, 45.66, 441]
['2019-03-26 15:25:00', 45.68, 45.68, 45.68, 45.68, 368]
['2019-03-26 15:24:00', 45.66, 45.66, 45.66, 45.66, 357]
['2019-03-26 15:23:00', 45.66, 45.66, 45.66, 45.66, 150]
['2019-03-26 15:22:00', 45.68, 45.68, 45.68, 45.68, 581]
['2019-03-26 15:21:00', 45.69, 45.69, 45.69, 45.69, 831]
['2019-03-26 15:20:00', 45.7, 45.7, 45.7, 45.7, 711]
['2019-03-26 15:19:00', 45.685, 45.709, 45.685, 45.71, 2849]
['2019-03-26 15:16:00', 45.72, 45.71, 45.71, 45.72, 619]
['2019-03-26 15:14:00', 45.75, 45.75, 45.75, 45.75, 247]
['2019-03-26 15:12:00', 45.75, 45.75, 45.75, 45.75, 611]
['2019-03-26 15:11:00', 45.74, 45.74, 45.74, 45.74, 627]
['2019-03-26 15:10:00', 45.81, 45.8, 45.8, 45.81, 1360]
['2019-03-26 15:09:00', 45.82, 45.82, 45.82, 45.82, 409]
['2019-03-26 15:05:00', 45.86, 45.86, 45.86, 45.86, 302]
['2019-03-26 15:02:00', 45.88, 45.87, 45.87, 45.88, 1767]
['2019-03-26 15:01:00', 45.86, 45.86, 45.86, 45.86, 726]
['2019-03-26 14:59:00', 45.79, 45.795, 45.79, 45.795, 1307]
['2019-03-26 14:58:00', 45.76, 45.76, 45.76, 45.76, 681]
['2019-03-26 14:57:00', 45.74, 45.74, 45.74, 45.74, 861]
['2019-03-26 14:56:00', 45.71, 45.71, 45.71, 45.71, 101]
['2019-03-26 14:54:00', 45.74, 45.74, 45.74, 45.74, 236]
['2019-03-26 14:52:00', 45.77, 45.77, 45.77, 45.77, 352]
['2019-03-26 14:50:00', 45.78, 45.75, 45.75, 45.78, 993]
['2019-03-26 14:45:00', 45.72, 45.74, 45.72, 45.74, 1733]
['2019-03-26 14:44:00', 45.7, 45.7, 45.7, 45.7, 932]
['2019-03-26 14:43:00', 45.71, 45.71, 45.71, 45.71, 250]
['2019-03-26 14:42:00', 45.69, 45.69, 45.69, 45.69, 210]
['2019-03-26 14:38:00', 45.64, 45.64, 45.64, 45.64, 260]
['2019-03-26 14:36:00', 45.62, 45.62, 45.62, 45.62, 420]
['2019-03-26 14:35:00', 45.61, 45.61, 45.61, 45.61, 500]
['2019-03-26 14:33:00', 45.59, 45.59, 45.59, 45.59, 897]
['2019-03-26 14:28:00', 45.675, 45.675, 45.675, 45.675, 698]
['2019-03-26 14:27:00', 45.65, 45.65, 45.65, 45.65, 488]
['2019-03-26 14:25:00', 45.67, 45.67, 45.67, 45.67, 367]
['2019-03-26 14:24:00', 45.67, 45.67, 45.67, 45.67, 618]
['2019-03-26 14:22:00', 45.64, 45.64, 45.64, 45.64, 991]
['2019-03-26 14:18:00', 45.63, 45.63, 45.63, 45.63, 229]
['2019-03-26 14:17:00', 45.6, 45.6, 45.6, 45.6, 200]
['2019-03-26 14:15:00', 45.58, 45.58, 45.58, 45.58, 295]
['2019-03-26 14:14:00', 45.61, 45.61, 45.61, 45.61, 516]
['2019-03-26 14:13:00', 45.61, 45.61, 45.61, 45.61, 401]
['2019-03-26 14:10:00', 45.63, 45.63, 45.63, 45.63, 552]
['2019-03-26 14:09:00', 45.61, 45.61, 45.61, 45.61, 260]
['2019-03-26 14:07:00', 45.58, 45.58, 45.58, 45.58, 902]
['2019-03-26 14:05:00', 45.58, 45.58, 45.58, 45.58, 347]
['2019-03-26 14:03:00', 45.55, 45.55, 45.55, 45.55, 107]
['2019-03-26 14:02:00', 45.65, 45.6, 45.6, 45.65, 723]
['2019-03-26 13:57:00', 45.63, 45.63, 45.63, 45.63, 333]
['2019-03-26 13:55:00', 45.66, 45.66, 45.66, 45.66, 254]
['2019-03-26 13:53:00', 45.69, 45.67, 45.67, 45.69, 798]
['2019-03-26 13:49:00', 45.71, 45.71, 45.71, 45.71, 1060]
['2019-03-26 13:46:00', 45.655, 45.655, 45.655, 45.655, 756]
['2019-03-26 13:41:00', 45.67, 45.67, 45.67, 45.67, 325]
['2019-03-26 13:40:00', 45.65, 45.65, 45.65, 45.65, 632]
['2019-03-26 13:38:00', 45.66, 45.66, 45.66, 45.66, 369]
['2019-03-26 13:35:00', 45.71, 45.71, 45.71, 45.71, 457]
['2019-03-26 13:34:00', 45.73, 45.73, 45.73, 45.73, 208]
['2019-03-26 13:32:00', 45.71, 45.71, 45.71, 45.71, 126]
['2019-03-26 13:29:00', 45.76, 45.78, 45.76, 45.78, 1753]
['2019-03-26 13:24:00', 45.78, 45.78, 45.78, 45.78, 865]
['2019-03-26 13:23:00', 45.77, 45.77, 45.77, 45.77, 434]
['2019-03-26 13:18:00', 45.785, 45.785, 45.785, 45.785, 452]
['2019-03-26 13:16:00', 45.77, 45.75, 45.75, 45.77, 482]
['2019-03-26 13:15:00', 45.755, 45.755, 45.755, 45.755, 146]
['2019-03-26 13:13:00', 45.71, 45.71, 45.71, 45.71, 556]
['2019-03-26 13:12:00', 45.68, 45.68, 45.68, 45.68, 589]
['2019-03-26 13:11:00', 45.68, 45.68, 45.68, 45.68, 576]
['2019-03-26 13:08:00', 45.68, 45.68, 45.68, 45.68, 349]
['2019-03-26 13:05:00', 45.66, 45.66, 45.66, 45.66, 311]
['2019-03-26 13:04:00', 45.655, 45.655, 45.655, 45.655, 310]
['2019-03-26 13:02:00', 45.58, 45.6, 45.58, 45.6, 766]
['2019-03-26 13:00:00', 45.54, 45.54, 45.54, 45.54, 416]
['2019-03-26 12:59:00', 45.6, 45.6, 45.6, 45.6, 659]
['2019-03-26 12:58:00', 45.64, 45.64, 45.64, 45.64, 231]
['2019-03-26 12:57:00', 45.64, 45.64, 45.64, 45.64, 251]
['2019-03-26 12:56:00', 45.65, 45.65, 45.65, 45.65, 276]
['2019-03-26 12:55:00', 45.66, 45.66, 45.66, 45.66, 200]
['2019-03-26 12:54:00', 45.67, 45.67, 45.67, 45.67, 658]
['2019-03-26 12:53:00', 45.69, 45.69, 45.69, 45.69, 138]
['2019-03-26 12:52:00', 45.69, 45.69, 45.69, 45.69, 434]
['2019-03-26 12:51:00', 45.65, 45.65, 45.65, 45.65, 713]
['2019-03-26 12:50:00', 45.64, 45.64, 45.64, 45.64, 1066]
['2019-03-26 12:49:00', 45.65, 45.65, 45.65, 45.65, 330]
['2019-03-26 12:46:00', 45.69, 45.71, 45.69, 45.71, 530]
['2019-03-26 12:45:00', 45.74, 45.74, 45.74, 45.74, 1205]
['2019-03-26 12:44:00', 45.71, 45.76, 45.68, 45.76, 5004]
['2019-03-26 12:43:00', 45.675, 45.675, 45.675, 45.675, 618]
['2019-03-26 12:38:00', 45.74, 45.74, 45.74, 45.74, 225]
['2019-03-26 12:37:00', 45.76, 45.76, 45.76, 45.76, 327]
['2019-03-26 12:36:00', 45.76, 45.76, 45.76, 45.76, 442]
['2019-03-26 12:33:00', 45.79, 45.79, 45.79, 45.79, 108]
['2019-03-26 12:32:00', 45.775, 45.775, 45.775, 45.775, 136]
['2019-03-26 12:31:00', 45.79, 45.79, 45.79, 45.79, 102]
['2019-03-26 12:30:00', 45.79, 45.79, 45.79, 45.79, 739]
['2019-03-26 12:29:00', 45.78, 45.78, 45.78, 45.78, 231]
['2019-03-26 12:28:00', 45.77, 45.77, 45.77, 45.77, 500]
['2019-03-26 12:27:00', 45.785, 45.785, 45.785, 45.785, 1001]
['2019-03-26 12:26:00', 45.81, 45.81, 45.81, 45.81, 401]
['2019-03-26 12:24:00', 45.79, 45.84, 45.79, 45.84, 944]
['2019-03-26 12:21:00', 45.95, 45.87, 45.87, 45.95, 558]
['2019-03-26 12:20:00', 45.89, 45.89, 45.89, 45.89, 1075]
['2019-03-26 12:17:00', 45.85, 45.88, 45.85, 45.88, 837]
['2019-03-26 12:13:00', 45.85, 45.85, 45.85, 45.85, 424]
['2019-03-26 12:12:00', 45.88, 45.88, 45.88, 45.88, 680]
['2019-03-26 12:10:00', 45.935, 45.935, 45.935, 45.935, 100]
['2019-03-26 12:09:00', 45.93, 45.93, 45.93, 45.93, 580]
['2019-03-26 12:07:00', 45.95, 45.95, 45.95, 45.95, 148]
['2019-03-26 12:06:00', 45.99, 45.99, 45.99, 45.99, 424]
['2019-03-26 12:03:00', 45.99, 45.99, 45.99, 45.99, 209]
['2019-03-26 12:02:00', 45.99, 45.99, 45.99, 45.99, 210]
['2019-03-26 12:01:00', 45.95, 45.95, 45.95, 45.95, 701]
['2019-03-26 11:59:00', 45.99, 45.99, 45.99, 45.99, 319]
['2019-03-26 11:58:00', 45.91, 45.91, 45.91, 45.91, 436]
['2019-03-26 11:57:00', 45.94, 45.94, 45.94, 45.94, 131]
['2019-03-26 11:55:00', 45.94, 45.94, 45.94, 45.94, 301]
['2019-03-26 11:52:00', 45.95, 45.95, 45.95, 45.95, 534]
['2019-03-26 11:50:00', 45.99, 45.99, 45.99, 45.99, 307]
['2019-03-26 11:48:00', 45.99, 45.97, 45.97, 45.99, 830]
['2019-03-26 11:46:00', 46.09, 46.09, 46.09, 46.09, 566]
['2019-03-26 11:44:00', 46.08, 46.08, 46.08, 46.08, 400]
['2019-03-26 11:42:00', 46.06, 46.04, 46.04, 46.06, 644]
['2019-03-26 11:38:00', 46.02, 46.02, 46.02, 46.02, 407]
['2019-03-26 11:36:00', 45.97, 45.97, 45.97, 45.97, 813]
['2019-03-26 11:33:00', 46.04, 46.04, 46.04, 46.04, 425]
['2019-03-26 11:32:00', 46.1, 46.1, 46.1, 46.1, 903]
['2019-03-26 11:27:00', 46.095, 46.095, 46.095, 46.095, 777]
['2019-03-26 11:24:00', 46.05, 46.03, 46.03, 46.05, 994]
['2019-03-26 11:22:00', 46.05, 46.05, 46.05, 46.05, 534]
['2019-03-26 11:21:00', 46.075, 46.075, 46.075, 46.075, 282]
['2019-03-26 11:20:00', 46.075, 46.075, 46.075, 46.075, 800]
['2019-03-26 11:18:00', 46.105, 46.15, 46.105, 46.15, 1210]
['2019-03-26 11:16:00', 46.08, 46.08, 46.08, 46.08, 401]
['2019-03-26 11:14:00', 46.05, 46.05, 46.05, 46.05, 108]
['2019-03-26 11:11:00', 46.09, 46.09, 46.09, 46.09, 301]
['2019-03-26 11:09:00', 46.15, 46.15, 46.15, 46.15, 274]
['2019-03-26 11:08:00', 46.15, 46.15, 46.15, 46.15, 829]
['2019-03-26 11:06:00', 46.16, 46.16, 46.16, 46.16, 339]
['2019-03-26 11:05:00', 46.19, 46.19, 46.19, 46.19, 514]
['2019-03-26 11:02:00', 46.23, 46.205, 46.205, 46.23, 1205]
['2019-03-26 11:00:00', 46.22, 46.22, 46.22, 46.22, 100]
['2019-03-26 10:59:00', 46.205, 46.205, 46.205, 46.205, 716]
['2019-03-26 10:58:00', 46.25, 46.22, 46.22, 46.25, 1099]
['2019-03-26 10:56:00', 46.29, 46.29, 46.29, 46.29, 525]
['2019-03-26 10:54:00', 46.23, 46.23, 46.23, 46.23, 634]
['2019-03-26 10:52:00', 46.23, 46.23, 46.23, 46.23, 1934]
['2019-03-26 10:51:00', 46.26, 46.26, 46.26, 46.26, 1572]
['2019-03-26 10:50:00', 46.15, 46.15, 46.15, 46.15, 1002]
['2019-03-26 10:49:00', 46.145, 46.145, 46.145, 46.145, 687]
['2019-03-26 10:46:00', 46.04, 46.04, 46.04, 46.04, 1388]
['2019-03-26 10:42:00', 46.01, 46.0, 46.0, 46.01, 1606]
['2019-03-26 10:41:00', 46.01, 46.01, 46.01, 46.01, 758]
['2019-03-26 10:38:00', 45.93, 45.93, 45.93, 45.93, 126]
['2019-03-26 10:34:00', 45.94, 45.94, 45.94, 45.94, 869]
['2019-03-26 10:33:00', 45.94, 45.94, 45.94, 45.94, 1100]
['2019-03-26 10:31:00', 45.93, 45.93, 45.93, 45.93, 102]
['2019-03-26 10:27:00', 46.0, 45.99, 45.99, 46.0, 1407]
['2019-03-26 10:26:00', 45.94, 45.94, 45.94, 45.94, 503]
['2019-03-26 10:23:00', 45.96, 45.93, 45.93, 45.96, 1963]
['2019-03-26 10:20:00', 45.93, 45.93, 45.93, 45.93, 101]
['2019-03-26 10:17:00', 45.975, 45.975, 45.975, 45.975, 201]
['2019-03-26 10:16:00', 46.01, 46.01, 46.01, 46.01, 450]
['2019-03-26 10:15:00', 46.01, 46.01, 46.01, 46.01, 491]
['2019-03-26 10:14:00', 46.04, 46.04, 46.04, 46.04, 1158]
['2019-03-26 10:13:00', 46.0, 46.0, 46.0, 46.0, 957]
['2019-03-26 10:11:00', 45.93, 45.93, 45.93, 45.93, 726]
['2019-03-26 10:08:00', 45.96, 45.96, 45.96, 45.96, 811]
['2019-03-26 10:07:00', 45.94, 45.94, 45.94, 45.94, 941]
['2019-03-26 10:06:00', 45.89, 45.89, 45.89, 45.89, 1199]
['2019-03-26 10:05:00', 45.9, 45.86, 45.86, 45.9, 1301]
['2019-03-26 10:03:00', 45.905, 45.905, 45.905, 45.905, 856]
['2019-03-26 10:02:00', 45.88, 45.88, 45.88, 45.88, 802]
['2019-03-26 10:01:00', 45.82, 45.82, 45.82, 45.82, 850]
['2019-03-26 09:58:00', 45.91, 45.91, 45.91, 45.91, 635]
['2019-03-26 09:57:00', 45.83, 45.83, 45.83, 45.83, 875]
['2019-03-26 09:55:00', 45.82, 45.82, 45.82, 45.82, 732]
['2019-03-26 09:53:00', 45.86, 45.86, 45.86, 45.86, 874]
['2019-03-26 09:52:00', 45.84, 45.84, 45.84, 45.84, 131]
['2019-03-26 09:49:00', 45.93, 45.93, 45.93, 45.93, 340]
['2019-03-26 09:46:00', 45.96, 45.94, 45.94, 45.96, 1889]
['2019-03-26 09:45:00', 46.05, 46.05, 46.05, 46.05, 781]
['2019-03-26 09:43:00', 46.015, 45.96, 45.96, 46.015, 923]
['2019-03-26 09:38:00', 46.03, 46.03, 46.03, 46.03, 1627]
['2019-03-26 09:36:00', 45.93, 45.93, 45.93, 45.93, 326]
['2019-03-26 09:35:00', 45.91, 45.91, 45.91, 45.91, 1405]
['2019-03-25 16:00:00', 45.54, 45.57, 45.54, 45.57, 13425]
['2019-03-25 15:59:00', 45.56, 45.55, 45.55, 45.56, 7003]
['2019-03-25 15:58:00', 45.54, 45.54, 45.54, 45.54, 2525]
['2019-03-25 15:57:00', 45.51, 45.54, 45.51, 45.54, 2635]
['2019-03-25 15:56:00', 45.55, 45.55, 45.55, 45.55, 3986]
['2019-03-25 15:55:00', 45.58, 45.58, 45.58, 45.58, 2604]
['2019-03-25 15:54:00', 45.63, 45.63, 45.63, 45.63, 1686]
['2019-03-25 15:52:00', 45.66, 45.66, 45.66, 45.66, 1204]
['2019-03-25 15:51:00', 45.58, 45.61, 45.58, 45.61, 3122]
['2019-03-25 15:50:00', 45.57, 45.57, 45.57, 45.57, 768]
['2019-03-25 15:49:00', 45.63, 45.63, 45.63, 45.63, 804]
['2019-03-25 15:48:00', 45.67, 45.65, 45.65, 45.67, 2456]
['2019-03-25 15:47:00', 45.695, 45.695, 45.695, 45.695, 903]
['2019-03-25 15:44:00', 45.65, 45.62, 45.62, 45.65, 1515]
['2019-03-25 15:43:00', 45.61, 45.62, 45.61, 45.62, 1797]
['2019-03-25 15:42:00', 45.61, 45.61, 45.61, 45.61, 907]
['2019-03-25 15:41:00', 45.62, 45.62, 45.62, 45.62, 548]
['2019-03-25 15:39:00', 45.65, 45.61, 45.61, 45.65, 1170]
['2019-03-25 15:38:00', 45.64, 45.66, 45.64, 45.66, 1634]
['2019-03-25 15:37:00', 45.63, 45.63, 45.63, 45.63, 1051]
['2019-03-25 15:35:00', 45.64, 45.64, 45.64, 45.64, 195]
['2019-03-25 15:34:00', 45.64, 45.64, 45.64, 45.64, 546]
['2019-03-25 15:33:00', 45.62, 45.64, 45.62, 45.64, 794]
['2019-03-25 15:31:00', 45.67, 45.63, 45.63, 45.67, 1239]
['2019-03-25 15:30:00', 45.66, 45.66, 45.66, 45.66, 426]
['2019-03-25 15:29:00', 45.71, 45.71, 45.71, 45.71, 283]
['2019-03-25 15:27:00', 45.7, 45.7, 45.7, 45.7, 922]
['2019-03-25 15:26:00', 45.69, 45.69, 45.69, 45.69, 304]
['2019-03-25 15:24:00', 45.68, 45.68, 45.68, 45.68, 669]
['2019-03-25 15:23:00', 45.64, 45.64, 45.64, 45.64, 606]
['2019-03-25 15:22:00', 45.61, 45.63, 45.61, 45.63, 1884]
['2019-03-25 15:21:00', 45.63, 45.63, 45.63, 45.63, 201]
['2019-03-25 15:19:00', 45.68, 45.68, 45.68, 45.68, 731]
['2019-03-25 15:16:00', 45.72, 45.74, 45.72, 45.74, 797]
['2019-03-25 15:15:00', 45.72, 45.72, 45.72, 45.72, 586]
['2019-03-25 15:14:00', 45.75, 45.77, 45.75, 45.77, 3742]
['2019-03-25 15:13:00', 45.73, 45.73, 45.73, 45.73, 449]
['2019-03-25 15:11:00', 45.71, 45.71, 45.71, 45.71, 700]
['2019-03-25 15:09:00', 45.71, 45.71, 45.71, 45.71, 867]
['2019-03-25 15:08:00', 45.67, 45.68, 45.67, 45.68, 1201]
['2019-03-25 15:07:00', 45.67, 45.66, 45.66, 45.67, 1543]
['2019-03-25 15:06:00', 45.65, 45.65, 45.65, 45.65, 476]
['2019-03-25 15:05:00', 45.65, 45.65, 45.65, 45.65, 472]
['2019-03-25 15:03:00', 45.71, 45.705, 45.705, 45.71, 1419]
['2019-03-25 15:01:00', 45.71, 45.71, 45.71, 45.71, 450]
['2019-03-25 14:59:00', 45.67, 45.67, 45.67, 45.67, 503]
['2019-03-25 14:58:00', 45.65, 45.65, 45.65, 45.65, 500]
['2019-03-25 14:57:00', 45.57, 45.64, 45.57, 45.64, 1804]
['2019-03-25 14:56:00', 45.52, 45.55, 45.52, 45.55, 2187]
['2019-03-25 14:55:00', 45.52, 45.52, 45.52, 45.52, 729]
['2019-03-25 14:54:00', 45.5, 45.5, 45.5, 45.5, 201]
['2019-03-25 14:53:00', 45.51, 45.51, 45.51, 45.51, 741]
['2019-03-25 14:52:00', 45.49, 45.49, 45.49, 45.49, 1215]
['2019-03-25 14:51:00', 45.54, 45.54, 45.54, 45.54, 968]
['2019-03-25 14:50:00', 45.53, 45.53, 45.53, 45.53, 602]
['2019-03-25 14:48:00', 45.51, 45.51, 45.51, 45.51, 900]
['2019-03-25 14:46:00', 45.51, 45.5, 45.5, 45.51, 2151]
['2019-03-25 14:44:00', 45.49, 45.49, 45.49, 45.49, 237]
['2019-03-25 14:43:00', 45.44, 45.44, 45.44, 45.44, 500]
['2019-03-25 14:42:00', 45.43, 45.42, 45.42, 45.43, 2784]
['2019-03-25 14:41:00', 45.39, 45.39, 45.39, 45.39, 600]
['2019-03-25 14:40:00', 45.36, 45.37, 45.36, 45.37, 1719]
['2019-03-25 14:39:00', 45.36, 45.36, 45.36, 45.36, 447]
['2019-03-25 14:37:00', 45.4, 45.385, 45.385, 45.4, 1001]
['2019-03-25 14:36:00', 45.39, 45.4, 45.39, 45.4, 937]
['2019-03-25 14:35:00', 45.39, 45.39, 45.39, 45.39, 501]
['2019-03-25 14:34:00', 45.4, 45.4, 45.4, 45.4, 701]
['2019-03-25 14:33:00', 45.38, 45.38, 45.38, 45.38, 659]
['2019-03-25 14:31:00', 45.36, 45.36, 45.36, 45.36, 1406]
['2019-03-25 14:28:00', 45.32, 45.32, 45.32, 45.32, 1286]
['2019-03-25 14:27:00', 45.3, 45.3, 45.3, 45.3, 710]
['2019-03-25 14:26:00', 45.31, 45.31, 45.31, 45.31, 1310]
['2019-03-25 14:25:00', 45.31, 45.31, 45.31, 45.31, 629]
['2019-03-25 14:23:00', 45.3, 45.285, 45.285, 45.3, 1056]
['2019-03-25 14:20:00', 45.29, 45.29, 45.29, 45.29, 602]
['2019-03-25 14:18:00', 45.33, 45.33, 45.33, 45.33, 500]
['2019-03-25 14:16:00', 45.32, 45.36, 45.32, 45.36, 1363]
['2019-03-25 14:15:00', 45.32, 45.32, 45.32, 45.32, 901]
['2019-03-25 14:13:00', 45.35, 45.35, 45.35, 45.35, 902]
['2019-03-25 14:12:00', 45.31, 45.32, 45.31, 45.32, 2214]
['2019-03-25 14:11:00', 45.3, 45.3, 45.3, 45.3, 481]
['2019-03-25 14:08:00', 45.345, 45.32, 45.32, 45.345, 2032]
['2019-03-25 14:07:00', 45.33, 45.34, 45.33, 45.34, 1747]
['2019-03-25 14:06:00', 45.35, 45.32, 45.32, 45.35, 949]
['2019-03-25 14:04:00', 45.37, 45.37, 45.37, 45.37, 401]
['2019-03-25 14:03:00', 45.38, 45.38, 45.38, 45.38, 404]
['2019-03-25 14:02:00', 45.38, 45.38, 45.38, 45.38, 1566]
['2019-03-25 14:00:00', 45.38, 45.395, 45.38, 45.395, 2054]
['2019-03-25 13:57:00', 45.405, 45.36, 45.36, 45.405, 1303]
['2019-03-25 13:55:00', 45.42, 45.42, 45.42, 45.42, 601]
['2019-03-25 13:53:00', 45.46, 45.44, 45.44, 45.46, 1058]
['2019-03-25 13:52:00', 45.45, 45.45, 45.45, 45.45, 1101]
['2019-03-25 13:51:00', 45.42, 45.425, 45.42, 45.44, 2528]
['2019-03-25 13:49:00', 45.42, 45.42, 45.42, 45.42, 346]
['2019-03-25 13:47:00', 45.47, 45.47, 45.47, 45.47, 759]
['2019-03-25 13:43:00', 45.55, 45.55, 45.55, 45.55, 603]
['2019-03-25 13:41:00', 45.55, 45.55, 45.55, 45.55, 201]
['2019-03-25 13:39:00', 45.54, 45.63, 45.54, 45.63, 1812]
['2019-03-25 13:38:00', 45.56, 45.56, 45.56, 45.56, 501]
['2019-03-25 13:37:00', 45.56, 45.56, 45.56, 45.56, 982]
['2019-03-25 13:36:00', 45.52, 45.52, 45.52, 45.52, 471]
['2019-03-25 13:35:00', 45.52, 45.52, 45.52, 45.52, 1412]
['2019-03-25 13:34:00', 45.51, 45.52, 45.51, 45.52, 1429]
['2019-03-25 13:32:00', 45.53, 45.51, 45.51, 45.53, 1246]
['2019-03-25 13:30:00', 45.54, 45.54, 45.54, 45.54, 728]
['2019-03-25 13:27:00', 45.57, 45.55, 45.55, 45.57, 616]
['2019-03-25 13:26:00', 45.58, 45.58, 45.58, 45.58, 201]
['2019-03-25 13:23:00', 45.59, 45.59, 45.59, 45.59, 430]
['2019-03-25 13:22:00', 45.59, 45.58, 45.58, 45.59, 1804]
['2019-03-25 13:20:00', 45.54, 45.54, 45.54, 45.54, 596]
['2019-03-25 13:16:00', 45.59, 45.59, 45.59, 45.59, 661]
['2019-03-25 13:15:00', 45.65, 45.65, 45.65, 45.65, 701]
['2019-03-25 13:14:00', 45.62, 45.62, 45.62, 45.62, 341]
['2019-03-25 13:13:00', 45.61, 45.61, 45.61, 45.61, 420]
['2019-03-25 13:11:00', 45.57, 45.57, 45.57, 45.57, 350]
['2019-03-25 13:09:00', 45.57, 45.57, 45.57, 45.57, 467]
['2019-03-25 13:08:00', 45.6, 45.57, 45.57, 45.6, 1425]
['2019-03-25 13:07:00', 45.585, 45.585, 45.585, 45.585, 1101]
['2019-03-25 13:05:00', 45.56, 45.56, 45.56, 45.56, 103]
['2019-03-25 13:04:00', 45.56, 45.56, 45.56, 45.56, 536]
['2019-03-25 13:01:00', 45.65, 45.65, 45.65, 45.65, 561]
['2019-03-25 13:00:00', 45.61, 45.61, 45.61, 45.61, 500]
['2019-03-25 12:59:00', 45.62, 45.62, 45.62, 45.62, 1614]
['2019-03-25 12:58:00', 45.58, 45.58, 45.58, 45.58, 501]
['2019-03-25 12:57:00', 45.56, 45.56, 45.56, 45.56, 301]
['2019-03-25 12:56:00', 45.52, 45.54, 45.52, 45.54, 927]
['2019-03-25 12:53:00', 45.51, 45.51, 45.51, 45.51, 552]
['2019-03-25 12:51:00', 45.5, 45.53, 45.5, 45.53, 1112]
['2019-03-25 12:50:00', 45.48, 45.48, 45.48, 45.48, 1025]
['2019-03-25 12:47:00', 45.43, 45.42, 45.42, 45.43, 1045]
['2019-03-25 12:46:00', 45.44, 45.45, 45.44, 45.45, 1310]
['2019-03-25 12:44:00', 45.41, 45.41, 45.41, 45.41, 302]
['2019-03-25 12:42:00', 45.48, 45.48, 45.48, 45.48, 601]
['2019-03-25 12:40:00', 45.47, 45.47, 45.47, 45.47, 502]
['2019-03-25 12:37:00', 45.48, 45.49, 45.48, 45.49, 1096]
['2019-03-25 12:36:00', 45.47, 45.47, 45.47, 45.47, 303]
['2019-03-25 12:35:00', 45.5, 45.5, 45.5, 45.5, 403]
['2019-03-25 12:32:00', 45.51, 45.55, 45.51, 45.55, 639]
['2019-03-25 12:28:00', 45.6, 45.57, 45.57, 45.6, 967]
['2019-03-25 12:26:00', 45.62, 45.62, 45.62, 45.62, 262]
['2019-03-25 12:24:00', 45.61, 45.61, 45.61, 45.61, 959]
['2019-03-25 12:22:00', 45.59, 45.59, 45.59, 45.59, 412]
['2019-03-25 12:21:00', 45.58, 45.61, 45.58, 45.61, 1112]
['2019-03-25 12:20:00', 45.55, 45.55, 45.55, 45.55, 746]
['2019-03-25 12:17:00', 45.56, 45.56, 45.56, 45.56, 401]
['2019-03-25 12:16:00', 45.57, 45.57, 45.57, 45.57, 713]
['2019-03-25 12:15:00', 45.54, 45.555, 45.54, 45.555, 828]
['2019-03-25 12:13:00', 45.56, 45.56, 45.56, 45.56, 100]
['2019-03-25 12:12:00', 45.6, 45.6, 45.6, 45.6, 801]
['2019-03-25 12:10:00', 45.6, 45.6, 45.6, 45.6, 430]
['2019-03-25 12:09:00', 45.64, 45.64, 45.64, 45.64, 302]
['2019-03-25 12:07:00', 45.66, 45.66, 45.66, 45.66, 900]
['2019-03-25 12:05:00', 45.66, 45.71, 45.66, 45.71, 1710]
['2019-03-25 12:04:00', 45.64, 45.64, 45.64, 45.64, 503]
['2019-03-25 12:02:00', 45.64, 45.64, 45.64, 45.64, 499]
['2019-03-25 12:01:00', 45.59, 45.59, 45.59, 45.59, 201]
['2019-03-25 11:59:00', 45.68, 45.68, 45.68, 45.68, 600]
['2019-03-25 11:58:00', 45.73, 45.73, 45.73, 45.73, 731]
['2019-03-25 11:56:00', 45.71, 45.71, 45.71, 45.71, 801]
['2019-03-25 11:54:00', 45.71, 45.73, 45.71, 45.73, 1106]
['2019-03-25 11:50:00', 45.67, 45.66, 45.66, 45.67, 918]
['2019-03-25 11:49:00', 45.71, 45.71, 45.71, 45.71, 302]
['2019-03-25 11:48:00', 45.71, 45.71, 45.71, 45.71, 414]
['2019-03-25 11:46:00', 45.67, 45.67, 45.67, 45.67, 1540]
['2019-03-25 11:45:00', 45.63, 45.63, 45.63, 45.63, 301]
['2019-03-25 11:44:00', 45.68, 45.68, 45.68, 45.68, 467]
['2019-03-25 11:42:00', 45.68, 45.68, 45.68, 45.68, 551]
['2019-03-25 11:41:00', 45.73, 45.73, 45.73, 45.73, 210]
['2019-03-25 11:40:00', 45.75, 45.75, 45.75, 45.75, 301]
['2019-03-25 11:39:00', 45.73, 45.73, 45.73, 45.73, 675]
['2019-03-25 11:37:00', 45.78, 45.78, 45.78, 45.78, 160]
['2019-03-25 11:35:00', 45.79, 45.79, 45.79, 45.79, 860]
['2019-03-25 11:34:00', 45.84, 45.84, 45.84, 45.84, 607]
['2019-03-25 11:33:00', 45.93, 45.93, 45.93, 45.93, 202]
['2019-03-25 11:32:00', 45.93, 45.93, 45.93, 45.93, 1295]
['2019-03-25 11:31:00', 45.94, 45.94, 45.94, 45.94, 607]
['2019-03-25 11:30:00', 45.96, 45.96, 45.96, 45.96, 951]
['2019-03-25 11:29:00', 45.95, 45.95, 45.95, 45.95, 1073]
['2019-03-25 11:28:00', 46.0, 46.0, 46.0, 46.0, 514]
['2019-03-25 11:26:00', 45.98, 45.98, 45.98, 45.98, 305]
['2019-03-25 11:25:00', 45.95, 45.95, 45.95, 45.95, 1542]
['2019-03-25 11:22:00', 45.99, 45.99, 45.99, 45.99, 1209]
['2019-03-25 11:20:00', 45.95, 45.95, 45.95, 45.95, 309]
['2019-03-25 11:19:00', 45.94, 45.94, 45.94, 45.94, 611]
['2019-03-25 11:18:00', 45.95, 45.95, 45.95, 45.95, 501]
['2019-03-25 11:17:00', 45.9, 45.9, 45.9, 45.9, 500]
['2019-03-25 11:15:00', 45.855, 45.85, 45.85, 45.855, 1711]
['2019-03-25 11:13:00', 45.66, 45.71, 45.66, 45.71, 1937]
['2019-03-25 11:11:00', 45.72, 45.72, 45.72, 45.72, 301]
['2019-03-25 11:09:00', 45.69, 45.69, 45.69, 45.69, 735]
['2019-03-25 11:08:00', 45.7, 45.7, 45.7, 45.7, 901]
['2019-03-25 11:06:00', 45.45, 45.56, 45.45, 45.56, 3751]
['2019-03-25 11:04:00', 45.45, 45.45, 45.45, 45.45, 744]
['2019-03-25 11:03:00', 45.44, 45.46, 45.44, 45.48, 3917]
['2019-03-25 11:02:00', 45.43, 45.43, 45.43, 45.43, 3866]
['2019-03-25 11:00:00', 45.4, 45.4, 45.4, 45.4, 525]
['2019-03-25 10:59:00', 45.44, 45.44, 45.44, 45.44, 331]
['2019-03-25 10:58:00', 45.45, 45.45, 45.45, 45.45, 500]
['2019-03-25 10:57:00', 45.43, 45.43, 45.43, 45.43, 1142]
['2019-03-25 10:56:00', 45.45, 45.45, 45.45, 45.45, 2608]
['2019-03-25 10:54:00', 45.45, 45.43, 45.43, 45.45, 1491]
['2019-03-25 10:53:00', 45.46, 45.46, 45.46, 45.46, 1100]
['2019-03-25 10:52:00', 45.45, 45.45, 45.45, 45.45, 1001]
['2019-03-25 10:51:00', 45.39, 45.39, 45.39, 45.39, 2073]
['2019-03-25 10:48:00', 45.29, 45.29, 45.29, 45.29, 456]
['2019-03-25 10:47:00', 45.36, 45.36, 45.36, 45.36, 406]
['2019-03-25 10:46:00', 45.32, 45.32, 45.32, 45.32, 566]
['2019-03-25 10:45:00', 45.3, 45.3, 45.3, 45.3, 1358]
['2019-03-25 10:43:00', 45.28, 45.28, 45.28, 45.28, 204]
['2019-03-25 10:39:00', 45.33, 45.33, 45.33, 45.33, 352]
['2019-03-25 10:37:00', 45.31, 45.31, 45.31, 45.31, 234]
['2019-03-25 10:36:00', 45.31, 45.31, 45.31, 45.31, 417]
['2019-03-25 10:35:00', 45.33, 45.33, 45.33, 45.33, 901]
['2019-03-25 10:33:00', 45.41, 45.41, 45.41, 45.41, 1100]
['2019-03-25 10:32:00', 45.44, 45.44, 45.44, 45.44, 1628]
['2019-03-25 10:28:00', 45.35, 45.35, 45.35, 45.35, 443]
['2019-03-25 10:27:00', 45.32, 45.35, 45.32, 45.35, 1143]
['2019-03-25 10:26:00', 45.28, 45.28, 45.28, 45.28, 741]
['2019-03-25 10:23:00', 45.25, 45.25, 45.25, 45.25, 866]
['2019-03-25 10:22:00', 45.3, 45.3, 45.3, 45.3, 201]
['2019-03-25 10:20:00', 45.3, 45.3, 45.3, 45.3, 1022]
['2019-03-25 10:18:00', 45.32, 45.32, 45.32, 45.32, 518]
['2019-03-25 10:17:00', 45.3, 45.3, 45.3, 45.3, 473]
['2019-03-25 10:15:00', 45.29, 45.29, 45.29, 45.29, 241]
['2019-03-25 10:14:00', 45.29, 45.29, 45.29, 45.29, 519]
['2019-03-25 10:11:00', 45.31, 45.31, 45.31, 45.31, 523]
['2019-03-25 10:08:00', 45.35, 45.34, 45.34, 45.35, 1486]
['2019-03-25 10:05:00', 45.28, 45.29, 45.28, 45.29, 1387]
['2019-03-25 10:04:00', 45.25, 45.31, 45.25, 45.31, 2920]
['2019-03-25 10:01:00', 45.42, 45.41, 45.41, 45.42, 1537]
['2019-03-25 10:00:00', 45.42, 45.42, 45.42, 45.42, 202]
['2019-03-25 09:58:00', 45.4, 45.4, 45.4, 45.4, 213]
['2019-03-25 09:57:00', 45.31, 45.31, 45.31, 45.31, 1825]
['2019-03-25 09:54:00', 45.5, 45.48, 45.48, 45.5, 1635]
['2019-03-25 09:53:00', 45.48, 45.46, 45.45, 45.48, 6961]
['2019-03-25 09:51:00', 45.445, 45.445, 45.445, 45.445, 1561]
['2019-03-25 09:49:00', 45.19, 45.19, 45.19, 45.19, 202]
['2019-03-25 09:47:00', 45.31, 45.31, 45.31, 45.31, 953]
['2019-03-25 09:46:00', 45.34, 45.34, 45.34, 45.34, 768]
['2019-03-25 09:45:00', 45.39, 45.39, 45.39, 45.39, 592]
['2019-03-25 09:44:00', 45.34, 45.34, 45.34, 45.34, 1358]
['2019-03-25 09:43:00', 45.36, 45.36, 45.36, 45.36, 444]
['2019-03-25 09:42:00', 45.38, 45.54, 45.38, 45.54, 5203]
['2019-03-25 09:41:00', 45.48, 45.48, 45.48, 45.48, 1764]
['2019-03-25 09:40:00', 45.58, 45.46, 45.46, 45.58, 5074]
['2019-03-25 09:39:00', 45.535, 45.535, 45.535, 45.535, 1100]
['2019-03-25 09:37:00', 45.46, 45.46, 45.46, 45.46, 704]
['2019-03-25 09:33:00', 45.46, 45.46, 45.46, 45.46, 1114]
['2019-03-25 09:32:00', 45.615, 45.615, 45.615, 45.615, 0]
