AFGE
['2019-03-29 16:00:00', 25.58, 25.58, 25.58, 25.58, 100]
['2019-03-29 15:59:00', 25.64, 25.58, 25.58, 25.64, 1045]
['2019-03-29 15:52:00', 25.67, 25.6505, 25.6505, 25.67, 400]
['2019-03-29 15:49:00', 25.64, 25.615, 25.61, 25.64, 500]
['2019-03-29 15:48:00', 25.73, 25.73, 25.73, 25.73, 100]
['2019-03-29 15:32:00', 25.7591, 25.7591, 25.7591, 25.7591, 119]
['2019-03-29 15:29:00', 25.789, 25.789, 25.789, 25.789, 299]
['2019-03-29 15:24:00', 25.6801, 25.6801, 25.6801, 25.6801, 403]
['2019-03-29 15:23:00', 25.7293, 25.7293, 25.7293, 25.7293, 236]
['2019-03-29 15:22:00', 25.7543, 25.7569, 25.68, 25.7569, 2643]
['2019-03-29 13:12:00', 25.6337, 25.6337, 25.6337, 25.6337, 1764]
['2019-03-29 13:11:00', 25.7, 25.69, 25.68, 25.7, 1383]
['2019-03-29 12:08:00', 25.72, 25.71, 25.704, 25.749, 2017]
['2019-03-29 11:34:00', 25.8886, 25.8886, 25.8886, 25.8886, 840]
['2019-03-29 11:24:00', 25.881, 25.881, 25.881, 25.881, 754]
['2019-03-29 11:19:00', 25.81, 25.81, 25.81, 25.81, 117]
['2019-03-29 10:30:00', 25.7663, 25.7663, 25.7663, 25.7663, 513]
['2019-03-29 09:40:00', 25.74, 25.74, 25.74, 25.74, 1506]
['2019-03-29 09:39:00', 25.75, 25.74, 25.74, 25.75, 0]
['2019-03-28 16:00:00', 25.86, 25.74, 25.74, 25.86, 1800]
['2019-03-28 15:59:00', 25.86, 25.74, 25.74, 25.86, 200]
['2019-03-28 15:58:00', 25.77, 25.7868, 25.77, 25.7868, 900]
['2019-03-28 15:57:00', 25.86, 25.86, 25.86, 25.86, 300]
['2019-03-28 15:56:00', 25.86, 25.7568, 25.7568, 25.86, 205]
['2019-03-28 15:55:00', 25.75, 25.75, 25.75, 25.75, 100]
['2019-03-28 15:54:00', 25.75, 25.75, 25.75, 25.75, 100]
['2019-03-28 15:53:00', 25.76, 25.76, 25.76, 25.76, 100]
['2019-03-28 15:52:00', 25.75, 25.75, 25.75, 25.75, 100]
['2019-03-28 15:51:00', 25.75, 25.75, 25.75, 25.75, 100]
['2019-03-28 15:50:00', 25.77, 25.77, 25.77, 25.77, 100]
['2019-03-28 15:49:00', 25.77, 25.77, 25.77, 25.77, 100]
['2019-03-28 15:48:00', 25.77, 25.77, 25.77, 25.77, 100]
['2019-03-28 15:46:00', 25.86, 25.86, 25.86, 25.86, 100]
['2019-03-28 15:44:00', 25.8691, 25.86, 25.86, 25.8691, 600]
['2019-03-28 15:43:00', 25.8691, 25.86, 25.86, 25.8691, 700]
['2019-03-28 15:41:00', 25.86, 25.86, 25.86, 25.86, 237]
['2019-03-28 15:40:00', 25.925, 25.925, 25.87, 25.925, 300]
['2019-03-28 15:37:00', 25.88, 25.88, 25.88, 25.88, 942]
['2019-03-28 15:36:00', 25.9249, 25.9249, 25.9249, 25.9249, 600]
['2019-03-28 15:24:00', 25.88, 25.88, 25.88, 25.88, 601]
['2019-03-28 15:21:00', 25.88, 25.88, 25.88, 25.88, 100]
['2019-03-28 15:19:00', 25.875, 25.875, 25.875, 25.875, 660]
['2019-03-28 15:13:00', 25.87, 25.87, 25.87, 25.87, 400]
['2019-03-28 15:03:00', 25.841, 25.84, 25.84, 25.86, 1623]
['2019-03-28 14:56:00', 25.8222, 25.8222, 25.8222, 25.8222, 334]
['2019-03-28 14:55:00', 25.7871, 25.7871, 25.7871, 25.7871, 755]
['2019-03-28 14:54:00', 25.87, 25.87, 25.87, 25.87, 700]
['2019-03-28 14:30:00', 25.86, 25.87, 25.86, 25.87, 580]
['2019-03-28 14:19:00', 25.87, 25.88, 25.87, 25.88, 600]
['2019-03-28 14:12:00', 25.8059, 25.8059, 25.8059, 25.8059, 871]
['2019-03-28 13:47:00', 25.79, 25.79, 25.79, 25.79, 578]
['2019-03-28 13:40:00', 25.7618, 25.7618, 25.7618, 25.7618, 501]
['2019-03-28 13:33:00', 25.75, 25.75, 25.75, 25.75, 220]
['2019-03-28 13:30:00', 25.79, 25.79, 25.79, 25.79, 137]
['2019-03-28 13:14:00', 25.79, 25.79, 25.79, 25.79, 700]
['2019-03-28 13:00:00', 25.7333, 25.7333, 25.7333, 25.7333, 1400]
['2019-03-28 12:16:00', 25.75, 25.75, 25.75, 25.75, 947]
['2019-03-28 11:58:00', 25.715, 25.715, 25.715, 25.715, 102]
['2019-03-28 11:56:00', 25.7089, 25.7089, 25.7089, 25.7089, 233]
['2019-03-28 11:30:00', 25.67, 25.67, 25.67, 25.67, 197]
['2019-03-28 11:21:00', 25.655, 25.68, 25.655, 25.7, 675]
['2019-03-28 10:54:00', 25.66, 25.51, 25.51, 25.7, 4831]
['2019-03-28 10:22:00', 25.65, 25.68, 25.65, 25.68, 1369]
['2019-03-28 09:31:00', 25.65, 25.65, 25.65, 25.65, 0]
['2019-03-27 16:00:00', 25.65, 25.645, 25.55, 25.65, 800]
['2019-03-27 15:59:00', 25.65, 25.65, 25.65, 25.65, 253]
['2019-03-27 15:58:00', 25.64, 25.6, 25.6, 25.64, 400]
['2019-03-27 15:57:00', 25.65, 25.65, 25.65, 25.65, 300]
['2019-03-27 15:56:00', 25.65, 25.65, 25.65, 25.65, 100]
['2019-03-27 15:55:00', 25.65, 25.65, 25.65, 25.65, 147]
['2019-03-27 15:54:00', 25.64, 25.64, 25.64, 25.64, 112]
['2019-03-27 15:42:00', 25.5846, 25.5846, 25.5846, 25.5846, 1400]
['2019-03-27 15:41:00', 25.61, 25.65, 25.61, 25.65, 700]
['2019-03-27 15:15:00', 25.605, 25.605, 25.605, 25.605, 768]
['2019-03-27 14:59:00', 25.6, 25.6, 25.6, 25.6, 605]
['2019-03-27 14:33:00', 25.6, 25.6, 25.6, 25.6, 295]
['2019-03-27 14:32:00', 25.605, 25.605, 25.605, 25.605, 100]
['2019-03-27 14:31:00', 25.605, 25.605, 25.605, 25.605, 700]
['2019-03-27 14:08:00', 25.59, 25.59, 25.59, 25.59, 133]
['2019-03-27 14:07:00', 25.6, 25.6, 25.6, 25.6, 193]
['2019-03-27 14:06:00', 25.6, 25.6, 25.6, 25.6, 400]
['2019-03-27 13:51:00', 25.6, 25.6, 25.6, 25.6, 897]
['2019-03-27 13:39:00', 25.6, 25.6, 25.6, 25.6, 490]
['2019-03-27 13:31:00', 25.5857, 25.5857, 25.5857, 25.5857, 141]
['2019-03-27 13:28:00', 25.6, 25.6, 25.6, 25.6, 187]
['2019-03-27 12:59:00', 25.6, 25.6, 25.6, 25.6, 151]
['2019-03-27 12:41:00', 25.63, 25.6, 25.6, 25.64, 1388]
['2019-03-27 11:27:00', 25.61, 25.61, 25.61, 25.61, 397]
['2019-03-27 11:25:00', 25.61, 25.61, 25.61, 25.64, 1973]
['2019-03-27 10:27:00', 25.5826, 25.5826, 25.5826, 25.5826, 176]
['2019-03-27 10:15:00', 25.539, 25.539, 25.539, 25.539, 0]
['2019-03-26 15:59:00', 25.55, 25.55, 25.55, 25.55, 18402]
['2019-03-26 15:30:00', 25.541, 25.541, 25.541, 25.541, 1141]
['2019-03-26 15:26:00', 25.5833, 25.5833, 25.5833, 25.5833, 1041]
['2019-03-26 15:08:00', 25.5226, 25.5226, 25.5226, 25.5226, 1548]
['2019-03-26 15:06:00', 25.55, 25.55, 25.55, 25.55, 200]
['2019-03-26 15:01:00', 25.5156, 25.5156, 25.5156, 25.5156, 318]
['2019-03-26 14:58:00', 25.5128, 25.5128, 25.5128, 25.5128, 600]
['2019-03-26 14:53:00', 25.5699, 25.5699, 25.5699, 25.5699, 2030]
['2019-03-26 14:43:00', 25.57, 25.57, 25.57, 25.57, 326]
['2019-03-26 14:39:00', 25.57, 25.57, 25.57, 25.57, 3300]
['2019-03-26 14:37:00', 25.5, 25.56, 25.5, 25.56, 1450]
['2019-03-26 14:00:00', 25.4605, 25.4605, 25.4605, 25.4605, 811]
['2019-03-26 13:44:00', 25.49, 25.49, 25.49, 25.49, 704]
['2019-03-26 13:40:00', 25.5, 25.5, 25.5, 25.5, 211]
['2019-03-26 13:37:00', 25.5016, 25.5016, 25.5016, 25.5016, 315]
['2019-03-26 13:26:00', 25.5485, 25.5485, 25.5485, 25.5485, 256]
['2019-03-26 13:23:00', 25.465, 25.465, 25.465, 25.465, 170]
['2019-03-26 13:12:00', 25.5201, 25.5201, 25.5201, 25.5201, 400]
['2019-03-26 12:57:00', 25.549, 25.549, 25.549, 25.549, 699]
['2019-03-26 12:27:00', 25.53, 25.53, 25.53, 25.53, 215]
['2019-03-26 12:20:00', 25.536, 25.536, 25.536, 25.536, 887]
['2019-03-26 11:56:00', 25.398, 25.398, 25.398, 25.398, 152]
['2019-03-26 11:49:00', 25.47, 25.47, 25.47, 25.47, 327]
['2019-03-26 11:22:00', 25.56, 25.56, 25.56, 25.56, 635]
['2019-03-26 10:04:00', 25.36, 25.36, 25.36, 25.36, 269]
['2019-03-25 15:56:00', 25.4, 25.4, 25.4, 25.4, 0]
['2019-03-25 15:53:00', 25.4666, 25.4666, 25.4666, 25.4666, 300]
['2019-03-25 15:06:00', 25.4601, 25.4601, 25.4601, 25.4601, 472]
['2019-03-25 13:45:00', 25.4609, 25.4609, 25.4609, 25.4609, 468]
['2019-03-25 13:35:00', 25.48, 25.48, 25.48, 25.48, 125]
['2019-03-25 13:07:00', 25.49, 25.4899, 25.4899, 25.49, 707]
['2019-03-25 12:57:00', 25.49, 25.49, 25.49, 25.49, 146]
['2019-03-25 12:52:00', 25.46, 25.49, 25.46, 25.49, 2003]
['2019-03-25 12:34:00', 25.4452, 25.4452, 25.4452, 25.4452, 1794]
['2019-03-25 10:41:00', 25.4899, 25.4899, 25.4899, 25.4899, 466]
['2019-03-25 10:25:00', 25.47, 25.47, 25.47, 25.47, 0]
