AGTC
['2019-03-29 16:00:00', 4.2, 4.2, 4.2, 4.2, 265]
['2019-03-29 15:59:00', 4.22, 4.21, 4.21, 4.22, 520]
['2019-03-29 15:57:00', 4.23, 4.23, 4.23, 4.23, 100]
['2019-03-29 15:56:00', 4.22, 4.22, 4.22, 4.22, 300]
['2019-03-29 15:49:00', 4.22, 4.22, 4.22, 4.22, 160]
['2019-03-29 15:48:00', 4.211, 4.22, 4.211, 4.22, 1801]
['2019-03-29 15:41:00', 4.22, 4.22, 4.22, 4.22, 340]
['2019-03-29 15:39:00', 4.21, 4.21, 4.21, 4.21, 1053]
['2019-03-29 15:38:00', 4.2, 4.2, 4.2, 4.2, 1209]
['2019-03-29 15:35:00', 4.21, 4.21, 4.21, 4.21, 108]
['2019-03-29 15:31:00', 4.21, 4.21, 4.21, 4.21, 200]
['2019-03-29 15:18:00', 4.21, 4.21, 4.21, 4.21, 140]
['2019-03-29 15:03:00', 4.22, 4.22, 4.22, 4.22, 118]
['2019-03-29 15:01:00', 4.21, 4.21, 4.21, 4.21, 100]
['2019-03-29 14:53:00', 4.22, 4.22, 4.22, 4.22, 140]
['2019-03-29 14:39:00', 4.2, 4.22, 4.2, 4.22, 200]
['2019-03-29 14:27:00', 4.22, 4.22, 4.22, 4.22, 173]
['2019-03-29 13:56:00', 4.22, 4.22, 4.22, 4.22, 547]
['2019-03-29 13:53:00', 4.22, 4.22, 4.22, 4.22, 1540]
['2019-03-29 13:51:00', 4.25, 4.25, 4.25, 4.25, 100]
['2019-03-29 12:15:00', 4.2201, 4.25, 4.2201, 4.25, 623]
['2019-03-29 12:08:00', 4.24, 4.24, 4.24, 4.24, 100]
['2019-03-29 12:02:00', 4.2, 4.25, 4.2, 4.25, 1076]
['2019-03-29 12:01:00', 4.25, 4.25, 4.25, 4.25, 224]
['2019-03-29 12:00:00', 4.25, 4.205, 4.205, 4.26, 300]
['2019-03-29 11:34:00', 4.26, 4.26, 4.26, 4.26, 240]
['2019-03-29 10:07:00', 4.1984, 4.1984, 4.1984, 4.1984, 1360]
['2019-03-29 09:58:00', 4.25, 4.25, 4.25, 4.25, 140]
['2019-03-29 09:55:00', 4.21, 4.2, 4.2, 4.23, 866]
['2019-03-29 09:54:00', 4.2, 4.2, 4.2, 4.2, 324]
['2019-03-29 09:49:00', 4.18, 4.18, 4.18, 4.18, 200]
['2019-03-29 09:31:00', 4.16, 4.16, 4.16, 4.16, 0]
['2019-03-28 16:00:00', 4.15, 4.15, 4.15, 4.15, 573]
['2019-03-28 15:59:00', 4.15, 4.15, 4.15, 4.15, 222]
['2019-03-28 15:57:00', 4.15, 4.165, 4.15, 4.165, 500]
['2019-03-28 15:56:00', 4.17, 4.16, 4.16, 4.17, 384]
['2019-03-28 15:54:00', 4.19, 4.19, 4.19, 4.19, 120]
['2019-03-28 15:48:00', 4.19, 4.19, 4.19, 4.19, 100]
['2019-03-28 15:36:00', 4.18, 4.18, 4.18, 4.18, 521]
['2019-03-28 15:26:00', 4.17, 4.19, 4.17, 4.19, 210]
['2019-03-28 15:17:00', 4.16, 4.16, 4.15, 4.16, 1544]
['2019-03-28 15:14:00', 4.19, 4.19, 4.19, 4.19, 400]
['2019-03-28 15:13:00', 4.18, 4.18, 4.18, 4.18, 1640]
['2019-03-28 15:10:00', 4.17, 4.17, 4.17, 4.17, 217]
['2019-03-28 15:07:00', 4.13, 4.14, 4.13, 4.14, 496]
['2019-03-28 15:05:00', 4.1598, 4.17, 4.1598, 4.17, 200]
['2019-03-28 15:03:00', 4.18, 4.18, 4.18, 4.18, 1120]
['2019-03-28 15:02:00', 4.1799, 4.18, 4.1799, 4.18, 1840]
['2019-03-28 14:59:00', 4.17, 4.18, 4.17, 4.18, 310]
['2019-03-28 14:58:00', 4.1499, 4.15, 4.1499, 4.15, 400]
['2019-03-28 14:57:00', 4.15, 4.15, 4.15, 4.15, 120]
['2019-03-28 14:42:00', 4.18, 4.16, 4.16, 4.18, 880]
['2019-03-28 14:41:00', 4.2, 4.2, 4.2, 4.2, 220]
['2019-03-28 14:26:00', 4.2, 4.18, 4.18, 4.2, 200]
['2019-03-28 14:12:00', 4.2, 4.2, 4.2, 4.2, 300]
['2019-03-28 13:37:00', 4.27, 4.25, 4.25, 4.27, 847]
['2019-03-28 13:25:00', 4.27, 4.27, 4.27, 4.27, 100]
['2019-03-28 13:14:00', 4.26, 4.26, 4.26, 4.26, 240]
['2019-03-28 13:10:00', 4.2635, 4.2635, 4.2635, 4.2635, 100]
['2019-03-28 12:58:00', 4.27, 4.27, 4.27, 4.27, 100]
['2019-03-28 12:57:00', 4.27, 4.27, 4.27, 4.27, 200]
['2019-03-28 12:49:00', 4.27, 4.27, 4.27, 4.27, 100]
['2019-03-28 12:47:00', 4.25, 4.25, 4.25, 4.25, 100]
['2019-03-28 12:33:00', 4.2, 4.225, 4.195, 4.225, 6311]
['2019-03-28 12:32:00', 4.19, 4.19, 4.19, 4.19, 100]
['2019-03-28 12:20:00', 4.16, 4.16, 4.1599, 4.16, 2047]
['2019-03-28 12:19:00', 4.1401, 4.1401, 4.1401, 4.1401, 200]
['2019-03-28 12:18:00', 4.145, 4.145, 4.145, 4.145, 500]
['2019-03-28 12:15:00', 4.14, 4.14, 4.14, 4.14, 354]
['2019-03-28 12:08:00', 4.14, 4.14, 4.14, 4.14, 100]
['2019-03-28 12:06:00', 4.12, 4.11, 4.11, 4.12, 650]
['2019-03-28 11:45:00', 4.12, 4.12, 4.12, 4.12, 100]
['2019-03-28 11:44:00', 4.12, 4.12, 4.12, 4.12, 100]
['2019-03-28 11:36:00', 4.1, 4.1, 4.1, 4.1, 470]
['2019-03-28 11:22:00', 4.1, 4.1, 4.1, 4.1, 100]
['2019-03-28 11:07:00', 4.0901, 4.09, 4.09, 4.1, 3601]
['2019-03-28 11:03:00', 4.1, 4.1, 4.1, 4.1, 930]
['2019-03-28 10:50:00', 4.13, 4.13, 4.13, 4.14, 522]
['2019-03-28 10:34:00', 4.13, 4.13, 4.13, 4.13, 102]
['2019-03-28 10:16:00', 4.17, 4.17, 4.17, 4.17, 128]
['2019-03-28 10:15:00', 4.18, 4.18, 4.18, 4.18, 105]
['2019-03-28 10:01:00', 4.15, 4.1841, 4.15, 4.1841, 329]
['2019-03-28 10:00:00', 4.19, 4.19, 4.19, 4.19, 100]
['2019-03-28 09:55:00', 4.17, 4.18, 4.17, 4.18, 200]
['2019-03-28 09:51:00', 4.12, 4.12, 4.12, 4.12, 343]
['2019-03-28 09:50:00', 4.11, 4.11, 4.11, 4.11, 350]
['2019-03-28 09:43:00', 4.07, 4.07, 4.07, 4.07, 210]
['2019-03-28 09:39:00', 4.0896, 4.0896, 4.0896, 4.0896, 200]
['2019-03-28 09:31:00', 4.2, 4.1, 4.1, 4.2, 0]
['2019-03-27 16:00:00', 4.21, 4.21, 4.21, 4.21, 204]
['2019-03-27 15:57:00', 4.2, 4.2, 4.2, 4.2, 188]
['2019-03-27 15:55:00', 4.2, 4.2, 4.2, 4.2, 241]
['2019-03-27 15:52:00', 4.22, 4.22, 4.22, 4.22, 100]
['2019-03-27 15:51:00', 4.22, 4.22, 4.22, 4.22, 100]
['2019-03-27 15:46:00', 4.22, 4.23, 4.22, 4.23, 1366]
['2019-03-27 15:44:00', 4.22, 4.23, 4.22, 4.23, 200]
['2019-03-27 15:40:00', 4.25, 4.22, 4.22, 4.25, 631]
['2019-03-27 15:35:00', 4.27, 4.26, 4.26, 4.27, 305]
['2019-03-27 15:34:00', 4.28, 4.26, 4.26, 4.28, 390]
['2019-03-27 15:28:00', 4.25, 4.25, 4.25, 4.25, 410]
['2019-03-27 15:24:00', 4.25, 4.24, 4.235, 4.25, 784]
['2019-03-27 15:10:00', 4.25, 4.25, 4.25, 4.25, 100]
['2019-03-27 15:06:00', 4.25, 4.25, 4.25, 4.25, 552]
['2019-03-27 15:00:00', 4.26, 4.26, 4.25, 4.26, 402]
['2019-03-27 14:59:00', 4.27, 4.26, 4.26, 4.285, 1505]
['2019-03-27 14:57:00', 4.28, 4.28, 4.28, 4.28, 100]
['2019-03-27 14:49:00', 4.3085, 4.3085, 4.3085, 4.3085, 1155]
['2019-03-27 14:48:00', 4.32, 4.32, 4.32, 4.32, 100]
['2019-03-27 14:28:00', 4.285, 4.285, 4.285, 4.285, 100]
['2019-03-27 14:20:00', 4.28, 4.28, 4.28, 4.28, 229]
['2019-03-27 14:03:00', 4.29, 4.29, 4.29, 4.29, 100]
['2019-03-27 13:46:00', 4.25, 4.25, 4.25, 4.25, 400]
['2019-03-27 13:41:00', 4.2283, 4.24, 4.2283, 4.24, 700]
['2019-03-27 13:40:00', 4.26, 4.26, 4.26, 4.26, 100]
['2019-03-27 13:28:00', 4.24, 4.24, 4.24, 4.24, 300]
['2019-03-27 13:26:00', 4.2699, 4.2599, 4.2599, 4.2699, 800]
['2019-03-27 13:25:00', 4.2689, 4.2689, 4.2689, 4.2689, 207]
['2019-03-27 13:17:00', 4.23, 4.23, 4.23, 4.23, 100]
['2019-03-27 13:15:00', 4.23, 4.23, 4.23, 4.23, 100]
['2019-03-27 13:02:00', 4.2, 4.215, 4.2, 4.215, 600]
['2019-03-27 12:47:00', 4.21, 4.2, 4.2, 4.21, 300]
['2019-03-27 12:34:00', 4.18, 4.21, 4.18, 4.21, 1204]
['2019-03-27 12:29:00', 4.18, 4.18, 4.18, 4.18, 100]
['2019-03-27 12:13:00', 4.17, 4.17, 4.17, 4.17, 192]
['2019-03-27 12:11:00', 4.14, 4.14, 4.135, 4.14, 705]
['2019-03-27 11:58:00', 4.15, 4.13, 4.13, 4.1525, 3184]
['2019-03-27 11:55:00', 4.16, 4.16, 4.16, 4.16, 210]
['2019-03-27 11:42:00', 4.18, 4.18, 4.18, 4.18, 100]
['2019-03-27 11:36:00', 4.2, 4.2125, 4.2, 4.2125, 7310]
['2019-03-27 11:32:00', 4.23, 4.22, 4.22, 4.235, 1345]
['2019-03-27 11:25:00', 4.2407, 4.2407, 4.2407, 4.2407, 203]
['2019-03-27 11:23:00', 4.249, 4.249, 4.249, 4.249, 150]
['2019-03-27 11:22:00', 4.25, 4.25, 4.25, 4.25, 200]
['2019-03-27 11:21:00', 4.25, 4.25, 4.25, 4.25, 655]
['2019-03-27 11:18:00', 4.245, 4.25, 4.245, 4.25, 534]
['2019-03-27 11:15:00', 4.25, 4.2525, 4.25, 4.265, 1205]
['2019-03-27 11:08:00', 4.265, 4.265, 4.265, 4.265, 186]
['2019-03-27 10:48:00', 4.29, 4.29, 4.29, 4.29, 107]
['2019-03-27 10:34:00', 4.3, 4.3, 4.3, 4.3, 100]
['2019-03-27 10:20:00', 4.3, 4.3, 4.3, 4.3, 211]
['2019-03-27 10:18:00', 4.254, 4.22, 4.22, 4.254, 350]
['2019-03-27 10:09:00', 4.2643, 4.2643, 4.2643, 4.2643, 200]
['2019-03-27 10:03:00', 4.22, 4.32, 4.22, 4.32, 674]
['2019-03-27 09:46:00', 4.365, 4.365, 4.365, 4.365, 112]
['2019-03-27 09:41:00', 4.4441, 4.4441, 4.4441, 4.4441, 501]
['2019-03-26 16:00:00', 4.28, 4.28, 4.28, 4.28, 1018]
['2019-03-26 15:58:00', 4.28, 4.29, 4.28, 4.29, 719]
['2019-03-26 15:55:00', 4.28, 4.28, 4.28, 4.28, 200]
['2019-03-26 15:53:00', 4.28, 4.28, 4.28, 4.28, 610]
['2019-03-26 15:52:00', 4.25, 4.25, 4.25, 4.25, 300]
['2019-03-26 15:41:00', 4.2468, 4.2468, 4.2468, 4.2468, 1720]
['2019-03-26 15:32:00', 4.25, 4.25, 4.25, 4.25, 221]
['2019-03-26 15:29:00', 4.25, 4.25, 4.25, 4.25, 400]
['2019-03-26 15:24:00', 4.25, 4.25, 4.25, 4.25, 100]
['2019-03-26 15:18:00', 4.25, 4.25, 4.25, 4.25, 690]
['2019-03-26 15:14:00', 4.25, 4.25, 4.25, 4.25, 130]
['2019-03-26 15:13:00', 4.25, 4.25, 4.25, 4.25, 100]
['2019-03-26 15:12:00', 4.25, 4.25, 4.25, 4.25, 100]
['2019-03-26 15:11:00', 4.25, 4.25, 4.25, 4.25, 100]
['2019-03-26 15:03:00', 4.25, 4.25, 4.25, 4.25, 900]
['2019-03-26 15:02:00', 4.25, 4.25, 4.25, 4.25, 100]
['2019-03-26 15:00:00', 4.25, 4.25, 4.25, 4.25, 100]
['2019-03-26 14:58:00', 4.25, 4.25, 4.25, 4.25, 200]
['2019-03-26 14:55:00', 4.245, 4.245, 4.245, 4.245, 200]
['2019-03-26 14:49:00', 4.25, 4.25, 4.25, 4.25, 485]
['2019-03-26 14:41:00', 4.24, 4.24, 4.24, 4.24, 326]
['2019-03-26 14:38:00', 4.24, 4.24, 4.24, 4.24, 100]
['2019-03-26 14:26:00', 4.25, 4.25, 4.25, 4.25, 1335]
['2019-03-26 14:24:00', 4.285, 4.25, 4.25, 4.285, 2300]
['2019-03-26 14:21:00', 4.3, 4.3, 4.3, 4.3, 269]
['2019-03-26 14:03:00', 4.25, 4.25, 4.25, 4.25, 405]
['2019-03-26 13:53:00', 4.25, 4.25, 4.25, 4.25, 423]
['2019-03-26 13:46:00', 4.25, 4.25, 4.25, 4.25, 120]
['2019-03-26 13:45:00', 4.24, 4.24, 4.24, 4.24, 100]
['2019-03-26 13:28:00', 4.24, 4.24, 4.24, 4.24, 278]
['2019-03-26 13:25:00', 4.24, 4.24, 4.24, 4.24, 210]
['2019-03-26 13:23:00', 4.21, 4.21, 4.21, 4.21, 3199]
['2019-03-26 13:22:00', 4.2, 4.2, 4.2, 4.2, 100]
['2019-03-26 13:19:00', 4.2, 4.2, 4.2, 4.2, 500]
['2019-03-26 13:17:00', 4.2, 4.2, 4.2, 4.2, 300]
['2019-03-26 13:12:00', 4.194, 4.194, 4.194, 4.194, 625]
['2019-03-26 13:10:00', 4.2, 4.2, 4.2, 4.2, 1092]
['2019-03-26 13:06:00', 4.195, 4.195, 4.195, 4.195, 311]
['2019-03-26 12:35:00', 4.21, 4.21, 4.21, 4.21, 256]
['2019-03-26 12:33:00', 4.24, 4.24, 4.24, 4.24, 100]
['2019-03-26 12:12:00', 4.24, 4.21, 4.21, 4.24, 2720]
['2019-03-26 12:08:00', 4.222, 4.222, 4.222, 4.222, 100]
['2019-03-26 11:56:00', 4.24, 4.24, 4.24, 4.24, 120]
['2019-03-26 11:30:00', 4.24, 4.24, 4.24, 4.24, 129]
['2019-03-26 11:09:00', 4.22, 4.22, 4.22, 4.22, 310]
['2019-03-26 11:03:00', 4.21, 4.21, 4.21, 4.21, 100]
['2019-03-26 10:51:00', 4.16, 4.16, 4.16, 4.16, 212]
['2019-03-26 10:50:00', 4.16, 4.16, 4.16, 4.16, 100]
['2019-03-26 10:47:00', 4.13, 4.13, 4.13, 4.13, 810]
['2019-03-26 10:25:00', 4.12, 4.12, 4.12, 4.12, 520]
['2019-03-26 10:24:00', 4.08, 4.08, 4.08, 4.08, 500]
['2019-03-26 10:21:00', 4.145, 4.145, 4.145, 4.145, 110]
['2019-03-26 10:12:00', 4.12, 4.12, 4.12, 4.12, 1500]
['2019-03-26 10:06:00', 4.0981, 4.0981, 4.0981, 4.0981, 1517]
['2019-03-26 10:02:00', 4.08, 4.07, 4.07, 4.08, 1721]
['2019-03-26 10:01:00', 4.14, 4.14, 4.14, 4.14, 1200]
['2019-03-26 10:00:00', 4.18, 4.18, 4.18, 4.18, 5580]
['2019-03-26 09:59:00', 4.14, 4.14, 4.14, 4.14, 1125]
['2019-03-26 09:58:00', 4.19, 4.19, 4.19, 4.19, 3529]
['2019-03-26 09:56:00', 4.2, 4.2, 4.2, 4.2, 495]
['2019-03-26 09:54:00', 4.22, 4.2, 4.2, 4.22, 3300]
['2019-03-26 09:53:00', 4.23, 4.23, 4.23, 4.23, 1900]
['2019-03-26 09:52:00', 4.25, 4.25, 4.25, 4.25, 1800]
['2019-03-26 09:51:00', 4.28, 4.28, 4.28, 4.28, 1600]
['2019-03-26 09:50:00', 4.24, 4.24, 4.24, 4.24, 2653]
['2019-03-26 09:49:00', 4.25, 4.25, 4.25, 4.25, 15900]
['2019-03-26 09:48:00', 4.24, 4.24, 4.24, 4.24, 1200]
['2019-03-26 09:47:00', 4.25, 4.25, 4.25, 4.25, 900]
['2019-03-26 09:46:00', 4.19, 4.19, 4.19, 4.19, 185]
['2019-03-26 09:44:00', 4.06, 4.11, 4.06, 4.11, 2602]
['2019-03-26 09:43:00', 4.15, 4.14, 4.14, 4.15, 15861]
['2019-03-26 09:42:00', 4.16, 4.16, 4.16, 4.16, 601]
['2019-03-26 09:40:00', 4.18, 4.18, 4.18, 4.18, 2500]
['2019-03-26 09:36:00', 4.34, 4.34, 4.34, 4.34, 128]
['2019-03-26 09:32:00', 4.3535, 4.3535, 4.3535, 4.3535, 0]
['2019-03-25 16:00:00', 4.2, 4.2, 4.2, 4.2, 954]
['2019-03-25 15:58:00', 4.25, 4.25, 4.25, 4.25, 705]
['2019-03-25 15:57:00', 4.3, 4.3, 4.3, 4.3, 200]
['2019-03-25 15:56:00', 4.3, 4.3, 4.3, 4.3, 100]
['2019-03-25 15:49:00', 4.285, 4.285, 4.285, 4.285, 101]
['2019-03-25 15:46:00', 4.25, 4.3, 4.25, 4.3, 9800]
['2019-03-25 15:45:00', 4.3015, 4.3015, 4.3015, 4.3015, 3300]
['2019-03-25 15:43:00', 4.34, 4.34, 4.34, 4.34, 300]
['2019-03-25 15:36:00', 4.34, 4.34, 4.34, 4.34, 100]
['2019-03-25 15:26:00', 4.295, 4.295, 4.295, 4.295, 105]
['2019-03-25 15:20:00', 4.35, 4.35, 4.35, 4.35, 300]
['2019-03-25 15:18:00', 4.35, 4.35, 4.35, 4.35, 1000]
['2019-03-25 15:10:00', 4.34, 4.34, 4.34, 4.34, 100]
['2019-03-25 15:06:00', 4.2975, 4.2975, 4.2975, 4.2975, 700]
['2019-03-25 15:04:00', 4.31, 4.31, 4.31, 4.31, 302]
['2019-03-25 15:01:00', 4.39, 4.39, 4.39, 4.39, 100]
['2019-03-25 14:58:00', 4.35, 4.35, 4.35, 4.35, 800]
['2019-03-25 14:54:00', 4.35, 4.35, 4.35, 4.35, 400]
['2019-03-25 14:49:00', 4.35, 4.35, 4.35, 4.35, 1150]
['2019-03-25 14:32:00', 4.26, 4.255, 4.255, 4.26, 1272]
['2019-03-25 14:31:00', 4.29, 4.29, 4.29, 4.29, 300]
['2019-03-25 14:26:00', 4.295, 4.28, 4.28, 4.295, 2300]
['2019-03-25 13:52:00', 4.34, 4.34, 4.34, 4.34, 100]
['2019-03-25 13:47:00', 4.35, 4.35, 4.35, 4.35, 400]
['2019-03-25 13:38:00', 4.36, 4.36, 4.36, 4.36, 100]
['2019-03-25 13:36:00', 4.325, 4.36, 4.325, 4.36, 400]
['2019-03-25 13:32:00', 4.36, 4.36, 4.36, 4.36, 200]
['2019-03-25 13:11:00', 4.36, 4.36, 4.36, 4.36, 100]
['2019-03-25 13:04:00', 4.34, 4.34, 4.34, 4.34, 1310]
['2019-03-25 13:00:00', 4.34, 4.34, 4.34, 4.34, 1500]
['2019-03-25 12:52:00', 4.32, 4.32, 4.32, 4.32, 400]
['2019-03-25 12:51:00', 4.295, 4.295, 4.295, 4.295, 100]
['2019-03-25 12:38:00', 4.275, 4.29, 4.275, 4.29, 1900]
['2019-03-25 12:37:00', 4.36, 4.295, 4.295, 4.36, 1485]
['2019-03-25 12:32:00', 4.38, 4.38, 4.38, 4.38, 100]
['2019-03-25 12:29:00', 4.36, 4.36, 4.36, 4.36, 100]
['2019-03-25 12:27:00', 4.4, 4.4, 4.4, 4.4, 200]
['2019-03-25 12:12:00', 4.37, 4.37, 4.37, 4.37, 250]
['2019-03-25 12:05:00', 4.375, 4.375, 4.375, 4.375, 703]
['2019-03-25 11:55:00', 4.41, 4.41, 4.41, 4.41, 200]
['2019-03-25 11:50:00', 4.37, 4.37, 4.37, 4.37, 100]
['2019-03-25 11:42:00', 4.36, 4.35, 4.35, 4.36, 500]
['2019-03-25 11:40:00', 4.37, 4.37, 4.37, 4.37, 100]
['2019-03-25 11:39:00', 4.37, 4.37, 4.37, 4.37, 100]
['2019-03-25 11:33:00', 4.3699, 4.3699, 4.3699, 4.3699, 3100]
['2019-03-25 11:13:00', 4.33, 4.33, 4.33, 4.33, 311]
['2019-03-25 11:09:00', 4.31, 4.31, 4.31, 4.31, 100]
['2019-03-25 10:57:00', 4.2318, 4.2318, 4.2318, 4.2318, 300]
['2019-03-25 10:54:00', 4.29, 4.29, 4.29, 4.29, 200]
['2019-03-25 10:48:00', 4.26, 4.26, 4.26, 4.26, 153]
['2019-03-25 10:28:00', 4.22, 4.22, 4.22, 4.22, 500]
['2019-03-25 10:10:00', 4.18, 4.18, 4.18, 4.18, 280]
['2019-03-25 10:08:00', 4.1595, 4.1595, 4.1595, 4.1595, 150]
['2019-03-25 10:05:00', 4.156, 4.156, 4.156, 4.156, 300]
['2019-03-25 09:51:00', 4.18, 4.18, 4.18, 4.18, 100]
['2019-03-25 09:44:00', 4.14, 4.14, 4.14, 4.14, 0]
