AMED
['2019-03-29 16:00:00', 123.2, 123.3, 123.2, 123.31, 27667]
['2019-03-29 15:59:00', 123.05, 123.2, 123.05, 123.21, 12256]
['2019-03-29 15:58:00', 123.0, 123.09, 122.96, 123.13, 3633]
['2019-03-29 15:57:00', 122.95, 123.04, 122.92, 123.04, 3990]
['2019-03-29 15:56:00', 122.91, 122.95, 122.91, 122.96, 3298]
['2019-03-29 15:55:00', 122.86, 122.81, 122.81, 122.87, 2861]
['2019-03-29 15:54:00', 122.66, 122.835, 122.66, 122.84, 2156]
['2019-03-29 15:53:00', 122.69, 122.705, 122.67, 122.73, 1982]
['2019-03-29 15:52:00', 122.63, 122.7, 122.63, 122.7, 1663]
['2019-03-29 15:51:00', 122.65, 122.57, 122.57, 122.65, 1127]
['2019-03-29 15:50:00', 122.71, 122.68, 122.68, 122.73, 1174]
['2019-03-29 15:49:00', 122.79, 122.6601, 122.65, 122.83, 2392]
['2019-03-29 15:48:00', 122.86, 122.83, 122.795, 122.87, 2050]
['2019-03-29 15:47:00', 122.75, 122.8, 122.75, 122.8, 1696]
['2019-03-29 15:46:00', 122.7, 122.69, 122.69, 122.715, 1419]
['2019-03-29 15:45:00', 122.65, 122.62, 122.62, 122.65, 834]
['2019-03-29 15:44:00', 122.61, 122.61, 122.61, 122.61, 468]
['2019-03-29 15:43:00', 122.585, 122.59, 122.585, 122.71, 1964]
['2019-03-29 15:41:00', 122.55, 122.4814, 122.4814, 122.55, 962]
['2019-03-29 15:40:00', 122.57, 122.63, 122.57, 122.66, 1215]
['2019-03-29 15:39:00', 122.498, 122.59, 122.47, 122.59, 1124]
['2019-03-29 15:37:00', 122.44, 122.56, 122.4, 122.56, 2066]
['2019-03-29 15:35:00', 122.37, 122.42, 122.37, 122.42, 574]
['2019-03-29 15:34:00', 122.31, 122.27, 122.27, 122.31, 995]
['2019-03-29 15:33:00', 122.38, 122.31, 122.31, 122.38, 426]
['2019-03-29 15:32:00', 122.47, 122.47, 122.47, 122.47, 865]
['2019-03-29 15:31:00', 122.615, 122.47, 122.47, 122.615, 2515]
['2019-03-29 15:30:00', 122.62, 122.62, 122.61, 122.62, 405]
['2019-03-29 15:29:00', 122.605, 122.665, 122.54, 122.67, 2340]
['2019-03-29 15:28:00', 122.59, 122.585, 122.54, 122.59, 2247]
['2019-03-29 15:27:00', 122.57, 122.63, 122.57, 122.63, 1582]
['2019-03-29 15:26:00', 122.55, 122.55, 122.55, 122.55, 120]
['2019-03-29 15:24:00', 122.51, 122.59, 122.5, 122.59, 1407]
['2019-03-29 15:23:00', 122.55, 122.59, 122.55, 122.61, 1170]
['2019-03-29 15:22:00', 122.55, 122.55, 122.55, 122.55, 324]
['2019-03-29 15:21:00', 122.575, 122.56, 122.55, 122.575, 523]
['2019-03-29 15:20:00', 122.51, 122.555, 122.51, 122.555, 545]
['2019-03-29 15:19:00', 122.62, 122.59, 122.58, 122.62, 1290]
['2019-03-29 15:18:00', 122.63, 122.62, 122.6, 122.63, 903]
['2019-03-29 15:17:00', 122.56, 122.63, 122.56, 122.63, 836]
['2019-03-29 15:16:00', 122.51, 122.5208, 122.51, 122.5208, 497]
['2019-03-29 15:15:00', 122.5725, 122.55, 122.55, 122.585, 886]
['2019-03-29 15:14:00', 122.62, 122.62, 122.62, 122.62, 101]
['2019-03-29 15:13:00', 122.75, 122.5931, 122.58, 122.75, 923]
['2019-03-29 15:12:00', 122.66, 122.7, 122.66, 122.7, 1248]
['2019-03-29 15:11:00', 122.66, 122.66, 122.66, 122.66, 219]
['2019-03-29 15:10:00', 122.68, 122.68, 122.68, 122.68, 311]
['2019-03-29 15:09:00', 122.78, 122.78, 122.78, 122.78, 391]
['2019-03-29 15:08:00', 122.82, 122.83, 122.82, 122.83, 357]
['2019-03-29 15:07:00', 122.85, 122.84, 122.84, 122.85, 935]
['2019-03-29 15:06:00', 122.95, 122.94, 122.94, 122.99, 572]
['2019-03-29 15:05:00', 122.925, 123.0437, 122.925, 123.045, 1445]
['2019-03-29 15:04:00', 122.94, 122.935, 122.91, 123.005, 2917]
['2019-03-29 15:03:00', 122.925, 122.94, 122.925, 122.94, 200]
['2019-03-29 15:02:00', 122.83, 122.94, 122.83, 122.94, 807]
['2019-03-29 14:59:00', 122.75, 122.86, 122.74, 122.86, 964]
['2019-03-29 14:57:00', 122.69, 122.77, 122.69, 122.77, 776]
['2019-03-29 14:56:00', 122.83, 122.69, 122.69, 122.91, 1432]
['2019-03-29 14:54:00', 122.59, 122.82, 122.59, 122.82, 883]
['2019-03-29 14:53:00', 122.47, 122.49, 122.47, 122.49, 360]
['2019-03-29 14:49:00', 122.31, 122.415, 122.31, 122.415, 1294]
['2019-03-29 14:48:00', 122.24, 122.35, 122.235, 122.36, 2789]
['2019-03-29 14:47:00', 122.21, 122.18, 122.17, 122.21, 820]
['2019-03-29 14:45:00', 122.345, 122.34, 122.34, 122.345, 448]
['2019-03-29 14:42:00', 122.245, 122.28, 122.245, 122.28, 447]
['2019-03-29 14:38:00', 122.35, 122.38, 122.35, 122.38, 1076]
['2019-03-29 14:36:00', 122.46, 122.36, 122.36, 122.46, 555]
['2019-03-29 14:34:00', 122.475, 122.475, 122.475, 122.475, 112]
['2019-03-29 14:31:00', 122.47, 122.51, 122.47, 122.51, 565]
['2019-03-29 14:29:00', 122.67, 122.55, 122.47, 122.67, 1771]
['2019-03-29 14:28:00', 122.61, 122.67, 122.585, 122.67, 2019]
['2019-03-29 14:27:00', 122.59, 122.694, 122.59, 122.694, 1117]
['2019-03-29 14:26:00', 122.62, 122.59, 122.59, 122.62, 667]
['2019-03-29 14:25:00', 122.63, 122.63, 122.63, 122.63, 101]
['2019-03-29 14:22:00', 122.68, 122.64, 122.64, 122.68, 387]
['2019-03-29 14:21:00', 122.76, 122.71, 122.71, 122.76, 624]
['2019-03-29 14:20:00', 122.83, 122.81, 122.77, 122.83, 1639]
['2019-03-29 14:18:00', 122.895, 122.895, 122.895, 122.895, 106]
['2019-03-29 14:17:00', 122.975, 122.975, 122.975, 122.975, 339]
['2019-03-29 14:11:00', 122.63, 122.755, 122.6, 122.755, 1609]
['2019-03-29 14:10:00', 122.48, 122.63, 122.47, 122.63, 1965]
['2019-03-29 14:09:00', 122.58, 122.535, 122.481, 122.58, 1577]
['2019-03-29 14:08:00', 122.54, 122.585, 122.54, 122.585, 545]
['2019-03-29 14:04:00', 122.5, 122.5, 122.5, 122.5, 137]
['2019-03-29 14:03:00', 122.55, 122.55, 122.55, 122.55, 100]
['2019-03-29 14:02:00', 122.58, 122.55, 122.55, 122.58, 339]
['2019-03-29 14:00:00', 122.65, 122.63, 122.63, 122.65, 392]
['2019-03-29 13:59:00', 122.59, 122.705, 122.59, 122.705, 537]
['2019-03-29 13:54:00', 122.71, 122.69, 122.68, 122.71, 553]
['2019-03-29 13:48:00', 122.59, 122.61, 122.59, 122.63, 721]
['2019-03-29 13:47:00', 122.86, 122.35, 122.35, 122.86, 3979]
['2019-03-29 13:46:00', 122.79, 122.755, 122.74, 122.79, 421]
['2019-03-29 13:43:00', 122.77, 122.77, 122.77, 122.77, 104]
['2019-03-29 13:42:00', 122.74, 122.785, 122.72, 122.785, 754]
['2019-03-29 13:40:00', 122.79, 122.79, 122.79, 122.8, 516]
['2019-03-29 13:38:00', 122.49, 122.6, 122.47, 122.64, 2014]
['2019-03-29 13:37:00', 122.54, 122.57, 122.53, 122.57, 320]
['2019-03-29 13:36:00', 122.44, 122.5605, 122.44, 122.59, 1016]
['2019-03-29 13:35:00', 122.47, 122.525, 122.47, 122.595, 1397]
['2019-03-29 13:33:00', 122.43, 122.37, 122.37, 122.43, 481]
['2019-03-29 13:28:00', 122.45, 122.485, 122.4219, 122.485, 953]
['2019-03-29 13:27:00', 122.5, 122.48, 122.48, 122.5, 217]
['2019-03-29 13:26:00', 122.63, 122.63, 122.63, 122.63, 363]
['2019-03-29 13:24:00', 122.435, 122.53, 122.435, 122.53, 266]
['2019-03-29 13:21:00', 122.2, 122.21, 122.2, 122.21, 332]
['2019-03-29 13:19:00', 122.26, 122.32, 122.26, 122.32, 611]
['2019-03-29 13:18:00', 122.31, 122.31, 122.31, 122.31, 110]
['2019-03-29 13:16:00', 122.48, 122.43, 122.43, 122.48, 780]
['2019-03-29 13:15:00', 122.53, 122.52, 122.47, 122.53, 1061]
['2019-03-29 13:14:00', 122.46, 122.46, 122.46, 122.46, 236]
['2019-03-29 13:13:00', 122.46, 122.46, 122.46, 122.46, 118]
['2019-03-29 13:12:00', 122.38, 122.385, 122.34, 122.4, 603]
['2019-03-29 13:11:00', 122.315, 122.315, 122.315, 122.315, 316]
['2019-03-29 13:09:00', 122.21, 122.25, 122.2, 122.25, 869]
['2019-03-29 13:08:00', 122.09, 122.174, 122.09, 122.174, 507]
['2019-03-29 13:06:00', 122.17, 122.16, 122.16, 122.17, 211]
['2019-03-29 13:02:00', 122.29, 122.365, 122.29, 122.365, 573]
['2019-03-29 13:01:00', 122.29, 122.29, 122.29, 122.29, 304]
['2019-03-29 13:00:00', 122.29, 122.29, 122.29, 122.29, 101]
['2019-03-29 12:57:00', 122.37, 122.31, 122.31, 122.37, 286]
['2019-03-29 12:55:00', 122.04, 122.05, 122.04, 122.05, 408]
['2019-03-29 12:54:00', 122.0, 121.99, 121.99, 122.0, 460]
['2019-03-29 12:49:00', 121.99, 122.01, 121.99, 122.01, 483]
['2019-03-29 12:48:00', 122.06, 122.06, 122.06, 122.06, 207]
['2019-03-29 12:47:00', 122.13, 122.11, 122.11, 122.13, 416]
['2019-03-29 12:45:00', 122.18, 122.18, 122.18, 122.18, 197]
['2019-03-29 12:43:00', 122.28, 122.27, 122.27, 122.36, 1042]
['2019-03-29 12:40:00', 122.39, 122.36, 122.36, 122.39, 641]
['2019-03-29 12:39:00', 122.445, 122.445, 122.445, 122.445, 273]
['2019-03-29 12:35:00', 122.38, 122.39, 122.38, 122.39, 488]
['2019-03-29 12:33:00', 122.41, 122.41, 122.41, 122.41, 227]
['2019-03-29 12:31:00', 122.375, 122.36, 122.3, 122.375, 621]
['2019-03-29 12:30:00', 122.41, 122.42, 122.375, 122.42, 1599]
['2019-03-29 12:29:00', 122.33, 122.42, 122.31, 122.42, 766]
['2019-03-29 12:27:00', 122.295, 122.255, 122.255, 122.3, 1014]
['2019-03-29 12:26:00', 122.305, 122.305, 122.305, 122.305, 100]
['2019-03-29 12:24:00', 122.31, 122.31, 122.31, 122.31, 118]
['2019-03-29 12:22:00', 122.25, 122.25, 122.25, 122.25, 251]
['2019-03-29 12:21:00', 122.1, 122.19, 122.1, 122.19, 743]
['2019-03-29 12:20:00', 122.17, 122.04, 121.98, 122.18, 3948]
['2019-03-29 12:19:00', 122.14, 122.14, 122.14, 122.14, 119]
['2019-03-29 12:18:00', 122.115, 122.12, 122.115, 122.12, 280]
['2019-03-29 12:17:00', 122.115, 122.115, 122.115, 122.115, 107]
['2019-03-29 12:16:00', 122.06, 122.17, 122.005, 122.17, 1689]
['2019-03-29 12:15:00', 122.1, 122.12, 122.05, 122.12, 974]
['2019-03-29 12:14:00', 121.94, 121.99, 121.94, 121.99, 212]
['2019-03-29 12:10:00', 121.92, 122.0, 121.92, 122.03, 1077]
['2019-03-29 12:09:00', 121.82, 121.86, 121.82, 121.86, 325]
['2019-03-29 12:08:00', 121.915, 121.84, 121.83, 121.915, 714]
['2019-03-29 12:07:00', 121.86, 121.9, 121.86, 121.9, 558]
['2019-03-29 12:06:00', 121.87, 121.95, 121.87, 121.95, 336]
['2019-03-29 12:03:00', 121.895, 121.805, 121.805, 121.895, 264]
['2019-03-29 12:01:00', 121.9, 121.885, 121.885, 121.9, 446]
['2019-03-29 12:00:00', 121.86, 121.91, 121.86, 121.91, 201]
['2019-03-29 11:59:00', 121.78, 121.845, 121.68, 121.86, 6322]
['2019-03-29 11:58:00', 121.66, 121.52, 121.52, 121.66, 3331]
['2019-03-29 11:57:00', 121.39, 121.455, 121.39, 121.455, 329]
['2019-03-29 11:56:00', 121.4, 121.43, 121.4, 121.43, 567]
['2019-03-29 11:55:00', 121.49, 121.37, 121.37, 121.49, 1188]
['2019-03-29 11:51:00', 121.69, 121.75, 121.61, 121.75, 784]
['2019-03-29 11:50:00', 121.68, 121.825, 121.68, 121.825, 601]
['2019-03-29 11:49:00', 121.59, 121.63, 121.59, 121.63, 343]
['2019-03-29 11:47:00', 121.69, 121.475, 121.475, 121.69, 1365]
['2019-03-29 11:46:00', 121.7, 121.7, 121.7, 121.7, 198]
['2019-03-29 11:45:00', 121.87, 121.87, 121.87, 121.87, 102]
['2019-03-29 11:43:00', 122.01, 122.01, 122.01, 122.01, 300]
['2019-03-29 11:42:00', 122.04, 122.04, 122.04, 122.04, 413]
['2019-03-29 11:40:00', 122.06, 122.06, 122.06, 122.06, 127]
['2019-03-29 11:39:00', 122.1, 122.1, 122.1, 122.1, 190]
['2019-03-29 11:38:00', 121.985, 121.985, 121.985, 121.985, 214]
['2019-03-29 11:35:00', 121.96, 121.975, 121.96, 121.975, 309]
['2019-03-29 11:34:00', 121.98, 121.98, 121.98, 121.98, 214]
['2019-03-29 11:31:00', 122.23, 122.23, 122.23, 122.23, 103]
['2019-03-29 11:30:00', 121.96, 121.96, 121.96, 121.96, 100]
['2019-03-29 11:26:00', 121.99, 122.09, 121.99, 122.09, 1320]
['2019-03-29 11:24:00', 121.765, 121.765, 121.765, 121.765, 152]
['2019-03-29 11:23:00', 121.89, 121.87, 121.81, 121.89, 595]
['2019-03-29 11:22:00', 121.87, 121.87, 121.87, 121.87, 200]
['2019-03-29 11:21:00', 121.82, 121.82, 121.82, 121.82, 150]
['2019-03-29 11:19:00', 122.17, 122.21, 122.07, 122.23, 537]
['2019-03-29 11:17:00', 122.1, 122.1, 122.1, 122.1, 214]
['2019-03-29 11:14:00', 122.07, 122.145, 122.07, 122.145, 439]
['2019-03-29 11:13:00', 122.215, 122.215, 122.215, 122.215, 202]
['2019-03-29 11:10:00', 122.38, 122.38, 122.38, 122.38, 258]
['2019-03-29 11:09:00', 122.26, 122.26, 122.26, 122.26, 211]
['2019-03-29 11:08:00', 122.13, 122.13, 122.13, 122.13, 112]
['2019-03-29 11:05:00', 122.16, 122.16, 122.16, 122.27, 652]
['2019-03-29 11:04:00', 122.16, 122.16, 122.16, 122.16, 203]
['2019-03-29 11:03:00', 122.183, 122.183, 122.183, 122.183, 222]
['2019-03-29 11:02:00', 122.12, 122.12, 122.1, 122.12, 566]
['2019-03-29 11:01:00', 121.99, 122.05, 121.96, 122.065, 2461]
['2019-03-29 11:00:00', 121.905, 121.905, 121.905, 121.905, 249]
['2019-03-29 10:56:00', 121.83, 121.83, 121.83, 121.83, 146]
['2019-03-29 10:55:00', 122.045, 122.045, 122.045, 122.045, 218]
['2019-03-29 10:54:00', 122.165, 122.165, 122.165, 122.165, 198]
['2019-03-29 10:53:00', 122.3377, 122.185, 122.115, 122.3377, 1815]
['2019-03-29 10:52:00', 122.255, 122.255, 122.255, 122.255, 101]
['2019-03-29 10:51:00', 122.59, 122.45, 122.45, 122.59, 1545]
['2019-03-29 10:49:00', 122.62, 122.62, 122.62, 122.62, 101]
['2019-03-29 10:48:00', 122.71, 122.66, 122.585, 122.71, 1420]
['2019-03-29 10:46:00', 122.515, 122.5, 122.5, 122.515, 202]
['2019-03-29 10:45:00', 122.52, 122.535, 122.49, 122.56, 1398]
['2019-03-29 10:44:00', 122.605, 122.605, 122.605, 122.605, 100]
['2019-03-29 10:43:00', 122.55, 122.55, 122.55, 122.55, 958]
['2019-03-29 10:42:00', 122.7505, 122.59, 122.59, 122.7505, 1534]
['2019-03-29 10:41:00', 122.69, 122.75, 122.68, 122.75, 605]
['2019-03-29 10:40:00', 122.82, 122.73, 122.73, 122.84, 1118]
['2019-03-29 10:38:00', 122.66, 122.66, 122.66, 122.66, 203]
['2019-03-29 10:37:00', 122.66, 122.66, 122.66, 122.66, 101]
['2019-03-29 10:36:00', 122.645, 122.645, 122.645, 122.645, 339]
['2019-03-29 10:31:00', 122.58, 122.75, 122.58, 122.77, 1623]
['2019-03-29 10:30:00', 122.56, 122.61, 122.56, 122.61, 305]
['2019-03-29 10:29:00', 122.25, 122.55, 122.25, 122.55, 325]
['2019-03-29 10:26:00', 122.27, 122.311, 122.27, 122.37, 1495]
['2019-03-29 10:25:00', 122.15, 122.24, 122.15, 122.24, 836]
['2019-03-29 10:24:00', 121.9783, 122.14, 121.9783, 122.14, 330]
['2019-03-29 10:23:00', 121.995, 122.05, 121.995, 122.05, 301]
['2019-03-29 10:22:00', 122.28, 122.05, 122.05, 122.28, 1226]
['2019-03-29 10:21:00', 122.23, 122.23, 122.23, 122.23, 100]
['2019-03-29 10:19:00', 122.38, 122.38, 122.38, 122.38, 117]
['2019-03-29 10:18:00', 122.25, 122.25, 122.25, 122.25, 105]
['2019-03-29 10:16:00', 122.28, 122.105, 122.105, 122.28, 457]
['2019-03-29 10:15:00', 122.1, 122.27, 122.1, 122.27, 301]
['2019-03-29 10:13:00', 122.23, 122.135, 122.12, 122.23, 342]
['2019-03-29 10:12:00', 122.0, 122.02, 121.96, 122.03, 1510]
['2019-03-29 10:11:00', 122.1272, 122.1272, 122.1272, 122.1272, 365]
['2019-03-29 10:08:00', 122.03, 122.03, 122.03, 122.03, 122]
['2019-03-29 10:07:00', 121.79, 121.93, 121.77, 121.93, 3407]
['2019-03-29 10:04:00', 121.94, 121.9, 121.9, 121.94, 653]
['2019-03-29 10:03:00', 122.01, 121.92, 121.92, 122.19, 474]
['2019-03-29 10:02:00', 121.915, 121.915, 121.915, 121.915, 321]
['2019-03-29 10:01:00', 121.775, 121.67, 121.67, 121.775, 250]
['2019-03-29 10:00:00', 121.61, 122.01, 121.61, 122.01, 964]
['2019-03-29 09:59:00', 121.43, 121.43, 121.43, 121.43, 181]
['2019-03-29 09:58:00', 121.49, 121.53, 121.49, 121.53, 203]
['2019-03-29 09:57:00', 121.28, 121.46, 121.28, 121.46, 1060]
['2019-03-29 09:56:00', 121.09, 121.28, 120.99, 121.28, 2850]
['2019-03-29 09:55:00', 121.355, 121.355, 121.355, 121.355, 106]
['2019-03-29 09:52:00', 120.75, 121.21, 120.73, 121.215, 1289]
['2019-03-29 09:51:00', 120.53, 120.745, 120.53, 120.745, 1180]
['2019-03-29 09:49:00', 120.475, 120.47, 120.46, 120.5, 1065]
['2019-03-29 09:48:00', 120.44, 120.35, 120.29, 120.54, 2145]
['2019-03-29 09:46:00', 120.43, 120.725, 120.415, 120.76, 1310]
['2019-03-29 09:43:00', 120.325, 120.39, 120.2, 120.58, 707]
['2019-03-29 09:41:00', 120.585, 120.585, 120.585, 120.585, 304]
['2019-03-29 09:38:00', 120.435, 120.605, 120.43, 120.605, 1447]
['2019-03-29 09:36:00', 120.16, 119.925, 119.925, 120.16, 1480]
['2019-03-29 09:32:00', 121.205, 121.205, 121.205, 121.205, 289]
['2019-03-29 09:31:00', 120.59, 120.56, 120.56, 120.59, 0]
['2019-03-28 16:00:00', 120.0, 119.9, 119.9, 120.03, 3321]
['2019-03-28 15:59:00', 120.08, 119.995, 119.97, 120.08, 3143]
['2019-03-28 15:58:00', 120.01, 120.08, 120.0, 120.08, 1298]
['2019-03-28 15:57:00', 119.97, 119.985, 119.97, 120.01, 1574]
['2019-03-28 15:56:00', 120.0, 119.94, 119.94, 120.0, 1994]
['2019-03-28 15:55:00', 119.87, 119.89, 119.86, 119.94, 1186]
['2019-03-28 15:54:00', 119.785, 119.8, 119.785, 119.805, 918]
['2019-03-28 15:53:00', 119.81, 119.81, 119.77, 119.81, 1121]
['2019-03-28 15:52:00', 119.85, 119.83, 119.83, 119.855, 775]
['2019-03-28 15:50:00', 119.84, 119.89, 119.84, 119.89, 1007]
['2019-03-28 15:49:00', 119.8, 119.8, 119.8, 119.8, 101]
['2019-03-28 15:48:00', 119.89, 119.99, 119.89, 119.99, 344]
['2019-03-28 15:47:00', 119.81, 119.83, 119.81, 119.83, 1166]
['2019-03-28 15:46:00', 119.775, 119.775, 119.775, 119.775, 282]
['2019-03-28 15:45:00', 119.865, 119.83, 119.83, 119.865, 549]
['2019-03-28 15:44:00', 119.9, 119.9, 119.9, 119.9, 322]
['2019-03-28 15:42:00', 119.835, 119.93, 119.835, 119.93, 793]
['2019-03-28 15:41:00', 119.88, 119.86, 119.86, 119.88, 890]
['2019-03-28 15:39:00', 119.9, 119.9, 119.9, 119.9, 301]
['2019-03-28 15:37:00', 119.93, 119.93, 119.93, 119.93, 216]
['2019-03-28 15:36:00', 119.795, 119.86, 119.795, 119.86, 306]
['2019-03-28 15:35:00', 119.74, 119.8, 119.74, 119.8, 907]
['2019-03-28 15:34:00', 119.67, 119.69, 119.67, 119.69, 369]
['2019-03-28 15:33:00', 119.79, 119.8, 119.7, 119.8, 3893]
['2019-03-28 15:32:00', 119.87, 119.835, 119.835, 119.87, 310]
['2019-03-28 15:31:00', 119.86, 119.825, 119.825, 119.86, 314]
['2019-03-28 15:30:00', 119.72, 119.79, 119.72, 119.85, 1620]
['2019-03-28 15:29:00', 119.8, 119.8, 119.8, 119.8, 334]
['2019-03-28 15:28:00', 119.85, 119.8, 119.8, 119.85, 638]
['2019-03-28 15:26:00', 119.82, 119.86, 119.82, 119.86, 367]
['2019-03-28 15:25:00', 119.74, 119.8, 119.74, 119.84, 914]
['2019-03-28 15:20:00', 119.77, 119.795, 119.77, 119.795, 488]
['2019-03-28 15:17:00', 119.82, 119.8, 119.8, 119.82, 336]
['2019-03-28 15:15:00', 119.89, 119.89, 119.89, 119.89, 134]
['2019-03-28 15:13:00', 119.855, 119.95, 119.855, 119.95, 357]
['2019-03-28 15:10:00', 119.78, 119.85, 119.715, 119.85, 583]
['2019-03-28 15:09:00', 119.74, 119.71, 119.71, 119.85, 973]
['2019-03-28 15:07:00', 119.74, 119.74, 119.71, 119.74, 786]
['2019-03-28 15:03:00', 119.88, 119.88, 119.88, 119.88, 250]
['2019-03-28 15:02:00', 119.605, 119.685, 119.605, 119.685, 253]
['2019-03-28 15:00:00', 119.57, 119.66, 119.57, 119.66, 261]
['2019-03-28 14:53:00', 119.43, 119.41, 119.41, 119.43, 604]
['2019-03-28 14:52:00', 119.41, 119.48, 119.41, 119.5, 667]
['2019-03-28 14:45:00', 119.49, 119.47, 119.47, 119.53, 811]
['2019-03-28 14:44:00', 119.645, 119.645, 119.645, 119.645, 257]
['2019-03-28 14:43:00', 119.595, 119.59, 119.585, 119.595, 331]
['2019-03-28 14:42:00', 119.44, 119.47, 119.44, 119.52, 1735]
['2019-03-28 14:41:00', 119.54, 119.48, 119.48, 119.54, 398]
['2019-03-28 14:39:00', 119.6239, 119.6239, 119.6239, 119.6239, 115]
['2019-03-28 14:38:00', 119.555, 119.555, 119.555, 119.555, 103]
['2019-03-28 14:36:00', 119.58, 119.58, 119.58, 119.58, 226]
['2019-03-28 14:35:00', 119.67, 119.67, 119.67, 119.67, 111]
['2019-03-28 14:33:00', 119.63, 119.71, 119.56, 119.71, 834]
['2019-03-28 14:24:00', 119.64, 119.64, 119.64, 119.64, 379]
['2019-03-28 14:22:00', 119.67, 119.56, 119.56, 119.67, 503]
['2019-03-28 14:21:00', 119.66, 119.66, 119.66, 119.66, 374]
['2019-03-28 14:17:00', 119.7, 119.7, 119.7, 119.7, 243]
['2019-03-28 14:15:00', 119.69, 119.73, 119.69, 119.74, 589]
['2019-03-28 14:14:00', 119.665, 119.665, 119.665, 119.665, 102]
['2019-03-28 14:13:00', 119.61, 119.61, 119.61, 119.61, 350]
['2019-03-28 14:10:00', 119.52, 119.52, 119.52, 119.52, 177]
['2019-03-28 14:09:00', 119.57, 119.57, 119.57, 119.57, 104]
['2019-03-28 14:07:00', 119.65, 119.55, 119.55, 119.65, 551]
['2019-03-28 14:04:00', 119.76, 119.75, 119.75, 119.77, 583]
['2019-03-28 14:01:00', 119.78, 119.78, 119.78, 119.78, 107]
['2019-03-28 13:59:00', 119.6, 119.71, 119.6, 119.71, 780]
['2019-03-28 13:58:00', 119.71, 119.71, 119.71, 119.71, 561]
['2019-03-28 13:57:00', 119.71, 119.71, 119.71, 119.71, 100]
['2019-03-28 13:56:00', 119.665, 119.63, 119.63, 119.665, 241]
['2019-03-28 13:54:00', 119.66, 119.63, 119.63, 119.66, 331]
['2019-03-28 13:53:00', 119.65, 119.69, 119.615, 119.71, 1011]
['2019-03-28 13:51:00', 119.6, 119.6, 119.6, 119.6, 158]
['2019-03-28 13:50:00', 119.5996, 119.59, 119.5, 119.5996, 330]
['2019-03-28 13:48:00', 119.58, 119.58, 119.58, 119.58, 318]
['2019-03-28 13:47:00', 119.465, 119.465, 119.465, 119.465, 156]
['2019-03-28 13:41:00', 119.475, 119.58, 119.475, 119.58, 661]
['2019-03-28 13:39:00', 119.57, 119.57, 119.57, 119.57, 257]
['2019-03-28 13:36:00', 119.51, 119.58, 119.51, 119.58, 817]
['2019-03-28 13:31:00', 119.48, 119.48, 119.48, 119.48, 600]
['2019-03-28 13:30:00', 119.51, 119.51, 119.51, 119.51, 414]
['2019-03-28 13:28:00', 119.49, 119.49, 119.49, 119.49, 158]
['2019-03-28 13:24:00', 119.66, 119.56, 119.56, 119.66, 544]
['2019-03-28 13:23:00', 119.58, 119.61, 119.58, 119.61, 348]
['2019-03-28 13:20:00', 119.565, 119.565, 119.565, 119.565, 124]
['2019-03-28 13:17:00', 119.4, 119.53, 119.4, 119.53, 332]
['2019-03-28 13:12:00', 119.51, 119.58, 119.49, 119.58, 979]
['2019-03-28 13:10:00', 119.63, 119.63, 119.63, 119.63, 102]
['2019-03-28 13:09:00', 119.53, 119.48, 119.48, 119.53, 806]
['2019-03-28 13:07:00', 119.49, 119.49, 119.49, 119.49, 102]
['2019-03-28 13:05:00', 119.48, 119.48, 119.48, 119.48, 101]
['2019-03-28 13:03:00', 119.33, 119.45, 119.33, 119.45, 1008]
['2019-03-28 13:02:00', 119.28, 119.35, 119.28, 119.4, 809]
['2019-03-28 13:00:00', 119.16, 119.16, 119.16, 119.16, 210]
['2019-03-28 12:59:00', 119.13, 119.13, 119.13, 119.13, 908]
['2019-03-28 12:58:00', 118.94, 118.94, 118.94, 118.94, 100]
['2019-03-28 12:56:00', 119.28, 119.13, 119.13, 119.28, 902]
['2019-03-28 12:55:00', 119.42, 119.42, 119.42, 119.42, 103]
['2019-03-28 12:52:00', 119.47, 119.49, 119.47, 119.49, 531]
['2019-03-28 12:51:00', 119.43, 119.36, 119.36, 119.44, 424]
['2019-03-28 12:50:00', 119.2, 119.345, 119.2, 119.35, 1347]
['2019-03-28 12:48:00', 119.41, 119.365, 119.365, 119.41, 587]
['2019-03-28 12:47:00', 119.44, 119.41, 119.41, 119.44, 201]
['2019-03-28 12:46:00', 119.51, 119.51, 119.51, 119.51, 205]
['2019-03-28 12:45:00', 119.7, 119.65, 119.6, 119.72, 1115]
['2019-03-28 12:43:00', 119.615, 119.615, 119.615, 119.615, 110]
['2019-03-28 12:41:00', 119.57, 119.56, 119.56, 119.57, 304]
['2019-03-28 12:40:00', 119.44, 119.44, 119.44, 119.44, 132]
['2019-03-28 12:39:00', 119.5, 119.5, 119.5, 119.5, 105]
['2019-03-28 12:37:00', 119.385, 119.6, 119.37, 119.6, 1249]
['2019-03-28 12:35:00', 119.35, 119.31, 119.31, 119.35, 214]
['2019-03-28 12:30:00', 119.38, 119.38, 119.38, 119.38, 442]
['2019-03-28 12:29:00', 119.26, 119.32, 119.26, 119.32, 513]
['2019-03-28 12:28:00', 119.33, 119.33, 119.33, 119.33, 204]
['2019-03-28 12:27:00', 119.4, 119.4, 119.4, 119.4, 400]
['2019-03-28 12:24:00', 119.42, 119.42, 119.42, 119.42, 407]
['2019-03-28 12:21:00', 119.59, 119.56, 119.55, 119.615, 826]
['2019-03-28 12:20:00', 119.52, 119.52, 119.52, 119.52, 185]
['2019-03-28 12:18:00', 119.46, 119.46, 119.46, 119.46, 106]
['2019-03-28 12:17:00', 119.39, 119.255, 119.255, 119.39, 681]
['2019-03-28 12:15:00', 119.335, 119.335, 119.335, 119.3704, 403]
['2019-03-28 12:12:00', 119.45, 119.475, 119.43, 119.48, 549]
['2019-03-28 12:11:00', 119.35, 119.35, 119.35, 119.35, 102]
['2019-03-28 12:09:00', 119.57, 119.57, 119.57, 119.57, 559]
['2019-03-28 12:08:00', 119.68, 119.74, 119.6601, 119.76, 2128]
['2019-03-28 12:07:00', 119.49, 119.59, 119.44, 119.59, 961]
['2019-03-28 12:06:00', 119.6, 119.575, 119.575, 119.6, 1166]
['2019-03-28 12:05:00', 119.34, 119.405, 119.32, 119.4499, 1912]
['2019-03-28 12:04:00', 119.32, 119.455, 119.32, 119.455, 1375]
['2019-03-28 12:03:00', 119.5, 119.38, 119.38, 119.53, 1945]
['2019-03-28 12:02:00', 119.61, 119.5, 119.5, 119.61, 794]
['2019-03-28 12:01:00', 119.3, 119.53, 119.22, 119.53, 1590]
['2019-03-28 12:00:00', 119.39, 119.385, 119.385, 119.46, 1335]
['2019-03-28 11:59:00', 119.31, 119.365, 119.285, 119.42, 2583]
['2019-03-28 11:58:00', 119.17, 119.2, 119.17, 119.3, 1256]
['2019-03-28 11:57:00', 119.06, 119.1799, 119.06, 119.18, 2661]
['2019-03-28 11:56:00', 119.09, 119.09, 119.07, 119.09, 831]
['2019-03-28 11:55:00', 119.04, 119.09, 119.04, 119.19, 1017]
['2019-03-28 11:54:00', 119.135, 119.07, 119.07, 119.135, 305]
['2019-03-28 11:52:00', 119.38, 119.28, 119.28, 119.38, 641]
['2019-03-28 11:51:00', 119.485, 119.485, 119.485, 119.485, 107]
['2019-03-28 11:49:00', 119.35, 119.52, 119.33, 119.52, 853]
['2019-03-28 11:48:00', 119.11, 119.3, 119.11, 119.3, 1040]
['2019-03-28 11:44:00', 119.07, 118.96, 118.96, 119.07, 462]
['2019-03-28 11:43:00', 119.25, 119.06, 119.06, 119.28, 401]
['2019-03-28 11:40:00', 119.39, 119.39, 119.39, 119.39, 336]
['2019-03-28 11:38:00', 119.1, 119.04, 119.04, 119.1, 484]
['2019-03-28 11:36:00', 119.13, 119.205, 119.13, 119.22, 541]
['2019-03-28 11:35:00', 119.13, 119.13, 119.13, 119.13, 201]
['2019-03-28 11:33:00', 119.11, 119.14, 119.11, 119.14, 447]
['2019-03-28 11:32:00', 119.18, 119.12, 119.12, 119.18, 287]
['2019-03-28 11:31:00', 119.12, 119.035, 118.96, 119.13, 1017]
['2019-03-28 11:30:00', 119.14, 119.14, 119.14, 119.14, 115]
['2019-03-28 11:29:00', 119.14, 119.25, 119.135, 119.25, 977]
['2019-03-28 11:28:00', 119.29, 119.18, 119.18, 119.3, 823]
['2019-03-28 11:27:00', 119.3, 119.3, 119.3, 119.3, 129]
['2019-03-28 11:26:00', 119.3, 119.2216, 119.2216, 119.3, 314]
['2019-03-28 11:25:00', 119.44, 119.53, 119.44, 119.53, 212]
['2019-03-28 11:24:00', 119.28, 119.28, 119.28, 119.28, 144]
['2019-03-28 11:23:00', 119.49, 119.49, 119.49, 119.49, 102]
['2019-03-28 11:21:00', 119.27, 119.34, 119.23, 119.3425, 781]
['2019-03-28 11:20:00', 119.44, 119.47, 119.31, 119.47, 613]
['2019-03-28 11:18:00', 119.39, 119.74, 119.39, 119.74, 1313]
['2019-03-28 11:17:00', 119.34, 119.34, 119.34, 119.34, 100]
['2019-03-28 11:16:00', 119.3, 119.23, 119.2, 119.3, 430]
['2019-03-28 11:15:00', 119.45, 119.45, 119.45, 119.45, 102]
['2019-03-28 11:12:00', 119.705, 119.6225, 119.6225, 119.705, 319]
['2019-03-28 11:11:00', 119.32, 119.62, 119.32, 119.62, 717]
['2019-03-28 11:09:00', 119.07, 119.32, 119.01, 119.32, 531]
['2019-03-28 11:08:00', 118.96, 119.15, 118.96, 119.15, 575]
['2019-03-28 11:06:00', 118.88, 119.08, 118.88, 119.08, 838]
['2019-03-28 11:05:00', 119.0, 119.0, 119.0, 119.0, 110]
['2019-03-28 11:04:00', 118.915, 118.915, 118.915, 118.915, 268]
['2019-03-28 11:02:00', 118.99, 118.99, 118.99, 118.99, 199]
['2019-03-28 11:01:00', 119.2, 119.2, 119.2, 119.2, 2]
['2019-03-28 10:59:00', 119.35, 119.35, 119.35, 119.35, 472]
['2019-03-28 10:56:00', 119.4, 119.4, 119.4, 119.4, 106]
['2019-03-28 10:55:00', 119.45, 119.45, 119.45, 119.45, 232]
['2019-03-28 10:54:00', 119.34, 119.42, 119.34, 119.42, 246]
['2019-03-28 10:53:00', 119.2, 119.34, 119.2, 119.34, 548]
['2019-03-28 10:51:00', 119.36, 119.25, 119.25, 119.36, 519]
['2019-03-28 10:48:00', 119.8, 119.64, 119.64, 119.81, 793]
['2019-03-28 10:46:00', 119.98, 119.98, 119.98, 119.98, 198]
['2019-03-28 10:44:00', 120.2035, 120.115, 120.115, 120.26, 823]
['2019-03-28 10:43:00', 120.0938, 120.0938, 120.0938, 120.0938, 102]
['2019-03-28 10:42:00', 120.13, 120.13, 120.13, 120.13, 168]
['2019-03-28 10:41:00', 119.95, 119.96, 119.95, 119.96, 304]
['2019-03-28 10:37:00', 120.18, 120.18, 120.18, 120.18, 391]
['2019-03-28 10:31:00', 120.195, 120.195, 120.195, 120.195, 542]
['2019-03-28 10:28:00', 120.2472, 120.2472, 120.2472, 120.2472, 379]
['2019-03-28 10:26:00', 120.33, 120.33, 120.33, 120.33, 329]
['2019-03-28 10:23:00', 120.41, 120.42, 120.41, 120.47, 515]
['2019-03-28 10:22:00', 120.34, 120.34, 120.34, 120.34, 121]
['2019-03-28 10:21:00', 120.4, 120.39, 120.39, 120.4, 855]
['2019-03-28 10:15:00', 120.24, 120.21, 120.07, 120.24, 1468]
['2019-03-28 10:14:00', 120.4, 120.37, 120.295, 120.4, 954]
['2019-03-28 10:12:00', 120.3, 120.3, 120.3, 120.3, 151]
['2019-03-28 10:09:00', 120.155, 120.155, 120.155, 120.155, 231]
['2019-03-28 10:08:00', 120.2313, 120.1862, 120.1862, 120.2313, 1904]
['2019-03-28 10:07:00', 120.15, 120.15, 120.15, 120.15, 153]
['2019-03-28 10:06:00', 120.29, 120.29, 120.29, 120.29, 213]
['2019-03-28 10:04:00', 120.27, 120.38, 120.27, 120.38, 242]
['2019-03-28 10:03:00', 120.27, 120.13, 120.05, 120.27, 750]
['2019-03-28 10:02:00', 120.0524, 120.0524, 120.0524, 120.0524, 250]
['2019-03-28 10:01:00', 119.98, 119.94, 119.94, 120.13, 607]
['2019-03-28 10:00:00', 119.98, 119.98, 119.98, 119.98, 150]
['2019-03-28 09:59:00', 119.855, 119.91, 119.855, 119.92, 428]
['2019-03-28 09:58:00', 119.865, 119.865, 119.865, 119.865, 100]
['2019-03-28 09:57:00', 119.67, 119.67, 119.67, 119.67, 509]
['2019-03-28 09:55:00', 119.71, 119.67, 119.64, 119.71, 422]
['2019-03-28 09:54:00', 119.79, 119.79, 119.79, 119.8, 612]
['2019-03-28 09:53:00', 120.09, 119.955, 119.955, 120.09, 341]
['2019-03-28 09:52:00', 119.95, 119.95, 119.95, 119.95, 100]
['2019-03-28 09:51:00', 120.25, 120.075, 120.075, 120.29, 598]
['2019-03-28 09:49:00', 119.99, 120.18, 119.84, 120.18, 1180]
['2019-03-28 09:48:00', 119.42, 119.68, 119.42, 119.68, 1587]
['2019-03-28 09:47:00', 119.56, 119.4, 119.4, 119.56, 520]
['2019-03-28 09:46:00', 119.35, 119.38, 119.17, 119.38, 1715]
['2019-03-28 09:42:00', 119.61, 119.565, 119.565, 119.61, 399]
['2019-03-28 09:41:00', 119.78, 119.7435, 119.7435, 119.78, 473]
['2019-03-28 09:40:00', 119.48, 119.77, 119.38, 119.77, 943]
['2019-03-28 09:38:00', 119.4, 119.63, 119.4, 119.68, 1373]
['2019-03-28 09:37:00', 119.37, 119.48, 119.37, 119.48, 377]
['2019-03-28 09:36:00', 119.4495, 119.35, 119.21, 119.4495, 1707]
['2019-03-28 09:35:00', 119.89, 119.4295, 119.32, 119.89, 1685]
['2019-03-28 09:34:00', 120.15, 119.95, 119.95, 120.17, 4004]
['2019-03-28 09:33:00', 120.51, 119.62, 119.62, 120.51, 3197]
['2019-03-28 09:32:00', 120.56, 120.59, 120.56, 120.59, 200]
['2019-03-28 09:31:00', 120.2, 119.87, 119.55, 120.2, 3981]
['2019-03-27 16:00:00', 119.48, 119.57, 119.43, 119.58, 7752]
['2019-03-27 15:59:00', 119.5, 119.53, 119.42, 119.55, 6858]
['2019-03-27 15:58:00', 119.48, 119.46, 119.45, 119.51, 1698]
['2019-03-27 15:57:00', 119.58, 119.51, 119.5, 119.58, 2501]
['2019-03-27 15:56:00', 119.45, 119.52, 119.45, 119.52, 1821]
['2019-03-27 15:55:00', 119.56, 119.53, 119.45, 119.56, 1536]
['2019-03-27 15:54:00', 119.77, 119.54, 119.54, 119.77, 1211]
['2019-03-27 15:53:00', 119.75, 119.75, 119.71, 119.75, 2074]
['2019-03-27 15:52:00', 119.79, 119.79, 119.79, 119.79, 376]
['2019-03-27 15:51:00', 119.64, 119.69, 119.64, 119.6999, 2318]
['2019-03-27 15:50:00', 119.7, 119.6, 119.6, 119.7, 1202]
['2019-03-27 15:49:00', 119.5899, 119.78, 119.5899, 119.78, 867]
['2019-03-27 15:48:00', 119.59, 119.5759, 119.5759, 119.63, 1346]
['2019-03-27 15:47:00', 119.64, 119.58, 119.58, 119.65, 6230]
['2019-03-27 15:46:00', 119.46, 119.6599, 119.42, 119.6599, 2051]
['2019-03-27 15:45:00', 119.335, 119.44, 119.335, 119.4499, 1315]
['2019-03-27 15:43:00', 119.37, 119.36, 119.36, 119.37, 1017]
['2019-03-27 15:42:00', 119.31, 119.45, 119.31, 119.45, 929]
['2019-03-27 15:41:00', 119.35, 119.39, 119.35, 119.39, 214]
['2019-03-27 15:40:00', 119.2, 119.41, 119.2, 119.41, 822]
['2019-03-27 15:39:00', 119.16, 119.18, 119.16, 119.18, 975]
['2019-03-27 15:38:00', 119.22, 119.16, 119.16, 119.22, 370]
['2019-03-27 15:37:00', 119.49, 119.28, 119.28, 119.49, 1148]
['2019-03-27 15:36:00', 119.31, 119.34, 119.31, 119.42, 1748]
['2019-03-27 15:35:00', 119.32, 119.37, 119.275, 119.37, 1309]
['2019-03-27 15:34:00', 119.35, 119.32, 119.32, 119.39, 1181]
['2019-03-27 15:33:00', 119.35, 119.4, 119.35, 119.4, 937]
['2019-03-27 15:32:00', 119.62, 119.34, 119.34, 119.62, 2755]
['2019-03-27 15:31:00', 119.49, 119.67, 119.49, 119.71, 1445]
['2019-03-27 15:30:00', 119.44, 119.34, 119.34, 119.44, 523]
['2019-03-27 15:29:00', 119.37, 119.43, 119.3, 119.45, 1238]
['2019-03-27 15:27:00', 119.15, 119.19, 119.12, 119.19, 1026]
['2019-03-27 15:26:00', 119.11, 119.1, 119.03, 119.11, 854]
['2019-03-27 15:24:00', 119.12, 119.17, 119.12, 119.17, 720]
['2019-03-27 15:23:00', 119.045, 119.0, 119.0, 119.09, 1386]
['2019-03-27 15:22:00', 119.15, 119.15, 119.15, 119.15, 113]
['2019-03-27 15:21:00', 119.17, 119.03, 119.03, 119.17, 840]
['2019-03-27 15:20:00', 119.19, 119.19, 119.19, 119.19, 176]
['2019-03-27 15:19:00', 119.15, 119.03, 119.03, 119.15, 1809]
['2019-03-27 15:18:00', 119.095, 119.02, 119.02, 119.095, 300]
['2019-03-27 15:17:00', 118.93, 119.0, 118.93, 119.0, 734]
['2019-03-27 15:16:00', 118.91, 119.02, 118.84, 119.02, 509]
['2019-03-27 15:15:00', 118.77, 118.91, 118.77, 118.91, 708]
['2019-03-27 15:14:00', 118.77, 118.77, 118.77, 118.77, 277]
['2019-03-27 15:13:00', 118.83, 118.79, 118.79, 118.83, 300]
['2019-03-27 15:12:00', 118.65, 118.66, 118.65, 118.66, 299]
['2019-03-27 15:11:00', 118.6, 118.63, 118.6, 118.63, 425]
['2019-03-27 15:10:00', 118.51, 118.54, 118.51, 118.54, 564]
['2019-03-27 15:09:00', 118.41, 118.5, 118.41, 118.5, 312]
['2019-03-27 15:08:00', 118.38, 118.38, 118.38, 118.39, 630]
['2019-03-27 15:07:00', 118.4316, 118.4316, 118.4316, 118.4316, 110]
['2019-03-27 15:05:00', 118.51, 118.46, 118.46, 118.51, 525]
['2019-03-27 15:04:00', 118.52, 118.52, 118.52, 118.52, 204]
['2019-03-27 15:02:00', 118.82, 118.82, 118.69, 118.82, 1142]
['2019-03-27 15:00:00', 118.99, 118.84, 118.84, 119.01, 862]
['2019-03-27 14:59:00', 118.98, 118.98, 118.98, 118.98, 168]
['2019-03-27 14:51:00', 119.03, 119.03, 119.03, 119.03, 338]
['2019-03-27 14:48:00', 118.85, 118.85, 118.85, 118.85, 108]
['2019-03-27 14:46:00', 118.55, 118.56, 118.55, 118.73, 856]
['2019-03-27 14:45:00', 118.37, 118.37, 118.37, 118.37, 403]
['2019-03-27 14:44:00', 118.66, 118.51, 118.51, 118.66, 887]
['2019-03-27 14:43:00', 118.97, 118.97, 118.97, 118.97, 101]
['2019-03-27 14:40:00', 118.71, 118.71, 118.7, 118.71, 645]
['2019-03-27 14:39:00', 118.82, 118.83, 118.82, 118.83, 505]
['2019-03-27 14:38:00', 118.725, 118.725, 118.725, 118.725, 112]
['2019-03-27 14:37:00', 118.44, 118.65, 118.44, 118.73, 1437]
['2019-03-27 14:36:00', 118.56, 118.655, 118.49, 118.655, 916]
['2019-03-27 14:35:00', 118.62, 118.61, 118.49, 118.62, 715]
['2019-03-27 14:34:00', 118.61, 118.61, 118.61, 118.61, 111]
['2019-03-27 14:32:00', 118.62, 118.42, 118.42, 118.74, 1036]
['2019-03-27 14:31:00', 118.33, 118.36, 118.33, 118.39, 424]
['2019-03-27 14:30:00', 118.08, 118.22, 118.08, 118.22, 779]
['2019-03-27 14:29:00', 118.07, 118.08, 117.93, 118.08, 448]
['2019-03-27 14:26:00', 117.97, 117.97, 117.97, 117.97, 363]
['2019-03-27 14:24:00', 117.94, 117.94, 117.94, 117.94, 470]
['2019-03-27 14:22:00', 117.735, 117.735, 117.735, 117.735, 142]
['2019-03-27 14:19:00', 117.99, 117.92, 117.92, 117.99, 667]
['2019-03-27 14:18:00', 118.14, 118.14, 118.14, 118.14, 200]
['2019-03-27 14:17:00', 118.05, 118.05, 118.05, 118.05, 178]
['2019-03-27 14:16:00', 117.97, 117.97, 117.97, 117.97, 835]
['2019-03-27 14:12:00', 118.125, 118.14, 118.05, 118.14, 818]
['2019-03-27 14:10:00', 118.04, 118.04, 118.04, 118.04, 324]
['2019-03-27 14:09:00', 118.0701, 118.035, 118.035, 118.0701, 914]
['2019-03-27 14:05:00', 118.35, 118.36, 118.35, 118.36, 509]
['2019-03-27 14:03:00', 118.2, 118.21, 118.2, 118.21, 248]
['2019-03-27 14:02:00', 118.185, 118.185, 118.185, 118.185, 432]
['2019-03-27 13:59:00', 118.44, 118.44, 118.44, 118.44, 764]
['2019-03-27 13:57:00', 118.498, 118.34, 118.34, 118.498, 1080]
['2019-03-27 13:54:00', 118.54, 118.4, 118.4, 118.54, 1280]
['2019-03-27 13:53:00', 118.66, 118.635, 118.635, 118.72, 560]
['2019-03-27 13:49:00', 118.51, 118.51, 118.51, 118.51, 307]
['2019-03-27 13:48:00', 118.46, 118.41, 118.41, 118.5, 743]
['2019-03-27 13:46:00', 118.54, 118.55, 118.54, 118.55, 240]
['2019-03-27 13:45:00', 118.44, 118.44, 118.44, 118.495, 385]
['2019-03-27 13:41:00', 118.28, 118.31, 118.28, 118.31, 741]
['2019-03-27 13:40:00', 118.095, 118.095, 118.095, 118.095, 125]
['2019-03-27 13:39:00', 118.09, 118.09, 118.09, 118.09, 100]
['2019-03-27 13:35:00', 118.22, 118.22, 118.22, 118.22, 259]
['2019-03-27 13:34:00', 118.36, 118.28, 118.28, 118.36, 650]
['2019-03-27 13:32:00', 118.61, 118.61, 118.61, 118.61, 245]
['2019-03-27 13:31:00', 118.505, 118.505, 118.505, 118.505, 100]
['2019-03-27 13:27:00', 118.6099, 118.6099, 118.6099, 118.6099, 219]
['2019-03-27 13:26:00', 118.37, 118.41, 118.37, 118.41, 407]
['2019-03-27 13:25:00', 118.32, 118.32, 118.32, 118.32, 267]
['2019-03-27 13:23:00', 118.235, 118.235, 118.235, 118.235, 100]
['2019-03-27 13:22:00', 118.31, 118.31, 118.31, 118.31, 400]
['2019-03-27 13:19:00', 118.31, 118.21, 118.21, 118.31, 445]
['2019-03-27 13:17:00', 118.56, 118.56, 118.56, 118.56, 164]
['2019-03-27 13:14:00', 117.94, 118.05, 117.88, 118.11, 885]
['2019-03-27 13:11:00', 117.76, 117.8, 117.76, 117.8, 336]
['2019-03-27 13:10:00', 117.76, 117.76, 117.76, 117.76, 338]
['2019-03-27 13:08:00', 117.87, 117.88, 117.87, 117.88, 358]
['2019-03-27 13:07:00', 117.9247, 117.9247, 117.9247, 117.9247, 272]
['2019-03-27 13:06:00', 117.83, 117.89, 117.83, 117.89, 836]
['2019-03-27 13:05:00', 117.98, 117.92, 117.92, 117.98, 556]
['2019-03-27 13:01:00', 118.08, 118.08, 118.08, 118.08, 359]
['2019-03-27 13:00:00', 118.18, 118.18, 118.18, 118.18, 274]
['2019-03-27 12:59:00', 118.37, 118.31, 118.31, 118.37, 631]
['2019-03-27 12:55:00', 118.41, 118.39, 118.39, 118.41, 253]
['2019-03-27 12:54:00', 118.61, 118.61, 118.61, 118.61, 108]
['2019-03-27 12:53:00', 118.46, 118.56, 118.46, 118.56, 424]
['2019-03-27 12:51:00', 118.52, 118.35, 118.35, 118.52, 1050]
['2019-03-27 12:50:00', 118.41, 118.46, 118.41, 118.46, 414]
['2019-03-27 12:48:00', 118.3, 118.32, 118.3, 118.32, 831]
['2019-03-27 12:47:00', 118.17, 118.26, 118.17, 118.28, 3932]
['2019-03-27 12:46:00', 118.05, 118.08, 118.04, 118.089, 1240]
['2019-03-27 12:45:00', 117.93, 118.07, 117.93, 118.07, 1182]
['2019-03-27 12:44:00', 117.94, 117.94, 117.93, 117.94, 400]
['2019-03-27 12:43:00', 118.05, 117.95, 117.95, 118.05, 857]
['2019-03-27 12:42:00', 117.925, 117.925, 117.925, 117.925, 203]
['2019-03-27 12:39:00', 117.865, 118.0, 117.865, 118.0, 1123]
['2019-03-27 12:36:00', 117.78, 117.9, 117.78, 117.9, 830]
['2019-03-27 12:34:00', 117.71, 117.71, 117.71, 117.71, 255]
['2019-03-27 12:32:00', 117.7, 117.7, 117.7, 117.7, 115]
['2019-03-27 12:31:00', 117.69, 117.69, 117.69, 117.69, 532]
['2019-03-27 12:28:00', 117.63, 117.63, 117.63, 117.63, 379]
['2019-03-27 12:27:00', 117.555, 117.64, 117.555, 117.64, 351]
['2019-03-27 12:25:00', 117.5, 117.5, 117.5, 117.5, 255]
['2019-03-27 12:24:00', 117.64, 117.42, 117.42, 117.64, 651]
['2019-03-27 12:20:00', 117.42, 117.51, 117.42, 117.51, 811]
['2019-03-27 12:17:00', 117.66, 117.62, 117.62, 117.66, 369]
['2019-03-27 12:14:00', 117.7192, 117.65, 117.65, 117.7192, 914]
['2019-03-27 12:13:00', 117.75, 117.75, 117.75, 117.75, 413]
['2019-03-27 12:11:00', 117.51, 117.67, 117.51, 117.67, 454]
['2019-03-27 12:09:00', 117.55, 117.55, 117.55, 117.55, 192]
['2019-03-27 12:05:00', 116.91, 117.24, 116.91, 117.24, 3657]
['2019-03-27 12:01:00', 116.9019, 116.9019, 116.9019, 116.9019, 404]
['2019-03-27 11:59:00', 116.96, 116.96, 116.96, 116.96, 127]
['2019-03-27 11:57:00', 116.4395, 116.8, 116.42, 116.8, 3170]
['2019-03-27 11:56:00', 116.57, 116.57, 116.57, 116.57, 100]
['2019-03-27 11:53:00', 116.59, 116.59, 116.59, 116.59, 486]
['2019-03-27 11:48:00', 116.78, 116.78, 116.78, 116.78, 284]
['2019-03-27 11:47:00', 116.65, 116.67, 116.65, 116.77, 688]
['2019-03-27 11:46:00', 116.4, 116.4, 116.4, 116.4, 219]
['2019-03-27 11:45:00', 116.595, 116.595, 116.595, 116.595, 118]
['2019-03-27 11:44:00', 116.58, 116.6799, 116.58, 116.6799, 681]
['2019-03-27 11:43:00', 116.75, 116.73, 116.6, 116.75, 887]
['2019-03-27 11:42:00', 116.875, 116.85, 116.83, 116.875, 932]
['2019-03-27 11:41:00', 116.66, 116.9145, 116.66, 117.01, 1124]
['2019-03-27 11:40:00', 116.55, 116.55, 116.55, 116.55, 130]
['2019-03-27 11:39:00', 116.675, 116.49, 116.49, 116.675, 303]
['2019-03-27 11:38:00', 116.61, 116.61, 116.61, 116.61, 219]
['2019-03-27 11:37:00', 116.72, 116.72, 116.72, 116.72, 619]
['2019-03-27 11:36:00', 116.3429, 116.45, 116.3429, 116.45, 524]
['2019-03-27 11:35:00', 116.68, 116.51, 116.51, 116.68, 917]
['2019-03-27 11:34:00', 116.72, 116.6405, 116.6405, 116.73, 868]
['2019-03-27 11:33:00', 116.9, 116.855, 116.855, 116.9, 434]
['2019-03-27 11:32:00', 116.83, 116.89, 116.83, 116.89, 213]
['2019-03-27 11:31:00', 116.81, 116.81, 116.81, 116.81, 420]
['2019-03-27 11:29:00', 116.8101, 116.82, 116.8, 116.82, 1071]
['2019-03-27 11:28:00', 117.15, 117.035, 116.93, 117.15, 1301]
['2019-03-27 11:27:00', 117.1, 117.1, 117.1, 117.1, 270]
['2019-03-27 11:26:00', 117.02, 117.31, 117.02, 117.31, 1720]
['2019-03-27 11:25:00', 116.885, 116.92, 116.885, 116.95, 513]
['2019-03-27 11:23:00', 117.2, 116.87, 116.86, 117.2, 2261]
['2019-03-27 11:22:00', 117.29, 117.29, 117.29, 117.29, 411]
['2019-03-27 11:21:00', 117.16, 117.08, 117.08, 117.16, 405]
['2019-03-27 11:20:00', 117.2009, 117.2009, 117.2009, 117.2009, 508]
['2019-03-27 11:18:00', 117.43, 117.43, 117.43, 117.45, 1170]
['2019-03-27 11:17:00', 117.46, 117.34, 117.26, 117.46, 565]
['2019-03-27 11:16:00', 117.635, 117.63, 117.63, 117.635, 394]
['2019-03-27 11:15:00', 117.47, 117.63, 117.47, 117.67, 1681]
['2019-03-27 11:14:00', 117.6, 117.59, 117.59, 117.6, 411]
['2019-03-27 11:13:00', 117.98, 117.84, 117.84, 117.98, 1280]
['2019-03-27 11:11:00', 118.3491, 118.15, 118.15, 118.3491, 1041]
['2019-03-27 11:10:00', 118.27, 118.3776, 118.27, 118.3776, 501]
['2019-03-27 11:08:00', 118.385, 118.385, 118.385, 118.385, 362]
['2019-03-27 11:07:00', 118.345, 118.375, 118.345, 118.375, 909]
['2019-03-27 11:06:00', 118.36, 118.36, 118.36, 118.36, 201]
['2019-03-27 11:04:00', 118.46, 118.46, 118.46, 118.46, 465]
['2019-03-27 11:03:00', 118.69, 118.7, 118.67, 118.7, 362]
['2019-03-27 11:01:00', 118.51, 118.54, 118.51, 118.54, 935]
['2019-03-27 10:59:00', 118.45, 118.41, 118.41, 118.45, 222]
['2019-03-27 10:57:00', 118.58, 118.51, 118.51, 118.58, 419]
['2019-03-27 10:56:00', 118.59, 118.59, 118.59, 118.59, 100]
['2019-03-27 10:55:00', 118.59, 118.585, 118.585, 118.59, 200]
['2019-03-27 10:54:00', 118.8, 118.67, 118.67, 118.8, 682]
['2019-03-27 10:53:00', 118.97, 118.84, 118.84, 118.97, 656]
['2019-03-27 10:52:00', 118.76, 118.99, 118.58, 118.99, 1578]
['2019-03-27 10:51:00', 118.5791, 118.58, 118.5791, 118.59, 730]
['2019-03-27 10:50:00', 119.095, 118.64, 118.64, 119.095, 3442]
['2019-03-27 10:49:00', 119.21, 119.13, 119.11, 119.21, 1720]
['2019-03-27 10:48:00', 119.2546, 119.34, 119.21, 119.34, 2485]
['2019-03-27 10:47:00', 119.35, 119.36, 119.35, 119.36, 200]
['2019-03-27 10:46:00', 119.49, 119.31, 119.31, 119.49, 2641]
['2019-03-27 10:43:00', 119.6, 119.6, 119.6, 119.6, 202]
['2019-03-27 10:42:00', 119.86, 119.82, 119.76, 119.895, 1580]
['2019-03-27 10:41:00', 119.94, 119.94, 119.94, 119.94, 202]
['2019-03-27 10:40:00', 120.0, 120.0, 120.0, 120.0, 216]
['2019-03-27 10:38:00', 120.11, 120.06, 120.06, 120.11, 370]
['2019-03-27 10:36:00', 120.37, 120.28, 120.28, 120.37, 624]
['2019-03-27 10:31:00', 120.49, 120.62, 120.49, 120.62, 994]
['2019-03-27 10:30:00', 120.51, 120.58, 120.51, 120.58, 428]
['2019-03-27 10:24:00', 120.64, 120.64, 120.64, 120.64, 299]
['2019-03-27 10:22:00', 120.631, 120.631, 120.631, 120.631, 405]
['2019-03-27 10:19:00', 120.54, 120.475, 120.475, 120.64, 937]
['2019-03-27 10:16:00', 120.4556, 120.4556, 120.4556, 120.4556, 203]
['2019-03-27 10:13:00', 120.27, 120.27, 120.27, 120.27, 425]
['2019-03-27 10:11:00', 120.47, 120.44, 120.265, 120.47, 394]
['2019-03-27 10:10:00', 120.5013, 120.63, 120.5013, 120.63, 357]
['2019-03-27 10:09:00', 120.35, 120.49, 120.34, 120.49, 1873]
['2019-03-27 10:07:00', 120.415, 120.415, 120.415, 120.415, 205]
['2019-03-27 10:06:00', 120.345, 120.345, 120.345, 120.345, 237]
['2019-03-27 10:05:00', 120.605, 120.605, 120.605, 120.605, 304]
['2019-03-27 10:04:00', 120.33, 120.49, 120.33, 120.49, 977]
['2019-03-27 09:59:00', 120.3, 120.38, 120.3, 120.38, 364]
['2019-03-27 09:56:00', 120.39, 120.39, 120.39, 120.39, 355]
['2019-03-27 09:54:00', 120.9137, 120.82, 120.82, 120.9137, 2511]
['2019-03-27 09:52:00', 121.18, 121.35, 121.18, 121.35, 806]
['2019-03-27 09:49:00', 121.0262, 121.0262, 121.0262, 121.0262, 214]
['2019-03-27 09:44:00', 121.01, 121.01, 121.01, 121.01, 602]
['2019-03-27 09:42:00', 120.87, 120.31, 120.31, 121.12, 1200]
['2019-03-27 09:41:00', 120.62, 120.62, 120.62, 120.62, 230]
['2019-03-27 09:40:00', 121.14, 121.14, 121.14, 121.14, 387]
['2019-03-27 09:39:00', 120.96, 120.99, 120.76, 120.99, 2015]
['2019-03-27 09:38:00', 120.36, 120.71, 120.34, 121.46, 9010]
['2019-03-27 09:31:00', 121.17, 122.15, 120.0, 122.15, 3882]
['2019-03-26 16:00:00', 121.85, 121.83, 121.83, 121.94, 7517]
['2019-03-26 15:59:00', 121.77, 121.89, 121.75, 121.89, 2751]
['2019-03-26 15:58:00', 121.72, 121.685, 121.685, 121.72, 2821]
['2019-03-26 15:57:00', 121.58, 121.62, 121.58, 121.62, 1118]
['2019-03-26 15:56:00', 121.645, 121.66, 121.605, 121.66, 2538]
['2019-03-26 15:55:00', 121.66, 121.53, 121.53, 121.66, 1936]
['2019-03-26 15:54:00', 121.59, 121.66, 121.59, 121.67, 1544]
['2019-03-26 15:53:00', 121.53, 121.53, 121.53, 121.53, 704]
['2019-03-26 15:52:00', 121.41, 121.57, 121.41, 121.57, 1441]
['2019-03-26 15:51:00', 121.35, 121.385, 121.35, 121.385, 1223]
['2019-03-26 15:50:00', 121.3, 121.3, 121.3, 121.3, 605]
['2019-03-26 15:49:00', 121.58, 121.53, 121.53, 121.58, 2254]
['2019-03-26 15:48:00', 121.47, 121.495, 121.47, 121.495, 948]
['2019-03-26 15:47:00', 121.42, 121.42, 121.42, 121.42, 3490]
['2019-03-26 15:46:00', 121.3995, 121.415, 121.3995, 121.415, 762]
['2019-03-26 15:45:00', 121.38, 121.38, 121.38, 121.38, 478]
['2019-03-26 15:44:00', 121.37, 121.37, 121.37, 121.37, 350]
['2019-03-26 15:43:00', 121.47, 121.47, 121.47, 121.47, 153]
['2019-03-26 15:40:00', 121.41, 121.41, 121.41, 121.41, 299]
['2019-03-26 15:39:00', 121.35, 121.39, 121.28, 121.39, 1865]
['2019-03-26 15:38:00', 121.36, 121.36, 121.36, 121.36, 658]
['2019-03-26 15:37:00', 121.37, 121.37, 121.37, 121.37, 501]
['2019-03-26 15:36:00', 121.35, 121.435, 121.35, 121.435, 1242]
['2019-03-26 15:35:00', 121.26, 121.26, 121.26, 121.26, 656]
['2019-03-26 15:34:00', 121.39, 121.39, 121.39, 121.39, 229]
['2019-03-26 15:33:00', 121.32, 121.365, 121.32, 121.365, 849]
['2019-03-26 15:30:00', 121.68, 121.37, 121.37, 121.68, 11813]
['2019-03-26 15:29:00', 121.68, 121.68, 121.68, 121.68, 409]
['2019-03-26 15:28:00', 121.75, 121.75, 121.75, 121.75, 873]
['2019-03-26 15:27:00', 121.73, 121.73, 121.73, 121.73, 268]
['2019-03-26 15:26:00', 121.68, 121.68, 121.68, 121.68, 763]
['2019-03-26 15:24:00', 121.74, 121.74, 121.74, 121.74, 164]
['2019-03-26 15:22:00', 121.855, 121.855, 121.855, 121.855, 548]
['2019-03-26 15:21:00', 121.9, 121.9, 121.9, 121.9, 310]
['2019-03-26 15:20:00', 122.0, 121.9, 121.9, 122.0, 603]
['2019-03-26 15:19:00', 122.0, 122.0, 122.0, 122.0, 504]
['2019-03-26 15:18:00', 121.945, 121.945, 121.945, 121.945, 284]
['2019-03-26 15:17:00', 121.95, 121.9, 121.9, 121.95, 595]
['2019-03-26 15:14:00', 121.91, 121.91, 121.91, 121.91, 567]
['2019-03-26 15:13:00', 122.01, 122.01, 122.01, 122.01, 432]
['2019-03-26 15:12:00', 121.95, 121.97, 121.95, 121.97, 1151]
['2019-03-26 15:11:00', 122.08, 122.03, 122.03, 122.08, 476]
['2019-03-26 15:09:00', 122.15, 122.15, 122.15, 122.15, 212]
['2019-03-26 15:08:00', 122.15, 122.15, 122.15, 122.15, 411]
['2019-03-26 15:07:00', 122.11, 122.11, 122.11, 122.11, 213]
['2019-03-26 15:06:00', 122.17, 122.1747, 122.17, 122.1747, 2182]
['2019-03-26 15:04:00', 122.13, 122.23, 122.13, 122.29, 1863]
['2019-03-26 15:02:00', 122.1122, 122.22, 122.1122, 122.22, 1295]
['2019-03-26 15:01:00', 122.1, 122.09, 122.09, 122.1, 1246]
['2019-03-26 14:59:00', 121.98, 121.98, 121.98, 121.98, 221]
['2019-03-26 14:58:00', 121.88, 121.88, 121.88, 121.88, 328]
['2019-03-26 14:57:00', 121.85, 121.76, 121.76, 121.85, 921]
['2019-03-26 14:56:00', 121.64, 121.65, 121.64, 121.65, 1016]
['2019-03-26 14:54:00', 121.68, 121.68, 121.68, 121.68, 1027]
['2019-03-26 14:52:00', 121.68, 121.68, 121.68, 121.68, 161]
['2019-03-26 14:51:00', 121.91, 121.78, 121.78, 121.91, 646]
['2019-03-26 14:50:00', 121.905, 121.87, 121.87, 121.905, 383]
['2019-03-26 14:48:00', 121.9, 121.9, 121.9, 121.9, 111]
['2019-03-26 14:45:00', 121.79, 121.79, 121.79, 121.79, 332]
['2019-03-26 14:44:00', 121.77, 121.72, 121.72, 121.77, 1254]
['2019-03-26 14:42:00', 121.8, 121.8, 121.8, 121.8, 118]
['2019-03-26 14:40:00', 121.82, 121.84, 121.82, 121.86, 1749]
['2019-03-26 14:38:00', 121.75, 121.75, 121.75, 121.75, 271]
['2019-03-26 14:37:00', 121.645, 121.645, 121.645, 121.645, 109]
['2019-03-26 14:36:00', 121.585, 121.585, 121.585, 121.585, 156]
['2019-03-26 14:35:00', 121.575, 121.62, 121.575, 121.62, 356]
['2019-03-26 14:34:00', 121.56, 121.56, 121.56, 121.56, 506]
['2019-03-26 14:32:00', 121.62, 121.62, 121.62, 121.62, 375]
['2019-03-26 14:30:00', 121.78, 121.65, 121.65, 121.78, 1282]
['2019-03-26 14:29:00', 121.9, 121.9, 121.9, 121.9, 333]
['2019-03-26 14:28:00', 122.08, 121.99, 121.99, 122.14, 1062]
['2019-03-26 14:27:00', 121.99, 121.99, 121.99, 121.99, 1006]
['2019-03-26 14:25:00', 121.91, 121.95, 121.91, 121.95, 461]
['2019-03-26 14:24:00', 121.84, 121.84, 121.84, 121.84, 454]
['2019-03-26 14:23:00', 121.78, 121.76, 121.76, 121.78, 663]
['2019-03-26 14:22:00', 121.81, 121.81, 121.81, 121.81, 329]
['2019-03-26 14:19:00', 121.855, 121.855, 121.855, 121.855, 158]
['2019-03-26 14:15:00', 121.7355, 121.7355, 121.7355, 121.7355, 434]
['2019-03-26 14:14:00', 121.74, 121.74, 121.74, 121.74, 324]
['2019-03-26 14:12:00', 121.67, 121.67, 121.67, 121.67, 507]
['2019-03-26 14:11:00', 121.76, 121.76, 121.76, 121.76, 360]
['2019-03-26 14:10:00', 122.11, 122.03, 122.03, 122.11, 579]
['2019-03-26 14:09:00', 122.01, 122.01, 122.01, 122.01, 112]
['2019-03-26 14:08:00', 121.905, 121.905, 121.905, 121.905, 110]
['2019-03-26 14:06:00', 121.71, 121.74, 121.71, 121.74, 1027]
['2019-03-26 14:05:00', 121.54, 121.54, 121.54, 121.54, 133]
['2019-03-26 14:04:00', 121.58, 121.58, 121.58, 121.58, 424]
['2019-03-26 14:03:00', 121.67, 121.67, 121.67, 121.67, 108]
['2019-03-26 14:02:00', 121.66, 121.66, 121.66, 121.66, 161]
['2019-03-26 14:01:00', 121.665, 121.665, 121.665, 121.665, 302]
['2019-03-26 14:00:00', 121.62, 121.62, 121.62, 121.62, 688]
['2019-03-26 13:59:00', 121.62, 121.45, 121.45, 121.62, 686]
['2019-03-26 13:58:00', 121.4613, 121.4613, 121.4613, 121.4613, 932]
['2019-03-26 13:57:00', 121.65, 121.65, 121.65, 121.65, 122]
['2019-03-26 13:54:00', 121.82, 121.82, 121.82, 121.82, 429]
['2019-03-26 13:50:00', 121.86, 121.86, 121.86, 121.86, 133]
['2019-03-26 13:47:00', 121.81, 121.92, 121.81, 121.92, 690]
['2019-03-26 13:45:00', 121.6395, 121.72, 121.62, 121.72, 1326]
['2019-03-26 13:43:00', 121.7, 121.7, 121.7, 121.7, 310]
['2019-03-26 13:42:00', 121.82, 121.82, 121.82, 121.82, 139]
['2019-03-26 13:41:00', 121.785, 121.785, 121.785, 121.785, 129]
['2019-03-26 13:39:00', 121.77, 121.77, 121.77, 121.77, 263]
['2019-03-26 13:37:00', 121.95, 121.83, 121.83, 121.95, 1050]
['2019-03-26 13:36:00', 122.095, 122.095, 122.095, 122.095, 302]
['2019-03-26 13:35:00', 122.08, 122.105, 122.08, 122.105, 509]
['2019-03-26 13:30:00', 122.27, 122.295, 122.27, 122.295, 841]
['2019-03-26 13:28:00', 122.48, 122.48, 122.48, 122.48, 100]
['2019-03-26 13:23:00', 122.47, 122.47, 122.47, 122.47, 316]
['2019-03-26 13:22:00', 122.42, 122.42, 122.42, 122.42, 365]
['2019-03-26 13:21:00', 122.47, 122.47, 122.47, 122.47, 436]
['2019-03-26 13:20:00', 122.49, 122.49, 122.49, 122.49, 251]
['2019-03-26 13:19:00', 122.46, 122.57, 122.46, 122.57, 949]
['2019-03-26 13:18:00', 122.48, 122.48, 122.48, 122.48, 200]
['2019-03-26 13:17:00', 122.4, 122.4, 122.4, 122.4, 513]
['2019-03-26 13:16:00', 122.26, 122.28, 122.26, 122.28, 1662]
['2019-03-26 13:15:00', 122.12, 122.2699, 122.12, 122.2699, 1802]
['2019-03-26 13:14:00', 122.06, 122.13, 122.05, 122.13, 1182]
['2019-03-26 13:13:00', 122.08, 122.08, 122.08, 122.08, 350]
['2019-03-26 13:11:00', 122.07, 122.07, 122.07, 122.07, 632]
['2019-03-26 13:08:00', 122.075, 122.075, 122.075, 122.075, 237]
['2019-03-26 13:02:00', 122.08, 122.005, 122.005, 122.08, 1397]
['2019-03-26 13:00:00', 121.85, 121.85, 121.85, 121.85, 296]
['2019-03-26 12:59:00', 122.045, 122.045, 122.045, 122.045, 210]
['2019-03-26 12:58:00', 122.06, 122.06, 122.06, 122.06, 329]
['2019-03-26 12:57:00', 122.26, 122.26, 122.26, 122.26, 1073]
['2019-03-26 12:56:00', 122.355, 122.355, 122.355, 122.355, 212]
['2019-03-26 12:55:00', 122.275, 122.275, 122.275, 122.275, 412]
['2019-03-26 12:54:00', 122.25, 122.25, 122.25, 122.25, 217]
['2019-03-26 12:53:00', 122.235, 122.235, 122.235, 122.235, 205]
['2019-03-26 12:51:00', 122.09, 122.09, 122.09, 122.09, 332]
['2019-03-26 12:50:00', 122.055, 122.055, 122.055, 122.055, 239]
['2019-03-26 12:48:00', 121.975, 121.975, 121.975, 121.975, 129]
['2019-03-26 12:47:00', 122.19, 122.19, 122.19, 122.19, 208]
['2019-03-26 12:45:00', 122.27, 122.17, 122.17, 122.27, 720]
['2019-03-26 12:43:00', 122.225, 122.225, 122.225, 122.225, 203]
['2019-03-26 12:42:00', 122.39, 122.39, 122.39, 122.39, 589]
['2019-03-26 12:41:00', 122.3748, 122.3748, 122.3748, 122.3748, 1148]
['2019-03-26 12:40:00', 122.425, 122.425, 122.425, 122.425, 118]
['2019-03-26 12:39:00', 122.3982, 122.3982, 122.3982, 122.3982, 1633]
['2019-03-26 12:37:00', 122.54, 122.54, 122.54, 122.54, 258]
['2019-03-26 12:36:00', 122.55, 122.55, 122.55, 122.55, 408]
['2019-03-26 12:35:00', 122.61, 122.61, 122.61, 122.61, 411]
['2019-03-26 12:31:00', 122.61, 122.61, 122.61, 122.61, 258]
['2019-03-26 12:30:00', 122.54, 122.54, 122.54, 122.54, 632]
['2019-03-26 12:29:00', 122.61, 122.61, 122.61, 122.61, 401]
['2019-03-26 12:27:00', 122.55, 122.55, 122.55, 122.55, 1358]
['2019-03-26 12:26:00', 122.63, 122.64, 122.63, 122.64, 1261]
['2019-03-26 12:24:00', 122.63, 122.63, 122.63, 122.63, 556]
['2019-03-26 12:22:00', 122.82, 122.81, 122.81, 122.82, 957]
['2019-03-26 12:20:00', 123.1, 123.1, 123.1, 123.1, 273]
['2019-03-26 12:18:00', 123.165, 123.165, 123.165, 123.165, 161]
['2019-03-26 12:16:00', 123.0892, 123.0892, 123.0892, 123.0892, 111]
['2019-03-26 12:15:00', 123.175, 123.175, 123.175, 123.175, 630]
['2019-03-26 12:12:00', 123.065, 123.12, 123.065, 123.12, 1266]
['2019-03-26 12:11:00', 123.155, 123.155, 123.155, 123.155, 706]
['2019-03-26 12:10:00', 123.025, 123.025, 123.025, 123.025, 307]
['2019-03-26 12:05:00', 123.075, 123.075, 123.075, 123.075, 597]
['2019-03-26 12:04:00', 123.0, 123.0, 123.0, 123.0, 163]
['2019-03-26 12:02:00', 123.055, 123.055, 123.055, 123.055, 218]
['2019-03-26 12:01:00', 123.0, 123.0, 123.0, 123.0, 103]
['2019-03-26 12:00:00', 123.0488, 123.0488, 123.0488, 123.0488, 614]
['2019-03-26 11:59:00', 122.98, 122.98, 122.98, 122.98, 1021]
['2019-03-26 11:57:00', 122.91, 122.91, 122.91, 122.91, 100]
['2019-03-26 11:55:00', 122.68, 122.85, 122.68, 122.85, 778]
['2019-03-26 11:54:00', 122.55, 122.64, 122.55, 122.64, 2724]
['2019-03-26 11:52:00', 122.63, 122.63, 122.63, 122.63, 506]
['2019-03-26 11:50:00', 122.77, 122.77, 122.77, 122.77, 307]
['2019-03-26 11:48:00', 122.79, 122.79, 122.79, 122.79, 477]
['2019-03-26 11:46:00', 123.08, 122.94, 122.94, 123.08, 495]
['2019-03-26 11:45:00', 123.168, 123.168, 123.168, 123.168, 529]
['2019-03-26 11:42:00', 123.12, 123.12, 123.12, 123.12, 454]
['2019-03-26 11:40:00', 123.29, 123.29, 123.29, 123.29, 514]
['2019-03-26 11:36:00', 123.005, 123.005, 123.005, 123.005, 199]
['2019-03-26 11:34:00', 123.035, 123.035, 123.035, 123.035, 204]
['2019-03-26 11:33:00', 123.25, 123.24, 123.24, 123.25, 844]
['2019-03-26 11:31:00', 123.29, 123.29, 123.29, 123.29, 303]
['2019-03-26 11:30:00', 123.2, 123.2, 123.2, 123.2, 586]
['2019-03-26 11:29:00', 123.02, 123.02, 123.02, 123.02, 152]
['2019-03-26 11:28:00', 123.03, 123.03, 123.03, 123.03, 206]
['2019-03-26 11:27:00', 123.07, 123.07, 123.07, 123.07, 520]
['2019-03-26 11:24:00', 123.04, 123.04, 123.04, 123.04, 977]
['2019-03-26 11:22:00', 122.9, 122.9, 122.9, 122.9, 205]
['2019-03-26 11:21:00', 122.8, 122.8, 122.8, 122.8, 310]
['2019-03-26 11:20:00', 122.72, 122.72, 122.72, 122.72, 562]
['2019-03-26 11:18:00', 123.04, 123.04, 123.04, 123.04, 237]
['2019-03-26 11:16:00', 122.915, 122.915, 122.915, 122.915, 233]
['2019-03-26 11:12:00', 122.77, 122.77, 122.77, 122.77, 301]
['2019-03-26 11:09:00', 122.98, 123.12, 122.98, 123.12, 333]
['2019-03-26 11:07:00', 122.9301, 122.9301, 122.9301, 122.9301, 111]
['2019-03-26 11:05:00', 123.03, 123.03, 123.03, 123.03, 302]
['2019-03-26 11:03:00', 123.02, 123.02, 123.02, 123.02, 1081]
['2019-03-26 11:02:00', 123.09, 123.09, 123.09, 123.09, 381]
['2019-03-26 11:01:00', 123.21, 123.21, 123.21, 123.21, 559]
['2019-03-26 11:00:00', 123.02, 123.02, 123.02, 123.02, 378]
['2019-03-26 10:58:00', 123.13, 123.13, 123.13, 123.13, 210]
['2019-03-26 10:56:00', 123.2, 123.2, 123.2, 123.2, 309]
['2019-03-26 10:54:00', 123.02, 123.17, 123.02, 123.17, 1572]
['2019-03-26 10:53:00', 123.05, 123.05, 123.05, 123.05, 150]
['2019-03-26 10:50:00', 122.89, 123.01, 122.89, 123.01, 1330]
['2019-03-26 10:49:00', 122.71, 122.74, 122.71, 122.74, 630]
['2019-03-26 10:46:00', 122.47, 122.47, 122.47, 122.47, 214]
['2019-03-26 10:45:00', 122.295, 122.12, 122.12, 122.295, 241]
['2019-03-26 10:41:00', 122.295, 122.295, 122.295, 122.295, 203]
['2019-03-26 10:40:00', 122.25, 122.25, 122.25, 122.25, 541]
['2019-03-26 10:38:00', 122.26, 122.26, 122.26, 122.26, 252]
['2019-03-26 10:36:00', 122.25, 122.25, 122.25, 122.25, 617]
['2019-03-26 10:34:00', 122.38, 122.38, 122.38, 122.38, 796]
['2019-03-26 10:33:00', 122.23, 122.23, 122.23, 122.23, 517]
['2019-03-26 10:32:00', 122.44, 122.44, 122.44, 122.44, 419]
['2019-03-26 10:30:00', 122.6, 122.6, 122.6, 122.6, 105]
['2019-03-26 10:26:00', 122.42, 122.41, 122.41, 122.42, 3876]
['2019-03-26 10:24:00', 122.73, 122.73, 122.73, 122.73, 100]
['2019-03-26 10:23:00', 122.79, 122.79, 122.79, 122.79, 761]
['2019-03-26 10:22:00', 122.515, 122.515, 122.515, 122.515, 324]
['2019-03-26 10:19:00', 122.855, 122.855, 122.855, 122.855, 787]
['2019-03-26 10:17:00', 122.75, 122.75, 122.75, 122.75, 437]
['2019-03-26 10:15:00', 123.01, 123.01, 123.01, 123.01, 669]
['2019-03-26 10:14:00', 123.09, 123.09, 123.09, 123.09, 568]
['2019-03-26 10:13:00', 123.07, 123.07, 123.07, 123.07, 2390]
['2019-03-26 10:12:00', 122.98, 122.94, 122.94, 123.04, 3627]
['2019-03-26 10:11:00', 123.03, 122.89, 122.89, 123.03, 1707]
['2019-03-26 10:10:00', 123.295, 123.295, 123.295, 123.295, 966]
['2019-03-26 10:09:00', 123.1523, 123.1523, 123.1523, 123.1523, 507]
['2019-03-26 10:07:00', 123.08, 123.1, 123.08, 123.1, 1257]
['2019-03-26 10:05:00', 123.42, 123.18, 123.18, 123.42, 1957]
['2019-03-26 10:04:00', 123.34, 123.34, 123.34, 123.34, 222]
['2019-03-26 10:03:00', 123.06, 123.06, 123.06, 123.06, 420]
['2019-03-26 10:01:00', 123.3, 123.11, 123.11, 123.3, 1836]
['2019-03-26 09:57:00', 123.5, 123.5, 123.5, 123.5, 450]
['2019-03-26 09:56:00', 123.16, 123.16, 123.16, 123.16, 386]
['2019-03-26 09:49:00', 123.65, 123.65, 123.65, 123.65, 392]
['2019-03-26 09:48:00', 123.765, 123.765, 123.765, 123.765, 500]
['2019-03-26 09:46:00', 123.76, 123.76, 123.76, 123.76, 1355]
['2019-03-26 09:40:00', 124.265, 124.265, 124.265, 124.265, 136]
['2019-03-26 09:39:00', 124.57, 124.57, 124.57, 124.57, 656]
['2019-03-26 09:38:00', 124.48, 124.48, 124.48, 124.48, 620]
['2019-03-26 09:36:00', 124.29, 123.94, 123.94, 124.29, 5603]
['2019-03-26 09:35:00', 124.12, 124.55, 124.08, 124.55, 6537]
['2019-03-26 09:34:00', 123.71, 124.23, 123.71, 124.23, 3159]
['2019-03-26 09:33:00', 124.21, 123.88, 123.88, 124.21, 5134]
['2019-03-26 09:32:00', 123.7, 123.7, 123.7, 123.7, 5505]
['2019-03-25 16:00:00', 123.84, 123.87, 123.84, 123.87, 5682]
['2019-03-25 15:59:00', 123.84, 123.88, 123.83, 123.88, 3435]
['2019-03-25 15:58:00', 123.79, 123.85, 123.79, 123.85, 3778]
['2019-03-25 15:57:00', 123.66, 123.79, 123.48, 123.79, 3267]
['2019-03-25 15:56:00', 123.73, 123.66, 123.66, 123.73, 1845]
['2019-03-25 15:55:00', 123.97, 123.85, 123.85, 123.97, 3382]
['2019-03-25 15:54:00', 123.875, 123.875, 123.875, 123.875, 687]
['2019-03-25 15:53:00', 123.72, 123.91, 123.72, 123.91, 1657]
['2019-03-25 15:52:00', 123.89, 123.82, 123.82, 123.89, 1047]
['2019-03-25 15:51:00', 123.76, 123.89, 123.76, 123.89, 1815]
['2019-03-25 15:50:00', 123.79, 123.79, 123.79, 123.79, 843]
['2019-03-25 15:49:00', 123.93, 123.84, 123.84, 123.93, 1857]
['2019-03-25 15:48:00', 124.025, 124.025, 124.025, 124.025, 811]
['2019-03-25 15:47:00', 124.06, 124.04, 124.04, 124.06, 878]
['2019-03-25 15:46:00', 123.9, 123.9, 123.9, 123.9, 782]
['2019-03-25 15:44:00', 123.89, 123.79, 123.79, 123.89, 2503]
['2019-03-25 15:43:00', 123.78, 123.78, 123.78, 123.78, 498]
['2019-03-25 15:42:00', 123.72, 123.79, 123.72, 123.79, 740]
['2019-03-25 15:41:00', 123.7, 123.7, 123.7, 123.7, 907]
['2019-03-25 15:40:00', 123.76, 123.76, 123.76, 123.76, 501]
['2019-03-25 15:39:00', 123.94, 123.81, 123.81, 123.94, 1229]
['2019-03-25 15:38:00', 123.92, 124.02, 123.92, 124.02, 1096]
['2019-03-25 15:37:00', 123.88, 123.865, 123.865, 123.88, 776]
['2019-03-25 15:36:00', 123.81, 123.81, 123.81, 123.81, 276]
['2019-03-25 15:34:00', 123.84, 123.92, 123.84, 123.92, 1385]
['2019-03-25 15:33:00', 123.92, 123.92, 123.92, 123.92, 520]
['2019-03-25 15:32:00', 123.93, 123.93, 123.93, 123.93, 238]
['2019-03-25 15:31:00', 124.07, 124.02, 124.02, 124.07, 765]
['2019-03-25 15:30:00', 124.03, 124.03, 124.03, 124.03, 1302]
['2019-03-25 15:29:00', 124.03, 124.03, 124.03, 124.03, 341]
['2019-03-25 15:27:00', 124.19, 124.18, 124.18, 124.19, 748]
['2019-03-25 15:26:00', 124.09, 124.1, 123.92, 124.1, 1855]
['2019-03-25 15:25:00', 124.25, 124.25, 124.25, 124.25, 413]
['2019-03-25 15:24:00', 124.12, 124.12, 124.12, 124.12, 569]
['2019-03-25 15:23:00', 123.98, 123.98, 123.98, 123.98, 319]
['2019-03-25 15:22:00', 123.9, 123.81, 123.81, 123.9, 997]
['2019-03-25 15:21:00', 123.68, 123.7, 123.68, 123.7, 1036]
['2019-03-25 15:20:00', 123.87, 123.87, 123.87, 123.87, 199]
['2019-03-25 15:19:00', 123.805, 123.805, 123.805, 123.805, 203]
['2019-03-25 15:18:00', 123.95, 123.95, 123.95, 123.95, 422]
['2019-03-25 15:17:00', 124.0, 123.9, 123.9, 124.0, 631]
['2019-03-25 15:16:00', 124.07, 124.06, 124.06, 124.07, 931]
['2019-03-25 15:14:00', 124.05, 123.97, 123.97, 124.05, 1091]
['2019-03-25 15:13:00', 124.07, 124.0, 124.0, 124.07, 1806]
['2019-03-25 15:12:00', 123.94, 123.94, 123.94, 123.94, 327]
['2019-03-25 15:11:00', 123.84, 123.96, 123.84, 123.96, 1504]
['2019-03-25 15:08:00', 123.73, 123.73, 123.73, 123.73, 1039]
['2019-03-25 15:07:00', 123.64, 123.64, 123.64, 123.64, 129]
['2019-03-25 15:06:00', 123.5601, 123.5601, 123.5601, 123.5601, 1093]
['2019-03-25 15:05:00', 123.565, 123.565, 123.565, 123.565, 678]
['2019-03-25 15:04:00', 123.67, 123.67, 123.67, 123.67, 306]
['2019-03-25 15:03:00', 123.78, 123.6964, 123.6964, 123.78, 1556]
['2019-03-25 15:02:00', 123.925, 123.85, 123.85, 123.925, 1255]
['2019-03-25 15:01:00', 123.79, 123.79, 123.79, 123.79, 449]
['2019-03-25 15:00:00', 123.74, 123.74, 123.74, 123.74, 145]
['2019-03-25 14:57:00', 123.75, 123.75, 123.75, 123.75, 656]
['2019-03-25 14:56:00', 123.54, 123.54, 123.54, 123.54, 437]
['2019-03-25 14:54:00', 123.43, 123.43, 123.43, 123.43, 271]
['2019-03-25 14:52:00', 123.38, 123.31, 123.31, 123.38, 727]
['2019-03-25 14:51:00', 123.5, 123.5, 123.5, 123.5, 313]
['2019-03-25 14:49:00', 123.66, 123.66, 123.66, 123.66, 245]
['2019-03-25 14:48:00', 123.44, 123.44, 123.44, 123.44, 351]
['2019-03-25 14:47:00', 123.34, 123.32, 123.32, 123.34, 602]
['2019-03-25 14:45:00', 123.57, 123.42, 123.42, 123.57, 939]
['2019-03-25 14:44:00', 123.65, 123.65, 123.65, 123.65, 230]
['2019-03-25 14:42:00', 123.46, 123.46, 123.46, 123.46, 672]
['2019-03-25 14:41:00', 123.21, 123.21, 123.21, 123.21, 241]
['2019-03-25 14:40:00', 123.32, 123.32, 123.32, 123.32, 254]
['2019-03-25 14:39:00', 123.21, 123.21, 123.21, 123.21, 611]
['2019-03-25 14:38:00', 123.415, 123.415, 123.415, 123.415, 243]
['2019-03-25 14:37:00', 123.52, 123.52, 123.52, 123.52, 191]
['2019-03-25 14:36:00', 123.5, 123.5, 123.5, 123.5, 234]
['2019-03-25 14:35:00', 123.44, 123.44, 123.44, 123.44, 358]
['2019-03-25 14:33:00', 123.4, 123.19, 123.19, 123.4, 1827]
['2019-03-25 14:32:00', 123.26, 123.26, 123.26, 123.26, 222]
['2019-03-25 14:31:00', 123.145, 123.25, 123.145, 123.25, 414]
['2019-03-25 14:30:00', 123.03, 123.0256, 123.0256, 123.03, 811]
['2019-03-25 14:28:00', 123.035, 123.035, 123.035, 123.035, 380]
['2019-03-25 14:27:00', 123.03, 123.03, 123.03, 123.03, 451]
['2019-03-25 14:25:00', 123.14, 123.14, 123.14, 123.14, 142]
['2019-03-25 14:21:00', 123.1, 123.1, 123.1, 123.1, 543]
['2019-03-25 14:20:00', 123.09, 123.09, 123.09, 123.09, 317]
['2019-03-25 14:18:00', 123.17, 123.17, 123.17, 123.17, 702]
['2019-03-25 14:17:00', 123.435, 123.36, 123.36, 123.435, 828]
['2019-03-25 14:16:00', 123.29, 123.4, 123.29, 123.4, 836]
['2019-03-25 14:15:00', 123.22, 123.22, 123.22, 123.22, 305]
['2019-03-25 14:14:00', 123.17, 123.17, 123.17, 123.17, 223]
['2019-03-25 14:13:00', 123.11, 123.14, 123.11, 123.14, 798]
['2019-03-25 14:12:00', 123.14, 123.14, 123.14, 123.14, 282]
['2019-03-25 14:09:00', 123.09, 123.09, 123.09, 123.09, 240]
['2019-03-25 14:08:00', 123.05, 123.05, 123.05, 123.05, 415]
['2019-03-25 14:05:00', 123.12, 123.12, 123.12, 123.12, 872]
['2019-03-25 14:02:00', 123.15, 123.15, 123.15, 123.15, 293]
['2019-03-25 14:00:00', 123.035, 123.035, 123.035, 123.035, 621]
['2019-03-25 13:59:00', 123.08, 123.08, 123.08, 123.08, 622]
['2019-03-25 13:57:00', 122.94, 122.96, 122.94, 122.96, 1478]
['2019-03-25 13:55:00', 122.99, 122.96, 122.96, 122.99, 625]
['2019-03-25 13:54:00', 123.07, 123.07, 123.07, 123.07, 617]
['2019-03-25 13:50:00', 122.98, 122.98, 122.98, 122.98, 418]
['2019-03-25 13:49:00', 123.14, 122.94, 122.94, 123.14, 694]
['2019-03-25 13:47:00', 123.11, 123.11, 123.11, 123.11, 216]
['2019-03-25 13:45:00', 123.22, 123.22, 123.22, 123.22, 435]
['2019-03-25 13:43:00', 123.22, 123.22, 123.22, 123.22, 463]
['2019-03-25 13:42:00', 123.27, 123.27, 123.27, 123.27, 350]
['2019-03-25 13:39:00', 123.28, 123.23, 123.23, 123.28, 657]
['2019-03-25 13:37:00', 123.28, 123.28, 123.28, 123.28, 944]
['2019-03-25 13:36:00', 123.26, 123.26, 123.26, 123.26, 654]
['2019-03-25 13:31:00', 123.04, 123.04, 123.04, 123.04, 853]
['2019-03-25 13:30:00', 123.23, 123.23, 123.23, 123.23, 108]
['2019-03-25 13:29:00', 123.16, 123.16, 123.16, 123.16, 106]
['2019-03-25 13:28:00', 123.275, 123.275, 123.275, 123.275, 107]
['2019-03-25 13:26:00', 123.28, 123.28, 123.28, 123.28, 208]
['2019-03-25 13:25:00', 123.22, 123.2, 123.2, 123.22, 591]
['2019-03-25 13:22:00', 123.38, 123.46, 123.38, 123.46, 1343]
['2019-03-25 13:21:00', 123.32, 123.32, 123.32, 123.32, 171]
['2019-03-25 13:19:00', 123.33, 123.33, 123.33, 123.33, 460]
['2019-03-25 13:18:00', 123.4101, 123.4101, 123.4101, 123.4101, 310]
['2019-03-25 13:17:00', 123.44, 123.44, 123.44, 123.44, 253]
['2019-03-25 13:16:00', 123.625, 123.625, 123.625, 123.625, 410]
['2019-03-25 13:15:00', 123.68, 123.68, 123.68, 123.68, 483]
['2019-03-25 13:14:00', 123.69, 123.69, 123.69, 123.69, 323]
['2019-03-25 13:13:00', 123.4713, 123.59, 123.4713, 123.59, 1189]
['2019-03-25 13:12:00', 123.41, 123.41, 123.41, 123.41, 219]
['2019-03-25 13:11:00', 123.45, 123.45, 123.45, 123.45, 398]
['2019-03-25 13:10:00', 123.465, 123.465, 123.465, 123.465, 226]
['2019-03-25 13:07:00', 123.5, 123.5, 123.5, 123.5, 322]
['2019-03-25 13:04:00', 123.36, 123.36, 123.36, 123.36, 534]
['2019-03-25 13:03:00', 123.4, 123.43, 123.4, 123.43, 658]
['2019-03-25 13:02:00', 123.55, 123.55, 123.55, 123.55, 410]
['2019-03-25 13:01:00', 123.47, 123.47, 123.47, 123.47, 514]
['2019-03-25 13:00:00', 123.47, 123.56, 123.47, 123.56, 1001]
['2019-03-25 12:59:00', 123.395, 123.395, 123.395, 123.395, 209]
['2019-03-25 12:56:00', 123.11, 123.11, 123.11, 123.11, 255]
['2019-03-25 12:55:00', 123.09, 123.05, 123.05, 123.09, 1115]
['2019-03-25 12:54:00', 123.0, 123.0, 123.0, 123.0, 212]
['2019-03-25 12:53:00', 122.88, 122.88, 122.88, 122.88, 540]
['2019-03-25 12:52:00', 123.07, 123.07, 123.07, 123.07, 278]
['2019-03-25 12:51:00', 122.94, 123.0, 122.94, 123.0, 634]
['2019-03-25 12:49:00', 122.92, 122.92, 122.92, 122.92, 104]
['2019-03-25 12:48:00', 122.77, 122.77, 122.77, 122.77, 213]
['2019-03-25 12:47:00', 122.82, 122.715, 122.715, 122.82, 325]
['2019-03-25 12:46:00', 122.78, 122.78, 122.78, 122.78, 383]
['2019-03-25 12:45:00', 122.75, 122.75, 122.75, 122.75, 428]
['2019-03-25 12:42:00', 122.785, 122.785, 122.785, 122.785, 186]
['2019-03-25 12:41:00', 122.76, 122.76, 122.76, 122.76, 114]
['2019-03-25 12:40:00', 122.98, 122.94, 122.94, 122.98, 470]
['2019-03-25 12:39:00', 122.87, 122.87, 122.87, 122.87, 390]
['2019-03-25 12:37:00', 122.91, 122.91, 122.91, 122.91, 478]
['2019-03-25 12:36:00', 123.21, 123.07, 123.07, 123.21, 782]
['2019-03-25 12:33:00', 123.21, 123.21, 123.21, 123.21, 220]
['2019-03-25 12:32:00', 123.51, 123.51, 123.51, 123.51, 395]
['2019-03-25 12:31:00', 123.575, 123.56, 123.56, 123.575, 762]
['2019-03-25 12:30:00', 123.57, 123.57, 123.57, 123.57, 357]
['2019-03-25 12:29:00', 123.59, 123.59, 123.59, 123.59, 577]
['2019-03-25 12:28:00', 123.65, 123.55, 123.55, 123.65, 2974]
['2019-03-25 12:27:00', 123.84, 123.69, 123.69, 123.84, 4558]
['2019-03-25 12:26:00', 123.7, 123.7, 123.7, 123.7, 581]
['2019-03-25 12:25:00', 123.44, 123.52, 123.44, 123.56, 3369]
['2019-03-25 12:21:00', 123.54, 123.54, 123.54, 123.54, 399]
['2019-03-25 12:20:00', 123.36, 123.37, 123.36, 123.37, 839]
['2019-03-25 12:18:00', 123.47, 123.47, 123.47, 123.47, 205]
['2019-03-25 12:17:00', 123.59, 123.56, 123.56, 123.59, 564]
['2019-03-25 12:13:00', 123.7, 123.7, 123.7, 123.7, 441]
['2019-03-25 12:12:00', 123.64, 123.76, 123.64, 123.76, 582]
['2019-03-25 12:11:00', 123.35, 123.59, 123.35, 123.59, 947]
['2019-03-25 12:09:00', 123.45, 123.48, 123.45, 123.48, 524]
['2019-03-25 12:07:00', 123.48, 123.48, 123.48, 123.48, 437]
['2019-03-25 12:06:00', 123.535, 123.535, 123.535, 123.535, 311]
['2019-03-25 12:05:00', 123.46, 123.46, 123.46, 123.46, 350]
['2019-03-25 12:04:00', 123.37, 123.37, 123.37, 123.37, 275]
['2019-03-25 12:03:00', 123.36, 123.33, 123.33, 123.36, 909]
['2019-03-25 12:02:00', 123.49, 123.49, 123.49, 123.49, 328]
['2019-03-25 12:00:00', 123.5, 123.5, 123.5, 123.5, 211]
['2019-03-25 11:58:00', 123.55, 123.55, 123.55, 123.55, 642]
['2019-03-25 11:57:00', 123.42, 123.42, 123.42, 123.42, 183]
['2019-03-25 11:56:00', 123.42, 123.42, 123.42, 123.42, 562]
['2019-03-25 11:55:00', 123.45, 123.45, 123.45, 123.45, 414]
['2019-03-25 11:54:00', 123.5, 123.5, 123.5, 123.5, 376]
['2019-03-25 11:53:00', 123.6, 123.6, 123.6, 123.6, 317]
['2019-03-25 11:51:00', 123.4, 123.4, 123.4, 123.4, 422]
['2019-03-25 11:50:00', 123.23, 123.23, 123.23, 123.23, 1000]
['2019-03-25 11:47:00', 123.51, 123.51, 123.51, 123.51, 407]
['2019-03-25 11:46:00', 123.61, 123.62, 123.61, 123.62, 896]
['2019-03-25 11:45:00', 123.503, 123.503, 123.503, 123.503, 1104]
['2019-03-25 11:44:00', 123.65, 123.65, 123.65, 123.65, 404]
['2019-03-25 11:42:00', 123.75, 123.61, 123.61, 123.75, 717]
['2019-03-25 11:41:00', 123.85, 123.85, 123.85, 123.85, 526]
['2019-03-25 11:40:00', 123.76, 123.76, 123.76, 123.76, 846]
['2019-03-25 11:39:00', 123.85, 123.85, 123.85, 123.85, 456]
['2019-03-25 11:38:00', 123.82, 123.79, 123.79, 123.82, 1415]
['2019-03-25 11:37:00', 123.66, 123.66, 123.66, 123.66, 410]
['2019-03-25 11:36:00', 123.7, 123.7, 123.7, 123.7, 771]
['2019-03-25 11:35:00', 123.66, 123.66, 123.66, 123.66, 534]
['2019-03-25 11:34:00', 123.775, 123.775, 123.775, 123.775, 507]
['2019-03-25 11:33:00', 123.87, 123.8, 123.8, 123.87, 1334]
['2019-03-25 11:32:00', 123.97, 123.97, 123.97, 123.97, 201]
['2019-03-25 11:31:00', 123.97, 123.97, 123.97, 123.97, 775]
['2019-03-25 11:30:00', 124.18, 124.125, 124.125, 124.18, 1813]
['2019-03-25 11:27:00', 124.02, 123.85, 123.85, 124.02, 954]
['2019-03-25 11:26:00', 123.645, 123.645, 123.645, 123.645, 408]
['2019-03-25 11:24:00', 123.68, 123.68, 123.68, 123.68, 509]
['2019-03-25 11:23:00', 123.69, 123.5, 123.5, 123.72, 1487]
['2019-03-25 11:22:00', 124.015, 124.015, 124.015, 124.015, 212]
['2019-03-25 11:21:00', 123.69, 123.69, 123.69, 123.69, 243]
['2019-03-25 11:20:00', 123.69, 123.69, 123.69, 123.69, 697]
['2019-03-25 11:19:00', 123.68, 123.68, 123.68, 123.68, 402]
['2019-03-25 11:18:00', 123.57, 123.57, 123.57, 123.57, 459]
['2019-03-25 11:17:00', 123.5, 123.56, 123.5, 123.56, 1359]
['2019-03-25 11:14:00', 123.2, 123.15, 123.15, 123.2, 1329]
['2019-03-25 11:13:00', 123.02, 123.02, 123.02, 123.02, 407]
['2019-03-25 11:12:00', 123.29, 123.29, 123.29, 123.29, 600]
['2019-03-25 11:10:00', 123.56, 123.56, 123.56, 123.56, 167]
['2019-03-25 11:09:00', 123.36, 123.43, 123.36, 123.43, 2273]
['2019-03-25 11:08:00', 123.17, 123.03, 123.03, 123.17, 1624]
['2019-03-25 11:07:00', 122.98, 122.94, 122.94, 122.98, 1172]
['2019-03-25 11:06:00', 122.87, 123.01, 122.8, 123.01, 5626]
['2019-03-25 11:05:00', 122.75, 122.77, 122.75, 122.77, 2106]
['2019-03-25 11:04:00', 122.7, 122.7, 122.7, 122.7, 510]
['2019-03-25 11:02:00', 122.48, 122.48, 122.48, 122.48, 415]
['2019-03-25 11:01:00', 122.46, 122.46, 122.46, 122.46, 396]
['2019-03-25 11:00:00', 122.47, 122.47, 122.47, 122.47, 212]
['2019-03-25 10:58:00', 122.56, 122.56, 122.56, 122.56, 313]
['2019-03-25 10:57:00', 122.57, 122.57, 122.57, 122.57, 613]
['2019-03-25 10:56:00', 122.56, 122.56, 122.56, 122.56, 482]
['2019-03-25 10:54:00', 122.43, 122.49, 122.43, 122.49, 789]
['2019-03-25 10:53:00', 122.48, 122.605, 122.48, 122.605, 1332]
['2019-03-25 10:52:00', 122.37, 122.37, 122.37, 122.37, 794]
['2019-03-25 10:51:00', 122.38, 122.38, 122.38, 122.38, 616]
['2019-03-25 10:50:00', 122.24, 122.24, 122.24, 122.24, 914]
['2019-03-25 10:49:00', 122.18, 122.13, 122.13, 122.18, 3125]
['2019-03-25 10:48:00', 122.11, 122.11, 122.11, 122.11, 681]
['2019-03-25 10:47:00', 122.35, 122.245, 122.245, 122.35, 2375]
['2019-03-25 10:46:00', 122.5, 122.5, 122.5, 122.5, 602]
['2019-03-25 10:45:00', 122.21, 122.21, 122.21, 122.21, 111]
['2019-03-25 10:44:00', 122.13, 122.13, 122.13, 122.13, 112]
['2019-03-25 10:41:00', 122.18, 122.18, 122.18, 122.18, 608]
['2019-03-25 10:36:00', 122.43, 122.43, 122.43, 122.43, 490]
['2019-03-25 10:34:00', 122.795, 122.69, 122.69, 122.795, 1508]
['2019-03-25 10:33:00', 122.8, 122.8, 122.8, 122.8, 326]
['2019-03-25 10:32:00', 122.79, 122.79, 122.79, 122.79, 237]
['2019-03-25 10:31:00', 122.61, 122.61, 122.61, 122.61, 353]
['2019-03-25 10:30:00', 122.72, 122.72, 122.72, 122.72, 624]
['2019-03-25 10:27:00', 122.265, 122.265, 122.265, 122.265, 162]
['2019-03-25 10:26:00', 122.23, 122.23, 122.23, 122.23, 826]
['2019-03-25 10:25:00', 121.78, 121.78, 121.78, 121.78, 657]
['2019-03-25 10:24:00', 121.895, 121.87, 121.87, 121.895, 2450]
['2019-03-25 10:23:00', 121.88, 121.88, 121.88, 121.88, 301]
['2019-03-25 10:19:00', 121.635, 121.635, 121.635, 121.635, 220]
['2019-03-25 10:17:00', 121.69, 121.69, 121.69, 121.69, 566]
['2019-03-25 10:15:00', 121.53, 121.53, 121.53, 121.53, 765]
['2019-03-25 10:12:00', 121.81, 121.72, 121.72, 121.81, 1788]
['2019-03-25 10:11:00', 121.917, 121.917, 121.917, 121.917, 177]
['2019-03-25 10:10:00', 122.06, 122.06, 122.06, 122.06, 142]
['2019-03-25 10:07:00', 121.83, 121.84, 121.83, 121.84, 856]
['2019-03-25 10:06:00', 121.84, 121.84, 121.84, 121.84, 717]
['2019-03-25 10:05:00', 122.19, 122.19, 122.19, 122.19, 981]
['2019-03-25 10:04:00', 122.2, 122.2, 122.2, 122.2, 718]
['2019-03-25 10:02:00', 122.81, 122.675, 122.675, 122.81, 1144]
['2019-03-25 10:01:00', 122.05, 122.05, 122.05, 122.05, 697]
['2019-03-25 10:00:00', 122.14, 122.14, 122.14, 122.14, 341]
['2019-03-25 09:59:00', 122.1, 122.1, 122.1, 122.1, 415]
['2019-03-25 09:58:00', 122.47, 122.47, 122.47, 122.47, 1105]
['2019-03-25 09:57:00', 122.525, 122.685, 122.525, 122.685, 1606]
['2019-03-25 09:54:00', 122.4, 122.4, 122.4, 122.4, 811]
['2019-03-25 09:53:00', 122.07, 122.43, 122.07, 122.43, 2839]
['2019-03-25 09:50:00', 121.9905, 121.9905, 121.9905, 121.9905, 506]
['2019-03-25 09:49:00', 121.53, 121.53, 121.53, 121.53, 200]
['2019-03-25 09:47:00', 122.105, 122.105, 122.105, 122.105, 700]
['2019-03-25 09:46:00', 122.065, 122.065, 122.065, 122.065, 844]
['2019-03-25 09:45:00', 122.79, 122.79, 122.79, 122.79, 596]
['2019-03-25 09:44:00', 123.09, 123.09, 123.09, 123.09, 1069]
['2019-03-25 09:43:00', 122.86, 122.85, 122.85, 122.86, 2682]
['2019-03-25 09:41:00', 122.88, 122.88, 122.88, 122.88, 799]
['2019-03-25 09:39:00', 122.85, 122.85, 122.85, 122.85, 499]
['2019-03-25 09:37:00', 121.445, 122.37, 121.445, 122.56, 2497]
['2019-03-25 09:34:00', 121.86, 121.86, 121.86, 121.86, 218]
['2019-03-25 09:32:00', 121.72, 121.72, 121.72, 121.72, 1378]
['2019-03-25 09:31:00', 120.049, 120.049, 120.049, 120.049, 0]
