ACLS
['2019-03-29 16:00:00', 20.13, 20.11, 20.11, 20.13, 6922]
['2019-03-29 15:59:00', 20.12, 20.13, 20.12, 20.145, 5851]
['2019-03-29 15:58:00', 20.14, 20.12, 20.12, 20.14, 2757]
['2019-03-29 15:57:00', 20.16, 20.15, 20.15, 20.17, 7669]
['2019-03-29 15:56:00', 20.07, 20.17, 20.05, 20.18, 28766]
['2019-03-29 15:55:00', 20.05, 20.045, 20.04, 20.05, 1284]
['2019-03-29 15:54:00', 20.07, 20.06, 20.06, 20.07, 1490]
['2019-03-29 15:52:00', 20.07, 20.07, 20.06, 20.09, 1976]
['2019-03-29 15:51:00', 20.09, 20.07, 20.07, 20.09, 1164]
['2019-03-29 15:49:00', 20.1, 20.09, 20.09, 20.1, 2184]
['2019-03-29 15:48:00', 20.12, 20.1, 20.1, 20.12, 909]
['2019-03-29 15:47:00', 20.14, 20.13, 20.13, 20.14, 902]
['2019-03-29 15:46:00', 20.13, 20.13, 20.13, 20.13, 200]
['2019-03-29 15:45:00', 20.14, 20.13, 20.13, 20.14, 1256]
['2019-03-29 15:44:00', 20.13, 20.13, 20.13, 20.13, 458]
['2019-03-29 15:43:00', 20.13, 20.13, 20.13, 20.13, 933]
['2019-03-29 15:42:00', 20.13, 20.13, 20.13, 20.13, 463]
['2019-03-29 15:40:00', 20.15, 20.13, 20.13, 20.15, 1000]
['2019-03-29 15:39:00', 20.15, 20.14, 20.14, 20.15, 635]
['2019-03-29 15:38:00', 20.15, 20.15, 20.15, 20.15, 420]
['2019-03-29 15:37:00', 20.15, 20.15, 20.15, 20.15, 300]
['2019-03-29 15:36:00', 20.15, 20.15, 20.14, 20.15, 800]
['2019-03-29 15:34:00', 20.14, 20.125, 20.125, 20.14, 993]
['2019-03-29 15:33:00', 20.14, 20.14, 20.14, 20.14, 101]
['2019-03-29 15:32:00', 20.14, 20.14, 20.14, 20.14, 1200]
['2019-03-29 15:31:00', 20.1527, 20.1527, 20.1527, 20.1527, 240]
['2019-03-29 15:29:00', 20.15, 20.14, 20.0501, 20.15, 11596]
['2019-03-29 15:28:00', 20.17, 20.17, 20.17, 20.17, 201]
['2019-03-29 15:27:00', 20.16, 20.17, 20.15, 20.17, 500]
['2019-03-29 15:26:00', 20.2, 20.14, 20.08, 20.2, 14113]
['2019-03-29 15:25:00', 20.2, 20.2, 20.2, 20.2, 201]
['2019-03-29 15:24:00', 20.2, 20.2, 20.2, 20.2, 479]
['2019-03-29 15:23:00', 20.21, 20.2, 20.2, 20.22, 5667]
['2019-03-29 15:22:00', 20.22, 20.21, 20.21, 20.22, 425]
['2019-03-29 15:21:00', 20.21, 20.2, 20.2, 20.21, 200]
['2019-03-29 15:19:00', 20.2, 20.2, 20.2, 20.2, 277]
['2019-03-29 15:18:00', 20.19, 20.2, 20.19, 20.21, 900]
['2019-03-29 15:16:00', 20.17, 20.17, 20.17, 20.17, 101]
['2019-03-29 15:13:00', 20.15, 20.17, 20.15, 20.17, 794]
['2019-03-29 15:12:00', 20.15, 20.13, 20.13, 20.15, 851]
['2019-03-29 15:08:00', 20.16, 20.16, 20.16, 20.16, 710]
['2019-03-29 15:02:00', 20.18, 20.18, 20.18, 20.18, 370]
['2019-03-29 14:59:00', 20.17, 20.17, 20.17, 20.17, 409]
['2019-03-29 14:56:00', 20.18, 20.18, 20.18, 20.18, 409]
['2019-03-29 14:53:00', 20.18, 20.18, 20.18, 20.18, 201]
['2019-03-29 14:51:00', 20.17, 20.17, 20.17, 20.17, 401]
['2019-03-29 14:49:00', 20.17, 20.17, 20.17, 20.17, 101]
['2019-03-29 14:43:00', 20.16, 20.16, 20.16, 20.16, 206]
['2019-03-29 14:42:00', 20.14, 20.14, 20.14, 20.14, 100]
['2019-03-29 14:41:00', 20.16, 20.16, 20.16, 20.17, 430]
['2019-03-29 14:40:00', 20.16, 20.18, 20.16, 20.18, 283]
['2019-03-29 14:35:00', 20.1756, 20.1756, 20.1756, 20.1756, 169]
['2019-03-29 14:31:00', 20.18, 20.155, 20.14, 20.18, 1870]
['2019-03-29 14:30:00', 20.18, 20.18, 20.18, 20.18, 106]
['2019-03-29 14:24:00', 20.165, 20.165, 20.165, 20.165, 207]
['2019-03-29 14:19:00', 20.16, 20.16, 20.16, 20.16, 209]
['2019-03-29 14:18:00', 20.18, 20.17, 20.17, 20.18, 301]
['2019-03-29 14:14:00', 20.17, 20.17, 20.17, 20.17, 114]
['2019-03-29 14:08:00', 20.15, 20.15, 20.15, 20.15, 248]
['2019-03-29 14:03:00', 20.14, 20.14, 20.14, 20.14, 152]
['2019-03-29 14:01:00', 20.13, 20.13, 20.13, 20.13, 120]
['2019-03-29 13:56:00', 20.11, 20.11, 20.11, 20.11, 522]
['2019-03-29 13:55:00', 20.14, 20.14, 20.14, 20.14, 101]
['2019-03-29 13:48:00', 20.08, 20.09, 20.08, 20.09, 322]
['2019-03-29 13:47:00', 20.07, 20.04, 19.98, 20.07, 1957]
['2019-03-29 13:46:00', 20.09, 20.09, 20.09, 20.09, 101]
['2019-03-29 13:43:00', 20.08, 20.08, 20.08, 20.08, 191]
['2019-03-29 13:42:00', 20.08, 20.08, 20.08, 20.08, 118]
['2019-03-29 13:39:00', 20.05, 20.05, 20.05, 20.05, 113]
['2019-03-29 13:38:00', 20.06, 20.06, 20.06, 20.06, 101]
['2019-03-29 13:34:00', 20.06, 20.06, 20.06, 20.06, 301]
['2019-03-29 13:32:00', 20.07, 20.07, 20.07, 20.07, 109]
['2019-03-29 13:23:00', 20.09, 20.09, 20.09, 20.09, 104]
['2019-03-29 13:22:00', 20.08, 20.11, 20.08, 20.11, 456]
['2019-03-29 13:21:00', 20.11, 20.08, 20.07, 20.11, 1217]
['2019-03-29 13:16:00', 20.1, 20.1, 20.1, 20.1, 102]
['2019-03-29 13:14:00', 20.12, 20.12, 20.12, 20.12, 242]
['2019-03-29 13:08:00', 20.11, 20.11, 20.11, 20.11, 103]
['2019-03-29 13:07:00', 20.11, 20.11, 20.11, 20.11, 200]
['2019-03-29 13:02:00', 20.13, 20.13, 20.13, 20.13, 134]
['2019-03-29 12:58:00', 20.14, 20.14, 20.14, 20.14, 296]
['2019-03-29 12:54:00', 20.11, 20.11, 20.11, 20.11, 303]
['2019-03-29 12:47:00', 20.1, 20.1, 20.1, 20.1, 491]
['2019-03-29 12:42:00', 20.15, 20.15, 20.15, 20.15, 307]
['2019-03-29 12:40:00', 20.16, 20.16, 20.16, 20.16, 101]
['2019-03-29 12:38:00', 20.14, 20.14, 20.14, 20.14, 425]
['2019-03-29 12:30:00', 20.12, 20.12, 20.12, 20.12, 202]
['2019-03-29 12:27:00', 20.145, 20.12, 20.12, 20.145, 818]
['2019-03-29 12:26:00', 20.15, 20.15, 20.15, 20.15, 198]
['2019-03-29 12:20:00', 20.1, 20.1, 20.1, 20.1, 203]
['2019-03-29 12:17:00', 20.1, 20.1, 20.1, 20.1, 334]
['2019-03-29 12:15:00', 20.11, 20.1, 20.1, 20.11, 440]
['2019-03-29 12:07:00', 20.15, 20.15, 20.15, 20.15, 272]
['2019-03-29 12:05:00', 20.17, 20.16, 20.16, 20.17, 303]
['2019-03-29 12:04:00', 20.15, 20.15, 20.15, 20.15, 658]
['2019-03-29 12:03:00', 20.11, 20.13, 20.11, 20.13, 730]
['2019-03-29 12:00:00', 20.1, 20.09, 20.09, 20.1, 544]
['2019-03-29 11:58:00', 20.11, 20.1, 20.1, 20.11, 306]
['2019-03-29 11:52:00', 20.13, 20.13, 20.13, 20.13, 123]
['2019-03-29 11:51:00', 20.16, 20.14, 20.14, 20.16, 304]
['2019-03-29 11:47:00', 20.15, 20.145, 20.145, 20.15, 405]
['2019-03-29 11:45:00', 20.21, 20.2, 20.2, 20.21, 861]
['2019-03-29 11:42:00', 20.19, 20.21, 20.19, 20.21, 799]
['2019-03-29 11:40:00', 20.175, 20.175, 20.175, 20.175, 100]
['2019-03-29 11:39:00', 20.19, 20.19, 20.19, 20.19, 100]
['2019-03-29 11:38:00', 20.19, 20.19, 20.19, 20.19, 100]
['2019-03-29 11:28:00', 20.18, 20.18, 20.18, 20.18, 448]
['2019-03-29 11:26:00', 20.16, 20.16, 20.16, 20.16, 500]
['2019-03-29 11:18:00', 20.12, 20.12, 20.12, 20.12, 220]
['2019-03-29 11:16:00', 20.13, 20.13, 20.13, 20.13, 333]
['2019-03-29 11:15:00', 20.13, 20.13, 20.13, 20.13, 100]
['2019-03-29 11:14:00', 20.14, 20.18, 20.14, 20.18, 300]
['2019-03-29 11:09:00', 20.15, 20.15, 20.15, 20.15, 171]
['2019-03-29 11:08:00', 20.17, 20.15, 20.15, 20.17, 500]
['2019-03-29 11:07:00', 20.17, 20.16, 20.16, 20.17, 779]
['2019-03-29 11:02:00', 20.2, 20.2, 20.2, 20.2, 203]
['2019-03-29 11:00:00', 20.24, 20.2, 20.2, 20.26, 472]
['2019-03-29 10:57:00', 20.26, 20.26, 20.26, 20.26, 401]
['2019-03-29 10:56:00', 20.26, 20.26, 20.26, 20.26, 100]
['2019-03-29 10:52:00', 20.29, 20.24, 20.24, 20.29, 316]
['2019-03-29 10:51:00', 20.28, 20.29, 20.26, 20.29, 652]
['2019-03-29 10:49:00', 20.33, 20.33, 20.33, 20.33, 259]
['2019-03-29 10:48:00', 20.33, 20.33, 20.33, 20.33, 100]
['2019-03-29 10:45:00', 20.38, 20.31, 20.31, 20.38, 579]
['2019-03-29 10:44:00', 20.39, 20.39, 20.39, 20.39, 100]
['2019-03-29 10:43:00', 20.37, 20.35, 20.35, 20.37, 662]
['2019-03-29 10:41:00', 20.4, 20.4, 20.4, 20.4, 517]
['2019-03-29 10:38:00', 20.38, 20.38, 20.38, 20.38, 101]
['2019-03-29 10:37:00', 20.3799, 20.39, 20.3799, 20.39, 503]
['2019-03-29 10:35:00', 20.38, 20.38, 20.38, 20.38, 220]
['2019-03-29 10:34:00', 20.37, 20.37, 20.37, 20.37, 241]
['2019-03-29 10:33:00', 20.38, 20.38, 20.38, 20.38, 201]
['2019-03-29 10:32:00', 20.4, 20.4, 20.4, 20.4, 202]
['2019-03-29 10:31:00', 20.46, 20.43, 20.43, 20.49, 1692]
['2019-03-29 10:30:00', 20.51, 20.51, 20.51, 20.51, 302]
['2019-03-29 10:27:00', 20.4501, 20.4501, 20.4501, 20.4501, 502]
['2019-03-29 10:24:00', 20.49, 20.49, 20.49, 20.49, 473]
['2019-03-29 10:23:00', 20.49, 20.49, 20.49, 20.49, 115]
['2019-03-29 10:22:00', 20.48, 20.48, 20.48, 20.48, 101]
['2019-03-29 10:21:00', 20.46, 20.47, 20.46, 20.47, 201]
['2019-03-29 10:20:00', 20.42, 20.46, 20.42, 20.46, 594]
['2019-03-29 10:18:00', 20.43, 20.43, 20.43, 20.43, 344]
['2019-03-29 10:17:00', 20.41, 20.41, 20.41, 20.41, 116]
['2019-03-29 10:15:00', 20.47, 20.465, 20.42, 20.47, 1546]
['2019-03-29 10:14:00', 20.47, 20.47, 20.47, 20.47, 100]
['2019-03-29 10:13:00', 20.42, 20.42, 20.42, 20.42, 150]
['2019-03-29 10:12:00', 20.47, 20.42, 20.42, 20.48, 615]
['2019-03-29 10:10:00', 20.44, 20.45, 20.44, 20.45, 202]
['2019-03-29 10:09:00', 20.44, 20.44, 20.44, 20.44, 300]
['2019-03-29 10:06:00', 20.3454, 20.415, 20.3454, 20.42, 414]
['2019-03-29 10:04:00', 20.33, 20.34, 20.33, 20.34, 726]
['2019-03-29 10:02:00', 20.33, 20.33, 20.33, 20.33, 102]
['2019-03-29 10:01:00', 20.33, 20.33, 20.33, 20.33, 200]
['2019-03-29 09:58:00', 20.3, 20.28, 20.28, 20.35, 616]
['2019-03-29 09:57:00', 20.41, 20.31, 20.31, 20.41, 400]
['2019-03-29 09:56:00', 20.38, 20.38, 20.38, 20.38, 300]
['2019-03-29 09:55:00', 20.33, 20.335, 20.33, 20.335, 500]
['2019-03-29 09:53:00', 20.425, 20.315, 20.31, 20.425, 1447]
['2019-03-29 09:51:00', 20.425, 20.425, 20.425, 20.425, 319]
['2019-03-29 09:50:00', 20.435, 20.435, 20.435, 20.435, 201]
['2019-03-29 09:49:00', 20.415, 20.42, 20.415, 20.42, 368]
['2019-03-29 09:48:00', 20.37, 20.37, 20.37, 20.37, 100]
['2019-03-29 09:46:00', 20.2, 20.28, 20.2, 20.28, 1177]
['2019-03-29 09:45:00', 20.21, 20.21, 20.21, 20.21, 373]
['2019-03-29 09:43:00', 20.102, 20.21, 20.102, 20.21, 405]
['2019-03-29 09:40:00', 20.31, 20.31, 20.31, 20.31, 214]
['2019-03-29 09:39:00', 20.1599, 20.1599, 20.1599, 20.1599, 108]
['2019-03-29 09:34:00', 20.17, 20.17, 20.17, 20.17, 312]
['2019-03-29 09:31:00', 20.09, 20.09, 20.09, 20.09, 0]
['2019-03-28 16:00:00', 19.87, 19.86, 19.83, 19.87, 3235]
['2019-03-28 15:59:00', 19.875, 19.87, 19.86, 19.875, 7268]
['2019-03-28 15:58:00', 19.88, 19.88, 19.88, 19.89, 3076]
['2019-03-28 15:57:00', 19.89, 19.88, 19.88, 19.89, 2051]
['2019-03-28 15:56:00', 19.87, 19.89, 19.87, 19.9, 3708]
['2019-03-28 15:55:00', 19.86, 19.86, 19.86, 19.86, 331]
['2019-03-28 15:54:00', 19.85, 19.855, 19.84, 19.855, 720]
['2019-03-28 15:52:00', 19.86, 19.85, 19.845, 19.86, 763]
['2019-03-28 15:50:00', 19.87, 19.85, 19.85, 19.87, 316]
['2019-03-28 15:49:00', 19.87, 19.87, 19.86, 19.87, 421]
['2019-03-28 15:48:00', 19.885, 19.88, 19.88, 19.885, 922]
['2019-03-28 15:45:00', 19.88, 19.88, 19.88, 19.88, 372]
['2019-03-28 15:41:00', 19.865, 19.865, 19.865, 19.865, 306]
['2019-03-28 15:40:00', 19.87, 19.87, 19.87, 19.87, 559]
['2019-03-28 15:37:00', 19.87, 19.87, 19.87, 19.87, 371]
['2019-03-28 15:36:00', 19.86, 19.85, 19.85, 19.87, 404]
['2019-03-28 15:34:00', 19.85, 19.85, 19.85, 19.85, 215]
['2019-03-28 15:33:00', 19.85, 19.86, 19.85, 19.86, 360]
['2019-03-28 15:31:00', 19.82, 19.83, 19.82, 19.83, 320]
['2019-03-28 15:30:00', 19.83, 19.83, 19.83, 19.83, 200]
['2019-03-28 15:29:00', 19.85, 19.85, 19.85, 19.85, 520]
['2019-03-28 15:28:00', 19.88, 19.86, 19.86, 19.88, 1242]
['2019-03-28 15:27:00', 19.8892, 19.8892, 19.8892, 19.8892, 247]
['2019-03-28 15:26:00', 19.89, 19.89, 19.89, 19.89, 750]
['2019-03-28 15:25:00', 19.875, 19.875, 19.875, 19.875, 196]
['2019-03-28 15:23:00', 19.875, 19.875, 19.875, 19.875, 135]
['2019-03-28 15:20:00', 19.87, 19.87, 19.87, 19.87, 166]
['2019-03-28 15:16:00', 19.86, 19.86, 19.86, 19.86, 198]
['2019-03-28 15:13:00', 19.86, 19.86, 19.86, 19.86, 361]
['2019-03-28 15:12:00', 19.87, 19.87, 19.87, 19.875, 515]
['2019-03-28 15:09:00', 19.86, 19.86, 19.86, 19.86, 100]
['2019-03-28 15:07:00', 19.85, 19.85, 19.85, 19.85, 100]
['2019-03-28 15:06:00', 19.88, 19.88, 19.88, 19.88, 304]
['2019-03-28 15:03:00', 19.87, 19.87, 19.87, 19.87, 248]
['2019-03-28 15:02:00', 19.85, 19.85, 19.85, 19.86, 544]
['2019-03-28 15:01:00', 19.83, 19.83, 19.83, 19.83, 249]
['2019-03-28 15:00:00', 19.84, 19.84, 19.84, 19.84, 100]
['2019-03-28 14:58:00', 19.84, 19.84, 19.84, 19.84, 585]
['2019-03-28 14:57:00', 19.83, 19.82, 19.82, 19.83, 306]
['2019-03-28 14:55:00', 19.84, 19.84, 19.84, 19.84, 114]
['2019-03-28 14:54:00', 19.82, 19.82, 19.82, 19.82, 101]
['2019-03-28 14:50:00', 19.85, 19.85, 19.85, 19.85, 299]
['2019-03-28 14:48:00', 19.87, 19.86, 19.86, 19.87, 426]
['2019-03-28 14:47:00', 19.86, 19.86, 19.86, 19.86, 100]
['2019-03-28 14:46:00', 19.84, 19.84, 19.84, 19.84, 120]
['2019-03-28 14:41:00', 19.865, 19.865, 19.865, 19.865, 406]
['2019-03-28 14:40:00', 19.89, 19.88, 19.87, 19.89, 1150]
['2019-03-28 14:35:00', 19.88, 19.88, 19.88, 19.88, 205]
['2019-03-28 14:32:00', 19.86, 19.89, 19.86, 19.89, 2413]
['2019-03-28 14:30:00', 19.86, 19.86, 19.86, 19.86, 615]
['2019-03-28 14:28:00', 19.87, 19.87, 19.87, 19.87, 110]
['2019-03-28 14:26:00', 19.86, 19.86, 19.86, 19.86, 100]
['2019-03-28 14:24:00', 19.85, 19.86, 19.85, 19.86, 405]
['2019-03-28 14:23:00', 19.84, 19.85, 19.84, 19.85, 1161]
['2019-03-28 14:22:00', 19.84, 19.84, 19.84, 19.84, 108]
['2019-03-28 14:21:00', 19.84, 19.84, 19.84, 19.84, 100]
['2019-03-28 14:18:00', 19.88, 19.88, 19.88, 19.88, 408]
['2019-03-28 14:12:00', 19.9, 19.9, 19.9, 19.9, 206]
['2019-03-28 14:11:00', 19.89, 19.89, 19.89, 19.89, 193]
['2019-03-28 14:09:00', 19.885, 19.885, 19.885, 19.885, 113]
['2019-03-28 14:06:00', 19.89, 19.88, 19.88, 19.89, 491]
['2019-03-28 14:04:00', 19.89, 19.89, 19.89, 19.89, 261]
['2019-03-28 14:02:00', 19.89, 19.89, 19.89, 19.89, 144]
['2019-03-28 13:57:00', 19.88, 19.88, 19.88, 19.88, 183]
['2019-03-28 13:56:00', 19.88, 19.88, 19.88, 19.88, 100]
['2019-03-28 13:53:00', 19.88, 19.88, 19.88, 19.88, 440]
['2019-03-28 13:51:00', 19.87, 19.87, 19.87, 19.87, 500]
['2019-03-28 13:48:00', 19.87, 19.88, 19.87, 19.88, 1935]
['2019-03-28 13:46:00', 19.84, 19.87, 19.84, 19.87, 1876]
['2019-03-28 13:45:00', 19.845, 19.8425, 19.8425, 19.845, 310]
['2019-03-28 13:44:00', 19.84, 19.84, 19.84, 19.84, 200]
['2019-03-28 13:43:00', 19.85, 19.85, 19.85, 19.85, 100]
['2019-03-28 13:42:00', 19.85, 19.85, 19.85, 19.85, 200]
['2019-03-28 13:41:00', 19.85, 19.85, 19.84, 19.86, 1845]
['2019-03-28 13:37:00', 19.865, 19.865, 19.865, 19.865, 196]
['2019-03-28 13:36:00', 19.85, 19.85, 19.845, 19.85, 802]
['2019-03-28 13:35:00', 19.85, 19.85, 19.85, 19.85, 100]
['2019-03-28 13:34:00', 19.86, 19.86, 19.86, 19.86, 140]
['2019-03-28 13:32:00', 19.87, 19.86, 19.86, 19.87, 500]
['2019-03-28 13:26:00', 19.89, 19.87, 19.87, 19.89, 836]
['2019-03-28 13:25:00', 19.91, 19.89, 19.89, 19.9179, 1537]
['2019-03-28 13:24:00', 19.91, 19.91, 19.91, 19.92, 539]
['2019-03-28 13:23:00', 19.9, 19.9, 19.9, 19.9, 300]
['2019-03-28 13:22:00', 19.9, 19.9, 19.9, 19.9, 100]
['2019-03-28 13:17:00', 19.87, 19.88, 19.87, 19.88, 200]
['2019-03-28 13:16:00', 19.88, 19.88, 19.88, 19.88, 100]
['2019-03-28 13:15:00', 19.87, 19.87, 19.87, 19.87, 188]
['2019-03-28 13:14:00', 19.87, 19.87, 19.86, 19.87, 1200]
['2019-03-28 13:09:00', 19.86, 19.86, 19.86, 19.86, 540]
['2019-03-28 13:07:00', 19.85, 19.85, 19.85, 19.85, 100]
['2019-03-28 13:06:00', 19.85, 19.85, 19.85, 19.85, 100]
['2019-03-28 13:05:00', 19.85, 19.855, 19.85, 19.86, 1030]
['2019-03-28 13:03:00', 19.85, 19.85, 19.85, 19.85, 131]
['2019-03-28 13:02:00', 19.84, 19.85, 19.84, 19.85, 400]
['2019-03-28 13:00:00', 19.84, 19.84, 19.84, 19.84, 5429]
['2019-03-28 12:59:00', 19.795, 19.795, 19.795, 19.795, 200]
['2019-03-28 12:58:00', 19.8, 19.8, 19.8, 19.8, 142]
['2019-03-28 12:54:00', 19.79, 19.82, 19.79, 19.82, 659]
['2019-03-28 12:53:00', 19.77, 19.77, 19.77, 19.77, 100]
['2019-03-28 12:52:00', 19.78, 19.78, 19.78, 19.78, 105]
['2019-03-28 12:49:00', 19.75, 19.76, 19.75, 19.76, 310]
['2019-03-28 12:47:00', 19.74, 19.74, 19.74, 19.74, 270]
['2019-03-28 12:46:00', 19.75, 19.75, 19.75, 19.75, 100]
['2019-03-28 12:44:00', 19.745, 19.76, 19.745, 19.76, 236]
['2019-03-28 12:42:00', 19.78, 19.77, 19.77, 19.78, 500]
['2019-03-28 12:37:00', 19.75, 19.75, 19.75, 19.75, 122]
['2019-03-28 12:31:00', 19.77, 19.77, 19.77, 19.77, 470]
['2019-03-28 12:30:00', 19.76, 19.775, 19.76, 19.775, 307]
['2019-03-28 12:28:00', 19.72, 19.73, 19.72, 19.73, 658]
['2019-03-28 12:27:00', 19.72, 19.72, 19.72, 19.72, 200]
['2019-03-28 12:24:00', 19.73, 19.73, 19.73, 19.73, 125]
['2019-03-28 12:17:00', 19.66, 19.66, 19.66, 19.66, 1433]
['2019-03-28 12:13:00', 19.66, 19.66, 19.66, 19.66, 315]
['2019-03-28 12:12:00', 19.68, 19.68, 19.68, 19.68, 100]
['2019-03-28 12:10:00', 19.705, 19.71, 19.69, 19.72, 623]
['2019-03-28 12:06:00', 19.72, 19.72, 19.72, 19.72, 310]
['2019-03-28 12:03:00', 19.72, 19.72, 19.72, 19.72, 100]
['2019-03-28 12:01:00', 19.73, 19.73, 19.73, 19.73, 100]
['2019-03-28 12:00:00', 19.74, 19.72, 19.72, 19.74, 305]
['2019-03-28 11:59:00', 19.74, 19.74, 19.74, 19.74, 285]
['2019-03-28 11:58:00', 19.77, 19.74, 19.74, 19.77, 307]
['2019-03-28 11:54:00', 19.72, 19.72, 19.72, 19.72, 200]
['2019-03-28 11:53:00', 19.7, 19.73, 19.7, 19.73, 300]
['2019-03-28 11:52:00', 19.76, 19.74, 19.74, 19.76, 500]
['2019-03-28 11:49:00', 19.77, 19.77, 19.77, 19.77, 290]
['2019-03-28 11:48:00', 19.76, 19.77, 19.76, 19.79, 1025]
['2019-03-28 11:45:00', 19.72, 19.73, 19.72, 19.73, 229]
['2019-03-28 11:44:00', 19.73, 19.73, 19.73, 19.73, 420]
['2019-03-28 11:43:00', 19.715, 19.72, 19.715, 19.72, 200]
['2019-03-28 11:42:00', 19.72, 19.72, 19.72, 19.72, 600]
['2019-03-28 11:41:00', 19.74, 19.74, 19.74, 19.74, 100]
['2019-03-28 11:40:00', 19.71, 19.71, 19.71, 19.71, 100]
['2019-03-28 11:39:00', 19.7, 19.71, 19.7, 19.71, 300]
['2019-03-28 11:38:00', 19.72, 19.72, 19.72, 19.72, 1263]
['2019-03-28 11:35:00', 19.73, 19.73, 19.73, 19.73, 262]
['2019-03-28 11:34:00', 19.7, 19.69, 19.69, 19.72, 310]
['2019-03-28 11:31:00', 19.69, 19.72, 19.69, 19.72, 810]
['2019-03-28 11:30:00', 19.7, 19.69, 19.69, 19.7, 200]
['2019-03-28 11:29:00', 19.68, 19.69, 19.68, 19.71, 632]
['2019-03-28 11:26:00', 19.69, 19.69, 19.69, 19.69, 310]
['2019-03-28 11:24:00', 19.7, 19.7, 19.7, 19.7, 323]
['2019-03-28 11:23:00', 19.74, 19.7, 19.7, 19.74, 805]
['2019-03-28 11:20:00', 19.71, 19.72, 19.71, 19.72, 685]
['2019-03-28 11:19:00', 19.699, 19.72, 19.685, 19.72, 6420]
['2019-03-28 11:17:00', 19.68, 19.68, 19.68, 19.68, 100]
['2019-03-28 11:16:00', 19.68, 19.68, 19.68, 19.68, 400]
['2019-03-28 11:15:00', 19.66, 19.68, 19.66, 19.68, 1304]
['2019-03-28 11:13:00', 19.68, 19.68, 19.68, 19.68, 139]
['2019-03-28 11:12:00', 19.7077, 19.7077, 19.7077, 19.7077, 100]
['2019-03-28 11:11:00', 19.69, 19.69, 19.69, 19.69, 105]
['2019-03-28 11:10:00', 19.67, 19.67, 19.67, 19.67, 205]
['2019-03-28 11:08:00', 19.67, 19.67, 19.67, 19.67, 212]
['2019-03-28 11:07:00', 19.66, 19.66, 19.66, 19.66, 200]
['2019-03-28 11:06:00', 19.7, 19.7, 19.7, 19.7, 338]
['2019-03-28 11:05:00', 19.72, 19.73, 19.72, 19.74, 1110]
['2019-03-28 11:02:00', 19.77, 19.77, 19.77, 19.77, 310]
['2019-03-28 11:01:00', 19.81, 19.81, 19.81, 19.81, 200]
['2019-03-28 10:57:00', 19.81, 19.81, 19.81, 19.81, 105]
['2019-03-28 10:53:00', 19.86, 19.865, 19.86, 19.865, 1324]
['2019-03-28 10:49:00', 19.88, 19.91, 19.88, 19.91, 454]
['2019-03-28 10:47:00', 19.93, 19.9, 19.9, 19.93, 621]
['2019-03-28 10:42:00', 19.93, 19.955, 19.93, 19.955, 431]
['2019-03-28 10:39:00', 19.945, 19.945, 19.945, 19.945, 220]
['2019-03-28 10:38:00', 19.93, 19.94, 19.93, 19.94, 505]
['2019-03-28 10:37:00', 19.95, 19.95, 19.95, 19.95, 225]
['2019-03-28 10:35:00', 19.97, 19.97, 19.97, 19.97, 205]
['2019-03-28 10:34:00', 20.0, 20.0, 20.0, 20.0, 100]
['2019-03-28 10:33:00', 19.92, 19.92, 19.92, 19.92, 501]
['2019-03-28 10:32:00', 19.91, 19.91, 19.91, 19.91, 400]
['2019-03-28 10:29:00', 19.96, 19.96, 19.96, 19.96, 100]
['2019-03-28 10:27:00', 20.01, 19.995, 19.995, 20.01, 404]
['2019-03-28 10:26:00', 20.01, 20.0, 20.0, 20.01, 200]
['2019-03-28 10:25:00', 20.07, 20.07, 20.07, 20.07, 555]
['2019-03-28 10:15:00', 20.0, 20.02, 20.0, 20.02, 1035]
['2019-03-28 10:12:00', 20.0, 20.02, 20.0, 20.02, 600]
['2019-03-28 10:10:00', 20.02, 20.02, 20.02, 20.02, 200]
['2019-03-28 10:09:00', 20.04, 20.05, 20.03, 20.05, 552]
['2019-03-28 10:07:00', 20.05, 20.05, 20.05, 20.05, 100]
['2019-03-28 10:06:00', 20.07, 20.07, 20.07, 20.07, 100]
['2019-03-28 10:05:00', 20.07, 20.07, 20.07, 20.07, 260]
['2019-03-28 10:01:00', 20.01, 20.01, 20.01, 20.01, 418]
['2019-03-28 09:59:00', 19.99, 20.0, 19.99, 20.0, 1250]
['2019-03-28 09:57:00', 20.01, 20.08, 20.01, 20.08, 240]
['2019-03-28 09:55:00', 20.08, 20.08, 20.08, 20.08, 185]
['2019-03-28 09:47:00', 20.04, 20.0, 20.0, 20.04, 768]
['2019-03-28 09:46:00', 20.11, 20.11, 20.11, 20.11, 290]
['2019-03-28 09:44:00', 19.95, 20.04, 19.95, 20.04, 900]
['2019-03-28 09:41:00', 19.8713, 19.8713, 19.8713, 19.8713, 1526]
['2019-03-28 09:31:00', 19.83, 19.83, 19.83, 19.83, 3916]
['2019-03-27 16:00:00', 19.84, 19.81, 19.81, 19.84, 2406]
['2019-03-27 15:59:00', 19.86, 19.85, 19.84, 19.86, 2547]
['2019-03-27 15:58:00', 19.86, 19.87, 19.86, 19.87, 404]
['2019-03-27 15:57:00', 19.84, 19.85, 19.84, 19.85, 805]
['2019-03-27 15:56:00', 19.84, 19.83, 19.82, 19.84, 1836]
['2019-03-27 15:55:00', 19.845, 19.845, 19.845, 19.845, 100]
['2019-03-27 15:54:00', 19.88, 19.835, 19.835, 19.88, 1403]
['2019-03-27 15:53:00', 19.88, 19.88, 19.88, 19.88, 300]
['2019-03-27 15:52:00', 19.89, 19.88, 19.88, 19.89, 2558]
['2019-03-27 15:51:00', 19.88, 19.89, 19.88, 19.89, 342]
['2019-03-27 15:50:00', 19.86, 19.87, 19.86, 19.87, 455]
['2019-03-27 15:49:00', 19.85, 19.86, 19.85, 19.86, 688]
['2019-03-27 15:48:00', 19.85, 19.84, 19.84, 19.85, 1308]
['2019-03-27 15:47:00', 19.85, 19.84, 19.84, 19.85, 400]
['2019-03-27 15:46:00', 19.81, 19.83, 19.81, 19.83, 1008]
['2019-03-27 15:45:00', 19.79, 19.81, 19.79, 19.82, 1102]
['2019-03-27 15:44:00', 19.8, 19.8, 19.8, 19.8, 1100]
['2019-03-27 15:43:00', 19.8, 19.8, 19.8, 19.8, 500]
['2019-03-27 15:42:00', 19.78, 19.8, 19.77, 19.8, 937]
['2019-03-27 15:41:00', 19.78, 19.78, 19.78, 19.78, 1052]
['2019-03-27 15:40:00', 19.76, 19.78, 19.76, 19.78, 650]
['2019-03-27 15:39:00', 19.73, 19.76, 19.71, 19.76, 3280]
['2019-03-27 15:38:00', 19.79, 19.76, 19.73, 19.79, 3102]
['2019-03-27 15:37:00', 19.785, 19.76, 19.72, 19.8, 4025]
['2019-03-27 15:36:00', 19.795, 19.78, 19.75, 19.795, 2118]
['2019-03-27 15:35:00', 19.86, 19.79, 19.75, 19.8726, 11643]
['2019-03-27 15:34:00', 19.86, 19.86, 19.86, 19.86, 200]
['2019-03-27 15:33:00', 19.86, 19.86, 19.85, 19.86, 400]
['2019-03-27 15:32:00', 19.88, 19.87, 19.87, 19.89, 819]
['2019-03-27 15:31:00', 19.885, 19.89, 19.885, 19.9, 1329]
['2019-03-27 15:30:00', 19.89, 19.88, 19.87, 19.89, 500]
['2019-03-27 15:28:00', 19.845, 19.85, 19.845, 19.85, 996]
['2019-03-27 15:27:00', 19.86, 19.845, 19.845, 19.86, 307]
['2019-03-27 15:26:00', 19.81, 19.83, 19.8, 19.83, 627]
['2019-03-27 15:25:00', 19.82, 19.815, 19.815, 19.82, 300]
['2019-03-27 15:24:00', 19.79, 19.79, 19.79, 19.79, 200]
['2019-03-27 15:23:00', 19.79, 19.78, 19.78, 19.79, 200]
['2019-03-27 15:22:00', 19.76, 19.7678, 19.76, 19.7678, 406]
['2019-03-27 15:20:00', 19.77, 19.77, 19.77, 19.77, 100]
['2019-03-27 15:19:00', 19.75, 19.75, 19.75, 19.75, 105]
['2019-03-27 15:18:00', 19.76, 19.76, 19.75, 19.77, 924]
['2019-03-27 15:16:00', 19.73, 19.74, 19.73, 19.74, 412]
['2019-03-27 15:15:00', 19.72, 19.72, 19.72, 19.72, 110]
['2019-03-27 15:14:00', 19.73, 19.72, 19.72, 19.73, 526]
['2019-03-27 15:13:00', 19.73, 19.73, 19.73, 19.73, 120]
['2019-03-27 15:12:00', 19.71, 19.74, 19.71, 19.74, 380]
['2019-03-27 15:10:00', 19.7, 19.69, 19.69, 19.7, 305]
['2019-03-27 15:09:00', 19.7, 19.7, 19.7, 19.7, 361]
['2019-03-27 15:08:00', 19.71, 19.71, 19.71, 19.71, 300]
['2019-03-27 15:06:00', 19.71, 19.71, 19.71, 19.71, 110]
['2019-03-27 15:05:00', 19.695, 19.695, 19.695, 19.695, 205]
['2019-03-27 15:03:00', 19.715, 19.715, 19.715, 19.715, 156]
['2019-03-27 15:02:00', 19.71, 19.71, 19.71, 19.71, 110]
['2019-03-27 15:01:00', 19.71, 19.7, 19.7, 19.71, 202]
['2019-03-27 15:00:00', 19.7, 19.7, 19.7, 19.7, 200]
['2019-03-27 14:59:00', 19.69, 19.685, 19.685, 19.69, 241]
['2019-03-27 14:58:00', 19.7, 19.69, 19.69, 19.7, 200]
['2019-03-27 14:57:00', 19.69, 19.69, 19.69, 19.69, 200]
['2019-03-27 14:56:00', 19.7, 19.69, 19.69, 19.7, 210]
['2019-03-27 14:53:00', 19.71, 19.71, 19.71, 19.71, 141]
['2019-03-27 14:52:00', 19.685, 19.7, 19.685, 19.7, 520]
['2019-03-27 14:51:00', 19.69, 19.71, 19.69, 19.71, 905]
['2019-03-27 14:43:00', 19.685, 19.685, 19.685, 19.685, 210]
['2019-03-27 14:41:00', 19.64, 19.65, 19.63, 19.65, 600]
['2019-03-27 14:40:00', 19.63, 19.63, 19.63, 19.63, 453]
['2019-03-27 14:38:00', 19.68, 19.67, 19.67, 19.68, 1300]
['2019-03-27 14:37:00', 19.68, 19.68, 19.68, 19.68, 402]
['2019-03-27 14:36:00', 19.68, 19.68, 19.68, 19.68, 300]
['2019-03-27 14:31:00', 19.73, 19.73, 19.73, 19.73, 198]
['2019-03-27 14:30:00', 19.72, 19.72, 19.72, 19.72, 100]
['2019-03-27 14:29:00', 19.71, 19.71, 19.71, 19.71, 105]
['2019-03-27 14:27:00', 19.7, 19.7, 19.7, 19.7, 100]
['2019-03-27 14:25:00', 19.69, 19.69, 19.69, 19.69, 100]
['2019-03-27 14:24:00', 19.7, 19.705, 19.7, 19.71, 530]
['2019-03-27 14:20:00', 19.71, 19.71, 19.71, 19.71, 433]
['2019-03-27 14:19:00', 19.71, 19.71, 19.71, 19.71, 280]
['2019-03-27 14:16:00', 19.74, 19.74, 19.74, 19.74, 337]
['2019-03-27 14:12:00', 19.75, 19.75, 19.75, 19.75, 2810]
['2019-03-27 14:06:00', 19.75, 19.73, 19.73, 19.75, 882]
['2019-03-27 14:05:00', 19.75, 19.75, 19.75, 19.75, 400]
['2019-03-27 14:04:00', 19.74, 19.74, 19.74, 19.74, 200]
['2019-03-27 14:01:00', 19.74, 19.74, 19.74, 19.74, 354]
['2019-03-27 14:00:00', 19.73, 19.73, 19.73, 19.73, 104]
['2019-03-27 13:59:00', 19.75, 19.75, 19.75, 19.75, 300]
['2019-03-27 13:58:00', 19.75, 19.75, 19.75, 19.75, 100]
['2019-03-27 13:57:00', 19.745, 19.74, 19.74, 19.745, 656]
['2019-03-27 13:51:00', 19.75, 19.75, 19.75, 19.75, 100]
['2019-03-27 13:50:00', 19.76, 19.75, 19.75, 19.76, 300]
['2019-03-27 13:49:00', 19.75, 19.76, 19.75, 19.76, 200]
['2019-03-27 13:48:00', 19.76, 19.76, 19.76, 19.76, 201]
['2019-03-27 13:47:00', 19.775, 19.775, 19.775, 19.775, 200]
['2019-03-27 13:46:00', 19.78, 19.78, 19.75, 19.78, 482]
['2019-03-27 13:45:00', 19.75, 19.75, 19.75, 19.75, 102]
['2019-03-27 13:43:00', 19.75, 19.75, 19.75, 19.75, 200]
['2019-03-27 13:42:00', 19.75, 19.75, 19.75, 19.75, 100]
['2019-03-27 13:36:00', 19.74, 19.74, 19.74, 19.74, 337]
['2019-03-27 13:35:00', 19.74, 19.74, 19.74, 19.74, 100]
['2019-03-27 13:32:00', 19.77, 19.75, 19.75, 19.775, 524]
['2019-03-27 13:31:00', 19.77, 19.77, 19.77, 19.77, 100]
['2019-03-27 13:28:00', 19.79, 19.75, 19.75, 19.79, 531]
['2019-03-27 13:26:00', 19.77, 19.77, 19.77, 19.77, 100]
['2019-03-27 13:25:00', 19.77, 19.77, 19.77, 19.77, 100]
['2019-03-27 13:24:00', 19.75, 19.75, 19.75, 19.75, 100]
['2019-03-27 13:23:00', 19.78, 19.77, 19.77, 19.78, 200]
['2019-03-27 13:22:00', 19.77, 19.81, 19.76, 19.81, 819]
['2019-03-27 13:19:00', 19.7744, 19.7744, 19.7744, 19.7744, 100]
['2019-03-27 13:18:00', 19.75, 19.75, 19.75, 19.75, 100]
['2019-03-27 13:17:00', 19.81, 19.77, 19.77, 19.81, 429]
['2019-03-27 13:16:00', 19.815, 19.815, 19.815, 19.815, 110]
['2019-03-27 13:15:00', 19.75, 19.8, 19.745, 19.81, 1201]
['2019-03-27 13:14:00', 19.73, 19.73, 19.73, 19.73, 100]
['2019-03-27 13:11:00', 19.7, 19.7, 19.7, 19.7, 188]
['2019-03-27 13:10:00', 19.69, 19.69, 19.69, 19.69, 549]
['2019-03-27 13:09:00', 19.71, 19.71, 19.71, 19.71, 333]
['2019-03-27 13:06:00', 19.69, 19.7, 19.69, 19.7, 399]
['2019-03-27 13:03:00', 19.69, 19.69, 19.69, 19.69, 200]
['2019-03-27 13:02:00', 19.695, 19.695, 19.695, 19.695, 100]
['2019-03-27 13:00:00', 19.71, 19.71, 19.71, 19.71, 115]
['2019-03-27 12:59:00', 19.73, 19.73, 19.73, 19.73, 327]
['2019-03-27 12:58:00', 19.725, 19.725, 19.725, 19.725, 100]
['2019-03-27 12:57:00', 19.73, 19.725, 19.725, 19.73, 200]
['2019-03-27 12:56:00', 19.73, 19.72, 19.72, 19.73, 200]
['2019-03-27 12:54:00', 19.76, 19.75, 19.74, 19.76, 700]
['2019-03-27 12:53:00', 19.73, 19.75, 19.73, 19.76, 705]
['2019-03-27 12:51:00', 19.72, 19.72, 19.72, 19.72, 202]
['2019-03-27 12:50:00', 19.71, 19.71, 19.71, 19.71, 100]
['2019-03-27 12:49:00', 19.71, 19.71, 19.71, 19.71, 500]
['2019-03-27 12:48:00', 19.705, 19.71, 19.705, 19.71, 200]
['2019-03-27 12:47:00', 19.73, 19.71, 19.71, 19.73, 557]
['2019-03-27 12:46:00', 19.74, 19.73, 19.73, 19.74, 211]
['2019-03-27 12:45:00', 19.73, 19.73, 19.73, 19.73, 200]
['2019-03-27 12:44:00', 19.72, 19.72, 19.72, 19.72, 482]
['2019-03-27 12:43:00', 19.72, 19.72, 19.72, 19.72, 201]
['2019-03-27 12:42:00', 19.73, 19.72, 19.72, 19.73, 200]
['2019-03-27 12:41:00', 19.74, 19.74, 19.73, 19.74, 410]
['2019-03-27 12:40:00', 19.75, 19.74, 19.74, 19.75, 1258]
['2019-03-27 12:39:00', 19.75, 19.77, 19.75, 19.77, 405]
['2019-03-27 12:38:00', 19.75, 19.78, 19.75, 19.78, 27819]
['2019-03-27 12:37:00', 19.75, 19.75, 19.75, 19.75, 200]
['2019-03-27 12:32:00', 19.76, 19.76, 19.76, 19.76, 300]
['2019-03-27 12:31:00', 19.74, 19.74, 19.74, 19.74, 303]
['2019-03-27 12:30:00', 19.75, 19.75, 19.75, 19.75, 100]
['2019-03-27 12:29:00', 19.76, 19.76, 19.76, 19.76, 400]
['2019-03-27 12:25:00', 19.75, 19.75, 19.75, 19.75, 230]
['2019-03-27 12:24:00', 19.74, 19.72, 19.72, 19.74, 300]
['2019-03-27 12:23:00', 19.755, 19.755, 19.755, 19.755, 317]
['2019-03-27 12:21:00', 19.74, 19.765, 19.74, 19.765, 411]
['2019-03-27 12:19:00', 19.72, 19.72, 19.72, 19.72, 100]
['2019-03-27 12:18:00', 19.75, 19.75, 19.75, 19.75, 100]
['2019-03-27 12:17:00', 19.72, 19.73, 19.72, 19.73, 502]
['2019-03-27 12:15:00', 19.71, 19.7079, 19.7079, 19.71, 624]
['2019-03-27 12:14:00', 19.753, 19.73, 19.72, 19.753, 903]
['2019-03-27 12:13:00', 19.7532, 19.78, 19.7532, 19.78, 357]
['2019-03-27 12:12:00', 19.7504, 19.7504, 19.7504, 19.7504, 579]
['2019-03-27 12:06:00', 19.73, 19.73, 19.73, 19.73, 33265]
['2019-03-27 12:03:00', 19.67, 19.67, 19.67, 19.67, 0]
['2019-03-27 11:57:00', 19.66, 19.67, 19.66, 19.67, 300]
['2019-03-27 11:53:00', 19.61, 19.61, 19.61, 19.61, 159]
['2019-03-27 11:51:00', 19.62, 19.62, 19.62, 19.62, 312]
['2019-03-27 11:49:00', 19.62, 19.62, 19.62, 19.62, 526]
['2019-03-27 11:48:00', 19.62, 19.62, 19.62, 19.62, 100]
['2019-03-27 11:47:00', 19.63, 19.63, 19.63, 19.63, 105]
['2019-03-27 11:45:00', 19.63, 19.62, 19.62, 19.63, 466]
['2019-03-27 11:44:00', 19.64, 19.64, 19.64, 19.64, 200]
['2019-03-27 11:43:00', 19.65, 19.65, 19.65, 19.65, 100]
['2019-03-27 11:41:00', 19.65, 19.66, 19.65, 19.66, 336]
['2019-03-27 11:40:00', 19.6, 19.65, 19.6, 19.65, 1567]
['2019-03-27 11:36:00', 19.6, 19.6, 19.6, 19.6, 668]
['2019-03-27 11:35:00', 19.61, 19.6, 19.6, 19.61, 788]
['2019-03-27 11:34:00', 19.62, 19.62, 19.62, 19.62, 239]
['2019-03-27 11:33:00', 19.62, 19.62, 19.62, 19.62, 429]
['2019-03-27 11:31:00', 19.63, 19.63, 19.63, 19.63, 351]
['2019-03-27 11:30:00', 19.62, 19.62, 19.61, 19.62, 500]
['2019-03-27 11:28:00', 19.65, 19.64, 19.64, 19.65, 512]
['2019-03-27 11:26:00', 19.67, 19.66, 19.66, 19.67, 500]
['2019-03-27 11:23:00', 19.63, 19.63, 19.63, 19.63, 203]
['2019-03-27 11:18:00', 19.63, 19.63, 19.63, 19.63, 451]
['2019-03-27 11:17:00', 19.62, 19.62, 19.62, 19.62, 359]
['2019-03-27 11:16:00', 19.62, 19.62, 19.62, 19.62, 150]
['2019-03-27 11:15:00', 19.62, 19.62, 19.6, 19.63, 1152]
['2019-03-27 11:14:00', 19.61, 19.6, 19.6, 19.61, 700]
['2019-03-27 11:13:00', 19.63, 19.63, 19.63, 19.63, 406]
['2019-03-27 11:11:00', 19.64, 19.64, 19.64, 19.64, 403]
['2019-03-27 11:10:00', 19.64, 19.64, 19.64, 19.64, 901]
['2019-03-27 11:06:00', 19.61, 19.6, 19.6, 19.61, 848]
['2019-03-27 11:05:00', 19.635, 19.635, 19.635, 19.635, 100]
['2019-03-27 11:04:00', 19.66, 19.66, 19.66, 19.66, 200]
['2019-03-27 10:59:00', 19.67, 19.67, 19.66, 19.6701, 959]
['2019-03-27 10:56:00', 19.68, 19.68, 19.68, 19.68, 201]
['2019-03-27 10:55:00', 19.65, 19.65, 19.65, 19.65, 200]
['2019-03-27 10:52:00', 19.64, 19.64, 19.64, 19.64, 205]
['2019-03-27 10:51:00', 19.6, 19.6, 19.6, 19.6, 100]
['2019-03-27 10:50:00', 19.6, 19.62, 19.6, 19.63, 1823]
['2019-03-27 10:48:00', 19.6, 19.6, 19.6, 19.6, 206]
['2019-03-27 10:46:00', 19.62, 19.62, 19.62, 19.62, 100]
['2019-03-27 10:44:00', 19.66, 19.64, 19.64, 19.66, 500]
['2019-03-27 10:39:00', 19.72, 19.71, 19.71, 19.72, 319]
['2019-03-27 10:38:00', 19.7, 19.7, 19.7, 19.7, 820]
['2019-03-27 10:37:00', 19.72, 19.72, 19.72, 19.72, 335]
['2019-03-27 10:33:00', 19.74, 19.74, 19.74, 19.74, 200]
['2019-03-27 10:30:00', 19.79, 19.79, 19.79, 19.79, 246]
['2019-03-27 10:26:00', 19.78, 19.78, 19.78, 19.78, 228]
['2019-03-27 10:22:00', 19.74, 19.74, 19.74, 19.74, 503]
['2019-03-27 10:17:00', 19.69, 19.7, 19.69, 19.7, 200]
['2019-03-27 10:16:00', 19.73, 19.7, 19.7, 19.73, 632]
['2019-03-27 10:14:00', 19.73, 19.72, 19.72, 19.73, 300]
['2019-03-27 10:13:00', 19.7, 19.73, 19.7, 19.73, 509]
['2019-03-27 10:10:00', 19.69, 19.69, 19.69, 19.69, 391]
['2019-03-27 10:09:00', 19.715, 19.69, 19.69, 19.715, 400]
['2019-03-27 10:08:00', 19.67, 19.69, 19.67, 19.7, 740]
['2019-03-27 10:06:00', 19.665, 19.665, 19.665, 19.665, 100]
['2019-03-27 10:02:00', 19.65, 19.65, 19.65, 19.65, 211]
['2019-03-27 10:01:00', 19.63, 19.63, 19.63, 19.63, 100]
['2019-03-27 10:00:00', 19.64, 19.63, 19.63, 19.64, 413]
['2019-03-27 09:58:00', 19.64, 19.6, 19.6, 19.64, 1216]
['2019-03-27 09:54:00', 19.65, 19.65, 19.65, 19.65, 200]
['2019-03-27 09:52:00', 19.66, 19.69, 19.66, 19.69, 505]
['2019-03-27 09:50:00', 19.65, 19.65, 19.65, 19.65, 100]
['2019-03-27 09:49:00', 19.61, 19.58, 19.58, 19.61, 250]
['2019-03-27 09:48:00', 19.67, 19.67, 19.67, 19.67, 130]
['2019-03-27 09:47:00', 19.68, 19.68, 19.68, 19.68, 100]
['2019-03-27 09:46:00', 19.84, 19.84, 19.84, 19.84, 100]
['2019-03-27 09:42:00', 19.79, 19.77, 19.77, 19.79, 1324]
['2019-03-27 09:40:00', 19.83, 19.78, 19.78, 19.83, 799]
['2019-03-27 09:37:00', 19.8597, 19.8597, 19.8597, 19.8597, 212]
['2019-03-27 09:36:00', 19.9189, 19.9189, 19.9189, 19.9189, 243]
['2019-03-27 09:32:00', 20.22, 20.22, 20.22, 20.22, 105]
['2019-03-27 09:31:00', 19.85, 19.85, 19.85, 19.85, 2062]
['2019-03-26 16:00:00', 19.8, 19.81, 19.79, 19.81, 14122]
['2019-03-26 15:59:00', 19.8, 19.8, 19.79, 19.8, 9482]
['2019-03-26 15:58:00', 19.805, 19.805, 19.805, 19.805, 2391]
['2019-03-26 15:57:00', 19.81, 19.805, 19.8, 19.81, 5104]
['2019-03-26 15:56:00', 19.8, 19.805, 19.8, 19.805, 4648]
['2019-03-26 15:55:00', 19.82, 19.81, 19.81, 19.82, 1939]
['2019-03-26 15:54:00', 19.82, 19.82, 19.82, 19.82, 1106]
['2019-03-26 15:53:00', 19.83, 19.83, 19.83, 19.83, 1444]
['2019-03-26 15:52:00', 19.83, 19.83, 19.83, 19.83, 413]
['2019-03-26 15:51:00', 19.82, 19.82, 19.82, 19.82, 408]
['2019-03-26 15:50:00', 19.83, 19.83, 19.83, 19.83, 449]
['2019-03-26 15:49:00', 19.8201, 19.8201, 19.8201, 19.8201, 410]
['2019-03-26 15:48:00', 19.84, 19.84, 19.84, 19.84, 590]
['2019-03-26 15:47:00', 19.825, 19.825, 19.825, 19.825, 405]
['2019-03-26 15:46:00', 19.83, 19.83, 19.83, 19.83, 417]
['2019-03-26 15:45:00', 19.84, 19.84, 19.84, 19.84, 517]
['2019-03-26 15:44:00', 19.83, 19.83, 19.83, 19.83, 1322]
['2019-03-26 15:43:00', 19.82, 19.82, 19.82, 19.82, 105]
['2019-03-26 15:41:00', 19.83, 19.825, 19.825, 19.83, 516]
['2019-03-26 15:39:00', 19.82, 19.82, 19.82, 19.82, 746]
['2019-03-26 15:37:00', 19.82, 19.82, 19.82, 19.82, 496]
['2019-03-26 15:36:00', 19.83, 19.83, 19.83, 19.83, 645]
['2019-03-26 15:34:00', 19.83, 19.83, 19.83, 19.83, 324]
['2019-03-26 15:33:00', 19.82, 19.82, 19.82, 19.82, 561]
['2019-03-26 15:32:00', 19.81, 19.82, 19.81, 19.82, 1225]
['2019-03-26 15:29:00', 19.82, 19.81, 19.81, 19.82, 713]
['2019-03-26 15:28:00', 19.82, 19.82, 19.82, 19.82, 459]
['2019-03-26 15:26:00', 19.82, 19.82, 19.82, 19.82, 619]
['2019-03-26 15:25:00', 19.83, 19.83, 19.83, 19.83, 475]
['2019-03-26 15:24:00', 19.83, 19.83, 19.83, 19.83, 820]
['2019-03-26 15:23:00', 19.82, 19.82, 19.82, 19.82, 407]
['2019-03-26 15:20:00', 19.84, 19.83, 19.83, 19.84, 939]
['2019-03-26 15:19:00', 19.86, 19.86, 19.86, 19.86, 400]
['2019-03-26 15:18:00', 19.86, 19.86, 19.86, 19.86, 305]
['2019-03-26 15:16:00', 19.86, 19.86, 19.86, 19.86, 191]
['2019-03-26 15:14:00', 19.85, 19.85, 19.85, 19.85, 1408]
['2019-03-26 15:13:00', 19.88, 19.88, 19.88, 19.88, 300]
['2019-03-26 15:11:00', 19.875, 19.875, 19.875, 19.875, 454]
['2019-03-26 15:10:00', 19.875, 19.875, 19.875, 19.875, 107]
['2019-03-26 15:09:00', 19.88, 19.88, 19.88, 19.88, 559]
['2019-03-26 15:07:00', 19.89, 19.89, 19.89, 19.89, 1498]
['2019-03-26 15:05:00', 19.9, 19.9, 19.9, 19.9, 305]
['2019-03-26 15:03:00', 19.89, 19.89, 19.89, 19.89, 423]
['2019-03-26 15:01:00', 19.84, 19.84, 19.84, 19.84, 267]
['2019-03-26 15:00:00', 19.83, 19.83, 19.83, 19.83, 1000]
['2019-03-26 14:58:00', 19.81, 19.83, 19.81, 19.83, 1978]
['2019-03-26 14:57:00', 19.81, 19.81, 19.81, 19.81, 175]
['2019-03-26 14:55:00', 19.8, 19.8, 19.8, 19.8, 452]
['2019-03-26 14:54:00', 19.82, 19.82, 19.82, 19.82, 797]
['2019-03-26 14:52:00', 19.83, 19.83, 19.83, 19.83, 400]
['2019-03-26 14:47:00', 19.82, 19.82, 19.82, 19.82, 100]
['2019-03-26 14:45:00', 19.83, 19.83, 19.83, 19.83, 742]
['2019-03-26 14:42:00', 19.82, 19.82, 19.82, 19.82, 878]
['2019-03-26 14:40:00', 19.8, 19.8, 19.8, 19.8, 123]
['2019-03-26 14:38:00', 19.8, 19.8, 19.8, 19.8, 2177]
['2019-03-26 14:37:00', 19.79, 19.79, 19.79, 19.79, 430]
['2019-03-26 14:35:00', 19.79, 19.79, 19.79, 19.79, 479]
['2019-03-26 14:34:00', 19.78, 19.77, 19.77, 19.78, 1141]
['2019-03-26 14:33:00', 19.79, 19.79, 19.79, 19.79, 700]
['2019-03-26 14:31:00', 19.845, 19.83, 19.83, 19.845, 786]
['2019-03-26 14:27:00', 19.849, 19.849, 19.849, 19.849, 1221]
['2019-03-26 14:25:00', 19.85, 19.85, 19.85, 19.85, 258]
['2019-03-26 14:24:00', 19.855, 19.855, 19.855, 19.855, 309]
['2019-03-26 14:22:00', 19.85, 19.85, 19.85, 19.85, 812]
['2019-03-26 14:20:00', 19.86, 19.85, 19.85, 19.86, 1053]
['2019-03-26 14:18:00', 19.86, 19.86, 19.86, 19.86, 254]
['2019-03-26 14:15:00', 19.85, 19.85, 19.85, 19.85, 1687]
['2019-03-26 14:13:00', 19.86, 19.85, 19.85, 19.86, 627]
['2019-03-26 14:10:00', 19.88, 19.88, 19.88, 19.88, 775]
['2019-03-26 14:08:00', 19.89, 19.88, 19.88, 19.89, 531]
['2019-03-26 14:07:00', 19.89, 19.89, 19.89, 19.89, 541]
['2019-03-26 14:05:00', 19.87, 19.87, 19.87, 19.87, 128]
['2019-03-26 14:02:00', 19.86, 19.86, 19.86, 19.86, 233]
['2019-03-26 14:01:00', 19.87, 19.87, 19.87, 19.87, 305]
['2019-03-26 13:59:00', 19.87, 19.87, 19.87, 19.87, 120]
['2019-03-26 13:56:00', 19.87, 19.87, 19.87, 19.87, 100]
['2019-03-26 13:55:00', 19.88, 19.88, 19.88, 19.88, 272]
['2019-03-26 13:53:00', 19.89, 19.89, 19.89, 19.89, 516]
['2019-03-26 13:52:00', 19.91, 19.91, 19.91, 19.91, 496]
['2019-03-26 13:51:00', 19.93, 19.93, 19.93, 19.93, 399]
['2019-03-26 13:49:00', 19.91, 19.91, 19.91, 19.91, 500]
['2019-03-26 13:44:00', 19.91, 19.91, 19.91, 19.91, 200]
['2019-03-26 13:41:00', 19.92, 19.92, 19.92, 19.92, 910]
['2019-03-26 13:37:00', 19.9, 19.9, 19.9, 19.9, 740]
['2019-03-26 13:35:00', 19.91, 19.91, 19.91, 19.91, 639]
['2019-03-26 13:31:00', 19.94, 19.94, 19.94, 19.94, 385]
['2019-03-26 13:29:00', 19.98, 19.95, 19.95, 19.98, 1608]
['2019-03-26 13:28:00', 19.98, 19.98, 19.98, 19.98, 500]
['2019-03-26 13:27:00', 20.0, 20.0, 20.0, 20.0, 611]
['2019-03-26 13:21:00', 20.03, 20.03, 20.03, 20.03, 100]
['2019-03-26 13:16:00', 20.01, 20.01, 20.01, 20.01, 506]
['2019-03-26 13:15:00', 20.02, 20.02, 20.02, 20.02, 279]
['2019-03-26 13:14:00', 20.02, 20.02, 20.02, 20.02, 105]
['2019-03-26 13:11:00', 20.02, 20.02, 20.02, 20.02, 430]
['2019-03-26 13:08:00', 20.01, 19.98, 19.98, 20.01, 611]
['2019-03-26 13:06:00', 20.0, 20.0, 20.0, 20.0, 341]
['2019-03-26 13:05:00', 20.04, 20.04, 20.04, 20.04, 562]
['2019-03-26 13:04:00', 20.04, 20.04, 20.04, 20.04, 494]
['2019-03-26 13:02:00', 20.03, 20.03, 20.03, 20.03, 707]
['2019-03-26 12:59:00', 20.07, 20.07, 20.07, 20.07, 310]
['2019-03-26 12:58:00', 20.09, 20.09, 20.09, 20.09, 100]
['2019-03-26 12:56:00', 20.11, 20.11, 20.11, 20.11, 150]
['2019-03-26 12:54:00', 20.0801, 20.0801, 20.0801, 20.0801, 930]
['2019-03-26 12:51:00', 20.0836, 20.0836, 20.0836, 20.0836, 1000]
['2019-03-26 12:49:00', 20.07, 20.07, 20.07, 20.07, 107]
['2019-03-26 12:44:00', 20.1, 20.1, 20.1, 20.1, 1514]
['2019-03-26 12:43:00', 20.14, 20.11, 20.11, 20.14, 937]
['2019-03-26 12:37:00', 20.16, 20.16, 20.16, 20.16, 117]
['2019-03-26 12:34:00', 20.15, 20.16, 20.15, 20.16, 698]
['2019-03-26 12:32:00', 20.14, 20.14, 20.14, 20.14, 500]
['2019-03-26 12:26:00', 20.1, 20.1, 20.1, 20.1, 540]
['2019-03-26 12:25:00', 20.1, 20.1, 20.1, 20.1, 502]
['2019-03-26 12:18:00', 20.21, 20.21, 20.21, 20.21, 524]
['2019-03-26 12:15:00', 20.195, 20.195, 20.195, 20.195, 215]
['2019-03-26 12:12:00', 20.27, 20.24, 20.24, 20.27, 1041]
['2019-03-26 12:10:00', 20.235, 20.235, 20.235, 20.235, 565]
['2019-03-26 12:09:00', 20.22, 20.22, 20.22, 20.22, 585]
['2019-03-26 12:08:00', 20.22, 20.21, 20.21, 20.22, 1483]
['2019-03-26 12:07:00', 20.215, 20.215, 20.215, 20.215, 400]
['2019-03-26 12:05:00', 20.215, 20.215, 20.215, 20.215, 200]
['2019-03-26 12:04:00', 20.215, 20.215, 20.215, 20.215, 995]
['2019-03-26 12:03:00', 20.195, 20.195, 20.195, 20.195, 400]
['2019-03-26 12:02:00', 20.21, 20.21, 20.21, 20.21, 300]
['2019-03-26 12:00:00', 20.21, 20.21, 20.21, 20.21, 500]
['2019-03-26 11:59:00', 20.1925, 20.1925, 20.1925, 20.1925, 400]
['2019-03-26 11:57:00', 20.185, 20.185, 20.185, 20.185, 500]
['2019-03-26 11:56:00', 20.195, 20.195, 20.195, 20.195, 400]
['2019-03-26 11:55:00', 20.16, 20.16, 20.16, 20.16, 820]
['2019-03-26 11:53:00', 20.185, 20.185, 20.185, 20.185, 100]
['2019-03-26 11:52:00', 20.17, 20.17, 20.17, 20.17, 700]
['2019-03-26 11:51:00', 20.265, 20.265, 20.265, 20.265, 300]
['2019-03-26 11:50:00', 20.265, 20.265, 20.265, 20.265, 900]
['2019-03-26 11:48:00', 20.29, 20.29, 20.29, 20.29, 623]
['2019-03-26 11:47:00', 20.37, 20.37, 20.37, 20.37, 315]
['2019-03-26 11:45:00', 20.38, 20.38, 20.38, 20.38, 305]
['2019-03-26 11:42:00', 20.37, 20.37, 20.37, 20.37, 200]
['2019-03-26 11:39:00', 20.38, 20.38, 20.38, 20.38, 300]
['2019-03-26 11:35:00', 20.33, 20.35, 20.33, 20.35, 685]
['2019-03-26 11:34:00', 20.33, 20.33, 20.33, 20.33, 302]
['2019-03-26 11:33:00', 20.3, 20.3, 20.3, 20.3, 619]
['2019-03-26 11:32:00', 20.34, 20.34, 20.34, 20.34, 300]
['2019-03-26 11:31:00', 20.36, 20.36, 20.36, 20.36, 299]
['2019-03-26 11:30:00', 20.34, 20.34, 20.34, 20.34, 430]
['2019-03-26 11:28:00', 20.36, 20.36, 20.36, 20.36, 300]
['2019-03-26 11:27:00', 20.36, 20.36, 20.36, 20.36, 402]
['2019-03-26 11:26:00', 20.34, 20.34, 20.34, 20.34, 3300]
['2019-03-26 11:25:00', 20.375, 20.375, 20.375, 20.375, 600]
['2019-03-26 11:24:00', 20.39, 20.39, 20.39, 20.39, 773]
['2019-03-26 11:23:00', 20.405, 20.405, 20.405, 20.405, 700]
['2019-03-26 11:22:00', 20.41, 20.41, 20.41, 20.41, 172]
['2019-03-26 11:20:00', 20.41, 20.41, 20.41, 20.41, 1262]
['2019-03-26 11:19:00', 20.46, 20.46, 20.46, 20.46, 785]
['2019-03-26 11:18:00', 20.42, 20.42, 20.42, 20.42, 500]
['2019-03-26 11:17:00', 20.42, 20.42, 20.42, 20.42, 719]
['2019-03-26 11:15:00', 20.425, 20.425, 20.425, 20.425, 700]
['2019-03-26 11:14:00', 20.43, 20.43, 20.43, 20.43, 500]
['2019-03-26 11:13:00', 20.46, 20.46, 20.46, 20.46, 500]
['2019-03-26 11:11:00', 20.43, 20.43, 20.43, 20.43, 1111]
['2019-03-26 11:10:00', 20.46, 20.46, 20.46, 20.46, 324]
['2019-03-26 11:08:00', 20.46, 20.46, 20.46, 20.46, 422]
['2019-03-26 11:07:00', 20.45, 20.45, 20.45, 20.45, 330]
['2019-03-26 11:06:00', 20.5, 20.5, 20.5, 20.5, 105]
['2019-03-26 11:05:00', 20.475, 20.475, 20.475, 20.475, 300]
['2019-03-26 11:03:00', 20.49, 20.49, 20.49, 20.49, 100]
['2019-03-26 11:01:00', 20.475, 20.475, 20.475, 20.475, 669]
['2019-03-26 10:59:00', 20.485, 20.485, 20.485, 20.485, 237]
['2019-03-26 10:58:00', 20.535, 20.535, 20.535, 20.535, 305]
['2019-03-26 10:55:00', 20.58, 20.545, 20.545, 20.58, 400]
['2019-03-26 10:52:00', 20.54, 20.54, 20.54, 20.54, 405]
['2019-03-26 10:51:00', 20.48, 20.48, 20.48, 20.48, 2701]
['2019-03-26 10:50:00', 20.46, 20.46, 20.46, 20.46, 748]
['2019-03-26 10:49:00', 20.435, 20.435, 20.435, 20.435, 600]
['2019-03-26 10:48:00', 20.4, 20.4, 20.4, 20.4, 410]
['2019-03-26 10:47:00', 20.43, 20.43, 20.43, 20.43, 629]
['2019-03-26 10:46:00', 20.42, 20.42, 20.42, 20.42, 694]
['2019-03-26 10:45:00', 20.345, 20.345, 20.345, 20.345, 500]
['2019-03-26 10:43:00', 20.37, 20.37, 20.37, 20.37, 605]
['2019-03-26 10:42:00', 20.31, 20.31, 20.31, 20.31, 800]
['2019-03-26 10:40:00', 20.28, 20.28, 20.28, 20.28, 600]
['2019-03-26 10:39:00', 20.28, 20.28, 20.28, 20.28, 100]
['2019-03-26 10:36:00', 20.24, 20.24, 20.24, 20.24, 705]
['2019-03-26 10:34:00', 20.244, 20.244, 20.244, 20.244, 367]
['2019-03-26 10:11:00', 20.33, 20.33, 20.33, 20.33, 460]
['2019-03-26 10:08:00', 20.38, 20.38, 20.38, 20.38, 180]
['2019-03-26 10:07:00', 20.41, 20.41, 20.41, 20.41, 200]
['2019-03-26 10:06:00', 20.42, 20.42, 20.42, 20.42, 851]
['2019-03-26 10:03:00', 20.4, 20.4, 20.4, 20.4, 200]
['2019-03-26 10:02:00', 20.4, 20.4, 20.4, 20.4, 654]
['2019-03-26 10:00:00', 20.36, 20.36, 20.36, 20.36, 308]
['2019-03-26 09:59:00', 20.39, 20.39, 20.39, 20.39, 380]
['2019-03-26 09:52:00', 20.46, 20.37, 20.37, 20.46, 1122]
['2019-03-26 09:48:00', 20.4613, 20.4613, 20.4613, 20.4613, 605]
['2019-03-26 09:47:00', 20.54, 20.54, 20.54, 20.54, 122]
['2019-03-26 09:31:00', 20.34, 20.34, 20.34, 20.34, 3994]
['2019-03-25 16:00:00', 20.14, 20.14, 20.14, 20.14, 3940]
['2019-03-25 15:59:00', 20.15, 20.15, 20.15, 20.15, 2841]
['2019-03-25 15:58:00', 20.15, 20.16, 20.15, 20.16, 1950]
['2019-03-25 15:57:00', 20.145, 20.15, 20.145, 20.15, 1637]
['2019-03-25 15:56:00', 20.14, 20.14, 20.14, 20.14, 1342]
['2019-03-25 15:54:00', 20.18, 20.18, 20.18, 20.18, 1356]
['2019-03-25 15:53:00', 20.18, 20.18, 20.18, 20.18, 393]
['2019-03-25 15:52:00', 20.2, 20.2, 20.2, 20.2, 969]
['2019-03-25 15:51:00', 20.18, 20.18, 20.18, 20.18, 1004]
['2019-03-25 15:50:00', 20.17, 20.17, 20.17, 20.17, 338]
['2019-03-25 15:49:00', 20.18, 20.18, 20.18, 20.18, 366]
['2019-03-25 15:48:00', 20.23, 20.23, 20.23, 20.23, 1051]
['2019-03-25 15:47:00', 20.23, 20.23, 20.23, 20.23, 627]
['2019-03-25 15:46:00', 20.25, 20.25, 20.25, 20.25, 348]
['2019-03-25 15:45:00', 20.22, 20.22, 20.22, 20.22, 413]
['2019-03-25 15:44:00', 20.21, 20.21, 20.21, 20.21, 700]
['2019-03-25 15:43:00', 20.21, 20.21, 20.21, 20.21, 100]
['2019-03-25 15:42:00', 20.21, 20.21, 20.21, 20.21, 586]
['2019-03-25 15:39:00', 20.22, 20.22, 20.22, 20.22, 662]
['2019-03-25 15:37:00', 20.23, 20.23, 20.23, 20.23, 1566]
['2019-03-25 15:35:00', 20.24, 20.24, 20.24, 20.24, 441]
['2019-03-25 15:34:00', 20.26, 20.26, 20.26, 20.26, 387]
['2019-03-25 15:33:00', 20.27, 20.27, 20.27, 20.27, 300]
['2019-03-25 15:32:00', 20.255, 20.255, 20.255, 20.255, 411]
['2019-03-25 15:31:00', 20.27, 20.27, 20.27, 20.27, 989]
['2019-03-25 15:30:00', 20.26, 20.26, 20.26, 20.26, 839]
['2019-03-25 15:28:00', 20.31, 20.305, 20.305, 20.31, 675]
['2019-03-25 15:26:00', 20.28, 20.28, 20.28, 20.28, 346]
['2019-03-25 15:24:00', 20.29, 20.29, 20.29, 20.29, 516]
['2019-03-25 15:23:00', 20.27, 20.27, 20.27, 20.27, 617]
['2019-03-25 15:22:00', 20.255, 20.255, 20.255, 20.255, 609]
['2019-03-25 15:21:00', 20.23, 20.23, 20.23, 20.23, 303]
['2019-03-25 15:19:00', 20.26, 20.26, 20.26, 20.26, 511]
['2019-03-25 15:15:00', 20.27, 20.27, 20.27, 20.27, 117]
['2019-03-25 15:11:00', 20.23, 20.23, 20.23, 20.23, 409]
['2019-03-25 15:09:00', 20.24, 20.24, 20.24, 20.24, 421]
['2019-03-25 15:06:00', 20.2, 20.21, 20.2, 20.21, 525]
['2019-03-25 15:04:00', 20.23, 20.19, 20.19, 20.23, 5174]
['2019-03-25 15:02:00', 20.23, 20.25, 20.23, 20.25, 590]
['2019-03-25 15:01:00', 20.23, 20.23, 20.23, 20.23, 644]
['2019-03-25 15:00:00', 20.18, 20.18, 20.18, 20.18, 502]
['2019-03-25 14:59:00', 20.2, 20.2, 20.2, 20.2, 772]
['2019-03-25 14:57:00', 20.2, 20.2, 20.2, 20.2, 585]
['2019-03-25 14:56:00', 20.19, 20.19, 20.19, 20.19, 401]
['2019-03-25 14:53:00', 20.18, 20.18, 20.18, 20.18, 101]
['2019-03-25 14:52:00', 20.16, 20.16, 20.16, 20.16, 274]
['2019-03-25 14:51:00', 20.19, 20.19, 20.19, 20.19, 308]
['2019-03-25 14:49:00', 20.18, 20.18, 20.18, 20.18, 252]
['2019-03-25 14:48:00', 20.18, 20.18, 20.18, 20.18, 312]
['2019-03-25 14:46:00', 20.15, 20.15, 20.15, 20.15, 772]
['2019-03-25 14:44:00', 20.14, 20.14, 20.14, 20.14, 235]
['2019-03-25 14:43:00', 20.13, 20.13, 20.13, 20.13, 301]
['2019-03-25 14:42:00', 20.14, 20.14, 20.14, 20.14, 111]
['2019-03-25 14:39:00', 20.11, 20.11, 20.11, 20.11, 101]
['2019-03-25 14:34:00', 20.12, 20.115, 20.115, 20.12, 211]
['2019-03-25 14:31:00', 20.07, 20.07, 20.07, 20.07, 126]
['2019-03-25 14:28:00', 20.01, 20.04, 20.01, 20.04, 1186]
['2019-03-25 14:27:00', 20.04, 20.04, 20.04, 20.04, 329]
['2019-03-25 14:19:00', 20.06, 20.06, 20.06, 20.06, 741]
['2019-03-25 14:18:00', 20.07, 20.07, 20.07, 20.07, 489]
['2019-03-25 14:17:00', 20.095, 20.095, 20.095, 20.095, 1290]
['2019-03-25 14:15:00', 20.09, 20.09, 20.09, 20.09, 336]
['2019-03-25 14:13:00', 20.09, 20.09, 20.09, 20.09, 494]
['2019-03-25 14:12:00', 20.08, 20.08, 20.08, 20.08, 318]
['2019-03-25 14:09:00', 20.08, 20.08, 20.08, 20.08, 101]
['2019-03-25 14:08:00', 20.11, 20.11, 20.11, 20.11, 611]
['2019-03-25 14:06:00', 20.1, 20.1, 20.1, 20.1, 769]
['2019-03-25 14:02:00', 20.12, 20.12, 20.12, 20.12, 129]
['2019-03-25 14:01:00', 20.12, 20.12, 20.12, 20.12, 505]
['2019-03-25 13:57:00', 20.1, 20.1, 20.1, 20.1, 222]
['2019-03-25 13:55:00', 20.12, 20.12, 20.12, 20.12, 348]
['2019-03-25 13:52:00', 20.115, 20.115, 20.115, 20.115, 119]
['2019-03-25 13:50:00', 20.1, 20.1, 20.1, 20.1, 419]
['2019-03-25 13:49:00', 20.11, 20.11, 20.11, 20.11, 209]
['2019-03-25 13:47:00', 20.12, 20.12, 20.12, 20.12, 669]
['2019-03-25 13:45:00', 20.13, 20.13, 20.13, 20.13, 512]
['2019-03-25 13:44:00', 20.13, 20.13, 20.13, 20.13, 276]
['2019-03-25 13:39:00', 20.14, 20.14, 20.14, 20.14, 241]
['2019-03-25 13:36:00', 20.15, 20.15, 20.15, 20.15, 222]
['2019-03-25 13:33:00', 20.13, 20.14, 20.13, 20.14, 782]
['2019-03-25 13:31:00', 20.14, 20.14, 20.14, 20.14, 184]
['2019-03-25 13:28:00', 20.14, 20.15, 20.14, 20.15, 945]
['2019-03-25 13:26:00', 20.13, 20.13, 20.13, 20.13, 266]
['2019-03-25 13:24:00', 20.12, 20.12, 20.12, 20.12, 314]
['2019-03-25 13:23:00', 20.11, 20.11, 20.11, 20.11, 380]
['2019-03-25 13:21:00', 20.13, 20.13, 20.13, 20.13, 131]
['2019-03-25 13:18:00', 20.14, 20.14, 20.14, 20.14, 185]
['2019-03-25 13:16:00', 20.18, 20.18, 20.18, 20.18, 829]
['2019-03-25 13:14:00', 20.18, 20.18, 20.18, 20.18, 274]
['2019-03-25 13:11:00', 20.14, 20.14, 20.14, 20.14, 116]
['2019-03-25 13:08:00', 20.125, 20.125, 20.125, 20.125, 154]
['2019-03-25 13:07:00', 20.14, 20.14, 20.14, 20.14, 571]
['2019-03-25 13:05:00', 20.1, 20.1, 20.1, 20.1, 335]
['2019-03-25 13:04:00', 20.09, 20.09, 20.09, 20.09, 240]
['2019-03-25 13:03:00', 20.11, 20.11, 20.11, 20.11, 239]
['2019-03-25 13:02:00', 20.12, 20.12, 20.12, 20.12, 337]
['2019-03-25 13:01:00', 20.13, 20.13, 20.13, 20.13, 483]
['2019-03-25 12:55:00', 20.085, 20.085, 20.085, 20.085, 577]
['2019-03-25 12:51:00', 20.06, 20.06, 20.06, 20.06, 440]
['2019-03-25 12:47:00', 20.07, 20.07, 20.07, 20.07, 612]
['2019-03-25 12:42:00', 20.06, 20.06, 20.06, 20.06, 292]
['2019-03-25 12:37:00', 20.08, 20.08, 20.08, 20.08, 743]
['2019-03-25 12:36:00', 20.08, 20.08, 20.08, 20.08, 1293]
['2019-03-25 12:33:00', 20.12, 20.12, 20.12, 20.12, 342]
['2019-03-25 12:25:00', 20.185, 20.185, 20.185, 20.185, 707]
['2019-03-25 12:21:00', 20.17, 20.17, 20.17, 20.17, 116]
['2019-03-25 12:13:00', 20.16, 20.16, 20.16, 20.16, 143]
['2019-03-25 12:12:00', 20.18, 20.18, 20.18, 20.18, 677]
['2019-03-25 12:11:00', 20.16, 20.16, 20.16, 20.16, 814]
['2019-03-25 12:10:00', 20.1738, 20.1738, 20.1738, 20.1738, 1087]
['2019-03-25 12:08:00', 20.18, 20.18, 20.18, 20.18, 487]
['2019-03-25 12:07:00', 20.17, 20.17, 20.17, 20.17, 606]
['2019-03-25 12:06:00', 20.17, 20.17, 20.17, 20.17, 712]
['2019-03-25 12:05:00', 20.15, 20.15, 20.15, 20.15, 345]
['2019-03-25 12:02:00', 20.12, 20.12, 20.12, 20.12, 459]
['2019-03-25 12:00:00', 20.11, 20.11, 20.11, 20.11, 298]
['2019-03-25 11:54:00', 20.12, 20.12, 20.12, 20.12, 554]
['2019-03-25 11:53:00', 20.14, 20.14, 20.14, 20.14, 311]
['2019-03-25 11:49:00', 20.12, 20.12, 20.12, 20.12, 776]
['2019-03-25 11:46:00', 20.14, 20.14, 20.14, 20.14, 241]
['2019-03-25 11:44:00', 20.15, 20.15, 20.15, 20.15, 311]
['2019-03-25 11:42:00', 20.14, 20.14, 20.14, 20.14, 436]
['2019-03-25 11:40:00', 20.19, 20.19, 20.19, 20.19, 413]
['2019-03-25 11:34:00', 20.26, 20.26, 20.26, 20.26, 977]
['2019-03-25 11:33:00', 20.29, 20.29, 20.29, 20.29, 400]
['2019-03-25 11:32:00', 20.26, 20.26, 20.26, 20.26, 633]
['2019-03-25 11:29:00', 20.32, 20.32, 20.32, 20.32, 434]
['2019-03-25 11:27:00', 20.3, 20.3, 20.3, 20.3, 279]
['2019-03-25 11:25:00', 20.25, 20.25, 20.25, 20.25, 300]
['2019-03-25 11:24:00', 20.225, 20.25, 20.225, 20.25, 1573]
['2019-03-25 11:21:00', 20.25, 20.25, 20.25, 20.25, 542]
['2019-03-25 11:18:00', 20.185, 20.205, 20.185, 20.205, 801]
['2019-03-25 11:17:00', 20.18, 20.18, 20.18, 20.18, 657]
['2019-03-25 11:16:00', 20.19, 20.19, 20.19, 20.19, 718]
['2019-03-25 11:15:00', 20.165, 20.165, 20.165, 20.165, 750]
['2019-03-25 11:13:00', 20.12, 20.12, 20.12, 20.12, 685]
['2019-03-25 11:12:00', 20.14, 20.14, 20.14, 20.14, 1450]
['2019-03-25 11:11:00', 20.2, 20.2, 20.2, 20.2, 9100]
['2019-03-25 11:09:00', 20.16, 20.16, 20.16, 20.16, 1106]
['2019-03-25 11:04:00', 20.09, 20.09, 20.09, 20.09, 410]
['2019-03-25 11:02:00', 20.1, 20.1, 20.1, 20.1, 7626]
['2019-03-25 11:01:00', 20.06, 20.06, 20.06, 20.06, 1110]
['2019-03-25 10:59:00', 20.095, 20.095, 20.095, 20.095, 200]
['2019-03-25 10:57:00', 20.1, 20.1, 20.1, 20.1, 301]
['2019-03-25 10:56:00', 20.06, 20.06, 20.06, 20.06, 527]
['2019-03-25 10:55:00', 20.08, 20.08, 20.08, 20.08, 1448]
['2019-03-25 10:53:00', 20.13, 20.13, 20.13, 20.13, 113]
['2019-03-25 10:51:00', 20.06, 20.06, 20.06, 20.06, 975]
['2019-03-25 10:50:00', 20.01, 20.01, 20.01, 20.01, 275]
['2019-03-25 10:48:00', 19.99, 19.99, 19.99, 19.99, 201]
['2019-03-25 10:43:00', 20.01, 20.01, 20.01, 20.01, 402]
['2019-03-25 10:41:00', 19.96, 19.96, 19.96, 19.96, 300]
['2019-03-25 10:40:00', 19.95, 19.95, 19.95, 19.95, 711]
['2019-03-25 10:39:00', 19.93, 19.93, 19.93, 19.93, 1112]
['2019-03-25 10:37:00', 19.95, 19.95, 19.95, 19.95, 691]
['2019-03-25 10:36:00', 19.9275, 19.9275, 19.9275, 19.9275, 414]
['2019-03-25 10:35:00', 20.02, 20.02, 20.02, 20.02, 300]
['2019-03-25 10:33:00', 20.025, 20.025, 20.025, 20.025, 196]
['2019-03-25 10:31:00', 20.0, 20.0, 20.0, 20.0, 103]
['2019-03-25 10:29:00', 19.995, 19.995, 19.995, 19.995, 300]
['2019-03-25 10:27:00', 19.92, 19.92, 19.92, 19.92, 400]
['2019-03-25 10:26:00', 19.91, 19.91, 19.91, 19.91, 231]
['2019-03-25 10:24:00', 19.88, 19.88, 19.88, 19.88, 1303]
['2019-03-25 10:21:00', 19.87, 19.89, 19.87, 19.89, 1317]
['2019-03-25 10:20:00', 19.89, 19.89, 19.89, 19.89, 344]
['2019-03-25 10:18:00', 19.88, 19.92, 19.88, 19.92, 630]
['2019-03-25 10:16:00', 19.87, 19.87, 19.87, 19.87, 1000]
['2019-03-25 10:14:00', 19.79, 19.79, 19.79, 19.79, 202]
['2019-03-25 10:13:00', 19.8, 19.8, 19.8, 19.8, 672]
['2019-03-25 10:11:00', 19.79, 19.815, 19.79, 19.815, 1607]
['2019-03-25 10:09:00', 19.81, 19.81, 19.81, 19.81, 1354]
['2019-03-25 10:08:00', 19.825, 19.8, 19.8, 19.825, 4220]
['2019-03-25 10:06:00', 19.825, 19.825, 19.825, 19.825, 119]
['2019-03-25 10:05:00', 19.825, 19.825, 19.825, 19.825, 940]
['2019-03-25 10:03:00', 19.87, 19.87, 19.87, 19.87, 700]
['2019-03-25 10:01:00', 19.92, 19.92, 19.92, 19.92, 206]
['2019-03-25 10:00:00', 19.94, 19.95, 19.94, 19.95, 2673]
['2019-03-25 09:57:00', 20.0, 20.0, 20.0, 20.0, 238]
['2019-03-25 09:55:00', 20.0, 20.0, 20.0, 20.0, 401]
['2019-03-25 09:53:00', 19.9411, 19.9411, 19.9411, 19.9411, 1586]
['2019-03-25 09:51:00', 19.96, 19.96, 19.96, 19.96, 102]
['2019-03-25 09:50:00', 19.91, 19.91, 19.91, 19.91, 525]
['2019-03-25 09:49:00', 19.87, 19.87, 19.87, 19.87, 316]
['2019-03-25 09:47:00', 19.9575, 19.9575, 19.9575, 19.9575, 600]
['2019-03-25 09:46:00', 20.11, 20.11, 20.11, 20.11, 100]
['2019-03-25 09:44:00', 20.13, 20.13, 20.13, 20.13, 1113]
['2019-03-25 09:43:00', 20.09, 20.09, 20.09, 20.09, 764]
['2019-03-25 09:42:00', 20.1, 20.1, 20.1, 20.1, 300]
['2019-03-25 09:37:00', 19.99, 20.02, 19.99, 20.02, 1832]
['2019-03-25 09:36:00', 19.92, 19.92, 19.92, 19.92, 1149]
['2019-03-25 09:35:00', 19.87, 19.87, 19.87, 19.87, 237]
['2019-03-25 09:34:00', 19.7705, 19.7705, 19.7705, 19.7705, 2300]
['2019-03-25 09:31:00', 19.94, 19.94, 19.94, 19.94, 0]
