AIPT
['2019-03-29 15:57:00', 0.75, 0.75, 0.75, 0.75, 146]
['2019-03-29 15:55:00', 0.75, 0.7624, 0.75, 0.7624, 300]
['2019-03-29 15:54:00', 0.75, 0.75, 0.75, 0.75, 100]
['2019-03-29 15:53:00', 0.7706, 0.75, 0.75, 0.7706, 5576]
['2019-03-29 15:51:00', 0.77, 0.77, 0.77, 0.77, 4646]
['2019-03-29 15:50:00', 0.77, 0.77, 0.77, 0.7786, 4044]
['2019-03-29 15:49:00', 0.7807, 0.7805, 0.77, 0.7807, 7537]
['2019-03-29 15:44:00', 0.7851, 0.7851, 0.7851, 0.7851, 500]
['2019-03-29 15:42:00', 0.7881, 0.7806, 0.7806, 0.7881, 2200]
['2019-03-29 15:29:00', 0.7812, 0.781, 0.781, 0.7812, 200]
['2019-03-29 15:25:00', 0.7811, 0.7811, 0.7811, 0.7811, 1884]
['2019-03-29 15:21:00', 0.7875, 0.7875, 0.7875, 0.7875, 100]
['2019-03-29 15:15:00', 0.7844, 0.7844, 0.7844, 0.7844, 250]
['2019-03-29 15:07:00', 0.786, 0.786, 0.786, 0.786, 1000]
['2019-03-29 15:04:00', 0.7804, 0.7802, 0.7802, 0.7804, 200]
['2019-03-29 15:03:00', 0.7805, 0.7805, 0.7805, 0.7805, 100]
['2019-03-29 15:02:00', 0.79, 0.79, 0.79, 0.79, 110]
['2019-03-29 15:01:00', 0.789, 0.7806, 0.7806, 0.789, 1480]
['2019-03-29 15:00:00', 0.7805, 0.7805, 0.7805, 0.7805, 100]
['2019-03-29 14:57:00', 0.7805, 0.7805, 0.7805, 0.7805, 100]
['2019-03-29 14:56:00', 0.7805, 0.7805, 0.7805, 0.7805, 200]
['2019-03-29 14:52:00', 0.7805, 0.7805, 0.7805, 0.7805, 200]
['2019-03-29 14:48:00', 0.7805, 0.7805, 0.7805, 0.7805, 200]
['2019-03-29 14:45:00', 0.7803, 0.7803, 0.7803, 0.7803, 200]
['2019-03-29 14:41:00', 0.7803, 0.7803, 0.7803, 0.7803, 200]
['2019-03-29 14:37:00', 0.7803, 0.7803, 0.7803, 0.7803, 400]
['2019-03-29 14:33:00', 0.7803, 0.7803, 0.7803, 0.7803, 200]
['2019-03-29 14:29:00', 0.7803, 0.7803, 0.7803, 0.7803, 200]
['2019-03-29 14:26:00', 0.7803, 0.7803, 0.7803, 0.7803, 200]
['2019-03-29 14:24:00', 0.786, 0.786, 0.786, 0.786, 200]
['2019-03-29 14:22:00', 0.7801, 0.7801, 0.7801, 0.7801, 200]
['2019-03-29 14:20:00', 0.7801, 0.7801, 0.7801, 0.7801, 200]
['2019-03-29 14:17:00', 0.7801, 0.7801, 0.7801, 0.7801, 200]
['2019-03-29 14:13:00', 0.7801, 0.7801, 0.7801, 0.7801, 200]
['2019-03-29 14:09:00', 0.7801, 0.7801, 0.7801, 0.7801, 200]
['2019-03-29 14:05:00', 0.78, 0.78, 0.78, 0.78, 200]
['2019-03-29 14:01:00', 0.78, 0.78, 0.78, 0.78, 200]
['2019-03-29 13:57:00', 0.79, 0.78, 0.78, 0.79, 5500]
['2019-03-29 13:53:00', 0.7803, 0.7803, 0.7803, 0.7803, 200]
['2019-03-29 13:48:00', 0.78, 0.78, 0.78, 0.78, 200]
['2019-03-29 13:44:00', 0.7801, 0.7801, 0.7801, 0.7801, 200]
['2019-03-29 13:39:00', 0.7801, 0.7801, 0.7801, 0.7801, 200]
['2019-03-29 13:36:00', 0.78, 0.78, 0.78, 0.78, 100]
['2019-03-29 13:34:00', 0.78, 0.78, 0.78, 0.78, 200]
['2019-03-29 13:30:00', 0.78, 0.78, 0.78, 0.78, 200]
['2019-03-29 13:28:00', 0.78, 0.78, 0.78, 0.78, 200]
['2019-03-29 13:25:00', 0.788, 0.78, 0.78, 0.788, 6837]
['2019-03-29 13:20:00', 0.7801, 0.7801, 0.7801, 0.7801, 200]
['2019-03-29 13:15:00', 0.78, 0.78, 0.78, 0.78, 200]
['2019-03-29 13:10:00', 0.7801, 0.7801, 0.7801, 0.7801, 200]
['2019-03-29 13:06:00', 0.7801, 0.7801, 0.7801, 0.7801, 200]
['2019-03-29 13:01:00', 0.7801, 0.7801, 0.7801, 0.7801, 200]
['2019-03-29 12:57:00', 0.7801, 0.7801, 0.7801, 0.7801, 200]
['2019-03-29 12:53:00', 0.7801, 0.7801, 0.7801, 0.7801, 405]
['2019-03-29 12:48:00', 0.7801, 0.7801, 0.7801, 0.7801, 200]
['2019-03-29 12:44:00', 0.7801, 0.7801, 0.7801, 0.7801, 200]
['2019-03-29 12:39:00', 0.7801, 0.7801, 0.7801, 0.7801, 200]
['2019-03-29 12:35:00', 0.7801, 0.7801, 0.7801, 0.7801, 200]
['2019-03-29 12:30:00', 0.7801, 0.7801, 0.7801, 0.7801, 205]
['2019-03-29 12:26:00', 0.77, 0.77, 0.77, 0.77, 200]
['2019-03-29 12:21:00', 0.77, 0.77, 0.77, 0.77, 200]
['2019-03-29 12:17:00', 0.77, 0.77, 0.77, 0.77, 200]
['2019-03-29 12:12:00', 0.77, 0.77, 0.77, 0.77, 300]
['2019-03-29 12:08:00', 0.77, 0.77, 0.77, 0.77, 200]
['2019-03-29 12:04:00', 0.77, 0.77, 0.77, 0.77, 210]
['2019-03-29 12:03:00', 0.78, 0.77, 0.77, 0.78, 4400]
['2019-03-29 12:00:00', 0.77, 0.77, 0.77, 0.77, 200]
['2019-03-29 11:56:00', 0.77, 0.77, 0.77, 0.77, 200]
['2019-03-29 11:52:00', 0.77, 0.77, 0.77, 0.77, 200]
['2019-03-29 11:48:00', 0.77, 0.77, 0.77, 0.77, 200]
['2019-03-29 11:44:00', 0.77, 0.77, 0.77, 0.77, 200]
['2019-03-29 11:40:00', 0.77, 0.77, 0.77, 0.77, 201]
['2019-03-29 11:36:00', 0.77, 0.77, 0.77, 0.77, 200]
['2019-03-29 11:33:00', 0.77, 0.77, 0.77, 0.77, 200]
['2019-03-29 11:29:00', 0.77, 0.77, 0.77, 0.77, 200]
['2019-03-29 11:26:00', 0.77, 0.77, 0.77, 0.77, 400]
['2019-03-29 11:22:00', 0.77, 0.77, 0.77, 0.77, 200]
['2019-03-29 11:19:00', 0.77, 0.77, 0.77, 0.77, 195]
['2019-03-29 11:15:00', 0.77, 0.77, 0.77, 0.77, 205]
['2019-03-29 11:12:00', 0.77, 0.77, 0.77, 0.77, 200]
['2019-03-29 11:09:00', 0.77, 0.77, 0.77, 0.77, 200]
['2019-03-29 11:05:00', 0.77, 0.77, 0.77, 0.77, 200]
['2019-03-29 11:04:00', 0.7705, 0.7705, 0.7705, 0.7705, 100]
['2019-03-29 11:01:00', 0.7705, 0.7705, 0.7705, 0.7705, 200]
['2019-03-29 11:00:00', 0.7705, 0.7705, 0.7705, 0.7705, 100]
['2019-03-29 10:57:00', 0.7795, 0.7795, 0.7795, 0.7795, 220]
['2019-03-29 10:55:00', 0.7801, 0.7801, 0.78, 0.7801, 916]
['2019-03-29 10:53:00', 0.78, 0.78, 0.78, 0.78, 100]
['2019-03-29 10:35:00', 0.78, 0.78, 0.78, 0.78, 200]
['2019-03-29 10:10:00', 0.7744, 0.7705, 0.7705, 0.7744, 1450]
['2019-03-29 10:02:00', 0.7705, 0.7705, 0.7705, 0.7705, 190]
['2019-03-29 09:49:00', 0.77, 0.77, 0.77, 0.77, 100]
['2019-03-29 09:42:00', 0.77, 0.77, 0.77, 0.77, 0]
['2019-03-28 15:57:00', 0.775, 0.775, 0.775, 0.775, 136834]
['2019-03-28 15:56:00', 0.775, 0.775, 0.775, 0.775, 100]
['2019-03-28 15:55:00', 0.775, 0.775, 0.775, 0.775, 300]
['2019-03-28 15:54:00', 0.775, 0.775, 0.775, 0.775, 100]
['2019-03-28 15:52:00', 0.775, 0.775, 0.775, 0.775, 200]
['2019-03-28 15:50:00', 0.775, 0.775, 0.775, 0.775, 200]
['2019-03-28 15:48:00', 0.775, 0.78, 0.775, 0.78, 1700]
['2019-03-28 15:25:00', 0.7726, 0.775, 0.7726, 0.775, 8100]
['2019-03-28 15:24:00', 0.7725, 0.7725, 0.7725, 0.7725, 300]
['2019-03-28 15:15:00', 0.7778, 0.7778, 0.7778, 0.7778, 1000]
['2019-03-28 15:00:00', 0.7701, 0.7701, 0.7701, 0.7701, 254]
['2019-03-28 14:56:00', 0.7701, 0.7701, 0.7701, 0.7701, 100]
['2019-03-28 14:51:00', 0.7701, 0.7701, 0.7701, 0.7701, 303]
['2019-03-28 14:50:00', 0.7785, 0.7785, 0.7785, 0.7785, 100]
['2019-03-28 14:49:00', 0.7741, 0.7741, 0.7741, 0.7741, 100]
['2019-03-28 14:47:00', 0.7771, 0.7741, 0.7741, 0.7771, 450]
['2019-03-28 14:46:00', 0.7741, 0.7741, 0.7741, 0.7741, 100]
['2019-03-28 14:44:00', 0.7741, 0.7741, 0.7741, 0.7741, 100]
['2019-03-28 14:42:00', 0.7727, 0.7727, 0.7727, 0.7727, 100]
['2019-03-28 14:41:00', 0.7764, 0.7764, 0.7764, 0.7764, 200]
['2019-03-28 14:40:00', 0.7727, 0.7727, 0.7727, 0.7727, 100]
['2019-03-28 14:37:00', 0.7727, 0.7727, 0.7727, 0.7727, 100]
['2019-03-28 14:35:00', 0.7727, 0.7727, 0.7727, 0.7727, 100]
['2019-03-28 14:33:00', 0.7713, 0.7713, 0.7713, 0.7713, 100]
['2019-03-28 14:31:00', 0.7796, 0.7713, 0.7713, 0.7796, 369]
['2019-03-28 14:29:00', 0.7713, 0.7713, 0.7713, 0.7713, 100]
['2019-03-28 14:26:00', 0.7713, 0.7713, 0.7713, 0.7713, 100]
['2019-03-28 14:24:00', 0.7712, 0.7712, 0.7712, 0.7712, 100]
['2019-03-28 14:23:00', 0.7702, 0.7702, 0.7702, 0.7702, 130]
['2019-03-28 14:21:00', 0.779, 0.779, 0.7763, 0.779, 4070]
['2019-03-28 14:19:00', 0.7808, 0.77, 0.77, 0.7808, 1788]
['2019-03-28 14:17:00', 0.7808, 0.7808, 0.7808, 0.7808, 206]
['2019-03-28 14:14:00', 0.7808, 0.7808, 0.7808, 0.7808, 100]
['2019-03-28 14:07:00', 0.7802, 0.7802, 0.7802, 0.7802, 431]
['2019-03-28 14:03:00', 0.7801, 0.7801, 0.7801, 0.7801, 200]
['2019-03-28 13:58:00', 0.7801, 0.7801, 0.7801, 0.7801, 200]
['2019-03-28 13:57:00', 0.7804, 0.7804, 0.7804, 0.7804, 200]
['2019-03-28 13:53:00', 0.7804, 0.7804, 0.7804, 0.7804, 200]
['2019-03-28 13:48:00', 0.78, 0.78, 0.78, 0.78, 200]
['2019-03-28 13:47:00', 0.7825, 0.7825, 0.7825, 0.7825, 1085]
['2019-03-28 13:42:00', 0.7825, 0.78, 0.78, 0.7825, 500]
['2019-03-28 13:40:00', 0.7851, 0.785, 0.785, 0.7851, 730]
['2019-03-28 13:39:00', 0.7901, 0.794, 0.79, 0.7941, 2604]
['2019-03-28 13:37:00', 0.7901, 0.7901, 0.7901, 0.7901, 200]
['2019-03-28 13:35:00', 0.79, 0.79, 0.79, 0.79, 1500]
['2019-03-28 13:26:00', 0.7901, 0.7901, 0.7901, 0.7901, 400]
['2019-03-28 13:20:00', 0.7901, 0.7901, 0.7901, 0.7901, 200]
['2019-03-28 13:15:00', 0.79, 0.79, 0.79, 0.79, 112]
['2019-03-28 13:14:00', 0.7901, 0.79, 0.79, 0.7901, 2088]
['2019-03-28 13:09:00', 0.7901, 0.7901, 0.7901, 0.7901, 500]
['2019-03-28 13:07:00', 0.796, 0.796, 0.796, 0.796, 2000]
['2019-03-28 13:04:00', 0.8, 0.7901, 0.7901, 0.8, 13300]
['2019-03-28 13:01:00', 0.7901, 0.7901, 0.7901, 0.7901, 200]
['2019-03-28 12:57:00', 0.7901, 0.7901, 0.7901, 0.7901, 200]
['2019-03-28 12:51:00', 0.7901, 0.7901, 0.7901, 0.7901, 200]
['2019-03-28 12:46:00', 0.7904, 0.7901, 0.7901, 0.7904, 200]
['2019-03-28 12:41:00', 0.7901, 0.7901, 0.7901, 0.7901, 200]
['2019-03-28 12:37:00', 0.7901, 0.7901, 0.7901, 0.7901, 100]
['2019-03-28 12:35:00', 0.7901, 0.7901, 0.7901, 0.7901, 200]
['2019-03-28 12:30:00', 0.785, 0.785, 0.785, 0.785, 314]
['2019-03-28 12:27:00', 0.785, 0.785, 0.785, 0.785, 500]
['2019-03-28 12:25:00', 0.7801, 0.785, 0.7801, 0.7891, 4500]
['2019-03-28 12:20:00', 0.78, 0.78, 0.78, 0.78, 200]
['2019-03-28 12:18:00', 0.78, 0.78, 0.78, 0.78, 100]
['2019-03-28 12:16:00', 0.78, 0.78, 0.78, 0.78, 100]
['2019-03-28 12:14:00', 0.78, 0.78, 0.78, 0.78, 200]
['2019-03-28 12:09:00', 0.78, 0.78, 0.78, 0.78, 300]
['2019-03-28 12:08:00', 0.78, 0.78, 0.78, 0.78, 239]
['2019-03-28 12:04:00', 0.7986, 0.7702, 0.7702, 0.8, 11668]
['2019-03-28 12:03:00', 0.7998, 0.8, 0.797, 0.8, 1987]
['2019-03-28 12:00:00', 0.78, 0.78, 0.78, 0.78, 200]
['2019-03-28 11:56:00', 0.7816, 0.7702, 0.7702, 0.7856, 2571]
['2019-03-28 11:55:00', 0.7816, 0.7816, 0.7816, 0.7816, 227]
['2019-03-28 11:52:00', 0.7814, 0.7816, 0.7814, 0.7816, 2100]
['2019-03-28 11:50:00', 0.7814, 0.7814, 0.7814, 0.7814, 200]
['2019-03-28 11:46:00', 0.78, 0.78, 0.78, 0.78, 200]
['2019-03-28 11:41:00', 0.78, 0.78, 0.78, 0.78, 200]
['2019-03-28 11:38:00', 0.7938, 0.78, 0.78, 0.7938, 3620]
['2019-03-28 11:37:00', 0.78, 0.78, 0.78, 0.78, 200]
['2019-03-28 11:33:00', 0.78, 0.78, 0.78, 0.78, 200]
['2019-03-28 11:32:00', 0.78, 0.78, 0.78, 0.7839, 2100]
['2019-03-28 11:29:00', 0.78, 0.78, 0.78, 0.78, 200]
['2019-03-28 11:25:00', 0.78, 0.78, 0.78, 0.78, 200]
['2019-03-28 11:21:00', 0.7873, 0.7872, 0.7872, 0.7873, 300]
['2019-03-28 11:17:00', 0.78, 0.78, 0.78, 0.78, 200]
['2019-03-28 11:13:00', 0.78, 0.78, 0.78, 0.78, 100]
['2019-03-28 11:12:00', 0.78, 0.78, 0.78, 0.78, 200]
['2019-03-28 11:09:00', 0.78, 0.78, 0.78, 0.78, 200]
['2019-03-28 11:05:00', 0.7801, 0.7801, 0.7801, 0.7801, 200]
['2019-03-28 11:01:00', 0.78, 0.78, 0.78, 0.78, 200]
['2019-03-28 10:57:00', 0.78, 0.78, 0.78, 0.78, 200]
['2019-03-28 10:55:00', 0.78, 0.78, 0.78, 0.78, 100]
['2019-03-28 10:54:00', 0.78, 0.78, 0.78, 0.78, 200]
['2019-03-28 10:53:00', 0.78, 0.78, 0.78, 0.78, 100]
['2019-03-28 10:50:00', 0.78, 0.78, 0.78, 0.78, 400]
['2019-03-28 10:47:00', 0.78, 0.78, 0.78, 0.78, 440]
['2019-03-28 10:42:00', 0.8, 0.78, 0.78, 0.8, 14825]
['2019-03-28 10:40:00', 0.78, 0.78, 0.78, 0.78, 162]
['2019-03-28 10:36:00', 0.78, 0.78, 0.78, 0.78, 3442]
['2019-03-28 10:34:00', 0.78, 0.78, 0.78, 0.78, 100]
['2019-03-28 10:32:00', 0.78, 0.78, 0.78, 0.78, 300]
['2019-03-28 10:29:00', 0.7848, 0.7848, 0.7848, 0.7848, 7917]
['2019-03-28 10:18:00', 0.775, 0.775, 0.775, 0.775, 200]
['2019-03-28 10:01:00', 0.7999, 0.771, 0.771, 0.7999, 7213]
['2019-03-28 09:53:00', 0.7702, 0.7702, 0.7702, 0.7702, 100]
['2019-03-28 09:43:00', 0.77, 0.77, 0.77, 0.7701, 16937]
['2019-03-28 09:41:00', 0.77, 0.77, 0.77, 0.77, 200]
['2019-03-28 09:36:00', 0.77, 0.77, 0.77, 0.77, 200]
['2019-03-28 09:33:00', 0.77, 0.77, 0.77, 0.77, 200]
['2019-03-28 09:31:00', 0.77, 0.77, 0.77, 0.77, 655]
['2019-03-27 15:48:00', 0.7608, 0.7606, 0.7606, 0.7608, 200]
['2019-03-27 15:47:00', 0.7608, 0.7608, 0.7608, 0.7608, 100]
['2019-03-27 15:19:00', 0.7683, 0.7683, 0.7683, 0.7683, 480]
['2019-03-27 14:59:00', 0.7623, 0.7606, 0.7606, 0.7623, 5340]
['2019-03-27 14:47:00', 0.769, 0.769, 0.769, 0.769, 325]
['2019-03-27 14:41:00', 0.7606, 0.7606, 0.7606, 0.7606, 100]
['2019-03-27 14:40:00', 0.7606, 0.7606, 0.7606, 0.7606, 100]
['2019-03-27 14:30:00', 0.7614, 0.7614, 0.7614, 0.7614, 124]
['2019-03-27 14:24:00', 0.7606, 0.7606, 0.7606, 0.7606, 100]
['2019-03-27 14:11:00', 0.7606, 0.7606, 0.7606, 0.7606, 100]
['2019-03-27 13:51:00', 0.7601, 0.76, 0.76, 0.7601, 5300]
['2019-03-27 13:39:00', 0.7697, 0.7697, 0.7697, 0.7697, 1017]
['2019-03-27 12:47:00', 0.7696, 0.76, 0.76, 0.7696, 2766]
['2019-03-27 12:38:00', 0.7697, 0.7697, 0.7697, 0.7697, 410]
['2019-03-27 12:22:00', 0.76, 0.76, 0.76, 0.7696, 6005]
['2019-03-27 12:17:00', 0.7697, 0.7697, 0.7697, 0.7697, 1000]
['2019-03-27 12:07:00', 0.76, 0.76, 0.76, 0.76, 9600]
['2019-03-27 11:52:00', 0.76, 0.76, 0.76, 0.76, 200]
['2019-03-27 11:49:00', 0.76, 0.76, 0.76, 0.76, 300]
['2019-03-27 11:46:00', 0.76, 0.76, 0.76, 0.76, 204]
['2019-03-27 11:35:00', 0.7699, 0.7699, 0.7699, 0.7699, 1500]
['2019-03-27 11:28:00', 0.775, 0.77, 0.77, 0.775, 3343]
['2019-03-27 11:16:00', 0.7751, 0.7751, 0.7751, 0.7751, 200]
['2019-03-27 11:05:00', 0.775, 0.778, 0.775, 0.778, 1551]
['2019-03-27 11:03:00', 0.775, 0.775, 0.775, 0.775, 100]
['2019-03-27 10:58:00', 0.7801, 0.775, 0.775, 0.7807, 3693]
['2019-03-27 10:55:00', 0.78, 0.7801, 0.78, 0.7801, 300]
['2019-03-27 10:49:00', 0.7751, 0.7751, 0.7751, 0.7751, 100]
['2019-03-27 10:48:00', 0.7733, 0.77, 0.77, 0.7733, 5800]
['2019-03-27 10:45:00', 0.773, 0.773, 0.773, 0.773, 385]
['2019-03-27 10:37:00', 0.77, 0.77, 0.77, 0.77, 120]
['2019-03-27 10:32:00', 0.77, 0.77, 0.77, 0.77, 193]
['2019-03-27 10:29:00', 0.7783, 0.76, 0.76, 0.7783, 8000]
['2019-03-27 10:26:00', 0.798, 0.798, 0.798, 0.798, 225]
['2019-03-27 10:24:00', 0.76, 0.76, 0.76, 0.76, 1480]
['2019-03-27 10:21:00', 0.76, 0.76, 0.76, 0.76, 3206]
['2019-03-27 10:20:00', 0.76, 0.76, 0.76, 0.76, 100]
['2019-03-27 09:48:00', 0.76, 0.76, 0.76, 0.76, 278]
['2019-03-27 09:37:00', 0.808, 0.808, 0.808, 0.808, 1285]
['2019-03-27 09:36:00', 0.7696, 0.7696, 0.7696, 0.7696, 100]
['2019-03-27 09:34:00', 0.78, 0.7496, 0.7496, 0.79, 8300]
['2019-03-27 09:33:00', 0.77, 0.77, 0.77, 0.77, 400]
['2019-03-27 09:32:00', 0.7499, 0.77, 0.7499, 0.77, 2900]
['2019-03-27 09:31:00', 0.74, 0.74, 0.74, 0.75, 44920]
['2019-03-26 16:00:00', 0.8, 0.8, 0.8, 0.8, 16695]
['2019-03-26 15:56:00', 0.8002, 0.8002, 0.8002, 0.8002, 100]
['2019-03-26 15:51:00', 0.8002, 0.8002, 0.8002, 0.8002, 698]
['2019-03-26 15:46:00', 0.8, 0.8, 0.8, 0.8, 100]
['2019-03-26 15:44:00', 0.8, 0.8, 0.8, 0.8, 986]
['2019-03-26 15:43:00', 0.8075, 0.8075, 0.8075, 0.8075, 100]
['2019-03-26 15:37:00', 0.8097, 0.8097, 0.8097, 0.8097, 118]
['2019-03-26 15:33:00', 0.8101, 0.8101, 0.81, 0.8101, 2625]
['2019-03-26 15:31:00', 0.8102, 0.8102, 0.8102, 0.8102, 902]
['2019-03-26 15:25:00', 0.81, 0.81, 0.81, 0.81, 2489]
['2019-03-26 14:58:00', 0.8163, 0.8163, 0.8163, 0.8163, 502]
['2019-03-26 14:18:00', 0.8102, 0.81, 0.81, 0.8102, 4000]
['2019-03-26 13:59:00', 0.81, 0.81, 0.81, 0.81, 212]
['2019-03-26 13:41:00', 0.8, 0.8, 0.8, 0.8, 100]
['2019-03-26 13:40:00', 0.8, 0.8, 0.8, 0.8, 200]
['2019-03-26 13:37:00', 0.8011, 0.8011, 0.8011, 0.8011, 114]
['2019-03-26 13:31:00', 0.8011, 0.8011, 0.8011, 0.8011, 101]
['2019-03-26 13:28:00', 0.8011, 0.8011, 0.8011, 0.8011, 100]
['2019-03-26 13:22:00', 0.8011, 0.8011, 0.8011, 0.8011, 300]
['2019-03-26 12:57:00', 0.805, 0.805, 0.805, 0.805, 1165]
['2019-03-26 12:51:00', 0.81, 0.81, 0.81, 0.81, 300]
['2019-03-26 12:41:00', 0.805, 0.805, 0.805, 0.805, 100]
['2019-03-26 12:27:00', 0.81, 0.81, 0.81, 0.81, 340]
['2019-03-26 12:14:00', 0.8359, 0.8359, 0.8359, 0.8359, 260]
['2019-03-26 12:01:00', 0.82, 0.82, 0.82, 0.82, 1051]
['2019-03-26 11:49:00', 0.82, 0.82, 0.82, 0.82, 6302]
['2019-03-26 11:44:00', 0.825, 0.825, 0.825, 0.825, 350]
['2019-03-26 11:26:00', 0.8301, 0.8301, 0.8301, 0.8301, 239]
['2019-03-26 11:19:00', 0.8216, 0.8216, 0.8216, 0.8216, 200]
['2019-03-26 11:13:00', 0.82, 0.82, 0.82, 0.82, 100]
['2019-03-26 10:46:00', 0.82, 0.82, 0.82, 0.82, 8400]
['2019-03-26 10:45:00', 0.8282, 0.8282, 0.8282, 0.8282, 1700]
['2019-03-26 10:30:00', 0.8254, 0.8254, 0.8254, 0.8254, 645]
['2019-03-26 10:22:00', 0.83, 0.83, 0.83, 0.83, 934]
['2019-03-26 09:59:00', 0.8304, 0.8304, 0.8304, 0.8304, 4520]
['2019-03-26 09:55:00', 0.84, 0.84, 0.84, 0.84, 200]
['2019-03-26 09:47:00', 0.82, 0.82, 0.82, 0.82, 260]
['2019-03-26 09:41:00', 0.8258, 0.8258, 0.8258, 0.8258, 134]
['2019-03-26 09:34:00', 0.82, 0.82, 0.82, 0.82, 0]
['2019-03-25 15:59:00', 0.815, 0.815, 0.815, 0.815, 2034]
['2019-03-25 15:57:00', 0.815, 0.815, 0.815, 0.815, 120]
['2019-03-25 15:55:00', 0.8101, 0.8101, 0.8101, 0.8101, 100]
['2019-03-25 15:52:00', 0.8139, 0.8139, 0.8139, 0.8139, 400]
['2019-03-25 15:48:00', 0.8146, 0.8146, 0.8146, 0.8146, 5050]
['2019-03-25 15:43:00', 0.815, 0.815, 0.815, 0.815, 4900]
['2019-03-25 15:42:00', 0.8141, 0.8141, 0.8141, 0.8141, 3378]
['2019-03-25 15:16:00', 0.805, 0.805, 0.805, 0.805, 205]
['2019-03-25 15:13:00', 0.805, 0.805, 0.805, 0.805, 100]
['2019-03-25 14:52:00', 0.81, 0.81, 0.81, 0.81, 300]
['2019-03-25 14:51:00', 0.8099, 0.8099, 0.8099, 0.8099, 100]
['2019-03-25 14:48:00', 0.805, 0.805, 0.805, 0.805, 100]
['2019-03-25 14:38:00', 0.8, 0.8, 0.8, 0.8, 100]
['2019-03-25 14:25:00', 0.8, 0.8, 0.8, 0.8, 100]
['2019-03-25 14:15:00', 0.8011, 0.8, 0.8, 0.8011, 2500]
['2019-03-25 14:04:00', 0.801, 0.801, 0.801, 0.801, 100]
['2019-03-25 13:52:00', 0.801, 0.801, 0.801, 0.801, 100]
['2019-03-25 13:37:00', 0.801, 0.801, 0.801, 0.801, 2600]
['2019-03-25 13:36:00', 0.801, 0.801, 0.801, 0.801, 100]
['2019-03-25 13:28:00', 0.8027, 0.8027, 0.8027, 0.8027, 400]
['2019-03-25 13:25:00', 0.8023, 0.8023, 0.8023, 0.8023, 374]
['2019-03-25 12:57:00', 0.8, 0.8, 0.8, 0.8, 200]
['2019-03-25 12:54:00', 0.8001, 0.8, 0.8, 0.8001, 200]
['2019-03-25 12:48:00', 0.8, 0.8, 0.8, 0.8, 200]
['2019-03-25 12:31:00', 0.798, 0.798, 0.798, 0.798, 329]
['2019-03-25 12:09:00', 0.795, 0.795, 0.795, 0.795, 205]
['2019-03-25 12:07:00', 0.8012, 0.8012, 0.8012, 0.8012, 830]
['2019-03-25 12:01:00', 0.8, 0.8, 0.8, 0.8, 375]
['2019-03-25 11:58:00', 0.8, 0.8, 0.8, 0.8, 500]
['2019-03-25 11:51:00', 0.8, 0.8, 0.8, 0.8, 4850]
['2019-03-25 11:45:00', 0.8, 0.8011, 0.8, 0.8011, 2850]
['2019-03-25 11:44:00', 0.8, 0.8, 0.8, 0.8, 518]
['2019-03-25 11:34:00', 0.8027, 0.8, 0.8, 0.8027, 2560]
['2019-03-25 11:26:00', 0.8, 0.8, 0.8, 0.8, 515]
['2019-03-25 11:16:00', 0.8, 0.8, 0.8, 0.8, 1968]
['2019-03-25 11:02:00', 0.795, 0.795, 0.795, 0.795, 200]
['2019-03-25 10:53:00', 0.795, 0.795, 0.795, 0.795, 100]
['2019-03-25 10:35:00', 0.7951, 0.7951, 0.7951, 0.7951, 1300]
['2019-03-25 10:26:00', 0.7952, 0.7952, 0.7952, 0.7952, 500]
['2019-03-25 10:24:00', 0.795, 0.795, 0.795, 0.795, 2176]
['2019-03-25 10:21:00', 0.7961, 0.7961, 0.7961, 0.7961, 3232]
['2019-03-25 10:20:00', 0.795, 0.795, 0.795, 0.795, 100]
['2019-03-25 09:57:00', 0.795, 0.795, 0.795, 0.795, 10214]
['2019-03-25 09:54:00', 0.8, 0.8, 0.8, 0.8, 619]
['2019-03-25 09:53:00', 0.8002, 0.8002, 0.8002, 0.8002, 100]
['2019-03-25 09:51:00', 0.8023, 0.8023, 0.8023, 0.8023, 500]
['2019-03-25 09:48:00', 0.8023, 0.8023, 0.8023, 0.8023, 1192]
['2019-03-25 09:42:00', 0.8, 0.8, 0.8, 0.8, 100]
['2019-03-25 09:41:00', 0.799, 0.799, 0.799, 0.799, 5006]
['2019-03-25 09:40:00', 0.7839, 0.7839, 0.7839, 0.7839, 620]
['2019-03-25 09:37:00', 0.785, 0.785, 0.785, 0.785, 1490]
['2019-03-25 09:35:00', 0.785, 0.785, 0.785, 0.785, 750]
['2019-03-25 09:31:00', 0.81, 0.81, 0.81, 0.81, 4133]
