AEYE
['2019-03-29 16:00:00', 9.04, 9.2875, 9.04, 9.2875, 788]
['2019-03-29 15:56:00', 9.2899, 9.2899, 9.2899, 9.2899, 619]
['2019-03-29 15:42:00', 9.22, 9.22, 9.22, 9.22, 864]
['2019-03-29 15:39:00', 9.2316, 9.2316, 9.2316, 9.2316, 130]
['2019-03-29 15:15:00', 9.1631, 9.1631, 9.1631, 9.1631, 132]
['2019-03-29 15:09:00', 9.26, 9.0724, 9.0724, 9.26, 960]
['2019-03-29 15:02:00', 9.3421, 9.3421, 9.3421, 9.3421, 100]
['2019-03-29 14:17:00', 9.3063, 9.3063, 9.3063, 9.3063, 207]
['2019-03-29 13:48:00', 9.3, 9.3, 9.3, 9.3, 301]
['2019-03-29 13:40:00', 9.34, 9.34, 9.34, 9.34, 400]
['2019-03-29 12:46:00', 9.35, 9.35, 9.35, 9.35, 101]
['2019-03-29 12:23:00', 9.3, 9.3, 9.3, 9.3, 1207]
['2019-03-29 11:53:00', 9.3287, 9.3287, 9.3287, 9.3287, 101]
['2019-03-29 11:01:00', 9.2747, 9.2747, 9.2747, 9.2747, 601]
['2019-03-29 10:32:00', 9.35, 9.35, 9.35, 9.35, 595]
['2019-03-29 10:15:00', 9.3995, 9.3995, 9.3995, 9.3995, 748]
['2019-03-29 10:10:00', 9.4, 9.4, 9.4, 9.4, 200]
['2019-03-29 10:09:00', 9.3977, 9.3977, 9.3977, 9.3977, 105]
['2019-03-29 09:54:00', 9.35, 9.35, 9.35, 9.35, 185]
['2019-03-29 09:51:00', 9.25, 9.25, 9.25, 9.25, 700]
['2019-03-29 09:48:00', 9.18, 9.18, 9.18, 9.18, 100]
['2019-03-29 09:44:00', 9.15, 9.15, 9.15, 9.15, 400]
['2019-03-29 09:31:00', 9.2, 9.2, 9.2, 9.2, 0]
['2019-03-28 16:00:00', 9.13, 9.13, 9.13, 9.13, 227]
['2019-03-28 15:59:00', 9.13, 9.13, 9.13, 9.13, 202]
['2019-03-28 15:56:00', 9.14, 9.14, 9.14, 9.14, 200]
['2019-03-28 15:54:00', 9.15, 9.15, 9.15, 9.15, 180]
['2019-03-28 15:52:00', 9.12, 9.12, 9.12, 9.12, 140]
['2019-03-28 15:49:00', 9.12, 9.12, 9.12, 9.12, 100]
['2019-03-28 15:46:00', 9.12, 9.12, 9.12, 9.12, 100]
['2019-03-28 15:41:00', 9.1022, 9.1022, 9.1022, 9.1022, 479]
['2019-03-28 15:37:00', 9.12, 9.12, 9.12, 9.12, 100]
['2019-03-28 15:32:00', 9.14, 9.14, 9.14, 9.14, 178]
['2019-03-28 15:20:00', 9.16, 9.16, 9.16, 9.16, 200]
['2019-03-28 15:14:00', 9.16, 9.16, 9.16, 9.16, 129]
['2019-03-28 15:07:00', 9.17, 9.17, 9.17, 9.17, 106]
['2019-03-28 14:56:00', 9.21, 9.17, 9.17, 9.21, 5496]
['2019-03-28 14:49:00', 9.26, 9.26, 9.26, 9.26, 472]
['2019-03-28 14:37:00', 9.365, 9.365, 9.365, 9.365, 150]
['2019-03-28 14:08:00', 9.4057, 9.4057, 9.4057, 9.4057, 110]
['2019-03-28 14:07:00', 9.113, 9.2, 9.113, 9.2, 1429]
['2019-03-28 13:59:00', 9.081, 9.081, 9.081, 9.081, 2306]
['2019-03-28 13:37:00', 9.1673, 9.1673, 9.1673, 9.1673, 3068]
['2019-03-28 12:07:00', 9.15, 9.1862, 9.15, 9.1862, 651]
['2019-03-28 11:25:00', 9.1739, 9.15, 9.15, 9.1739, 400]
['2019-03-28 11:15:00', 9.15, 9.15, 9.15, 9.15, 305]
['2019-03-28 11:05:00', 9.15, 9.15, 9.15, 9.15, 208]
['2019-03-28 11:02:00', 9.1463, 9.1463, 9.1463, 9.1463, 258]
['2019-03-28 10:44:00', 9.1254, 9.1254, 9.1254, 9.1254, 326]
['2019-03-28 10:37:00', 9.0365, 9.0365, 9.0365, 9.0365, 501]
['2019-03-28 10:29:00', 9.1615, 9.1615, 9.1615, 9.1615, 100]
['2019-03-28 09:43:00', 9.099, 9.0, 9.0, 9.099, 2228]
['2019-03-28 09:42:00', 9.0, 9.0, 9.0, 9.0, 441]
['2019-03-28 09:40:00', 9.0001, 9.0001, 9.0001, 9.0001, 2070]
['2019-03-28 09:39:00', 9.0015, 9.0015, 9.0015, 9.0015, 4315]
['2019-03-28 09:38:00', 9.0, 9.0, 9.0, 9.0, 500]
['2019-03-28 09:31:00', 9.0, 9.0, 9.0, 9.0, 0]
['2019-03-27 15:56:00', 9.11, 9.11, 9.11, 9.11, 426]
['2019-03-27 15:43:00', 9.23, 9.23, 9.23, 9.23, 1635]
['2019-03-27 15:42:00', 9.22, 9.22, 9.22, 9.22, 1146]
['2019-03-27 15:29:00', 9.235, 9.235, 9.235, 9.235, 1361]
['2019-03-27 15:28:00', 9.24, 9.24, 9.24, 9.24, 369]
['2019-03-27 14:55:00', 9.22, 9.22, 9.22, 9.22, 1325]
['2019-03-27 14:52:00', 9.23, 9.23, 9.23, 9.23, 100]
['2019-03-27 14:27:00', 9.2, 9.2, 9.2, 9.2, 240]
['2019-03-27 13:50:00', 9.2, 9.2, 9.2, 9.2, 328]
['2019-03-27 13:11:00', 9.2, 9.2, 9.2, 9.2, 410]
['2019-03-27 13:07:00', 9.1596, 9.1596, 9.1596, 9.1596, 263]
['2019-03-27 13:04:00', 9.2, 9.2, 9.2, 9.2, 200]
['2019-03-27 12:31:00', 9.1952, 9.1952, 9.1952, 9.1952, 744]
['2019-03-27 12:28:00', 9.2, 9.2, 9.2, 9.2, 100]
['2019-03-27 12:03:00', 9.1653, 9.2, 9.1653, 9.2, 379]
['2019-03-27 12:02:00', 9.24, 9.24, 9.24, 9.24, 114]
['2019-03-27 11:48:00', 9.2, 9.2, 9.2, 9.2, 1700]
['2019-03-27 11:43:00', 9.2, 9.2, 9.2, 9.2, 585]
['2019-03-27 11:19:00', 9.2809, 9.2809, 9.2809, 9.2809, 466]
['2019-03-27 11:03:00', 9.6021, 9.6021, 9.6021, 9.6021, 250]
['2019-03-27 10:45:00', 9.342, 9.342, 9.342, 9.342, 1040]
['2019-03-27 10:04:00', 9.0579, 9.0579, 9.0579, 9.0579, 1121]
['2019-03-27 09:47:00', 9.2515, 9.2515, 9.2515, 9.2515, 627]
['2019-03-27 09:31:00', 9.75, 9.75, 9.75, 9.75, 1902]
['2019-03-26 16:00:00', 9.54, 9.54, 9.54, 9.54, 585]
['2019-03-26 15:29:00', 9.11, 9.11, 9.11, 9.11, 179]
['2019-03-26 15:11:00', 9.15, 9.15, 9.15, 9.15, 300]
['2019-03-26 14:35:00', 9.145, 9.145, 9.145, 9.145, 172]
['2019-03-26 14:34:00', 9.145, 9.145, 9.145, 9.145, 200]
['2019-03-26 14:19:00', 9.13, 9.15, 9.116, 9.15, 15324]
['2019-03-26 14:18:00', 9.117, 9.117, 9.117, 9.117, 122]
['2019-03-26 14:01:00', 9.1182, 9.1182, 9.1182, 9.1182, 1068]
['2019-03-26 13:59:00', 9.2, 9.2, 9.2, 9.2, 1661]
['2019-03-26 13:58:00', 9.2, 9.2, 9.2, 9.2, 1000]
['2019-03-26 13:50:00', 9.2, 9.2, 9.2, 9.2, 200]
['2019-03-26 13:42:00', 9.15, 9.15, 9.15, 9.15, 200]
['2019-03-26 13:38:00', 9.5599, 9.5599, 9.5599, 9.5599, 1000]
['2019-03-26 13:01:00', 9.2, 9.2, 9.2, 9.2, 101]
['2019-03-26 12:21:00', 9.21, 9.21, 9.21, 9.21, 125]
['2019-03-26 11:58:00', 9.56, 9.56, 9.56, 9.56, 301]
['2019-03-26 11:43:00', 9.51, 9.51, 9.51, 9.51, 1680]
['2019-03-26 11:42:00', 9.36, 9.36, 9.36, 9.36, 450]
['2019-03-26 11:16:00', 9.5142, 9.5142, 9.5142, 9.5142, 500]
['2019-03-26 10:59:00', 9.3, 9.3, 9.3, 9.3, 1600]
['2019-03-26 10:54:00', 9.2, 9.2, 9.2, 9.2, 535]
['2019-03-26 10:14:00', 9.5799, 9.5799, 9.5799, 9.5799, 925]
['2019-03-26 10:13:00', 9.384, 9.384, 9.384, 9.384, 200]
['2019-03-26 10:05:00', 9.2, 9.2, 9.2, 9.2, 181]
['2019-03-26 09:49:00', 9.27, 9.2, 9.2, 9.27, 486]
['2019-03-26 09:31:00', 9.1, 9.1, 9.1, 9.1, 0]
['2019-03-25 16:00:00', 9.15, 9.15, 9.15, 9.15, 1406]
['2019-03-25 15:57:00', 9.23, 9.23, 9.23, 9.23, 100]
['2019-03-25 15:56:00', 9.2168, 9.2168, 9.2168, 9.2168, 200]
['2019-03-25 15:41:00', 9.23, 9.23, 9.23, 9.23, 1247]
['2019-03-25 15:28:00', 9.1708, 9.1708, 9.1708, 9.1708, 800]
['2019-03-25 15:27:00', 9.18, 9.18, 9.18, 9.18, 860]
['2019-03-25 15:24:00', 9.24, 9.24, 9.24, 9.24, 1300]
['2019-03-25 15:23:00', 9.24, 9.24, 9.24, 9.24, 205]
['2019-03-25 15:17:00', 9.24, 9.24, 9.24, 9.24, 124]
['2019-03-25 15:11:00', 9.25, 9.25, 9.25, 9.25, 277]
['2019-03-25 15:06:00', 9.25, 9.25, 9.25, 9.25, 1003]
['2019-03-25 15:05:00', 9.25, 9.25, 9.25, 9.25, 200]
['2019-03-25 14:58:00', 9.26, 9.25, 9.25, 9.26, 200]
['2019-03-25 14:56:00', 9.3044, 9.3044, 9.3044, 9.3044, 140]
['2019-03-25 14:51:00', 9.25, 9.25, 9.25, 9.25, 200]
['2019-03-25 14:48:00', 9.33, 9.33, 9.33, 9.33, 100]
['2019-03-25 14:44:00', 9.25, 9.25, 9.25, 9.25, 200]
['2019-03-25 14:36:00', 9.25, 9.25, 9.25, 9.25, 200]
['2019-03-25 14:25:00', 9.22, 9.22, 9.22, 9.22, 210]
['2019-03-25 14:17:00', 9.22, 9.22, 9.22, 9.22, 200]
['2019-03-25 14:10:00', 9.21, 9.21, 9.21, 9.21, 200]
['2019-03-25 14:01:00', 9.22, 9.22, 9.22, 9.22, 200]
['2019-03-25 13:54:00', 9.21, 9.21, 9.21, 9.21, 544]
['2019-03-25 13:51:00', 9.3275, 9.3275, 9.3275, 9.3275, 3000]
['2019-03-25 13:46:00', 9.2548, 9.2548, 9.2548, 9.2548, 100]
['2019-03-25 13:44:00', 9.22, 9.21, 9.21, 9.22, 449]
['2019-03-25 13:34:00', 9.22, 9.22, 9.22, 9.22, 200]
['2019-03-25 13:25:00', 9.22, 9.22, 9.22, 9.22, 200]
['2019-03-25 13:16:00', 9.22, 9.22, 9.22, 9.22, 301]
['2019-03-25 13:06:00', 9.33, 9.22, 9.22, 9.33, 600]
['2019-03-25 12:58:00', 9.22, 9.22, 9.22, 9.22, 200]
['2019-03-25 12:52:00', 9.2723, 9.2723, 9.2723, 9.2723, 1800]
['2019-03-25 12:49:00', 9.275, 9.275, 9.275, 9.275, 100]
['2019-03-25 12:33:00', 9.33, 9.33, 9.33, 9.33, 150]
['2019-03-25 12:30:00', 9.22, 9.275, 9.22, 9.275, 550]
['2019-03-25 12:11:00', 9.3299, 9.3299, 9.3299, 9.3299, 403]
['2019-03-25 12:08:00', 9.2788, 9.2788, 9.2788, 9.2788, 299]
['2019-03-25 12:01:00', 9.2618, 9.2618, 9.2618, 9.2618, 500]
['2019-03-25 11:38:00', 9.2228, 9.2228, 9.2228, 9.2228, 1007]
['2019-03-25 11:21:00', 9.24, 9.22, 9.22, 9.24, 1223]
['2019-03-25 11:12:00', 9.3, 9.3, 9.3, 9.3, 800]
['2019-03-25 10:50:00', 9.2661, 9.2661, 9.2661, 9.2661, 112]
['2019-03-25 10:47:00', 9.43, 9.43, 9.43, 9.43, 107]
['2019-03-25 10:45:00', 9.4965, 9.4965, 9.4965, 9.4965, 300]
['2019-03-25 10:41:00', 9.32, 9.32, 9.32, 9.32, 100]
['2019-03-25 10:17:00', 9.29, 9.22, 9.22, 9.29, 3600]
['2019-03-25 10:11:00', 9.3269, 9.3269, 9.3269, 9.3269, 200]
['2019-03-25 10:05:00', 9.22, 9.2461, 9.22, 9.2461, 1800]
['2019-03-25 09:58:00', 9.19, 9.19, 9.19, 9.19, 284]
['2019-03-25 09:31:00', 9.25, 9.15, 9.15, 9.25, 0]
