AXS
['2019-03-29 16:00:00', 54.78, 54.78, 54.78, 54.78, 3810]
['2019-03-29 15:59:00', 54.765, 54.78, 54.74, 54.78, 6672]
['2019-03-29 15:58:00', 54.75, 54.77, 54.75, 54.77, 3721]
['2019-03-29 15:57:00', 54.77, 54.77, 54.755, 54.77, 5973]
['2019-03-29 15:56:00', 54.74, 54.77, 54.74, 54.77, 4806]
['2019-03-29 15:55:00', 54.74, 54.74, 54.705, 54.76, 7679]
['2019-03-29 15:54:00', 54.75, 54.74, 54.72, 54.75, 4401]
['2019-03-29 15:53:00', 54.75, 54.75, 54.745, 54.77, 3538]
['2019-03-29 15:52:00', 54.72, 54.735, 54.71, 54.74, 5899]
['2019-03-29 15:51:00', 54.73, 54.73, 54.72, 54.73, 940]
['2019-03-29 15:50:00', 54.72, 54.73, 54.72, 54.75, 4133]
['2019-03-29 15:49:00', 54.741, 54.72, 54.7, 54.7488, 2421]
['2019-03-29 15:48:00', 54.76, 54.74, 54.74, 54.76, 3286]
['2019-03-29 15:47:00', 54.78, 54.76, 54.75, 54.78, 2742]
['2019-03-29 15:46:00', 54.77, 54.78, 54.77, 54.78, 1580]
['2019-03-29 15:45:00', 54.77, 54.775, 54.77, 54.78, 3374]
['2019-03-29 15:44:00', 54.77, 54.77, 54.765, 54.77, 1913]
['2019-03-29 15:43:00', 54.77, 54.765, 54.765, 54.77, 3363]
['2019-03-29 15:42:00', 54.75, 54.77, 54.745, 54.78, 2898]
['2019-03-29 15:41:00', 54.74, 54.75, 54.74, 54.75, 613]
['2019-03-29 15:40:00', 54.73, 54.735, 54.72, 54.75, 3094]
['2019-03-29 15:39:00', 54.725, 54.729, 54.72, 54.73, 656]
['2019-03-29 15:38:00', 54.72, 54.725, 54.72, 54.73, 1084]
['2019-03-29 15:37:00', 54.73, 54.72, 54.72, 54.74, 1494]
['2019-03-29 15:36:00', 54.7373, 54.74, 54.7373, 54.755, 3351]
['2019-03-29 15:35:00', 54.7, 54.72, 54.695, 54.72, 1620]
['2019-03-29 15:34:00', 54.7, 54.7, 54.7, 54.7, 612]
['2019-03-29 15:33:00', 54.72, 54.7, 54.7, 54.72, 2118]
['2019-03-29 15:32:00', 54.72, 54.72, 54.69, 54.72, 1639]
['2019-03-29 15:31:00', 54.76, 54.73, 54.73, 54.76, 4486]
['2019-03-29 15:29:00', 54.75, 54.755, 54.75, 54.76, 1262]
['2019-03-29 15:28:00', 54.75, 54.75, 54.745, 54.76, 2467]
['2019-03-29 15:27:00', 54.73, 54.75, 54.73, 54.75, 2181]
['2019-03-29 15:26:00', 54.72, 54.72, 54.72, 54.72, 1047]
['2019-03-29 15:25:00', 54.735, 54.73, 54.73, 54.7356, 1073]
['2019-03-29 15:24:00', 54.735, 54.735, 54.735, 54.74, 1403]
['2019-03-29 15:23:00', 54.74, 54.74, 54.72, 54.74, 1739]
['2019-03-29 15:21:00', 54.75, 54.74, 54.735, 54.75, 1317]
['2019-03-29 15:20:00', 54.74, 54.76, 54.74, 54.76, 715]
['2019-03-29 15:19:00', 54.745, 54.75, 54.74, 54.75, 1480]
['2019-03-29 15:18:00', 54.71, 54.75, 54.71, 54.75, 1588]
['2019-03-29 15:17:00', 54.68, 54.7, 54.68, 54.71, 1558]
['2019-03-29 15:16:00', 54.705, 54.68, 54.68, 54.705, 2265]
['2019-03-29 15:15:00', 54.71, 54.705, 54.7, 54.71, 961]
['2019-03-29 15:14:00', 54.71, 54.72, 54.71, 54.72, 696]
['2019-03-29 15:13:00', 54.705, 54.72, 54.705, 54.72, 815]
['2019-03-29 15:12:00', 54.71, 54.7, 54.7, 54.71, 615]
['2019-03-29 15:11:00', 54.735, 54.71, 54.71, 54.735, 1786]
['2019-03-29 15:10:00', 54.73, 54.73, 54.73, 54.73, 176]
['2019-03-29 15:09:00', 54.745, 54.73, 54.73, 54.75, 559]
['2019-03-29 15:08:00', 54.72, 54.745, 54.72, 54.755, 1822]
['2019-03-29 15:07:00', 54.75, 54.72, 54.72, 54.75, 1773]
['2019-03-29 15:06:00', 54.72, 54.75, 54.72, 54.75, 1780]
['2019-03-29 15:05:00', 54.725, 54.725, 54.725, 54.745, 2885]
['2019-03-29 15:04:00', 54.71, 54.725, 54.71, 54.74, 1610]
['2019-03-29 15:03:00', 54.71, 54.71, 54.71, 54.71, 316]
['2019-03-29 15:02:00', 54.73, 54.73, 54.73, 54.74, 1504]
['2019-03-29 15:01:00', 54.7, 54.73, 54.691, 54.73, 5621]
['2019-03-29 15:00:00', 54.7, 54.7, 54.69, 54.705, 1108]
['2019-03-29 14:59:00', 54.69, 54.7, 54.69, 54.7, 1922]
['2019-03-29 14:58:00', 54.75, 54.69, 54.69, 54.75, 6726]
['2019-03-29 14:57:00', 54.75, 54.75, 54.74, 54.75, 1908]
['2019-03-29 14:56:00', 54.75, 54.75, 54.75, 54.77, 4073]
['2019-03-29 14:55:00', 54.745, 54.75, 54.74, 54.75, 3275]
['2019-03-29 14:54:00', 54.75, 54.7475, 54.74, 54.76, 3278]
['2019-03-29 14:53:00', 54.75, 54.76, 54.75, 54.77, 4467]
['2019-03-29 14:52:00', 54.86, 54.75, 54.745, 54.86, 19864]
['2019-03-29 14:51:00', 54.815, 54.85, 54.815, 54.85, 2144]
['2019-03-29 14:50:00', 54.82, 54.815, 54.81, 54.82, 2896]
['2019-03-29 14:49:00', 54.81, 54.815, 54.81, 54.82, 1536]
['2019-03-29 14:48:00', 54.8, 54.81, 54.8, 54.81, 1146]
['2019-03-29 14:47:00', 54.795, 54.795, 54.795, 54.8, 933]
['2019-03-29 14:46:00', 54.8, 54.8, 54.8, 54.81, 1144]
['2019-03-29 14:45:00', 54.79, 54.8, 54.79, 54.8, 2184]
['2019-03-29 14:44:00', 54.785, 54.8, 54.785, 54.8, 710]
['2019-03-29 14:43:00', 54.74, 54.77, 54.74, 54.77, 1567]
['2019-03-29 14:42:00', 54.81, 54.755, 54.74, 54.815, 4403]
['2019-03-29 14:41:00', 54.82, 54.81, 54.81, 54.82, 4207]
['2019-03-29 14:40:00', 54.82, 54.82, 54.81, 54.83, 1792]
['2019-03-29 14:39:00', 54.81, 54.82, 54.8, 54.83, 1788]
['2019-03-29 14:38:00', 54.81, 54.8, 54.8, 54.81, 1919]
['2019-03-29 14:37:00', 54.79, 54.805, 54.79, 54.81, 1810]
['2019-03-29 14:36:00', 54.79, 54.79, 54.79, 54.81, 1628]
['2019-03-29 14:35:00', 54.785, 54.79, 54.785, 54.79, 1004]
['2019-03-29 14:34:00', 54.77, 54.775, 54.76, 54.775, 1887]
['2019-03-29 14:33:00', 54.74, 54.78, 54.74, 54.78, 1991]
['2019-03-29 14:32:00', 54.72, 54.73, 54.72, 54.735, 1619]
['2019-03-29 14:31:00', 54.71, 54.7, 54.7, 54.71, 759]
['2019-03-29 14:30:00', 54.725, 54.715, 54.715, 54.725, 638]
['2019-03-29 14:29:00', 54.705, 54.72, 54.705, 54.72, 695]
['2019-03-29 14:28:00', 54.72, 54.7, 54.7, 54.73, 774]
['2019-03-29 14:27:00', 54.74, 54.71, 54.7, 54.74, 975]
['2019-03-29 14:26:00', 54.75, 54.73, 54.72, 54.77, 3437]
['2019-03-29 14:25:00', 54.73, 54.75, 54.73, 54.78, 3801]
['2019-03-29 14:24:00', 54.75, 54.72, 54.69, 54.75, 3113]
['2019-03-29 14:23:00', 54.6, 54.76, 54.5968, 54.77, 10418]
['2019-03-29 14:22:00', 54.62, 54.585, 54.56, 54.62, 9576]
['2019-03-29 14:21:00', 54.6, 54.62, 54.6, 54.63, 35446]
['2019-03-29 14:20:00', 54.6, 54.61, 54.6, 54.655, 26483]
['2019-03-29 14:19:00', 54.62, 54.6, 54.6, 54.64, 16786]
['2019-03-29 14:18:00', 54.6, 54.61, 54.6, 54.64, 8649]
['2019-03-29 14:17:00', 54.6, 54.61, 54.59, 54.61, 1105]
['2019-03-29 14:16:00', 54.6, 54.6, 54.6, 54.61, 2293]
['2019-03-29 14:15:00', 54.605, 54.6, 54.59, 54.62, 1928]
['2019-03-29 14:14:00', 54.59, 54.6, 54.59, 54.63, 3234]
['2019-03-29 14:13:00', 54.59, 54.58, 54.55, 54.61, 4643]
['2019-03-29 14:12:00', 54.625, 54.6, 54.6, 54.645, 8402]
['2019-03-29 14:11:00', 54.63, 54.63, 54.6, 54.645, 9060]
['2019-03-29 14:10:00', 54.62, 54.63, 54.62, 54.64, 3444]
['2019-03-29 14:09:00', 54.6, 54.6, 54.6, 54.605, 1175]
['2019-03-29 14:08:00', 54.61, 54.6, 54.59, 54.61, 2051]
['2019-03-29 14:07:00', 54.59, 54.59, 54.58, 54.6, 1766]
['2019-03-29 14:06:00', 54.61, 54.6, 54.6, 54.61, 2183]
['2019-03-29 14:05:00', 54.61, 54.6, 54.6, 54.61, 3955]
['2019-03-29 14:04:00', 54.6, 54.605, 54.6, 54.61, 867]
['2019-03-29 14:03:00', 54.6, 54.605, 54.6, 54.605, 502]
['2019-03-29 14:02:00', 54.58, 54.6, 54.58, 54.6, 1358]
['2019-03-29 14:01:00', 54.58, 54.58, 54.58, 54.6, 774]
['2019-03-29 14:00:00', 54.59, 54.59, 54.59, 54.61, 1028]
['2019-03-29 13:58:00', 54.59, 54.58, 54.58, 54.6, 2565]
['2019-03-29 13:57:00', 54.6, 54.59, 54.59, 54.6, 1940]
['2019-03-29 13:56:00', 54.6, 54.59, 54.59, 54.62, 1673]
['2019-03-29 13:55:00', 54.58, 54.59, 54.58, 54.59, 1380]
['2019-03-29 13:54:00', 54.57, 54.57, 54.565, 54.57, 1030]
['2019-03-29 13:53:00', 54.57, 54.58, 54.56, 54.58, 1239]
['2019-03-29 13:52:00', 54.56, 54.56, 54.56, 54.58, 851]
['2019-03-29 13:51:00', 54.57, 54.575, 54.57, 54.575, 797]
['2019-03-29 13:50:00', 54.53, 54.55, 54.53, 54.56, 900]
['2019-03-29 13:49:00', 54.58, 54.56, 54.55, 54.58, 1761]
['2019-03-29 13:48:00', 54.62, 54.59, 54.59, 54.62, 3628]
['2019-03-29 13:47:00', 54.62, 54.62, 54.57, 54.625, 7794]
['2019-03-29 13:46:00', 54.69, 54.59, 54.59, 54.7, 10323]
['2019-03-29 13:45:00', 54.71, 54.71, 54.69, 54.72, 2274]
['2019-03-29 13:44:00', 54.69, 54.7, 54.68, 54.7, 2440]
['2019-03-29 13:43:00', 54.72, 54.6801, 54.6801, 54.7285, 1002]
['2019-03-29 13:42:00', 54.76, 54.74, 54.74, 54.76, 1380]
['2019-03-29 13:41:00', 54.75, 54.75, 54.75, 54.75, 100]
['2019-03-29 13:40:00', 54.75, 54.75, 54.745, 54.75, 1234]
['2019-03-29 13:39:00', 54.73, 54.74, 54.73, 54.75, 413]
['2019-03-29 13:38:00', 54.79, 54.75, 54.75, 54.79, 1324]
['2019-03-29 13:37:00', 54.78, 54.77, 54.77, 54.78, 1215]
['2019-03-29 13:36:00', 54.78, 54.78, 54.78, 54.78, 193]
['2019-03-29 13:35:00', 54.8, 54.79, 54.79, 54.8, 1005]
['2019-03-29 13:33:00', 54.82, 54.81, 54.81, 54.82, 1211]
['2019-03-29 13:31:00', 54.8, 54.8, 54.8, 54.8, 194]
['2019-03-29 13:30:00', 54.79, 54.79, 54.79, 54.79, 102]
['2019-03-29 13:28:00', 54.79, 54.79, 54.79, 54.79, 1152]
['2019-03-29 13:27:00', 54.795, 54.795, 54.795, 54.795, 130]
['2019-03-29 13:26:00', 54.8, 54.79, 54.785, 54.8, 461]
['2019-03-29 13:25:00', 54.78, 54.78, 54.78, 54.78, 102]
['2019-03-29 13:23:00', 54.78, 54.79, 54.78, 54.79, 1062]
['2019-03-29 13:22:00', 54.75, 54.78, 54.75, 54.79, 1485]
['2019-03-29 13:21:00', 54.76, 54.75, 54.75, 54.76, 345]
['2019-03-29 13:19:00', 54.74, 54.73, 54.73, 54.74, 530]
['2019-03-29 13:18:00', 54.75, 54.75, 54.75, 54.76, 1880]
['2019-03-29 13:17:00', 54.755, 54.74, 54.74, 54.755, 677]
['2019-03-29 13:15:00', 54.76, 54.76, 54.76, 54.76, 150]
['2019-03-29 13:14:00', 54.76, 54.76, 54.76, 54.76, 242]
['2019-03-29 13:13:00', 54.76, 54.76, 54.75, 54.76, 692]
['2019-03-29 13:12:00', 54.77, 54.77, 54.77, 54.77, 240]
['2019-03-29 13:10:00', 54.73, 54.76, 54.73, 54.76, 385]
['2019-03-29 13:09:00', 54.73, 54.73, 54.73, 54.73, 141]
['2019-03-29 13:08:00', 54.7, 54.7, 54.7, 54.71, 755]
['2019-03-29 13:07:00', 54.72, 54.71, 54.7, 54.72, 981]
['2019-03-29 13:06:00', 54.75, 54.72, 54.72, 54.75, 1063]
['2019-03-29 13:05:00', 54.75, 54.75, 54.75, 54.75, 496]
['2019-03-29 13:04:00', 54.77, 54.77, 54.77, 54.77, 100]
['2019-03-29 13:03:00', 54.75, 54.75, 54.75, 54.75, 300]
['2019-03-29 13:02:00', 54.76, 54.76, 54.76, 54.76, 200]
['2019-03-29 13:01:00', 54.81, 54.77, 54.77, 54.81, 1359]
['2019-03-29 13:00:00', 54.83, 54.81, 54.81, 54.84, 1491]
['2019-03-29 12:59:00', 54.83, 54.85, 54.83, 54.86, 1983]
['2019-03-29 12:58:00', 54.83, 54.83, 54.83, 54.83, 100]
['2019-03-29 12:57:00', 54.835, 54.83, 54.83, 54.835, 581]
['2019-03-29 12:56:00', 54.82, 54.83, 54.82, 54.83, 1037]
['2019-03-29 12:55:00', 54.81, 54.82, 54.81, 54.82, 670]
['2019-03-29 12:54:00', 54.81, 54.805, 54.805, 54.82, 1066]
['2019-03-29 12:53:00', 54.79, 54.81, 54.79, 54.81, 575]
['2019-03-29 12:51:00', 54.8, 54.8, 54.79, 54.8, 376]
['2019-03-29 12:50:00', 54.805, 54.805, 54.805, 54.805, 135]
['2019-03-29 12:49:00', 54.79, 54.79, 54.79, 54.79, 708]
['2019-03-29 12:48:00', 54.8, 54.8, 54.8, 54.8, 141]
['2019-03-29 12:46:00', 54.815, 54.82, 54.815, 54.82, 813]
['2019-03-29 12:45:00', 54.78, 54.81, 54.78, 54.81, 956]
['2019-03-29 12:44:00', 54.82, 54.82, 54.82, 54.82, 519]
['2019-03-29 12:43:00', 54.81, 54.81, 54.81, 54.81, 1278]
['2019-03-29 12:42:00', 54.82, 54.82, 54.82, 54.82, 195]
['2019-03-29 12:40:00', 54.83, 54.82, 54.82, 54.83, 474]
['2019-03-29 12:38:00', 54.85, 54.86, 54.85, 54.86, 277]
['2019-03-29 12:36:00', 54.84, 54.85, 54.84, 54.85, 654]
['2019-03-29 12:35:00', 54.87, 54.835, 54.835, 54.87, 719]
['2019-03-29 12:34:00', 54.84, 54.86, 54.84, 54.86, 667]
['2019-03-29 12:31:00', 54.85, 54.82, 54.82, 54.86, 1043]
['2019-03-29 12:30:00', 54.86, 54.84, 54.84, 54.86, 1736]
['2019-03-29 12:28:00', 54.87, 54.875, 54.87, 54.875, 327]
['2019-03-29 12:27:00', 54.89, 54.88, 54.87, 54.89, 2578]
['2019-03-29 12:26:00', 54.91, 54.895, 54.895, 54.92, 722]
['2019-03-29 12:25:00', 54.93, 54.93, 54.93, 54.93, 254]
['2019-03-29 12:24:00', 54.89, 54.89, 54.89, 54.89, 243]
['2019-03-29 12:23:00', 54.89, 54.9, 54.89, 54.92, 1841]
['2019-03-29 12:22:00', 54.875, 54.87, 54.87, 54.88, 1036]
['2019-03-29 12:20:00', 54.8601, 54.87, 54.86, 54.87, 2954]
['2019-03-29 12:19:00', 54.88, 54.88, 54.88, 54.88, 118]
['2019-03-29 12:18:00', 54.88, 54.85, 54.85, 54.885, 1149]
['2019-03-29 12:17:00', 54.86, 54.89, 54.86, 54.89, 2789]
['2019-03-29 12:16:00', 54.84, 54.85, 54.84, 54.85, 788]
['2019-03-29 12:15:00', 54.83, 54.84, 54.83, 54.84, 500]
['2019-03-29 12:14:00', 54.86, 54.86, 54.86, 54.86, 231]
['2019-03-29 12:13:00', 54.89, 54.89, 54.88, 54.89, 1309]
['2019-03-29 12:12:00', 54.91, 54.9, 54.9, 54.91, 606]
['2019-03-29 12:11:00', 54.91, 54.91, 54.91, 54.91, 400]
['2019-03-29 12:10:00', 54.9, 54.91, 54.89, 54.91, 730]
['2019-03-29 12:08:00', 54.915, 54.9, 54.9, 54.915, 554]
['2019-03-29 12:07:00', 54.9, 54.9, 54.9, 54.9, 200]
['2019-03-29 12:06:00', 54.9, 54.9, 54.9, 54.9, 752]
['2019-03-29 12:03:00', 54.93, 54.93, 54.93, 54.93, 491]
['2019-03-29 12:02:00', 54.94, 54.94, 54.94, 54.94, 675]
['2019-03-29 12:00:00', 54.95, 54.95, 54.95, 54.95, 219]
['2019-03-29 11:59:00', 54.98, 54.98, 54.98, 54.98, 204]
['2019-03-29 11:58:00', 54.98, 54.97, 54.97, 54.98, 432]
['2019-03-29 11:57:00', 55.01, 55.0, 55.0, 55.02, 796]
['2019-03-29 11:56:00', 55.035, 55.0, 55.0, 55.035, 793]
['2019-03-29 11:55:00', 55.04, 55.04, 55.025, 55.05, 3267]
['2019-03-29 11:54:00', 55.021, 55.021, 55.021, 55.021, 309]
['2019-03-29 11:53:00', 55.03, 55.025, 55.025, 55.03, 593]
['2019-03-29 11:52:00', 55.03, 55.03, 55.03, 55.03, 336]
['2019-03-29 11:51:00', 55.04, 55.04, 55.04, 55.04, 101]
['2019-03-29 11:50:00', 55.04, 55.03, 55.03, 55.05, 1279]
['2019-03-29 11:49:00', 55.03, 55.03, 55.03, 55.03, 101]
['2019-03-29 11:48:00', 55.03, 55.03, 55.03, 55.03, 208]
['2019-03-29 11:47:00', 55.03, 55.025, 55.025, 55.03, 602]
['2019-03-29 11:46:00', 55.02, 55.04, 55.02, 55.04, 775]
['2019-03-29 11:43:00', 55.04, 55.03, 55.03, 55.045, 1001]
['2019-03-29 11:42:00', 55.03, 55.03, 55.03, 55.03, 400]
['2019-03-29 11:41:00', 55.04, 55.035, 55.03, 55.04, 791]
['2019-03-29 11:38:00', 54.99, 55.03, 54.99, 55.03, 697]
['2019-03-29 11:36:00', 54.995, 54.97, 54.97, 54.995, 939]
['2019-03-29 11:35:00', 54.97, 54.98, 54.97, 54.98, 380]
['2019-03-29 11:34:00', 54.96, 54.97, 54.96, 54.97, 655]
['2019-03-29 11:33:00', 54.95, 54.95, 54.94, 54.95, 326]
['2019-03-29 11:32:00', 54.95, 54.96, 54.95, 54.96, 418]
['2019-03-29 11:31:00', 54.94, 54.94, 54.93, 54.94, 414]
['2019-03-29 11:30:00', 54.915, 54.9428, 54.915, 54.9428, 680]
['2019-03-29 11:29:00', 54.92, 54.92, 54.92, 54.92, 250]
['2019-03-29 11:28:00', 54.94, 54.87, 54.87, 54.94, 3203]
['2019-03-29 11:27:00', 54.92, 54.95, 54.92, 54.95, 1149]
['2019-03-29 11:26:00', 54.94, 54.93, 54.93, 54.95, 849]
['2019-03-29 11:25:00', 54.91, 54.95, 54.91, 54.95, 2042]
['2019-03-29 11:24:00', 54.9, 54.9, 54.9, 54.91, 1107]
['2019-03-29 11:23:00', 54.91, 54.9, 54.9, 54.91, 315]
['2019-03-29 11:22:00', 54.91, 54.915, 54.91, 54.92, 652]
['2019-03-29 11:21:00', 54.95, 54.91, 54.91, 54.95, 1051]
['2019-03-29 11:20:00', 54.96, 54.96, 54.955, 54.96, 441]
['2019-03-29 11:19:00', 54.99, 54.94, 54.94, 54.99, 1154]
['2019-03-29 11:18:00', 55.0, 55.0, 55.0, 55.0045, 300]
['2019-03-29 11:17:00', 54.975, 54.99, 54.975, 54.99, 758]
['2019-03-29 11:16:00', 55.005, 55.005, 55.005, 55.005, 559]
['2019-03-29 11:15:00', 54.99, 55.005, 54.99, 55.01, 878]
['2019-03-29 11:14:00', 54.98, 54.98, 54.98, 54.98, 537]
['2019-03-29 11:13:00', 54.965, 54.965, 54.965, 54.965, 100]
['2019-03-29 11:12:00', 54.99, 54.96, 54.96, 54.99, 1076]
['2019-03-29 11:11:00', 55.0, 55.01, 55.0, 55.01, 559]
['2019-03-29 11:10:00', 55.005, 54.985, 54.98, 55.005, 919]
['2019-03-29 11:09:00', 55.01, 55.0, 55.0, 55.01, 362]
['2019-03-29 11:08:00', 55.025, 55.04, 55.025, 55.04, 1588]
['2019-03-29 11:05:00', 55.08, 55.05, 55.05, 55.08, 1802]
['2019-03-29 11:04:00', 55.08, 55.08, 55.08, 55.08, 404]
['2019-03-29 11:03:00', 55.06, 55.08, 55.06, 55.08, 419]
['2019-03-29 11:02:00', 55.06, 55.05, 55.05, 55.06, 346]
['2019-03-29 11:01:00', 55.09, 55.07, 55.045, 55.09, 3454]
['2019-03-29 11:00:00', 55.1, 55.09, 55.075, 55.115, 2137]
['2019-03-29 10:59:00', 55.05, 55.085, 55.05, 55.085, 1841]
['2019-03-29 10:58:00', 55.04, 55.04, 55.04, 55.04, 667]
['2019-03-29 10:57:00', 55.02, 55.03, 55.015, 55.03, 833]
['2019-03-29 10:56:00', 55.025, 55.01, 55.01, 55.04, 400]
['2019-03-29 10:55:00', 55.035, 55.02, 55.02, 55.05, 1622]
['2019-03-29 10:54:00', 55.06, 55.03, 55.02, 55.075, 3582]
['2019-03-29 10:53:00', 55.07, 55.065, 55.035, 55.07, 1874]
['2019-03-29 10:52:00', 55.08, 55.05, 55.05, 55.08, 540]
['2019-03-29 10:51:00', 55.07, 55.08, 55.07, 55.08, 202]
['2019-03-29 10:50:00', 55.1197, 55.05, 55.05, 55.1197, 1418]
['2019-03-29 10:49:00', 55.12, 55.12, 55.12, 55.12, 100]
['2019-03-29 10:48:00', 55.11, 55.11, 55.11, 55.12, 922]
['2019-03-29 10:47:00', 55.1, 55.1, 55.1, 55.1, 201]
['2019-03-29 10:46:00', 55.1, 55.1, 55.1, 55.1, 109]
['2019-03-29 10:45:00', 55.12, 55.08, 55.08, 55.15, 780]
['2019-03-29 10:44:00', 55.09, 55.09, 55.09, 55.09, 100]
['2019-03-29 10:43:00', 55.12, 55.12, 55.12, 55.12, 100]
['2019-03-29 10:41:00', 55.11, 55.11, 55.11, 55.11, 214]
['2019-03-29 10:40:00', 55.13, 55.13, 55.13, 55.13, 200]
['2019-03-29 10:39:00', 55.1, 55.1, 55.1, 55.1, 222]
['2019-03-29 10:38:00', 55.07, 55.1, 55.07, 55.1, 244]
['2019-03-29 10:37:00', 55.12, 55.07, 55.07, 55.12, 1089]
['2019-03-29 10:36:00', 55.08, 55.13, 55.08, 55.13, 1000]
['2019-03-29 10:35:00', 55.07, 55.08, 55.07, 55.08, 400]
['2019-03-29 10:34:00', 55.01, 55.03, 55.01, 55.04, 600]
['2019-03-29 10:33:00', 55.07, 55.01, 55.01, 55.07, 914]
['2019-03-29 10:32:00', 55.02, 55.06, 55.02, 55.06, 306]
['2019-03-29 10:31:00', 55.01, 55.01, 55.01, 55.01, 129]
['2019-03-29 10:28:00', 55.07, 55.07, 55.07, 55.07, 167]
['2019-03-29 10:27:00', 55.03, 55.07, 55.03, 55.07, 460]
['2019-03-29 10:26:00', 55.02, 55.02, 55.02, 55.02, 101]
['2019-03-29 10:25:00', 54.99, 54.99, 54.99, 54.99, 378]
['2019-03-29 10:24:00', 55.03, 55.03, 55.03, 55.03, 100]
['2019-03-29 10:23:00', 54.99, 54.97, 54.97, 54.99, 200]
['2019-03-29 10:22:00', 55.05, 54.99, 54.99, 55.05, 504]
['2019-03-29 10:21:00', 55.12, 55.12, 55.12, 55.12, 132]
['2019-03-29 10:20:00', 55.06, 55.095, 55.06, 55.095, 223]
['2019-03-29 10:19:00', 55.09, 55.09, 55.09, 55.09, 123]
['2019-03-29 10:18:00', 55.13, 55.15, 55.13, 55.15, 220]
['2019-03-29 10:17:00', 55.1, 55.1, 55.1, 55.1, 241]
['2019-03-29 10:16:00', 55.08, 55.08, 55.08, 55.08, 155]
['2019-03-29 10:15:00', 55.17, 55.09, 55.09, 55.17, 524]
['2019-03-29 10:14:00', 55.18, 55.18, 55.18, 55.18, 100]
['2019-03-29 10:13:00', 55.12, 55.145, 55.12, 55.145, 220]
['2019-03-29 10:11:00', 55.23, 55.2, 55.2, 55.23, 406]
['2019-03-29 10:10:00', 55.2081, 55.2081, 55.2081, 55.2081, 250]
['2019-03-29 10:09:00', 55.23, 55.2, 55.2, 55.23, 668]
['2019-03-29 10:08:00', 55.24, 55.235, 55.22, 55.27, 1402]
['2019-03-29 10:07:00', 55.23, 55.23, 55.23, 55.23, 420]
['2019-03-29 10:06:00', 55.215, 55.215, 55.215, 55.215, 220]
['2019-03-29 10:05:00', 55.21, 55.21, 55.17, 55.21, 1206]
['2019-03-29 10:04:00', 55.2, 55.2, 55.2, 55.2, 115]
['2019-03-29 10:03:00', 55.23, 55.23, 55.23, 55.23, 211]
['2019-03-29 10:01:00', 55.24, 55.16, 55.16, 55.24, 274]
['2019-03-29 10:00:00', 55.21, 55.22, 55.21, 55.22, 323]
['2019-03-29 09:59:00', 55.16, 55.18, 55.16, 55.18, 924]
['2019-03-29 09:58:00', 55.15, 55.17, 55.14, 55.17, 610]
['2019-03-29 09:57:00', 55.21, 55.13, 55.13, 55.21, 320]
['2019-03-29 09:56:00', 55.24, 55.21, 55.21, 55.24, 1117]
['2019-03-29 09:55:00', 55.18, 55.24, 55.14, 55.24, 7893]
['2019-03-29 09:53:00', 55.18, 55.18, 55.18, 55.18, 262]
['2019-03-29 09:52:00', 55.12, 55.12, 55.12, 55.12, 270]
['2019-03-29 09:51:00', 55.07, 55.09, 55.07, 55.09, 925]
['2019-03-29 09:49:00', 55.04, 55.04, 55.04, 55.04, 187]
['2019-03-29 09:48:00', 55.1, 55.1, 55.1, 55.1, 100]
['2019-03-29 09:47:00', 55.13, 55.03, 55.03, 55.13, 634]
['2019-03-29 09:46:00', 55.16, 55.16, 55.16, 55.16, 225]
['2019-03-29 09:44:00', 55.08, 55.15, 55.08, 55.15, 200]
['2019-03-29 09:43:00', 55.02, 55.04, 55.02, 55.04, 752]
['2019-03-29 09:41:00', 55.1, 55.0, 55.0, 55.1, 819]
['2019-03-29 09:39:00', 55.1, 55.1, 55.1, 55.1, 110]
['2019-03-29 09:38:00', 55.04, 55.04, 55.04, 55.04, 110]
['2019-03-29 09:37:00', 55.11, 55.11, 55.11, 55.11, 605]
['2019-03-29 09:36:00', 55.39, 55.2, 55.2, 55.39, 2740]
['2019-03-29 09:34:00', 55.44, 55.43, 55.43, 55.44, 507]
['2019-03-29 09:33:00', 55.52, 55.48, 55.36, 55.52, 571]
['2019-03-29 09:32:00', 55.395, 55.365, 55.365, 55.51, 500]
['2019-03-29 09:31:00', 55.41, 55.43, 55.41, 55.43, 2513]
['2019-03-28 16:00:00', 55.155, 55.13, 55.11, 55.1625, 9754]
['2019-03-28 15:59:00', 55.15, 55.16, 55.14, 55.17, 3502]
['2019-03-28 15:58:00', 55.12, 55.16, 55.1, 55.16, 6774]
['2019-03-28 15:57:00', 55.12, 55.13, 55.11, 55.13, 3519]
['2019-03-28 15:56:00', 55.11, 55.1175, 55.11, 55.12, 2606]
['2019-03-28 15:55:00', 55.12, 55.105, 55.105, 55.12, 2274]
['2019-03-28 15:54:00', 55.1, 55.095, 55.06, 55.1, 6788]
['2019-03-28 15:53:00', 55.105, 55.1, 55.1, 55.11, 793]
['2019-03-28 15:52:00', 55.12, 55.11, 55.1, 55.12, 3080]
['2019-03-28 15:51:00', 55.115, 55.13, 55.11, 55.13, 2646]
['2019-03-28 15:50:00', 55.11, 55.12, 55.11, 55.125, 1874]
['2019-03-28 15:49:00', 55.16, 55.12, 55.11, 55.16, 3230]
['2019-03-28 15:48:00', 55.16, 55.16, 55.155, 55.16, 799]
['2019-03-28 15:47:00', 55.19, 55.16, 55.12, 55.19, 3194]
['2019-03-28 15:46:00', 55.19, 55.175, 55.175, 55.22, 4494]
['2019-03-28 15:45:00', 55.17, 55.18, 55.165, 55.18, 3644]
['2019-03-28 15:44:00', 55.165, 55.165, 55.165, 55.165, 642]
['2019-03-28 15:43:00', 55.17, 55.17, 55.165, 55.17, 887]
['2019-03-28 15:42:00', 55.155, 55.165, 55.155, 55.165, 1593]
['2019-03-28 15:41:00', 55.16, 55.155, 55.155, 55.16, 1216]
['2019-03-28 15:40:00', 55.135, 55.17, 55.135, 55.17, 1528]
['2019-03-28 15:39:00', 55.165, 55.13, 55.09, 55.165, 4052]
['2019-03-28 15:38:00', 55.16, 55.165, 55.15, 55.165, 1607]
['2019-03-28 15:37:00', 55.165, 55.16, 55.16, 55.17, 1181]
['2019-03-28 15:36:00', 55.16, 55.165, 55.16, 55.165, 556]
['2019-03-28 15:35:00', 55.14, 55.16, 55.135, 55.16, 3166]
['2019-03-28 15:34:00', 55.15, 55.14, 55.14, 55.16, 1239]
['2019-03-28 15:33:00', 55.135, 55.155, 55.135, 55.155, 1509]
['2019-03-28 15:32:00', 55.15, 55.13, 55.13, 55.15, 1958]
['2019-03-28 15:31:00', 55.145, 55.155, 55.145, 55.16, 307]
['2019-03-28 15:30:00', 55.15, 55.15, 55.135, 55.15, 985]
['2019-03-28 15:28:00', 55.1701, 55.155, 55.15, 55.1701, 1915]
['2019-03-28 15:27:00', 55.13, 55.17, 55.13, 55.18, 1379]
['2019-03-28 15:26:00', 55.13, 55.14, 55.13, 55.14, 758]
['2019-03-28 15:25:00', 55.13, 55.12, 55.11, 55.13, 1573]
['2019-03-28 15:24:00', 55.16, 55.15, 55.13, 55.16, 3493]
['2019-03-28 15:23:00', 55.13, 55.165, 55.13, 55.165, 1080]
['2019-03-28 15:22:00', 55.11, 55.12, 55.11, 55.12, 624]
['2019-03-28 15:20:00', 55.05, 55.1, 55.05, 55.1, 1012]
['2019-03-28 15:19:00', 55.04, 55.04, 55.04, 55.04, 162]
['2019-03-28 15:18:00', 55.05, 55.05, 55.05, 55.05, 201]
['2019-03-28 15:17:00', 55.07, 55.05, 55.05, 55.07, 853]
['2019-03-28 15:16:00', 55.11, 55.09, 55.09, 55.12, 1639]
['2019-03-28 15:15:00', 55.09, 55.1, 55.09, 55.1, 775]
['2019-03-28 15:14:00', 55.08, 55.09, 55.08, 55.09, 917]
['2019-03-28 15:13:00', 55.04, 55.06, 55.04, 55.06, 526]
['2019-03-28 15:12:00', 55.02, 55.02, 55.02, 55.02, 332]
['2019-03-28 15:11:00', 55.01, 55.01, 55.01, 55.01, 440]
['2019-03-28 15:10:00', 55.04, 55.04, 55.04, 55.04, 584]
['2019-03-28 15:09:00', 55.06, 55.05, 55.05, 55.06, 458]
['2019-03-28 15:08:00', 55.03, 55.05, 55.03, 55.05, 1257]
['2019-03-28 15:07:00', 55.01, 55.02, 55.01, 55.02, 422]
['2019-03-28 15:05:00', 55.02, 55.02, 55.01, 55.02, 1710]
['2019-03-28 15:04:00', 54.99, 55.04, 54.99, 55.04, 435]
['2019-03-28 15:03:00', 54.97, 54.98, 54.97, 54.99, 1139]
['2019-03-28 15:02:00', 54.92, 54.95, 54.92, 54.95, 1215]
['2019-03-28 15:00:00', 54.9, 54.9, 54.9, 54.9, 468]
['2019-03-28 14:59:00', 54.9, 54.9, 54.89, 54.9, 1278]
['2019-03-28 14:58:00', 54.9, 54.9, 54.9, 54.9, 365]
['2019-03-28 14:57:00', 54.88, 54.89, 54.88, 54.89, 737]
['2019-03-28 14:56:00', 54.88, 54.87, 54.87, 54.88, 300]
['2019-03-28 14:55:00', 54.87, 54.875, 54.87, 54.88, 473]
['2019-03-28 14:54:00', 54.86, 54.87, 54.855, 54.87, 778]
['2019-03-28 14:53:00', 54.86, 54.85, 54.85, 54.86, 960]
['2019-03-28 14:52:00', 54.825, 54.8698, 54.825, 54.87, 1503]
['2019-03-28 14:51:00', 54.825, 54.825, 54.825, 54.825, 200]
['2019-03-28 14:50:00', 54.84, 54.81, 54.81, 54.84, 441]
['2019-03-28 14:49:00', 54.85, 54.85, 54.85, 54.85, 300]
['2019-03-28 14:48:00', 54.865, 54.88, 54.865, 54.89, 1181]
['2019-03-28 14:47:00', 54.85, 54.865, 54.85, 54.865, 711]
['2019-03-28 14:46:00', 54.865, 54.85, 54.85, 54.865, 1095]
['2019-03-28 14:45:00', 54.885, 54.87, 54.86, 54.885, 1793]
['2019-03-28 14:43:00', 54.89, 54.89, 54.89, 54.89, 358]
['2019-03-28 14:42:00', 54.885, 54.89, 54.885, 54.89, 538]
['2019-03-28 14:41:00', 54.89, 54.89, 54.89, 54.89, 933]
['2019-03-28 14:40:00', 54.89, 54.9, 54.89, 54.9, 301]
['2019-03-28 14:39:00', 54.88, 54.89, 54.88, 54.89, 1323]
['2019-03-28 14:37:00', 54.87, 54.87, 54.87, 54.87, 139]
['2019-03-28 14:36:00', 54.87, 54.87, 54.87, 54.87, 112]
['2019-03-28 14:35:00', 54.86, 54.86, 54.86, 54.86, 200]
['2019-03-28 14:34:00', 54.88, 54.87, 54.86, 54.88, 1136]
['2019-03-28 14:33:00', 54.9, 54.91, 54.9, 54.91, 252]
['2019-03-28 14:32:00', 54.9, 54.9, 54.9, 54.9, 627]
['2019-03-28 14:31:00', 54.91, 54.89, 54.89, 54.91, 1373]
['2019-03-28 14:30:00', 54.91, 54.915, 54.91, 54.915, 428]
['2019-03-28 14:29:00', 54.915, 54.92, 54.91, 54.92, 303]
['2019-03-28 14:28:00', 54.9, 54.91, 54.9, 54.91, 404]
['2019-03-28 14:27:00', 54.9, 54.91, 54.89, 54.91, 1260]
['2019-03-28 14:26:00', 54.935, 54.895, 54.88, 54.935, 1762]
['2019-03-28 14:25:00', 54.925, 54.93, 54.925, 54.93, 628]
['2019-03-28 14:24:00', 54.93, 54.925, 54.925, 54.93, 994]
['2019-03-28 14:23:00', 54.94, 54.92, 54.92, 54.94, 858]
['2019-03-28 14:22:00', 54.95, 54.94, 54.94, 54.95, 1110]
['2019-03-28 14:21:00', 54.95, 54.95, 54.95, 54.95, 198]
['2019-03-28 14:19:00', 54.94, 54.94, 54.94, 54.94, 1516]
['2019-03-28 14:18:00', 54.93, 54.94, 54.93, 54.94, 615]
['2019-03-28 14:17:00', 54.92, 54.92, 54.915, 54.92, 436]
['2019-03-28 14:16:00', 54.92, 54.92, 54.92, 54.92, 806]
['2019-03-28 14:15:00', 54.92, 54.92, 54.92, 54.925, 562]
['2019-03-28 14:14:00', 54.91, 54.915, 54.91, 54.915, 202]
['2019-03-28 14:13:00', 54.91, 54.92, 54.91, 54.93, 1817]
['2019-03-28 14:12:00', 54.905, 54.905, 54.905, 54.905, 552]
['2019-03-28 14:11:00', 54.9, 54.9, 54.9, 54.9, 1573]
['2019-03-28 14:09:00', 54.9, 54.9, 54.9, 54.91, 400]
['2019-03-28 14:08:00', 54.88, 54.88, 54.88, 54.88, 105]
['2019-03-28 14:07:00', 54.91, 54.905, 54.905, 54.91, 552]
['2019-03-28 14:06:00', 54.905, 54.91, 54.905, 54.91, 604]
['2019-03-28 14:05:00', 54.93, 54.92, 54.92, 54.93, 617]
['2019-03-28 14:04:00', 54.9, 54.92, 54.9, 54.92, 957]
['2019-03-28 14:02:00', 54.89, 54.89, 54.89, 54.89, 462]
['2019-03-28 14:01:00', 54.9, 54.91, 54.9, 54.91, 833]
['2019-03-28 14:00:00', 54.89, 54.9, 54.89, 54.9, 400]
['2019-03-28 13:59:00', 54.88, 54.89, 54.88, 54.89, 1001]
['2019-03-28 13:56:00', 54.88, 54.88, 54.88, 54.88, 410]
['2019-03-28 13:55:00', 54.88, 54.88, 54.88, 54.88, 1206]
['2019-03-28 13:53:00', 54.87, 54.87, 54.87, 54.87, 729]
['2019-03-28 13:52:00', 54.83, 54.86, 54.82, 54.86, 854]
['2019-03-28 13:51:00', 54.82, 54.82, 54.82, 54.82, 141]
['2019-03-28 13:50:00', 54.82, 54.82, 54.82, 54.82, 323]
['2019-03-28 13:49:00', 54.82, 54.84, 54.82, 54.84, 437]
['2019-03-28 13:48:00', 54.83, 54.83, 54.83, 54.83, 477]
['2019-03-28 13:47:00', 54.83, 54.83, 54.83, 54.83, 208]
['2019-03-28 13:46:00', 54.83, 54.83, 54.83, 54.83, 554]
['2019-03-28 13:45:00', 54.82, 54.82, 54.82, 54.82, 805]
['2019-03-28 13:44:00', 54.82, 54.82, 54.82, 54.82, 400]
['2019-03-28 13:43:00', 54.82, 54.82, 54.82, 54.82, 320]
['2019-03-28 13:42:00', 54.83, 54.83, 54.83, 54.83, 607]
['2019-03-28 13:41:00', 54.83, 54.83, 54.83, 54.83, 105]
['2019-03-28 13:40:00', 54.83, 54.83, 54.83, 54.84, 883]
['2019-03-28 13:39:00', 54.83, 54.83, 54.83, 54.83, 343]
['2019-03-28 13:38:00', 54.82, 54.83, 54.82, 54.83, 309]
['2019-03-28 13:36:00', 54.82, 54.8, 54.8, 54.82, 617]
['2019-03-28 13:35:00', 54.84, 54.8, 54.8, 54.84, 412]
['2019-03-28 13:34:00', 54.84, 54.84, 54.84, 54.84, 136]
['2019-03-28 13:33:00', 54.85, 54.85, 54.85, 54.86, 785]
['2019-03-28 13:32:00', 54.83, 54.83, 54.83, 54.83, 300]
['2019-03-28 13:30:00', 54.83, 54.82, 54.82, 54.83, 453]
['2019-03-28 13:29:00', 54.81, 54.81, 54.81, 54.81, 333]
['2019-03-28 13:28:00', 54.77, 54.795, 54.77, 54.795, 795]
['2019-03-28 13:27:00', 54.79, 54.76, 54.76, 54.79, 728]
['2019-03-28 13:24:00', 54.81, 54.8, 54.8, 54.81, 955]
['2019-03-28 13:21:00', 54.78, 54.79, 54.78, 54.79, 1291]
['2019-03-28 13:19:00', 54.74, 54.76, 54.74, 54.77, 852]
['2019-03-28 13:18:00', 54.76, 54.755, 54.75, 54.76, 429]
['2019-03-28 13:17:00', 54.745, 54.75, 54.745, 54.75, 325]
['2019-03-28 13:15:00', 54.78, 54.77, 54.76, 54.79, 2685]
['2019-03-28 13:13:00', 54.77, 54.78, 54.77, 54.78, 413]
['2019-03-28 13:11:00', 54.77, 54.76, 54.76, 54.77, 552]
['2019-03-28 13:10:00', 54.765, 54.765, 54.765, 54.765, 162]
['2019-03-28 13:09:00', 54.74, 54.75, 54.74, 54.75, 590]
['2019-03-28 13:08:00', 54.73, 54.74, 54.73, 54.74, 231]
['2019-03-28 13:07:00', 54.72, 54.72, 54.72, 54.72, 140]
['2019-03-28 13:06:00', 54.72, 54.72, 54.72, 54.72, 111]
['2019-03-28 13:05:00', 54.74, 54.73, 54.73, 54.74, 925]
['2019-03-28 13:04:00', 54.75, 54.74, 54.74, 54.75, 221]
['2019-03-28 13:03:00', 54.745, 54.73, 54.73, 54.745, 467]
['2019-03-28 13:02:00', 54.75, 54.76, 54.74, 54.76, 843]
['2019-03-28 13:00:00', 54.72, 54.72, 54.72, 54.72, 399]
['2019-03-28 12:59:00', 54.69, 54.7, 54.69, 54.7, 452]
['2019-03-28 12:58:00', 54.7, 54.7, 54.7, 54.7, 204]
['2019-03-28 12:56:00', 54.69, 54.69, 54.68, 54.69, 964]
['2019-03-28 12:55:00', 54.67, 54.69, 54.67, 54.69, 600]
['2019-03-28 12:54:00', 54.64, 54.65, 54.64, 54.65, 471]
['2019-03-28 12:52:00', 54.61, 54.61, 54.61, 54.61, 596]
['2019-03-28 12:49:00', 54.63, 54.61, 54.61, 54.63, 712]
['2019-03-28 12:47:00', 54.61, 54.61, 54.61, 54.61, 561]
['2019-03-28 12:46:00', 54.65, 54.65, 54.64, 54.66, 1588]
['2019-03-28 12:45:00', 54.63, 54.63, 54.63, 54.63, 253]
['2019-03-28 12:43:00', 54.61, 54.61, 54.61, 54.61, 660]
['2019-03-28 12:41:00', 54.61, 54.61, 54.61, 54.61, 364]
['2019-03-28 12:39:00', 54.63, 54.6, 54.6, 54.63, 909]
['2019-03-28 12:38:00', 54.62, 54.64, 54.62, 54.64, 786]
['2019-03-28 12:37:00', 54.61, 54.61, 54.61, 54.61, 202]
['2019-03-28 12:35:00', 54.61, 54.6, 54.6, 54.61, 438]
['2019-03-28 12:34:00', 54.61, 54.63, 54.61, 54.63, 562]
['2019-03-28 12:33:00', 54.63, 54.63, 54.63, 54.63, 201]
['2019-03-28 12:31:00', 54.61, 54.61, 54.61, 54.61, 578]
['2019-03-28 12:30:00', 54.61, 54.61, 54.61, 54.63, 932]
['2019-03-28 12:29:00', 54.6, 54.59, 54.59, 54.6, 400]
['2019-03-28 12:28:00', 54.58, 54.59, 54.58, 54.59, 400]
['2019-03-28 12:27:00', 54.58, 54.58, 54.58, 54.58, 200]
['2019-03-28 12:25:00', 54.59, 54.59, 54.58, 54.6, 778]
['2019-03-28 12:24:00', 54.58, 54.57, 54.57, 54.58, 799]
['2019-03-28 12:23:00', 54.54, 54.58, 54.54, 54.58, 829]
['2019-03-28 12:22:00', 54.54, 54.54, 54.54, 54.54, 201]
['2019-03-28 12:21:00', 54.52, 54.52, 54.52, 54.52, 287]
['2019-03-28 12:20:00', 54.52, 54.52, 54.52, 54.52, 301]
['2019-03-28 12:19:00', 54.51, 54.5, 54.5, 54.51, 1042]
['2019-03-28 12:17:00', 54.49, 54.5, 54.49, 54.5, 466]
['2019-03-28 12:16:00', 54.48, 54.49, 54.47, 54.49, 611]
['2019-03-28 12:15:00', 54.49, 54.49, 54.49, 54.49, 106]
['2019-03-28 12:13:00', 54.47, 54.47, 54.47, 54.47, 441]
['2019-03-28 12:12:00', 54.48, 54.48, 54.47, 54.48, 340]
['2019-03-28 12:11:00', 54.48, 54.48, 54.48, 54.48, 200]
['2019-03-28 12:10:00', 54.51, 54.51, 54.51, 54.51, 606]
['2019-03-28 12:09:00', 54.53, 54.51, 54.505, 54.53, 917]
['2019-03-28 12:08:00', 54.54, 54.54, 54.54, 54.54, 306]
['2019-03-28 12:07:00', 54.53, 54.53, 54.53, 54.53, 100]
['2019-03-28 12:05:00', 54.54, 54.53, 54.53, 54.54, 834]
['2019-03-28 12:04:00', 54.55, 54.54, 54.54, 54.55, 804]
['2019-03-28 12:03:00', 54.56, 54.54, 54.53, 54.56, 991]
['2019-03-28 12:01:00', 54.56, 54.59, 54.56, 54.59, 789]
['2019-03-28 12:00:00', 54.56, 54.57, 54.56, 54.58, 674]
['2019-03-28 11:59:00', 54.57, 54.545, 54.545, 54.57, 706]
['2019-03-28 11:57:00', 54.59, 54.57, 54.57, 54.59, 603]
['2019-03-28 11:56:00', 54.59, 54.59, 54.59, 54.59, 200]
['2019-03-28 11:54:00', 54.59, 54.59, 54.59, 54.59, 501]
['2019-03-28 11:53:00', 54.62, 54.6, 54.6, 54.62, 1294]
['2019-03-28 11:52:00', 54.6, 54.64, 54.6, 54.64, 731]
['2019-03-28 11:51:00', 54.61, 54.61, 54.61, 54.61, 100]
['2019-03-28 11:48:00', 54.55, 54.55, 54.55, 54.55, 356]
['2019-03-28 11:47:00', 54.52, 54.53, 54.52, 54.53, 501]
['2019-03-28 11:45:00', 54.53, 54.55, 54.53, 54.55, 817]
['2019-03-28 11:44:00', 54.55, 54.53, 54.53, 54.55, 1001]
['2019-03-28 11:41:00', 54.55, 54.55, 54.55, 54.55, 452]
['2019-03-28 11:40:00', 54.545, 54.545, 54.545, 54.545, 100]
['2019-03-28 11:39:00', 54.54, 54.53, 54.53, 54.54, 1040]
['2019-03-28 11:38:00', 54.52, 54.54, 54.52, 54.55, 848]
['2019-03-28 11:37:00', 54.56, 54.53, 54.5114, 54.56, 1559]
['2019-03-28 11:35:00', 54.56, 54.56, 54.56, 54.56, 600]
['2019-03-28 11:34:00', 54.55, 54.56, 54.55, 54.57, 639]
['2019-03-28 11:33:00', 54.54, 54.54, 54.54, 54.54, 400]
['2019-03-28 11:32:00', 54.54, 54.54, 54.53, 54.54, 812]
['2019-03-28 11:31:00', 54.55, 54.535, 54.535, 54.55, 1140]
['2019-03-28 11:30:00', 54.57, 54.56, 54.555, 54.57, 727]
['2019-03-28 11:29:00', 54.56, 54.5775, 54.555, 54.615, 4720]
['2019-03-28 11:28:00', 54.5, 54.53, 54.5, 54.53, 15654]
['2019-03-28 11:27:00', 54.505, 54.5, 54.49, 54.51, 9594]
['2019-03-28 11:26:00', 54.47, 54.51, 54.47, 54.52, 1480]
['2019-03-28 11:25:00', 54.475, 54.475, 54.475, 54.475, 128]
['2019-03-28 11:24:00', 54.48, 54.48, 54.48, 54.48, 435]
['2019-03-28 11:23:00', 54.5, 54.4875, 54.48, 54.5, 912]
['2019-03-28 11:22:00', 54.54, 54.53, 54.52, 54.55, 1001]
['2019-03-28 11:21:00', 54.51, 54.51, 54.51, 54.51, 401]
['2019-03-28 11:20:00', 54.57, 54.55, 54.55, 54.57, 451]
['2019-03-28 11:19:00', 54.58, 54.57, 54.57, 54.58, 739]
['2019-03-28 11:18:00', 54.58, 54.58, 54.58, 54.58, 514]
['2019-03-28 11:17:00', 54.58, 54.58, 54.58, 54.58, 100]
['2019-03-28 11:16:00', 54.62, 54.59, 54.58, 54.62, 956]
['2019-03-28 11:15:00', 54.6, 54.62, 54.6, 54.62, 720]
['2019-03-28 11:14:00', 54.6, 54.59, 54.59, 54.6, 336]
['2019-03-28 11:13:00', 54.6175, 54.62, 54.61, 54.62, 3352]
['2019-03-28 11:12:00', 54.6, 54.61, 54.6, 54.61, 307]
['2019-03-28 11:11:00', 54.6, 54.6, 54.6, 54.6, 200]
['2019-03-28 11:10:00', 54.6, 54.6, 54.6, 54.6, 404]
['2019-03-28 11:09:00', 54.65, 54.65, 54.64, 54.655, 1180]
['2019-03-28 11:08:00', 54.62, 54.65, 54.62, 54.65, 310]
['2019-03-28 11:07:00', 54.61, 54.61, 54.61, 54.61, 366]
['2019-03-28 11:06:00', 54.57, 54.59, 54.54, 54.59, 4148]
['2019-03-28 11:05:00', 54.63, 54.62, 54.62, 54.63, 851]
['2019-03-28 11:04:00', 54.66, 54.66, 54.66, 54.66, 789]
['2019-03-28 11:03:00', 54.7, 54.66, 54.66, 54.7, 1514]
['2019-03-28 11:02:00', 54.73, 54.725, 54.725, 54.73, 739]
['2019-03-28 11:01:00', 54.76, 54.73, 54.73, 54.76, 1111]
['2019-03-28 11:00:00', 54.77, 54.77, 54.765, 54.78, 1644]
['2019-03-28 10:59:00', 54.75, 54.77, 54.75, 54.77, 321]
['2019-03-28 10:58:00', 54.76, 54.75, 54.75, 54.76, 315]
['2019-03-28 10:57:00', 54.75, 54.75, 54.746, 54.75, 1379]
['2019-03-28 10:56:00', 54.68, 54.69, 54.68, 54.69, 670]
['2019-03-28 10:55:00', 54.7, 54.68, 54.68, 54.7, 332]
['2019-03-28 10:54:00', 54.66, 54.69, 54.66, 54.69, 559]
['2019-03-28 10:53:00', 54.68, 54.68, 54.68, 54.68, 166]
['2019-03-28 10:52:00', 54.7, 54.69, 54.68, 54.7, 717]
['2019-03-28 10:51:00', 54.7, 54.7, 54.7, 54.7, 300]
['2019-03-28 10:50:00', 54.77, 54.74, 54.72, 54.77, 1984]
['2019-03-28 10:49:00', 54.765, 54.76, 54.7501, 54.765, 2223]
['2019-03-28 10:48:00', 54.79, 54.79, 54.77, 54.79, 867]
['2019-03-28 10:47:00', 54.82, 54.8, 54.79, 54.82, 527]
['2019-03-28 10:46:00', 54.855, 54.83, 54.83, 54.855, 834]
['2019-03-28 10:45:00', 54.8459, 54.86, 54.82, 54.86, 893]
['2019-03-28 10:44:00', 54.83, 54.83, 54.83, 54.83, 100]
['2019-03-28 10:42:00', 54.81, 54.85, 54.81, 54.85, 655]
['2019-03-28 10:41:00', 54.78, 54.78, 54.78, 54.78, 308]
['2019-03-28 10:40:00', 54.79, 54.78, 54.775, 54.79, 510]
['2019-03-28 10:39:00', 54.78, 54.78, 54.78, 54.78, 213]
['2019-03-28 10:38:00', 54.78, 54.75, 54.75, 54.78, 1210]
['2019-03-28 10:36:00', 54.725, 54.77, 54.725, 54.79, 1373]
['2019-03-28 10:35:00', 54.74, 54.74, 54.739, 54.74, 856]
['2019-03-28 10:34:00', 54.77, 54.71, 54.705, 54.78, 2212]
['2019-03-28 10:33:00', 54.755, 54.75, 54.75, 54.755, 861]
['2019-03-28 10:32:00', 54.73, 54.73, 54.73, 54.73, 275]
['2019-03-28 10:31:00', 54.73, 54.735, 54.71, 54.765, 1150]
['2019-03-28 10:30:00', 54.755, 54.73, 54.73, 54.78, 1503]
['2019-03-28 10:29:00', 54.75, 54.72, 54.72, 54.75, 229]
['2019-03-28 10:28:00', 54.77, 54.75, 54.75, 54.78, 607]
['2019-03-28 10:27:00', 54.8, 54.78, 54.78, 54.8, 1019]
['2019-03-28 10:26:00', 54.8175, 54.8175, 54.8175, 54.8175, 127]
['2019-03-28 10:25:00', 54.805, 54.805, 54.805, 54.805, 117]
['2019-03-28 10:24:00', 54.82, 54.805, 54.805, 54.82, 205]
['2019-03-28 10:23:00', 54.81, 54.8062, 54.8062, 54.81, 747]
['2019-03-28 10:22:00', 54.76, 54.805, 54.76, 54.805, 386]
['2019-03-28 10:21:00', 54.79, 54.79, 54.79, 54.79, 148]
['2019-03-28 10:20:00', 54.81, 54.81, 54.81, 54.81, 200]
['2019-03-28 10:19:00', 54.83, 54.81, 54.81, 54.83, 1899]
['2019-03-28 10:18:00', 54.9, 54.821, 54.81, 54.9, 4782]
['2019-03-28 10:17:00', 54.91, 54.91, 54.91, 54.93, 485]
['2019-03-28 10:16:00', 54.92, 54.93, 54.92, 54.93, 702]
['2019-03-28 10:15:00', 54.91, 54.89, 54.89, 54.91, 220]
['2019-03-28 10:14:00', 54.91, 54.93, 54.91, 54.93, 444]
['2019-03-28 10:13:00', 54.91, 54.92, 54.91, 54.95, 5924]
['2019-03-28 10:12:00', 54.93, 54.93, 54.894, 54.93, 806]
['2019-03-28 10:11:00', 54.9, 54.93, 54.89, 54.93, 1100]
['2019-03-28 10:10:00', 54.92, 54.9, 54.9, 54.945, 21070]
['2019-03-28 10:09:00', 54.8773, 54.91, 54.86, 54.91, 698]
['2019-03-28 10:08:00', 54.89, 54.89, 54.89, 54.89, 106]
['2019-03-28 10:07:00', 54.9, 54.88, 54.88, 54.9, 700]
['2019-03-28 10:06:00', 54.95, 54.9128, 54.9128, 54.95, 9286]
['2019-03-28 10:05:00', 54.95, 54.955, 54.92, 54.955, 747]
['2019-03-28 10:04:00', 54.895, 54.895, 54.895, 54.895, 1101]
['2019-03-28 10:02:00', 54.81, 54.81, 54.81, 54.81, 481]
['2019-03-28 10:00:00', 54.87, 54.84, 54.81, 54.87, 761]
['2019-03-28 09:59:00', 54.8681, 54.89, 54.865, 54.89, 617]
['2019-03-28 09:58:00', 54.86, 54.88, 54.86, 54.88, 500]
['2019-03-28 09:57:00', 54.9, 54.9, 54.9, 54.91, 421]
['2019-03-28 09:56:00', 54.86, 54.86, 54.86, 54.86, 301]
['2019-03-28 09:55:00', 54.86, 54.87, 54.81, 54.87, 607]
['2019-03-28 09:54:00', 54.78, 54.84, 54.78, 54.87, 2836]
['2019-03-28 09:53:00', 54.775, 54.7984, 54.775, 54.83, 12929]
['2019-03-28 09:52:00', 54.83, 54.765, 54.765, 54.83, 1700]
['2019-03-28 09:51:00', 54.85, 54.84, 54.815, 54.85, 1421]
['2019-03-28 09:50:00', 54.96, 54.93, 54.91, 54.96, 914]
['2019-03-28 09:49:00', 54.93, 54.95, 54.905, 54.95, 900]
['2019-03-28 09:48:00', 54.93, 54.93, 54.93, 54.93, 165]
['2019-03-28 09:47:00', 54.96, 54.93, 54.91, 54.96, 1730]
['2019-03-28 09:46:00', 54.97, 54.92, 54.92, 54.98, 1597]
['2019-03-28 09:45:00', 54.91, 54.96, 54.91, 54.96, 1957]
['2019-03-28 09:44:00', 54.99, 54.97, 54.97, 55.03, 2279]
['2019-03-28 09:43:00', 55.01, 54.925, 54.925, 55.01, 3464]
['2019-03-28 09:42:00', 55.1, 55.04, 55.04, 55.1, 1427]
['2019-03-28 09:39:00', 55.1, 55.1, 55.1, 55.1, 171]
['2019-03-28 09:37:00', 55.1, 55.1, 55.1, 55.1, 184]
['2019-03-28 09:36:00', 55.27, 55.27, 55.27, 55.27, 282]
['2019-03-28 09:35:00', 55.38, 55.28, 55.28, 55.38, 605]
['2019-03-28 09:34:00', 55.37, 55.3, 55.29, 55.37, 1825]
['2019-03-28 09:33:00', 55.44, 55.42, 55.42, 55.53, 2239]
['2019-03-28 09:31:00', 55.42, 55.39, 55.345, 55.43, 4481]
['2019-03-27 16:00:00', 55.58, 55.56, 55.56, 55.59, 10276]
['2019-03-27 15:59:00', 55.595, 55.57, 55.56, 55.6, 4349]
['2019-03-27 15:58:00', 55.59, 55.59, 55.57, 55.62, 6799]
['2019-03-27 15:57:00', 55.6, 55.585, 55.58, 55.61, 4798]
['2019-03-27 15:56:00', 55.61, 55.61, 55.6, 55.63, 12806]
['2019-03-27 15:55:00', 55.605, 55.615, 55.605, 55.62, 5806]
['2019-03-27 15:54:00', 55.65, 55.605, 55.605, 55.65, 3177]
['2019-03-27 15:53:00', 55.68, 55.65, 55.63, 55.69, 7349]
['2019-03-27 15:52:00', 55.68, 55.685, 55.67, 55.685, 6779]
['2019-03-27 15:51:00', 55.675, 55.675, 55.67, 55.68, 3230]
['2019-03-27 15:50:00', 55.69, 55.675, 55.67, 55.69, 2354]
['2019-03-27 15:49:00', 55.67, 55.69, 55.67, 55.695, 3538]
['2019-03-27 15:48:00', 55.69, 55.675, 55.67, 55.69, 2288]
['2019-03-27 15:47:00', 55.71, 55.69, 55.69, 55.715, 2875]
['2019-03-27 15:46:00', 55.705, 55.71, 55.705, 55.73, 9296]
['2019-03-27 15:45:00', 55.71, 55.7, 55.7, 55.71, 2412]
['2019-03-27 15:44:00', 55.7, 55.705, 55.7, 55.71, 1208]
['2019-03-27 15:43:00', 55.725, 55.71, 55.705, 55.73, 4495]
['2019-03-27 15:42:00', 55.725, 55.725, 55.725, 55.725, 1332]
['2019-03-27 15:41:00', 55.725, 55.725, 55.72, 55.725, 1381]
['2019-03-27 15:40:00', 55.705, 55.72, 55.705, 55.72, 2092]
['2019-03-27 15:39:00', 55.71, 55.71, 55.71, 55.715, 546]
['2019-03-27 15:38:00', 55.71, 55.72, 55.7, 55.72, 2046]
['2019-03-27 15:37:00', 55.725, 55.72, 55.71, 55.725, 2877]
['2019-03-27 15:36:00', 55.72, 55.72, 55.72, 55.72, 308]
['2019-03-27 15:35:00', 55.7, 55.72, 55.7, 55.72, 2058]
['2019-03-27 15:34:00', 55.68, 55.675, 55.67, 55.68, 794]
['2019-03-27 15:33:00', 55.735, 55.68, 55.68, 55.74, 3605]
['2019-03-27 15:32:00', 55.725, 55.735, 55.72, 55.74, 1040]
['2019-03-27 15:31:00', 55.695, 55.72, 55.695, 55.72, 1245]
['2019-03-27 15:30:00', 55.66, 55.67, 55.66, 55.68, 1401]
['2019-03-27 15:29:00', 55.635, 55.65, 55.61, 55.65, 1414]
['2019-03-27 15:28:00', 55.625, 55.64, 55.62, 55.64, 931]
['2019-03-27 15:27:00', 55.63, 55.62, 55.62, 55.63, 1479]
['2019-03-27 15:26:00', 55.65, 55.63, 55.63, 55.65, 1395]
['2019-03-27 15:25:00', 55.65, 55.655, 55.645, 55.66, 1526]
['2019-03-27 15:24:00', 55.645, 55.655, 55.64, 55.66, 1257]
['2019-03-27 15:23:00', 55.645, 55.645, 55.64, 55.65, 2559]
['2019-03-27 15:22:00', 55.64, 55.65, 55.64, 55.65, 534]
['2019-03-27 15:21:00', 55.615, 55.63, 55.61, 55.65, 2105]
['2019-03-27 15:20:00', 55.61, 55.61, 55.6, 55.61, 401]
['2019-03-27 15:18:00', 55.63, 55.6, 55.6, 55.63, 1418]
['2019-03-27 15:17:00', 55.63, 55.625, 55.625, 55.63, 300]
['2019-03-27 15:16:00', 55.655, 55.62, 55.62, 55.655, 1178]
['2019-03-27 15:15:00', 55.64, 55.65, 55.63, 55.65, 1321]
['2019-03-27 15:14:00', 55.66, 55.63, 55.63, 55.66, 942]
['2019-03-27 15:13:00', 55.66, 55.64, 55.64, 55.66, 1100]
['2019-03-27 15:12:00', 55.655, 55.66, 55.65, 55.66, 1626]
['2019-03-27 15:11:00', 55.62, 55.66, 55.62, 55.66, 2131]
['2019-03-27 15:09:00', 55.63, 55.62, 55.62, 55.63, 796]
['2019-03-27 15:07:00', 55.63, 55.64, 55.625, 55.64, 1106]
['2019-03-27 15:06:00', 55.62, 55.62, 55.57, 55.63, 4700]
['2019-03-27 15:05:00', 55.605, 55.625, 55.605, 55.625, 2855]
['2019-03-27 15:03:00', 55.62, 55.61, 55.61, 55.62, 1136]
['2019-03-27 15:02:00', 55.61, 55.625, 55.61, 55.625, 1056]
['2019-03-27 15:01:00', 55.625, 55.61, 55.61, 55.625, 600]
['2019-03-27 15:00:00', 55.62, 55.61, 55.61, 55.62, 236]
['2019-03-27 14:58:00', 55.66, 55.63, 55.63, 55.66, 937]
['2019-03-27 14:57:00', 55.645, 55.65, 55.645, 55.65, 512]
['2019-03-27 14:56:00', 55.655, 55.64, 55.64, 55.67, 2101]
['2019-03-27 14:55:00', 55.65, 55.65, 55.65, 55.65, 100]
['2019-03-27 14:54:00', 55.65, 55.65, 55.65, 55.65, 302]
['2019-03-27 14:53:00', 55.675, 55.66, 55.65, 55.68, 1809]
['2019-03-27 14:52:00', 55.685, 55.675, 55.67, 55.7, 4426]
['2019-03-27 14:51:00', 55.68, 55.685, 55.68, 55.685, 500]
['2019-03-27 14:50:00', 55.68, 55.68, 55.68, 55.68, 434]
['2019-03-27 14:49:00', 55.66, 55.67, 55.66, 55.67, 792]
['2019-03-27 14:48:00', 55.66, 55.66, 55.66, 55.67, 471]
['2019-03-27 14:47:00', 55.68, 55.66, 55.66, 55.68, 213]
['2019-03-27 14:46:00', 55.68, 55.68, 55.68, 55.69, 987]
['2019-03-27 14:45:00', 55.67, 55.67, 55.67, 55.67, 236]
['2019-03-27 14:44:00', 55.67, 55.65, 55.65, 55.67, 524]
['2019-03-27 14:43:00', 55.67, 55.67, 55.67, 55.68, 1003]
['2019-03-27 14:42:00', 55.69, 55.675, 55.67, 55.69, 1953]
['2019-03-27 14:41:00', 55.69, 55.68, 55.68, 55.69, 1136]
['2019-03-27 14:39:00', 55.7, 55.69, 55.69, 55.7, 932]
['2019-03-27 14:38:00', 55.72, 55.71, 55.71, 55.72, 1239]
['2019-03-27 14:37:00', 55.7, 55.735, 55.7, 55.735, 837]
['2019-03-27 14:36:00', 55.69, 55.7, 55.69, 55.7, 300]
['2019-03-27 14:35:00', 55.68, 55.7, 55.68, 55.7, 1208]
['2019-03-27 14:34:00', 55.7, 55.67, 55.67, 55.7, 567]
['2019-03-27 14:33:00', 55.73, 55.69, 55.68, 55.73, 1767]
['2019-03-27 14:32:00', 55.74, 55.74, 55.73, 55.745, 440]
['2019-03-27 14:31:00', 55.72, 55.73, 55.715, 55.74, 1013]
['2019-03-27 14:30:00', 55.715, 55.71, 55.71, 55.735, 2309]
['2019-03-27 14:29:00', 55.72, 55.71, 55.71, 55.72, 242]
['2019-03-27 14:28:00', 55.73, 55.71, 55.7, 55.73, 741]
['2019-03-27 14:27:00', 55.72, 55.735, 55.71, 55.735, 1144]
['2019-03-27 14:26:00', 55.75, 55.71, 55.71, 55.75, 1492]
['2019-03-27 14:25:00', 55.745, 55.74, 55.74, 55.75, 1177]
['2019-03-27 14:24:00', 55.745, 55.745, 55.745, 55.75, 542]
['2019-03-27 14:23:00', 55.73, 55.74, 55.73, 55.74, 1612]
['2019-03-27 14:22:00', 55.74, 55.72, 55.71, 55.74, 1686]
['2019-03-27 14:21:00', 55.745, 55.745, 55.745, 55.745, 106]
['2019-03-27 14:20:00', 55.735, 55.74, 55.735, 55.74, 944]
['2019-03-27 14:19:00', 55.74, 55.735, 55.735, 55.74, 333]
['2019-03-27 14:18:00', 55.74, 55.735, 55.735, 55.74, 307]
['2019-03-27 14:16:00', 55.75, 55.75, 55.75, 55.75, 195]
['2019-03-27 14:15:00', 55.73, 55.73, 55.72, 55.74, 1200]
['2019-03-27 14:14:00', 55.73, 55.74, 55.73, 55.74, 711]
['2019-03-27 14:13:00', 55.72, 55.71, 55.71, 55.73, 321]
['2019-03-27 14:12:00', 55.71, 55.72, 55.71, 55.73, 915]
['2019-03-27 14:11:00', 55.71, 55.7, 55.7, 55.71, 298]
['2019-03-27 14:10:00', 55.66, 55.68, 55.66, 55.685, 1140]
['2019-03-27 14:09:00', 55.66, 55.66, 55.65, 55.66, 709]
['2019-03-27 14:08:00', 55.65, 55.65, 55.65, 55.65, 498]
['2019-03-27 14:07:00', 55.65, 55.645, 55.645, 55.65, 323]
['2019-03-27 14:06:00', 55.66, 55.66, 55.66, 55.66, 539]
['2019-03-27 14:05:00', 55.67, 55.66, 55.65, 55.68, 1355]
['2019-03-27 14:04:00', 55.64, 55.66, 55.64, 55.66, 1244]
['2019-03-27 14:03:00', 55.65, 55.64, 55.64, 55.65, 903]
['2019-03-27 14:02:00', 55.68, 55.66, 55.66, 55.68, 2255]
['2019-03-27 14:00:00', 55.68, 55.68, 55.68, 55.68, 100]
['2019-03-27 13:59:00', 55.69, 55.69, 55.69, 55.69, 114]
['2019-03-27 13:57:00', 55.69, 55.69, 55.69, 55.69, 248]
['2019-03-27 13:56:00', 55.7, 55.71, 55.7, 55.71, 497]
['2019-03-27 13:55:00', 55.69, 55.68, 55.68, 55.69, 632]
['2019-03-27 13:53:00', 55.68, 55.695, 55.68, 55.695, 766]
['2019-03-27 13:52:00', 55.68, 55.68, 55.68, 55.68, 100]
['2019-03-27 13:49:00', 55.685, 55.69, 55.685, 55.7, 1188]
['2019-03-27 13:48:00', 55.71, 55.69, 55.69, 55.71, 740]
['2019-03-27 13:47:00', 55.71, 55.71, 55.71, 55.71, 201]
['2019-03-27 13:46:00', 55.72, 55.72, 55.72, 55.73, 1750]
['2019-03-27 13:45:00', 55.73, 55.71, 55.71, 55.73, 612]
['2019-03-27 13:44:00', 55.73, 55.71, 55.71, 55.73, 469]
['2019-03-27 13:43:00', 55.73, 55.72, 55.71, 55.73, 857]
['2019-03-27 13:41:00', 55.71, 55.71, 55.71, 55.71, 640]
['2019-03-27 13:40:00', 55.72, 55.71, 55.69, 55.72, 925]
['2019-03-27 13:39:00', 55.695, 55.695, 55.695, 55.695, 107]
['2019-03-27 13:38:00', 55.69, 55.69, 55.69, 55.7, 534]
['2019-03-27 13:37:00', 55.67, 55.67, 55.67, 55.67, 540]
['2019-03-27 13:36:00', 55.695, 55.66, 55.64, 55.695, 4137]
['2019-03-27 13:34:00', 55.71, 55.71, 55.7, 55.72, 766]
['2019-03-27 13:33:00', 55.695, 55.71, 55.695, 55.71, 325]
['2019-03-27 13:31:00', 55.71, 55.7, 55.69, 55.72, 1522]
['2019-03-27 13:30:00', 55.72, 55.72, 55.72, 55.72, 103]
['2019-03-27 13:28:00', 55.73, 55.71, 55.71, 55.73, 324]
['2019-03-27 13:26:00', 55.74, 55.74, 55.74, 55.755, 1440]
['2019-03-27 13:25:00', 55.71, 55.71, 55.71, 55.72, 605]
['2019-03-27 13:24:00', 55.72, 55.71, 55.71, 55.72, 718]
['2019-03-27 13:23:00', 55.74, 55.71, 55.695, 55.74, 1332]
['2019-03-27 13:22:00', 55.76, 55.75, 55.745, 55.76, 4274]
['2019-03-27 13:21:00', 55.76, 55.76, 55.75, 55.77, 590]
['2019-03-27 13:20:00', 55.735, 55.74, 55.735, 55.76, 2339]
['2019-03-27 13:19:00', 55.74, 55.735, 55.735, 55.74, 317]
['2019-03-27 13:18:00', 55.7701, 55.76, 55.75, 55.775, 3666]
['2019-03-27 13:17:00', 55.78, 55.78, 55.775, 55.79, 1243]
['2019-03-27 13:16:00', 55.785, 55.77, 55.77, 55.791, 2047]
['2019-03-27 13:15:00', 55.79, 55.785, 55.76, 55.7903, 2648]
['2019-03-27 13:14:00', 55.73, 55.765, 55.73, 55.765, 657]
['2019-03-27 13:13:00', 55.73, 55.73, 55.73, 55.73, 410]
['2019-03-27 13:12:00', 55.71, 55.72, 55.71, 55.72, 324]
['2019-03-27 13:11:00', 55.67, 55.7, 55.67, 55.7, 1164]
['2019-03-27 13:10:00', 55.66, 55.66, 55.66, 55.66, 109]
['2019-03-27 13:09:00', 55.71, 55.69, 55.69, 55.71, 969]
['2019-03-27 13:08:00', 55.74, 55.74, 55.74, 55.745, 382]
['2019-03-27 13:07:00', 55.735, 55.735, 55.735, 55.74, 2101]
['2019-03-27 13:05:00', 55.73, 55.73, 55.73, 55.74, 635]
['2019-03-27 13:04:00', 55.73, 55.74, 55.73, 55.74, 613]
['2019-03-27 13:03:00', 55.73, 55.72, 55.72, 55.73, 416]
['2019-03-27 13:02:00', 55.74, 55.735, 55.73, 55.74, 2019]
['2019-03-27 13:01:00', 55.73, 55.71, 55.71, 55.735, 596]
['2019-03-27 13:00:00', 55.74, 55.74, 55.74, 55.74, 412]
['2019-03-27 12:59:00', 55.745, 55.74, 55.74, 55.75, 732]
['2019-03-27 12:57:00', 55.745, 55.745, 55.745, 55.745, 117]
['2019-03-27 12:55:00', 55.755, 55.77, 55.755, 55.77, 682]
['2019-03-27 12:54:00', 55.75, 55.75, 55.75, 55.75, 636]
['2019-03-27 12:53:00', 55.75, 55.755, 55.75, 55.755, 1331]
['2019-03-27 12:52:00', 55.74, 55.76, 55.73, 55.76, 875]
['2019-03-27 12:51:00', 55.71, 55.74, 55.71, 55.74, 511]
['2019-03-27 12:50:00', 55.73, 55.69, 55.67, 55.74, 5644]
['2019-03-27 12:48:00', 55.71, 55.71, 55.69, 55.71, 401]
['2019-03-27 12:47:00', 55.72, 55.735, 55.72, 55.75, 1409]
['2019-03-27 12:46:00', 55.775, 55.75, 55.75, 55.78, 1373]
['2019-03-27 12:45:00', 55.73, 55.745, 55.73, 55.745, 1210]
['2019-03-27 12:44:00', 55.72, 55.73, 55.72, 55.73, 1076]
['2019-03-27 12:43:00', 55.7, 55.71, 55.67, 55.71, 2688]
['2019-03-27 12:42:00', 55.72, 55.7, 55.67, 55.72, 4407]
['2019-03-27 12:41:00', 55.7, 55.71, 55.69, 55.71, 405]
['2019-03-27 12:39:00', 55.695, 55.71, 55.695, 55.71, 754]
['2019-03-27 12:38:00', 55.68, 55.71, 55.68, 55.71, 200]
['2019-03-27 12:37:00', 55.735, 55.69, 55.69, 55.735, 3225]
['2019-03-27 12:35:00', 55.745, 55.72, 55.72, 55.745, 1481]
['2019-03-27 12:34:00', 55.72, 55.74, 55.72, 55.74, 780]
['2019-03-27 12:32:00', 55.74, 55.76, 55.74, 55.76, 475]
['2019-03-27 12:30:00', 55.73, 55.73, 55.73, 55.73, 460]
['2019-03-27 12:29:00', 55.71, 55.7, 55.7, 55.71, 568]
['2019-03-27 12:28:00', 55.7, 55.71, 55.7, 55.72, 753]
['2019-03-27 12:27:00', 55.69, 55.695, 55.69, 55.695, 575]
['2019-03-27 12:26:00', 55.72, 55.69, 55.69, 55.72, 201]
['2019-03-27 12:25:00', 55.73, 55.71, 55.71, 55.76, 1350]
['2019-03-27 12:24:00', 55.74, 55.71, 55.71, 55.74, 650]
['2019-03-27 12:23:00', 55.73, 55.73, 55.73, 55.73, 201]
['2019-03-27 12:22:00', 55.72, 55.72, 55.72, 55.72, 321]
['2019-03-27 12:21:00', 55.68, 55.68, 55.68, 55.68, 100]
['2019-03-27 12:20:00', 55.67, 55.67, 55.67, 55.67, 526]
['2019-03-27 12:19:00', 55.68, 55.68, 55.68, 55.68, 301]
['2019-03-27 12:17:00', 55.64, 55.65, 55.64, 55.66, 525]
['2019-03-27 12:16:00', 55.65, 55.63, 55.62, 55.65, 1500]
['2019-03-27 12:15:00', 55.645, 55.68, 55.645, 55.69, 1462]
['2019-03-27 12:13:00', 55.7, 55.7, 55.7, 55.7, 760]
['2019-03-27 12:12:00', 55.69, 55.69, 55.69, 55.69, 100]
['2019-03-27 12:11:00', 55.68, 55.68, 55.68, 55.68, 400]
['2019-03-27 12:10:00', 55.66, 55.67, 55.64, 55.68, 1196]
['2019-03-27 12:09:00', 55.71, 55.67, 55.67, 55.71, 591]
['2019-03-27 12:08:00', 55.68, 55.68, 55.68, 55.71, 1105]
['2019-03-27 12:06:00', 55.68, 55.68, 55.67, 55.68, 551]
['2019-03-27 12:05:00', 55.65, 55.67, 55.65, 55.67, 993]
['2019-03-27 12:04:00', 55.63, 55.63, 55.63, 55.63, 2655]
['2019-03-27 12:00:00', 55.62, 55.63, 55.62, 55.63, 237]
['2019-03-27 11:59:00', 55.6, 55.61, 55.6, 55.621, 611]
['2019-03-27 11:58:00', 55.585, 55.61, 55.585, 55.61, 428]
['2019-03-27 11:57:00', 55.59, 55.59, 55.59, 55.59, 200]
['2019-03-27 11:56:00', 55.51, 55.56, 55.5005, 55.56, 3341]
['2019-03-27 11:55:00', 55.53, 55.52, 55.52, 55.55, 1722]
['2019-03-27 11:54:00', 55.55, 55.54, 55.54, 55.55, 905]
['2019-03-27 11:52:00', 55.53, 55.53, 55.53, 55.53, 330]
['2019-03-27 11:51:00', 55.52, 55.54, 55.52, 55.54, 579]
['2019-03-27 11:50:00', 55.51, 55.52, 55.51, 55.52, 346]
['2019-03-27 11:49:00', 55.5, 55.5, 55.5, 55.5, 109]
['2019-03-27 11:48:00', 55.5, 55.51, 55.49, 55.51, 1861]
['2019-03-27 11:47:00', 55.485, 55.485, 55.48, 55.5, 1446]
['2019-03-27 11:46:00', 55.5, 55.48, 55.48, 55.5, 603]
['2019-03-27 11:45:00', 55.52, 55.53, 55.52, 55.53, 716]
['2019-03-27 11:44:00', 55.57, 55.52, 55.52, 55.57, 432]
['2019-03-27 11:43:00', 55.54, 55.54, 55.54, 55.54, 166]
['2019-03-27 11:42:00', 55.55, 55.555, 55.55, 55.555, 703]
['2019-03-27 11:41:00', 55.57, 55.56, 55.56, 55.57, 515]
['2019-03-27 11:40:00', 55.54, 55.54, 55.54, 55.54, 816]
['2019-03-27 11:39:00', 55.49, 55.49, 55.49, 55.49, 166]
['2019-03-27 11:38:00', 55.49, 55.53, 55.45, 55.53, 1452]
['2019-03-27 11:37:00', 55.505, 55.52, 55.5, 55.53, 923]
['2019-03-27 11:36:00', 55.56, 55.5, 55.5, 55.56, 701]
['2019-03-27 11:35:00', 55.61, 55.55, 55.55, 55.61, 2107]
['2019-03-27 11:34:00', 55.62, 55.61, 55.61, 55.62, 521]
['2019-03-27 11:33:00', 55.65, 55.63, 55.63, 55.65, 500]
['2019-03-27 11:32:00', 55.63, 55.65, 55.63, 55.65, 967]
['2019-03-27 11:31:00', 55.62, 55.62, 55.62, 55.6418, 704]
['2019-03-27 11:30:00', 55.64, 55.65, 55.64, 55.65, 1301]
['2019-03-27 11:29:00', 55.7, 55.6536, 55.65, 55.7, 1181]
['2019-03-27 11:27:00', 55.71, 55.7, 55.69, 55.71, 1341]
['2019-03-27 11:26:00', 55.69, 55.71, 55.69, 55.71, 520]
['2019-03-27 11:25:00', 55.7, 55.7002, 55.695, 55.7002, 849]
['2019-03-27 11:24:00', 55.69, 55.69, 55.69, 55.69, 406]
['2019-03-27 11:23:00', 55.7, 55.68, 55.68, 55.7, 909]
['2019-03-27 11:22:00', 55.635, 55.675, 55.635, 55.675, 1623]
['2019-03-27 11:21:00', 55.7, 55.645, 55.645, 55.7, 2452]
['2019-03-27 11:20:00', 55.71, 55.71, 55.71, 55.71, 200]
['2019-03-27 11:19:00', 55.69, 55.71, 55.69, 55.71, 745]
['2019-03-27 11:18:00', 55.67, 55.7, 55.67, 55.7, 1200]
['2019-03-27 11:16:00', 55.67, 55.67, 55.665, 55.67, 837]
['2019-03-27 11:15:00', 55.72, 55.679, 55.67, 55.72, 3372]
['2019-03-27 11:14:00', 55.73, 55.73, 55.73, 55.73, 330]
['2019-03-27 11:13:00', 55.73, 55.74, 55.73, 55.74, 511]
['2019-03-27 11:12:00', 55.73, 55.735, 55.73, 55.735, 421]
['2019-03-27 11:11:00', 55.73, 55.71, 55.71, 55.73, 983]
['2019-03-27 11:10:00', 55.75, 55.75, 55.75, 55.75, 863]
['2019-03-27 11:09:00', 55.74, 55.73, 55.73, 55.74, 478]
['2019-03-27 11:08:00', 55.76, 55.745, 55.74, 55.76, 1233]
['2019-03-27 11:07:00', 55.7, 55.75, 55.69, 55.75, 1341]
['2019-03-27 11:06:00', 55.69, 55.69, 55.68, 55.69, 804]
['2019-03-27 11:05:00', 55.7, 55.7, 55.7, 55.7, 210]
['2019-03-27 11:04:00', 55.68, 55.7, 55.68, 55.7, 464]
['2019-03-27 11:03:00', 55.73, 55.7, 55.7, 55.73, 1181]
['2019-03-27 11:01:00', 55.75, 55.75, 55.75, 55.75, 742]
['2019-03-27 11:00:00', 55.73, 55.74, 55.73, 55.74, 347]
['2019-03-27 10:59:00', 55.745, 55.745, 55.745, 55.745, 403]
['2019-03-27 10:58:00', 55.745, 55.75, 55.745, 55.75, 238]
['2019-03-27 10:57:00', 55.75, 55.75, 55.75, 55.75, 612]
['2019-03-27 10:56:00', 55.73, 55.74, 55.73, 55.74, 300]
['2019-03-27 10:55:00', 55.75, 55.73, 55.73, 55.75, 870]
['2019-03-27 10:54:00', 55.77, 55.75, 55.75, 55.78, 2089]
['2019-03-27 10:53:00', 55.74, 55.77, 55.72, 55.77, 4374]
['2019-03-27 10:52:00', 55.77, 55.75, 55.75, 55.77, 800]
['2019-03-27 10:51:00', 55.74, 55.75, 55.71, 55.75, 1920]
['2019-03-27 10:50:00', 55.76, 55.76, 55.76, 55.78, 2020]
['2019-03-27 10:49:00', 55.75, 55.78, 55.75, 55.78, 800]
['2019-03-27 10:48:00', 55.75, 55.74, 55.74, 55.78, 3177]
['2019-03-27 10:47:00', 55.765, 55.78, 55.76, 55.78, 3056]
['2019-03-27 10:46:00', 55.75, 55.74, 55.74, 55.77, 1544]
['2019-03-27 10:45:00', 55.745, 55.75, 55.71, 55.76, 7912]
['2019-03-27 10:44:00', 55.76, 55.75, 55.74, 55.76, 3228]
['2019-03-27 10:43:00', 55.725, 55.7645, 55.725, 55.77, 3172]
['2019-03-27 10:42:00', 55.755, 55.73, 55.73, 55.77, 1400]
['2019-03-27 10:41:00', 55.75, 55.77, 55.705, 55.77, 4162]
['2019-03-27 10:40:00', 55.8, 55.77, 55.77, 55.81, 4681]
['2019-03-27 10:39:00', 55.78, 55.8, 55.77, 55.83, 13162]
['2019-03-27 10:38:00', 55.78, 55.77, 55.745, 55.79, 29157]
['2019-03-27 10:37:00', 55.78, 55.77, 55.74, 55.79, 21561]
['2019-03-27 10:36:00', 55.785, 55.77, 55.77, 55.815, 2780]
['2019-03-27 10:35:00', 55.79, 55.775, 55.7702, 55.83, 7880]
['2019-03-27 10:34:00', 55.8, 55.8, 55.78, 55.83, 5980]
['2019-03-27 10:33:00', 55.785, 55.8, 55.76, 55.8, 6741]
['2019-03-27 10:32:00', 55.83, 55.785, 55.785, 55.85, 2154]
['2019-03-27 10:31:00', 55.755, 55.83, 55.755, 55.83, 2732]
['2019-03-27 10:30:00', 55.75, 55.76, 55.75, 55.79, 2324]
['2019-03-27 10:29:00', 55.76, 55.74, 55.73, 55.76, 902]
['2019-03-27 10:28:00', 55.75, 55.76, 55.735, 55.76, 509]
['2019-03-27 10:27:00', 55.745, 55.755, 55.745, 55.775, 2485]
['2019-03-27 10:26:00', 55.755, 55.75, 55.7356, 55.79, 7440]
['2019-03-27 10:25:00', 55.755, 55.755, 55.755, 55.755, 246]
['2019-03-27 10:24:00', 55.75, 55.755, 55.75, 55.76, 1895]
['2019-03-27 10:23:00', 55.75, 55.75, 55.75, 55.75, 120]
['2019-03-27 10:22:00', 55.75, 55.75, 55.75, 55.75, 375]
['2019-03-27 10:21:00', 55.77, 55.77, 55.77, 55.77, 140]
['2019-03-27 10:20:00', 55.75, 55.75, 55.745, 55.76, 1337]
['2019-03-27 10:18:00', 55.75, 55.745, 55.735, 55.76, 2111]
['2019-03-27 10:16:00', 55.735, 55.7101, 55.7101, 55.735, 1246]
['2019-03-27 10:15:00', 55.755, 55.755, 55.75, 55.755, 1155]
['2019-03-27 10:14:00', 55.755, 55.77, 55.755, 55.77, 1006]
['2019-03-27 10:13:00', 55.72, 55.74, 55.72, 55.74, 1449]
['2019-03-27 10:12:00', 55.7, 55.72, 55.7, 55.72, 1616]
['2019-03-27 10:10:00', 55.65, 55.68, 55.64, 55.69, 1636]
['2019-03-27 10:09:00', 55.6701, 55.66, 55.66, 55.685, 660]
['2019-03-27 10:08:00', 55.66, 55.69, 55.66, 55.7, 894]
['2019-03-27 10:07:00', 55.7, 55.66, 55.66, 55.7, 1350]
['2019-03-27 10:06:00', 55.75, 55.72, 55.71, 55.75, 635]
['2019-03-27 10:05:00', 55.725, 55.74, 55.71, 55.74, 963]
['2019-03-27 10:04:00', 55.7, 55.725, 55.7, 55.74, 928]
['2019-03-27 10:03:00', 55.71, 55.72, 55.68, 55.75, 1867]
['2019-03-27 10:02:00', 55.68, 55.71, 55.6675, 55.72, 1319]
['2019-03-27 10:01:00', 55.63, 55.655, 55.63, 55.66, 616]
['2019-03-27 09:59:00', 55.64, 55.64, 55.64, 55.64, 316]
['2019-03-27 09:58:00', 55.66, 55.64, 55.64, 55.67, 889]
['2019-03-27 09:57:00', 55.63, 55.63, 55.63, 55.65, 598]
['2019-03-27 09:56:00', 55.65, 55.65, 55.65, 55.65, 130]
['2019-03-27 09:55:00', 55.66, 55.66, 55.64, 55.67, 503]
['2019-03-27 09:54:00', 55.67, 55.67, 55.67, 55.7, 1370]
['2019-03-27 09:53:00', 55.67, 55.67, 55.67, 55.67, 131]
['2019-03-27 09:52:00', 55.7, 55.72, 55.695, 55.72, 556]
['2019-03-27 09:51:00', 55.72, 55.735, 55.72, 55.735, 272]
['2019-03-27 09:50:00', 55.74, 55.745, 55.74, 55.745, 300]
['2019-03-27 09:49:00', 55.76, 55.75, 55.75, 55.76, 849]
['2019-03-27 09:48:00', 55.73, 55.75, 55.73, 55.76, 1634]
['2019-03-27 09:47:00', 55.735, 55.735, 55.735, 55.735, 200]
['2019-03-27 09:46:00', 55.7, 55.74, 55.69, 55.74, 3529]
['2019-03-27 09:45:00', 55.7, 55.7, 55.7, 55.7, 200]
['2019-03-27 09:44:00', 55.7, 55.7, 55.7, 55.7, 100]
['2019-03-27 09:43:00', 55.74, 55.66, 55.66, 55.77, 1166]
['2019-03-27 09:42:00', 55.75, 55.74, 55.74, 55.75, 400]
['2019-03-27 09:41:00', 55.77, 55.78, 55.73, 55.8, 2760]
['2019-03-27 09:40:00', 55.7607, 55.76, 55.72, 55.77, 1844]
['2019-03-27 09:39:00', 55.755, 55.7, 55.7, 55.755, 420]
['2019-03-27 09:38:00', 55.765, 55.74, 55.74, 55.78, 2469]
['2019-03-27 09:37:00', 55.79, 55.765, 55.73, 55.81, 2378]
['2019-03-27 09:36:00', 55.79, 55.79, 55.79, 55.79, 155]
['2019-03-27 09:35:00', 55.77, 55.82, 55.76, 55.82, 777]
['2019-03-27 09:34:00', 55.84, 55.77, 55.77, 55.84, 489]
['2019-03-27 09:33:00', 55.86, 55.86, 55.86, 55.86, 130]
['2019-03-27 09:31:00', 55.75, 55.75, 55.75, 55.75, 2861]
['2019-03-26 16:00:00', 55.72, 55.75, 55.72, 55.75, 7003]
['2019-03-26 15:59:00', 55.72, 55.73, 55.72, 55.73, 7187]
['2019-03-26 15:58:00', 55.72, 55.72, 55.72, 55.72, 1187]
['2019-03-26 15:57:00', 55.71, 55.71, 55.71, 55.73, 5647]
['2019-03-26 15:56:00', 55.72, 55.72, 55.72, 55.72, 1975]
['2019-03-26 15:55:00', 55.68, 55.69, 55.68, 55.69, 3463]
['2019-03-26 15:54:00', 55.69, 55.69, 55.68, 55.69, 3497]
['2019-03-26 15:53:00', 55.65, 55.67, 55.65, 55.67, 3418]
['2019-03-26 15:52:00', 55.615, 55.63, 55.615, 55.63, 2767]
['2019-03-26 15:51:00', 55.64, 55.63, 55.63, 55.64, 2882]
['2019-03-26 15:50:00', 55.62, 55.64, 55.62, 55.64, 5248]
['2019-03-26 15:49:00', 55.62, 55.62, 55.62, 55.62, 720]
['2019-03-26 15:48:00', 55.605, 55.605, 55.605, 55.605, 1009]
['2019-03-26 15:47:00', 55.55, 55.58, 55.55, 55.58, 2724]
['2019-03-26 15:46:00', 55.555, 55.555, 55.555, 55.555, 937]
['2019-03-26 15:45:00', 55.56, 55.56, 55.56, 55.56, 2144]
['2019-03-26 15:44:00', 55.57, 55.57, 55.57, 55.57, 1460]
['2019-03-26 15:43:00', 55.57, 55.57, 55.57, 55.57, 900]
['2019-03-26 15:42:00', 55.58, 55.56, 55.56, 55.58, 1573]
['2019-03-26 15:41:00', 55.62, 55.6, 55.6, 55.62, 2033]
['2019-03-26 15:40:00', 55.59, 55.59, 55.59, 55.59, 925]
['2019-03-26 15:39:00', 55.6, 55.58, 55.58, 55.6, 2127]
['2019-03-26 15:38:00', 55.62, 55.61, 55.61, 55.62, 1361]
['2019-03-26 15:37:00', 55.62, 55.62, 55.62, 55.62, 1038]
['2019-03-26 15:36:00', 55.62, 55.62, 55.62, 55.62, 2025]
['2019-03-26 15:35:00', 55.62, 55.62, 55.62, 55.62, 628]
['2019-03-26 15:33:00', 55.58, 55.6, 55.58, 55.6, 2066]
['2019-03-26 15:32:00', 55.6068, 55.6068, 55.6068, 55.6068, 417]
['2019-03-26 15:31:00', 55.58, 55.585, 55.58, 55.585, 1840]
['2019-03-26 15:30:00', 55.6, 55.6, 55.6, 55.6, 1859]
['2019-03-26 15:29:00', 55.55, 55.55, 55.55, 55.55, 254]
['2019-03-26 15:28:00', 55.55, 55.55, 55.55, 55.58, 62215]
['2019-03-26 15:27:00', 55.54, 55.54, 55.54, 55.54, 315]
['2019-03-26 15:26:00', 55.53, 55.53, 55.53, 55.53, 828]
['2019-03-26 15:25:00', 55.56, 55.56, 55.56, 55.56, 753]
['2019-03-26 15:23:00', 55.54, 55.52, 55.52, 55.54, 1163]
['2019-03-26 15:20:00', 55.58, 55.57, 55.57, 55.58, 1443]
['2019-03-26 15:19:00', 55.6055, 55.6055, 55.6055, 55.6055, 222]
['2019-03-26 15:18:00', 55.57, 55.56, 55.56, 55.57, 1042]
['2019-03-26 15:16:00', 55.56, 55.55, 55.55, 55.56, 1548]
['2019-03-26 15:15:00', 55.57, 55.57, 55.57, 55.57, 645]
['2019-03-26 15:14:00', 55.55, 55.55, 55.55, 55.55, 757]
['2019-03-26 15:13:00', 55.565, 55.58, 55.565, 55.58, 829]
['2019-03-26 15:11:00', 55.54, 55.55, 55.54, 55.55, 1891]
['2019-03-26 15:10:00', 55.59, 55.58, 55.58, 55.59, 1137]
['2019-03-26 15:09:00', 55.57, 55.58, 55.57, 55.58, 1401]
['2019-03-26 15:08:00', 55.58, 55.55, 55.55, 55.58, 1227]
['2019-03-26 15:07:00', 55.59, 55.59, 55.59, 55.59, 1732]
['2019-03-26 15:06:00', 55.61, 55.61, 55.61, 55.61, 428]
['2019-03-26 15:05:00', 55.6, 55.6, 55.6, 55.6, 301]
['2019-03-26 15:04:00', 55.6, 55.6, 55.6, 55.6, 632]
['2019-03-26 15:03:00', 55.62, 55.62, 55.62, 55.62, 395]
['2019-03-26 15:02:00', 55.63, 55.63, 55.63, 55.63, 347]
['2019-03-26 15:01:00', 55.575, 55.575, 55.575, 55.575, 830]
['2019-03-26 15:00:00', 55.58, 55.57, 55.57, 55.58, 882]
['2019-03-26 14:59:00', 55.58, 55.58, 55.58, 55.58, 1001]
['2019-03-26 14:58:00', 55.57, 55.57, 55.57, 55.57, 337]
['2019-03-26 14:57:00', 55.55, 55.55, 55.55, 55.55, 1711]
['2019-03-26 14:56:00', 55.47, 55.5, 55.47, 55.5, 828]
['2019-03-26 14:55:00', 55.48, 55.49, 55.48, 55.49, 518]
['2019-03-26 14:53:00', 55.5, 55.5, 55.5, 55.5, 341]
['2019-03-26 14:52:00', 55.5, 55.5, 55.5, 55.5, 1345]
['2019-03-26 14:51:00', 55.49, 55.49, 55.49, 55.49, 405]
['2019-03-26 14:50:00', 55.54, 55.54, 55.54, 55.54, 1149]
['2019-03-26 14:48:00', 55.53, 55.53, 55.53, 55.53, 650]
['2019-03-26 14:47:00', 55.53, 55.53, 55.53, 55.53, 793]
['2019-03-26 14:46:00', 55.54, 55.54, 55.54, 55.54, 225]
['2019-03-26 14:45:00', 55.56, 55.55, 55.55, 55.56, 1098]
['2019-03-26 14:44:00', 55.55, 55.55, 55.55, 55.55, 260]
['2019-03-26 14:43:00', 55.535, 55.535, 55.535, 55.535, 1224]
['2019-03-26 14:42:00', 55.55, 55.55, 55.55, 55.55, 530]
['2019-03-26 14:41:00', 55.52, 55.52, 55.52, 55.52, 464]
['2019-03-26 14:38:00', 55.49, 55.51, 55.49, 55.51, 966]
['2019-03-26 14:34:00', 55.44, 55.44, 55.44, 55.44, 1134]
['2019-03-26 14:33:00', 55.43, 55.43, 55.43, 55.43, 124]
['2019-03-26 14:30:00', 55.44, 55.44, 55.44, 55.44, 385]
['2019-03-26 14:29:00', 55.435, 55.435, 55.435, 55.435, 428]
['2019-03-26 14:27:00', 55.45, 55.45, 55.45, 55.45, 332]
['2019-03-26 14:26:00', 55.43, 55.43, 55.43, 55.43, 561]
['2019-03-26 14:25:00', 55.44, 55.44, 55.44, 55.44, 181]
['2019-03-26 14:24:00', 55.42, 55.42, 55.42, 55.42, 643]
['2019-03-26 14:23:00', 55.4, 55.4, 55.4, 55.4, 507]
['2019-03-26 14:22:00', 55.41, 55.41, 55.41, 55.41, 846]
['2019-03-26 14:21:00', 55.42, 55.42, 55.42, 55.42, 978]
['2019-03-26 14:17:00', 55.4, 55.4, 55.4, 55.4, 552]
['2019-03-26 14:16:00', 55.4228, 55.4228, 55.4228, 55.4228, 581]
['2019-03-26 14:14:00', 55.4, 55.4, 55.4, 55.4, 655]
['2019-03-26 14:12:00', 55.33, 55.35, 55.33, 55.35, 725]
['2019-03-26 14:10:00', 55.41, 55.41, 55.41, 55.41, 583]
['2019-03-26 14:09:00', 55.44, 55.44, 55.44, 55.44, 328]
['2019-03-26 14:08:00', 55.45, 55.45, 55.45, 55.45, 692]
['2019-03-26 14:07:00', 55.43, 55.43, 55.43, 55.43, 846]
['2019-03-26 14:06:00', 55.44, 55.44, 55.44, 55.44, 550]
['2019-03-26 14:05:00', 55.42, 55.42, 55.42, 55.42, 205]
['2019-03-26 14:04:00', 55.4, 55.4, 55.4, 55.4, 863]
['2019-03-26 14:03:00', 55.39, 55.39, 55.39, 55.39, 594]
['2019-03-26 14:02:00', 55.37, 55.37, 55.37, 55.37, 305]
['2019-03-26 14:01:00', 55.35, 55.35, 55.35, 55.35, 327]
['2019-03-26 14:00:00', 55.35, 55.35, 55.35, 55.35, 521]
['2019-03-26 13:59:00', 55.37, 55.37, 55.37, 55.37, 524]
['2019-03-26 13:58:00', 55.38, 55.38, 55.38, 55.38, 704]
['2019-03-26 13:56:00', 55.4, 55.4, 55.4, 55.4, 540]
['2019-03-26 13:54:00', 55.38, 55.38, 55.38, 55.38, 721]
['2019-03-26 13:53:00', 55.37, 55.38, 55.37, 55.38, 953]
['2019-03-26 13:52:00', 55.37, 55.37, 55.37, 55.37, 314]
['2019-03-26 13:51:00', 55.36, 55.36, 55.36, 55.36, 301]
['2019-03-26 13:50:00', 55.38, 55.38, 55.38, 55.38, 173]
['2019-03-26 13:47:00', 55.37, 55.37, 55.37, 55.37, 384]
['2019-03-26 13:46:00', 55.36, 55.36, 55.36, 55.36, 693]
['2019-03-26 13:45:00', 55.35, 55.35, 55.35, 55.35, 447]
['2019-03-26 13:44:00', 55.36, 55.36, 55.36, 55.36, 500]
['2019-03-26 13:43:00', 55.36, 55.36, 55.36, 55.36, 1186]
['2019-03-26 13:42:00', 55.37, 55.37, 55.37, 55.37, 502]
['2019-03-26 13:41:00', 55.37, 55.37, 55.37, 55.37, 597]
['2019-03-26 13:40:00', 55.37, 55.38, 55.37, 55.38, 1509]
['2019-03-26 13:37:00', 55.38, 55.38, 55.38, 55.38, 815]
['2019-03-26 13:36:00', 55.4, 55.4, 55.4, 55.4, 218]
['2019-03-26 13:35:00', 55.39, 55.39, 55.39, 55.39, 466]
['2019-03-26 13:34:00', 55.41, 55.41, 55.41, 55.41, 636]
['2019-03-26 13:33:00', 55.44, 55.41, 55.41, 55.44, 828]
['2019-03-26 13:31:00', 55.43, 55.43, 55.43, 55.43, 413]
['2019-03-26 13:29:00', 55.42, 55.42, 55.42, 55.42, 313]
['2019-03-26 13:28:00', 55.44, 55.44, 55.44, 55.44, 919]
['2019-03-26 13:26:00', 55.44, 55.44, 55.44, 55.44, 142]
['2019-03-26 13:25:00', 55.43, 55.43, 55.43, 55.43, 407]
['2019-03-26 13:23:00', 55.46, 55.46, 55.46, 55.46, 405]
['2019-03-26 13:22:00', 55.46, 55.46, 55.46, 55.46, 311]
['2019-03-26 13:21:00', 55.48, 55.48, 55.48, 55.48, 795]
['2019-03-26 13:20:00', 55.48, 55.48, 55.48, 55.48, 330]
['2019-03-26 13:19:00', 55.49, 55.49, 55.49, 55.49, 214]
['2019-03-26 13:18:00', 55.5, 55.5, 55.5, 55.5, 378]
['2019-03-26 13:16:00', 55.49, 55.49, 55.49, 55.49, 338]
['2019-03-26 13:15:00', 55.55, 55.55, 55.55, 55.55, 508]
['2019-03-26 13:14:00', 55.51, 55.51, 55.51, 55.51, 1048]
['2019-03-26 13:12:00', 55.51, 55.51, 55.51, 55.51, 656]
['2019-03-26 13:11:00', 55.51, 55.51, 55.51, 55.51, 220]
['2019-03-26 13:10:00', 55.49, 55.49, 55.49, 55.49, 175]
['2019-03-26 13:06:00', 55.46, 55.46, 55.46, 55.46, 971]
['2019-03-26 13:04:00', 55.48, 55.48, 55.48, 55.48, 109]
['2019-03-26 13:03:00', 55.48, 55.48, 55.48, 55.48, 508]
['2019-03-26 13:02:00', 55.45, 55.45, 55.45, 55.45, 251]
['2019-03-26 13:01:00', 55.42, 55.44, 55.42, 55.44, 1084]
['2019-03-26 13:00:00', 55.41, 55.41, 55.41, 55.41, 438]
['2019-03-26 12:58:00', 55.43, 55.43, 55.43, 55.43, 200]
['2019-03-26 12:57:00', 55.47, 55.47, 55.47, 55.47, 474]
['2019-03-26 12:56:00', 55.46, 55.46, 55.46, 55.46, 182]
['2019-03-26 12:55:00', 55.47, 55.47, 55.47, 55.47, 277]
['2019-03-26 12:54:00', 55.47, 55.47, 55.47, 55.47, 501]
['2019-03-26 12:53:00', 55.44, 55.44, 55.44, 55.44, 743]
['2019-03-26 12:51:00', 55.41, 55.41, 55.41, 55.41, 296]
['2019-03-26 12:50:00', 55.42, 55.42, 55.42, 55.42, 229]
['2019-03-26 12:45:00', 55.46, 55.46, 55.46, 55.46, 845]
['2019-03-26 12:44:00', 55.47, 55.47, 55.47, 55.47, 311]
['2019-03-26 12:43:00', 55.4701, 55.4701, 55.4701, 55.4701, 510]
['2019-03-26 12:42:00', 55.47, 55.47, 55.47, 55.47, 1131]
['2019-03-26 12:41:00', 55.49, 55.49, 55.49, 55.49, 242]
['2019-03-26 12:39:00', 55.48, 55.48, 55.48, 55.48, 534]
['2019-03-26 12:38:00', 55.46, 55.46, 55.46, 55.46, 343]
['2019-03-26 12:37:00', 55.46, 55.46, 55.46, 55.46, 323]
['2019-03-26 12:36:00', 55.45, 55.45, 55.45, 55.45, 391]
['2019-03-26 12:35:00', 55.47, 55.46, 55.46, 55.47, 1254]
['2019-03-26 12:34:00', 55.48, 55.48, 55.48, 55.48, 586]
['2019-03-26 12:33:00', 55.51, 55.48, 55.48, 55.51, 2593]
['2019-03-26 12:32:00', 55.48, 55.48, 55.48, 55.48, 477]
['2019-03-26 12:30:00', 55.5, 55.5, 55.5, 55.5, 819]
['2019-03-26 12:27:00', 55.52, 55.49, 55.49, 55.52, 1141]
['2019-03-26 12:25:00', 55.52, 55.52, 55.52, 55.52, 730]
['2019-03-26 12:23:00', 55.53, 55.53, 55.53, 55.53, 226]
['2019-03-26 12:22:00', 55.55, 55.52, 55.52, 55.55, 1624]
['2019-03-26 12:20:00', 55.56, 55.57, 55.56, 55.57, 684]
['2019-03-26 12:16:00', 55.55, 55.55, 55.55, 55.55, 1185]
['2019-03-26 12:15:00', 55.54, 55.54, 55.54, 55.54, 128]
['2019-03-26 12:14:00', 55.54, 55.52, 55.52, 55.54, 693]
['2019-03-26 12:12:00', 55.54, 55.54, 55.54, 55.54, 254]
['2019-03-26 12:11:00', 55.56, 55.56, 55.56, 55.56, 233]
['2019-03-26 12:10:00', 55.56, 55.56, 55.56, 55.56, 492]
['2019-03-26 12:08:00', 55.56, 55.56, 55.56, 55.56, 979]
['2019-03-26 12:07:00', 55.59, 55.59, 55.59, 55.59, 589]
['2019-03-26 12:04:00', 55.56, 55.56, 55.56, 55.56, 1163]
['2019-03-26 12:03:00', 55.56, 55.56, 55.56, 55.56, 456]
['2019-03-26 12:00:00', 55.55, 55.55, 55.55, 55.55, 1068]
['2019-03-26 11:58:00', 55.54, 55.53, 55.53, 55.54, 830]
['2019-03-26 11:55:00', 55.54, 55.54, 55.54, 55.54, 402]
['2019-03-26 11:53:00', 55.54, 55.54, 55.54, 55.54, 433]
['2019-03-26 11:52:00', 55.61, 55.55, 55.55, 55.61, 2084]
['2019-03-26 11:50:00', 55.6, 55.62, 55.6, 55.62, 1921]
['2019-03-26 11:49:00', 55.57, 55.57, 55.57, 55.57, 486]
['2019-03-26 11:48:00', 55.58, 55.58, 55.58, 55.58, 638]
['2019-03-26 11:46:00', 55.63, 55.61, 55.61, 55.63, 899]
['2019-03-26 11:44:00', 55.64, 55.64, 55.64, 55.64, 401]
['2019-03-26 11:42:00', 55.62, 55.62, 55.62, 55.62, 528]
['2019-03-26 11:41:00', 55.62, 55.62, 55.62, 55.62, 449]
['2019-03-26 11:40:00', 55.6, 55.6, 55.6, 55.6, 468]
['2019-03-26 11:39:00', 55.61, 55.61, 55.61, 55.61, 550]
['2019-03-26 11:38:00', 55.62, 55.62, 55.62, 55.62, 301]
['2019-03-26 11:34:00', 55.54, 55.54, 55.54, 55.54, 524]
['2019-03-26 11:33:00', 55.51, 55.51, 55.51, 55.51, 329]
['2019-03-26 11:32:00', 55.54, 55.54, 55.54, 55.54, 950]
['2019-03-26 11:31:00', 55.56, 55.56, 55.56, 55.56, 548]
['2019-03-26 11:30:00', 55.55, 55.55, 55.55, 55.55, 623]
['2019-03-26 11:29:00', 55.56, 55.56, 55.56, 55.56, 540]
['2019-03-26 11:28:00', 55.58, 55.58, 55.58, 55.58, 201]
['2019-03-26 11:26:00', 55.56, 55.56, 55.56, 55.56, 839]
['2019-03-26 11:25:00', 55.54, 55.54, 55.54, 55.54, 508]
['2019-03-26 11:24:00', 55.565, 55.565, 55.565, 55.565, 496]
['2019-03-26 11:23:00', 55.57, 55.57, 55.57, 55.57, 804]
['2019-03-26 11:21:00', 55.57, 55.57, 55.57, 55.57, 632]
['2019-03-26 11:20:00', 55.575, 55.575, 55.575, 55.575, 1175]
['2019-03-26 11:19:00', 55.66, 55.66, 55.66, 55.66, 787]
['2019-03-26 11:18:00', 55.64, 55.64, 55.64, 55.64, 400]
['2019-03-26 11:17:00', 55.63, 55.63, 55.63, 55.63, 1021]
['2019-03-26 11:15:00', 55.63, 55.61, 55.61, 55.63, 1955]
['2019-03-26 11:14:00', 55.64, 55.64, 55.64, 55.64, 501]
['2019-03-26 11:13:00', 55.63, 55.63, 55.63, 55.63, 317]
['2019-03-26 11:12:00', 55.64, 55.64, 55.64, 55.64, 1034]
['2019-03-26 11:11:00', 55.64, 55.63, 55.63, 55.64, 1828]
['2019-03-26 11:10:00', 55.62, 55.62, 55.62, 55.62, 545]
['2019-03-26 11:08:00', 55.66, 55.66, 55.66, 55.66, 1839]
['2019-03-26 11:07:00', 55.7, 55.69, 55.69, 55.7, 1742]
['2019-03-26 11:06:00', 55.72, 55.71, 55.71, 55.72, 2153]
['2019-03-26 11:05:00', 55.72, 55.72, 55.72, 55.73, 6326]
['2019-03-26 11:04:00', 55.73, 55.71, 55.71, 55.73, 2279]
['2019-03-26 11:03:00', 55.72, 55.72, 55.72, 55.73, 3991]
['2019-03-26 11:02:00', 55.735, 55.735, 55.735, 55.735, 581]
['2019-03-26 11:01:00', 55.7, 55.7, 55.7, 55.7, 467]
['2019-03-26 11:00:00', 55.695, 55.71, 55.695, 55.71, 1664]
['2019-03-26 10:59:00', 55.7, 55.7, 55.7, 55.7, 1337]
['2019-03-26 10:58:00', 55.68, 55.71, 55.68, 55.71, 5324]
['2019-03-26 10:57:00', 55.7, 55.705, 55.7, 55.705, 1802]
['2019-03-26 10:56:00', 55.7, 55.7, 55.7, 55.7, 900]
['2019-03-26 10:55:00', 55.7, 55.7, 55.7, 55.7, 1034]
['2019-03-26 10:54:00', 55.7, 55.7, 55.7, 55.7, 500]
['2019-03-26 10:53:00', 55.75, 55.72, 55.72, 55.75, 1417]
['2019-03-26 10:52:00', 55.72, 55.72, 55.72, 55.72, 980]
['2019-03-26 10:51:00', 55.72, 55.72, 55.72, 55.72, 613]
['2019-03-26 10:49:00', 55.66, 55.66, 55.66, 55.66, 1176]
['2019-03-26 10:48:00', 55.64, 55.64, 55.64, 55.64, 687]
['2019-03-26 10:47:00', 55.65, 55.65, 55.65, 55.65, 420]
['2019-03-26 10:46:00', 55.64, 55.64, 55.64, 55.64, 621]
['2019-03-26 10:43:00', 55.66, 55.65, 55.65, 55.66, 1952]
['2019-03-26 10:42:00', 55.65, 55.64, 55.64, 55.65, 2841]
['2019-03-26 10:41:00', 55.66, 55.66, 55.66, 55.66, 414]
['2019-03-26 10:40:00', 55.65, 55.65, 55.65, 55.65, 617]
['2019-03-26 10:39:00', 55.63, 55.63, 55.63, 55.63, 820]
['2019-03-26 10:38:00', 55.62, 55.62, 55.62, 55.62, 1876]
['2019-03-26 10:37:00', 55.64, 55.64, 55.64, 55.64, 905]
['2019-03-26 10:36:00', 55.63, 55.63, 55.63, 55.63, 510]
['2019-03-26 10:35:00', 55.625, 55.625, 55.625, 55.625, 760]
['2019-03-26 10:34:00', 55.6, 55.6, 55.6, 55.6, 1005]
['2019-03-26 10:33:00', 55.61, 55.61, 55.61, 55.61, 510]
['2019-03-26 10:32:00', 55.6, 55.6, 55.6, 55.6, 1123]
['2019-03-26 10:31:00', 55.61, 55.61, 55.61, 55.61, 1325]
['2019-03-26 10:30:00', 55.635, 55.635, 55.635, 55.635, 1568]
['2019-03-26 10:29:00', 55.65, 55.62, 55.62, 55.65, 1472]
['2019-03-26 10:28:00', 55.67, 55.67, 55.67, 55.67, 1107]
['2019-03-26 10:27:00', 55.62, 55.64, 55.62, 55.64, 4117]
['2019-03-26 10:26:00', 55.59, 55.61, 55.59, 55.61, 5122]
['2019-03-26 10:25:00', 55.6, 55.6, 55.6, 55.6, 810]
['2019-03-26 10:24:00', 55.59, 55.59, 55.59, 55.59, 4161]
['2019-03-26 10:23:00', 55.625, 55.625, 55.625, 55.64, 15353]
['2019-03-26 10:22:00', 55.625, 55.625, 55.625, 55.625, 490]
['2019-03-26 10:20:00', 55.62, 55.63, 55.62, 55.63, 857]
['2019-03-26 10:18:00', 55.6, 55.6, 55.6, 55.6, 243]
['2019-03-26 10:17:00', 55.5201, 55.5201, 55.5201, 55.5201, 764]
['2019-03-26 10:15:00', 55.52, 55.52, 55.52, 55.52, 541]
['2019-03-26 10:14:00', 55.535, 55.535, 55.535, 55.535, 133]
['2019-03-26 10:13:00', 55.54, 55.54, 55.54, 55.54, 428]
['2019-03-26 10:11:00', 55.54, 55.47, 55.47, 55.54, 1053]
['2019-03-26 10:10:00', 55.53, 55.53, 55.53, 55.53, 558]
['2019-03-26 10:08:00', 55.51, 55.51, 55.51, 55.51, 419]
['2019-03-26 10:07:00', 55.51, 55.51, 55.51, 55.51, 452]
['2019-03-26 10:05:00', 55.59, 55.55, 55.55, 55.59, 1190]
['2019-03-26 10:01:00', 55.59, 55.6, 55.59, 55.6, 1027]
['2019-03-26 10:00:00', 55.63, 55.63, 55.63, 55.63, 211]
['2019-03-26 09:58:00', 55.61, 55.61, 55.61, 55.61, 637]
['2019-03-26 09:57:00', 55.51, 55.51, 55.51, 55.51, 390]
['2019-03-26 09:54:00', 55.62, 55.65, 55.62, 55.65, 981]
['2019-03-26 09:52:00', 55.62, 55.62, 55.62, 55.62, 1197]
['2019-03-26 09:49:00', 55.69, 55.69, 55.69, 55.69, 660]
['2019-03-26 09:47:00', 55.68, 55.7, 55.68, 55.7, 757]
['2019-03-26 09:46:00', 55.71, 55.71, 55.71, 55.71, 834]
['2019-03-26 09:44:00', 55.73, 55.68, 55.68, 55.73, 1371]
['2019-03-26 09:43:00', 55.73, 55.75, 55.73, 55.75, 1729]
['2019-03-26 09:41:00', 55.7, 55.7, 55.7, 55.7, 512]
['2019-03-26 09:40:00', 55.66, 55.66, 55.66, 55.66, 525]
['2019-03-26 09:39:00', 55.71, 55.71, 55.71, 55.71, 1800]
['2019-03-26 09:38:00', 55.74, 55.77, 55.74, 55.77, 8089]
['2019-03-26 09:36:00', 55.68, 55.795, 55.68, 55.795, 2321]
['2019-03-26 09:35:00', 55.75, 55.65, 55.65, 55.75, 2537]
['2019-03-26 09:34:00', 55.725, 55.725, 55.725, 55.725, 1100]
['2019-03-26 09:33:00', 55.81, 55.81, 55.81, 55.81, 2302]
['2019-03-25 16:00:00', 55.58, 55.6, 55.58, 55.6, 13614]
['2019-03-25 15:59:00', 55.6, 55.58, 55.58, 55.6, 6166]
['2019-03-25 15:58:00', 55.595, 55.6, 55.595, 55.6, 6750]
['2019-03-25 15:57:00', 55.58, 55.58, 55.58, 55.58, 2152]
['2019-03-25 15:56:00', 55.55, 55.55, 55.54, 55.55, 6863]
['2019-03-25 15:55:00', 55.535, 55.55, 55.535, 55.55, 9416]
['2019-03-25 15:54:00', 55.55, 55.53, 55.52, 55.55, 5879]
['2019-03-25 15:53:00', 55.545, 55.545, 55.545, 55.545, 1216]
['2019-03-25 15:52:00', 55.58, 55.57, 55.57, 55.58, 5125]
['2019-03-25 15:51:00', 55.58, 55.58, 55.58, 55.58, 1627]
['2019-03-25 15:50:00', 55.56, 55.56, 55.55, 55.56, 4299]
['2019-03-25 15:49:00', 55.57, 55.57, 55.57, 55.57, 1914]
['2019-03-25 15:48:00', 55.59, 55.58, 55.58, 55.59, 2840]
['2019-03-25 15:47:00', 55.6, 55.6, 55.6, 55.6, 3011]
['2019-03-25 15:46:00', 55.58, 55.58, 55.58, 55.58, 3792]
['2019-03-25 15:45:00', 55.56, 55.56, 55.56, 55.56, 2132]
['2019-03-25 15:44:00', 55.51, 55.56, 55.51, 55.56, 3296]
['2019-03-25 15:43:00', 55.5, 55.5, 55.5, 55.5, 677]
['2019-03-25 15:41:00', 55.5, 55.48, 55.48, 55.5, 2442]
['2019-03-25 15:40:00', 55.47, 55.48, 55.47, 55.48, 1054]
['2019-03-25 15:39:00', 55.49, 55.46, 55.46, 55.49, 1763]
['2019-03-25 15:38:00', 55.485, 55.525, 55.485, 55.525, 3955]
['2019-03-25 15:37:00', 55.49, 55.48, 55.48, 55.49, 1763]
['2019-03-25 15:36:00', 55.51, 55.51, 55.51, 55.51, 2280]
['2019-03-25 15:35:00', 55.56, 55.5, 55.5, 55.56, 15281]
['2019-03-25 15:34:00', 55.59, 55.59, 55.59, 55.59, 690]
['2019-03-25 15:33:00', 55.585, 55.59, 55.585, 55.59, 1807]
['2019-03-25 15:32:00', 55.59, 55.59, 55.59, 55.59, 660]
['2019-03-25 15:31:00', 55.625, 55.62, 55.62, 55.625, 2326]
['2019-03-25 15:30:00', 55.62, 55.62, 55.62, 55.62, 635]
['2019-03-25 15:29:00', 55.615, 55.615, 55.615, 55.615, 732]
['2019-03-25 15:28:00', 55.645, 55.635, 55.63, 55.645, 2460]
['2019-03-25 15:27:00', 55.64, 55.65, 55.64, 55.65, 1566]
['2019-03-25 15:26:00', 55.6, 55.6, 55.595, 55.6, 2210]
['2019-03-25 15:25:00', 55.61, 55.62, 55.61, 55.62, 2050]
['2019-03-25 15:24:00', 55.59, 55.62, 55.59, 55.62, 1381]
['2019-03-25 15:23:00', 55.58, 55.59, 55.58, 55.595, 2691]
['2019-03-25 15:22:00', 55.58, 55.59, 55.58, 55.59, 2564]
['2019-03-25 15:21:00', 55.58, 55.58, 55.58, 55.58, 207]
['2019-03-25 15:20:00', 55.59, 55.59, 55.59, 55.605, 5698]
['2019-03-25 15:19:00', 55.55, 55.59, 55.55, 55.59, 1962]
['2019-03-25 15:18:00', 55.575, 55.565, 55.565, 55.575, 2172]
['2019-03-25 15:17:00', 55.59, 55.59, 55.59, 55.59, 739]
['2019-03-25 15:16:00', 55.6, 55.6, 55.6, 55.6, 370]
['2019-03-25 15:15:00', 55.6, 55.6, 55.6, 55.6, 1330]
['2019-03-25 15:14:00', 55.635, 55.6, 55.6, 55.635, 2377]
['2019-03-25 15:13:00', 55.65, 55.63, 55.63, 55.65, 4779]
['2019-03-25 15:12:00', 55.61, 55.62, 55.61, 55.62, 1408]
['2019-03-25 15:11:00', 55.605, 55.605, 55.605, 55.605, 809]
['2019-03-25 15:10:00', 55.58, 55.58, 55.58, 55.58, 847]
['2019-03-25 15:09:00', 55.57, 55.58, 55.57, 55.58, 1546]
['2019-03-25 15:08:00', 55.56, 55.56, 55.56, 55.56, 615]
['2019-03-25 15:07:00', 55.56, 55.56, 55.56, 55.56, 1232]
['2019-03-25 15:06:00', 55.55, 55.545, 55.545, 55.55, 1401]
['2019-03-25 15:04:00', 55.57, 55.56, 55.56, 55.57, 801]
['2019-03-25 15:03:00', 55.58, 55.58, 55.58, 55.59, 1940]
['2019-03-25 15:02:00', 55.59, 55.58, 55.58, 55.59, 1179]
['2019-03-25 15:01:00', 55.6, 55.6, 55.6, 55.6, 1068]
['2019-03-25 15:00:00', 55.59, 55.59, 55.59, 55.59, 512]
['2019-03-25 14:59:00', 55.59, 55.58, 55.58, 55.59, 1590]
['2019-03-25 14:58:00', 55.6, 55.61, 55.6, 55.61, 1320]
['2019-03-25 14:57:00', 55.58, 55.58, 55.58, 55.58, 759]
['2019-03-25 14:56:00', 55.58, 55.57, 55.57, 55.58, 1396]
['2019-03-25 14:54:00', 55.57, 55.57, 55.57, 55.57, 716]
['2019-03-25 14:53:00', 55.56, 55.56, 55.56, 55.56, 663]
['2019-03-25 14:52:00', 55.55, 55.54, 55.54, 55.56, 2398]
['2019-03-25 14:51:00', 55.57, 55.55, 55.55, 55.57, 922]
['2019-03-25 14:50:00', 55.58, 55.575, 55.575, 55.58, 784]
['2019-03-25 14:48:00', 55.59, 55.59, 55.59, 55.59, 639]
['2019-03-25 14:47:00', 55.58, 55.58, 55.58, 55.58, 1310]
['2019-03-25 14:46:00', 55.59, 55.595, 55.59, 55.595, 1394]
['2019-03-25 14:45:00', 55.605, 55.605, 55.605, 55.605, 591]
['2019-03-25 14:44:00', 55.58, 55.58, 55.58, 55.58, 243]
['2019-03-25 14:43:00', 55.58, 55.58, 55.58, 55.58, 917]
['2019-03-25 14:41:00', 55.54, 55.55, 55.54, 55.55, 1481]
['2019-03-25 14:40:00', 55.54, 55.54, 55.54, 55.54, 748]
['2019-03-25 14:38:00', 55.54, 55.54, 55.54, 55.54, 499]
['2019-03-25 14:36:00', 55.53, 55.53, 55.53, 55.53, 155]
['2019-03-25 14:35:00', 55.53, 55.52, 55.52, 55.53, 1328]
['2019-03-25 14:34:00', 55.54, 55.54, 55.54, 55.54, 421]
['2019-03-25 14:32:00', 55.51, 55.51, 55.51, 55.51, 617]
['2019-03-25 14:31:00', 55.52, 55.52, 55.52, 55.52, 923]
['2019-03-25 14:30:00', 55.46, 55.46, 55.46, 55.46, 360]
['2019-03-25 14:29:00', 55.46, 55.46, 55.46, 55.46, 441]
['2019-03-25 14:28:00', 55.45, 55.45, 55.45, 55.45, 937]
['2019-03-25 14:25:00', 55.48, 55.47, 55.47, 55.48, 1173]
['2019-03-25 14:24:00', 55.46, 55.46, 55.46, 55.46, 1382]
['2019-03-25 14:23:00', 55.47, 55.47, 55.47, 55.47, 200]
['2019-03-25 14:22:00', 55.47, 55.47, 55.47, 55.47, 480]
['2019-03-25 14:21:00', 55.47, 55.47, 55.47, 55.47, 1016]
['2019-03-25 14:20:00', 55.47, 55.47, 55.47, 55.47, 130]
['2019-03-25 14:19:00', 55.46, 55.46, 55.46, 55.46, 1032]
['2019-03-25 14:18:00', 55.47, 55.47, 55.47, 55.47, 459]
['2019-03-25 14:17:00', 55.49, 55.49, 55.49, 55.49, 491]
['2019-03-25 14:16:00', 55.49, 55.49, 55.49, 55.49, 470]
['2019-03-25 14:15:00', 55.47, 55.47, 55.47, 55.47, 401]
['2019-03-25 14:14:00', 55.47, 55.47, 55.47, 55.47, 670]
['2019-03-25 14:13:00', 55.51, 55.505, 55.505, 55.51, 2524]
['2019-03-25 14:12:00', 55.51, 55.51, 55.51, 55.51, 987]
['2019-03-25 14:11:00', 55.5, 55.5, 55.5, 55.5, 778]
['2019-03-25 14:10:00', 55.5, 55.5, 55.5, 55.5, 1371]
['2019-03-25 14:08:00', 55.495, 55.495, 55.495, 55.495, 265]
['2019-03-25 14:07:00', 55.48, 55.48, 55.48, 55.48, 855]
['2019-03-25 14:06:00', 55.48, 55.48, 55.48, 55.48, 500]
['2019-03-25 14:04:00', 55.48, 55.48, 55.48, 55.48, 1056]
['2019-03-25 14:03:00', 55.49, 55.49, 55.49, 55.49, 483]
['2019-03-25 14:02:00', 55.49, 55.49, 55.49, 55.49, 527]
['2019-03-25 14:01:00', 55.46, 55.49, 55.46, 55.49, 770]
['2019-03-25 13:59:00', 55.45, 55.45, 55.45, 55.45, 540]
['2019-03-25 13:58:00', 55.44, 55.44, 55.44, 55.44, 601]
['2019-03-25 13:57:00', 55.42, 55.42, 55.42, 55.42, 711]
['2019-03-25 13:55:00', 55.43, 55.42, 55.42, 55.43, 1291]
['2019-03-25 13:54:00', 55.44, 55.44, 55.44, 55.44, 702]
['2019-03-25 13:52:00', 55.46, 55.46, 55.46, 55.46, 174]
['2019-03-25 13:51:00', 55.46, 55.46, 55.46, 55.46, 492]
['2019-03-25 13:49:00', 55.47, 55.47, 55.47, 55.47, 601]
['2019-03-25 13:47:00', 55.53, 55.5, 55.5, 55.53, 1155]
['2019-03-25 13:46:00', 55.52, 55.52, 55.52, 55.52, 1267]
['2019-03-25 13:44:00', 55.54, 55.54, 55.54, 55.54, 568]
['2019-03-25 13:43:00', 55.56, 55.56, 55.56, 55.56, 344]
['2019-03-25 13:42:00', 55.58, 55.55, 55.55, 55.58, 1253]
['2019-03-25 13:41:00', 55.59, 55.59, 55.59, 55.59, 784]
['2019-03-25 13:40:00', 55.59, 55.59, 55.59, 55.59, 718]
['2019-03-25 13:39:00', 55.56, 55.57, 55.56, 55.57, 1750]
['2019-03-25 13:38:00', 55.59, 55.59, 55.59, 55.59, 303]
['2019-03-25 13:37:00', 55.61, 55.59, 55.59, 55.61, 2690]
['2019-03-25 13:36:00', 55.605, 55.605, 55.605, 55.605, 700]
['2019-03-25 13:35:00', 55.605, 55.605, 55.605, 55.605, 1105]
['2019-03-25 13:34:00', 55.58, 55.59, 55.58, 55.59, 1742]
['2019-03-25 13:32:00', 55.58, 55.58, 55.58, 55.58, 818]
['2019-03-25 13:30:00', 55.59, 55.59, 55.59, 55.59, 796]
['2019-03-25 13:28:00', 55.5701, 55.5701, 55.5701, 55.5701, 293]
['2019-03-25 13:27:00', 55.58, 55.58, 55.58, 55.58, 485]
['2019-03-25 13:26:00', 55.605, 55.605, 55.605, 55.605, 1245]
['2019-03-25 13:24:00', 55.57, 55.57, 55.57, 55.57, 814]
['2019-03-25 13:23:00', 55.6, 55.6, 55.58, 55.6, 3665]
['2019-03-25 13:22:00', 55.605, 55.61, 55.605, 55.61, 2145]
['2019-03-25 13:20:00', 55.6, 55.605, 55.6, 55.605, 2218]
['2019-03-25 13:18:00', 55.61, 55.61, 55.61, 55.61, 566]
['2019-03-25 13:17:00', 55.6, 55.6, 55.6, 55.6, 1110]
['2019-03-25 13:15:00', 55.61, 55.61, 55.61, 55.61, 653]
['2019-03-25 13:14:00', 55.63, 55.63, 55.63, 55.63, 1162]
['2019-03-25 13:13:00', 55.605, 55.605, 55.605, 55.605, 1873]
['2019-03-25 13:11:00', 55.57, 55.57, 55.57, 55.57, 655]
['2019-03-25 13:09:00', 55.57, 55.57, 55.57, 55.57, 619]
['2019-03-25 13:08:00', 55.56, 55.56, 55.56, 55.56, 600]
['2019-03-25 13:07:00', 55.56, 55.57, 55.56, 55.57, 1640]
['2019-03-25 13:06:00', 55.56, 55.56, 55.56, 55.56, 451]
['2019-03-25 13:05:00', 55.605, 55.59, 55.59, 55.61, 1993]
['2019-03-25 13:04:00', 55.58, 55.59, 55.58, 55.59, 3032]
['2019-03-25 13:02:00', 55.58, 55.58, 55.58, 55.58, 379]
['2019-03-25 13:01:00', 55.59, 55.58, 55.58, 55.59, 1551]
['2019-03-25 13:00:00', 55.55, 55.58, 55.55, 55.58, 1192]
['2019-03-25 12:59:00', 55.54, 55.54, 55.54, 55.54, 843]
['2019-03-25 12:58:00', 55.53, 55.53, 55.53, 55.53, 151]
['2019-03-25 12:57:00', 55.51, 55.51, 55.51, 55.51, 703]
['2019-03-25 12:55:00', 55.52, 55.52, 55.52, 55.52, 342]
['2019-03-25 12:53:00', 55.52, 55.52, 55.505, 55.52, 2095]
['2019-03-25 12:52:00', 55.52, 55.52, 55.52, 55.52, 962]
['2019-03-25 12:51:00', 55.51, 55.51, 55.51, 55.51, 340]
['2019-03-25 12:49:00', 55.48, 55.49, 55.48, 55.49, 407]
['2019-03-25 12:47:00', 55.465, 55.465, 55.465, 55.465, 511]
['2019-03-25 12:46:00', 55.46, 55.46, 55.46, 55.46, 595]
['2019-03-25 12:44:00', 55.45, 55.45, 55.45, 55.45, 601]
['2019-03-25 12:43:00', 55.45, 55.45, 55.45, 55.45, 440]
['2019-03-25 12:42:00', 55.48, 55.48, 55.48, 55.48, 101]
['2019-03-25 12:41:00', 55.5, 55.52, 55.5, 55.52, 1593]
['2019-03-25 12:40:00', 55.52, 55.52, 55.52, 55.52, 251]
['2019-03-25 12:37:00', 55.52, 55.54, 55.52, 55.54, 1121]
['2019-03-25 12:35:00', 55.555, 55.555, 55.555, 55.555, 305]
['2019-03-25 12:34:00', 55.58, 55.58, 55.58, 55.58, 131]
['2019-03-25 12:33:00', 55.58, 55.58, 55.58, 55.58, 772]
['2019-03-25 12:32:00', 55.61, 55.61, 55.61, 55.61, 462]
['2019-03-25 12:30:00', 55.62, 55.62, 55.62, 55.62, 1101]
['2019-03-25 12:28:00', 55.63, 55.63, 55.63, 55.63, 562]
['2019-03-25 12:26:00', 55.65, 55.65, 55.65, 55.65, 710]
['2019-03-25 12:25:00', 55.61, 55.62, 55.61, 55.62, 4589]
['2019-03-25 12:24:00', 55.615, 55.61, 55.61, 55.615, 2101]
['2019-03-25 12:22:00', 55.64, 55.63, 55.63, 55.64, 1221]
['2019-03-25 12:21:00', 55.64, 55.64, 55.64, 55.64, 503]
['2019-03-25 12:20:00', 55.64, 55.64, 55.64, 55.64, 375]
['2019-03-25 12:18:00', 55.62, 55.62, 55.62, 55.62, 413]
['2019-03-25 12:16:00', 55.63, 55.63, 55.63, 55.63, 613]
['2019-03-25 12:15:00', 55.65, 55.65, 55.65, 55.65, 336]
['2019-03-25 12:14:00', 55.67, 55.67, 55.67, 55.67, 333]
['2019-03-25 12:12:00', 55.69, 55.69, 55.69, 55.69, 445]
['2019-03-25 12:10:00', 55.67, 55.67, 55.67, 55.67, 620]
['2019-03-25 12:09:00', 55.68, 55.68, 55.68, 55.68, 901]
['2019-03-25 12:08:00', 55.7, 55.69, 55.69, 55.7, 1738]
['2019-03-25 12:06:00', 55.7, 55.69, 55.69, 55.7, 1730]
['2019-03-25 12:05:00', 55.66, 55.66, 55.66, 55.66, 556]
['2019-03-25 12:04:00', 55.635, 55.635, 55.635, 55.635, 713]
['2019-03-25 12:02:00', 55.61, 55.61, 55.61, 55.61, 110]
['2019-03-25 12:01:00', 55.6, 55.6, 55.6, 55.6, 2441]
['2019-03-25 12:00:00', 55.62, 55.62, 55.62, 55.62, 1080]
['2019-03-25 11:59:00', 55.6, 55.61, 55.6, 55.61, 3940]
['2019-03-25 11:58:00', 55.62, 55.62, 55.62, 55.62, 1260]
['2019-03-25 11:57:00', 55.655, 55.655, 55.655, 55.655, 369]
['2019-03-25 11:56:00', 55.64, 55.65, 55.64, 55.65, 1233]
['2019-03-25 11:55:00', 55.64, 55.64, 55.64, 55.64, 415]
['2019-03-25 11:54:00', 55.66, 55.64, 55.64, 55.66, 2869]
['2019-03-25 11:53:00', 55.66, 55.66, 55.66, 55.66, 233]
['2019-03-25 11:51:00', 55.66, 55.66, 55.66, 55.66, 1190]
['2019-03-25 11:50:00', 55.68, 55.6643, 55.6643, 55.68, 2103]
['2019-03-25 11:49:00', 55.6818, 55.6818, 55.6818, 55.6818, 365]
['2019-03-25 11:46:00', 55.69, 55.69, 55.69, 55.69, 642]
['2019-03-25 11:45:00', 55.68, 55.68, 55.68, 55.68, 509]
['2019-03-25 11:44:00', 55.695, 55.6898, 55.6898, 55.695, 1903]
['2019-03-25 11:42:00', 55.675, 55.675, 55.675, 55.675, 819]
['2019-03-25 11:41:00', 55.7, 55.7, 55.7, 55.7, 917]
['2019-03-25 11:40:00', 55.719, 55.719, 55.719, 55.719, 524]
['2019-03-25 11:38:00', 55.71, 55.71, 55.71, 55.71, 409]
['2019-03-25 11:37:00', 55.72, 55.72, 55.72, 55.72, 433]
['2019-03-25 11:36:00', 55.72, 55.74, 55.72, 55.74, 1549]
['2019-03-25 11:35:00', 55.74, 55.74, 55.74, 55.74, 690]
['2019-03-25 11:34:00', 55.74, 55.74, 55.74, 55.74, 771]
['2019-03-25 11:33:00', 55.75, 55.75, 55.75, 55.75, 1539]
['2019-03-25 11:32:00', 55.75, 55.75, 55.75, 55.75, 1460]
['2019-03-25 11:31:00', 55.76, 55.75, 55.75, 55.76, 3790]
['2019-03-25 11:30:00', 55.77, 55.75, 55.75, 55.77, 2644]
['2019-03-25 11:29:00', 55.76, 55.76, 55.76, 55.76, 1888]
['2019-03-25 11:28:00', 55.75, 55.75, 55.75, 55.75, 780]
['2019-03-25 11:27:00', 55.72, 55.72, 55.72, 55.72, 1021]
['2019-03-25 11:26:00', 55.73, 55.73, 55.73, 55.73, 725]
['2019-03-25 11:25:00', 55.75, 55.74, 55.74, 55.75, 1134]
['2019-03-25 11:24:00', 55.73, 55.73, 55.73, 55.73, 659]
['2019-03-25 11:23:00', 55.75, 55.75, 55.75, 55.75, 1930]
['2019-03-25 11:22:00', 55.78, 55.74, 55.74, 55.78, 6486]
['2019-03-25 11:21:00', 55.745, 55.78, 55.745, 55.78, 2294]
['2019-03-25 11:20:00', 55.735, 55.735, 55.735, 55.735, 1660]
['2019-03-25 11:19:00', 55.735, 55.7, 55.7, 55.735, 5347]
['2019-03-25 11:18:00', 55.73, 55.73, 55.73, 55.73, 646]
['2019-03-25 11:17:00', 55.71, 55.71, 55.71, 55.71, 588]
['2019-03-25 11:16:00', 55.67, 55.67, 55.67, 55.67, 400]
['2019-03-25 11:15:00', 55.615, 55.62, 55.615, 55.62, 1898]
['2019-03-25 11:14:00', 55.61, 55.61, 55.61, 55.61, 2041]
['2019-03-25 11:13:00', 55.62, 55.62, 55.62, 55.62, 430]
['2019-03-25 11:12:00', 55.6234, 55.6234, 55.6234, 55.6234, 1328]
['2019-03-25 11:11:00', 55.67, 55.67, 55.67, 55.68, 2502]
['2019-03-25 11:10:00', 55.67, 55.67, 55.67, 55.67, 690]
['2019-03-25 11:09:00', 55.695, 55.69, 55.69, 55.695, 3018]
['2019-03-25 11:08:00', 55.735, 55.74, 55.735, 55.74, 1938]
['2019-03-25 11:07:00', 55.71, 55.71, 55.71, 55.71, 824]
['2019-03-25 11:06:00', 55.72, 55.75, 55.72, 55.75, 1671]
['2019-03-25 11:05:00', 55.73, 55.71, 55.71, 55.73, 1218]
['2019-03-25 11:04:00', 55.725, 55.725, 55.725, 55.725, 549]
['2019-03-25 11:03:00', 55.725, 55.725, 55.725, 55.725, 1274]
['2019-03-25 11:02:00', 55.73, 55.75, 55.73, 55.75, 2056]
['2019-03-25 11:01:00', 55.71, 55.71, 55.71, 55.71, 511]
['2019-03-25 11:00:00', 55.725, 55.725, 55.725, 55.725, 985]
['2019-03-25 10:59:00', 55.75, 55.75, 55.75, 55.75, 710]
['2019-03-25 10:58:00', 55.75, 55.75, 55.75, 55.75, 1011]
['2019-03-25 10:57:00', 55.74, 55.74, 55.74, 55.74, 561]
['2019-03-25 10:56:00', 55.74, 55.755, 55.735, 55.755, 4963]
['2019-03-25 10:55:00', 55.75, 55.76, 55.75, 55.76, 3054]
['2019-03-25 10:54:00', 55.755, 55.75, 55.75, 55.755, 1637]
['2019-03-25 10:52:00', 55.725, 55.75, 55.725, 55.75, 2688]
['2019-03-25 10:51:00', 55.63, 55.68, 55.63, 55.68, 7869]
['2019-03-25 10:50:00', 55.61, 55.62, 55.61, 55.62, 3054]
['2019-03-25 10:49:00', 55.62, 55.605, 55.605, 55.62, 2809]
['2019-03-25 10:48:00', 55.6, 55.6, 55.6, 55.6, 645]
['2019-03-25 10:47:00', 55.61, 55.61, 55.61, 55.61, 809]
['2019-03-25 10:46:00', 55.6075, 55.62, 55.6075, 55.62, 2929]
['2019-03-25 10:45:00', 55.625, 55.625, 55.625, 55.625, 197]
['2019-03-25 10:43:00', 55.63, 55.62, 55.62, 55.63, 1928]
['2019-03-25 10:42:00', 55.68, 55.63, 55.63, 55.68, 3391]
['2019-03-25 10:41:00', 55.68, 55.68, 55.68, 55.68, 829]
['2019-03-25 10:40:00', 55.675, 55.675, 55.675, 55.675, 905]
['2019-03-25 10:39:00', 55.695, 55.695, 55.695, 55.695, 420]
['2019-03-25 10:38:00', 55.7, 55.7, 55.7, 55.7, 1677]
['2019-03-25 10:37:00', 55.68, 55.65, 55.65, 55.68, 1825]
['2019-03-25 10:35:00', 55.71, 55.71, 55.71, 55.71, 420]
['2019-03-25 10:34:00', 55.73, 55.73, 55.73, 55.73, 622]
['2019-03-25 10:33:00', 55.72, 55.74, 55.72, 55.74, 2234]
['2019-03-25 10:32:00', 55.705, 55.71, 55.705, 55.71, 1758]
['2019-03-25 10:31:00', 55.695, 55.695, 55.695, 55.695, 582]
['2019-03-25 10:29:00', 55.74, 55.74, 55.74, 55.74, 851]
['2019-03-25 10:28:00', 55.71, 55.705, 55.705, 55.71, 6790]
['2019-03-25 10:27:00', 55.75, 55.715, 55.715, 55.75, 2020]
['2019-03-25 10:26:00', 55.7, 55.7, 55.7, 55.7, 3699]
['2019-03-25 10:25:00', 55.65, 55.7, 55.65, 55.7, 1282]
['2019-03-25 10:23:00', 55.7, 55.7, 55.7, 55.7, 561]
['2019-03-25 10:22:00', 55.72, 55.72, 55.72, 55.72, 1568]
['2019-03-25 10:21:00', 55.71, 55.71, 55.71, 55.71, 941]
['2019-03-25 10:20:00', 55.75, 55.715, 55.715, 55.75, 3373]
['2019-03-25 10:18:00', 55.745, 55.745, 55.745, 55.745, 752]
['2019-03-25 10:17:00', 55.74, 55.73, 55.73, 55.74, 1711]
['2019-03-25 10:14:00', 55.8, 55.8, 55.8, 55.8, 519]
['2019-03-25 10:11:00', 55.725, 55.73, 55.725, 55.73, 1134]
['2019-03-25 10:09:00', 55.73, 55.73, 55.73, 55.73, 377]
['2019-03-25 10:08:00', 55.71, 55.71, 55.71, 55.71, 1277]
['2019-03-25 10:06:00', 55.78, 55.79, 55.78, 55.79, 2392]
['2019-03-25 10:05:00', 55.8, 55.8, 55.8, 55.8, 820]
['2019-03-25 10:04:00', 55.79, 55.79, 55.79, 55.79, 360]
['2019-03-25 10:03:00', 55.8, 55.8, 55.8, 55.8, 611]
['2019-03-25 10:02:00', 55.73, 55.78, 55.73, 55.78, 2724]
['2019-03-25 10:00:00', 55.715, 55.715, 55.715, 55.715, 430]
['2019-03-25 09:58:00', 55.81, 55.77, 55.77, 55.81, 1608]
['2019-03-25 09:57:00', 55.81, 55.81, 55.81, 55.81, 1162]
['2019-03-25 09:55:00', 55.78, 55.79, 55.78, 55.79, 1530]
['2019-03-25 09:54:00', 55.755, 55.75, 55.75, 55.755, 9675]
['2019-03-25 09:53:00', 55.79, 55.79, 55.79, 55.79, 831]
['2019-03-25 09:52:00', 55.82, 55.82, 55.82, 55.82, 271]
['2019-03-25 09:50:00', 55.8, 55.8, 55.8, 55.8, 329]
['2019-03-25 09:49:00', 55.795, 55.795, 55.795, 55.795, 1594]
['2019-03-25 09:48:00', 55.86, 55.82, 55.82, 55.86, 1786]
['2019-03-25 09:47:00', 55.82, 55.82, 55.82, 55.82, 978]
['2019-03-25 09:45:00', 55.865, 55.815, 55.815, 55.865, 480]
['2019-03-25 09:43:00', 55.805, 55.805, 55.805, 55.805, 223]
['2019-03-25 09:41:00', 55.84, 55.84, 55.84, 55.84, 1348]
['2019-03-25 09:36:00', 55.89, 55.89, 55.89, 55.89, 3232]
['2019-03-25 09:35:00', 55.89, 55.89, 55.89, 55.89, 0]
