ATKR
['2019-03-29 16:00:00', 21.54, 21.535, 21.535, 21.54, 14854]
['2019-03-29 15:59:00', 21.535, 21.535, 21.535, 21.535, 2502]
['2019-03-29 15:58:00', 21.535, 21.535, 21.535, 21.535, 985]
['2019-03-29 15:57:00', 21.53, 21.54, 21.53, 21.54, 4311]
['2019-03-29 15:56:00', 21.54, 21.54, 21.54, 21.54, 4461]
['2019-03-29 15:55:00', 21.525, 21.525, 21.525, 21.525, 871]
['2019-03-29 15:54:00', 21.52, 21.52, 21.52, 21.52, 661]
['2019-03-29 15:51:00', 21.515, 21.52, 21.515, 21.52, 4142]
['2019-03-29 15:50:00', 21.52, 21.52, 21.52, 21.52, 1101]
['2019-03-29 15:48:00', 21.525, 21.54, 21.525, 21.54, 3622]
['2019-03-29 15:47:00', 21.6, 21.55, 21.55, 21.6, 5138]
['2019-03-29 15:46:00', 21.64, 21.63, 21.63, 21.64, 5519]
['2019-03-29 15:45:00', 21.65, 21.65, 21.65, 21.65, 1333]
['2019-03-29 15:44:00', 21.65, 21.65, 21.65, 21.65, 480]
['2019-03-29 15:43:00', 21.67, 21.67, 21.67, 21.67, 575]
['2019-03-29 15:41:00', 21.67, 21.67, 21.67, 21.67, 1059]
['2019-03-29 15:40:00', 21.68, 21.69, 21.68, 21.69, 3055]
['2019-03-29 15:39:00', 21.665, 21.665, 21.665, 21.665, 126]
['2019-03-29 15:37:00', 21.67, 21.67, 21.67, 21.67, 688]
['2019-03-29 15:36:00', 21.68, 21.68, 21.68, 21.68, 638]
['2019-03-29 15:33:00', 21.65, 21.65, 21.65, 21.65, 206]
['2019-03-29 15:32:00', 21.65, 21.65, 21.65, 21.65, 637]
['2019-03-29 15:31:00', 21.66, 21.66, 21.66, 21.66, 312]
['2019-03-29 15:30:00', 21.66, 21.66, 21.66, 21.66, 950]
['2019-03-29 15:29:00', 21.66, 21.66, 21.66, 21.66, 1174]
['2019-03-29 15:28:00', 21.66, 21.66, 21.66, 21.66, 220]
['2019-03-29 15:25:00', 21.64, 21.64, 21.64, 21.64, 210]
['2019-03-29 15:24:00', 21.655, 21.655, 21.655, 21.655, 520]
['2019-03-29 15:23:00', 21.68, 21.68, 21.68, 21.68, 607]
['2019-03-29 15:22:00', 21.69, 21.69, 21.69, 21.69, 218]
['2019-03-29 15:17:00', 21.69, 21.69, 21.69, 21.69, 426]
['2019-03-29 15:16:00', 21.67, 21.67, 21.67, 21.67, 525]
['2019-03-29 15:15:00', 21.68, 21.68, 21.68, 21.68, 1239]
['2019-03-29 15:12:00', 21.69, 21.69, 21.69, 21.69, 1087]
['2019-03-29 15:11:00', 21.695, 21.695, 21.695, 21.695, 1006]
['2019-03-29 15:07:00', 21.69, 21.68, 21.68, 21.69, 910]
['2019-03-29 15:05:00', 21.69, 21.69, 21.69, 21.69, 970]
['2019-03-29 15:04:00', 21.73, 21.7, 21.7, 21.73, 11480]
['2019-03-29 15:02:00', 21.725, 21.725, 21.725, 21.725, 842]
['2019-03-29 14:58:00', 21.7, 21.7, 21.7, 21.7, 920]
['2019-03-29 14:54:00', 21.72, 21.72, 21.72, 21.72, 202]
['2019-03-29 14:53:00', 21.7, 21.7, 21.7, 21.7, 500]
['2019-03-29 14:52:00', 21.7, 21.7, 21.7, 21.7, 700]
['2019-03-29 14:49:00', 21.68, 21.68, 21.68, 21.68, 289]
['2019-03-29 14:47:00', 21.68, 21.68, 21.68, 21.68, 321]
['2019-03-29 14:44:00', 21.69, 21.69, 21.69, 21.69, 700]
['2019-03-29 14:42:00', 21.66, 21.67, 21.66, 21.67, 710]
['2019-03-29 14:41:00', 21.67, 21.67, 21.67, 21.67, 1494]
['2019-03-29 14:38:00', 21.68, 21.68, 21.68, 21.68, 571]
['2019-03-29 14:35:00', 21.72, 21.715, 21.7, 21.72, 9494]
['2019-03-29 14:31:00', 21.74, 21.74, 21.74, 21.74, 435]
['2019-03-29 14:29:00', 21.74, 21.74, 21.74, 21.74, 1049]
['2019-03-29 14:27:00', 21.74, 21.74, 21.74, 21.74, 688]
['2019-03-29 14:24:00', 21.75, 21.75, 21.75, 21.76, 1225]
['2019-03-29 14:22:00', 21.75, 21.75, 21.75, 21.75, 1736]
['2019-03-29 14:19:00', 21.78, 21.78, 21.78, 21.78, 733]
['2019-03-29 14:17:00', 21.795, 21.795, 21.795, 21.795, 218]
['2019-03-29 14:15:00', 21.79, 21.79, 21.79, 21.79, 370]
['2019-03-29 14:09:00', 21.8, 21.8, 21.8, 21.8, 501]
['2019-03-29 14:08:00', 21.77, 21.78, 21.77, 21.78, 766]
['2019-03-29 14:06:00', 21.75, 21.75, 21.75, 21.75, 900]
['2019-03-29 14:05:00', 21.75, 21.75, 21.75, 21.75, 1138]
['2019-03-29 14:01:00', 21.75, 21.75, 21.75, 21.75, 358]
['2019-03-29 13:57:00', 21.75, 21.75, 21.75, 21.75, 659]
['2019-03-29 13:56:00', 21.75, 21.75, 21.75, 21.75, 1809]
['2019-03-29 13:54:00', 21.75, 21.75, 21.75, 21.75, 501]
['2019-03-29 13:50:00', 21.73, 21.73, 21.73, 21.73, 556]
['2019-03-29 13:48:00', 21.72, 21.71, 21.71, 21.72, 3140]
['2019-03-29 13:47:00', 21.68, 21.63, 21.63, 21.68, 3500]
['2019-03-29 13:46:00', 21.71, 21.7, 21.7, 21.71, 741]
['2019-03-29 13:42:00', 21.66, 21.69, 21.66, 21.69, 2480]
['2019-03-29 13:41:00', 21.65, 21.65, 21.65, 21.65, 300]
['2019-03-29 13:36:00', 21.65, 21.65, 21.65, 21.65, 1556]
['2019-03-29 13:31:00', 21.65, 21.65, 21.65, 21.65, 372]
['2019-03-29 13:30:00', 21.71, 21.67, 21.67, 21.71, 3630]
['2019-03-29 13:28:00', 21.73, 21.725, 21.725, 21.73, 7540]
['2019-03-29 13:25:00', 21.75, 21.75, 21.75, 21.75, 510]
['2019-03-29 13:23:00', 21.76, 21.76, 21.76, 21.76, 604]
['2019-03-29 13:22:00', 21.735, 21.735, 21.735, 21.735, 1300]
['2019-03-29 13:21:00', 21.73, 21.73, 21.73, 21.73, 1080]
['2019-03-29 13:19:00', 21.745, 21.745, 21.745, 21.745, 1070]
['2019-03-29 13:18:00', 21.75, 21.75, 21.75, 21.75, 906]
['2019-03-29 13:17:00', 21.75, 21.76, 21.75, 21.76, 1832]
['2019-03-29 13:15:00', 21.78, 21.78, 21.78, 21.78, 200]
['2019-03-29 13:13:00', 21.78, 21.78, 21.78, 21.78, 256]
['2019-03-29 13:12:00', 21.77, 21.78, 21.77, 21.78, 691]
['2019-03-29 13:11:00', 21.78, 21.78, 21.78, 21.78, 125]
['2019-03-29 13:08:00', 21.765, 21.765, 21.765, 21.765, 100]
['2019-03-29 13:07:00', 21.77, 21.77, 21.77, 21.77, 300]
['2019-03-29 13:06:00', 21.75, 21.775, 21.75, 21.775, 1912]
['2019-03-29 13:00:00', 21.755, 21.755, 21.755, 21.755, 400]
['2019-03-29 12:57:00', 21.75, 21.76, 21.75, 21.76, 1108]
['2019-03-29 12:54:00', 21.74, 21.74, 21.74, 21.74, 701]
['2019-03-29 12:51:00', 21.73, 21.73, 21.73, 21.73, 304]
['2019-03-29 12:50:00', 21.73, 21.73, 21.73, 21.73, 252]
['2019-03-29 12:47:00', 21.72, 21.73, 21.72, 21.73, 1437]
['2019-03-29 12:46:00', 21.73, 21.73, 21.73, 21.73, 507]
['2019-03-29 12:45:00', 21.69, 21.69, 21.69, 21.69, 2943]
['2019-03-29 12:42:00', 21.72, 21.72, 21.72, 21.72, 155]
['2019-03-29 12:41:00', 21.71, 21.73, 21.71, 21.73, 1875]
['2019-03-29 12:40:00', 21.695, 21.7, 21.695, 21.7, 1331]
['2019-03-29 12:38:00', 21.695, 21.68, 21.68, 21.695, 900]
['2019-03-29 12:35:00', 21.685, 21.685, 21.685, 21.685, 546]
['2019-03-29 12:32:00', 21.65, 21.65, 21.65, 21.65, 1582]
['2019-03-29 12:30:00', 21.68, 21.66, 21.66, 21.68, 973]
['2019-03-29 12:26:00', 21.69, 21.69, 21.69, 21.69, 101]
['2019-03-29 12:22:00', 21.69, 21.69, 21.69, 21.69, 411]
['2019-03-29 12:20:00', 21.68, 21.68, 21.68, 21.68, 210]
['2019-03-29 12:19:00', 21.67, 21.67, 21.67, 21.67, 206]
['2019-03-29 12:16:00', 21.65, 21.65, 21.65, 21.65, 500]
['2019-03-29 12:15:00', 21.65, 21.65, 21.65, 21.65, 2325]
['2019-03-29 12:14:00', 21.65, 21.65, 21.65, 21.65, 846]
['2019-03-29 12:13:00', 21.68, 21.68, 21.68, 21.68, 776]
['2019-03-29 12:12:00', 21.7, 21.7, 21.7, 21.7, 1699]
['2019-03-29 12:10:00', 21.69, 21.72, 21.69, 21.72, 1778]
['2019-03-29 12:09:00', 21.72, 21.72, 21.72, 21.72, 854]
['2019-03-29 12:08:00', 21.79, 21.79, 21.79, 21.79, 2134]
['2019-03-29 12:07:00', 21.795, 21.795, 21.795, 21.795, 2900]
['2019-03-29 12:06:00', 21.8, 21.8, 21.8, 21.8, 1600]
['2019-03-29 12:05:00', 21.845, 21.825, 21.825, 21.85, 2801]
['2019-03-29 12:04:00', 21.855, 21.855, 21.855, 21.855, 525]
['2019-03-29 12:03:00', 21.87, 21.87, 21.87, 21.87, 804]
['2019-03-29 12:02:00', 21.87, 21.87, 21.87, 21.87, 1444]
['2019-03-29 12:01:00', 21.89, 21.89, 21.89, 21.89, 1182]
['2019-03-29 12:00:00', 21.9, 21.9, 21.9, 21.9, 200]
['2019-03-29 11:59:00', 21.91, 21.91, 21.91, 21.91, 770]
['2019-03-29 11:57:00', 21.89, 21.89, 21.89, 21.89, 587]
['2019-03-29 11:56:00', 21.88, 21.88, 21.88, 21.88, 867]
['2019-03-29 11:55:00', 21.905, 21.905, 21.905, 21.905, 140]
['2019-03-29 11:53:00', 21.92, 21.92, 21.92, 21.92, 700]
['2019-03-29 11:51:00', 21.905, 21.905, 21.905, 21.905, 943]
['2019-03-29 11:50:00', 21.93, 21.93, 21.93, 21.93, 300]
['2019-03-29 11:48:00', 21.915, 21.915, 21.915, 21.915, 1084]
['2019-03-29 11:47:00', 21.92, 21.92, 21.92, 21.92, 1214]
['2019-03-29 11:46:00', 21.93, 21.93, 21.92, 21.93, 2176]
['2019-03-29 11:45:00', 21.935, 21.935, 21.935, 21.935, 221]
['2019-03-29 11:43:00', 21.94, 21.94, 21.94, 21.94, 827]
['2019-03-29 11:41:00', 21.93, 21.945, 21.93, 21.945, 1997]
['2019-03-29 11:39:00', 21.92, 21.92, 21.92, 21.92, 1106]
['2019-03-29 11:38:00', 21.91, 21.91, 21.91, 21.91, 200]
['2019-03-29 11:35:00', 21.9, 21.9, 21.9, 21.9, 367]
['2019-03-29 11:34:00', 21.9, 21.9, 21.9, 21.9, 869]
['2019-03-29 11:33:00', 21.89, 21.89, 21.89, 21.89, 860]
['2019-03-29 11:32:00', 21.91, 21.91, 21.91, 21.91, 441]
['2019-03-29 11:28:00', 21.91, 21.91, 21.9, 21.91, 2723]
['2019-03-29 11:26:00', 21.915, 21.915, 21.915, 21.915, 895]
['2019-03-29 11:25:00', 21.88, 21.88, 21.88, 21.88, 1206]
['2019-03-29 11:24:00', 21.855, 21.855, 21.855, 21.855, 501]
['2019-03-29 11:23:00', 21.86, 21.86, 21.86, 21.86, 544]
['2019-03-29 11:22:00', 21.87, 21.87, 21.87, 21.87, 1223]
['2019-03-29 11:20:00', 21.915, 21.89, 21.89, 21.915, 912]
['2019-03-29 11:18:00', 21.92, 21.92, 21.92, 21.92, 762]
['2019-03-29 11:16:00', 21.875, 21.9, 21.875, 21.9, 1154]
['2019-03-29 11:15:00', 21.88, 21.88, 21.88, 21.88, 1334]
['2019-03-29 11:14:00', 21.86, 21.86, 21.86, 21.86, 1305]
['2019-03-29 11:13:00', 21.89, 21.89, 21.89, 21.89, 200]
['2019-03-29 11:12:00', 21.88, 21.88, 21.88, 21.88, 572]
['2019-03-29 11:11:00', 21.89, 21.89, 21.89, 21.89, 233]
['2019-03-29 11:09:00', 21.88, 21.88, 21.88, 21.88, 1206]
['2019-03-29 11:05:00', 21.85, 21.86, 21.85, 21.86, 4147]
['2019-03-29 11:04:00', 21.88, 21.865, 21.865, 21.88, 1002]
['2019-03-29 11:02:00', 21.91, 21.91, 21.91, 21.91, 504]
['2019-03-29 11:01:00', 21.89, 21.87, 21.87, 21.89, 3338]
['2019-03-29 10:59:00', 21.86, 21.87, 21.86, 21.88, 2626]
['2019-03-29 10:58:00', 21.88, 21.88, 21.88, 21.88, 975]
['2019-03-29 10:57:00', 21.88, 21.88, 21.88, 21.88, 501]
['2019-03-29 10:56:00', 21.88, 21.88, 21.88, 21.88, 1000]
['2019-03-29 10:54:00', 21.84, 21.84, 21.84, 21.84, 3750]
['2019-03-29 10:53:00', 21.86, 21.83, 21.83, 21.86, 1847]
['2019-03-29 10:51:00', 21.835, 21.85, 21.835, 21.85, 2468]
['2019-03-29 10:50:00', 21.86, 21.84, 21.84, 21.86, 2132]
['2019-03-29 10:48:00', 21.86, 21.855, 21.855, 21.86, 1747]
['2019-03-29 10:47:00', 21.8625, 21.8625, 21.8625, 21.8625, 758]
['2019-03-29 10:46:00', 21.875, 21.875, 21.875, 21.875, 766]
['2019-03-29 10:45:00', 21.9, 21.89, 21.89, 21.9, 2058]
['2019-03-29 10:43:00', 21.87, 21.89, 21.87, 21.89, 3107]
['2019-03-29 10:42:00', 21.8825, 21.88, 21.88, 21.8825, 1955]
['2019-03-29 10:41:00', 21.89, 21.89, 21.89, 21.89, 200]
['2019-03-29 10:38:00', 21.85, 21.86, 21.85, 21.86, 2432]
['2019-03-29 10:35:00', 21.855, 21.855, 21.855, 21.855, 516]
['2019-03-29 10:33:00', 21.88, 21.88, 21.88, 21.88, 301]
['2019-03-29 10:31:00', 21.87, 21.87, 21.87, 21.87, 402]
['2019-03-29 10:29:00', 21.835, 21.835, 21.835, 21.835, 500]
['2019-03-29 10:28:00', 21.835, 21.835, 21.835, 21.835, 900]
['2019-03-29 10:26:00', 21.83, 21.83, 21.83, 21.83, 880]
['2019-03-29 10:25:00', 21.88, 21.88, 21.88, 21.88, 1207]
['2019-03-29 10:24:00', 21.84, 21.86, 21.84, 21.86, 5045]
['2019-03-29 10:23:00', 21.84, 21.84, 21.84, 21.84, 1748]
['2019-03-29 10:21:00', 21.87, 21.87, 21.87, 21.87, 637]
['2019-03-29 10:17:00', 21.86, 21.86, 21.86, 21.86, 106]
['2019-03-29 10:16:00', 21.8, 21.835, 21.8, 21.835, 3131]
['2019-03-29 10:15:00', 21.79, 21.79, 21.79, 21.79, 351]
['2019-03-29 10:13:00', 21.8, 21.8, 21.8, 21.8, 100]
['2019-03-29 10:12:00', 21.8, 21.8, 21.8, 21.8, 1519]
['2019-03-29 10:11:00', 21.83, 21.83, 21.83, 21.83, 2623]
['2019-03-29 10:10:00', 21.8, 21.8, 21.8, 21.8, 601]
['2019-03-29 10:08:00', 21.73, 21.75, 21.73, 21.75, 1652]
['2019-03-29 10:07:00', 21.7, 21.7, 21.7, 21.7, 521]
['2019-03-29 10:05:00', 21.7, 21.7, 21.7, 21.7, 809]
['2019-03-29 10:00:00', 21.76, 21.76, 21.76, 21.76, 201]
['2019-03-29 09:59:00', 21.72, 21.72, 21.72, 21.72, 199]
['2019-03-29 09:58:00', 21.73, 21.73, 21.73, 21.73, 359]
['2019-03-29 09:54:00', 21.68, 21.68, 21.68, 21.68, 462]
['2019-03-29 09:52:00', 21.69, 21.63, 21.63, 21.69, 1225]
['2019-03-29 09:51:00', 21.64, 21.64, 21.64, 21.64, 400]
['2019-03-29 09:48:00', 21.61, 21.61, 21.61, 21.61, 1696]
['2019-03-29 09:45:00', 21.64, 21.64, 21.64, 21.64, 323]
['2019-03-29 09:43:00', 21.63, 21.63, 21.63, 21.63, 100]
['2019-03-29 09:42:00', 21.66, 21.66, 21.66, 21.66, 912]
['2019-03-29 09:39:00', 21.55, 21.55, 21.55, 21.55, 239]
['2019-03-29 09:38:00', 21.61, 21.61, 21.61, 21.61, 901]
['2019-03-29 09:35:00', 21.47, 21.47, 21.47, 21.47, 203]
['2019-03-29 09:33:00', 21.6, 21.6, 21.6, 21.6, 2997]
['2019-03-28 16:00:00', 21.41, 21.39, 21.39, 21.41, 8061]
['2019-03-28 15:59:00', 21.41, 21.41, 21.41, 21.41, 1127]
['2019-03-28 15:58:00', 21.42, 21.42, 21.42, 21.42, 1675]
['2019-03-28 15:57:00', 21.4061, 21.425, 21.4061, 21.425, 4887]
['2019-03-28 15:56:00', 21.4, 21.4, 21.4, 21.4, 1024]
['2019-03-28 15:55:00', 21.39, 21.39, 21.39, 21.39, 2453]
['2019-03-28 15:54:00', 21.38, 21.38, 21.38, 21.38, 1095]
['2019-03-28 15:52:00', 21.38, 21.38, 21.38, 21.38, 733]
['2019-03-28 15:51:00', 21.4, 21.4, 21.4, 21.4, 915]
['2019-03-28 15:50:00', 21.38, 21.4, 21.38, 21.42, 4119]
['2019-03-28 15:48:00', 21.4, 21.38, 21.38, 21.4, 2159]
['2019-03-28 15:47:00', 21.44, 21.43, 21.43, 21.44, 4826]
['2019-03-28 15:46:00', 21.44, 21.44, 21.44, 21.44, 928]
['2019-03-28 15:45:00', 21.44, 21.44, 21.44, 21.44, 235]
['2019-03-28 15:43:00', 21.44, 21.44, 21.44, 21.44, 649]
['2019-03-28 15:42:00', 21.45, 21.45, 21.45, 21.45, 984]
['2019-03-28 15:41:00', 21.46, 21.46, 21.46, 21.46, 563]
['2019-03-28 15:40:00', 21.44, 21.44, 21.44, 21.44, 628]
['2019-03-28 15:39:00', 21.45, 21.45, 21.45, 21.45, 1236]
['2019-03-28 15:38:00', 21.45, 21.45, 21.45, 21.45, 1350]
['2019-03-28 15:37:00', 21.45, 21.46, 21.445, 21.46, 4990]
['2019-03-28 15:36:00', 21.44, 21.44, 21.44, 21.44, 803]
['2019-03-28 15:34:00', 21.43, 21.43, 21.43, 21.44, 2957]
['2019-03-28 15:33:00', 21.415, 21.42, 21.415, 21.42, 1860]
['2019-03-28 15:32:00', 21.405, 21.405, 21.405, 21.405, 527]
['2019-03-28 15:31:00', 21.41, 21.4, 21.4, 21.41, 1448]
['2019-03-28 15:30:00', 21.39, 21.4, 21.39, 21.4, 3375]
['2019-03-28 15:28:00', 21.3925, 21.3925, 21.3925, 21.3925, 285]
['2019-03-28 15:27:00', 21.4, 21.395, 21.395, 21.4, 1679]
['2019-03-28 15:25:00', 21.38, 21.4, 21.38, 21.4, 3013]
['2019-03-28 15:21:00', 21.38, 21.38, 21.38, 21.38, 209]
['2019-03-28 15:18:00', 21.375, 21.375, 21.375, 21.375, 510]
['2019-03-28 15:17:00', 21.34, 21.38, 21.34, 21.38, 2873]
['2019-03-28 15:16:00', 21.33, 21.33, 21.33, 21.33, 749]
['2019-03-28 15:15:00', 21.315, 21.315, 21.315, 21.315, 503]
['2019-03-28 15:13:00', 21.3, 21.305, 21.3, 21.305, 1043]
['2019-03-28 15:09:00', 21.285, 21.285, 21.285, 21.285, 141]
['2019-03-28 15:07:00', 21.29, 21.29, 21.29, 21.29, 377]
['2019-03-28 15:03:00', 21.28, 21.28, 21.28, 21.28, 240]
['2019-03-28 15:02:00', 21.26, 21.26, 21.26, 21.26, 1203]
['2019-03-28 14:59:00', 21.25, 21.25, 21.25, 21.25, 1284]
['2019-03-28 14:58:00', 21.26, 21.25, 21.25, 21.26, 1375]
['2019-03-28 14:54:00', 21.25, 21.25, 21.25, 21.25, 1146]
['2019-03-28 14:53:00', 21.305, 21.29, 21.29, 21.305, 4912]
['2019-03-28 14:52:00', 21.31, 21.31, 21.31, 21.31, 1121]
['2019-03-28 14:51:00', 21.3, 21.3, 21.3, 21.3, 644]
['2019-03-28 14:49:00', 21.32, 21.3, 21.3, 21.32, 1286]
['2019-03-28 14:47:00', 21.3, 21.31, 21.3, 21.31, 1483]
['2019-03-28 14:45:00', 21.3, 21.3, 21.3, 21.3, 516]
['2019-03-28 14:44:00', 21.3, 21.3, 21.3, 21.3, 397]
['2019-03-28 14:42:00', 21.3, 21.3, 21.3, 21.3, 467]
['2019-03-28 14:39:00', 21.305, 21.305, 21.305, 21.305, 402]
['2019-03-28 14:36:00', 21.3, 21.3, 21.3, 21.3, 297]
['2019-03-28 14:35:00', 21.3, 21.3, 21.3, 21.3, 927]
['2019-03-28 14:34:00', 21.305, 21.305, 21.305, 21.305, 503]
['2019-03-28 14:32:00', 21.3, 21.3, 21.3, 21.3, 1049]
['2019-03-28 14:30:00', 21.31, 21.31, 21.31, 21.31, 100]
['2019-03-28 14:26:00', 21.3, 21.3, 21.3, 21.3, 1968]
['2019-03-28 14:25:00', 21.32, 21.32, 21.32, 21.32, 301]
['2019-03-28 14:23:00', 21.32, 21.32, 21.32, 21.32, 851]
['2019-03-28 14:22:00', 21.3, 21.3, 21.3, 21.3, 1199]
['2019-03-28 14:19:00', 21.31, 21.31, 21.31, 21.31, 225]
['2019-03-28 14:18:00', 21.32, 21.32, 21.32, 21.32, 309]
['2019-03-28 14:13:00', 21.33, 21.33, 21.33, 21.33, 148]
['2019-03-28 14:10:00', 21.32, 21.32, 21.32, 21.32, 212]
['2019-03-28 14:07:00', 21.35, 21.35, 21.35, 21.35, 202]
['2019-03-28 14:06:00', 21.36, 21.36, 21.36, 21.36, 335]
['2019-03-28 14:05:00', 21.36, 21.36, 21.36, 21.36, 125]
['2019-03-28 14:04:00', 21.345, 21.345, 21.345, 21.345, 354]
['2019-03-28 14:02:00', 21.33, 21.33, 21.33, 21.33, 347]
['2019-03-28 13:59:00', 21.35, 21.35, 21.35, 21.35, 410]
['2019-03-28 13:58:00', 21.36, 21.36, 21.36, 21.36, 1083]
['2019-03-28 13:57:00', 21.355, 21.355, 21.355, 21.355, 105]
['2019-03-28 13:55:00', 21.36, 21.36, 21.36, 21.36, 402]
['2019-03-28 13:53:00', 21.35, 21.35, 21.35, 21.35, 639]
['2019-03-28 13:48:00', 21.33, 21.33, 21.33, 21.33, 350]
['2019-03-28 13:46:00', 21.31, 21.31, 21.31, 21.31, 431]
['2019-03-28 13:45:00', 21.305, 21.305, 21.305, 21.305, 266]
['2019-03-28 13:42:00', 21.3, 21.3, 21.3, 21.3, 1002]
['2019-03-28 13:37:00', 21.32, 21.32, 21.32, 21.32, 333]
['2019-03-28 13:36:00', 21.33, 21.33, 21.33, 21.33, 228]
['2019-03-28 13:32:00', 21.345, 21.345, 21.345, 21.345, 426]
['2019-03-28 13:31:00', 21.31, 21.31, 21.31, 21.31, 446]
['2019-03-28 13:29:00', 21.3, 21.3, 21.3, 21.3, 456]
['2019-03-28 13:25:00', 21.3, 21.3, 21.3, 21.3, 1625]
['2019-03-28 13:24:00', 21.3, 21.3, 21.3, 21.3, 1067]
['2019-03-28 13:22:00', 21.27, 21.27, 21.27, 21.27, 102]
['2019-03-28 13:21:00', 21.26, 21.26, 21.26, 21.26, 633]
['2019-03-28 13:19:00', 21.28, 21.28, 21.28, 21.28, 656]
['2019-03-28 13:18:00', 21.28, 21.28, 21.28, 21.28, 431]
['2019-03-28 13:16:00', 21.25, 21.25, 21.25, 21.25, 1065]
['2019-03-28 13:11:00', 21.24, 21.24, 21.24, 21.24, 810]
['2019-03-28 13:09:00', 21.24, 21.24, 21.24, 21.24, 202]
['2019-03-28 13:03:00', 21.25, 21.25, 21.25, 21.25, 890]
['2019-03-28 13:02:00', 21.24, 21.24, 21.24, 21.24, 919]
['2019-03-28 12:57:00', 21.22, 21.22, 21.22, 21.22, 652]
['2019-03-28 12:55:00', 21.23, 21.23, 21.23, 21.23, 868]
['2019-03-28 12:54:00', 21.22, 21.22, 21.22, 21.22, 577]
['2019-03-28 12:53:00', 21.2, 21.2, 21.2, 21.2, 420]
['2019-03-28 12:52:00', 21.2, 21.2, 21.2, 21.2, 1447]
['2019-03-28 12:49:00', 21.18, 21.18, 21.18, 21.18, 200]
['2019-03-28 12:46:00', 21.21, 21.2, 21.2, 21.21, 1246]
['2019-03-28 12:42:00', 21.21, 21.21, 21.21, 21.21, 893]
['2019-03-28 12:40:00', 21.18, 21.18, 21.18, 21.18, 406]
['2019-03-28 12:38:00', 21.17, 21.17, 21.17, 21.17, 534]
['2019-03-28 12:37:00', 21.14, 21.14, 21.14, 21.14, 406]
['2019-03-28 12:36:00', 21.12, 21.12, 21.12, 21.12, 1001]
['2019-03-28 12:34:00', 21.12, 21.125, 21.12, 21.125, 1778]
['2019-03-28 12:30:00', 21.13, 21.12, 21.12, 21.13, 2547]
['2019-03-28 12:28:00', 21.11, 21.11, 21.11, 21.11, 204]
['2019-03-28 12:23:00', 21.1, 21.09, 21.09, 21.1, 1335]
['2019-03-28 12:21:00', 21.085, 21.085, 21.085, 21.085, 420]
['2019-03-28 12:17:00', 21.08, 21.08, 21.08, 21.08, 200]
['2019-03-28 12:16:00', 21.06, 21.08, 21.06, 21.08, 1319]
['2019-03-28 12:15:00', 21.03, 21.03, 21.03, 21.03, 842]
['2019-03-28 12:14:00', 21.04, 21.04, 21.04, 21.04, 100]
['2019-03-28 12:11:00', 21.04, 21.04, 21.04, 21.04, 437]
['2019-03-28 12:10:00', 21.06, 21.06, 21.06, 21.06, 313]
['2019-03-28 12:09:00', 21.075, 21.06, 21.06, 21.075, 1175]
['2019-03-28 12:05:00', 21.06, 21.08, 21.06, 21.08, 738]
['2019-03-28 12:04:00', 21.07, 21.07, 21.07, 21.07, 1257]
['2019-03-28 12:03:00', 21.07, 21.07, 21.07, 21.07, 412]
['2019-03-28 11:59:00', 21.08, 21.075, 21.075, 21.08, 611]
['2019-03-28 11:56:00', 21.065, 21.08, 21.065, 21.08, 1361]
['2019-03-28 11:55:00', 21.085, 21.085, 21.085, 21.085, 105]
['2019-03-28 11:52:00', 21.1, 21.11, 21.1, 21.11, 836]
['2019-03-28 11:50:00', 21.13, 21.13, 21.13, 21.13, 213]
['2019-03-28 11:48:00', 21.11, 21.1, 21.1, 21.11, 1778]
['2019-03-28 11:46:00', 21.11, 21.11, 21.11, 21.11, 320]
['2019-03-28 11:45:00', 21.085, 21.085, 21.085, 21.085, 301]
['2019-03-28 11:44:00', 21.09, 21.09, 21.09, 21.09, 419]
['2019-03-28 11:43:00', 21.07, 21.07, 21.07, 21.07, 722]
['2019-03-28 11:41:00', 21.13, 21.13, 21.13, 21.13, 100]
['2019-03-28 11:40:00', 21.14, 21.14, 21.14, 21.14, 383]
['2019-03-28 11:38:00', 21.13, 21.13, 21.13, 21.13, 1067]
['2019-03-28 11:37:00', 21.16, 21.16, 21.16, 21.16, 791]
['2019-03-28 11:35:00', 21.18, 21.18, 21.18, 21.18, 1023]
['2019-03-28 11:32:00', 21.17, 21.16, 21.16, 21.17, 1431]
['2019-03-28 11:31:00', 21.16, 21.16, 21.16, 21.16, 604]
['2019-03-28 11:30:00', 21.16, 21.16, 21.16, 21.16, 1237]
['2019-03-28 11:29:00', 21.175, 21.175, 21.175, 21.175, 700]
['2019-03-28 11:27:00', 21.16, 21.18, 21.16, 21.18, 2227]
['2019-03-28 11:25:00', 21.175, 21.175, 21.175, 21.175, 2934]
['2019-03-28 11:24:00', 21.18, 21.19, 21.18, 21.19, 2392]
['2019-03-28 11:23:00', 21.19, 21.19, 21.19, 21.19, 585]
['2019-03-28 11:22:00', 21.16, 21.16, 21.16, 21.16, 395]
['2019-03-28 11:20:00', 21.1625, 21.14, 21.14, 21.1625, 1886]
['2019-03-28 11:19:00', 21.18, 21.18, 21.18, 21.18, 913]
['2019-03-28 11:18:00', 21.13, 21.16, 21.13, 21.16, 1877]
['2019-03-28 11:17:00', 21.1, 21.1, 21.1, 21.1, 883]
['2019-03-28 11:15:00', 21.105, 21.105, 21.105, 21.105, 800]
['2019-03-28 11:14:00', 21.12, 21.12, 21.12, 21.12, 100]
['2019-03-28 11:11:00', 21.15, 21.15, 21.15, 21.15, 405]
['2019-03-28 11:10:00', 21.12, 21.12, 21.12, 21.12, 199]
['2019-03-28 11:09:00', 21.15, 21.15, 21.15, 21.15, 205]
['2019-03-28 11:07:00', 21.15, 21.15, 21.15, 21.15, 730]
['2019-03-28 11:03:00', 21.22, 21.22, 21.22, 21.22, 1267]
['2019-03-28 11:01:00', 21.25, 21.25, 21.25, 21.25, 1686]
['2019-03-28 11:00:00', 21.27, 21.26, 21.26, 21.27, 1529]
['2019-03-28 10:51:00', 21.26, 21.26, 21.26, 21.26, 371]
['2019-03-28 10:50:00', 21.29, 21.29, 21.29, 21.29, 102]
['2019-03-28 10:48:00', 21.28, 21.28, 21.28, 21.28, 905]
['2019-03-28 10:47:00', 21.26, 21.26, 21.26, 21.26, 564]
['2019-03-28 10:45:00', 21.27, 21.27, 21.27, 21.27, 847]
['2019-03-28 10:44:00', 21.285, 21.285, 21.285, 21.285, 332]
['2019-03-28 10:42:00', 21.29, 21.29, 21.29, 21.29, 457]
['2019-03-28 10:41:00', 21.24, 21.24, 21.24, 21.24, 1532]
['2019-03-28 10:39:00', 21.22, 21.22, 21.22, 21.22, 218]
['2019-03-28 10:36:00', 21.23, 21.22, 21.22, 21.23, 663]
['2019-03-28 10:32:00', 21.19, 21.19, 21.19, 21.19, 130]
['2019-03-28 10:30:00', 21.19, 21.19, 21.19, 21.19, 100]
['2019-03-28 10:26:00', 21.25, 21.25, 21.25, 21.25, 239]
['2019-03-28 10:21:00', 21.25, 21.25, 21.25, 21.25, 1136]
['2019-03-28 10:18:00', 21.22, 21.22, 21.22, 21.22, 100]
['2019-03-28 10:17:00', 21.23, 21.23, 21.23, 21.23, 480]
['2019-03-28 10:15:00', 21.25, 21.25, 21.25, 21.25, 1442]
['2019-03-28 10:13:00', 21.3, 21.31, 21.3, 21.31, 819]
['2019-03-28 10:10:00', 21.26, 21.26, 21.26, 21.26, 182]
['2019-03-28 10:06:00', 21.29, 21.29, 21.29, 21.29, 920]
['2019-03-28 10:04:00', 21.26, 21.26, 21.26, 21.26, 229]
['2019-03-28 10:03:00', 21.24, 21.24, 21.24, 21.24, 200]
['2019-03-28 09:53:00', 21.22, 21.22, 21.22, 21.22, 570]
['2019-03-28 09:46:00', 21.36, 21.36, 21.36, 21.36, 763]
['2019-03-28 09:43:00', 21.17, 21.18, 21.17, 21.18, 2591]
['2019-03-28 09:42:00', 21.1, 21.1, 21.1, 21.1, 753]
['2019-03-28 09:37:00', 21.14, 21.14, 21.14, 21.14, 107]
['2019-03-28 09:33:00', 21.16, 21.16, 21.16, 21.16, 653]
['2019-03-27 16:00:00', 21.03, 21.03, 21.03, 21.03, 2757]
['2019-03-27 15:59:00', 21.02, 21.02, 21.02, 21.02, 1980]
['2019-03-27 15:58:00', 21.04, 21.04, 21.04, 21.04, 1471]
['2019-03-27 15:57:00', 21.04, 21.04, 21.04, 21.04, 1132]
['2019-03-27 15:56:00', 21.03, 21.03, 21.03, 21.03, 1086]
['2019-03-27 15:54:00', 21.04, 21.04, 21.04, 21.04, 697]
['2019-03-27 15:53:00', 21.04, 21.04, 21.04, 21.04, 1397]
['2019-03-27 15:51:00', 21.05, 21.05, 21.05, 21.05, 173]
['2019-03-27 15:48:00', 21.06, 21.06, 21.06, 21.06, 6267]
['2019-03-27 15:47:00', 21.05, 21.05, 20.99, 21.05, 3434]
['2019-03-27 15:45:00', 21.06, 21.06, 21.06, 21.06, 1577]
['2019-03-27 15:43:00', 21.09, 21.09, 21.09, 21.09, 673]
['2019-03-27 15:38:00', 21.09, 21.08, 21.08, 21.09, 1502]
['2019-03-27 15:37:00', 21.1, 21.1, 21.1, 21.1, 1089]
['2019-03-27 15:36:00', 21.11, 21.11, 21.11, 21.11, 396]
['2019-03-27 15:34:00', 21.11, 21.11, 21.11, 21.11, 193]
['2019-03-27 15:33:00', 21.1, 21.11, 21.1, 21.11, 1396]
['2019-03-27 15:31:00', 21.105, 21.105, 21.105, 21.105, 934]
['2019-03-27 15:30:00', 21.09, 21.09, 21.09, 21.09, 286]
['2019-03-27 15:28:00', 21.06, 21.07, 21.06, 21.07, 995]
['2019-03-27 15:25:00', 21.05, 21.05, 21.05, 21.05, 692]
['2019-03-27 15:22:00', 21.02, 21.02, 21.02, 21.02, 451]
['2019-03-27 15:21:00', 21.015, 21.02, 21.015, 21.02, 953]
['2019-03-27 15:18:00', 21.02, 21.02, 21.02, 21.02, 237]
['2019-03-27 15:16:00', 21.01, 21.02, 21.01, 21.02, 534]
['2019-03-27 15:15:00', 21.0, 21.0, 21.0, 21.0, 352]
['2019-03-27 15:12:00', 20.995, 21.0, 20.995, 21.0, 696]
['2019-03-27 15:09:00', 21.01, 21.01, 21.01, 21.01, 266]
['2019-03-27 15:06:00', 21.0, 21.0, 21.0, 21.0, 201]
['2019-03-27 15:05:00', 20.98, 20.98, 20.98, 20.98, 284]
['2019-03-27 15:03:00', 20.98, 20.98, 20.98, 20.98, 257]
['2019-03-27 15:02:00', 20.99, 20.99, 20.99, 20.99, 477]
['2019-03-27 15:00:00', 21.0, 21.0, 21.0, 21.0, 259]
['2019-03-27 14:59:00', 20.98, 20.98, 20.98, 20.98, 801]
['2019-03-27 14:57:00', 21.02, 21.02, 21.02, 21.02, 318]
['2019-03-27 14:56:00', 21.02, 21.02, 21.02, 21.02, 1246]
['2019-03-27 14:51:00', 21.05, 21.05, 21.05, 21.05, 918]
['2019-03-27 14:49:00', 21.04, 21.04, 21.04, 21.04, 309]
['2019-03-27 14:47:00', 21.04, 21.04, 21.04, 21.04, 316]
['2019-03-27 14:45:00', 21.03, 21.03, 21.03, 21.03, 273]
['2019-03-27 14:43:00', 21.01, 21.02, 21.01, 21.02, 401]
['2019-03-27 14:41:00', 21.0, 21.0, 21.0, 21.0, 691]
['2019-03-27 14:39:00', 21.02, 21.02, 21.02, 21.02, 1046]
['2019-03-27 14:38:00', 21.055, 21.05, 21.05, 21.055, 627]
['2019-03-27 14:36:00', 21.03, 21.03, 21.03, 21.03, 600]
['2019-03-27 14:34:00', 21.07, 21.07, 21.07, 21.07, 162]
['2019-03-27 14:33:00', 21.07, 21.07, 21.07, 21.07, 338]
['2019-03-27 14:31:00', 21.07, 21.07, 21.07, 21.07, 1066]
['2019-03-27 14:27:00', 21.06, 21.06, 21.06, 21.06, 306]
['2019-03-27 14:25:00', 21.05, 21.06, 21.05, 21.06, 1340]
['2019-03-27 14:22:00', 21.05, 21.05, 21.05, 21.05, 359]
['2019-03-27 14:19:00', 21.08, 21.08, 21.08, 21.08, 1072]
['2019-03-27 14:17:00', 21.11, 21.11, 21.11, 21.11, 300]
['2019-03-27 14:16:00', 21.12, 21.12, 21.12, 21.12, 100]
['2019-03-27 14:15:00', 21.11, 21.11, 21.11, 21.11, 432]
['2019-03-27 14:13:00', 21.11, 21.11, 21.11, 21.11, 2022]
['2019-03-27 14:10:00', 21.0646, 21.0646, 21.0646, 21.0646, 512]
['2019-03-27 14:08:00', 21.08, 21.08, 21.08, 21.08, 300]
['2019-03-27 14:04:00', 21.07, 21.09, 21.07, 21.09, 422]
['2019-03-27 14:02:00', 21.06, 21.06, 21.06, 21.06, 480]
['2019-03-27 14:01:00', 21.07, 21.06, 21.06, 21.07, 1464]
['2019-03-27 13:57:00', 21.07, 21.07, 21.07, 21.07, 449]
['2019-03-27 13:56:00', 21.09, 21.09, 21.09, 21.09, 308]
['2019-03-27 13:55:00', 21.08, 21.08, 21.08, 21.08, 227]
['2019-03-27 13:53:00', 21.09, 21.09, 21.09, 21.09, 300]
['2019-03-27 13:52:00', 21.09, 21.09, 21.09, 21.09, 368]
['2019-03-27 13:48:00', 21.08, 21.08, 21.08, 21.08, 306]
['2019-03-27 13:46:00', 21.1, 21.1, 21.1, 21.1, 219]
['2019-03-27 13:44:00', 21.08, 21.08, 21.08, 21.08, 210]
['2019-03-27 13:42:00', 21.08, 21.08, 21.08, 21.08, 200]
['2019-03-27 13:41:00', 21.07, 21.07, 21.07, 21.07, 206]
['2019-03-27 13:40:00', 21.06, 21.06, 21.06, 21.06, 100]
['2019-03-27 13:39:00', 21.06, 21.06, 21.06, 21.06, 306]
['2019-03-27 13:37:00', 21.06, 21.06, 21.06, 21.06, 438]
['2019-03-27 13:36:00', 21.08, 21.08, 21.08, 21.08, 101]
['2019-03-27 13:35:00', 21.08, 21.08, 21.08, 21.08, 542]
['2019-03-27 13:32:00', 21.11, 21.11, 21.11, 21.11, 308]
['2019-03-27 13:28:00', 21.11, 21.11, 21.11, 21.11, 148]
['2019-03-27 13:26:00', 21.1, 21.1, 21.1, 21.1, 270]
['2019-03-27 13:24:00', 21.09, 21.09, 21.09, 21.09, 585]
['2019-03-27 13:23:00', 21.08, 21.08, 21.08, 21.08, 272]
['2019-03-27 13:19:00', 21.06, 21.06, 21.06, 21.06, 518]
['2019-03-27 13:15:00', 21.05, 21.05, 21.05, 21.05, 608]
['2019-03-27 13:14:00', 21.01, 21.01, 21.01, 21.01, 801]
['2019-03-27 13:13:00', 20.98, 20.99, 20.98, 20.99, 338]
['2019-03-27 13:10:00', 20.99, 20.99, 20.99, 20.99, 211]
['2019-03-27 13:05:00', 21.005, 21.005, 21.005, 21.005, 101]
['2019-03-27 13:02:00', 21.02, 21.03, 21.02, 21.03, 812]
['2019-03-27 13:00:00', 21.03, 21.03, 21.03, 21.03, 391]
['2019-03-27 12:55:00', 21.065, 21.05, 21.05, 21.065, 808]
['2019-03-27 12:53:00', 21.05, 21.05, 21.05, 21.05, 733]
['2019-03-27 12:50:00', 21.06, 21.06, 21.06, 21.06, 385]
['2019-03-27 12:46:00', 21.03, 21.03, 21.03, 21.03, 311]
['2019-03-27 12:45:00', 21.03, 21.03, 21.03, 21.03, 350]
['2019-03-27 12:39:00', 21.02, 21.03, 21.02, 21.03, 620]
['2019-03-27 12:37:00', 21.0, 21.0, 21.0, 21.0, 701]
['2019-03-27 12:35:00', 21.03, 21.03, 21.03, 21.03, 108]
['2019-03-27 12:32:00', 21.06, 21.06, 21.06, 21.06, 110]
['2019-03-27 12:30:00', 21.03, 21.03, 21.03, 21.03, 5359]
['2019-03-27 12:25:00', 21.01, 21.01, 21.01, 21.01, 446]
['2019-03-27 12:24:00', 20.99, 20.99, 20.99, 20.99, 458]
['2019-03-27 12:21:00', 21.005, 21.03, 21.005, 21.03, 444]
['2019-03-27 12:17:00', 21.0, 21.0, 21.0, 21.0, 308]
['2019-03-27 12:15:00', 20.975, 20.975, 20.975, 20.975, 551]
['2019-03-27 12:13:00', 21.0, 21.0, 21.0, 21.0, 261]
['2019-03-27 12:09:00', 20.98, 20.98, 20.98, 20.98, 509]
['2019-03-27 12:06:00', 20.98, 20.98, 20.98, 20.98, 240]
['2019-03-27 12:05:00', 20.94, 20.94, 20.94, 20.94, 244]
['2019-03-27 12:03:00', 20.91, 20.91, 20.91, 20.91, 296]
['2019-03-27 12:01:00', 20.89, 20.89, 20.89, 20.89, 201]
['2019-03-27 11:55:00', 20.86, 20.86, 20.86, 20.86, 309]
['2019-03-27 11:54:00', 20.83, 20.84, 20.83, 20.84, 1642]
['2019-03-27 11:53:00', 20.79, 20.79, 20.79, 20.79, 1090]
['2019-03-27 11:50:00', 20.82, 20.82, 20.82, 20.82, 409]
['2019-03-27 11:49:00', 20.82, 20.82, 20.82, 20.82, 1585]
['2019-03-27 11:47:00', 20.83, 20.83, 20.83, 20.83, 1060]
['2019-03-27 11:43:00', 20.86, 20.86, 20.86, 20.86, 100]
['2019-03-27 11:42:00', 20.86, 20.86, 20.86, 20.86, 200]
['2019-03-27 11:38:00', 20.87, 20.87, 20.87, 20.87, 480]
['2019-03-27 11:37:00', 20.86, 20.86, 20.86, 20.86, 219]
['2019-03-27 11:35:00', 20.86, 20.86, 20.86, 20.86, 812]
['2019-03-27 11:33:00', 20.92, 20.92, 20.92, 20.92, 1001]
['2019-03-27 11:32:00', 20.93, 20.93, 20.93, 20.93, 300]
['2019-03-27 11:30:00', 20.93, 20.93, 20.93, 20.93, 1019]
['2019-03-27 11:28:00', 20.97, 20.97, 20.97, 20.97, 175]
['2019-03-27 11:27:00', 20.97, 20.97, 20.97, 20.97, 100]
['2019-03-27 11:25:00', 20.93, 20.94, 20.93, 20.94, 669]
['2019-03-27 11:24:00', 20.94, 20.94, 20.94, 20.94, 700]
['2019-03-27 11:23:00', 20.935, 20.935, 20.935, 20.935, 614]
['2019-03-27 11:18:00', 20.92, 20.92, 20.92, 20.92, 401]
['2019-03-27 11:17:00', 20.86, 20.86, 20.86, 20.86, 1059]
['2019-03-27 11:14:00', 20.925, 20.925, 20.925, 20.925, 167]
['2019-03-27 11:11:00', 20.95, 20.95, 20.95, 20.95, 1280]
['2019-03-27 11:10:00', 20.91, 20.91, 20.91, 20.91, 760]
['2019-03-27 11:07:00', 20.9, 20.89, 20.89, 20.9, 2366]
['2019-03-27 11:04:00', 20.89, 20.89, 20.89, 20.89, 888]
['2019-03-27 11:03:00', 20.95, 20.95, 20.95, 20.95, 319]
['2019-03-27 11:02:00', 20.99, 20.99, 20.99, 20.99, 429]
['2019-03-27 11:00:00', 20.99, 20.95, 20.95, 20.99, 3174]
['2019-03-27 10:58:00', 20.99, 20.99, 20.99, 20.99, 108]
['2019-03-27 10:56:00', 20.99, 20.99, 20.99, 20.99, 100]
['2019-03-27 10:53:00', 21.02, 21.02, 21.02, 21.02, 311]
['2019-03-27 10:51:00', 21.01, 21.01, 21.01, 21.01, 1323]
['2019-03-27 10:45:00', 21.04, 21.03, 21.03, 21.04, 1089]
['2019-03-27 10:42:00', 21.06, 21.06, 21.06, 21.06, 401]
['2019-03-27 10:38:00', 21.12, 21.07, 21.07, 21.12, 820]
['2019-03-27 10:34:00', 21.13, 21.13, 21.13, 21.13, 400]
['2019-03-27 10:33:00', 21.1613, 21.1613, 21.1613, 21.1613, 200]
['2019-03-27 10:32:00', 21.16, 21.16, 21.16, 21.16, 201]
['2019-03-27 10:30:00', 21.18, 21.18, 21.18, 21.18, 200]
['2019-03-27 10:27:00', 21.22, 21.2, 21.2, 21.22, 974]
['2019-03-27 10:24:00', 21.18, 21.18, 21.18, 21.18, 738]
['2019-03-27 10:21:00', 21.18, 21.18, 21.18, 21.18, 901]
['2019-03-27 10:20:00', 21.2, 21.2, 21.2, 21.2, 413]
['2019-03-27 10:17:00', 21.17, 21.17, 21.17, 21.17, 101]
['2019-03-27 10:13:00', 21.14, 21.14, 21.14, 21.14, 402]
['2019-03-27 10:10:00', 21.19, 21.19, 21.19, 21.19, 613]
['2019-03-27 10:09:00', 21.19, 21.18, 21.18, 21.19, 1029]
['2019-03-27 10:04:00', 21.25, 21.25, 21.25, 21.25, 343]
['2019-03-27 10:01:00', 21.22, 21.22, 21.22, 21.22, 309]
['2019-03-27 09:59:00', 21.23, 21.24, 21.23, 21.24, 400]
['2019-03-27 09:53:00', 21.25, 21.25, 21.25, 21.25, 121]
['2019-03-27 09:52:00', 21.23, 21.23, 21.23, 21.23, 514]
['2019-03-27 09:49:00', 21.19, 21.19, 21.19, 21.19, 361]
['2019-03-27 09:47:00', 21.27, 21.27, 21.27, 21.27, 210]
['2019-03-27 09:44:00', 21.385, 21.32, 21.32, 21.385, 1351]
['2019-03-27 09:40:00', 21.27, 21.27, 21.27, 21.27, 1139]
['2019-03-27 09:38:00', 21.4, 21.4, 21.4, 21.4, 229]
['2019-03-27 09:33:00', 21.18, 21.18, 21.18, 21.18, 227]
['2019-03-27 09:31:00', 21.185, 21.185, 21.185, 21.185, 1372]
['2019-03-26 16:00:00', 21.22, 21.2, 21.2, 21.23, 12724]
['2019-03-26 15:59:00', 21.22, 21.22, 21.22, 21.22, 1806]
['2019-03-26 15:58:00', 21.23, 21.22, 21.22, 21.23, 4217]
['2019-03-26 15:57:00', 21.19, 21.21, 21.19, 21.21, 5244]
['2019-03-26 15:56:00', 21.22, 21.22, 21.22, 21.22, 1400]
['2019-03-26 15:54:00', 21.17, 21.17, 21.17, 21.17, 1059]
['2019-03-26 15:52:00', 21.17, 21.17, 21.17, 21.17, 2389]
['2019-03-26 15:51:00', 21.16, 21.16, 21.16, 21.16, 436]
['2019-03-26 15:50:00', 21.15, 21.15, 21.15, 21.15, 823]
['2019-03-26 15:48:00', 21.14, 21.14, 21.14, 21.14, 835]
['2019-03-26 15:47:00', 21.11, 21.13, 21.11, 21.13, 3004]
['2019-03-26 15:45:00', 21.1, 21.1, 21.1, 21.1, 514]
['2019-03-26 15:44:00', 21.105, 21.105, 21.105, 21.105, 404]
['2019-03-26 15:43:00', 21.11, 21.11, 21.11, 21.11, 1042]
['2019-03-26 15:42:00', 21.11, 21.115, 21.11, 21.115, 506]
['2019-03-26 15:40:00', 21.11, 21.11, 21.11, 21.11, 499]
['2019-03-26 15:39:00', 21.11, 21.11, 21.11, 21.11, 434]
['2019-03-26 15:38:00', 21.12, 21.11, 21.11, 21.12, 1103]
['2019-03-26 15:36:00', 21.11, 21.11, 21.11, 21.11, 695]
['2019-03-26 15:35:00', 21.09, 21.09, 21.09, 21.09, 716]
['2019-03-26 15:34:00', 21.09, 21.09, 21.09, 21.09, 1523]
['2019-03-26 15:33:00', 21.11, 21.11, 21.11, 21.11, 699]
['2019-03-26 15:32:00', 21.11, 21.11, 21.11, 21.11, 620]
['2019-03-26 15:31:00', 21.095, 21.095, 21.095, 21.095, 640]
['2019-03-26 15:30:00', 21.11, 21.11, 21.11, 21.11, 115]
['2019-03-26 15:28:00', 21.1, 21.12, 21.1, 21.12, 669]
['2019-03-26 15:26:00', 21.11, 21.11, 21.11, 21.11, 414]
['2019-03-26 15:25:00', 21.12, 21.12, 21.12, 21.12, 107]
['2019-03-26 15:24:00', 21.12, 21.12, 21.12, 21.12, 512]
['2019-03-26 15:21:00', 21.13, 21.13, 21.13, 21.13, 300]
['2019-03-26 15:19:00', 21.13, 21.15, 21.13, 21.15, 1083]
['2019-03-26 15:18:00', 21.12, 21.12, 21.12, 21.12, 318]
['2019-03-26 15:14:00', 21.15, 21.16, 21.15, 21.16, 413]
['2019-03-26 15:11:00', 21.17, 21.14, 21.14, 21.17, 1157]
['2019-03-26 15:09:00', 21.16, 21.16, 21.16, 21.16, 352]
['2019-03-26 15:07:00', 21.15, 21.15, 21.15, 21.15, 244]
['2019-03-26 15:06:00', 21.14, 21.14, 21.14, 21.14, 608]
['2019-03-26 15:05:00', 21.15, 21.15, 21.15, 21.15, 215]
['2019-03-26 15:04:00', 21.16, 21.16, 21.16, 21.16, 303]
['2019-03-26 15:03:00', 21.17, 21.17, 21.17, 21.17, 310]
['2019-03-26 15:02:00', 21.16, 21.16, 21.16, 21.16, 396]
['2019-03-26 15:01:00', 21.13, 21.13, 21.13, 21.13, 286]
['2019-03-26 14:59:00', 21.09, 21.1, 21.09, 21.1, 872]
['2019-03-26 14:58:00', 21.08, 21.08, 21.08, 21.08, 594]
['2019-03-26 14:57:00', 21.06, 21.06, 21.06, 21.06, 537]
['2019-03-26 14:55:00', 21.08, 21.07, 21.07, 21.08, 647]
['2019-03-26 14:53:00', 21.08, 21.08, 21.08, 21.08, 715]
['2019-03-26 14:52:00', 21.08, 21.08, 21.08, 21.08, 834]
['2019-03-26 14:48:00', 21.08, 21.08, 21.08, 21.08, 687]
['2019-03-26 14:45:00', 21.05, 21.05, 21.05, 21.05, 445]
['2019-03-26 14:40:00', 21.045, 21.045, 21.045, 21.045, 123]
['2019-03-26 14:39:00', 21.03, 21.04, 21.03, 21.04, 900]
['2019-03-26 14:38:00', 21.01, 21.01, 21.01, 21.01, 212]
['2019-03-26 14:36:00', 21.02, 21.0, 21.0, 21.02, 1243]
['2019-03-26 14:35:00', 20.98, 20.98, 20.98, 20.98, 105]
['2019-03-26 14:34:00', 21.0, 21.0, 21.0, 21.0, 113]
['2019-03-26 14:33:00', 21.0, 21.0, 21.0, 21.0, 173]
['2019-03-26 14:31:00', 21.02, 21.02, 21.02, 21.02, 287]
['2019-03-26 14:29:00', 21.03, 21.03, 21.03, 21.03, 166]
['2019-03-26 14:27:00', 21.03, 21.03, 21.03, 21.03, 508]
['2019-03-26 14:25:00', 21.04, 21.05, 21.04, 21.05, 1498]
['2019-03-26 14:23:00', 21.03, 21.03, 21.03, 21.03, 267]
['2019-03-26 14:22:00', 21.03, 21.03, 21.03, 21.03, 118]
['2019-03-26 14:19:00', 21.02, 21.02, 21.02, 21.02, 466]
['2019-03-26 14:18:00', 21.0, 21.0, 21.0, 21.0, 134]
['2019-03-26 14:14:00', 21.0, 21.01, 21.0, 21.01, 1081]
['2019-03-26 14:12:00', 20.99, 20.99, 20.99, 20.99, 215]
['2019-03-26 14:11:00', 21.01, 21.01, 21.01, 21.01, 577]
['2019-03-26 14:10:00', 21.01, 21.01, 21.01, 21.01, 177]
['2019-03-26 14:09:00', 21.01, 21.01, 21.01, 21.01, 111]
['2019-03-26 14:07:00', 21.02, 21.02, 21.02, 21.02, 227]
['2019-03-26 14:06:00', 21.0, 21.0, 21.0, 21.0, 693]
['2019-03-26 14:05:00', 20.97, 20.97, 20.97, 20.97, 870]
['2019-03-26 14:04:00', 20.99, 20.99, 20.99, 20.99, 114]
['2019-03-26 14:03:00', 20.98, 20.98, 20.98, 20.98, 404]
['2019-03-26 14:02:00', 21.0, 21.0, 21.0, 21.0, 402]
['2019-03-26 14:01:00', 21.03, 21.03, 21.03, 21.03, 505]
['2019-03-26 13:59:00', 21.03, 21.03, 21.03, 21.03, 305]
['2019-03-26 13:58:00', 21.03, 21.03, 21.03, 21.03, 220]
['2019-03-26 13:57:00', 21.03, 21.03, 21.03, 21.03, 115]
['2019-03-26 13:54:00', 21.04, 21.04, 21.04, 21.04, 354]
['2019-03-26 13:52:00', 21.03, 21.05, 21.03, 21.05, 1062]
['2019-03-26 13:51:00', 21.025, 21.025, 21.025, 21.025, 318]
['2019-03-26 13:49:00', 21.02, 21.03, 21.02, 21.03, 458]
['2019-03-26 13:46:00', 21.02, 21.02, 21.02, 21.02, 155]
['2019-03-26 13:44:00', 21.04, 21.04, 21.04, 21.04, 114]
['2019-03-26 13:43:00', 21.04, 21.04, 21.04, 21.04, 146]
['2019-03-26 13:41:00', 21.03, 21.03, 21.03, 21.03, 246]
['2019-03-26 13:38:00', 21.04, 21.03, 21.03, 21.04, 641]
['2019-03-26 13:35:00', 21.07, 21.07, 21.07, 21.07, 107]
['2019-03-26 13:34:00', 21.0885, 21.0885, 21.0885, 21.0885, 1620]
['2019-03-26 13:30:00', 21.12, 21.12, 21.12, 21.12, 307]
['2019-03-26 13:29:00', 21.12, 21.12, 21.12, 21.12, 205]
['2019-03-26 13:26:00', 21.12, 21.12, 21.12, 21.12, 1375]
['2019-03-26 13:24:00', 21.12, 21.11, 21.11, 21.12, 971]
['2019-03-26 13:21:00', 21.11, 21.11, 21.11, 21.11, 618]
['2019-03-26 13:15:00', 21.09, 21.09, 21.09, 21.09, 551]
['2019-03-26 13:12:00', 21.1, 21.1, 21.1, 21.1, 309]
['2019-03-26 13:11:00', 21.07, 21.1, 21.07, 21.1, 766]
['2019-03-26 13:06:00', 21.08, 21.08, 21.08, 21.08, 201]
['2019-03-26 13:04:00', 21.08, 21.09, 21.08, 21.09, 475]
['2019-03-26 13:02:00', 21.06, 21.06, 21.06, 21.06, 374]
['2019-03-26 13:01:00', 21.08, 21.08, 21.08, 21.08, 437]
['2019-03-26 13:00:00', 21.05, 21.05, 21.05, 21.05, 875]
['2019-03-26 12:58:00', 21.06, 21.06, 21.06, 21.06, 376]
['2019-03-26 12:56:00', 21.09, 21.09, 21.09, 21.09, 618]
['2019-03-26 12:55:00', 21.09, 21.09, 21.09, 21.09, 329]
['2019-03-26 12:52:00', 21.09, 21.09, 21.09, 21.09, 261]
['2019-03-26 12:51:00', 21.07, 21.07, 21.07, 21.07, 224]
['2019-03-26 12:50:00', 21.06, 21.06, 21.06, 21.06, 764]
['2019-03-26 12:46:00', 21.06, 21.06, 21.06, 21.06, 147]
['2019-03-26 12:44:00', 21.09, 21.09, 21.09, 21.09, 101]
['2019-03-26 12:42:00', 21.1, 21.1, 21.1, 21.1, 982]
['2019-03-26 12:41:00', 21.1, 21.1, 21.1, 21.1, 422]
['2019-03-26 12:40:00', 21.1, 21.1, 21.1, 21.1, 701]
['2019-03-26 12:38:00', 21.12, 21.12, 21.12, 21.12, 320]
['2019-03-26 12:36:00', 21.11, 21.11, 21.11, 21.11, 211]
['2019-03-26 12:35:00', 21.13, 21.13, 21.13, 21.13, 107]
['2019-03-26 12:33:00', 21.16, 21.16, 21.16, 21.16, 203]
['2019-03-26 12:30:00', 21.1, 21.1, 21.1, 21.1, 153]
['2019-03-26 12:27:00', 21.12, 21.12, 21.12, 21.12, 201]
['2019-03-26 12:25:00', 21.13, 21.13, 21.13, 21.13, 106]
['2019-03-26 12:22:00', 21.18, 21.18, 21.18, 21.18, 414]
['2019-03-26 12:21:00', 21.2, 21.2, 21.2, 21.2, 101]
['2019-03-26 12:15:00', 21.14, 21.15, 21.14, 21.15, 987]
['2019-03-26 12:14:00', 21.13, 21.13, 21.13, 21.13, 911]
['2019-03-26 12:10:00', 21.18, 21.18, 21.18, 21.18, 318]
['2019-03-26 12:09:00', 21.21, 21.22, 21.21, 21.22, 1511]
['2019-03-26 12:06:00', 21.22, 21.22, 21.22, 21.22, 106]
['2019-03-26 12:04:00', 21.22, 21.22, 21.22, 21.22, 205]
['2019-03-26 12:01:00', 21.2, 21.2, 21.2, 21.2, 203]
['2019-03-26 11:59:00', 21.19, 21.2, 21.19, 21.2, 1731]
['2019-03-26 11:56:00', 21.2, 21.2, 21.2, 21.2, 375]
['2019-03-26 11:53:00', 21.17, 21.17, 21.17, 21.17, 310]
['2019-03-26 11:51:00', 21.195, 21.195, 21.195, 21.195, 601]
['2019-03-26 11:48:00', 21.2, 21.2, 21.2, 21.2, 576]
['2019-03-26 11:46:00', 21.29, 21.29, 21.29, 21.29, 158]
['2019-03-26 11:45:00', 21.31, 21.31, 21.31, 21.31, 354]
['2019-03-26 11:42:00', 21.3, 21.29, 21.29, 21.3, 627]
['2019-03-26 11:40:00', 21.26, 21.26, 21.26, 21.26, 317]
['2019-03-26 11:37:00', 21.255, 21.255, 21.255, 21.255, 199]
['2019-03-26 11:35:00', 21.26, 21.26, 21.26, 21.26, 231]
['2019-03-26 11:33:00', 21.27, 21.26, 21.26, 21.27, 1986]
['2019-03-26 11:31:00', 21.31, 21.31, 21.31, 21.31, 108]
['2019-03-26 11:28:00', 21.33, 21.33, 21.33, 21.33, 205]
['2019-03-26 11:27:00', 21.33, 21.33, 21.33, 21.33, 462]
['2019-03-26 11:24:00', 21.31, 21.29, 21.29, 21.31, 536]
['2019-03-26 11:20:00', 21.31, 21.32, 21.31, 21.32, 812]
['2019-03-26 11:18:00', 21.37, 21.39, 21.37, 21.39, 819]
['2019-03-26 11:16:00', 21.37, 21.37, 21.37, 21.37, 635]
['2019-03-26 11:10:00', 21.42, 21.42, 21.42, 21.42, 107]
['2019-03-26 11:09:00', 21.43, 21.43, 21.43, 21.43, 586]
['2019-03-26 11:07:00', 21.44, 21.44, 21.44, 21.44, 727]
['2019-03-26 11:06:00', 21.46, 21.46, 21.46, 21.46, 340]
['2019-03-26 11:05:00', 21.47, 21.47, 21.47, 21.47, 409]
['2019-03-26 11:01:00', 21.455, 21.455, 21.455, 21.455, 312]
['2019-03-26 10:59:00', 21.48, 21.48, 21.48, 21.48, 500]
['2019-03-26 10:55:00', 21.56, 21.545, 21.545, 21.56, 933]
['2019-03-26 10:54:00', 21.54, 21.54, 21.54, 21.54, 851]
['2019-03-26 10:51:00', 21.57, 21.57, 21.57, 21.57, 546]
['2019-03-26 10:50:00', 21.51, 21.51, 21.51, 21.51, 1233]
['2019-03-26 10:49:00', 21.47, 21.47, 21.47, 21.47, 207]
['2019-03-26 10:45:00', 21.35, 21.35, 21.35, 21.35, 539]
['2019-03-26 10:43:00', 21.35, 21.35, 21.35, 21.35, 668]
['2019-03-26 10:42:00', 21.35, 21.35, 21.35, 21.35, 303]
['2019-03-26 10:39:00', 21.3, 21.3, 21.3, 21.3, 227]
['2019-03-26 10:37:00', 21.32, 21.32, 21.32, 21.32, 308]
['2019-03-26 10:34:00', 21.305, 21.305, 21.305, 21.305, 101]
['2019-03-26 10:32:00', 21.3, 21.3, 21.3, 21.3, 713]
['2019-03-26 10:31:00', 21.325, 21.325, 21.325, 21.325, 100]
['2019-03-26 10:24:00', 21.315, 21.315, 21.315, 21.315, 300]
['2019-03-26 10:21:00', 21.28, 21.29, 21.28, 21.29, 1704]
['2019-03-26 10:20:00', 21.28, 21.28, 21.28, 21.28, 235]
['2019-03-26 10:16:00', 21.28, 21.28, 21.28, 21.28, 336]
['2019-03-26 10:14:00', 21.3114, 21.3114, 21.3114, 21.3114, 429]
['2019-03-26 10:13:00', 21.3, 21.3, 21.3, 21.3, 319]
['2019-03-26 10:11:00', 21.31, 21.31, 21.31, 21.31, 582]
['2019-03-26 10:07:00', 21.28, 21.28, 21.28, 21.28, 127]
['2019-03-26 10:04:00', 21.35, 21.35, 21.35, 21.35, 327]
['2019-03-26 10:00:00', 21.41, 21.41, 21.41, 21.41, 201]
['2019-03-26 09:59:00', 21.36, 21.36, 21.36, 21.36, 120]
['2019-03-26 09:56:00', 21.39, 21.39, 21.39, 21.39, 682]
['2019-03-26 09:53:00', 21.39, 21.39, 21.39, 21.39, 600]
['2019-03-26 09:51:00', 21.355, 21.355, 21.355, 21.355, 130]
['2019-03-26 09:49:00', 21.45, 21.45, 21.45, 21.45, 508]
['2019-03-26 09:46:00', 21.48, 21.48, 21.48, 21.48, 1070]
['2019-03-26 09:42:00', 21.48, 21.48, 21.48, 21.48, 130]
['2019-03-26 09:33:00', 21.31, 21.31, 21.31, 21.31, 1114]
['2019-03-25 16:00:00', 21.1, 21.1, 21.1, 21.1, 5924]
['2019-03-25 15:59:00', 21.11, 21.11, 21.11, 21.11, 1687]
['2019-03-25 15:58:00', 21.105, 21.105, 21.105, 21.105, 1093]
['2019-03-25 15:57:00', 21.09, 21.09, 21.09, 21.09, 1145]
['2019-03-25 15:56:00', 21.09, 21.09, 21.09, 21.09, 1219]
['2019-03-25 15:55:00', 21.09, 21.085, 21.085, 21.09, 3737]
['2019-03-25 15:54:00', 21.1, 21.1, 21.1, 21.1, 977]
['2019-03-25 15:53:00', 21.07, 21.07, 21.07, 21.07, 635]
['2019-03-25 15:52:00', 21.07, 21.07, 21.07, 21.07, 920]
['2019-03-25 15:51:00', 21.07, 21.07, 21.07, 21.07, 2126]
['2019-03-25 15:50:00', 21.055, 21.065, 21.055, 21.065, 2603]
['2019-03-25 15:49:00', 21.08, 21.05, 21.05, 21.08, 3401]
['2019-03-25 15:48:00', 21.105, 21.09, 21.09, 21.105, 2063]
['2019-03-25 15:47:00', 21.1, 21.1, 21.1, 21.1, 1476]
['2019-03-25 15:46:00', 21.12, 21.13, 21.12, 21.13, 1383]
['2019-03-25 15:44:00', 21.105, 21.105, 21.105, 21.105, 1239]
['2019-03-25 15:43:00', 21.08, 21.08, 21.08, 21.08, 131]
['2019-03-25 15:42:00', 21.08, 21.08, 21.08, 21.08, 241]
['2019-03-25 15:41:00', 21.08, 21.08, 21.08, 21.08, 350]
['2019-03-25 15:40:00', 21.07, 21.07, 21.07, 21.07, 1016]
['2019-03-25 15:38:00', 21.08, 21.09, 21.08, 21.09, 1323]
['2019-03-25 15:37:00', 21.07, 21.07, 21.07, 21.07, 896]
['2019-03-25 15:35:00', 21.08, 21.08, 21.08, 21.08, 211]
['2019-03-25 15:33:00', 21.09, 21.09, 21.09, 21.09, 528]
['2019-03-25 15:32:00', 21.08, 21.08, 21.08, 21.08, 440]
['2019-03-25 15:31:00', 21.1, 21.1, 21.1, 21.1, 416]
['2019-03-25 15:30:00', 21.14, 21.115, 21.115, 21.14, 1072]
['2019-03-25 15:27:00', 21.13, 21.16, 21.13, 21.16, 2093]
['2019-03-25 15:26:00', 21.12, 21.12, 21.12, 21.12, 1421]
['2019-03-25 15:25:00', 21.18, 21.16, 21.16, 21.18, 1216]
['2019-03-25 15:24:00', 21.18, 21.18, 21.18, 21.18, 453]
['2019-03-25 15:23:00', 21.15, 21.16, 21.15, 21.16, 1575]
['2019-03-25 15:22:00', 21.14, 21.14, 21.14, 21.14, 1547]
['2019-03-25 15:21:00', 21.13, 21.13, 21.13, 21.13, 382]
['2019-03-25 15:20:00', 21.12, 21.12, 21.12, 21.12, 1214]
['2019-03-25 15:19:00', 21.12, 21.13, 21.12, 21.13, 2535]
['2019-03-25 15:18:00', 21.125, 21.11, 21.11, 21.125, 2523]
['2019-03-25 15:17:00', 21.14, 21.14, 21.14, 21.14, 427]
['2019-03-25 15:14:00', 21.12, 21.12, 21.12, 21.12, 356]
['2019-03-25 15:13:00', 21.1, 21.1, 21.1, 21.1, 350]
['2019-03-25 15:12:00', 21.11, 21.11, 21.11, 21.11, 506]
['2019-03-25 15:11:00', 21.1, 21.1, 21.1, 21.1, 239]
['2019-03-25 15:09:00', 21.08, 21.08, 21.08, 21.08, 102]
['2019-03-25 15:07:00', 21.06, 21.06, 21.06, 21.06, 532]
['2019-03-25 15:05:00', 21.06, 21.04, 21.04, 21.06, 502]
['2019-03-25 15:04:00', 21.11, 21.09, 21.09, 21.11, 1427]
['2019-03-25 15:03:00', 21.13, 21.13, 21.13, 21.13, 200]
['2019-03-25 15:01:00', 21.11, 21.13, 21.11, 21.13, 1215]
['2019-03-25 15:00:00', 21.09, 21.09, 21.09, 21.09, 474]
['2019-03-25 14:58:00', 21.06, 21.1, 21.06, 21.1, 655]
['2019-03-25 14:56:00', 21.06, 21.06, 21.06, 21.06, 976]
['2019-03-25 14:55:00', 21.09, 21.09, 21.09, 21.09, 734]
['2019-03-25 14:53:00', 21.08, 21.08, 21.08, 21.08, 288]
['2019-03-25 14:51:00', 21.11, 21.07, 21.07, 21.11, 1801]
['2019-03-25 14:49:00', 21.1, 21.1, 21.1, 21.1, 457]
['2019-03-25 14:48:00', 21.05, 21.06, 21.05, 21.06, 1139]
['2019-03-25 14:47:00', 21.04, 21.04, 21.04, 21.04, 541]
['2019-03-25 14:46:00', 21.07, 21.07, 21.07, 21.07, 1900]
['2019-03-25 14:44:00', 21.04, 21.05, 21.04, 21.05, 1059]
['2019-03-25 14:43:00', 21.04, 21.04, 21.04, 21.04, 800]
['2019-03-25 14:42:00', 21.03, 21.03, 21.03, 21.03, 1212]
['2019-03-25 14:41:00', 21.0, 21.02, 21.0, 21.02, 665]
['2019-03-25 14:40:00', 20.99, 20.99, 20.99, 20.99, 241]
['2019-03-25 14:38:00', 20.98, 20.98, 20.98, 20.98, 491]
['2019-03-25 14:37:00', 20.99, 20.99, 20.99, 20.99, 1882]
['2019-03-25 14:35:00', 20.99, 20.99, 20.99, 20.99, 145]
['2019-03-25 14:34:00', 20.98, 20.98, 20.98, 20.98, 190]
['2019-03-25 14:33:00', 20.98, 20.98, 20.98, 20.98, 201]
['2019-03-25 14:31:00', 20.94, 20.945, 20.94, 20.945, 1137]
['2019-03-25 14:27:00', 20.91, 20.91, 20.91, 20.91, 511]
['2019-03-25 14:24:00', 20.9, 20.9, 20.9, 20.9, 587]
['2019-03-25 14:23:00', 20.89, 20.91, 20.89, 20.91, 1863]
['2019-03-25 14:20:00', 20.9, 20.9, 20.9, 20.9, 277]
['2019-03-25 14:19:00', 20.87, 20.87, 20.87, 20.87, 838]
['2019-03-25 14:15:00', 20.9, 20.9, 20.9, 20.9, 446]
['2019-03-25 14:14:00', 20.895, 20.88, 20.88, 20.895, 1638]
['2019-03-25 14:09:00', 20.91, 20.91, 20.91, 20.91, 1041]
['2019-03-25 14:08:00', 20.94, 20.94, 20.94, 20.94, 1535]
['2019-03-25 14:06:00', 20.94, 20.94, 20.94, 20.94, 478]
['2019-03-25 14:05:00', 20.95, 20.95, 20.95, 20.95, 372]
['2019-03-25 14:02:00', 20.96, 20.96, 20.96, 20.96, 624]
['2019-03-25 14:01:00', 20.96, 20.96, 20.96, 20.96, 101]
['2019-03-25 13:59:00', 20.98, 20.96, 20.96, 20.98, 470]
['2019-03-25 13:57:00', 20.96, 20.96, 20.96, 20.96, 615]
['2019-03-25 13:55:00', 20.95, 20.95, 20.95, 20.95, 459]
['2019-03-25 13:54:00', 20.96, 20.96, 20.96, 20.96, 665]
['2019-03-25 13:53:00', 20.98, 20.98, 20.98, 20.98, 124]
['2019-03-25 13:52:00', 20.96, 20.96, 20.96, 20.96, 490]
['2019-03-25 13:51:00', 20.93, 20.93, 20.93, 20.93, 733]
['2019-03-25 13:50:00', 20.92, 20.92, 20.92, 20.92, 539]
['2019-03-25 13:49:00', 20.93, 20.93, 20.93, 20.93, 649]
['2019-03-25 13:48:00', 20.94, 20.94, 20.94, 20.94, 236]
['2019-03-25 13:47:00', 20.95, 20.95, 20.95, 20.95, 313]
['2019-03-25 13:44:00', 20.96, 20.96, 20.96, 20.96, 200]
['2019-03-25 13:43:00', 20.97, 20.97, 20.97, 20.97, 530]
['2019-03-25 13:40:00', 21.0, 21.0, 21.0, 21.0, 301]
['2019-03-25 13:38:00', 20.99, 20.99, 20.99, 20.99, 520]
['2019-03-25 13:35:00', 20.97, 20.97, 20.97, 20.97, 916]
['2019-03-25 13:34:00', 20.96, 20.96, 20.96, 20.96, 450]
['2019-03-25 13:28:00', 20.93, 20.93, 20.93, 20.93, 201]
['2019-03-25 13:27:00', 20.95, 20.95, 20.95, 20.95, 401]
['2019-03-25 13:25:00', 20.96, 20.96, 20.96, 20.96, 1614]
['2019-03-25 13:24:00', 20.98, 20.98, 20.98, 20.98, 380]
['2019-03-25 13:23:00', 20.98, 20.98, 20.98, 20.98, 152]
['2019-03-25 13:22:00', 20.98, 20.98, 20.98, 20.98, 220]
['2019-03-25 13:18:00', 20.96, 20.96, 20.96, 20.96, 535]
['2019-03-25 13:16:00', 20.99, 20.99, 20.99, 20.99, 325]
['2019-03-25 13:14:00', 20.99, 20.99, 20.99, 20.99, 186]
['2019-03-25 13:13:00', 20.97, 20.97, 20.97, 20.97, 772]
['2019-03-25 13:10:00', 20.955, 20.955, 20.955, 20.955, 111]
['2019-03-25 13:08:00', 20.96, 20.96, 20.96, 20.96, 302]
['2019-03-25 13:06:00', 20.95, 20.94, 20.94, 20.95, 793]
['2019-03-25 13:01:00', 20.99, 20.98, 20.98, 20.99, 1182]
['2019-03-25 13:00:00', 20.98, 20.98, 20.98, 20.98, 309]
['2019-03-25 12:59:00', 21.0, 21.0, 21.0, 21.0, 321]
['2019-03-25 12:58:00', 20.95, 20.95, 20.95, 20.95, 101]
['2019-03-25 12:54:00', 20.9201, 20.9201, 20.9201, 20.9201, 501]
['2019-03-25 12:53:00', 20.93, 20.93, 20.93, 20.93, 321]
['2019-03-25 12:50:00', 20.905, 20.905, 20.905, 20.905, 523]
['2019-03-25 12:48:00', 20.89, 20.89, 20.89, 20.89, 1124]
['2019-03-25 12:47:00', 20.9137, 20.87, 20.87, 20.9137, 1623]
['2019-03-25 12:45:00', 20.92, 20.92, 20.92, 20.92, 102]
['2019-03-25 12:42:00', 20.93, 20.93, 20.93, 20.93, 206]
['2019-03-25 12:41:00', 20.94, 20.94, 20.94, 20.94, 402]
['2019-03-25 12:36:00', 20.97, 20.97, 20.97, 20.97, 316]
['2019-03-25 12:35:00', 20.975, 20.975, 20.975, 20.975, 156]
['2019-03-25 12:33:00', 20.98, 20.98, 20.98, 20.98, 409]
['2019-03-25 12:30:00', 21.0, 21.0, 21.0, 21.0, 216]
['2019-03-25 12:29:00', 21.01, 21.01, 21.01, 21.01, 310]
['2019-03-25 12:28:00', 21.03, 21.03, 21.03, 21.03, 212]
['2019-03-25 12:24:00', 21.02, 21.02, 21.02, 21.02, 221]
['2019-03-25 12:23:00', 21.015, 21.015, 21.015, 21.015, 207]
['2019-03-25 12:21:00', 21.02, 21.02, 21.02, 21.02, 1016]
['2019-03-25 12:19:00', 20.98, 20.98, 20.98, 20.98, 442]
['2019-03-25 12:17:00', 20.98, 20.98, 20.98, 20.98, 301]
['2019-03-25 12:16:00', 20.98, 20.98, 20.98, 20.98, 729]
['2019-03-25 12:15:00', 21.0, 21.0, 21.0, 21.0, 110]
['2019-03-25 12:14:00', 21.0, 21.0, 21.0, 21.0, 302]
['2019-03-25 12:12:00', 21.0, 21.0, 21.0, 21.0, 237]
['2019-03-25 12:06:00', 21.02, 21.02, 21.02, 21.02, 353]
['2019-03-25 12:05:00', 21.01, 21.01, 21.01, 21.01, 336]
['2019-03-25 12:02:00', 20.95, 20.95, 20.95, 20.95, 501]
['2019-03-25 11:59:00', 20.97, 20.97, 20.97, 20.97, 505]
['2019-03-25 11:58:00', 20.99, 20.99, 20.99, 20.99, 159]
['2019-03-25 11:56:00', 20.96, 20.96, 20.96, 20.96, 101]
['2019-03-25 11:54:00', 20.98, 20.98, 20.98, 20.98, 535]
['2019-03-25 11:53:00', 20.96, 20.96, 20.96, 20.96, 750]
['2019-03-25 11:50:00', 21.02, 21.02, 21.02, 21.02, 312]
['2019-03-25 11:49:00', 21.03, 21.03, 21.03, 21.03, 707]
['2019-03-25 11:47:00', 21.035, 21.035, 21.035, 21.035, 356]
['2019-03-25 11:44:00', 21.01, 21.01, 21.01, 21.01, 515]
['2019-03-25 11:43:00', 21.02, 21.02, 21.02, 21.02, 801]
['2019-03-25 11:42:00', 20.95, 20.95, 20.95, 20.95, 831]
['2019-03-25 11:38:00', 20.94, 20.94, 20.94, 20.94, 1277]
['2019-03-25 11:36:00', 20.97, 20.97, 20.97, 20.97, 800]
['2019-03-25 11:35:00', 21.01, 21.01, 21.01, 21.01, 576]
['2019-03-25 11:31:00', 21.07, 21.03, 21.03, 21.07, 2061]
['2019-03-25 11:29:00', 21.07, 21.07, 21.07, 21.07, 637]
['2019-03-25 11:27:00', 21.06, 21.06, 21.06, 21.06, 201]
['2019-03-25 11:25:00', 21.005, 21.01, 21.005, 21.01, 873]
['2019-03-25 11:24:00', 21.0, 21.0, 21.0, 21.0, 429]
['2019-03-25 11:23:00', 21.0, 21.0, 21.0, 21.0, 601]
['2019-03-25 11:21:00', 21.01, 21.01, 21.01, 21.01, 601]
['2019-03-25 11:20:00', 21.02, 21.02, 21.02, 21.02, 900]
['2019-03-25 11:19:00', 21.035, 21.035, 21.035, 21.035, 993]
['2019-03-25 11:17:00', 21.04, 21.04, 21.04, 21.04, 202]
['2019-03-25 11:14:00', 20.96, 20.96, 20.96, 20.96, 201]
['2019-03-25 11:08:00', 20.9, 20.9, 20.9, 20.9, 869]
['2019-03-25 11:06:00', 20.89, 20.89, 20.89, 20.89, 935]
['2019-03-25 11:05:00', 20.88, 20.88, 20.88, 20.88, 777]
['2019-03-25 11:03:00', 20.88, 20.88, 20.88, 20.88, 565]
['2019-03-25 11:02:00', 20.9, 20.9, 20.9, 20.9, 1010]
['2019-03-25 11:00:00', 20.83, 20.83, 20.83, 20.83, 3419]
['2019-03-25 10:59:00', 20.86, 20.86, 20.86, 20.86, 214]
['2019-03-25 10:56:00', 20.86, 20.86, 20.86, 20.86, 325]
['2019-03-25 10:55:00', 20.84, 20.84, 20.84, 20.84, 101]
['2019-03-25 10:51:00', 20.82, 20.82, 20.82, 20.82, 1164]
['2019-03-25 10:50:00', 20.7264, 20.7264, 20.7264, 20.7264, 300]
['2019-03-25 10:48:00', 20.79, 20.72, 20.72, 20.79, 4222]
['2019-03-25 10:45:00', 20.82, 20.82, 20.82, 20.82, 794]
['2019-03-25 10:42:00', 20.78, 20.78, 20.78, 20.78, 294]
['2019-03-25 10:40:00', 20.78, 20.78, 20.78, 20.78, 1610]
['2019-03-25 10:39:00', 20.78, 20.78, 20.78, 20.78, 904]
['2019-03-25 10:34:00', 20.87, 20.87, 20.87, 20.87, 1100]
['2019-03-25 10:26:00', 20.73, 20.73, 20.73, 20.73, 308]
['2019-03-25 10:23:00', 20.68, 20.705, 20.68, 20.705, 1500]
['2019-03-25 10:21:00', 20.66, 20.66, 20.66, 20.66, 905]
['2019-03-25 10:19:00', 20.61, 20.66, 20.61, 20.66, 4696]
['2019-03-25 10:18:00', 20.59, 20.59, 20.59, 20.59, 102]
['2019-03-25 10:17:00', 20.5609, 20.5609, 20.5609, 20.5609, 548]
['2019-03-25 10:15:00', 20.54, 20.54, 20.54, 20.54, 200]
['2019-03-25 10:10:00', 20.56, 20.56, 20.56, 20.56, 654]
['2019-03-25 10:06:00', 20.56, 20.58, 20.56, 20.58, 486]
['2019-03-25 10:03:00', 20.56, 20.56, 20.56, 20.56, 609]
['2019-03-25 10:00:00', 20.58, 20.58, 20.58, 20.58, 362]
['2019-03-25 09:56:00', 20.625, 20.625, 20.625, 20.625, 1238]
['2019-03-25 09:55:00', 20.6, 20.6, 20.6, 20.6, 2473]
['2019-03-25 09:50:00', 20.54, 20.54, 20.54, 20.54, 583]
['2019-03-25 09:48:00', 20.56, 20.56, 20.56, 20.56, 546]
['2019-03-25 09:47:00', 20.62, 20.62, 20.62, 20.62, 286]
['2019-03-25 09:46:00', 20.65, 20.65, 20.65, 20.65, 514]
['2019-03-25 09:44:00', 20.73, 20.73, 20.73, 20.73, 1563]
['2019-03-25 09:39:00', 20.72, 20.72, 20.72, 20.72, 287]
['2019-03-25 09:36:00', 20.8, 20.8, 20.8, 20.8, 702]
['2019-03-25 09:33:00', 20.695, 20.695, 20.695, 20.695, 0]
