ASTC
['2019-03-29 15:26:00', 3.78, 3.78, 3.78, 3.78, 102]
['2019-03-29 10:28:00', 3.8021, 3.8021, 3.8021, 3.8021, 2219]
['2019-03-29 09:31:00', 3.79, 3.79, 3.79, 3.79, 0]
['2019-03-28 16:00:00', 3.77, 3.77, 3.77, 3.77, 352]
['2019-03-28 15:29:00', 3.67, 3.72, 3.67, 3.72, 1000]
['2019-03-28 13:08:00', 3.8, 3.8, 3.8, 3.8, 288]
['2019-03-28 11:55:00', 3.8, 3.82, 3.8, 3.82, 551]
['2019-03-28 10:56:00', 3.815, 3.815, 3.815, 3.815, 253]
['2019-03-28 10:55:00', 3.8, 3.8, 3.8, 3.8, 200]
['2019-03-28 10:31:00', 3.8104, 3.8104, 3.8104, 3.8104, 250]
['2019-03-28 09:55:00', 3.8, 3.8, 3.8, 3.83, 400]
['2019-03-28 09:48:00', 3.8, 3.8, 3.8, 3.83, 1174]
['2019-03-28 09:45:00', 3.78, 3.8, 3.78, 3.8, 327]
['2019-03-28 09:31:00', 3.74, 3.74, 3.74, 3.74, 0]
['2019-03-27 16:00:00', 3.7, 3.7, 3.7, 3.7, 200]
['2019-03-27 15:54:00', 3.7, 3.7, 3.7, 3.7, 100]
['2019-03-27 15:39:00', 3.71, 3.7, 3.7, 3.71, 375]
['2019-03-27 15:37:00', 3.7, 3.7, 3.7, 3.7, 700]
['2019-03-27 14:29:00', 3.7688, 3.7688, 3.7688, 3.7688, 1245]
['2019-03-27 14:12:00', 3.72, 3.72, 3.72, 3.72, 100]
['2019-03-27 13:52:00', 3.72, 3.72, 3.72, 3.72, 100]
['2019-03-27 12:15:00', 3.7652, 3.7652, 3.7652, 3.7652, 0]
['2019-03-26 16:00:00', 3.66, 3.66, 3.66, 3.66, 3428]
['2019-03-26 14:54:00', 3.7, 3.7, 3.7, 3.7, 1023]
['2019-03-26 14:21:00', 3.62, 3.62, 3.62, 3.62, 702]
['2019-03-26 13:18:00', 3.6, 3.6, 3.6, 3.6, 700]
['2019-03-26 12:10:00', 3.59, 3.59, 3.59, 3.59, 175]
['2019-03-26 11:48:00', 3.5979, 3.5979, 3.5979, 3.5979, 243]
['2019-03-26 10:37:00', 3.5686, 3.5686, 3.5686, 3.5686, 351]
['2019-03-25 16:00:00', 3.73, 3.73, 3.73, 3.73, 100]
['2019-03-25 15:27:00', 3.84, 3.84, 3.84, 3.84, 1087]
['2019-03-25 15:26:00', 3.73, 3.7486, 3.73, 3.7486, 1900]
['2019-03-25 14:36:00', 3.81, 3.81, 3.81, 3.81, 527]
['2019-03-25 14:34:00', 3.8511, 3.8511, 3.8511, 3.8511, 369]
['2019-03-25 13:26:00', 3.79, 3.79, 3.79, 3.79, 150]
['2019-03-25 13:00:00', 3.7938, 3.7938, 3.7938, 3.7938, 254]
['2019-03-25 11:12:00', 3.8, 3.8, 3.8, 3.8, 647]
['2019-03-25 11:06:00', 3.73, 3.73, 3.73, 3.73, 114]
['2019-03-25 10:53:00', 3.84, 3.84, 3.84, 3.84, 600]
['2019-03-25 09:46:00', 3.752, 3.752, 3.752, 3.752, 208]
['2019-03-25 09:31:00', 3.78, 3.78, 3.78, 3.78, 0]
