ALE
['2019-03-29 16:00:00', 82.21, 82.22, 82.21, 82.22, 15220]
['2019-03-29 15:59:00', 82.25, 82.24, 82.19, 82.27, 6476]
['2019-03-29 15:58:00', 82.28, 82.265, 82.23, 82.29, 6057]
['2019-03-29 15:57:00', 82.3, 82.27, 82.26, 82.31, 2843]
['2019-03-29 15:56:00', 82.22, 82.32, 82.21, 82.34, 3426]
['2019-03-29 15:55:00', 82.19, 82.22, 82.14, 82.22, 1797]
['2019-03-29 15:54:00', 82.21, 82.16, 82.16, 82.22, 2504]
['2019-03-29 15:53:00', 82.15, 82.205, 82.15, 82.205, 1150]
['2019-03-29 15:52:00', 82.07, 82.15, 82.07, 82.15, 701]
['2019-03-29 15:51:00', 82.07, 82.06, 82.03, 82.07, 1444]
['2019-03-29 15:50:00', 82.15, 82.05, 82.05, 82.15, 528]
['2019-03-29 15:49:00', 82.095, 82.1, 82.055, 82.1, 2907]
['2019-03-29 15:48:00', 82.2, 82.13, 82.13, 82.2, 630]
['2019-03-29 15:47:00', 82.21, 82.21, 82.21, 82.21, 132]
['2019-03-29 15:46:00', 82.18, 82.24, 82.18, 82.24, 1572]
['2019-03-29 15:45:00', 82.28, 82.24, 82.24, 82.28, 767]
['2019-03-29 15:44:00', 82.25, 82.25, 82.25, 82.25, 338]
['2019-03-29 15:43:00', 82.25, 82.22, 82.21, 82.25, 739]
['2019-03-29 15:42:00', 82.23, 82.24, 82.23, 82.24, 728]
['2019-03-29 15:41:00', 82.23, 82.23, 82.23, 82.23, 159]
['2019-03-29 15:40:00', 82.18, 82.23, 82.18, 82.23, 979]
['2019-03-29 15:39:00', 82.14, 82.18, 82.14, 82.18, 584]
['2019-03-29 15:38:00', 82.14, 82.13, 82.13, 82.14, 340]
['2019-03-29 15:37:00', 82.16, 82.16, 82.16, 82.16, 201]
['2019-03-29 15:35:00', 82.18, 82.18, 82.18, 82.18, 874]
['2019-03-29 15:34:00', 82.2, 82.16, 82.16, 82.2, 505]
['2019-03-29 15:33:00', 82.17, 82.16, 82.16, 82.17, 306]
['2019-03-29 15:32:00', 82.12, 82.18, 82.11, 82.18, 1407]
['2019-03-29 15:31:00', 82.19, 82.13, 82.13, 82.19, 1491]
['2019-03-29 15:30:00', 82.14, 82.18, 82.12, 82.18, 1380]
['2019-03-29 15:29:00', 82.18, 82.18, 82.18, 82.18, 251]
['2019-03-29 15:27:00', 82.13, 82.13, 82.13, 82.13, 156]
['2019-03-29 15:26:00', 82.07, 82.08, 82.06, 82.08, 450]
['2019-03-29 15:25:00', 82.04, 82.04, 82.04, 82.04, 154]
['2019-03-29 15:23:00', 82.12, 82.1, 82.1, 82.13, 523]
['2019-03-29 15:21:00', 82.15, 82.14, 82.14, 82.15, 661]
['2019-03-29 15:19:00', 82.21, 82.19, 82.19, 82.21, 408]
['2019-03-29 15:18:00', 82.23, 82.23, 82.23, 82.23, 257]
['2019-03-29 15:17:00', 82.2, 82.2, 82.2, 82.2, 479]
['2019-03-29 15:16:00', 82.14, 82.14, 82.14, 82.14, 375]
['2019-03-29 15:13:00', 82.0814, 82.0814, 82.0814, 82.0814, 225]
['2019-03-29 15:12:00', 82.12, 82.12, 82.12, 82.12, 233]
['2019-03-29 15:11:00', 82.21, 82.17, 82.17, 82.21, 403]
['2019-03-29 15:08:00', 82.15, 82.18, 82.15, 82.18, 874]
['2019-03-29 15:04:00', 82.2, 82.2, 82.19, 82.22, 1500]
['2019-03-29 14:59:00', 82.19, 82.21, 82.19, 82.22, 747]
['2019-03-29 14:56:00', 82.26, 82.2, 82.2, 82.26, 393]
['2019-03-29 14:54:00', 82.17, 82.2, 82.15, 82.2, 610]
['2019-03-29 14:52:00', 82.16, 82.16, 82.16, 82.16, 300]
['2019-03-29 14:50:00', 82.13, 82.13, 82.13, 82.13, 216]
['2019-03-29 14:49:00', 82.08, 82.08, 82.08, 82.08, 200]
['2019-03-29 14:48:00', 82.1, 82.09, 82.09, 82.1, 210]
['2019-03-29 14:46:00', 82.08, 82.075, 82.075, 82.09, 627]
['2019-03-29 14:44:00', 82.09, 82.09, 82.09, 82.09, 349]
['2019-03-29 14:43:00', 82.12, 82.12, 82.12, 82.12, 401]
['2019-03-29 14:42:00', 82.06, 82.07, 82.06, 82.07, 1032]
['2019-03-29 14:41:00', 82.07, 82.07, 82.07, 82.07, 417]
['2019-03-29 14:36:00', 82.08, 82.08, 82.08, 82.08, 577]
['2019-03-29 14:33:00', 82.01, 82.07, 82.01, 82.07, 877]
['2019-03-29 14:32:00', 82.01, 82.01, 82.0, 82.01, 520]
['2019-03-29 14:31:00', 82.0, 81.9701, 81.9701, 82.0, 376]
['2019-03-29 14:24:00', 81.99, 82.0, 81.99, 82.0, 557]
['2019-03-29 14:23:00', 81.95, 81.95, 81.95, 81.95, 169]
['2019-03-29 14:22:00', 81.97, 81.97, 81.97, 81.97, 327]
['2019-03-29 14:21:00', 81.99, 81.91, 81.91, 81.99, 405]
['2019-03-29 14:20:00', 81.98, 81.98, 81.98, 81.98, 200]
['2019-03-29 14:17:00', 82.04, 82.03, 82.02, 82.04, 1445]
['2019-03-29 14:16:00', 82.08, 82.08, 82.08, 82.08, 103]
['2019-03-29 14:14:00', 82.06, 82.06, 82.06, 82.06, 276]
['2019-03-29 14:13:00', 82.03, 82.03, 82.03, 82.03, 218]
['2019-03-29 14:12:00', 82.0, 82.0, 82.0, 82.0, 117]
['2019-03-29 14:11:00', 81.99, 81.985, 81.985, 81.99, 431]
['2019-03-29 14:09:00', 81.97, 81.975, 81.97, 81.975, 209]
['2019-03-29 14:07:00', 81.94, 81.94, 81.94, 81.94, 560]
['2019-03-29 14:06:00', 81.965, 81.965, 81.965, 81.965, 201]
['2019-03-29 14:02:00', 81.94, 81.94, 81.94, 81.94, 120]
['2019-03-29 14:01:00', 81.93, 81.93, 81.93, 81.93, 436]
['2019-03-29 14:00:00', 81.95, 81.95, 81.95, 81.95, 100]
['2019-03-29 13:59:00', 81.9, 81.9, 81.9, 81.9, 218]
['2019-03-29 13:54:00', 81.87, 81.9, 81.87, 81.9, 732]
['2019-03-29 13:53:00', 81.87, 81.87, 81.87, 81.87, 345]
['2019-03-29 13:50:00', 81.84, 81.8231, 81.8231, 81.84, 706]
['2019-03-29 13:48:00', 81.77, 81.83, 81.77, 81.83, 880]
['2019-03-29 13:47:00', 81.74, 81.66, 81.63, 81.76, 3880]
['2019-03-29 13:46:00', 81.88, 81.85, 81.85, 81.88, 943]
['2019-03-29 13:45:00', 81.87, 81.895, 81.87, 81.895, 344]
['2019-03-29 13:44:00', 81.87, 81.858, 81.858, 81.87, 353]
['2019-03-29 13:43:00', 81.81, 81.85, 81.81, 81.85, 300]
['2019-03-29 13:40:00', 81.8, 81.8, 81.8, 81.8, 101]
['2019-03-29 13:38:00', 81.78, 81.78, 81.78, 81.78, 216]
['2019-03-29 13:37:00', 81.81, 81.82, 81.81, 81.82, 201]
['2019-03-29 13:36:00', 81.82, 81.8375, 81.82, 81.8375, 206]
['2019-03-29 13:35:00', 81.84, 81.85, 81.84, 81.85, 565]
['2019-03-29 13:34:00', 81.79, 81.82, 81.79, 81.82, 580]
['2019-03-29 13:32:00', 81.81, 81.81, 81.81, 81.81, 267]
['2019-03-29 13:31:00', 81.85, 81.85, 81.85, 81.85, 132]
['2019-03-29 13:30:00', 81.87, 81.87, 81.87, 81.87, 187]
['2019-03-29 13:29:00', 81.87, 81.87, 81.87, 81.87, 100]
['2019-03-29 13:27:00', 81.93, 81.91, 81.91, 81.93, 533]
['2019-03-29 13:23:00', 81.89, 81.93, 81.89, 81.93, 526]
['2019-03-29 13:21:00', 81.89, 81.86, 81.86, 81.89, 524]
['2019-03-29 13:19:00', 81.86, 81.86, 81.86, 81.86, 416]
['2019-03-29 13:18:00', 81.84, 81.84, 81.84, 81.84, 646]
['2019-03-29 13:17:00', 81.82, 81.82, 81.81, 81.82, 459]
['2019-03-29 13:16:00', 81.86, 81.86, 81.86, 81.86, 111]
['2019-03-29 13:15:00', 81.91, 81.89, 81.89, 81.91, 221]
['2019-03-29 13:14:00', 81.91, 81.91, 81.91, 81.91, 200]
['2019-03-29 13:13:00', 81.89, 81.87, 81.87, 81.89, 290]
['2019-03-29 13:12:00', 81.91, 81.91, 81.91, 81.91, 110]
['2019-03-29 13:10:00', 81.94, 81.94, 81.94, 81.94, 500]
['2019-03-29 13:07:00', 81.95, 81.95, 81.95, 81.95, 224]
['2019-03-29 13:06:00', 82.0, 82.0, 82.0, 82.0, 256]
['2019-03-29 13:03:00', 82.03, 82.03, 82.03, 82.03, 308]
['2019-03-29 13:02:00', 82.09, 82.04, 82.04, 82.09, 614]
['2019-03-29 12:58:00', 82.04, 82.07, 82.04, 82.08, 510]
['2019-03-29 12:56:00', 82.05, 82.01, 82.01, 82.05, 618]
['2019-03-29 12:55:00', 82.03, 82.03, 82.03, 82.03, 134]
['2019-03-29 12:53:00', 82.01, 82.01, 82.01, 82.01, 300]
['2019-03-29 12:49:00', 81.96, 81.96, 81.96, 81.96, 213]
['2019-03-29 12:47:00', 81.95, 81.95, 81.95, 81.95, 100]
['2019-03-29 12:42:00', 81.94, 81.94, 81.94, 81.94, 215]
['2019-03-29 12:40:00', 81.93, 81.93, 81.93, 81.93, 293]
['2019-03-29 12:39:00', 81.95, 81.95, 81.95, 81.95, 204]
['2019-03-29 12:38:00', 81.97, 81.97, 81.97, 81.97, 105]
['2019-03-29 12:37:00', 81.95, 81.95, 81.95, 81.95, 115]
['2019-03-29 12:32:00', 81.89, 81.89, 81.89, 81.89, 421]
['2019-03-29 12:30:00', 81.91, 81.89, 81.89, 81.91, 608]
['2019-03-29 12:27:00', 81.95, 81.93, 81.93, 81.95, 558]
['2019-03-29 12:24:00', 81.96, 81.96, 81.96, 81.96, 100]
['2019-03-29 12:23:00', 81.95, 82.0, 81.95, 82.0, 774]
['2019-03-29 12:18:00', 81.93, 81.96, 81.93, 81.96, 341]
['2019-03-29 12:15:00', 81.95, 81.95, 81.95, 81.95, 315]
['2019-03-29 12:14:00', 81.945, 81.97, 81.945, 81.97, 944]
['2019-03-29 12:13:00', 82.02, 82.02, 82.02, 82.02, 100]
['2019-03-29 12:12:00', 81.98, 81.98, 81.98, 81.98, 109]
['2019-03-29 12:10:00', 81.98, 81.98, 81.98, 81.98, 318]
['2019-03-29 12:09:00', 81.99, 81.99, 81.99, 81.99, 107]
['2019-03-29 12:08:00', 82.0, 81.97, 81.97, 82.0, 321]
['2019-03-29 12:06:00', 82.04, 82.01, 82.01, 82.04, 379]
['2019-03-29 11:52:00', 82.11, 82.11, 82.11, 82.11, 731]
['2019-03-29 11:51:00', 82.07, 82.07, 82.07, 82.07, 105]
['2019-03-29 11:48:00', 82.01, 82.09, 82.01, 82.09, 743]
['2019-03-29 11:47:00', 81.97, 81.97, 81.97, 81.97, 218]
['2019-03-29 11:42:00', 82.005, 82.03, 81.97, 82.03, 622]
['2019-03-29 11:40:00', 81.99, 81.99, 81.99, 81.99, 123]
['2019-03-29 11:36:00', 82.06, 82.03, 82.03, 82.06, 411]
['2019-03-29 11:32:00', 82.08, 82.03, 82.03, 82.08, 677]
['2019-03-29 11:31:00', 82.16, 82.13, 82.13, 82.16, 302]
['2019-03-29 11:29:00', 82.21, 82.21, 82.21, 82.21, 151]
['2019-03-29 11:28:00', 82.18, 82.18, 82.18, 82.18, 211]
['2019-03-29 11:26:00', 82.2, 82.18, 82.18, 82.2, 418]
['2019-03-29 11:25:00', 82.19, 82.17, 82.17, 82.19, 507]
['2019-03-29 11:23:00', 82.22, 82.18, 82.18, 82.22, 812]
['2019-03-29 11:21:00', 82.22, 82.2, 82.2, 82.22, 203]
['2019-03-29 11:18:00', 82.26, 82.26, 82.26, 82.26, 104]
['2019-03-29 11:16:00', 82.21, 82.21, 82.21, 82.21, 246]
['2019-03-29 11:14:00', 82.16, 82.16, 82.16, 82.16, 106]
['2019-03-29 11:12:00', 82.19, 82.15, 82.15, 82.19, 768]
['2019-03-29 11:08:00', 82.24, 82.24, 82.24, 82.24, 141]
['2019-03-29 11:04:00', 82.17, 82.17, 82.17, 82.17, 338]
['2019-03-29 11:03:00', 82.09, 82.09, 82.09, 82.09, 229]
['2019-03-29 11:01:00', 82.19, 82.13, 82.13, 82.19, 653]
['2019-03-29 11:00:00', 82.23, 82.23, 82.23, 82.23, 299]
['2019-03-29 10:57:00', 82.15, 82.16, 82.15, 82.16, 416]
['2019-03-29 10:56:00', 82.17, 82.13, 82.13, 82.17, 520]
['2019-03-29 10:54:00', 82.18, 82.2, 82.175, 82.2, 1106]
['2019-03-29 10:50:00', 82.225, 82.225, 82.225, 82.225, 423]
['2019-03-29 10:49:00', 82.21, 82.21, 82.21, 82.21, 100]
['2019-03-29 10:45:00', 82.29, 82.23, 82.23, 82.3, 1261]
['2019-03-29 10:39:00', 82.22, 82.24, 82.22, 82.24, 332]
['2019-03-29 10:37:00', 82.2888, 82.2, 82.2, 82.2888, 1070]
['2019-03-29 10:36:00', 82.26, 82.29, 82.26, 82.29, 306]
['2019-03-29 10:35:00', 82.22, 82.24, 82.22, 82.24, 414]
['2019-03-29 10:34:00', 82.19, 82.19, 82.19, 82.19, 134]
['2019-03-29 10:33:00', 82.2, 82.21, 82.2, 82.21, 206]
['2019-03-29 10:31:00', 82.28, 82.23, 82.23, 82.28, 501]
['2019-03-29 10:30:00', 82.33, 82.29, 82.29, 82.33, 501]
['2019-03-29 10:28:00', 82.25, 82.25, 82.25, 82.25, 276]
['2019-03-29 10:26:00', 82.21, 82.32, 82.21, 82.32, 1344]
['2019-03-29 10:23:00', 82.18, 82.18, 82.18, 82.18, 101]
['2019-03-29 10:22:00', 82.17, 82.19, 82.17, 82.19, 400]
['2019-03-29 10:19:00', 82.08, 82.05, 82.05, 82.08, 449]
['2019-03-29 10:12:00', 82.02, 82.11, 81.97, 82.11, 813]
['2019-03-29 10:11:00', 82.115, 82.115, 82.115, 82.115, 127]
['2019-03-29 10:09:00', 82.0, 82.03, 82.0, 82.05, 1395]
['2019-03-29 10:08:00', 81.95, 81.95, 81.95, 81.95, 100]
['2019-03-29 10:06:00', 81.96, 81.96, 81.96, 81.96, 100]
['2019-03-29 10:04:00', 82.155, 81.79, 81.79, 82.155, 1367]
['2019-03-29 09:57:00', 81.95, 81.95, 81.95, 81.95, 224]
['2019-03-29 09:54:00', 81.81, 81.81, 81.81, 81.81, 200]
['2019-03-29 09:49:00', 81.55, 81.57, 81.48, 81.57, 2679]
['2019-03-29 09:48:00', 81.355, 81.355, 81.355, 81.355, 234]
['2019-03-29 09:47:00', 81.74, 81.48, 81.48, 81.74, 1045]
['2019-03-29 09:45:00', 81.64, 81.575, 81.575, 81.64, 272]
['2019-03-29 09:38:00', 81.54, 81.54, 81.54, 81.54, 182]
['2019-03-29 09:36:00', 81.495, 81.495, 81.495, 81.495, 189]
['2019-03-29 09:34:00', 81.94, 81.52, 81.52, 81.94, 1385]
['2019-03-29 09:33:00', 81.94, 81.94, 81.94, 81.94, 229]
['2019-03-29 09:31:00', 82.075, 82.075, 82.075, 82.075, 2741]
['2019-03-28 16:00:00', 81.98, 81.97, 81.965, 82.01, 5538]
['2019-03-28 15:59:00', 81.97, 81.96, 81.93, 82.0, 2256]
['2019-03-28 15:58:00', 81.89, 82.01, 81.89, 82.01, 4595]
['2019-03-28 15:57:00', 82.01, 81.935, 81.935, 82.01, 2453]
['2019-03-28 15:56:00', 81.98, 81.99, 81.96, 81.99, 1469]
['2019-03-28 15:55:00', 81.965, 81.99, 81.96, 81.99, 1547]
['2019-03-28 15:54:00', 81.86, 81.86, 81.86, 81.86, 662]
['2019-03-28 15:53:00', 81.85, 81.84, 81.84, 81.85, 766]
['2019-03-28 15:52:00', 81.89, 81.875, 81.875, 81.89, 756]
['2019-03-28 15:51:00', 81.88, 81.88, 81.86, 81.885, 724]
['2019-03-28 15:49:00', 81.89, 81.9, 81.87, 81.9, 717]
['2019-03-28 15:48:00', 81.88, 81.9, 81.88, 81.9, 492]
['2019-03-28 15:47:00', 81.88, 81.87, 81.86, 81.88, 1016]
['2019-03-28 15:46:00', 81.83, 81.88, 81.83, 81.88, 712]
['2019-03-28 15:45:00', 81.81, 81.81, 81.81, 81.81, 106]
['2019-03-28 15:44:00', 81.77, 81.81, 81.77, 81.81, 544]
['2019-03-28 15:43:00', 81.74, 81.74, 81.74, 81.74, 119]
['2019-03-28 15:42:00', 81.79, 81.79, 81.79, 81.79, 152]
['2019-03-28 15:40:00', 81.75, 81.76, 81.75, 81.76, 777]
['2019-03-28 15:39:00', 81.75, 81.71, 81.71, 81.75, 1117]
['2019-03-28 15:38:00', 81.76, 81.76, 81.76, 81.78, 990]
['2019-03-28 15:37:00', 81.74, 81.74, 81.74, 81.74, 232]
['2019-03-28 15:36:00', 81.75, 81.75, 81.75, 81.75, 114]
['2019-03-28 15:35:00', 81.76, 81.76, 81.76, 81.76, 131]
['2019-03-28 15:34:00', 81.74, 81.74, 81.74, 81.74, 200]
['2019-03-28 15:32:00', 81.73, 81.73, 81.73, 81.73, 515]
['2019-03-28 15:31:00', 81.74, 81.74, 81.74, 81.74, 274]
['2019-03-28 15:29:00', 81.75, 81.74, 81.74, 81.75, 293]
['2019-03-28 15:28:00', 81.77, 81.745, 81.745, 81.77, 741]
['2019-03-28 15:27:00', 81.72, 81.78, 81.72, 81.78, 522]
['2019-03-28 15:23:00', 81.7, 81.72, 81.7, 81.72, 344]
['2019-03-28 15:20:00', 81.7, 81.7, 81.7, 81.7, 290]
['2019-03-28 15:19:00', 81.7, 81.69, 81.69, 81.7, 601]
['2019-03-28 15:17:00', 81.69, 81.69, 81.69, 81.69, 120]
['2019-03-28 15:14:00', 81.72, 81.72, 81.72, 81.72, 376]
['2019-03-28 15:13:00', 81.74, 81.735, 81.735, 81.76, 651]
['2019-03-28 15:11:00', 81.69, 81.7, 81.69, 81.7, 552]
['2019-03-28 15:09:00', 81.665, 81.665, 81.665, 81.665, 101]
['2019-03-28 15:05:00', 81.68, 81.68, 81.68, 81.68, 425]
['2019-03-28 15:04:00', 81.66, 81.66, 81.66, 81.66, 131]
['2019-03-28 15:03:00', 81.61, 81.61, 81.61, 81.61, 300]
['2019-03-28 15:02:00', 81.61, 81.6514, 81.61, 81.6514, 525]
['2019-03-28 15:00:00', 81.68, 81.68, 81.68, 81.68, 462]
['2019-03-28 14:59:00', 81.74, 81.71, 81.71, 81.74, 347]
['2019-03-28 14:56:00', 81.73, 81.73, 81.73, 81.73, 708]
['2019-03-28 14:50:00', 81.78, 81.78, 81.78, 81.78, 384]
['2019-03-28 14:48:00', 81.88, 81.81, 81.81, 81.88, 663]
['2019-03-28 14:47:00', 81.84, 81.84, 81.84, 81.84, 100]
['2019-03-28 14:45:00', 81.82, 81.82, 81.82, 81.82, 222]
['2019-03-28 14:44:00', 81.76, 81.79, 81.76, 81.8, 729]
['2019-03-28 14:43:00', 81.76, 81.76, 81.76, 81.76, 121]
['2019-03-28 14:40:00', 81.7, 81.7, 81.7, 81.7, 109]
['2019-03-28 14:39:00', 81.66, 81.66, 81.66, 81.66, 105]
['2019-03-28 14:36:00', 81.67, 81.67, 81.67, 81.67, 340]
['2019-03-28 14:33:00', 81.72, 81.72, 81.72, 81.72, 555]
['2019-03-28 14:28:00', 81.735, 81.75, 81.735, 81.75, 264]
['2019-03-28 14:27:00', 81.73, 81.73, 81.73, 81.73, 199]
['2019-03-28 14:25:00', 81.74, 81.74, 81.74, 81.74, 428]
['2019-03-28 14:20:00', 81.7, 81.7, 81.7, 81.7, 127]
['2019-03-28 14:18:00', 81.72, 81.72, 81.72, 81.72, 102]
['2019-03-28 14:16:00', 81.75, 81.75, 81.75, 81.75, 102]
['2019-03-28 14:12:00', 81.675, 81.675, 81.675, 81.675, 337]
['2019-03-28 14:11:00', 81.67, 81.68, 81.67, 81.69, 722]
['2019-03-28 14:10:00', 81.68, 81.68, 81.68, 81.68, 225]
['2019-03-28 14:09:00', 81.68, 81.68, 81.68, 81.68, 100]
['2019-03-28 14:08:00', 81.65, 81.65, 81.65, 81.65, 241]
['2019-03-28 14:07:00', 81.68, 81.68, 81.68, 81.68, 200]
['2019-03-28 14:04:00', 81.7, 81.69, 81.69, 81.71, 405]
['2019-03-28 14:01:00', 81.66, 81.66, 81.66, 81.66, 162]
['2019-03-28 14:00:00', 81.65, 81.64, 81.64, 81.65, 300]
['2019-03-28 13:54:00', 81.62, 81.62, 81.62, 81.62, 673]
['2019-03-28 13:53:00', 81.58, 81.58, 81.58, 81.58, 101]
['2019-03-28 13:50:00', 81.58, 81.58, 81.58, 81.58, 105]
['2019-03-28 13:48:00', 81.6, 81.6, 81.6, 81.6, 762]
['2019-03-28 13:45:00', 81.58, 81.58, 81.58, 81.58, 206]
['2019-03-28 13:41:00', 81.565, 81.565, 81.565, 81.565, 588]
['2019-03-28 13:38:00', 81.545, 81.545, 81.545, 81.545, 104]
['2019-03-28 13:36:00', 81.57, 81.57, 81.57, 81.57, 151]
['2019-03-28 13:31:00', 81.63, 81.59, 81.59, 81.63, 259]
['2019-03-28 13:30:00', 81.64, 81.64, 81.64, 81.64, 112]
['2019-03-28 13:26:00', 81.61, 81.61, 81.61, 81.61, 525]
['2019-03-28 13:25:00', 81.67, 81.65, 81.65, 81.67, 387]
['2019-03-28 13:24:00', 81.67, 81.67, 81.67, 81.67, 320]
['2019-03-28 13:23:00', 81.66, 81.66, 81.66, 81.66, 200]
['2019-03-28 13:22:00', 81.64, 81.64, 81.64, 81.65, 472]
['2019-03-28 13:20:00', 81.61, 81.61, 81.61, 81.61, 219]
['2019-03-28 13:17:00', 81.61, 81.61, 81.61, 81.61, 114]
['2019-03-28 13:15:00', 81.616, 81.616, 81.616, 81.616, 672]
['2019-03-28 13:05:00', 81.57, 81.57, 81.57, 81.57, 326]
['2019-03-28 13:03:00', 81.55, 81.55, 81.55, 81.55, 304]
['2019-03-28 13:02:00', 81.52, 81.52, 81.52, 81.52, 100]
['2019-03-28 12:55:00', 81.5, 81.5, 81.5, 81.5, 204]
['2019-03-28 12:54:00', 81.47, 81.47, 81.47, 81.47, 101]
['2019-03-28 12:53:00', 81.51, 81.47, 81.47, 81.51, 201]
['2019-03-28 12:52:00', 81.5, 81.5, 81.5, 81.5, 101]
['2019-03-28 12:49:00', 81.43, 81.43, 81.43, 81.43, 756]
['2019-03-28 12:45:00', 81.5421, 81.5421, 81.5421, 81.5421, 282]
['2019-03-28 12:39:00', 81.5287, 81.5085, 81.5085, 81.5287, 240]
['2019-03-28 12:38:00', 81.508, 81.53, 81.49, 81.53, 501]
['2019-03-28 12:37:00', 81.49, 81.49, 81.49, 81.49, 278]
['2019-03-28 12:36:00', 81.46, 81.46, 81.46, 81.46, 200]
['2019-03-28 12:35:00', 81.47, 81.45, 81.45, 81.47, 510]
['2019-03-28 12:34:00', 81.5, 81.5, 81.5, 81.5, 117]
['2019-03-28 12:31:00', 81.43, 81.44, 81.43, 81.44, 613]
['2019-03-28 12:24:00', 81.51, 81.38, 81.38, 81.51, 1064]
['2019-03-28 12:23:00', 81.52, 81.535, 81.52, 81.535, 200]
['2019-03-28 12:21:00', 81.44, 81.5, 81.44, 81.5, 678]
['2019-03-28 12:20:00', 81.415, 81.415, 81.415, 81.415, 100]
['2019-03-28 12:18:00', 81.42, 81.43, 81.385, 81.43, 326]
['2019-03-28 12:17:00', 81.3001, 81.39, 81.3001, 81.39, 801]
['2019-03-28 12:14:00', 81.4, 81.4, 81.4, 81.4, 231]
['2019-03-28 12:13:00', 81.42, 81.43, 81.42, 81.43, 462]
['2019-03-28 12:11:00', 81.37, 81.42, 81.37, 81.42, 260]
['2019-03-28 12:04:00', 81.49, 81.49, 81.49, 81.49, 398]
['2019-03-28 12:03:00', 81.5, 81.525, 81.5, 81.525, 370]
['2019-03-28 12:02:00', 81.62, 81.62, 81.62, 81.62, 101]
['2019-03-28 11:58:00', 81.51, 81.55, 81.51, 81.55, 655]
['2019-03-28 11:56:00', 81.46, 81.459, 81.459, 81.46, 303]
['2019-03-28 11:54:00', 81.52, 81.52, 81.52, 81.52, 101]
['2019-03-28 11:52:00', 81.5, 81.5, 81.5, 81.5, 102]
['2019-03-28 11:51:00', 81.52, 81.52, 81.52, 81.52, 201]
['2019-03-28 11:49:00', 81.6, 81.56, 81.56, 81.6, 565]
['2019-03-28 11:47:00', 81.56, 81.56, 81.56, 81.56, 201]
['2019-03-28 11:46:00', 81.69, 81.48, 81.48, 81.69, 600]
['2019-03-28 11:44:00', 81.64, 81.64, 81.64, 81.64, 313]
['2019-03-28 11:40:00', 81.75, 81.81, 81.72, 81.81, 922]
['2019-03-28 11:38:00', 81.66, 81.64, 81.64, 81.66, 300]
['2019-03-28 11:34:00', 81.7, 81.7, 81.7, 81.7, 387]
['2019-03-28 11:31:00', 81.6256, 81.6256, 81.6256, 81.6256, 389]
['2019-03-28 11:30:00', 81.63, 81.63, 81.6, 81.63, 441]
['2019-03-28 11:29:00', 81.66, 81.7, 81.66, 81.7, 201]
['2019-03-28 11:25:00', 81.65, 81.67, 81.65, 81.67, 313]
['2019-03-28 11:23:00', 81.61, 81.61, 81.61, 81.61, 410]
['2019-03-28 11:22:00', 81.675, 81.675, 81.675, 81.675, 101]
['2019-03-28 11:20:00', 81.67, 81.67, 81.67, 81.67, 181]
['2019-03-28 11:16:00', 81.76, 81.76, 81.76, 81.76, 135]
['2019-03-28 11:14:00', 81.83, 81.83, 81.83, 81.83, 402]
['2019-03-28 11:13:00', 81.8916, 81.8916, 81.8916, 81.8916, 200]
['2019-03-28 11:09:00', 81.86, 81.86, 81.86, 81.86, 273]
['2019-03-28 11:08:00', 81.89, 81.84, 81.84, 81.9, 755]
['2019-03-28 11:07:00', 81.83, 81.88, 81.81, 81.9, 809]
['2019-03-28 11:02:00', 81.83, 81.83, 81.83, 81.83, 276]
['2019-03-28 11:01:00', 81.85, 81.89, 81.85, 81.89, 890]
['2019-03-28 10:58:00', 81.83, 81.83, 81.83, 81.83, 100]
['2019-03-28 10:55:00', 81.8, 81.8, 81.8, 81.8, 722]
['2019-03-28 10:52:00', 81.9, 81.95, 81.9, 81.95, 413]
['2019-03-28 10:48:00', 81.93, 81.93, 81.93, 81.93, 664]
['2019-03-28 10:46:00', 81.97, 81.97, 81.97, 81.97, 100]
['2019-03-28 10:45:00', 82.01, 82.01, 82.01, 82.01, 183]
['2019-03-28 10:44:00', 82.06, 82.02, 82.02, 82.06, 301]
['2019-03-28 10:43:00', 82.03, 82.03, 82.03, 82.03, 100]
['2019-03-28 10:40:00', 82.03, 82.03, 82.03, 82.03, 101]
['2019-03-28 10:39:00', 82.22, 82.22, 82.22, 82.22, 100]
['2019-03-28 10:38:00', 82.18, 82.17, 82.17, 82.18, 502]
['2019-03-28 10:34:00', 82.26, 82.32, 82.26, 82.32, 725]
['2019-03-28 10:32:00', 82.28, 82.22, 82.22, 82.28, 218]
['2019-03-28 10:29:00', 82.28, 82.28, 82.28, 82.28, 202]
['2019-03-28 10:26:00', 82.26, 82.4, 82.26, 82.4, 380]
['2019-03-28 10:23:00', 82.29, 82.29, 82.29, 82.29, 285]
['2019-03-28 10:21:00', 82.215, 82.215, 82.215, 82.215, 117]
['2019-03-28 10:19:00', 82.11, 82.11, 82.11, 82.11, 241]
['2019-03-28 10:17:00', 82.25, 82.17, 82.17, 82.25, 711]
['2019-03-28 10:13:00', 82.25, 82.35, 82.25, 82.35, 657]
['2019-03-28 10:12:00', 82.18, 82.18, 82.18, 82.18, 100]
['2019-03-28 10:11:00', 82.2, 82.25, 82.2, 82.25, 300]
['2019-03-28 10:10:00', 82.18, 82.2, 82.18, 82.2, 301]
['2019-03-28 10:09:00', 82.09, 82.09, 82.09, 82.09, 322]
['2019-03-28 10:08:00', 81.98, 82.04, 81.98, 82.04, 618]
['2019-03-28 10:07:00', 81.93, 81.98, 81.93, 81.98, 1264]
['2019-03-28 10:06:00', 82.01, 82.0, 82.0, 82.01, 368]
['2019-03-28 10:05:00', 82.08, 82.08, 82.08, 82.08, 448]
['2019-03-28 10:04:00', 82.19, 82.14, 82.14, 82.19, 303]
['2019-03-28 10:03:00', 82.19, 82.19, 82.19, 82.19, 976]
['2019-03-28 10:02:00', 82.25, 82.16, 82.16, 82.25, 812]
['2019-03-28 10:00:00', 82.37, 82.37, 82.37, 82.37, 448]
['2019-03-28 09:59:00', 82.35, 82.38, 82.35, 82.48, 1129]
['2019-03-28 09:56:00', 82.64, 82.26, 82.26, 82.64, 1969]
['2019-03-28 09:54:00', 82.74, 82.66, 82.66, 82.74, 206]
['2019-03-28 09:52:00', 82.76, 82.76, 82.76, 82.76, 100]
['2019-03-28 09:49:00', 82.77, 82.77, 82.77, 82.77, 445]
['2019-03-28 09:43:00', 82.92, 82.92, 82.92, 82.92, 1579]
['2019-03-28 09:41:00', 83.05, 83.28, 83.05, 83.28, 1250]
['2019-03-28 09:38:00', 82.37, 82.37, 82.37, 82.37, 202]
['2019-03-28 09:37:00', 82.4, 82.4, 82.4, 82.4, 2342]
['2019-03-27 16:00:00', 82.74, 82.8, 82.74, 82.81, 8744]
['2019-03-27 15:59:00', 82.715, 82.74, 82.69, 82.745, 3501]
['2019-03-27 15:58:00', 82.72, 82.7, 82.7, 82.735, 1315]
['2019-03-27 15:57:00', 82.68, 82.69, 82.67, 82.69, 1338]
['2019-03-27 15:56:00', 82.65, 82.72, 82.65, 82.72, 1927]
['2019-03-27 15:55:00', 82.7, 82.69, 82.69, 82.71, 732]
['2019-03-27 15:54:00', 82.77, 82.68, 82.68, 82.77, 389]
['2019-03-27 15:53:00', 82.86, 82.82, 82.82, 82.86, 1379]
['2019-03-27 15:52:00', 82.86, 82.86, 82.86, 82.87, 1724]
['2019-03-27 15:51:00', 82.85, 82.86, 82.85, 82.86, 2149]
['2019-03-27 15:50:00', 82.85, 82.86, 82.85, 82.86, 1206]
['2019-03-27 15:49:00', 82.84, 82.86, 82.84, 82.86, 1137]
['2019-03-27 15:48:00', 82.84, 82.84, 82.84, 82.84, 200]
['2019-03-27 15:47:00', 82.88, 82.8398, 82.8398, 82.88, 1077]
['2019-03-27 15:46:00', 82.85, 82.86, 82.85, 82.86, 928]
['2019-03-27 15:45:00', 82.83, 82.84, 82.82, 82.84, 1447]
['2019-03-27 15:44:00', 82.83, 82.83, 82.83, 82.83, 895]
['2019-03-27 15:42:00', 82.83, 82.82, 82.82, 82.83, 998]
['2019-03-27 15:41:00', 82.8, 82.81, 82.8, 82.83, 1043]
['2019-03-27 15:40:00', 82.79, 82.79, 82.79, 82.79, 154]
['2019-03-27 15:38:00', 82.85, 82.86, 82.85, 82.89, 624]
['2019-03-27 15:37:00', 82.84, 82.83, 82.83, 82.84, 363]
['2019-03-27 15:36:00', 82.825, 82.85, 82.825, 82.86, 1546]
['2019-03-27 15:35:00', 82.81, 82.81, 82.81, 82.81, 100]
['2019-03-27 15:33:00', 82.82, 82.81, 82.81, 82.82, 308]
['2019-03-27 15:32:00', 82.82, 82.88, 82.82, 82.88, 571]
['2019-03-27 15:31:00', 82.77, 82.81, 82.77, 82.81, 267]
['2019-03-27 15:30:00', 82.76, 82.76, 82.76, 82.76, 620]
['2019-03-27 15:28:00', 82.75, 82.75, 82.75, 82.75, 100]
['2019-03-27 15:26:00', 82.73, 82.71, 82.71, 82.73, 808]
['2019-03-27 15:25:00', 82.7254, 82.7254, 82.7254, 82.7254, 100]
['2019-03-27 15:23:00', 82.7, 82.74, 82.7, 82.76, 958]
['2019-03-27 15:22:00', 82.7, 82.7, 82.7, 82.7, 206]
['2019-03-27 15:21:00', 82.7, 82.65, 82.65, 82.7, 636]
['2019-03-27 15:20:00', 82.695, 82.71, 82.69, 82.71, 780]
['2019-03-27 15:16:00', 82.66, 82.68, 82.66, 82.68, 365]
['2019-03-27 15:14:00', 82.63, 82.63, 82.63, 82.63, 210]
['2019-03-27 15:13:00', 82.66, 82.66, 82.66, 82.66, 100]
['2019-03-27 15:12:00', 82.67, 82.67, 82.67, 82.67, 306]
['2019-03-27 15:11:00', 82.58, 82.58, 82.58, 82.58, 217]
['2019-03-27 15:09:00', 82.58, 82.58, 82.58, 82.58, 375]
['2019-03-27 15:07:00', 82.65, 82.65, 82.65, 82.65, 420]
['2019-03-27 15:05:00', 82.63, 82.64, 82.62, 82.64, 807]
['2019-03-27 15:04:00', 82.67, 82.66, 82.66, 82.67, 326]
['2019-03-27 14:58:00', 82.73, 82.73, 82.73, 82.73, 466]
['2019-03-27 14:56:00', 82.76, 82.76, 82.76, 82.76, 339]
['2019-03-27 14:55:00', 82.72, 82.72, 82.72, 82.72, 235]
['2019-03-27 14:53:00', 82.79, 82.79, 82.79, 82.79, 128]
['2019-03-27 14:52:00', 82.78, 82.78, 82.78, 82.78, 214]
['2019-03-27 14:51:00', 82.74, 82.74, 82.74, 82.74, 812]
['2019-03-27 14:50:00', 82.74, 82.74, 82.74, 82.74, 106]
['2019-03-27 14:48:00', 82.74, 82.74, 82.74, 82.74, 612]
['2019-03-27 14:46:00', 82.78, 82.745, 82.745, 82.78, 903]
['2019-03-27 14:45:00', 82.78, 82.78, 82.78, 82.78, 100]
['2019-03-27 14:41:00', 82.73, 82.73, 82.73, 82.73, 432]
['2019-03-27 14:38:00', 82.69, 82.69, 82.69, 82.69, 145]
['2019-03-27 14:35:00', 82.86, 82.81, 82.81, 82.86, 660]
['2019-03-27 14:34:00', 82.86, 82.86, 82.86, 82.86, 212]
['2019-03-27 14:31:00', 82.87, 82.86, 82.86, 82.87, 245]
['2019-03-27 14:30:00', 82.85, 82.85, 82.85, 82.85, 107]
['2019-03-27 14:29:00', 82.825, 82.825, 82.825, 82.825, 415]
['2019-03-27 14:28:00', 82.85, 82.8, 82.8, 82.85, 608]
['2019-03-27 14:27:00', 82.76, 82.86, 82.76, 82.86, 735]
['2019-03-27 14:25:00', 82.76, 82.8, 82.76, 82.8, 212]
['2019-03-27 14:24:00', 82.75, 82.79, 82.75, 82.79, 310]
['2019-03-27 14:19:00', 82.83, 82.83, 82.83, 82.83, 336]
['2019-03-27 14:18:00', 82.83, 82.83, 82.83, 82.83, 198]
['2019-03-27 14:14:00', 82.84, 82.84, 82.84, 82.84, 123]
['2019-03-27 14:13:00', 82.82, 82.83, 82.82, 82.83, 558]
['2019-03-27 14:12:00', 82.83, 82.83, 82.83, 82.83, 402]
['2019-03-27 14:11:00', 82.78, 82.78, 82.78, 82.78, 204]
['2019-03-27 14:10:00', 82.71, 82.71, 82.71, 82.71, 102]
['2019-03-27 14:08:00', 82.72, 82.72, 82.72, 82.72, 369]
['2019-03-27 14:06:00', 82.7, 82.7, 82.7, 82.7, 934]
['2019-03-27 14:04:00', 82.71, 82.71, 82.71, 82.71, 263]
['2019-03-27 14:03:00', 82.67, 82.67, 82.67, 82.67, 100]
['2019-03-27 14:01:00', 82.7, 82.7, 82.7, 82.7, 266]
['2019-03-27 13:57:00', 82.73, 82.715, 82.715, 82.73, 1052]
['2019-03-27 13:55:00', 82.73, 82.73, 82.73, 82.73, 117]
['2019-03-27 13:54:00', 82.736, 82.736, 82.736, 82.736, 139]
['2019-03-27 13:53:00', 82.71, 82.71, 82.71, 82.71, 207]
['2019-03-27 13:50:00', 82.66, 82.66, 82.66, 82.66, 423]
['2019-03-27 13:49:00', 82.66, 82.635, 82.635, 82.66, 257]
['2019-03-27 13:48:00', 82.65, 82.65, 82.65, 82.65, 138]
['2019-03-27 13:46:00', 82.66, 82.66, 82.66, 82.6858, 803]
['2019-03-27 13:45:00', 82.68, 82.68, 82.68, 82.68, 311]
['2019-03-27 13:43:00', 82.71, 82.71, 82.71, 82.71, 200]
['2019-03-27 13:41:00', 82.68, 82.68, 82.68, 82.68, 212]
['2019-03-27 13:40:00', 82.655, 82.655, 82.655, 82.655, 184]
['2019-03-27 13:35:00', 82.64, 82.64, 82.64, 82.64, 261]
['2019-03-27 13:33:00', 82.77, 82.77, 82.77, 82.77, 351]
['2019-03-27 13:30:00', 82.82, 82.81, 82.81, 82.86, 1783]
['2019-03-27 13:29:00', 82.79, 82.79, 82.79, 82.79, 445]
['2019-03-27 13:27:00', 82.86, 82.86, 82.86, 82.86, 173]
['2019-03-27 13:26:00', 82.89, 82.87, 82.87, 82.89, 305]
['2019-03-27 13:25:00', 82.9, 82.9, 82.9, 82.9, 325]
['2019-03-27 13:23:00', 82.905, 82.89, 82.86, 82.905, 334]
['2019-03-27 13:22:00', 82.88, 82.88, 82.855, 82.88, 502]
['2019-03-27 13:20:00', 82.81, 82.83, 82.81, 82.83, 650]
['2019-03-27 13:19:00', 82.8, 82.8, 82.8, 82.8, 104]
['2019-03-27 13:18:00', 82.87, 82.82, 82.81, 82.87, 935]
['2019-03-27 13:17:00', 82.83, 82.88, 82.83, 82.88, 202]
['2019-03-27 13:15:00', 82.76, 82.81, 82.76, 82.81, 327]
['2019-03-27 13:14:00', 82.66, 82.7, 82.66, 82.7, 626]
['2019-03-27 13:13:00', 82.66, 82.66, 82.66, 82.66, 100]
['2019-03-27 13:07:00', 82.8, 82.79, 82.79, 82.8, 712]
['2019-03-27 13:00:00', 82.85, 82.85, 82.85, 82.85, 371]
['2019-03-27 12:57:00', 82.83, 82.83, 82.83, 82.83, 243]
['2019-03-27 12:55:00', 82.805, 82.85, 82.805, 82.85, 606]
['2019-03-27 12:54:00', 82.845, 82.845, 82.845, 82.845, 100]
['2019-03-27 12:53:00', 82.73, 82.85, 82.73, 82.85, 558]
['2019-03-27 12:51:00', 82.69, 82.69, 82.69, 82.69, 313]
['2019-03-27 12:48:00', 82.68, 82.68, 82.68, 82.68, 265]
['2019-03-27 12:47:00', 82.765, 82.765, 82.765, 82.765, 100]
['2019-03-27 12:46:00', 82.72, 82.72, 82.72, 82.72, 105]
['2019-03-27 12:45:00', 82.68, 82.69, 82.68, 82.69, 312]
['2019-03-27 12:43:00', 82.68, 82.68, 82.68, 82.68, 119]
['2019-03-27 12:40:00', 82.67, 82.68, 82.67, 82.68, 238]
['2019-03-27 12:39:00', 82.63, 82.64, 82.63, 82.64, 338]
['2019-03-27 12:38:00', 82.64, 82.64, 82.64, 82.64, 100]
['2019-03-27 12:36:00', 82.65, 82.65, 82.65, 82.65, 316]
['2019-03-27 12:34:00', 82.69, 82.69, 82.69, 82.69, 133]
['2019-03-27 12:32:00', 82.66, 82.67, 82.63, 82.67, 607]
['2019-03-27 12:31:00', 82.67, 82.67, 82.67, 82.67, 217]
['2019-03-27 12:30:00', 82.62, 82.62, 82.62, 82.62, 463]
['2019-03-27 12:28:00', 82.665, 82.665, 82.665, 82.665, 115]
['2019-03-27 12:23:00', 82.64, 82.65, 82.56, 82.66, 1890]
['2019-03-27 12:21:00', 82.55, 82.66, 82.55, 82.66, 926]
['2019-03-27 12:17:00', 82.49, 82.49, 82.49, 82.49, 225]
['2019-03-27 12:16:00', 82.39, 82.39, 82.39, 82.39, 626]
['2019-03-27 12:14:00', 82.42, 82.42, 82.42, 82.42, 211]
['2019-03-27 12:13:00', 82.45, 82.45, 82.45, 82.45, 256]
['2019-03-27 12:12:00', 82.41, 82.41, 82.41, 82.41, 223]
['2019-03-27 12:07:00', 82.37, 82.37, 82.37, 82.37, 330]
['2019-03-27 12:05:00', 82.29, 82.38, 82.29, 82.38, 52093]
['2019-03-27 12:01:00', 82.32, 82.32, 82.32, 82.32, 0]
['2019-03-27 11:58:00', 82.26, 82.26, 82.26, 82.26, 114]
['2019-03-27 11:57:00', 82.3, 82.34, 82.3, 82.34, 569]
['2019-03-27 11:56:00', 82.28, 82.28, 82.28, 82.28, 102]
['2019-03-27 11:51:00', 82.39, 82.46, 82.39, 82.46, 548]
['2019-03-27 11:50:00', 82.41, 82.42, 82.29, 82.42, 2012]
['2019-03-27 11:47:00', 82.45, 82.45, 82.45, 82.45, 110]
['2019-03-27 11:43:00', 82.46, 82.46, 82.46, 82.46, 394]
['2019-03-27 11:42:00', 82.29, 82.29, 82.29, 82.29, 272]
['2019-03-27 11:40:00', 82.28, 82.28, 82.28, 82.28, 116]
['2019-03-27 11:38:00', 82.27, 82.27, 82.27, 82.27, 109]
['2019-03-27 11:37:00', 82.24, 82.24, 82.24, 82.24, 213]
['2019-03-27 11:35:00', 82.2, 82.17, 82.14, 82.27, 4204]
['2019-03-27 11:34:00', 82.2663, 82.264, 82.25, 82.2663, 767]
['2019-03-27 11:33:00', 82.23, 82.23, 82.23, 82.23, 130]
['2019-03-27 11:32:00', 82.23, 82.23, 82.23, 82.23, 127]
['2019-03-27 11:31:00', 82.24, 82.24, 82.24, 82.24, 193]
['2019-03-27 11:22:00', 82.17, 82.16, 82.16, 82.17, 361]
['2019-03-27 11:18:00', 82.23, 82.23, 82.23, 82.23, 617]
['2019-03-27 11:17:00', 82.24, 82.24, 82.24, 82.24, 101]
['2019-03-27 11:16:00', 82.3, 82.3, 82.3, 82.3, 484]
['2019-03-27 11:15:00', 82.32, 82.32, 82.32, 82.32, 101]
['2019-03-27 11:14:00', 82.36, 82.32, 82.32, 82.4, 1700]
['2019-03-27 11:13:00', 82.4, 82.41, 82.4, 82.41, 403]
['2019-03-27 11:10:00', 82.31, 82.415, 82.31, 82.42, 1312]
['2019-03-27 11:09:00', 82.39, 82.39, 82.3, 82.39, 5606]
['2019-03-27 11:08:00', 82.43, 82.43, 82.43, 82.43, 110]
['2019-03-27 11:04:00', 82.405, 82.405, 82.405, 82.405, 120]
['2019-03-27 11:03:00', 82.43, 82.43, 82.43, 82.43, 309]
['2019-03-27 11:02:00', 82.33, 82.33, 82.33, 82.33, 200]
['2019-03-27 11:01:00', 82.295, 82.33, 82.295, 82.33, 544]
['2019-03-27 10:58:00', 82.23, 82.31, 82.23, 82.31, 203]
['2019-03-27 10:57:00', 82.22, 82.22, 82.22, 82.22, 104]
['2019-03-27 10:56:00', 82.28, 82.28, 82.28, 82.28, 100]
['2019-03-27 10:55:00', 82.21, 82.22, 82.21, 82.22, 502]
['2019-03-27 10:54:00', 82.18, 82.18, 82.18, 82.18, 403]
['2019-03-27 10:53:00', 82.22, 82.19, 82.18, 82.22, 1212]
['2019-03-27 10:52:00', 82.27, 82.29, 82.245, 82.29, 513]
['2019-03-27 10:50:00', 82.4, 82.4, 82.4, 82.4, 103]
['2019-03-27 10:48:00', 82.37, 82.39, 82.37, 82.39, 1112]
['2019-03-27 10:46:00', 82.44, 82.44, 82.44, 82.44, 205]
['2019-03-27 10:45:00', 82.485, 82.45, 82.45, 82.485, 403]
['2019-03-27 10:41:00', 82.59, 82.59, 82.59, 82.59, 859]
['2019-03-27 10:36:00', 82.55, 82.63, 82.55, 82.63, 563]
['2019-03-27 10:34:00', 82.53, 82.54, 82.53, 82.57, 492]
['2019-03-27 10:31:00', 82.44, 82.48, 82.44, 82.48, 686]
['2019-03-27 10:30:00', 82.44, 82.455, 82.44, 82.455, 503]
['2019-03-27 10:28:00', 82.45, 82.45, 82.45, 82.45, 102]
['2019-03-27 10:26:00', 82.5, 82.44, 82.44, 82.52, 425]
['2019-03-27 10:25:00', 82.38, 82.42, 82.36, 82.44, 1086]
['2019-03-27 10:24:00', 82.36, 82.36, 82.36, 82.36, 167]
['2019-03-27 10:23:00', 82.38, 82.38, 82.38, 82.38, 187]
['2019-03-27 10:22:00', 82.51, 82.46, 82.46, 82.51, 300]
['2019-03-27 10:21:00', 82.61, 82.575, 82.575, 82.61, 1103]
['2019-03-27 10:15:00', 82.71, 82.71, 82.71, 82.71, 358]
['2019-03-27 10:13:00', 82.67, 82.69, 82.67, 82.71, 642]
['2019-03-27 10:11:00', 82.63, 82.55, 82.55, 82.715, 416]
['2019-03-27 10:10:00', 82.67, 82.67, 82.67, 82.67, 200]
['2019-03-27 10:09:00', 82.75, 82.75, 82.75, 82.75, 364]
['2019-03-27 10:06:00', 82.77, 82.77, 82.77, 82.77, 986]
['2019-03-27 10:02:00', 82.745, 82.82, 82.745, 82.8209, 875]
['2019-03-27 10:01:00', 82.92, 82.83, 82.74, 82.95, 1193]
['2019-03-27 09:55:00', 82.91, 82.95, 82.9, 82.95, 302]
['2019-03-27 09:52:00', 82.915, 82.915, 82.915, 82.915, 105]
['2019-03-27 09:51:00', 83.04, 83.07, 82.895, 83.07, 2870]
['2019-03-27 09:49:00', 82.89, 82.96, 82.89, 82.96, 589]
['2019-03-27 09:47:00', 82.735, 82.715, 82.715, 82.735, 210]
['2019-03-27 09:46:00', 83.24, 82.74, 82.74, 83.25, 3238]
['2019-03-27 09:41:00', 82.985, 82.985, 82.985, 82.985, 501]
['2019-03-27 09:37:00', 82.99, 83.155, 82.99, 83.16, 2998]
['2019-03-27 09:31:00', 83.27, 83.27, 83.27, 83.27, 2305]
['2019-03-26 16:00:00', 83.39, 83.39, 83.39, 83.39, 3467]
['2019-03-26 15:59:00', 83.29, 83.33, 83.29, 83.33, 5254]
['2019-03-26 15:58:00', 83.24, 83.23, 83.23, 83.24, 3196]
['2019-03-26 15:57:00', 83.23, 83.23, 83.23, 83.23, 3474]
['2019-03-26 15:56:00', 83.24, 83.24, 83.24, 83.24, 1437]
['2019-03-26 15:55:00', 83.14, 83.14, 83.14, 83.14, 1136]
['2019-03-26 15:54:00', 83.17, 83.17, 83.17, 83.17, 2236]
['2019-03-26 15:53:00', 83.185, 83.185, 83.185, 83.185, 923]
['2019-03-26 15:52:00', 83.15, 83.15, 83.15, 83.15, 755]
['2019-03-26 15:51:00', 83.11, 83.11, 83.11, 83.11, 520]
['2019-03-26 15:50:00', 83.11, 83.11, 83.11, 83.11, 627]
['2019-03-26 15:48:00', 83.11, 83.11, 83.11, 83.11, 586]
['2019-03-26 15:46:00', 83.12, 83.04, 83.04, 83.12, 1674]
['2019-03-26 15:45:00', 83.08, 83.08, 83.08, 83.08, 877]
['2019-03-26 15:44:00', 83.11, 83.11, 83.11, 83.11, 296]
['2019-03-26 15:43:00', 83.07, 83.07, 83.07, 83.07, 210]
['2019-03-26 15:42:00', 83.07, 83.07, 83.07, 83.07, 916]
['2019-03-26 15:40:00', 83.07, 83.07, 83.07, 83.07, 119]
['2019-03-26 15:39:00', 83.07, 83.055, 83.055, 83.07, 1277]
['2019-03-26 15:36:00', 83.0, 83.0, 83.0, 83.0, 308]
['2019-03-26 15:35:00', 83.01, 83.01, 83.01, 83.01, 259]
['2019-03-26 15:34:00', 83.06, 83.04, 83.04, 83.06, 1864]
['2019-03-26 15:33:00', 83.1, 83.1, 83.1, 83.1, 170]
['2019-03-26 15:31:00', 83.09, 83.09, 83.09, 83.09, 698]
['2019-03-26 15:30:00', 83.08, 83.08, 83.08, 83.08, 244]
['2019-03-26 15:28:00', 83.08, 83.08, 83.08, 83.08, 429]
['2019-03-26 15:26:00', 83.08, 83.08, 83.08, 83.08, 325]
['2019-03-26 15:25:00', 83.09, 83.09, 83.09, 83.09, 414]
['2019-03-26 15:24:00', 83.12, 83.12, 83.12, 83.12, 486]
['2019-03-26 15:22:00', 83.08, 83.1, 83.08, 83.1, 983]
['2019-03-26 15:21:00', 83.13, 83.13, 83.13, 83.13, 418]
['2019-03-26 15:20:00', 83.12, 83.12, 83.12, 83.12, 569]
['2019-03-26 15:19:00', 83.16, 83.16, 83.16, 83.16, 751]
['2019-03-26 15:17:00', 83.085, 83.07, 83.07, 83.085, 759]
['2019-03-26 15:16:00', 83.095, 83.095, 83.095, 83.095, 113]
['2019-03-26 15:12:00', 83.06, 83.06, 83.06, 83.06, 422]
['2019-03-26 15:11:00', 83.1, 83.1, 83.1, 83.1, 525]
['2019-03-26 15:10:00', 83.12, 83.12, 83.12, 83.12, 334]
['2019-03-26 15:09:00', 83.15, 83.15, 83.15, 83.15, 190]
['2019-03-26 15:08:00', 83.13, 83.13, 83.13, 83.13, 474]
['2019-03-26 15:06:00', 83.17, 83.13, 83.13, 83.17, 969]
['2019-03-26 15:03:00', 83.21, 83.21, 83.21, 83.21, 325]
['2019-03-26 15:02:00', 83.15, 83.15, 83.15, 83.15, 950]
['2019-03-26 15:01:00', 83.075, 83.075, 83.075, 83.075, 601]
['2019-03-26 14:58:00', 83.04, 83.04, 83.04, 83.04, 532]
['2019-03-26 14:57:00', 82.955, 82.955, 82.955, 82.955, 413]
['2019-03-26 14:56:00', 82.97, 82.97, 82.97, 82.97, 609]
['2019-03-26 14:55:00', 82.99, 82.99, 82.99, 82.99, 739]
['2019-03-26 14:52:00', 83.03, 83.0175, 83.0175, 83.03, 1756]
['2019-03-26 14:51:00', 83.05, 83.05, 83.05, 83.05, 340]
['2019-03-26 14:49:00', 83.09, 83.09, 83.09, 83.09, 408]
['2019-03-26 14:47:00', 83.0675, 83.0675, 83.0675, 83.0675, 400]
['2019-03-26 14:45:00', 83.1, 83.1, 83.1, 83.1, 208]
['2019-03-26 14:44:00', 83.06, 83.06, 83.06, 83.06, 658]
['2019-03-26 14:43:00', 83.11, 83.06, 83.06, 83.11, 772]
['2019-03-26 14:42:00', 83.05, 83.05, 83.05, 83.07, 2153]
['2019-03-26 14:40:00', 83.1, 83.04, 83.04, 83.1, 2715]
['2019-03-26 14:38:00', 83.1, 83.1, 83.1, 83.1, 252]
['2019-03-26 14:37:00', 83.15, 83.15, 83.15, 83.15, 5911]
['2019-03-26 14:36:00', 83.1, 83.1, 83.1, 83.1, 5315]
['2019-03-26 14:34:00', 83.11, 83.11, 83.11, 83.11, 855]
['2019-03-26 14:33:00', 83.11, 83.11, 83.11, 83.11, 600]
['2019-03-26 14:31:00', 83.11, 83.11, 83.11, 83.11, 308]
['2019-03-26 14:30:00', 83.09, 83.09, 83.09, 83.09, 709]
['2019-03-26 14:29:00', 83.13, 83.13, 83.13, 83.13, 1066]
['2019-03-26 14:23:00', 83.01, 83.0, 83.0, 83.01, 1047]
['2019-03-26 14:22:00', 83.04, 83.04, 83.04, 83.04, 359]
['2019-03-26 14:20:00', 83.07, 83.02, 83.02, 83.07, 2679]
['2019-03-26 14:19:00', 83.14, 83.12, 83.12, 83.14, 3931]
['2019-03-26 14:16:00', 83.15, 83.16, 83.15, 83.16, 1298]
['2019-03-26 14:11:00', 83.13, 83.13, 83.13, 83.13, 804]
['2019-03-26 14:10:00', 83.175, 83.175, 83.175, 83.175, 591]
['2019-03-26 14:09:00', 83.24, 83.22, 83.22, 83.24, 651]
['2019-03-26 14:08:00', 83.24, 83.24, 83.24, 83.24, 317]
['2019-03-26 14:05:00', 83.2, 83.2, 83.2, 83.2, 602]
['2019-03-26 14:01:00', 83.195, 83.195, 83.195, 83.195, 883]
['2019-03-26 14:00:00', 83.13, 83.13, 83.13, 83.13, 399]
['2019-03-26 13:58:00', 83.11, 83.11, 83.11, 83.11, 325]
['2019-03-26 13:52:00', 83.12, 83.12, 83.12, 83.12, 622]
['2019-03-26 13:51:00', 83.13, 83.13, 83.13, 83.13, 100]
['2019-03-26 13:47:00', 83.16, 83.16, 83.16, 83.16, 683]
['2019-03-26 13:46:00', 83.12, 83.12, 83.12, 83.12, 467]
['2019-03-26 13:45:00', 83.17, 83.17, 83.17, 83.17, 322]
['2019-03-26 13:41:00', 83.1975, 83.1975, 83.1975, 83.1975, 629]
['2019-03-26 13:40:00', 83.17, 83.17, 83.17, 83.17, 502]
['2019-03-26 13:39:00', 83.2, 83.2, 83.2, 83.2, 428]
['2019-03-26 13:37:00', 83.24, 83.24, 83.24, 83.24, 449]
['2019-03-26 13:36:00', 83.24, 83.24, 83.24, 83.24, 515]
['2019-03-26 13:35:00', 83.22, 83.22, 83.22, 83.22, 400]
['2019-03-26 13:34:00', 83.225, 83.225, 83.225, 83.225, 384]
['2019-03-26 13:33:00', 83.22, 83.22, 83.22, 83.22, 100]
['2019-03-26 13:30:00', 83.225, 83.22, 83.22, 83.225, 740]
['2019-03-26 13:28:00', 83.25, 83.25, 83.25, 83.25, 668]
['2019-03-26 13:27:00', 83.25, 83.23, 83.23, 83.25, 752]
['2019-03-26 13:25:00', 83.21, 83.21, 83.21, 83.21, 318]
['2019-03-26 13:24:00', 83.2, 83.2, 83.2, 83.2, 100]
['2019-03-26 13:23:00', 83.185, 83.185, 83.185, 83.185, 100]
['2019-03-26 13:21:00', 83.17, 83.17, 83.17, 83.17, 840]
['2019-03-26 13:19:00', 83.21, 83.21, 83.21, 83.21, 424]
['2019-03-26 13:18:00', 83.17, 83.17, 83.17, 83.17, 400]
['2019-03-26 13:17:00', 83.17, 83.17, 83.17, 83.17, 306]
['2019-03-26 13:16:00', 83.175, 83.175, 83.175, 83.175, 700]
['2019-03-26 13:14:00', 83.15, 83.15, 83.15, 83.15, 170]
['2019-03-26 13:13:00', 83.2, 83.2, 83.2, 83.2, 600]
['2019-03-26 13:10:00', 83.15, 83.15, 83.15, 83.15, 457]
['2019-03-26 13:08:00', 83.175, 83.175, 83.175, 83.175, 315]
['2019-03-26 13:07:00', 83.15, 83.15, 83.15, 83.15, 260]
['2019-03-26 13:06:00', 83.14, 83.14, 83.14, 83.14, 705]
['2019-03-26 13:05:00', 83.19, 83.19, 83.19, 83.19, 100]
['2019-03-26 13:04:00', 83.14, 83.14, 83.14, 83.14, 524]
['2019-03-26 13:03:00', 83.1, 83.1, 83.1, 83.1, 125]
['2019-03-26 13:02:00', 83.03, 83.03, 83.03, 83.03, 840]
['2019-03-26 13:01:00', 83.03, 83.03, 83.03, 83.03, 180]
['2019-03-26 13:00:00', 82.97, 82.97, 82.97, 82.97, 643]
['2019-03-26 12:59:00', 83.03, 83.0, 83.0, 83.03, 1313]
['2019-03-26 12:57:00', 83.02, 83.02, 83.02, 83.02, 300]
['2019-03-26 12:56:00', 83.1, 83.1, 83.1, 83.1, 401]
['2019-03-26 12:55:00', 83.105, 83.105, 83.105, 83.105, 500]
['2019-03-26 12:54:00', 83.16, 83.16, 83.16, 83.16, 300]
['2019-03-26 12:53:00', 83.105, 83.105, 83.105, 83.105, 829]
['2019-03-26 12:52:00', 83.08, 83.08, 83.08, 83.08, 600]
['2019-03-26 12:51:00', 83.08, 83.08, 83.08, 83.08, 800]
['2019-03-26 12:50:00', 83.07, 83.07, 83.07, 83.07, 921]
['2019-03-26 12:49:00', 83.05, 83.075, 83.05, 83.075, 1179]
['2019-03-26 12:46:00', 83.16, 83.17, 83.16, 83.17, 801]
['2019-03-26 12:44:00', 83.14, 83.14, 83.14, 83.14, 835]
['2019-03-26 12:42:00', 83.21, 83.21, 83.21, 83.21, 200]
['2019-03-26 12:41:00', 83.18, 83.18, 83.18, 83.18, 235]
['2019-03-26 12:40:00', 83.15, 83.15, 83.15, 83.15, 454]
['2019-03-26 12:38:00', 83.1, 83.14, 83.1, 83.14, 1146]
['2019-03-26 12:37:00', 83.13, 83.13, 83.13, 83.13, 900]
['2019-03-26 12:36:00', 83.08, 83.08, 83.08, 83.08, 930]
['2019-03-26 12:34:00', 83.06, 83.13, 83.06, 83.13, 555]
['2019-03-26 12:31:00', 83.09, 83.09, 83.09, 83.09, 200]
['2019-03-26 12:30:00', 83.08, 83.08, 83.08, 83.08, 301]
['2019-03-26 12:28:00', 83.03, 83.06, 83.03, 83.06, 843]
['2019-03-26 12:26:00', 83.1, 83.1, 83.1, 83.1, 805]
['2019-03-26 12:25:00', 83.07, 83.07, 83.07, 83.07, 302]
['2019-03-26 12:24:00', 83.1, 83.1, 83.1, 83.1, 543]
['2019-03-26 12:22:00', 83.13, 83.13, 83.13, 83.13, 112]
['2019-03-26 12:21:00', 83.16, 83.16, 83.16, 83.16, 256]
['2019-03-26 12:19:00', 83.21, 83.21, 83.21, 83.21, 306]
['2019-03-26 12:17:00', 83.23, 83.23, 83.23, 83.23, 694]
['2019-03-26 12:14:00', 83.2, 83.2, 83.2, 83.2, 308]
['2019-03-26 12:11:00', 83.21, 83.21, 83.21, 83.21, 172]
['2019-03-26 12:09:00', 83.21, 83.18, 83.18, 83.21, 1327]
['2019-03-26 12:07:00', 83.27, 83.28, 83.27, 83.28, 406]
['2019-03-26 12:02:00', 83.31, 83.31, 83.31, 83.31, 404]
['2019-03-26 12:00:00', 83.21, 83.21, 83.21, 83.21, 306]
['2019-03-26 11:59:00', 83.21, 83.21, 83.21, 83.21, 336]
['2019-03-26 11:58:00', 83.23, 83.23, 83.23, 83.23, 501]
['2019-03-26 11:56:00', 83.32, 83.32, 83.32, 83.32, 305]
['2019-03-26 11:53:00', 83.41, 83.41, 83.41, 83.41, 1148]
['2019-03-26 11:52:00', 83.44, 83.44, 83.44, 83.44, 302]
['2019-03-26 11:51:00', 83.475, 83.475, 83.475, 83.475, 140]
['2019-03-26 11:44:00', 83.53, 83.53, 83.53, 83.53, 739]
['2019-03-26 11:43:00', 83.48, 83.48, 83.48, 83.48, 400]
['2019-03-26 11:42:00', 83.46, 83.46, 83.46, 83.46, 570]
['2019-03-26 11:41:00', 83.46, 83.46, 83.46, 83.46, 700]
['2019-03-26 11:39:00', 83.55, 83.55, 83.55, 83.55, 718]
['2019-03-26 11:37:00', 83.55, 83.55, 83.55, 83.55, 501]
['2019-03-26 11:35:00', 83.56, 83.56, 83.56, 83.56, 226]
['2019-03-26 11:32:00', 83.5, 83.5, 83.5, 83.5, 108]
['2019-03-26 11:30:00', 83.47, 83.5, 83.47, 83.5, 310]
['2019-03-26 11:27:00', 83.44, 83.49, 83.44, 83.49, 1385]
['2019-03-26 11:25:00', 83.49, 83.49, 83.49, 83.49, 200]
['2019-03-26 11:21:00', 83.46, 83.46, 83.46, 83.46, 300]
['2019-03-26 11:20:00', 83.51, 83.47, 83.47, 83.51, 846]
['2019-03-26 11:18:00', 83.57, 83.57, 83.57, 83.57, 755]
['2019-03-26 11:17:00', 83.54, 83.54, 83.54, 83.54, 617]
['2019-03-26 11:12:00', 83.55, 83.55, 83.55, 83.55, 209]
['2019-03-26 11:10:00', 83.47, 83.47, 83.47, 83.47, 614]
['2019-03-26 11:06:00', 83.42, 83.42, 83.42, 83.42, 512]
['2019-03-26 11:04:00', 83.43, 83.5, 83.43, 83.5, 982]
['2019-03-26 11:03:00', 83.41, 83.41, 83.41, 83.41, 438]
['2019-03-26 11:01:00', 83.52, 83.52, 83.52, 83.52, 202]
['2019-03-26 10:59:00', 83.51, 83.57, 83.51, 83.57, 641]
['2019-03-26 10:58:00', 83.56, 83.56, 83.56, 83.56, 362]
['2019-03-26 10:56:00', 83.52, 83.52, 83.52, 83.52, 838]
['2019-03-26 10:55:00', 83.58, 83.57, 83.57, 83.59, 1982]
['2019-03-26 10:52:00', 83.48, 83.53, 83.48, 83.53, 1033]
['2019-03-26 10:51:00', 83.31, 83.31, 83.31, 83.31, 479]
['2019-03-26 10:49:00', 83.31, 83.31, 83.31, 83.31, 421]
['2019-03-26 10:47:00', 83.31, 83.31, 83.31, 83.31, 315]
['2019-03-26 10:45:00', 83.43, 83.43, 83.43, 83.43, 531]
['2019-03-26 10:44:00', 83.42, 83.42, 83.42, 83.42, 621]
['2019-03-26 10:42:00', 83.48, 83.48, 83.48, 83.48, 300]
['2019-03-26 10:37:00', 83.54, 83.54, 83.54, 83.54, 602]
['2019-03-26 10:36:00', 83.47, 83.47, 83.47, 83.47, 366]
['2019-03-26 10:35:00', 83.46, 83.46, 83.46, 83.46, 749]
['2019-03-26 10:34:00', 83.46, 83.46, 83.46, 83.46, 477]
['2019-03-26 10:33:00', 83.35, 83.35, 83.35, 83.35, 434]
['2019-03-26 10:32:00', 83.33, 83.33, 83.33, 83.33, 627]
['2019-03-26 10:31:00', 83.26, 83.26, 83.26, 83.26, 300]
['2019-03-26 10:29:00', 83.24, 83.24, 83.24, 83.24, 121]
['2019-03-26 10:27:00', 83.235, 83.235, 83.235, 83.235, 1162]
['2019-03-26 10:23:00', 83.26, 83.26, 83.26, 83.26, 425]
['2019-03-26 10:22:00', 83.2, 83.2, 83.2, 83.2, 260]
['2019-03-26 10:20:00', 83.225, 83.225, 83.225, 83.225, 240]
['2019-03-26 10:19:00', 83.225, 83.225, 83.225, 83.225, 274]
['2019-03-26 10:16:00', 83.36, 83.36, 83.36, 83.36, 168]
['2019-03-26 10:14:00', 83.36, 83.4, 83.36, 83.4, 491]
['2019-03-26 10:11:00', 83.27, 83.27, 83.27, 83.27, 1616]
['2019-03-26 10:10:00', 83.31, 83.31, 83.31, 83.31, 200]
['2019-03-26 10:09:00', 83.29, 83.29, 83.29, 83.29, 100]
['2019-03-26 10:07:00', 83.26, 83.26, 83.26, 83.26, 307]
['2019-03-26 10:05:00', 83.2, 83.19, 83.19, 83.2, 1386]
['2019-03-26 09:59:00', 83.07, 83.07, 83.07, 83.07, 989]
['2019-03-26 09:57:00', 82.9, 82.9, 82.9, 82.9, 398]
['2019-03-26 09:55:00', 82.935, 82.935, 82.935, 82.935, 597]
['2019-03-26 09:54:00', 82.95, 82.95, 82.95, 82.95, 900]
['2019-03-26 09:53:00', 83.04, 83.04, 83.04, 83.04, 550]
['2019-03-26 09:50:00', 82.92, 82.93, 82.92, 82.93, 1353]
['2019-03-26 09:41:00', 82.755, 82.755, 82.755, 82.755, 300]
['2019-03-26 09:39:00', 82.575, 82.575, 82.575, 82.575, 696]
['2019-03-26 09:37:00', 82.32, 82.32, 82.32, 82.32, 205]
['2019-03-26 09:34:00', 82.37, 82.37, 82.37, 82.37, 2865]
['2019-03-25 16:00:00', 82.82, 82.66, 82.66, 82.82, 17915]
['2019-03-25 15:59:00', 82.83, 82.83, 82.83, 82.83, 3335]
['2019-03-25 15:58:00', 82.785, 82.785, 82.785, 82.785, 2232]
['2019-03-25 15:57:00', 82.79, 82.82, 82.78, 82.82, 5048]
['2019-03-25 15:56:00', 82.745, 82.745, 82.745, 82.745, 1562]
['2019-03-25 15:55:00', 82.78, 82.78, 82.78, 82.78, 959]
['2019-03-25 15:54:00', 82.76, 82.76, 82.76, 82.76, 503]
['2019-03-25 15:53:00', 82.74, 82.79, 82.74, 82.79, 1933]
['2019-03-25 15:52:00', 82.765, 82.765, 82.765, 82.765, 1715]
['2019-03-25 15:51:00', 82.76, 82.76, 82.76, 82.76, 809]
['2019-03-25 15:50:00', 82.73, 82.73, 82.73, 82.73, 881]
['2019-03-25 15:49:00', 82.72, 82.72, 82.72, 82.72, 661]
['2019-03-25 15:48:00', 82.76, 82.76, 82.76, 82.76, 1198]
['2019-03-25 15:47:00', 82.74, 82.78, 82.74, 82.78, 1705]
['2019-03-25 15:46:00', 82.75, 82.75, 82.75, 82.75, 2341]
['2019-03-25 15:45:00', 82.71, 82.71, 82.71, 82.71, 572]
['2019-03-25 15:44:00', 82.66, 82.66, 82.66, 82.66, 625]
['2019-03-25 15:43:00', 82.62, 82.65, 82.62, 82.65, 998]
['2019-03-25 15:41:00', 82.665, 82.68, 82.665, 82.68, 787]
['2019-03-25 15:40:00', 82.64, 82.64, 82.64, 82.64, 221]
['2019-03-25 15:39:00', 82.64, 82.64, 82.64, 82.64, 322]
['2019-03-25 15:38:00', 82.65, 82.65, 82.65, 82.65, 127]
['2019-03-25 15:37:00', 82.64, 82.63, 82.63, 82.64, 765]
['2019-03-25 15:35:00', 82.68, 82.65, 82.65, 82.68, 872]
['2019-03-25 15:34:00', 82.73, 82.73, 82.73, 82.73, 417]
['2019-03-25 15:33:00', 82.77, 82.77, 82.77, 82.77, 540]
['2019-03-25 15:32:00', 82.71, 82.71, 82.71, 82.71, 112]
['2019-03-25 15:31:00', 82.8, 82.72, 82.72, 82.8, 681]
['2019-03-25 15:30:00', 82.85, 82.85, 82.85, 82.85, 405]
['2019-03-25 15:28:00', 82.91, 82.88, 82.88, 82.91, 942]
['2019-03-25 15:27:00', 82.99, 82.99, 82.99, 82.99, 276]
['2019-03-25 15:26:00', 82.915, 82.94, 82.915, 82.94, 1068]
['2019-03-25 15:25:00', 83.015, 83.015, 83.015, 83.015, 651]
['2019-03-25 15:23:00', 82.9274, 82.9274, 82.9274, 82.9274, 516]
['2019-03-25 15:22:00', 82.89, 82.89, 82.89, 82.89, 828]
['2019-03-25 15:21:00', 82.87, 82.87, 82.87, 82.87, 318]
['2019-03-25 15:19:00', 82.91, 82.91, 82.91, 82.91, 109]
['2019-03-25 15:18:00', 82.93, 82.9, 82.9, 82.93, 436]
['2019-03-25 15:16:00', 82.92, 82.93, 82.92, 82.93, 678]
['2019-03-25 15:14:00', 82.94, 82.94, 82.94, 82.94, 582]
['2019-03-25 15:13:00', 82.92, 82.92, 82.92, 82.92, 325]
['2019-03-25 15:11:00', 82.89, 82.91, 82.89, 82.91, 734]
['2019-03-25 15:08:00', 82.87, 82.87, 82.87, 82.87, 1055]
['2019-03-25 15:07:00', 82.86, 82.86, 82.86, 82.86, 783]
['2019-03-25 15:05:00', 82.85, 82.84, 82.8, 82.85, 1936]
['2019-03-25 15:04:00', 82.86, 82.86, 82.86, 82.86, 219]
['2019-03-25 15:01:00', 82.94, 82.94, 82.94, 82.94, 470]
['2019-03-25 15:00:00', 82.86, 82.88, 82.86, 82.88, 761]
['2019-03-25 14:57:00', 82.885, 82.885, 82.885, 82.885, 412]
['2019-03-25 14:56:00', 82.895, 82.895, 82.895, 82.895, 215]
['2019-03-25 14:54:00', 82.89, 82.89, 82.89, 82.89, 455]
['2019-03-25 14:53:00', 82.9, 82.9, 82.9, 82.9, 515]
['2019-03-25 14:51:00', 82.86, 82.83, 82.83, 82.86, 841]
['2019-03-25 14:49:00', 82.81, 82.81, 82.81, 82.81, 134]
['2019-03-25 14:48:00', 82.82, 82.82, 82.82, 82.82, 137]
['2019-03-25 14:47:00', 82.82, 82.82, 82.82, 82.82, 310]
['2019-03-25 14:44:00', 82.81, 82.8, 82.8, 82.81, 540]
['2019-03-25 14:43:00', 82.8, 82.8, 82.8, 82.8, 236]
['2019-03-25 14:42:00', 82.75, 82.79, 82.75, 82.79, 1086]
['2019-03-25 14:41:00', 82.73, 82.73, 82.73, 82.73, 143]
['2019-03-25 14:40:00', 82.685, 82.685, 82.685, 82.685, 250]
['2019-03-25 14:39:00', 82.66, 82.66, 82.66, 82.66, 117]
['2019-03-25 14:37:00', 82.645, 82.645, 82.645, 82.645, 273]
['2019-03-25 14:36:00', 82.67, 82.67, 82.67, 82.67, 335]
['2019-03-25 14:33:00', 82.68, 82.68, 82.68, 82.68, 346]
['2019-03-25 14:32:00', 82.645, 82.645, 82.645, 82.645, 210]
['2019-03-25 14:28:00', 82.61, 82.61, 82.61, 82.61, 484]
['2019-03-25 14:26:00', 82.56, 82.56, 82.56, 82.56, 897]
['2019-03-25 14:24:00', 82.6, 82.55, 82.55, 82.6, 726]
['2019-03-25 14:23:00', 82.64, 82.62, 82.62, 82.64, 945]
['2019-03-25 14:21:00', 82.63, 82.63, 82.63, 82.63, 168]
['2019-03-25 14:20:00', 82.665, 82.665, 82.665, 82.665, 217]
['2019-03-25 14:18:00', 82.68, 82.68, 82.68, 82.68, 121]
['2019-03-25 14:16:00', 82.72, 82.72, 82.72, 82.72, 412]
['2019-03-25 14:14:00', 82.67, 82.67, 82.67, 82.67, 221]
['2019-03-25 14:12:00', 82.68, 82.68, 82.68, 82.68, 1589]
['2019-03-25 14:11:00', 82.69, 82.69, 82.69, 82.69, 481]
['2019-03-25 14:10:00', 82.6061, 82.6061, 82.6061, 82.6061, 206]
['2019-03-25 14:07:00', 82.63, 82.63, 82.63, 82.63, 364]
['2019-03-25 14:06:00', 82.66, 82.66, 82.66, 82.66, 862]
['2019-03-25 14:05:00', 82.72, 82.72, 82.72, 82.72, 224]
['2019-03-25 14:03:00', 82.6792, 82.6792, 82.6792, 82.6792, 152]
['2019-03-25 14:02:00', 82.68, 82.68, 82.68, 82.68, 153]
['2019-03-25 14:01:00', 82.67, 82.67, 82.67, 82.67, 263]
['2019-03-25 13:54:00', 82.65, 82.65, 82.65, 82.65, 509]
['2019-03-25 13:53:00', 82.7, 82.7, 82.7, 82.7, 406]
['2019-03-25 13:51:00', 82.68, 82.68, 82.68, 82.68, 255]
['2019-03-25 13:48:00', 82.6797, 82.65, 82.65, 82.6797, 1074]
['2019-03-25 13:44:00', 82.74, 82.71, 82.71, 82.74, 947]
['2019-03-25 13:40:00', 82.86, 82.82, 82.82, 82.86, 454]
['2019-03-25 13:36:00', 82.84, 82.84, 82.84, 82.84, 102]
['2019-03-25 13:35:00', 82.86, 82.86, 82.86, 82.86, 1039]
['2019-03-25 13:34:00', 82.88, 82.88, 82.88, 82.88, 247]
['2019-03-25 13:31:00', 82.88, 82.88, 82.88, 82.88, 232]
['2019-03-25 13:29:00', 82.82, 82.82, 82.82, 82.82, 113]
['2019-03-25 13:27:00', 82.8, 82.8, 82.8, 82.8, 520]
['2019-03-25 13:26:00', 82.83, 82.83, 82.83, 82.83, 207]
['2019-03-25 13:23:00', 82.76, 82.78, 82.76, 82.78, 734]
['2019-03-25 13:22:00', 82.83, 82.83, 82.83, 82.83, 162]
['2019-03-25 13:21:00', 82.76, 82.76, 82.76, 82.76, 187]
['2019-03-25 13:14:00', 82.89, 82.89, 82.89, 82.89, 212]
['2019-03-25 13:13:00', 82.79, 82.79, 82.79, 82.79, 601]
['2019-03-25 13:11:00', 82.77, 82.77, 82.77, 82.77, 222]
['2019-03-25 13:06:00', 82.79, 82.8, 82.79, 82.8, 741]
['2019-03-25 13:05:00', 82.75, 82.75, 82.75, 82.75, 113]
['2019-03-25 13:04:00', 82.73, 82.73, 82.73, 82.73, 110]
['2019-03-25 13:01:00', 82.85, 82.85, 82.85, 82.85, 276]
['2019-03-25 13:00:00', 82.77, 82.77, 82.77, 82.77, 673]
['2019-03-25 12:59:00', 82.85, 82.85, 82.85, 82.85, 582]
['2019-03-25 12:58:00', 82.87, 82.87, 82.87, 82.87, 461]
['2019-03-25 12:51:00', 82.84, 82.84, 82.84, 82.84, 316]
['2019-03-25 12:50:00', 82.86, 82.86, 82.86, 82.86, 112]
['2019-03-25 12:48:00', 82.79, 82.8, 82.79, 82.8, 398]
['2019-03-25 12:47:00', 82.74, 82.74, 82.74, 82.74, 421]
['2019-03-25 12:44:00', 82.66, 82.66, 82.66, 82.66, 763]
['2019-03-25 12:40:00', 82.725, 82.725, 82.725, 82.725, 113]
['2019-03-25 12:39:00', 82.63, 82.63, 82.63, 82.63, 314]
['2019-03-25 12:36:00', 82.62, 82.62, 82.62, 82.62, 212]
['2019-03-25 12:31:00', 82.67, 82.67, 82.67, 82.67, 365]
['2019-03-25 12:30:00', 82.67, 82.67, 82.67, 82.67, 621]
['2019-03-25 12:23:00', 82.62, 82.62, 82.62, 82.62, 342]
['2019-03-25 12:16:00', 82.5713, 82.5713, 82.5713, 82.5713, 390]
['2019-03-25 12:13:00', 82.68, 82.68, 82.68, 82.68, 210]
['2019-03-25 12:11:00', 82.64, 82.64, 82.64, 82.64, 280]
['2019-03-25 12:09:00', 82.65, 82.65, 82.65, 82.65, 101]
['2019-03-25 12:06:00', 82.6075, 82.59, 82.59, 82.6075, 507]
['2019-03-25 12:04:00', 82.53, 82.6, 82.53, 82.6, 980]
['2019-03-25 12:01:00', 82.445, 82.445, 82.445, 82.445, 497]
['2019-03-25 11:58:00', 82.52, 82.52, 82.52, 82.52, 336]
['2019-03-25 11:54:00', 82.49, 82.49, 82.49, 82.49, 517]
['2019-03-25 11:51:00', 82.575, 82.575, 82.575, 82.575, 200]
['2019-03-25 11:46:00', 82.59, 82.59, 82.59, 82.59, 336]
['2019-03-25 11:41:00', 82.54, 82.54, 82.54, 82.54, 408]
['2019-03-25 11:39:00', 82.59, 82.59, 82.59, 82.59, 426]
['2019-03-25 11:36:00', 82.65, 82.65, 82.65, 82.65, 156]
['2019-03-25 11:34:00', 82.6, 82.6, 82.6, 82.6, 123]
['2019-03-25 11:33:00', 82.61, 82.61, 82.61, 82.61, 224]
['2019-03-25 11:32:00', 82.64, 82.64, 82.64, 82.64, 739]
['2019-03-25 11:31:00', 82.52, 82.52, 82.52, 82.52, 1146]
['2019-03-25 11:30:00', 82.54, 82.54, 82.54, 82.54, 598]
['2019-03-25 11:28:00', 82.5, 82.5, 82.5, 82.5, 262]
['2019-03-25 11:27:00', 82.53, 82.53, 82.53, 82.53, 226]
['2019-03-25 11:26:00', 82.42, 82.42, 82.42, 82.42, 463]
['2019-03-25 11:25:00', 82.51, 82.51, 82.51, 82.51, 140]
['2019-03-25 11:24:00', 82.45, 82.45, 82.45, 82.45, 137]
['2019-03-25 11:22:00', 82.58, 82.58, 82.58, 82.58, 305]
['2019-03-25 11:21:00', 82.54, 82.54, 82.54, 82.54, 437]
['2019-03-25 11:20:00', 82.5, 82.52, 82.5, 82.52, 557]
['2019-03-25 11:18:00', 82.51, 82.51, 82.51, 82.51, 121]
['2019-03-25 11:17:00', 82.47, 82.47, 82.47, 82.47, 327]
['2019-03-25 11:16:00', 82.45, 82.48, 82.45, 82.48, 1260]
['2019-03-25 11:13:00', 82.36, 82.36, 82.36, 82.36, 246]
['2019-03-25 11:11:00', 82.36, 82.37, 82.36, 82.37, 742]
['2019-03-25 11:08:00', 82.4, 82.4, 82.4, 82.4, 122]
['2019-03-25 11:04:00', 82.26, 82.26, 82.26, 82.26, 258]
['2019-03-25 11:01:00', 82.28, 82.27, 82.27, 82.28, 1151]
['2019-03-25 10:57:00', 82.36, 82.36, 82.36, 82.36, 380]
['2019-03-25 10:55:00', 82.43, 82.43, 82.43, 82.43, 739]
['2019-03-25 10:52:00', 82.41, 82.41, 82.41, 82.41, 768]
['2019-03-25 10:49:00', 82.4091, 82.4091, 82.4091, 82.4091, 1368]
['2019-03-25 10:42:00', 82.47, 82.47, 82.47, 82.47, 565]
['2019-03-25 10:40:00', 82.46, 82.46, 82.46, 82.46, 782]
['2019-03-25 10:36:00', 82.49, 82.5, 82.49, 82.5, 1004]
['2019-03-25 10:32:00', 82.39, 82.39, 82.39, 82.39, 154]
['2019-03-25 10:29:00', 82.4, 82.4, 82.4, 82.4, 1128]
['2019-03-25 10:26:00', 82.33, 82.33, 82.33, 82.33, 100]
['2019-03-25 10:24:00', 82.3, 82.3, 82.3, 82.3, 307]
['2019-03-25 10:21:00', 82.37, 82.37, 82.37, 82.37, 1050]
['2019-03-25 10:16:00', 82.4, 82.4, 82.4, 82.4, 177]
['2019-03-25 10:12:00', 82.435, 82.435, 82.435, 82.435, 831]
['2019-03-25 10:11:00', 82.4291, 82.4291, 82.4291, 82.4291, 622]
['2019-03-25 10:10:00', 82.43, 82.43, 82.43, 82.43, 100]
['2019-03-25 10:04:00', 82.34, 82.34, 82.34, 82.34, 634]
['2019-03-25 10:03:00', 82.34, 82.34, 82.34, 82.34, 1358]
['2019-03-25 09:57:00', 82.43, 82.43, 82.43, 82.43, 440]
['2019-03-25 09:55:00', 82.46, 82.37, 82.37, 82.46, 467]
['2019-03-25 09:50:00', 82.15, 82.15, 82.15, 82.15, 885]
['2019-03-25 09:46:00', 81.86, 81.86, 81.86, 81.86, 875]
['2019-03-25 09:45:00', 82.14, 82.14, 82.14, 82.14, 112]
['2019-03-25 09:40:00', 82.02, 82.02, 82.02, 82.02, 851]
['2019-03-25 09:37:00', 81.82, 81.82, 81.82, 81.82, 0]
