ADOM
['2019-03-29 15:50:00', 0.3945, 0.3945, 0.3945, 0.3945, 10058]
['2019-03-29 15:44:00', 0.3877, 0.3855, 0.3855, 0.3877, 506]
['2019-03-29 15:43:00', 0.3944, 0.3944, 0.3944, 0.3944, 302]
['2019-03-29 15:42:00', 0.395, 0.395, 0.395, 0.395, 185]
['2019-03-29 15:36:00', 0.387, 0.387, 0.387, 0.387, 150]
['2019-03-29 15:28:00', 0.387, 0.387, 0.387, 0.387, 3000]
['2019-03-29 15:23:00', 0.39, 0.387, 0.387, 0.39, 10001]
['2019-03-29 15:20:00', 0.397, 0.397, 0.397, 0.397, 101]
['2019-03-29 15:14:00', 0.397, 0.397, 0.397, 0.397, 221]
['2019-03-29 15:08:00', 0.397, 0.397, 0.397, 0.397, 1500]
['2019-03-29 15:07:00', 0.3935, 0.3901, 0.39, 0.3935, 6100]
['2019-03-29 15:05:00', 0.3969, 0.3969, 0.3969, 0.3969, 125]
['2019-03-29 14:58:00', 0.3907, 0.3907, 0.3907, 0.3907, 2093]
['2019-03-29 14:56:00', 0.3964, 0.399, 0.3964, 0.399, 203]
['2019-03-29 14:50:00', 0.39, 0.399, 0.39, 0.399, 7223]
['2019-03-29 14:46:00', 0.39, 0.39, 0.39, 0.39, 116]
['2019-03-29 14:41:00', 0.39, 0.39, 0.39, 0.39, 149]
['2019-03-29 14:26:00', 0.39, 0.39, 0.39, 0.39, 253]
['2019-03-29 14:21:00', 0.3899, 0.3871, 0.3871, 0.3899, 2140]
['2019-03-29 14:20:00', 0.39, 0.39, 0.39, 0.39, 100]
['2019-03-29 14:16:00', 0.3871, 0.3871, 0.3871, 0.3871, 1000]
['2019-03-29 14:06:00', 0.3874, 0.3874, 0.3874, 0.3874, 101]
['2019-03-29 14:02:00', 0.39, 0.39, 0.39, 0.39, 3520]
['2019-03-29 13:57:00', 0.39, 0.39, 0.39, 0.39, 290]
['2019-03-29 13:42:00', 0.3871, 0.3871, 0.3871, 0.3871, 100]
['2019-03-29 13:32:00', 0.39, 0.39, 0.39, 0.39, 201]
['2019-03-29 13:23:00', 0.3873, 0.3873, 0.3873, 0.3873, 367]
['2019-03-29 13:22:00', 0.39, 0.39, 0.39, 0.39, 100]
['2019-03-29 13:09:00', 0.3875, 0.3875, 0.3875, 0.3875, 159]
['2019-03-29 12:53:00', 0.3895, 0.3895, 0.3895, 0.3895, 364]
['2019-03-29 12:52:00', 0.39, 0.39, 0.39, 0.39, 2000]
['2019-03-29 12:50:00', 0.39, 0.39, 0.39, 0.39, 100]
['2019-03-29 12:45:00', 0.39, 0.39, 0.39, 0.39, 212]
['2019-03-29 12:40:00', 0.39, 0.39, 0.39, 0.39, 100]
['2019-03-29 12:35:00', 0.3897, 0.39, 0.3897, 0.39, 2100]
['2019-03-29 12:29:00', 0.39, 0.39, 0.39, 0.39, 135]
['2019-03-29 12:28:00', 0.3873, 0.3873, 0.3873, 0.3873, 1300]
['2019-03-29 12:26:00', 0.39, 0.39, 0.39, 0.39, 100]
['2019-03-29 12:19:00', 0.39, 0.39, 0.39, 0.39, 200]
['2019-03-29 12:18:00', 0.39, 0.39, 0.39, 0.39, 100]
['2019-03-29 12:13:00', 0.39, 0.39, 0.39, 0.39, 100]
['2019-03-29 12:07:00', 0.39, 0.39, 0.39, 0.39, 104]
['2019-03-29 12:01:00', 0.39, 0.39, 0.39, 0.39, 107]
['2019-03-29 11:58:00', 0.387, 0.39, 0.387, 0.39, 1301]
['2019-03-29 11:51:00', 0.39, 0.39, 0.39, 0.39, 126]
['2019-03-29 11:46:00', 0.39, 0.39, 0.39, 0.39, 200]
['2019-03-29 11:38:00', 0.39, 0.39, 0.39, 0.39, 123]
['2019-03-29 11:30:00', 0.39, 0.39, 0.39, 0.39, 200]
['2019-03-29 11:28:00', 0.39, 0.39, 0.39, 0.39, 13116]
['2019-03-29 11:17:00', 0.397, 0.397, 0.397, 0.397, 200]
['2019-03-29 11:07:00', 0.39, 0.39, 0.39, 0.39, 6378]
['2019-03-29 11:06:00', 0.39, 0.39, 0.39, 0.39, 2306]
['2019-03-29 11:01:00', 0.39, 0.39, 0.39, 0.39, 200]
['2019-03-29 10:54:00', 0.39, 0.39, 0.39, 0.39, 101]
['2019-03-29 10:50:00', 0.389, 0.389, 0.389, 0.389, 100]
['2019-03-29 10:45:00', 0.39, 0.39, 0.39, 0.39, 100]
['2019-03-29 10:40:00', 0.389, 0.389, 0.389, 0.389, 210]
['2019-03-29 10:38:00', 0.387, 0.387, 0.387, 0.387, 532]
['2019-03-29 10:37:00', 0.389, 0.389, 0.389, 0.389, 12071]
['2019-03-29 10:25:00', 0.39, 0.39, 0.39, 0.39, 155]
['2019-03-29 10:20:00', 0.3898, 0.3898, 0.3898, 0.3898, 500]
['2019-03-29 10:18:00', 0.3878, 0.3878, 0.3878, 0.3878, 1025]
['2019-03-29 10:16:00', 0.3899, 0.3899, 0.3899, 0.3899, 1000]
['2019-03-29 10:09:00', 0.39, 0.39, 0.39, 0.3901, 38033]
['2019-03-29 10:07:00', 0.388, 0.388, 0.388, 0.388, 105]
['2019-03-29 10:03:00', 0.3879, 0.3879, 0.3879, 0.3879, 100]
['2019-03-29 10:01:00', 0.388, 0.388, 0.388, 0.388, 2425]
['2019-03-29 10:00:00', 0.388, 0.388, 0.388, 0.388, 400]
['2019-03-29 09:59:00', 0.3877, 0.3877, 0.3877, 0.3877, 300]
['2019-03-29 09:56:00', 0.388, 0.388, 0.388, 0.388, 100]
['2019-03-29 09:46:00', 0.388, 0.388, 0.388, 0.388, 100]
['2019-03-29 09:42:00', 0.3851, 0.385, 0.385, 0.3851, 4180]
['2019-03-29 09:38:00', 0.385, 0.385, 0.385, 0.385, 21604]
['2019-03-29 09:34:00', 0.39, 0.39, 0.39, 0.39, 800]
['2019-03-29 09:33:00', 0.39, 0.39, 0.39, 0.39, 12450]
['2019-03-29 09:31:00', 0.3912, 0.39, 0.39, 0.3912, 17652]
['2019-03-28 15:51:00', 0.382, 0.382, 0.382, 0.382, 984]
['2019-03-28 15:41:00', 0.3855, 0.3855, 0.3855, 0.3855, 518]
['2019-03-28 15:36:00', 0.3863, 0.3863, 0.3863, 0.3863, 197]
['2019-03-28 15:35:00', 0.3862, 0.3862, 0.3862, 0.3862, 1200]
['2019-03-28 15:29:00', 0.3864, 0.3849, 0.3849, 0.3864, 471]
['2019-03-28 15:25:00', 0.3844, 0.3844, 0.3844, 0.3844, 2536]
['2019-03-28 15:12:00', 0.3864, 0.3864, 0.3864, 0.3864, 725]
['2019-03-28 15:10:00', 0.3864, 0.3864, 0.3864, 0.3864, 100]
['2019-03-28 15:07:00', 0.3811, 0.3811, 0.3811, 0.3811, 511]
['2019-03-28 15:03:00', 0.3732, 0.3863, 0.3729, 0.3863, 12376]
['2019-03-28 15:02:00', 0.3779, 0.375, 0.375, 0.3779, 380]
['2019-03-28 15:01:00', 0.38, 0.38, 0.38, 0.38, 400]
['2019-03-28 15:00:00', 0.3864, 0.3864, 0.3864, 0.3864, 1000]
['2019-03-28 14:59:00', 0.3801, 0.3801, 0.3801, 0.3801, 600]
['2019-03-28 14:58:00', 0.3731, 0.3839, 0.3731, 0.3839, 1620]
['2019-03-28 14:57:00', 0.3863, 0.373, 0.373, 0.3864, 24000]
['2019-03-28 14:56:00', 0.3897, 0.3825, 0.3825, 0.3897, 6000]
['2019-03-28 14:55:00', 0.39, 0.39, 0.39, 0.39, 1500]
['2019-03-28 14:48:00', 0.3939, 0.3939, 0.3939, 0.3939, 103]
['2019-03-28 14:43:00', 0.3969, 0.3969, 0.3969, 0.3969, 500]
['2019-03-28 14:36:00', 0.3899, 0.3939, 0.3899, 0.3939, 212]
['2019-03-28 14:35:00', 0.39, 0.39, 0.39, 0.39, 210]
['2019-03-28 14:26:00', 0.3921, 0.3921, 0.3921, 0.3921, 302]
['2019-03-28 14:24:00', 0.3896, 0.3819, 0.38, 0.3896, 7556]
['2019-03-28 14:23:00', 0.3861, 0.3896, 0.38, 0.3896, 2716]
['2019-03-28 14:22:00', 0.385, 0.38, 0.38, 0.385, 4590]
['2019-03-28 14:19:00', 0.4, 0.3533, 0.3533, 0.4, 57234]
['2019-03-28 14:18:00', 0.4012, 0.4002, 0.4, 0.4012, 3402]
['2019-03-28 14:17:00', 0.4041, 0.404, 0.404, 0.4041, 2200]
['2019-03-28 14:15:00', 0.4108, 0.4041, 0.402, 0.4129, 7104]
['2019-03-28 14:05:00', 0.4108, 0.4108, 0.4108, 0.4108, 140]
['2019-03-28 14:04:00', 0.42, 0.42, 0.42, 0.42, 203]
['2019-03-28 13:53:00', 0.4199, 0.4199, 0.4199, 0.4199, 101]
['2019-03-28 13:52:00', 0.42, 0.42, 0.42, 0.42, 100]
['2019-03-28 13:47:00', 0.4168, 0.4168, 0.4168, 0.4168, 100]
['2019-03-28 13:42:00', 0.4169, 0.4169, 0.4169, 0.4169, 100]
['2019-03-28 13:35:00', 0.4162, 0.4162, 0.4162, 0.4162, 100]
['2019-03-28 13:25:00', 0.4044, 0.4044, 0.4044, 0.4044, 4000]
['2019-03-28 13:20:00', 0.4045, 0.4045, 0.4045, 0.4045, 1045]
['2019-03-28 13:10:00', 0.4162, 0.4162, 0.4162, 0.4162, 205]
['2019-03-28 13:09:00', 0.4107, 0.402, 0.402, 0.4107, 4040]
['2019-03-28 13:08:00', 0.4122, 0.4108, 0.4108, 0.4122, 6300]
['2019-03-28 13:06:00', 0.41, 0.41, 0.41, 0.41, 1800]
['2019-03-28 13:00:00', 0.4155, 0.4155, 0.4155, 0.4155, 102]
['2019-03-28 12:49:00', 0.42, 0.42, 0.42, 0.42, 203]
['2019-03-28 12:46:00', 0.42, 0.42, 0.42, 0.42, 243]
['2019-03-28 12:40:00', 0.4196, 0.42, 0.4196, 0.42, 225]
['2019-03-28 12:35:00', 0.408, 0.408, 0.408, 0.408, 100]
['2019-03-28 12:34:00', 0.42, 0.42, 0.42, 0.42, 100]
['2019-03-28 12:14:00', 0.4199, 0.4199, 0.4199, 0.4199, 557]
['2019-03-28 12:08:00', 0.4065, 0.41, 0.4065, 0.41, 1062]
['2019-03-28 12:07:00', 0.4197, 0.4197, 0.4197, 0.4197, 100]
['2019-03-28 12:06:00', 0.406, 0.402, 0.402, 0.406, 3000]
['2019-03-28 11:57:00', 0.41, 0.42, 0.41, 0.42, 600]
['2019-03-28 11:56:00', 0.4102, 0.4102, 0.4102, 0.4102, 1575]
['2019-03-28 11:52:00', 0.42, 0.42, 0.42, 0.42, 104]
['2019-03-28 11:50:00', 0.42, 0.42, 0.42, 0.42, 100]
['2019-03-28 11:47:00', 0.42, 0.42, 0.42, 0.42, 120]
['2019-03-28 11:37:00', 0.42, 0.42, 0.42, 0.42, 234]
['2019-03-28 11:29:00', 0.42, 0.42, 0.42, 0.42, 230]
['2019-03-28 11:26:00', 0.429, 0.429, 0.429, 0.429, 100]
['2019-03-28 11:24:00', 0.4169, 0.4169, 0.4169, 0.4169, 870]
['2019-03-28 11:22:00', 0.4145, 0.419, 0.4145, 0.419, 2412]
['2019-03-28 11:14:00', 0.4169, 0.4169, 0.4169, 0.4169, 105]
['2019-03-28 11:01:00', 0.416, 0.4169, 0.416, 0.4169, 447]
['2019-03-28 11:00:00', 0.4123, 0.4145, 0.4123, 0.4145, 5720]
['2019-03-28 10:57:00', 0.4198, 0.4198, 0.4198, 0.4198, 435]
['2019-03-28 10:54:00', 0.4198, 0.4198, 0.4198, 0.4198, 150]
['2019-03-28 10:49:00', 0.4199, 0.4199, 0.4199, 0.4199, 1010]
['2019-03-28 10:48:00', 0.4123, 0.4199, 0.4123, 0.4199, 600]
['2019-03-28 10:42:00', 0.42, 0.42, 0.42, 0.42, 150]
['2019-03-28 10:41:00', 0.4215, 0.42, 0.42, 0.4215, 37315]
['2019-03-28 10:40:00', 0.4123, 0.427, 0.4122, 0.427, 22285]
['2019-03-28 10:39:00', 0.411, 0.411, 0.411, 0.411, 100]
['2019-03-28 10:33:00', 0.415, 0.415, 0.415, 0.415, 153]
['2019-03-28 10:30:00', 0.4141, 0.415, 0.4141, 0.415, 207]
['2019-03-28 10:26:00', 0.4069, 0.4069, 0.4069, 0.4069, 200]
['2019-03-28 10:21:00', 0.41, 0.41, 0.41, 0.41, 410]
['2019-03-28 10:20:00', 0.41, 0.41, 0.41, 0.41, 942]
['2019-03-28 10:19:00', 0.41, 0.41, 0.41, 0.41, 110]
['2019-03-28 10:15:00', 0.4092, 0.4092, 0.4092, 0.4092, 1230]
['2019-03-28 10:06:00', 0.41, 0.41, 0.41, 0.41, 131]
['2019-03-28 10:02:00', 0.415, 0.415, 0.415, 0.415, 100]
['2019-03-28 10:00:00', 0.4051, 0.4051, 0.4051, 0.4051, 114]
['2019-03-28 09:56:00', 0.4123, 0.4123, 0.4123, 0.4123, 100]
['2019-03-28 09:53:00', 0.4056, 0.4056, 0.4056, 0.4077, 6300]
['2019-03-28 09:52:00', 0.4059, 0.4056, 0.4056, 0.415, 16169]
['2019-03-28 09:48:00', 0.4179, 0.4179, 0.4179, 0.4179, 425]
['2019-03-28 09:45:00', 0.4124, 0.4063, 0.4063, 0.4124, 3100]
['2019-03-28 09:42:00', 0.4061, 0.4061, 0.4061, 0.4061, 2000]
['2019-03-28 09:37:00', 0.4051, 0.4051, 0.4051, 0.4051, 259]
['2019-03-28 09:35:00', 0.41, 0.4001, 0.4001, 0.411, 400]
['2019-03-28 09:34:00', 0.4122, 0.4122, 0.4122, 0.4122, 400]
['2019-03-28 09:33:00', 0.4103, 0.4103, 0.4103, 0.4103, 150]
['2019-03-28 09:32:00', 0.4124, 0.4124, 0.4124, 0.4124, 200]
['2019-03-28 09:31:00', 0.41, 0.4012, 0.4012, 0.41, 2964]
['2019-03-27 16:00:00', 0.4092, 0.4092, 0.4092, 0.4092, 5000]
['2019-03-27 15:58:00', 0.4092, 0.4092, 0.4092, 0.4092, 500]
['2019-03-27 15:57:00', 0.4094, 0.4094, 0.4094, 0.4094, 2500]
['2019-03-27 15:56:00', 0.4101, 0.4101, 0.4101, 0.4101, 2500]
['2019-03-27 15:51:00', 0.4128, 0.408, 0.408, 0.4128, 3509]
['2019-03-27 15:48:00', 0.408, 0.408, 0.408, 0.408, 10000]
['2019-03-27 15:46:00', 0.4175, 0.4175, 0.4175, 0.4175, 100]
['2019-03-27 15:37:00', 0.4175, 0.4175, 0.4175, 0.4175, 100]
['2019-03-27 15:35:00', 0.408, 0.408, 0.408, 0.408, 250]
['2019-03-27 15:32:00', 0.4151, 0.4128, 0.4128, 0.4151, 1500]
['2019-03-27 15:28:00', 0.4128, 0.4128, 0.4128, 0.4128, 225]
['2019-03-27 15:27:00', 0.4175, 0.4175, 0.4175, 0.4175, 100]
['2019-03-27 15:19:00', 0.4175, 0.4175, 0.4175, 0.4175, 105]
['2019-03-27 15:18:00', 0.4175, 0.4175, 0.4175, 0.4175, 230]
['2019-03-27 15:14:00', 0.4088, 0.4088, 0.4088, 0.4088, 4807]
['2019-03-27 15:13:00', 0.411, 0.4174, 0.408, 0.4174, 3025]
['2019-03-27 15:06:00', 0.4175, 0.4109, 0.4109, 0.4175, 10100]
['2019-03-27 15:02:00', 0.4175, 0.4175, 0.4175, 0.4175, 100]
['2019-03-27 15:00:00', 0.4175, 0.4184, 0.4175, 0.4184, 4514]
['2019-03-27 14:58:00', 0.4179, 0.422, 0.4179, 0.422, 249]
['2019-03-27 14:55:00', 0.422, 0.422, 0.422, 0.422, 100]
['2019-03-27 14:54:00', 0.4171, 0.4171, 0.4171, 0.4171, 400]
['2019-03-27 14:53:00', 0.422, 0.422, 0.422, 0.422, 100]
['2019-03-27 14:50:00', 0.422, 0.422, 0.422, 0.422, 101]
['2019-03-27 14:46:00', 0.4177, 0.4177, 0.4177, 0.4177, 110]
['2019-03-27 14:34:00', 0.422, 0.422, 0.422, 0.422, 220]
['2019-03-27 14:08:00', 0.4244, 0.422, 0.422, 0.4244, 3101]
['2019-03-27 14:07:00', 0.422, 0.422, 0.422, 0.422, 1915]
['2019-03-27 14:04:00', 0.4268, 0.4268, 0.4268, 0.4268, 702]
['2019-03-27 13:59:00', 0.4206, 0.4206, 0.4206, 0.4206, 140]
['2019-03-27 13:54:00', 0.429, 0.429, 0.429, 0.429, 112]
['2019-03-27 13:52:00', 0.429, 0.429, 0.429, 0.429, 1000]
['2019-03-27 13:45:00', 0.4171, 0.4171, 0.4171, 0.4171, 200]
['2019-03-27 13:37:00', 0.4219, 0.4219, 0.4219, 0.4219, 1002]
['2019-03-27 13:30:00', 0.4241, 0.4251, 0.4241, 0.4251, 6080]
['2019-03-27 13:22:00', 0.425, 0.425, 0.425, 0.425, 117]
['2019-03-27 13:18:00', 0.42, 0.4213, 0.4199, 0.43, 14563]
['2019-03-27 13:10:00', 0.4128, 0.4128, 0.4128, 0.4128, 2033]
['2019-03-27 13:09:00', 0.4126, 0.4111, 0.4111, 0.4126, 1000]
['2019-03-27 13:03:00', 0.42, 0.418, 0.418, 0.42, 600]
['2019-03-27 12:50:00', 0.42, 0.42, 0.42, 0.42, 312]
['2019-03-27 12:48:00', 0.4155, 0.411, 0.411, 0.4155, 500]
['2019-03-27 12:44:00', 0.4109, 0.4109, 0.4109, 0.4109, 2440]
['2019-03-27 12:41:00', 0.411, 0.4145, 0.411, 0.415, 28020]
['2019-03-27 12:40:00', 0.4109, 0.4109, 0.4109, 0.4109, 150]
['2019-03-27 12:37:00', 0.4109, 0.4109, 0.4109, 0.411, 15500]
['2019-03-27 12:34:00', 0.412, 0.41, 0.41, 0.4125, 48856]
['2019-03-27 12:29:00', 0.4175, 0.415, 0.415, 0.4175, 1605]
['2019-03-27 12:26:00', 0.4176, 0.4176, 0.4176, 0.4176, 200]
['2019-03-27 12:05:00', 0.4175, 0.4175, 0.4175, 0.4175, 3010]
['2019-03-27 12:04:00', 0.415, 0.415, 0.415, 0.415, 1800]
['2019-03-27 12:00:00', 0.4165, 0.4165, 0.4165, 0.4165, 210]
['2019-03-27 11:39:00', 0.4171, 0.4171, 0.4171, 0.4171, 1090]
['2019-03-27 11:38:00', 0.4152, 0.4152, 0.4152, 0.4152, 1200]
['2019-03-27 11:29:00', 0.4176, 0.4176, 0.4176, 0.4176, 133]
['2019-03-27 11:28:00', 0.4154, 0.4154, 0.4154, 0.4154, 114]
['2019-03-27 11:07:00', 0.4185, 0.4171, 0.417, 0.4185, 1130]
['2019-03-27 11:02:00', 0.429, 0.429, 0.429, 0.429, 252]
['2019-03-27 10:59:00', 0.423, 0.423, 0.423, 0.423, 2000]
['2019-03-27 10:57:00', 0.4182, 0.4182, 0.4182, 0.4182, 503]
['2019-03-27 10:56:00', 0.4183, 0.4183, 0.4183, 0.4183, 251]
['2019-03-27 10:54:00', 0.4297, 0.4297, 0.4297, 0.4297, 5000]
['2019-03-27 10:53:00', 0.4185, 0.4299, 0.4185, 0.4299, 11195]
['2019-03-27 10:51:00', 0.4108, 0.42, 0.4108, 0.42, 1029]
['2019-03-27 10:47:00', 0.41, 0.41, 0.41, 0.41, 182]
['2019-03-27 10:44:00', 0.4101, 0.4101, 0.4101, 0.4101, 3300]
['2019-03-27 10:43:00', 0.41, 0.41, 0.41, 0.41, 5200]
['2019-03-27 10:42:00', 0.413, 0.413, 0.413, 0.413, 100]
['2019-03-27 10:40:00', 0.4115, 0.4102, 0.41, 0.4115, 1700]
['2019-03-27 10:38:00', 0.4102, 0.4102, 0.4102, 0.4102, 7000]
['2019-03-27 10:30:00', 0.415, 0.415, 0.415, 0.4174, 5314]
['2019-03-27 10:26:00', 0.417, 0.415, 0.415, 0.417, 1011]
['2019-03-27 10:25:00', 0.42, 0.42, 0.42, 0.42, 100]
['2019-03-27 10:20:00', 0.4199, 0.4199, 0.4199, 0.4199, 5000]
['2019-03-27 10:19:00', 0.4199, 0.4199, 0.4199, 0.4199, 10000]
['2019-03-27 10:17:00', 0.42, 0.42, 0.4187, 0.42, 5215]
['2019-03-27 10:16:00', 0.4157, 0.4157, 0.4157, 0.4157, 5000]
['2019-03-27 10:14:00', 0.4116, 0.4115, 0.4115, 0.4116, 1356]
['2019-03-27 10:00:00', 0.4106, 0.4106, 0.4106, 0.4106, 533]
['2019-03-27 09:58:00', 0.4105, 0.4105, 0.4105, 0.4105, 7000]
['2019-03-27 09:54:00', 0.4119, 0.4119, 0.4119, 0.4119, 475]
['2019-03-27 09:53:00', 0.4106, 0.4119, 0.4106, 0.4119, 3804]
['2019-03-27 09:48:00', 0.4101, 0.4101, 0.4101, 0.4101, 2996]
['2019-03-27 09:45:00', 0.42, 0.42, 0.42, 0.42, 25038]
['2019-03-27 09:42:00', 0.4199, 0.4199, 0.4199, 0.4199, 1167]
['2019-03-27 09:40:00', 0.4209, 0.4201, 0.4201, 0.4209, 390]
['2019-03-27 09:39:00', 0.4282, 0.4298, 0.4282, 0.4298, 250]
['2019-03-27 09:38:00', 0.41, 0.41, 0.41, 0.41, 740]
['2019-03-27 09:35:00', 0.42, 0.41, 0.41, 0.42, 2523]
['2019-03-27 09:31:00', 0.4399, 0.42, 0.41, 0.4399, 18566]
['2019-03-26 16:00:00', 0.42, 0.42, 0.42, 0.42, 13829]
['2019-03-26 15:59:00', 0.435, 0.435, 0.435, 0.435, 5830]
['2019-03-26 15:57:00', 0.435, 0.435, 0.435, 0.435, 1450]
['2019-03-26 15:54:00', 0.437, 0.435, 0.435, 0.437, 1500]
['2019-03-26 15:53:00', 0.439, 0.439, 0.439, 0.439, 874]
['2019-03-26 15:51:00', 0.435, 0.435, 0.435, 0.435, 2534]
['2019-03-26 15:50:00', 0.4299, 0.435, 0.4299, 0.435, 7929]
['2019-03-26 15:46:00', 0.4254, 0.4254, 0.4254, 0.4254, 3104]
['2019-03-26 15:44:00', 0.4221, 0.4221, 0.4221, 0.4221, 4638]
['2019-03-26 15:42:00', 0.422, 0.422, 0.422, 0.422, 5200]
['2019-03-26 15:40:00', 0.4301, 0.4299, 0.4299, 0.4301, 29037]
['2019-03-26 15:39:00', 0.4327, 0.4327, 0.4327, 0.4327, 7966]
['2019-03-26 15:38:00', 0.4399, 0.4399, 0.4399, 0.4399, 400]
['2019-03-26 15:35:00', 0.44, 0.44, 0.44, 0.44, 200]
['2019-03-26 15:33:00', 0.4399, 0.4399, 0.4399, 0.4399, 238]
['2019-03-26 15:31:00', 0.437, 0.4376, 0.437, 0.4376, 30438]
['2019-03-26 15:30:00', 0.445, 0.445, 0.445, 0.445, 1612]
['2019-03-26 15:29:00', 0.445, 0.445, 0.445, 0.445, 6438]
['2019-03-26 15:28:00', 0.4475, 0.45, 0.4461, 0.45, 28600]
['2019-03-26 15:27:00', 0.45, 0.4499, 0.4499, 0.45, 14820]
['2019-03-26 15:26:00', 0.4401, 0.4401, 0.4401, 0.4401, 8234]
['2019-03-26 15:25:00', 0.45, 0.4499, 0.4499, 0.455, 33482]
['2019-03-26 15:24:00', 0.443, 0.4504, 0.443, 0.4504, 76280]
['2019-03-26 15:23:00', 0.4399, 0.44, 0.4399, 0.44, 40672]
['2019-03-26 15:22:00', 0.4391, 0.4391, 0.4391, 0.4391, 5551]
['2019-03-26 15:19:00', 0.4369, 0.4369, 0.4369, 0.4369, 4585]
['2019-03-26 15:17:00', 0.4378, 0.44, 0.4378, 0.44, 9173]
['2019-03-26 15:15:00', 0.4392, 0.4392, 0.4392, 0.4392, 5350]
['2019-03-26 15:14:00', 0.4399, 0.4399, 0.4399, 0.4399, 2250]
['2019-03-26 15:13:00', 0.4393, 0.4393, 0.4393, 0.4393, 1003]
['2019-03-26 15:11:00', 0.436, 0.436, 0.436, 0.436, 200]
['2019-03-26 15:07:00', 0.43, 0.43, 0.43, 0.43, 20004]
['2019-03-26 15:06:00', 0.43, 0.43, 0.43, 0.43, 1300]
['2019-03-26 15:03:00', 0.4293, 0.4293, 0.4293, 0.4293, 500]
['2019-03-26 15:00:00', 0.4291, 0.4291, 0.4291, 0.4291, 7987]
['2019-03-26 14:58:00', 0.4277, 0.4277, 0.4277, 0.4277, 500]
['2019-03-26 14:51:00', 0.4226, 0.4226, 0.4226, 0.4226, 2800]
['2019-03-26 14:50:00', 0.4298, 0.4298, 0.4298, 0.4298, 150]
['2019-03-26 14:47:00', 0.4298, 0.4298, 0.4298, 0.4298, 275]
['2019-03-26 14:45:00', 0.4205, 0.4205, 0.4205, 0.4205, 2236]
['2019-03-26 14:43:00', 0.4282, 0.4299, 0.4282, 0.4299, 3500]
['2019-03-26 14:36:00', 0.4181, 0.4181, 0.4181, 0.4181, 1362]
['2019-03-26 14:35:00', 0.4298, 0.4298, 0.4298, 0.4298, 5688]
['2019-03-26 14:33:00', 0.4136, 0.4136, 0.4136, 0.4136, 5001]
['2019-03-26 14:32:00', 0.4138, 0.4138, 0.4138, 0.4138, 2001]
['2019-03-26 14:31:00', 0.425, 0.411, 0.411, 0.425, 32512]
['2019-03-26 14:28:00', 0.4349, 0.4349, 0.4349, 0.4349, 10288]
['2019-03-26 14:27:00', 0.435, 0.435, 0.435, 0.435, 4550]
['2019-03-26 14:26:00', 0.42, 0.42, 0.42, 0.42, 10040]
['2019-03-26 14:24:00', 0.4361, 0.4361, 0.4361, 0.4361, 1187]
['2019-03-26 14:23:00', 0.4377, 0.4377, 0.4377, 0.4377, 841]
['2019-03-26 14:22:00', 0.4378, 0.4378, 0.4378, 0.4378, 10003]
['2019-03-26 14:19:00', 0.44, 0.44, 0.44, 0.44, 1520]
['2019-03-26 14:17:00', 0.438, 0.4378, 0.4378, 0.438, 18328]
['2019-03-26 14:16:00', 0.4325, 0.4325, 0.4325, 0.4325, 7722]
['2019-03-26 14:15:00', 0.4322, 0.4322, 0.4322, 0.4322, 12814]
['2019-03-26 14:14:00', 0.4337, 0.4337, 0.4337, 0.4337, 916]
['2019-03-26 14:13:00', 0.4349, 0.4349, 0.4349, 0.4349, 8500]
['2019-03-26 14:12:00', 0.4378, 0.4378, 0.4378, 0.4378, 19754]
['2019-03-26 14:11:00', 0.44, 0.44, 0.44, 0.44, 17254]
['2019-03-26 14:10:00', 0.4308, 0.4301, 0.4301, 0.4308, 36058]
['2019-03-26 14:09:00', 0.44, 0.438, 0.438, 0.44, 44529]
['2019-03-26 14:08:00', 0.4287, 0.4301, 0.4287, 0.4301, 65934]
['2019-03-26 14:07:00', 0.4164, 0.4164, 0.4164, 0.4164, 7200]
['2019-03-26 14:06:00', 0.4114, 0.4114, 0.4114, 0.4114, 2500]
['2019-03-26 14:03:00', 0.4119, 0.4119, 0.4119, 0.4119, 3613]
['2019-03-26 14:02:00', 0.4104, 0.4104, 0.4104, 0.4104, 4600]
['2019-03-26 13:53:00', 0.4119, 0.4119, 0.4119, 0.4119, 2745]
['2019-03-26 13:39:00', 0.4104, 0.4104, 0.4104, 0.4104, 20028]
['2019-03-26 13:37:00', 0.4165, 0.4119, 0.4119, 0.4165, 5504]
['2019-03-26 13:35:00', 0.4168, 0.4168, 0.4168, 0.4168, 100]
['2019-03-26 13:16:00', 0.415, 0.415, 0.415, 0.415, 1400]
['2019-03-26 13:10:00', 0.4145, 0.4145, 0.4145, 0.4145, 1691]
['2019-03-26 13:08:00', 0.4169, 0.4169, 0.4169, 0.4169, 1100]
['2019-03-26 13:06:00', 0.4169, 0.4169, 0.4169, 0.4169, 100]
['2019-03-26 13:00:00', 0.417, 0.417, 0.417, 0.417, 101]
['2019-03-26 12:53:00', 0.4105, 0.4105, 0.4105, 0.4105, 456]
['2019-03-26 12:26:00', 0.4174, 0.4174, 0.4174, 0.4174, 175]
['2019-03-26 12:24:00', 0.4174, 0.4127, 0.4127, 0.4174, 622]
['2019-03-26 12:21:00', 0.4174, 0.4174, 0.4174, 0.4174, 200]
['2019-03-26 12:15:00', 0.4175, 0.4175, 0.4175, 0.4175, 1101]
['2019-03-26 12:11:00', 0.4175, 0.4175, 0.4175, 0.4175, 200]
['2019-03-26 12:10:00', 0.4168, 0.4168, 0.4168, 0.4168, 550]
['2019-03-26 12:08:00', 0.4175, 0.4175, 0.4175, 0.4175, 100]
['2019-03-26 12:06:00', 0.4104, 0.4104, 0.4104, 0.4104, 1000]
['2019-03-26 11:56:00', 0.4175, 0.4175, 0.4175, 0.4175, 102]
['2019-03-26 11:54:00', 0.4103, 0.4103, 0.4103, 0.4103, 250]
['2019-03-26 11:33:00', 0.4175, 0.4175, 0.4175, 0.4175, 115]
['2019-03-26 11:21:00', 0.4104, 0.4104, 0.4104, 0.4104, 3050]
['2019-03-26 11:16:00', 0.4109, 0.4109, 0.4109, 0.4109, 880]
['2019-03-26 11:10:00', 0.4103, 0.4103, 0.4103, 0.4103, 10154]
['2019-03-26 11:01:00', 0.4103, 0.4103, 0.4103, 0.4103, 2700]
['2019-03-26 10:49:00', 0.417, 0.417, 0.417, 0.417, 330]
['2019-03-26 10:47:00', 0.4109, 0.4109, 0.4109, 0.4109, 1350]
['2019-03-26 10:38:00', 0.4185, 0.4185, 0.4185, 0.4185, 3000]
['2019-03-26 10:33:00', 0.411, 0.4103, 0.4103, 0.411, 40183]
['2019-03-26 10:31:00', 0.42, 0.42, 0.42, 0.42, 105]
['2019-03-26 10:25:00', 0.4177, 0.4141, 0.4141, 0.4177, 750]
['2019-03-26 10:23:00', 0.414, 0.414, 0.414, 0.414, 2000]
['2019-03-26 10:20:00', 0.4141, 0.4141, 0.4141, 0.4141, 1950]
['2019-03-26 10:09:00', 0.4145, 0.4145, 0.4145, 0.4145, 295]
['2019-03-26 09:59:00', 0.414, 0.414, 0.414, 0.414, 11307]
['2019-03-26 09:53:00', 0.42, 0.42, 0.42, 0.42, 109]
['2019-03-26 09:50:00', 0.419, 0.419, 0.419, 0.419, 435]
['2019-03-26 09:42:00', 0.4199, 0.4199, 0.4199, 0.4199, 180]
['2019-03-26 09:40:00', 0.4135, 0.4135, 0.4135, 0.4135, 326]
['2019-03-26 09:38:00', 0.421, 0.421, 0.421, 0.421, 127]
['2019-03-26 09:33:00', 0.421, 0.421, 0.421, 0.421, 155]
['2019-03-26 09:31:00', 0.43, 0.43, 0.43, 0.43, 2802]
['2019-03-25 16:00:00', 0.4299, 0.4299, 0.4299, 0.4299, 12169]
['2019-03-25 15:59:00', 0.4299, 0.4299, 0.4299, 0.4299, 10001]
['2019-03-25 15:57:00', 0.43, 0.43, 0.43, 0.43, 5502]
['2019-03-25 15:56:00', 0.4299, 0.4299, 0.4299, 0.4299, 9300]
['2019-03-25 15:54:00', 0.43, 0.425, 0.425, 0.43, 14975]
['2019-03-25 15:52:00', 0.438, 0.438, 0.438, 0.438, 4061]
['2019-03-25 15:51:00', 0.4351, 0.4351, 0.4351, 0.4351, 2402]
['2019-03-25 15:48:00', 0.4376, 0.4376, 0.4376, 0.4376, 145]
['2019-03-25 15:47:00', 0.43, 0.4379, 0.43, 0.4379, 24682]
['2019-03-25 15:46:00', 0.4292, 0.4299, 0.4292, 0.4299, 7948]
['2019-03-25 15:45:00', 0.4299, 0.4299, 0.4299, 0.4299, 10000]
['2019-03-25 15:43:00', 0.43, 0.43, 0.43, 0.43, 5103]
['2019-03-25 15:39:00', 0.4299, 0.4299, 0.4299, 0.4299, 5000]
['2019-03-25 15:37:00', 0.4275, 0.425, 0.425, 0.4275, 30400]
['2019-03-25 15:36:00', 0.4202, 0.4202, 0.4202, 0.4202, 7450]
['2019-03-25 15:35:00', 0.4201, 0.4201, 0.4201, 0.4201, 1000]
['2019-03-25 15:34:00', 0.4249, 0.4201, 0.4201, 0.4249, 11200]
['2019-03-25 15:30:00', 0.423, 0.41, 0.41, 0.423, 43164]
['2019-03-25 15:26:00', 0.42, 0.42, 0.42, 0.42, 2195]
['2019-03-25 15:25:00', 0.42, 0.42, 0.42, 0.42, 8300]
['2019-03-25 15:24:00', 0.42, 0.42, 0.42, 0.42, 6000]
['2019-03-25 15:22:00', 0.415, 0.415, 0.415, 0.415, 8000]
['2019-03-25 15:20:00', 0.4199, 0.4199, 0.4199, 0.4199, 9102]
['2019-03-25 15:16:00', 0.4199, 0.4199, 0.4199, 0.4199, 10404]
['2019-03-25 15:14:00', 0.425, 0.42, 0.42, 0.425, 25484]
['2019-03-25 15:11:00', 0.419, 0.4199, 0.419, 0.4199, 13000]
['2019-03-25 15:09:00', 0.4149, 0.4169, 0.4149, 0.4169, 20511]
['2019-03-25 15:07:00', 0.4146, 0.4146, 0.4146, 0.4146, 10000]
['2019-03-25 15:03:00', 0.4101, 0.4101, 0.4101, 0.4101, 6800]
['2019-03-25 15:02:00', 0.4101, 0.4119, 0.4101, 0.4119, 7144]
['2019-03-25 15:01:00', 0.4091, 0.4091, 0.4091, 0.4091, 5800]
['2019-03-25 15:00:00', 0.4119, 0.4104, 0.4104, 0.4119, 12756]
['2019-03-25 14:58:00', 0.4147, 0.4147, 0.4147, 0.4147, 5020]
['2019-03-25 14:55:00', 0.4146, 0.4146, 0.4146, 0.4146, 5000]
['2019-03-25 14:53:00', 0.4112, 0.4112, 0.4112, 0.4112, 100]
['2019-03-25 14:47:00', 0.4124, 0.4124, 0.4124, 0.4124, 200]
['2019-03-25 14:40:00', 0.4015, 0.4, 0.4, 0.402, 23646]
['2019-03-25 14:24:00', 0.4125, 0.4125, 0.4125, 0.4125, 801]
['2019-03-25 14:18:00', 0.4025, 0.4026, 0.4025, 0.4081, 15046]
['2019-03-25 14:14:00', 0.4111, 0.4111, 0.4111, 0.4111, 144]
['2019-03-25 14:13:00', 0.413, 0.413, 0.413, 0.413, 200]
['2019-03-25 14:12:00', 0.4137, 0.4137, 0.4137, 0.4137, 150]
['2019-03-25 13:57:00', 0.413, 0.413, 0.413, 0.413, 200]
['2019-03-25 13:53:00', 0.4086, 0.4046, 0.4046, 0.4086, 1400]
['2019-03-25 13:39:00', 0.42, 0.42, 0.42, 0.42, 5751]
['2019-03-25 13:20:00', 0.4026, 0.4026, 0.4026, 0.4026, 140]
['2019-03-25 13:15:00', 0.4147, 0.4091, 0.4091, 0.4147, 1001]
['2019-03-25 13:06:00', 0.4147, 0.4147, 0.4147, 0.4147, 332]
['2019-03-25 13:03:00', 0.4022, 0.4022, 0.4022, 0.4022, 991]
['2019-03-25 13:00:00', 0.4011, 0.4011, 0.4011, 0.4011, 30000]
['2019-03-25 12:47:00', 0.4147, 0.4147, 0.4147, 0.4147, 202]
['2019-03-25 12:45:00', 0.406, 0.4032, 0.4032, 0.406, 5600]
['2019-03-25 12:38:00', 0.4021, 0.4021, 0.4021, 0.4021, 119]
['2019-03-25 12:23:00', 0.4086, 0.402, 0.402, 0.4086, 2121]
['2019-03-25 12:21:00', 0.404, 0.404, 0.404, 0.404, 15263]
['2019-03-25 12:19:00', 0.41, 0.41, 0.41, 0.41, 12303]
['2019-03-25 12:14:00', 0.4139, 0.4139, 0.4139, 0.4139, 102]
['2019-03-25 12:08:00', 0.4148, 0.4148, 0.4148, 0.4148, 129]
['2019-03-25 12:02:00', 0.415, 0.415, 0.415, 0.415, 455]
['2019-03-25 11:52:00', 0.415, 0.415, 0.415, 0.415, 12257]
['2019-03-25 11:51:00', 0.415, 0.415, 0.415, 0.415, 484]
['2019-03-25 11:49:00', 0.4164, 0.4164, 0.4164, 0.4164, 210]
['2019-03-25 11:48:00', 0.4164, 0.4164, 0.4164, 0.4164, 1300]
['2019-03-25 11:45:00', 0.4109, 0.4109, 0.4109, 0.4109, 578]
['2019-03-25 11:34:00', 0.4164, 0.4164, 0.4164, 0.4164, 102]
['2019-03-25 11:33:00', 0.4164, 0.4164, 0.4164, 0.4164, 100]
['2019-03-25 11:29:00', 0.4152, 0.4152, 0.4152, 0.4152, 8400]
['2019-03-25 11:24:00', 0.41, 0.41, 0.41, 0.41, 4707]
['2019-03-25 11:23:00', 0.405, 0.405, 0.405, 0.405, 5102]
['2019-03-25 11:22:00', 0.41, 0.41, 0.41, 0.41, 2244]
['2019-03-25 11:21:00', 0.41, 0.41, 0.41, 0.41, 3855]
['2019-03-25 11:18:00', 0.41, 0.4079, 0.4079, 0.41, 805]
['2019-03-25 11:08:00', 0.4025, 0.4025, 0.4025, 0.4025, 116]
['2019-03-25 10:55:00', 0.41, 0.41, 0.41, 0.41, 12901]
['2019-03-25 10:49:00', 0.408, 0.408, 0.408, 0.408, 601]
['2019-03-25 10:35:00', 0.4096, 0.4096, 0.4096, 0.4096, 3438]
['2019-03-25 10:30:00', 0.4026, 0.4026, 0.4026, 0.4026, 519]
['2019-03-25 10:24:00', 0.4023, 0.4023, 0.4023, 0.4023, 1056]
['2019-03-25 10:20:00', 0.405, 0.405, 0.405, 0.405, 5500]
['2019-03-25 10:19:00', 0.414, 0.414, 0.414, 0.414, 21000]
['2019-03-25 10:18:00', 0.404, 0.404, 0.404, 0.404, 100]
['2019-03-25 10:16:00', 0.4025, 0.4025, 0.4025, 0.4025, 3079]
['2019-03-25 10:13:00', 0.4029, 0.4029, 0.4029, 0.4029, 273]
['2019-03-25 10:12:00', 0.4037, 0.4037, 0.4037, 0.4037, 8980]
['2019-03-25 10:11:00', 0.413, 0.4027, 0.4027, 0.413, 31935]
['2019-03-25 10:04:00', 0.417, 0.417, 0.417, 0.417, 552]
['2019-03-25 09:57:00', 0.4194, 0.4194, 0.4194, 0.4194, 101]
['2019-03-25 09:53:00', 0.4102, 0.4131, 0.4023, 0.4131, 22496]
['2019-03-25 09:48:00', 0.41, 0.41, 0.41, 0.41, 6919]
['2019-03-25 09:45:00', 0.4199, 0.4199, 0.4199, 0.4199, 1250]
['2019-03-25 09:39:00', 0.4219, 0.41, 0.41, 0.4219, 700]
['2019-03-25 09:36:00', 0.4201, 0.4201, 0.4201, 0.4201, 11946]
['2019-03-25 09:34:00', 0.4031, 0.4031, 0.4031, 0.4031, 12390]
['2019-03-25 09:31:00', 0.4115, 0.4115, 0.4115, 0.4115, 46042]
