APEI
['2019-03-29 16:00:00', 30.16, 30.12, 30.12, 30.16, 2581]
['2019-03-29 15:59:00', 30.175, 30.2, 30.175, 30.21, 1388]
['2019-03-29 15:58:00', 30.18, 30.17, 30.16, 30.18, 1261]
['2019-03-29 15:57:00', 30.18, 30.18, 30.18, 30.18, 208]
['2019-03-29 15:56:00', 30.21, 30.19, 30.19, 30.28, 2289]
['2019-03-29 15:55:00', 30.19, 30.19, 30.19, 30.19, 518]
['2019-03-29 15:52:00', 30.14, 30.19, 30.14, 30.19, 1542]
['2019-03-29 15:51:00', 30.1, 30.1068, 30.1, 30.1068, 521]
['2019-03-29 15:50:00', 30.12, 30.12, 30.12, 30.12, 100]
['2019-03-29 15:49:00', 30.1, 30.13, 30.09, 30.13, 1040]
['2019-03-29 15:47:00', 30.13, 30.13, 30.13, 30.13, 443]
['2019-03-29 15:46:00', 30.1, 30.13, 30.1, 30.19, 2128]
['2019-03-29 15:45:00', 30.14, 30.11, 30.11, 30.15, 2569]
['2019-03-29 15:43:00', 30.14, 30.14, 30.14, 30.14, 102]
['2019-03-29 15:42:00', 30.16, 30.17, 30.15, 30.17, 1327]
['2019-03-29 15:41:00', 30.16, 30.17, 30.16, 30.17, 332]
['2019-03-29 15:39:00', 30.16, 30.17, 30.16, 30.18, 633]
['2019-03-29 15:38:00', 30.18, 30.16, 30.16, 30.18, 686]
['2019-03-29 15:35:00', 30.18, 30.18, 30.18, 30.18, 349]
['2019-03-29 15:33:00', 30.18, 30.18, 30.18, 30.18, 211]
['2019-03-29 15:32:00', 30.17, 30.17, 30.17, 30.17, 100]
['2019-03-29 15:29:00', 30.2, 30.2, 30.2, 30.2, 100]
['2019-03-29 15:23:00', 30.2, 30.2, 30.2, 30.2, 173]
['2019-03-29 15:22:00', 30.23, 30.23, 30.23, 30.23, 100]
['2019-03-29 15:21:00', 30.26, 30.24, 30.24, 30.26, 387]
['2019-03-29 15:20:00', 30.3, 30.27, 30.27, 30.3, 500]
['2019-03-29 15:19:00', 30.3, 30.3, 30.3, 30.3, 203]
['2019-03-29 15:17:00', 30.33, 30.33, 30.33, 30.33, 291]
['2019-03-29 15:13:00', 30.34, 30.34, 30.34, 30.34, 114]
['2019-03-29 15:10:00', 30.33, 30.33, 30.3, 30.33, 447]
['2019-03-29 14:58:00', 30.42, 30.42, 30.42, 30.42, 713]
['2019-03-29 14:53:00', 30.41, 30.41, 30.41, 30.41, 112]
['2019-03-29 14:50:00', 30.44, 30.44, 30.44, 30.44, 386]
['2019-03-29 14:47:00', 30.4, 30.42, 30.4, 30.42, 289]
['2019-03-29 14:41:00', 30.39, 30.39, 30.39, 30.39, 252]
['2019-03-29 14:34:00', 30.41, 30.41, 30.41, 30.41, 198]
['2019-03-29 14:28:00', 30.5, 30.5, 30.5, 30.5, 170]
['2019-03-29 14:21:00', 30.5, 30.5, 30.5, 30.5, 107]
['2019-03-29 14:03:00', 30.49, 30.49, 30.49, 30.49, 147]
['2019-03-29 14:00:00', 30.425, 30.5, 30.425, 30.5, 294]
['2019-03-29 13:59:00', 30.42, 30.41, 30.4, 30.45, 712]
['2019-03-29 13:58:00', 30.38, 30.4, 30.38, 30.47, 801]
['2019-03-29 13:48:00', 30.39, 30.29, 30.29, 30.39, 932]
['2019-03-29 13:47:00', 30.38, 30.26, 30.26, 30.38, 805]
['2019-03-29 13:40:00', 30.505, 30.505, 30.505, 30.505, 307]
['2019-03-29 13:38:00', 30.46, 30.46, 30.46, 30.46, 162]
['2019-03-29 13:36:00', 30.47, 30.47, 30.47, 30.47, 304]
['2019-03-29 13:27:00', 30.5, 30.5, 30.5, 30.5, 471]
['2019-03-29 13:21:00', 30.55, 30.55, 30.55, 30.55, 305]
['2019-03-29 13:18:00', 30.57, 30.61, 30.57, 30.61, 906]
['2019-03-29 13:17:00', 30.595, 30.55, 30.55, 30.595, 300]
['2019-03-29 13:16:00', 30.64, 30.63, 30.63, 30.72, 1201]
['2019-03-29 13:15:00', 30.64, 30.72, 30.64, 30.72, 340]
['2019-03-29 13:10:00', 30.62, 30.62, 30.62, 30.62, 308]
['2019-03-29 12:58:00', 30.59, 30.59, 30.59, 30.59, 113]
['2019-03-29 12:55:00', 30.66, 30.6, 30.6, 30.66, 206]
['2019-03-29 12:48:00', 30.5, 30.63, 30.5, 30.63, 1334]
['2019-03-29 12:38:00', 30.34, 30.42, 30.33, 30.42, 1314]
['2019-03-29 12:34:00', 30.41, 30.41, 30.41, 30.41, 140]
['2019-03-29 12:31:00', 30.29, 30.35, 30.29, 30.4, 954]
['2019-03-29 12:28:00', 30.3, 30.31, 30.29, 30.31, 412]
['2019-03-29 12:18:00', 30.3, 30.3, 30.3, 30.3, 433]
['2019-03-29 12:15:00', 30.43, 30.31, 30.31, 30.43, 503]
['2019-03-29 12:14:00', 30.39, 30.4, 30.39, 30.4, 405]
['2019-03-29 12:08:00', 30.4, 30.4, 30.4, 30.4, 111]
['2019-03-29 12:06:00', 30.505, 30.47, 30.47, 30.505, 608]
['2019-03-29 12:02:00', 30.5075, 30.5075, 30.5075, 30.5075, 104]
['2019-03-29 11:46:00', 30.57, 30.55, 30.55, 30.57, 534]
['2019-03-29 11:44:00', 30.6, 30.57, 30.57, 30.6, 700]
['2019-03-29 11:43:00', 30.6, 30.6, 30.6, 30.63, 909]
['2019-03-29 11:42:00', 30.62, 30.59, 30.59, 30.62, 816]
['2019-03-29 11:41:00', 30.61, 30.61, 30.61, 30.61, 100]
['2019-03-29 11:40:00', 30.63, 30.62, 30.62, 30.63, 400]
['2019-03-29 11:39:00', 30.63, 30.63, 30.63, 30.63, 240]
['2019-03-29 11:38:00', 30.6, 30.675, 30.6, 30.675, 1779]
['2019-03-29 11:37:00', 30.595, 30.595, 30.595, 30.595, 200]
['2019-03-29 11:36:00', 30.63, 30.63, 30.63, 30.63, 200]
['2019-03-29 11:34:00', 30.595, 30.595, 30.595, 30.595, 100]
['2019-03-29 11:33:00', 30.64, 30.6, 30.6, 30.64, 730]
['2019-03-29 11:32:00', 30.715, 30.68, 30.64, 30.715, 1714]
['2019-03-29 11:29:00', 30.705, 30.705, 30.705, 30.705, 100]
['2019-03-29 11:28:00', 30.68, 30.68, 30.68, 30.68, 101]
['2019-03-29 11:27:00', 30.715, 30.69, 30.69, 30.715, 207]
['2019-03-29 11:25:00', 30.725, 30.725, 30.725, 30.725, 100]
['2019-03-29 11:24:00', 30.77, 30.77, 30.77, 30.77, 100]
['2019-03-29 11:20:00', 30.859, 30.76, 30.76, 30.859, 547]
['2019-03-29 11:18:00', 30.8, 30.8, 30.8, 30.8, 107]
['2019-03-29 11:13:00', 30.78, 30.845, 30.78, 30.845, 407]
['2019-03-29 11:12:00', 30.82, 30.82, 30.82, 30.82, 383]
['2019-03-29 11:09:00', 30.805, 30.805, 30.805, 30.805, 100]
['2019-03-29 11:08:00', 30.8, 30.8, 30.8, 30.8, 344]
['2019-03-29 11:07:00', 30.85, 30.85, 30.85, 30.85, 100]
['2019-03-29 11:00:00', 30.86, 30.86, 30.86, 30.86, 109]
['2019-03-29 10:59:00', 30.605, 30.83, 30.605, 31.0, 8598]
['2019-03-29 10:49:00', 30.63, 30.63, 30.63, 30.63, 210]
['2019-03-29 10:45:00', 30.66, 30.61, 30.61, 30.66, 1008]
['2019-03-29 10:41:00', 30.685, 30.73, 30.685, 30.73, 400]
['2019-03-29 10:36:00', 30.7, 30.7, 30.7, 30.7, 108]
['2019-03-29 10:34:00', 30.73, 30.73, 30.73, 30.73, 100]
['2019-03-29 10:28:00', 30.84, 30.84, 30.84, 30.84, 107]
['2019-03-29 10:26:00', 30.72, 30.72, 30.72, 30.72, 107]
['2019-03-29 10:23:00', 30.71, 30.71, 30.71, 30.71, 283]
['2019-03-29 10:18:00', 30.66, 30.68, 30.66, 30.79, 1061]
['2019-03-29 10:17:00', 30.62, 30.6499, 30.62, 30.6499, 200]
['2019-03-29 10:16:00', 30.585, 30.585, 30.585, 30.585, 100]
['2019-03-29 10:15:00', 30.5, 30.5, 30.5, 30.5, 102]
['2019-03-29 10:13:00', 30.43, 30.43, 30.43, 30.43, 1600]
['2019-03-29 10:12:00', 30.44, 30.39, 30.39, 30.44, 853]
['2019-03-29 10:10:00', 30.445, 30.51, 30.445, 30.51, 400]
['2019-03-29 10:09:00', 30.4, 30.4299, 30.4, 30.4299, 288]
['2019-03-29 10:08:00', 30.26, 30.35, 30.25, 30.35, 486]
['2019-03-29 10:07:00', 30.23, 30.41, 30.23, 30.445, 1700]
['2019-03-29 10:06:00', 30.25, 30.25, 30.25, 30.25, 100]
['2019-03-29 10:05:00', 30.35, 30.24, 30.24, 30.35, 202]
['2019-03-29 10:04:00', 30.1, 30.26, 30.1, 30.26, 2233]
['2019-03-29 10:03:00', 30.13, 30.05, 30.05, 30.13, 624]
['2019-03-29 10:00:00', 30.135, 30.135, 30.135, 30.135, 260]
['2019-03-29 09:59:00', 30.09, 30.2, 29.98, 30.2, 2603]
['2019-03-29 09:58:00', 30.28, 30.18, 30.18, 30.445, 2328]
['2019-03-29 09:56:00', 30.23, 30.32, 30.23, 30.32, 1094]
['2019-03-29 09:53:00', 29.96, 29.96, 29.96, 29.96, 110]
['2019-03-29 09:51:00', 30.0, 30.0, 30.0, 30.0, 202]
['2019-03-29 09:41:00', 30.025, 29.83, 29.83, 30.025, 10311]
['2019-03-29 09:40:00', 30.14, 30.1248, 30.025, 30.15, 932]
['2019-03-29 09:38:00', 30.19, 30.21, 30.19, 30.21, 310]
['2019-03-29 09:36:00', 30.27, 30.28, 30.27, 30.28, 293]
['2019-03-29 09:35:00', 30.26, 30.29, 30.26, 30.29, 723]
['2019-03-29 09:32:00', 30.21, 30.21, 30.21, 30.21, 0]
['2019-03-28 16:00:00', 29.96, 29.965, 29.93, 29.97, 2845]
['2019-03-28 15:59:00', 29.945, 29.96, 29.945, 29.97, 1777]
['2019-03-28 15:58:00', 29.91, 29.94, 29.9, 29.94, 1922]
['2019-03-28 15:57:00', 29.9, 29.9, 29.9, 29.9, 291]
['2019-03-28 15:56:00', 29.88, 29.89, 29.84, 29.89, 3595]
['2019-03-28 15:55:00', 29.87, 29.865, 29.85, 29.88, 973]
['2019-03-28 15:54:00', 29.83, 29.815, 29.815, 29.83, 799]
['2019-03-28 15:53:00', 29.88, 29.86, 29.86, 29.88, 943]
['2019-03-28 15:52:00', 29.86, 29.86, 29.86, 29.88, 893]
['2019-03-28 15:51:00', 29.86, 29.86, 29.86, 29.86, 157]
['2019-03-28 15:50:00', 29.86, 29.87, 29.86, 29.87, 999]
['2019-03-28 15:49:00', 29.85, 29.85, 29.85, 29.85, 145]
['2019-03-28 15:48:00', 29.86, 29.86, 29.86, 29.86, 102]
['2019-03-28 15:47:00', 29.875, 29.875, 29.875, 29.875, 145]
['2019-03-28 15:46:00', 29.91, 29.88, 29.88, 29.91, 937]
['2019-03-28 15:45:00', 29.91, 29.91, 29.91, 29.91, 109]
['2019-03-28 15:44:00', 29.895, 29.91, 29.895, 29.91, 1036]
['2019-03-28 15:43:00', 29.88, 29.88, 29.88, 29.88, 200]
['2019-03-28 15:41:00', 29.88, 29.865, 29.865, 29.88, 1611]
['2019-03-28 15:40:00', 29.87, 29.87, 29.87, 29.87, 399]
['2019-03-28 15:39:00', 29.86, 29.86, 29.86, 29.86, 127]
['2019-03-28 15:38:00', 29.85, 29.8699, 29.85, 29.87, 943]
['2019-03-28 15:37:00', 29.84, 29.855, 29.84, 29.87, 962]
['2019-03-28 15:36:00', 29.875, 29.83, 29.83, 29.875, 2369]
['2019-03-28 15:35:00', 29.82, 29.865, 29.81, 29.865, 2386]
['2019-03-28 15:34:00', 29.85, 29.82, 29.82, 29.85, 1171]
['2019-03-28 15:33:00', 29.85, 29.85, 29.85, 29.85, 100]
['2019-03-28 15:31:00', 29.84, 29.84, 29.84, 29.84, 159]
['2019-03-28 15:30:00', 29.82, 29.82, 29.8, 29.83, 1687]
['2019-03-28 15:29:00', 29.865, 29.8295, 29.8295, 29.875, 2004]
['2019-03-28 15:28:00', 29.88, 29.875, 29.875, 29.92, 800]
['2019-03-28 15:27:00', 29.85, 29.85, 29.85, 29.85, 400]
['2019-03-28 15:26:00', 29.8, 29.775, 29.775, 29.8, 609]
['2019-03-28 15:25:00', 29.76, 29.76, 29.76, 29.76, 331]
['2019-03-28 15:24:00', 29.69, 29.73, 29.69, 29.73, 952]
['2019-03-28 15:23:00', 29.69, 29.67, 29.67, 29.69, 807]
['2019-03-28 15:22:00', 29.685, 29.685, 29.685, 29.685, 100]
['2019-03-28 15:21:00', 29.7, 29.675, 29.675, 29.7, 609]
['2019-03-28 15:20:00', 29.68, 29.68, 29.68, 29.69, 438]
['2019-03-28 15:17:00', 29.675, 29.675, 29.675, 29.675, 264]
['2019-03-28 15:16:00', 29.64, 29.675, 29.64, 29.675, 1724]
['2019-03-28 15:15:00', 29.645, 29.62, 29.62, 29.67, 531]
['2019-03-28 15:14:00', 29.67, 29.67, 29.66, 29.67, 1502]
['2019-03-28 15:13:00', 29.65, 29.665, 29.64, 29.68, 1928]
['2019-03-28 15:12:00', 29.665, 29.65, 29.65, 29.665, 379]
['2019-03-28 15:11:00', 29.61, 29.64, 29.55, 29.64, 1898]
['2019-03-28 15:10:00', 29.66, 29.63, 29.62, 29.67, 3839]
['2019-03-28 15:09:00', 29.67, 29.67, 29.67, 29.67, 535]
['2019-03-28 15:08:00', 29.67, 29.66, 29.65, 29.75, 2243]
['2019-03-28 15:07:00', 29.655, 29.63, 29.625, 29.685, 2296]
['2019-03-28 15:06:00', 29.68, 29.68, 29.68, 29.68, 585]
['2019-03-28 15:04:00', 29.57, 29.69, 29.57, 29.69, 1791]
['2019-03-28 15:03:00', 29.6, 29.59, 29.56, 29.61, 1503]
['2019-03-28 15:02:00', 29.56, 29.58, 29.55, 29.59, 1000]
['2019-03-28 14:59:00', 29.565, 29.56, 29.56, 29.565, 500]
['2019-03-28 14:58:00', 29.59, 29.58, 29.55, 29.59, 928]
['2019-03-28 14:57:00', 29.58, 29.58, 29.58, 29.58, 340]
['2019-03-28 14:56:00', 29.6, 29.555, 29.555, 29.6, 317]
['2019-03-28 14:54:00', 29.605, 29.555, 29.555, 29.605, 1188]
['2019-03-28 14:53:00', 29.575, 29.565, 29.555, 29.58, 1067]
['2019-03-28 14:52:00', 29.6, 29.58, 29.58, 29.6, 622]
['2019-03-28 14:51:00', 29.55, 29.55, 29.55, 29.55, 414]
['2019-03-28 14:50:00', 29.62, 29.565, 29.565, 29.62, 920]
['2019-03-28 14:49:00', 29.56, 29.61, 29.56, 29.65, 2149]
['2019-03-28 14:48:00', 29.59, 29.57, 29.56, 29.64, 3561]
['2019-03-28 14:47:00', 29.6, 29.56, 29.56, 29.6, 1022]
['2019-03-28 14:46:00', 29.65, 29.6425, 29.6425, 29.65, 231]
['2019-03-28 14:42:00', 29.56, 29.54, 29.54, 29.56, 645]
['2019-03-28 14:38:00', 29.53, 29.53, 29.53, 29.53, 175]
['2019-03-28 14:37:00', 29.53, 29.53, 29.53, 29.53, 100]
['2019-03-28 14:36:00', 29.55, 29.55, 29.55, 29.55, 2011]
['2019-03-28 14:35:00', 29.56, 29.455, 29.455, 29.56, 717]
['2019-03-28 14:34:00', 29.6, 29.57, 29.57, 29.6, 605]
['2019-03-28 14:33:00', 29.615, 29.6, 29.6, 29.615, 1510]
['2019-03-28 14:32:00', 29.585, 29.585, 29.585, 29.585, 120]
['2019-03-28 14:31:00', 29.59, 29.59, 29.59, 29.59, 100]
['2019-03-28 14:30:00', 29.61, 29.65, 29.61, 29.65, 464]
['2019-03-28 14:28:00', 29.6, 29.65, 29.6, 29.65, 507]
['2019-03-28 14:27:00', 29.65, 29.57, 29.56, 29.65, 996]
['2019-03-28 14:26:00', 29.59, 29.61, 29.59, 29.61, 786]
['2019-03-28 14:19:00', 29.6, 29.58, 29.58, 29.6, 574]
['2019-03-28 14:16:00', 29.63, 29.61, 29.61, 29.63, 466]
['2019-03-28 14:13:00', 29.625, 29.625, 29.625, 29.625, 137]
['2019-03-28 14:12:00', 29.6, 29.6, 29.6, 29.61, 588]
['2019-03-28 14:11:00', 29.58, 29.575, 29.575, 29.58, 205]
['2019-03-28 14:10:00', 29.5675, 29.525, 29.525, 29.5675, 299]
['2019-03-28 14:08:00', 29.49, 29.5, 29.44, 29.5, 2911]
['2019-03-28 14:07:00', 29.63, 29.58, 29.58, 29.63, 995]
['2019-03-28 14:06:00', 29.6475, 29.66, 29.6475, 29.66, 358]
['2019-03-28 14:04:00', 29.625, 29.625, 29.625, 29.625, 1000]
['2019-03-28 14:03:00', 29.57, 29.57, 29.57, 29.57, 100]
['2019-03-28 14:01:00', 29.63, 29.58, 29.58, 29.64, 740]
['2019-03-28 14:00:00', 29.58, 29.58, 29.58, 29.58, 400]
['2019-03-28 13:59:00', 29.69, 29.67, 29.66, 29.69, 560]
['2019-03-28 13:58:00', 29.77, 29.71, 29.61, 29.77, 1640]
['2019-03-28 13:57:00', 29.68, 29.68, 29.68, 29.68, 200]
['2019-03-28 13:54:00', 29.62, 29.62, 29.62, 29.62, 694]
['2019-03-28 13:52:00', 29.62, 29.595, 29.595, 29.62, 218]
['2019-03-28 13:50:00', 29.62, 29.62, 29.62, 29.62, 171]
['2019-03-28 13:48:00', 29.58, 29.61, 29.58, 29.61, 437]
['2019-03-28 13:46:00', 29.54, 29.54, 29.54, 29.54, 100]
['2019-03-28 13:39:00', 29.59, 29.58, 29.53, 29.59, 2377]
['2019-03-28 13:38:00', 29.6, 29.6, 29.6, 29.61, 328]
['2019-03-28 13:36:00', 29.66, 29.6, 29.6, 29.67, 736]
['2019-03-28 13:35:00', 29.65, 29.6401, 29.6401, 29.65, 201]
['2019-03-28 13:33:00', 29.68, 29.68, 29.68, 29.68, 100]
['2019-03-28 13:31:00', 29.62, 29.62, 29.62, 29.62, 116]
['2019-03-28 13:30:00', 29.655, 29.655, 29.655, 29.655, 123]
['2019-03-28 13:29:00', 29.69, 29.6201, 29.6201, 29.69, 300]
['2019-03-28 13:24:00', 29.665, 29.665, 29.665, 29.665, 470]
['2019-03-28 13:22:00', 29.62, 29.62, 29.62, 29.62, 353]
['2019-03-28 13:12:00', 29.5, 29.56, 29.5, 29.56, 2573]
['2019-03-28 13:11:00', 29.575, 29.57, 29.57, 29.575, 408]
['2019-03-28 13:10:00', 29.64, 29.64, 29.64, 29.685, 600]
['2019-03-28 13:09:00', 29.555, 29.72, 29.555, 29.72, 756]
['2019-03-28 13:08:00', 29.6, 29.6, 29.6, 29.6, 159]
['2019-03-28 13:07:00', 29.61, 29.59, 29.59, 29.65, 900]
['2019-03-28 13:02:00', 29.64, 29.64, 29.64, 29.64, 32119]
['2019-03-28 12:59:00', 29.61, 29.61, 29.61, 29.61, 0]
['2019-03-28 12:58:00', 29.53, 29.53, 29.53, 29.53, 100]
['2019-03-28 12:46:00', 29.43, 29.43, 29.43, 29.43, 111]
['2019-03-28 12:45:00', 29.53, 29.53, 29.53, 29.53, 224]
['2019-03-28 12:44:00', 29.51, 29.5199, 29.51, 29.5199, 200]
['2019-03-28 12:41:00', 29.48, 29.49, 29.48, 29.49, 705]
['2019-03-28 12:39:00', 29.51, 29.51, 29.51, 29.51, 222]
['2019-03-28 12:37:00', 29.5, 29.51, 29.5, 29.51, 577]
['2019-03-28 12:36:00', 29.51, 29.51, 29.51, 29.51, 100]
['2019-03-28 12:35:00', 29.51, 29.465, 29.465, 29.51, 668]
['2019-03-28 12:34:00', 29.53, 29.53, 29.53, 29.53, 200]
['2019-03-28 12:33:00', 29.62, 29.62, 29.62, 29.62, 100]
['2019-03-28 12:25:00', 29.565, 29.565, 29.565, 29.565, 100]
['2019-03-28 12:23:00', 29.555, 29.555, 29.555, 29.555, 300]
['2019-03-28 12:18:00', 29.46, 29.46, 29.46, 29.46, 657]
['2019-03-28 12:17:00', 29.485, 29.41, 29.41, 29.485, 835]
['2019-03-28 12:16:00', 29.49, 29.49, 29.45, 29.49, 900]
['2019-03-28 12:15:00', 29.495, 29.49, 29.45, 29.505, 1400]
['2019-03-28 12:14:00', 29.47, 29.47, 29.47, 29.47, 105]
['2019-03-28 11:57:00', 29.49, 29.48, 29.48, 29.49, 290]
['2019-03-28 11:55:00', 29.61, 29.61, 29.61, 29.61, 100]
['2019-03-28 11:48:00', 29.49, 29.495, 29.49, 29.5, 486]
['2019-03-28 11:45:00', 29.38, 29.38, 29.38, 29.38, 190]
['2019-03-28 11:43:00', 29.45, 29.455, 29.45, 29.455, 917]
['2019-03-28 11:38:00', 29.49, 29.49, 29.49, 29.49, 205]
['2019-03-28 11:37:00', 29.5, 29.5, 29.5, 29.5, 100]
['2019-03-28 11:34:00', 29.48, 29.47, 29.47, 29.48, 300]
['2019-03-28 11:32:00', 29.51, 29.495, 29.495, 29.51, 300]
['2019-03-28 11:30:00', 29.45, 29.45, 29.45, 29.45, 240]
['2019-03-28 11:27:00', 29.565, 29.52, 29.52, 29.565, 231]
['2019-03-28 11:25:00', 29.56, 29.56, 29.56, 29.56, 100]
['2019-03-28 11:22:00', 29.62, 29.62, 29.62, 29.62, 370]
['2019-03-28 11:14:00', 29.59, 29.59, 29.59, 29.59, 605]
['2019-03-28 11:12:00', 29.61, 29.59, 29.59, 29.61, 312]
['2019-03-28 11:11:00', 29.57, 29.55, 29.55, 29.57, 982]
['2019-03-28 11:10:00', 29.57, 29.57, 29.57, 29.57, 100]
['2019-03-28 11:09:00', 29.6, 29.6, 29.6, 29.6, 102]
['2019-03-28 11:07:00', 29.6, 29.6, 29.6, 29.6, 200]
['2019-03-28 11:04:00', 29.66, 29.66, 29.66, 29.66, 100]
['2019-03-28 11:02:00', 29.64, 29.64, 29.63, 29.72, 1444]
['2019-03-28 10:57:00', 29.76, 29.72, 29.72, 29.76, 300]
['2019-03-28 10:48:00', 29.76, 29.74, 29.72, 29.76, 605]
['2019-03-28 10:47:00', 29.8, 29.76, 29.76, 29.8, 200]
['2019-03-28 10:43:00', 29.67, 29.76, 29.67, 29.76, 1339]
['2019-03-28 10:42:00', 29.67, 29.67, 29.67, 29.67, 180]
['2019-03-28 10:14:00', 29.81, 29.81, 29.81, 29.81, 496]
['2019-03-28 10:13:00', 29.805, 29.805, 29.805, 29.805, 930]
['2019-03-28 10:11:00', 29.805, 29.805, 29.805, 29.805, 100]
['2019-03-28 10:10:00', 29.8, 29.8, 29.8, 29.8, 100]
['2019-03-28 10:09:00', 29.74, 29.74, 29.74, 29.74, 100]
['2019-03-28 10:07:00', 29.74, 29.74, 29.74, 29.74, 141]
['2019-03-28 10:06:00', 29.815, 29.815, 29.815, 29.815, 400]
['2019-03-28 10:05:00', 29.83, 29.83, 29.83, 29.83, 100]
['2019-03-28 10:03:00', 29.75, 29.75, 29.75, 29.75, 100]
['2019-03-28 10:02:00', 29.88, 29.88, 29.88, 29.88, 100]
['2019-03-28 10:01:00', 29.875, 29.875, 29.875, 29.875, 100]
['2019-03-28 09:56:00', 29.83, 29.83, 29.83, 29.83, 170]
['2019-03-28 09:55:00', 29.88, 29.82, 29.82, 29.9, 605]
['2019-03-28 09:54:00', 29.84, 29.8, 29.8, 29.84, 200]
['2019-03-28 09:52:00', 29.83, 29.915, 29.83, 29.915, 1100]
['2019-03-28 09:51:00', 29.835, 29.835, 29.835, 29.835, 1900]
['2019-03-28 09:50:00', 29.925, 29.83, 29.83, 29.93, 2089]
['2019-03-28 09:49:00', 29.875, 29.98, 29.875, 29.98, 2190]
['2019-03-28 09:45:00', 29.805, 29.805, 29.805, 29.805, 212]
['2019-03-28 09:38:00', 29.78, 29.78, 29.78, 29.78, 200]
['2019-03-28 09:33:00', 29.81, 29.89, 29.81, 29.89, 1153]
['2019-03-28 09:31:00', 29.84, 29.84, 29.84, 29.84, 841]
['2019-03-27 16:00:00', 29.86, 29.835, 29.82, 29.86, 1724]
['2019-03-27 15:59:00', 29.85, 29.85, 29.835, 29.86, 2512]
['2019-03-27 15:58:00', 29.86, 29.86, 29.86, 29.86, 100]
['2019-03-27 15:57:00', 29.83, 29.82, 29.81, 29.84, 1327]
['2019-03-27 15:56:00', 29.84, 29.82, 29.82, 29.84, 404]
['2019-03-27 15:54:00', 29.86, 29.86, 29.86, 29.86, 157]
['2019-03-27 15:52:00', 29.825, 29.825, 29.825, 29.825, 130]
['2019-03-27 15:44:00', 29.8, 29.82, 29.745, 29.865, 2305]
['2019-03-27 15:40:00', 29.76, 29.795, 29.76, 29.795, 919]
['2019-03-27 15:39:00', 29.8, 29.79, 29.79, 29.8, 200]
['2019-03-27 15:37:00', 29.79, 29.79, 29.79, 29.79, 175]
['2019-03-27 15:34:00', 29.79, 29.77, 29.77, 29.79, 433]
['2019-03-27 15:33:00', 29.82, 29.8, 29.8, 29.84, 1099]
['2019-03-27 15:30:00', 29.79, 29.79, 29.79, 29.79, 335]
['2019-03-27 15:26:00', 29.685, 29.67, 29.63, 29.685, 2634]
['2019-03-27 15:24:00', 29.66, 29.7, 29.66, 29.7, 707]
['2019-03-27 15:22:00', 29.61, 29.64, 29.61, 29.6499, 659]
['2019-03-27 15:21:00', 29.51, 29.58, 29.51, 29.58, 993]
['2019-03-27 15:20:00', 29.56, 29.515, 29.515, 29.56, 200]
['2019-03-27 15:19:00', 29.595, 29.595, 29.595, 29.595, 100]
['2019-03-27 15:18:00', 29.64, 29.58, 29.58, 29.64, 1223]
['2019-03-27 15:15:00', 29.64, 29.64, 29.64, 29.64, 105]
['2019-03-27 15:14:00', 29.64, 29.64, 29.64, 29.64, 100]
['2019-03-27 15:12:00', 29.7, 29.7, 29.7, 29.7, 127]
['2019-03-27 15:10:00', 29.61, 29.675, 29.61, 29.675, 625]
['2019-03-27 15:09:00', 29.64, 29.61, 29.61, 29.66, 1041]
['2019-03-27 15:08:00', 29.74, 29.67, 29.67, 29.74, 1434]
['2019-03-27 15:07:00', 29.77, 29.77, 29.77, 29.77, 100]
['2019-03-27 15:04:00', 29.68, 29.74, 29.68, 29.74, 705]
['2019-03-27 15:03:00', 29.75, 29.69, 29.69, 29.75, 942]
['2019-03-27 15:01:00', 29.78, 29.78, 29.78, 29.78, 100]
['2019-03-27 15:00:00', 29.775, 29.82, 29.775, 29.82, 3300]
['2019-03-27 14:56:00', 29.77, 29.77, 29.77, 29.77, 307]
['2019-03-27 14:51:00', 29.75, 29.75, 29.75, 29.75, 323]
['2019-03-27 14:48:00', 29.7, 29.7, 29.7, 29.7, 496]
['2019-03-27 14:41:00', 29.69, 29.67, 29.66, 29.69, 1091]
['2019-03-27 14:32:00', 29.77, 29.77, 29.77, 29.77, 208]
['2019-03-27 14:27:00', 29.82, 29.82, 29.82, 29.82, 407]
['2019-03-27 14:18:00', 29.86, 29.86, 29.86, 29.86, 115]
['2019-03-27 14:17:00', 29.88, 29.87, 29.87, 29.88, 200]
['2019-03-27 14:12:00', 29.87, 29.924, 29.82, 29.924, 1019]
['2019-03-27 14:09:00', 29.81, 29.81, 29.81, 29.81, 100]
['2019-03-27 14:08:00', 29.89, 29.89, 29.89, 29.89, 112]
['2019-03-27 14:06:00', 29.81, 29.81, 29.81, 29.81, 100]
['2019-03-27 14:00:00', 29.85, 29.85, 29.85, 29.85, 526]
['2019-03-27 13:48:00', 29.86, 29.86, 29.86, 29.86, 247]
['2019-03-27 13:46:00', 29.88, 29.87, 29.87, 29.88, 479]
['2019-03-27 13:43:00', 29.87, 29.87, 29.87, 29.87, 195]
['2019-03-27 13:35:00', 29.805, 29.805, 29.805, 29.805, 556]
['2019-03-27 13:24:00', 29.81, 29.73, 29.73, 29.81, 535]
['2019-03-27 13:16:00', 29.84, 29.82, 29.81, 29.84, 836]
['2019-03-27 13:15:00', 29.88, 29.84, 29.84, 29.88, 400]
['2019-03-27 13:14:00', 29.74, 29.76, 29.74, 29.76, 523]
['2019-03-27 13:13:00', 29.75, 29.67, 29.67, 29.75, 300]
['2019-03-27 13:03:00', 29.76, 29.76, 29.76, 29.76, 105]
['2019-03-27 13:02:00', 29.671, 29.7046, 29.671, 29.7046, 700]
['2019-03-27 13:01:00', 29.68, 29.68, 29.68, 29.68, 105]
['2019-03-27 12:59:00', 29.69, 29.69, 29.69, 29.69, 100]
['2019-03-27 12:58:00', 29.85, 29.85, 29.84, 29.85, 494]
['2019-03-27 12:56:00', 29.88, 29.88, 29.88, 29.88, 227]
['2019-03-27 12:53:00', 29.93, 29.93, 29.93, 29.93, 300]
['2019-03-27 12:52:00', 29.79, 29.79, 29.79, 29.79, 100]
['2019-03-27 12:51:00', 29.855, 29.855, 29.855, 29.855, 535]
['2019-03-27 12:46:00', 29.84, 29.84, 29.84, 29.84, 105]
['2019-03-27 12:40:00', 29.75, 29.75, 29.75, 29.75, 106]
['2019-03-27 12:24:00', 29.68, 29.68, 29.68, 29.68, 241]
['2019-03-27 12:11:00', 29.63, 29.5475, 29.545, 29.63, 545]
['2019-03-27 11:59:00', 29.63, 29.63, 29.63, 29.63, 106]
['2019-03-27 11:58:00', 29.49, 29.48, 29.48, 29.49, 255]
['2019-03-27 11:57:00', 29.405, 29.405, 29.405, 29.405, 361]
['2019-03-27 11:52:00', 29.32, 29.32, 29.32, 29.32, 112]
['2019-03-27 11:46:00', 29.405, 29.405, 29.405, 29.405, 114]
['2019-03-27 11:37:00', 29.46, 29.46, 29.46, 29.46, 408]
['2019-03-27 11:35:00', 29.56, 29.56, 29.56, 29.56, 662]
['2019-03-27 11:32:00', 29.48, 29.47, 29.47, 29.56, 2025]
['2019-03-27 11:24:00', 29.5125, 29.5125, 29.5125, 29.5125, 206]
['2019-03-27 11:17:00', 29.63, 29.63, 29.63, 29.63, 106]
['2019-03-27 11:14:00', 29.55, 29.55, 29.55, 29.55, 330]
['2019-03-27 11:06:00', 29.63, 29.63, 29.63, 29.63, 201]
['2019-03-27 11:04:00', 29.69, 29.65, 29.65, 29.69, 341]
['2019-03-27 11:02:00', 29.655, 29.655, 29.655, 29.655, 246]
['2019-03-27 10:56:00', 29.69, 29.69, 29.69, 29.69, 176]
['2019-03-27 10:49:00', 29.45, 29.45, 29.45, 29.45, 490]
['2019-03-27 10:48:00', 29.49, 29.49, 29.49, 29.49, 285]
['2019-03-27 10:47:00', 29.48, 29.47, 29.47, 29.48, 321]
['2019-03-27 10:38:00', 29.65, 29.64, 29.64, 29.65, 401]
['2019-03-27 10:31:00', 29.67, 29.67, 29.67, 29.67, 273]
['2019-03-27 10:25:00', 29.705, 29.705, 29.705, 29.705, 200]
['2019-03-27 10:09:00', 29.745, 29.745, 29.745, 29.745, 111]
['2019-03-27 10:08:00', 29.745, 29.745, 29.745, 29.745, 200]
['2019-03-27 10:03:00', 29.865, 29.865, 29.865, 29.865, 212]
['2019-03-27 10:01:00', 29.81, 29.785, 29.785, 29.81, 500]
['2019-03-27 09:59:00', 29.895, 29.9199, 29.895, 29.9199, 200]
['2019-03-27 09:58:00', 29.92, 29.92, 29.92, 29.92, 285]
['2019-03-27 09:55:00', 29.905, 29.905, 29.905, 29.905, 371]
['2019-03-27 09:54:00', 30.08, 29.89, 29.89, 30.08, 245]
['2019-03-27 09:52:00', 30.07, 30.065, 30.065, 30.07, 330]
['2019-03-27 09:50:00', 30.07, 30.07, 30.07, 30.07, 100]
['2019-03-27 09:44:00', 30.3375, 30.11, 30.11, 30.3375, 1400]
['2019-03-27 09:43:00', 30.115, 30.115, 30.115, 30.115, 200]
['2019-03-27 09:41:00', 30.115, 30.115, 30.115, 30.115, 494]
['2019-03-27 09:40:00', 30.115, 30.115, 30.115, 30.115, 210]
['2019-03-27 09:31:00', 29.72, 29.72, 29.72, 29.72, 779]
['2019-03-26 16:00:00', 29.79, 29.82, 29.79, 29.82, 1437]
['2019-03-26 15:59:00', 29.8, 29.8, 29.8, 29.8, 601]
['2019-03-26 15:57:00', 29.78, 29.77, 29.77, 29.78, 822]
['2019-03-26 15:56:00', 29.77, 29.805, 29.77, 29.805, 1158]
['2019-03-26 15:55:00', 29.755, 29.755, 29.755, 29.755, 199]
['2019-03-26 15:54:00', 29.73, 29.75, 29.73, 29.75, 1388]
['2019-03-26 15:51:00', 29.73, 29.73, 29.73, 29.73, 972]
['2019-03-26 15:50:00', 29.71, 29.67, 29.67, 29.71, 719]
['2019-03-26 15:49:00', 29.74, 29.74, 29.74, 29.74, 483]
['2019-03-26 15:47:00', 29.75, 29.75, 29.75, 29.75, 134]
['2019-03-26 15:46:00', 29.76, 29.76, 29.76, 29.76, 362]
['2019-03-26 15:41:00', 29.795, 29.795, 29.795, 29.795, 394]
['2019-03-26 15:38:00', 29.84, 29.84, 29.84, 29.84, 847]
['2019-03-26 15:31:00', 29.835, 29.835, 29.835, 29.835, 373]
['2019-03-26 15:21:00', 29.9, 29.9, 29.9, 29.9, 599]
['2019-03-26 15:14:00', 29.925, 29.925, 29.925, 29.925, 368]
['2019-03-26 15:10:00', 29.93, 29.93, 29.93, 29.93, 351]
['2019-03-26 15:03:00', 30.06, 29.98, 29.98, 30.06, 613]
['2019-03-26 15:00:00', 29.93, 29.93, 29.93, 29.93, 284]
['2019-03-26 14:56:00', 29.9, 29.9, 29.9, 29.9, 361]
['2019-03-26 14:49:00', 29.88, 29.88, 29.88, 29.88, 158]
['2019-03-26 14:45:00', 29.89, 29.89, 29.89, 29.89, 254]
['2019-03-26 14:39:00', 29.83, 29.83, 29.83, 29.83, 235]
['2019-03-26 14:26:00', 29.775, 29.775, 29.775, 29.775, 878]
['2019-03-26 14:18:00', 29.79, 29.79, 29.79, 29.79, 351]
['2019-03-26 14:14:00', 29.73, 29.73, 29.73, 29.73, 241]
['2019-03-26 14:12:00', 29.755, 29.755, 29.755, 29.755, 111]
['2019-03-26 14:06:00', 29.68, 29.68, 29.68, 29.68, 749]
['2019-03-26 13:56:00', 29.74, 29.74, 29.74, 29.74, 261]
['2019-03-26 13:44:00', 29.75, 29.75, 29.75, 29.75, 244]
['2019-03-26 13:41:00', 29.87, 29.81, 29.81, 29.87, 466]
['2019-03-26 13:34:00', 29.895, 29.895, 29.895, 29.895, 1417]
['2019-03-26 13:31:00', 29.9, 29.9, 29.9, 29.9, 911]
['2019-03-26 13:16:00', 29.93, 29.93, 29.93, 29.93, 406]
['2019-03-26 13:15:00', 29.99, 29.99, 29.99, 29.99, 200]
['2019-03-26 13:14:00', 29.95, 29.95, 29.95, 29.95, 324]
['2019-03-26 13:09:00', 29.95, 29.95, 29.95, 29.95, 231]
['2019-03-26 13:01:00', 29.99, 29.99, 29.99, 29.99, 438]
['2019-03-26 13:00:00', 29.935, 29.935, 29.935, 29.935, 111]
['2019-03-26 12:39:00', 30.04, 30.04, 30.04, 30.04, 174]
['2019-03-26 12:38:00', 30.01, 30.01, 30.01, 30.01, 100]
['2019-03-26 12:31:00', 29.84, 29.84, 29.84, 29.84, 114]
['2019-03-26 12:24:00', 29.91, 29.91, 29.91, 29.91, 367]
['2019-03-26 12:20:00', 29.94, 29.94, 29.94, 29.94, 105]
['2019-03-26 12:10:00', 29.92, 29.92, 29.92, 29.92, 150]
['2019-03-26 12:05:00', 30.07, 30.07, 30.07, 30.07, 111]
['2019-03-26 12:03:00', 30.08, 30.08, 30.08, 30.08, 300]
['2019-03-26 12:00:00', 29.93, 29.93, 29.93, 29.93, 122]
['2019-03-26 11:58:00', 29.93, 29.93, 29.93, 29.93, 200]
['2019-03-26 11:56:00', 30.04, 30.04, 30.04, 30.04, 506]
['2019-03-26 11:55:00', 29.91, 29.91, 29.91, 29.91, 111]
['2019-03-26 11:45:00', 30.15, 30.19, 30.15, 30.19, 1525]
['2019-03-26 11:44:00', 30.17, 30.17, 30.17, 30.17, 354]
['2019-03-26 11:43:00', 30.21, 30.16, 30.16, 30.21, 2526]
['2019-03-26 11:42:00', 30.2, 30.2, 30.2, 30.2, 590]
['2019-03-26 11:41:00', 30.21, 30.21, 30.21, 30.21, 330]
['2019-03-26 11:40:00', 30.1798, 30.1798, 30.1798, 30.1798, 840]
['2019-03-26 11:39:00', 30.22, 30.22, 30.22, 30.22, 2029]
['2019-03-26 11:32:00', 30.11, 30.11, 30.11, 30.11, 899]
['2019-03-26 11:29:00', 30.05, 30.05, 30.05, 30.05, 620]
['2019-03-26 11:21:00', 30.03, 30.03, 30.03, 30.03, 603]
['2019-03-26 11:14:00', 30.23, 30.23, 30.23, 30.23, 125]
['2019-03-26 10:56:00', 30.23, 30.23, 30.23, 30.23, 275]
['2019-03-26 10:55:00', 30.16, 30.16, 30.16, 30.16, 344]
['2019-03-26 10:49:00', 29.97, 29.97, 29.97, 29.97, 640]
['2019-03-26 10:39:00', 29.89, 29.89, 29.89, 29.89, 214]
['2019-03-26 10:38:00', 29.91, 29.91, 29.91, 29.91, 100]
['2019-03-26 10:21:00', 29.82, 29.86, 29.82, 29.86, 1291]
['2019-03-26 10:18:00', 29.79, 29.79, 29.79, 29.79, 134]
['2019-03-26 10:13:00', 29.87, 29.87, 29.87, 29.87, 246]
['2019-03-26 10:10:00', 30.015, 30.015, 30.015, 30.015, 3000]
['2019-03-26 10:06:00', 30.16, 30.2, 30.16, 30.2, 2128]
['2019-03-26 10:03:00', 30.23, 30.23, 30.23, 30.23, 711]
['2019-03-26 09:31:00', 30.12, 30.12, 30.12, 30.12, 719]
['2019-03-25 16:00:00', 29.81, 29.77, 29.77, 29.81, 1752]
['2019-03-25 15:59:00', 29.81, 29.81, 29.81, 29.81, 1049]
['2019-03-25 15:58:00', 29.82, 29.82, 29.82, 29.82, 350]
['2019-03-25 15:57:00', 29.815, 29.815, 29.815, 29.815, 791]
['2019-03-25 15:56:00', 29.77, 29.77, 29.77, 29.77, 348]
['2019-03-25 15:55:00', 29.77, 29.77, 29.77, 29.77, 250]
['2019-03-25 15:54:00', 29.79, 29.79, 29.79, 29.79, 366]
['2019-03-25 15:53:00', 29.78, 29.815, 29.78, 29.815, 876]
['2019-03-25 15:52:00', 29.79, 29.79, 29.79, 29.79, 234]
['2019-03-25 15:51:00', 29.81, 29.81, 29.81, 29.81, 259]
['2019-03-25 15:50:00', 29.8, 29.8, 29.8, 29.8, 218]
['2019-03-25 15:49:00', 29.84, 29.84, 29.84, 29.84, 572]
['2019-03-25 15:48:00', 29.855, 29.855, 29.855, 29.855, 121]
['2019-03-25 15:47:00', 29.84, 29.87, 29.84, 29.87, 979]
['2019-03-25 15:45:00', 29.885, 29.885, 29.885, 29.885, 204]
['2019-03-25 15:44:00', 29.82, 29.82, 29.82, 29.82, 321]
['2019-03-25 15:43:00', 29.855, 29.855, 29.855, 29.855, 180]
['2019-03-25 15:41:00', 29.82, 29.82, 29.82, 29.82, 310]
['2019-03-25 15:40:00', 29.88, 29.88, 29.88, 29.88, 240]
['2019-03-25 15:36:00', 29.89, 29.89, 29.89, 29.89, 312]
['2019-03-25 15:34:00', 29.91, 29.91, 29.91, 29.91, 300]
['2019-03-25 15:33:00', 29.85, 29.85, 29.85, 29.85, 996]
['2019-03-25 15:32:00', 29.89, 29.89, 29.89, 29.89, 207]
['2019-03-25 15:27:00', 29.915, 29.915, 29.915, 29.915, 394]
['2019-03-25 15:25:00', 29.915, 29.88, 29.88, 29.915, 666]
['2019-03-25 15:23:00', 29.92, 29.92, 29.92, 29.92, 575]
['2019-03-25 15:22:00', 29.92, 29.92, 29.92, 29.92, 214]
['2019-03-25 15:18:00', 29.8944, 29.8944, 29.8944, 29.8944, 337]
['2019-03-25 15:09:00', 29.9, 29.9, 29.9, 29.9, 200]
['2019-03-25 15:07:00', 30.03, 29.94, 29.94, 30.03, 1062]
['2019-03-25 15:03:00', 30.09, 30.09, 30.09, 30.09, 248]
['2019-03-25 15:01:00', 29.99, 30.0, 29.99, 30.0, 657]
['2019-03-25 14:58:00', 29.905, 29.905, 29.905, 29.905, 431]
['2019-03-25 14:57:00', 29.96, 29.96, 29.96, 29.96, 207]
['2019-03-25 14:56:00', 29.96, 29.96, 29.96, 29.96, 101]
['2019-03-25 14:48:00', 29.88, 29.88, 29.88, 29.88, 558]
['2019-03-25 14:45:00', 29.92, 29.92, 29.92, 29.92, 430]
['2019-03-25 14:44:00', 29.97, 29.905, 29.905, 29.97, 819]
['2019-03-25 14:42:00', 29.9, 29.9, 29.9, 29.9, 173]
['2019-03-25 14:34:00', 29.79, 29.79, 29.79, 29.79, 144]
['2019-03-25 14:18:00', 29.78, 29.78, 29.78, 29.78, 487]
['2019-03-25 14:16:00', 29.82, 29.775, 29.775, 29.82, 486]
['2019-03-25 14:14:00', 29.73, 29.73, 29.73, 29.73, 398]
['2019-03-25 14:13:00', 29.79, 29.79, 29.79, 29.79, 517]
['2019-03-25 14:10:00', 29.74, 29.74, 29.74, 29.74, 455]
['2019-03-25 14:04:00', 29.83, 29.83, 29.83, 29.83, 131]
['2019-03-25 13:52:00', 29.84, 29.84, 29.84, 29.84, 363]
['2019-03-25 13:46:00', 29.83, 29.84, 29.83, 29.84, 478]
['2019-03-25 13:44:00', 29.685, 29.685, 29.685, 29.685, 618]
['2019-03-25 13:16:00', 29.87, 29.87, 29.87, 29.87, 597]
['2019-03-25 13:11:00', 29.85, 29.85, 29.85, 29.85, 215]
['2019-03-25 13:07:00', 29.84, 29.87, 29.84, 29.87, 760]
['2019-03-25 13:05:00', 29.795, 29.74, 29.74, 29.795, 447]
['2019-03-25 12:57:00', 29.92, 29.92, 29.92, 29.92, 352]
['2019-03-25 12:56:00', 29.6, 29.6, 29.6, 29.6, 715]
['2019-03-25 12:28:00', 29.91, 29.81, 29.81, 29.91, 713]
['2019-03-25 12:04:00', 30.0, 30.0, 30.0, 30.0, 365]
['2019-03-25 12:00:00', 29.93, 29.93, 29.93, 29.93, 115]
['2019-03-25 11:58:00', 29.89, 29.99, 29.89, 29.99, 543]
['2019-03-25 11:51:00', 29.81, 29.81, 29.81, 29.81, 327]
['2019-03-25 11:50:00', 29.92, 29.92, 29.92, 29.92, 434]
['2019-03-25 11:41:00', 30.03, 30.03, 30.03, 30.03, 130]
['2019-03-25 11:36:00', 30.035, 30.035, 30.035, 30.035, 405]
['2019-03-25 11:31:00', 30.27, 30.27, 30.27, 30.27, 211]
['2019-03-25 11:25:00', 30.1, 30.1, 30.1, 30.1, 644]
['2019-03-25 11:22:00', 30.1, 30.1, 30.1, 30.1, 123]
['2019-03-25 11:13:00', 29.89, 29.89, 29.89, 29.89, 450]
['2019-03-25 11:09:00', 29.93, 29.93, 29.93, 29.93, 123]
['2019-03-25 10:54:00', 29.85, 29.85, 29.85, 29.85, 433]
['2019-03-25 10:41:00', 29.74, 29.74, 29.74, 29.74, 353]
['2019-03-25 10:34:00', 29.75, 29.75, 29.75, 29.75, 257]
['2019-03-25 10:33:00', 29.75, 29.75, 29.75, 29.75, 208]
['2019-03-25 10:30:00', 29.75, 29.7, 29.7, 29.75, 667]
['2019-03-25 10:26:00', 29.55, 29.55, 29.55, 29.55, 569]
['2019-03-25 10:23:00', 29.6, 29.6, 29.6, 29.6, 468]
['2019-03-25 10:18:00', 29.55, 29.55, 29.55, 29.55, 327]
['2019-03-25 09:49:00', 29.74, 29.74, 29.74, 29.74, 354]
['2019-03-25 09:47:00', 29.94, 29.94, 29.94, 29.94, 500]
['2019-03-25 09:40:00', 30.04, 30.04, 30.04, 30.04, 186]
['2019-03-25 09:31:00', 30.0, 30.0, 30.0, 30.0, 0]
