AWF
['2019-03-29 16:00:00', 11.6, 11.6, 11.6, 11.6, 11261]
['2019-03-29 15:58:00', 11.605, 11.61, 11.605, 11.62, 4241]
['2019-03-29 15:57:00', 11.6, 11.6, 11.6, 11.61, 4100]
['2019-03-29 15:56:00', 11.61, 11.61, 11.61, 11.61, 200]
['2019-03-29 15:55:00', 11.605, 11.6, 11.6, 11.605, 1272]
['2019-03-29 15:54:00', 11.605, 11.605, 11.605, 11.605, 100]
['2019-03-29 15:53:00', 11.605, 11.605, 11.605, 11.605, 200]
['2019-03-29 15:52:00', 11.605, 11.605, 11.605, 11.605, 100]
['2019-03-29 15:51:00', 11.605, 11.605, 11.605, 11.605, 100]
['2019-03-29 15:50:00', 11.605, 11.605, 11.605, 11.605, 200]
['2019-03-29 15:49:00', 11.6, 11.61, 11.6, 11.61, 480]
['2019-03-29 15:48:00', 11.61, 11.605, 11.605, 11.61, 635]
['2019-03-29 15:46:00', 11.615, 11.62, 11.61, 11.62, 2398]
['2019-03-29 15:44:00', 11.6144, 11.615, 11.6144, 11.615, 260]
['2019-03-29 15:43:00', 11.615, 11.615, 11.615, 11.615, 884]
['2019-03-29 15:42:00', 11.62, 11.62, 11.62, 11.62, 100]
['2019-03-29 15:39:00', 11.62, 11.61, 11.61, 11.62, 575]
['2019-03-29 15:38:00', 11.62, 11.62, 11.615, 11.62, 4200]
['2019-03-29 15:34:00', 11.615, 11.62, 11.6101, 11.62, 1800]
['2019-03-29 15:29:00', 11.6175, 11.615, 11.615, 11.6175, 1525]
['2019-03-29 15:28:00', 11.62, 11.6157, 11.6157, 11.62, 290]
['2019-03-29 15:27:00', 11.615, 11.615, 11.615, 11.615, 100]
['2019-03-29 15:20:00', 11.615, 11.615, 11.615, 11.615, 104]
['2019-03-29 15:17:00', 11.62, 11.62, 11.62, 11.62, 317]
['2019-03-29 15:16:00', 11.62, 11.62, 11.61, 11.625, 4569]
['2019-03-29 15:12:00', 11.625, 11.625, 11.625, 11.625, 121]
['2019-03-29 15:10:00', 11.62, 11.62, 11.62, 11.62, 400]
['2019-03-29 15:04:00', 11.625, 11.62, 11.62, 11.63, 1300]
['2019-03-29 15:03:00', 11.625, 11.62, 11.62, 11.625, 200]
['2019-03-29 14:59:00', 11.6201, 11.6201, 11.6201, 11.6201, 625]
['2019-03-29 14:58:00', 11.62, 11.625, 11.62, 11.6282, 700]
['2019-03-29 14:57:00', 11.625, 11.625, 11.625, 11.625, 100]
['2019-03-29 14:53:00', 11.62, 11.62, 11.62, 11.62, 600]
['2019-03-29 14:51:00', 11.6252, 11.62, 11.62, 11.6252, 1101]
['2019-03-29 14:48:00', 11.63, 11.63, 11.63, 11.63, 101]
['2019-03-29 14:46:00', 11.6226, 11.6226, 11.6226, 11.6226, 303]
['2019-03-29 14:41:00', 11.621, 11.625, 11.6201, 11.625, 995]
['2019-03-29 14:40:00', 11.62, 11.62, 11.62, 11.62, 100]
['2019-03-29 14:39:00', 11.63, 11.627, 11.62, 11.63, 1046]
['2019-03-29 14:35:00', 11.625, 11.625, 11.625, 11.625, 146]
['2019-03-29 14:33:00', 11.621, 11.621, 11.621, 11.621, 2094]
['2019-03-29 14:32:00', 11.625, 11.625, 11.625, 11.625, 100]
['2019-03-29 14:28:00', 11.625, 11.63, 11.625, 11.63, 200]
['2019-03-29 14:25:00', 11.62, 11.62, 11.62, 11.62, 110]
['2019-03-29 14:22:00', 11.627, 11.627, 11.627, 11.627, 2000]
['2019-03-29 14:20:00', 11.625, 11.63, 11.625, 11.63, 200]
['2019-03-29 14:12:00', 11.625, 11.625, 11.625, 11.625, 100]
['2019-03-29 14:11:00', 11.6269, 11.6269, 11.6269, 11.6269, 200]
['2019-03-29 14:10:00', 11.625, 11.62, 11.62, 11.625, 200]
['2019-03-29 14:09:00', 11.63, 11.63, 11.63, 11.63, 101]
['2019-03-29 14:04:00', 11.625, 11.625, 11.625, 11.625, 103]
['2019-03-29 14:02:00', 11.624, 11.624, 11.624, 11.624, 101]
['2019-03-29 13:59:00', 11.6218, 11.6218, 11.6218, 11.6218, 2063]
['2019-03-29 13:55:00', 11.62, 11.62, 11.62, 11.62, 102]
['2019-03-29 13:51:00', 11.62, 11.62, 11.62, 11.62, 220]
['2019-03-29 13:46:00', 11.624, 11.624, 11.624, 11.624, 200]
['2019-03-29 13:43:00', 11.625, 11.6232, 11.62, 11.63, 3280]
['2019-03-29 13:42:00', 11.62, 11.63, 11.62, 11.63, 580]
['2019-03-29 13:39:00', 11.6229, 11.6229, 11.6229, 11.6229, 233]
['2019-03-29 13:38:00', 11.625, 11.62, 11.62, 11.625, 950]
['2019-03-29 13:33:00', 11.627, 11.627, 11.627, 11.627, 278]
['2019-03-29 13:31:00', 11.6231, 11.6231, 11.6231, 11.6231, 400]
['2019-03-29 13:28:00', 11.625, 11.625, 11.625, 11.625, 100]
['2019-03-29 13:20:00', 11.625, 11.62, 11.62, 11.63, 2052]
['2019-03-29 13:18:00', 11.625, 11.6201, 11.62, 11.63, 2600]
['2019-03-29 13:16:00', 11.625, 11.625, 11.625, 11.625, 259]
['2019-03-29 13:14:00', 11.625, 11.6251, 11.625, 11.63, 2801]
['2019-03-29 13:09:00', 11.6268, 11.6268, 11.6268, 11.6268, 353]
['2019-03-29 13:07:00', 11.63, 11.63, 11.63, 11.63, 403]
['2019-03-29 13:04:00', 11.625, 11.625, 11.625, 11.625, 100]
['2019-03-29 13:02:00', 11.62, 11.62, 11.62, 11.62, 100]
['2019-03-29 13:01:00', 11.63, 11.63, 11.63, 11.63, 330]
['2019-03-29 12:42:00', 11.63, 11.6299, 11.6251, 11.63, 1353]
['2019-03-29 12:41:00', 11.62, 11.6234, 11.62, 11.6234, 3941]
['2019-03-29 12:40:00', 11.615, 11.62, 11.615, 11.62, 5107]
['2019-03-29 12:38:00', 11.61, 11.61, 11.61, 11.61, 300]
['2019-03-29 12:27:00', 11.61, 11.61, 11.61, 11.61, 100]
['2019-03-29 12:24:00', 11.6147, 11.6147, 11.6147, 11.6147, 500]
['2019-03-29 12:23:00', 11.61, 11.61, 11.61, 11.61, 100]
['2019-03-29 12:14:00', 11.62, 11.62, 11.62, 11.62, 992]
['2019-03-29 12:11:00', 11.62, 11.62, 11.62, 11.62, 131]
['2019-03-29 12:09:00', 11.6216, 11.6216, 11.6216, 11.6216, 1500]
['2019-03-29 12:02:00', 11.62, 11.6234, 11.62, 11.6234, 393]
['2019-03-29 11:56:00', 11.62, 11.62, 11.62, 11.62, 493]
['2019-03-29 11:45:00', 11.62, 11.62, 11.62, 11.62, 101]
['2019-03-29 11:41:00', 11.6201, 11.6201, 11.6201, 11.6201, 1000]
['2019-03-29 11:38:00', 11.62, 11.62, 11.62, 11.62, 1100]
['2019-03-29 11:36:00', 11.62, 11.62, 11.62, 11.62, 767]
['2019-03-29 11:30:00', 11.6266, 11.6266, 11.6266, 11.6266, 500]
['2019-03-29 11:28:00', 11.6266, 11.627, 11.625, 11.63, 750]
['2019-03-29 11:23:00', 11.6263, 11.62, 11.62, 11.6263, 1000]
['2019-03-29 11:18:00', 11.63, 11.63, 11.63, 11.63, 760]
['2019-03-29 11:13:00', 11.625, 11.6287, 11.625, 11.6299, 2000]
['2019-03-29 11:07:00', 11.62, 11.62, 11.62, 11.62, 122]
['2019-03-29 11:04:00', 11.635, 11.63, 11.63, 11.635, 3814]
['2019-03-29 11:01:00', 11.635, 11.635, 11.635, 11.635, 365]
['2019-03-29 11:00:00', 11.64, 11.64, 11.64, 11.64, 195]
['2019-03-29 10:56:00', 11.64, 11.6357, 11.63, 11.64, 1800]
['2019-03-29 10:53:00', 11.6335, 11.6335, 11.6335, 11.6335, 272]
['2019-03-29 10:47:00', 11.6332, 11.6356, 11.6332, 11.6356, 731]
['2019-03-29 10:44:00', 11.6348, 11.6348, 11.6348, 11.6348, 772]
['2019-03-29 10:37:00', 11.63, 11.63, 11.63, 11.63, 504]
['2019-03-29 10:33:00', 11.6375, 11.6375, 11.6375, 11.6375, 1503]
['2019-03-29 10:30:00', 11.639, 11.6399, 11.639, 11.6399, 1148]
['2019-03-29 10:27:00', 11.6301, 11.6301, 11.6301, 11.6301, 200]
['2019-03-29 10:23:00', 11.63, 11.64, 11.63, 11.64, 1000]
['2019-03-29 10:21:00', 11.625, 11.625, 11.625, 11.625, 100]
['2019-03-29 10:19:00', 11.63, 11.63, 11.63, 11.63, 229]
['2019-03-29 10:17:00', 11.6283, 11.6283, 11.6283, 11.6283, 500]
['2019-03-29 10:13:00', 11.63, 11.63, 11.63, 11.63, 100]
['2019-03-29 10:11:00', 11.62, 11.62, 11.61, 11.62, 3612]
['2019-03-29 10:05:00', 11.62, 11.62, 11.62, 11.62, 150]
['2019-03-29 10:03:00', 11.6132, 11.6, 11.6, 11.6132, 1640]
['2019-03-29 10:00:00', 11.6, 11.6, 11.6, 11.6, 607]
['2019-03-29 09:39:00', 11.6, 11.6, 11.6, 11.6, 1082]
['2019-03-29 09:38:00', 11.5953, 11.5953, 11.5953, 11.5953, 4935]
['2019-03-28 16:00:00', 11.58, 11.57, 11.57, 11.58, 1350]
['2019-03-28 15:58:00', 11.58, 11.58, 11.58, 11.58, 130]
['2019-03-28 15:55:00', 11.57, 11.57, 11.57, 11.57, 218]
['2019-03-28 15:53:00', 11.57, 11.57, 11.57, 11.57, 200]
['2019-03-28 15:52:00', 11.57, 11.57, 11.57, 11.572, 4427]
['2019-03-28 15:51:00', 11.57, 11.57, 11.57, 11.57, 115]
['2019-03-28 15:49:00', 11.5785, 11.5785, 11.5785, 11.5785, 500]
['2019-03-28 15:45:00', 11.57, 11.5701, 11.57, 11.5701, 830]
['2019-03-28 15:43:00', 11.57, 11.57, 11.57, 11.57, 100]
['2019-03-28 15:39:00', 11.571, 11.5729, 11.57, 11.5798, 1600]
['2019-03-28 15:38:00', 11.57, 11.57, 11.57, 11.57, 100]
['2019-03-28 15:36:00', 11.57, 11.5764, 11.57, 11.58, 1100]
['2019-03-28 15:32:00', 11.575, 11.57, 11.57, 11.58, 2400]
['2019-03-28 15:28:00', 11.575, 11.58, 11.575, 11.58, 1689]
['2019-03-28 15:25:00', 11.57, 11.57, 11.57, 11.57, 100]
['2019-03-28 15:23:00', 11.5701, 11.5701, 11.5701, 11.5701, 300]
['2019-03-28 15:18:00', 11.575, 11.575, 11.575, 11.575, 466]
['2019-03-28 15:17:00', 11.57, 11.57, 11.57, 11.57, 100]
['2019-03-28 15:04:00', 11.58, 11.5733, 11.5733, 11.58, 4474]
['2019-03-28 15:03:00', 11.58, 11.58, 11.58, 11.58, 100]
['2019-03-28 14:56:00', 11.585, 11.58, 11.58, 11.585, 914]
['2019-03-28 14:53:00', 11.58, 11.58, 11.58, 11.58, 100]
['2019-03-28 14:52:00', 11.585, 11.585, 11.585, 11.585, 100]
['2019-03-28 14:51:00', 11.585, 11.5815, 11.5815, 11.585, 200]
['2019-03-28 14:43:00', 11.58, 11.58, 11.58, 11.58, 110]
['2019-03-28 14:42:00', 11.585, 11.5899, 11.585, 11.5899, 2772]
['2019-03-28 14:37:00', 11.58, 11.58, 11.58, 11.58, 100]
['2019-03-28 14:33:00', 11.5895, 11.5895, 11.5895, 11.5895, 2180]
['2019-03-28 14:30:00', 11.58, 11.58, 11.58, 11.58, 100]
['2019-03-28 14:28:00', 11.585, 11.5801, 11.58, 11.585, 2868]
['2019-03-28 14:27:00', 11.5843, 11.5843, 11.5843, 11.5843, 2861]
['2019-03-28 14:20:00', 11.58, 11.58, 11.58, 11.58, 103]
['2019-03-28 14:11:00', 11.5833, 11.5833, 11.5833, 11.5833, 1005]
['2019-03-28 14:06:00', 11.585, 11.5899, 11.585, 11.5899, 1302]
['2019-03-28 14:04:00', 11.58, 11.58, 11.58, 11.58, 100]
['2019-03-28 14:02:00', 11.5878, 11.585, 11.585, 11.5878, 300]
['2019-03-28 14:01:00', 11.5838, 11.5838, 11.5838, 11.5838, 200]
['2019-03-28 13:58:00', 11.59, 11.59, 11.59, 11.59, 614]
['2019-03-28 13:52:00', 11.58, 11.58, 11.58, 11.58, 102]
['2019-03-28 13:46:00', 11.5866, 11.5866, 11.5866, 11.5866, 155]
['2019-03-28 13:43:00', 11.58, 11.58, 11.58, 11.58, 200]
['2019-03-28 13:37:00', 11.58, 11.58, 11.58, 11.58, 103]
['2019-03-28 13:28:00', 11.5857, 11.5857, 11.5857, 11.5857, 1091]
['2019-03-28 13:27:00', 11.58, 11.58, 11.58, 11.58, 150]
['2019-03-28 13:22:00', 11.581, 11.581, 11.581, 11.581, 976]
['2019-03-28 13:21:00', 11.5899, 11.5899, 11.5899, 11.5899, 100]
['2019-03-28 13:13:00', 11.5832, 11.5801, 11.5801, 11.5833, 612]
['2019-03-28 13:09:00', 11.5865, 11.5865, 11.5865, 11.5865, 304]
['2019-03-28 13:05:00', 11.58, 11.5834, 11.58, 11.59, 2520]
['2019-03-28 13:02:00', 11.5849, 11.5849, 11.5849, 11.5849, 300]
['2019-03-28 12:55:00', 11.5869, 11.5869, 11.5869, 11.5869, 188]
['2019-03-28 12:54:00', 11.5833, 11.5833, 11.5833, 11.5833, 350]
['2019-03-28 12:50:00', 11.58, 11.585, 11.58, 11.585, 200]
['2019-03-28 12:46:00', 11.5863, 11.5899, 11.5863, 11.5899, 1105]
['2019-03-28 12:45:00', 11.585, 11.5822, 11.5822, 11.585, 693]
['2019-03-28 12:39:00', 11.5891, 11.5891, 11.5891, 11.5891, 200]
['2019-03-28 12:36:00', 11.59, 11.59, 11.59, 11.59, 5098]
['2019-03-28 12:32:00', 11.5913, 11.6, 11.5913, 11.6, 1777]
['2019-03-28 12:23:00', 11.5963, 11.597, 11.5963, 11.6, 1900]
['2019-03-28 12:11:00', 11.6, 11.6, 11.5999, 11.6, 1100]
['2019-03-28 12:07:00', 11.6, 11.6, 11.6, 11.6, 201]
['2019-03-28 11:49:00', 11.59, 11.5871, 11.5871, 11.59, 2257]
['2019-03-28 11:45:00', 11.58, 11.58, 11.58, 11.58, 102]
['2019-03-28 11:41:00', 11.589, 11.589, 11.589, 11.589, 2561]
['2019-03-28 11:35:00', 11.5844, 11.585, 11.5844, 11.585, 4511]
['2019-03-28 11:31:00', 11.58, 11.58, 11.58, 11.58, 100]
['2019-03-28 11:29:00', 11.59, 11.59, 11.59, 11.59, 100]
['2019-03-28 11:24:00', 11.5877, 11.5877, 11.5877, 11.5877, 860]
['2019-03-28 11:23:00', 11.58, 11.5856, 11.58, 11.5856, 1900]
['2019-03-28 11:20:00', 11.59, 11.59, 11.59, 11.59, 1410]
['2019-03-28 11:19:00', 11.58, 11.58, 11.58, 11.58, 102]
['2019-03-28 11:18:00', 11.59, 11.59, 11.59, 11.59, 400]
['2019-03-28 11:07:00', 11.6, 11.6, 11.6, 11.6, 1533]
['2019-03-28 10:58:00', 11.605, 11.605, 11.605, 11.605, 626]
['2019-03-28 10:55:00', 11.6067, 11.6067, 11.6067, 11.6067, 231]
['2019-03-28 10:54:00', 11.6067, 11.6067, 11.6067, 11.6067, 327]
['2019-03-28 10:53:00', 11.6049, 11.6049, 11.6049, 11.6049, 105]
['2019-03-28 10:50:00', 11.6004, 11.609, 11.6, 11.609, 2708]
['2019-03-28 10:48:00', 11.6, 11.6, 11.6, 11.6, 200]
['2019-03-28 10:47:00', 11.6053, 11.6053, 11.6053, 11.6053, 100]
['2019-03-28 10:46:00', 11.605, 11.6049, 11.6049, 11.605, 734]
['2019-03-28 10:41:00', 11.605, 11.605, 11.605, 11.605, 101]
['2019-03-28 10:37:00', 11.6048, 11.6, 11.6, 11.6048, 602]
['2019-03-28 10:33:00', 11.6, 11.6, 11.6, 11.6, 100]
['2019-03-28 10:26:00', 11.6099, 11.6099, 11.6099, 11.6099, 202]
['2019-03-28 10:25:00', 11.6, 11.6, 11.6, 11.6, 1173]
['2019-03-28 10:23:00', 11.61, 11.605, 11.605, 11.61, 1781]
['2019-03-28 10:22:00', 11.6154, 11.6154, 11.6154, 11.6154, 100]
['2019-03-28 10:09:00', 11.615, 11.615, 11.615, 11.615, 102]
['2019-03-28 10:06:00', 11.61, 11.61, 11.61, 11.61, 100]
['2019-03-28 09:59:00', 11.6183, 11.619, 11.6183, 11.619, 1506]
['2019-03-28 09:51:00', 11.6185, 11.6185, 11.6185, 11.6185, 552]
['2019-03-28 09:48:00', 11.614, 11.61, 11.61, 11.614, 663]
['2019-03-28 09:46:00', 11.6159, 11.6159, 11.6159, 11.6159, 1050]
['2019-03-28 09:41:00', 11.6115, 11.6115, 11.6115, 11.6115, 100]
['2019-03-28 09:40:00', 11.61, 11.61, 11.61, 11.61, 141]
['2019-03-28 09:31:00', 11.63, 11.63, 11.63, 11.63, 5571]
['2019-03-27 16:00:00', 11.61, 11.61, 11.61, 11.61, 573]
['2019-03-27 15:58:00', 11.61, 11.61, 11.61, 11.61, 600]
['2019-03-27 15:55:00', 11.615, 11.6199, 11.615, 11.6199, 1015]
['2019-03-27 15:53:00', 11.62, 11.62, 11.62, 11.62, 1299]
['2019-03-27 15:52:00', 11.62, 11.62, 11.62, 11.62, 400]
['2019-03-27 15:51:00', 11.62, 11.62, 11.62, 11.62, 100]
['2019-03-27 15:48:00', 11.625, 11.625, 11.625, 11.625, 630]
['2019-03-27 15:45:00', 11.62, 11.6236, 11.62, 11.6236, 1262]
['2019-03-27 15:40:00', 11.62, 11.62, 11.62, 11.62, 4554]
['2019-03-27 15:38:00', 11.625, 11.625, 11.625, 11.6299, 1119]
['2019-03-27 15:37:00', 11.62, 11.62, 11.62, 11.62, 100]
['2019-03-27 15:31:00', 11.6201, 11.6201, 11.6201, 11.6201, 917]
['2019-03-27 15:30:00', 11.62, 11.62, 11.62, 11.62, 100]
['2019-03-27 15:28:00', 11.625, 11.625, 11.625, 11.6299, 1374]
['2019-03-27 15:27:00', 11.62, 11.62, 11.62, 11.62, 2600]
['2019-03-27 15:25:00', 11.62, 11.62, 11.62, 11.62, 177]
['2019-03-27 15:24:00', 11.625, 11.625, 11.625, 11.625, 163]
['2019-03-27 15:22:00', 11.6246, 11.6246, 11.6246, 11.6246, 100]
['2019-03-27 15:21:00', 11.62, 11.62, 11.62, 11.62, 100]
['2019-03-27 15:17:00', 11.625, 11.625, 11.625, 11.6299, 1709]
['2019-03-27 15:16:00', 11.624, 11.625, 11.624, 11.625, 2000]
['2019-03-27 15:07:00', 11.62, 11.6225, 11.62, 11.6225, 417]
['2019-03-27 15:06:00', 11.625, 11.625, 11.625, 11.625, 938]
['2019-03-27 15:03:00', 11.625, 11.62, 11.62, 11.625, 1000]
['2019-03-27 15:00:00', 11.6294, 11.6294, 11.6294, 11.6294, 799]
['2019-03-27 14:55:00', 11.6237, 11.6237, 11.6237, 11.6237, 4737]
['2019-03-27 14:52:00', 11.6252, 11.6252, 11.6252, 11.6252, 500]
['2019-03-27 14:50:00', 11.6249, 11.6249, 11.6249, 11.6249, 172]
['2019-03-27 14:47:00', 11.6255, 11.6255, 11.6255, 11.6255, 201]
['2019-03-27 14:46:00', 11.62, 11.62, 11.62, 11.62, 504]
['2019-03-27 14:44:00', 11.6299, 11.6299, 11.6299, 11.6299, 860]
['2019-03-27 14:39:00', 11.625, 11.6299, 11.621, 11.6299, 1105]
['2019-03-27 14:30:00', 11.625, 11.625, 11.625, 11.625, 880]
['2019-03-27 14:28:00', 11.625, 11.625, 11.625, 11.625, 800]
['2019-03-27 14:21:00', 11.63, 11.63, 11.63, 11.63, 250]
['2019-03-27 14:19:00', 11.625, 11.625, 11.625, 11.625, 2050]
['2019-03-27 14:13:00', 11.6242, 11.6242, 11.6242, 11.6242, 2051]
['2019-03-27 14:12:00', 11.62, 11.62, 11.62, 11.62, 1945]
['2019-03-27 14:11:00', 11.615, 11.62, 11.615, 11.62, 4420]
['2019-03-27 14:08:00', 11.615, 11.615, 11.615, 11.615, 150]
['2019-03-27 14:05:00', 11.615, 11.6199, 11.615, 11.6199, 1100]
['2019-03-27 14:03:00', 11.615, 11.61, 11.61, 11.615, 635]
['2019-03-27 13:53:00', 11.6161, 11.6161, 11.6161, 11.6161, 228]
['2019-03-27 13:51:00', 11.6154, 11.6195, 11.615, 11.6199, 2956]
['2019-03-27 13:47:00', 11.6158, 11.615, 11.615, 11.6158, 4697]
['2019-03-27 13:40:00', 11.6174, 11.6174, 11.6174, 11.6174, 160]
['2019-03-27 13:38:00', 11.615, 11.619, 11.615, 11.619, 1000]
['2019-03-27 13:33:00', 11.6177, 11.6177, 11.6177, 11.6177, 1560]
['2019-03-27 13:30:00', 11.6115, 11.6115, 11.6115, 11.6115, 1300]
['2019-03-27 13:26:00', 11.615, 11.614, 11.611, 11.615, 3553]
['2019-03-27 13:24:00', 11.6195, 11.62, 11.615, 11.62, 2013]
['2019-03-27 13:21:00', 11.6117, 11.6117, 11.6117, 11.6117, 427]
['2019-03-27 13:14:00', 11.615, 11.615, 11.615, 11.615, 100]
['2019-03-27 13:12:00', 11.615, 11.615, 11.615, 11.615, 1000]
['2019-03-27 13:10:00', 11.6182, 11.6182, 11.6182, 11.6182, 136]
['2019-03-27 13:07:00', 11.614, 11.614, 11.614, 11.614, 550]
['2019-03-27 13:05:00', 11.615, 11.61, 11.61, 11.62, 1500]
['2019-03-27 13:04:00', 11.615, 11.615, 11.615, 11.615, 103]
['2019-03-27 12:54:00', 11.61, 11.61, 11.61, 11.61, 1116]
['2019-03-27 12:48:00', 11.6151, 11.6151, 11.6151, 11.6151, 175]
['2019-03-27 12:44:00', 11.6145, 11.6145, 11.6145, 11.6145, 1000]
['2019-03-27 12:39:00', 11.6199, 11.6163, 11.6163, 11.6199, 1921]
['2019-03-27 12:37:00', 11.615, 11.615, 11.615, 11.615, 341]
['2019-03-27 12:30:00', 11.6148, 11.6148, 11.6148, 11.6148, 200]
['2019-03-27 12:27:00', 11.62, 11.62, 11.62, 11.62, 464]
['2019-03-27 12:20:00', 11.6099, 11.61, 11.6099, 11.61, 694]
['2019-03-27 12:17:00', 11.6099, 11.609, 11.609, 11.6099, 4000]
['2019-03-27 12:07:00', 11.6009, 11.61, 11.6009, 11.61, 11375]
['2019-03-27 11:53:00', 11.6126, 11.6126, 11.6126, 11.6126, 553]
['2019-03-27 11:51:00', 11.61, 11.61, 11.61, 11.61, 1581]
['2019-03-27 11:47:00', 11.6199, 11.6199, 11.6199, 11.6199, 250]
['2019-03-27 11:45:00', 11.62, 11.62, 11.62, 11.62, 1000]
['2019-03-27 11:39:00', 11.6225, 11.6225, 11.6225, 11.6225, 430]
['2019-03-27 11:38:00', 11.62, 11.62, 11.62, 11.62, 100]
['2019-03-27 11:37:00', 11.6262, 11.6262, 11.6262, 11.6262, 1100]
['2019-03-27 11:36:00', 11.6214, 11.6214, 11.6214, 11.6214, 1513]
['2019-03-27 11:35:00', 11.6301, 11.63, 11.625, 11.6301, 3800]
['2019-03-27 11:34:00', 11.6301, 11.6301, 11.6301, 11.6301, 200]
['2019-03-27 11:24:00', 11.63, 11.63, 11.63, 11.63, 1778]
['2019-03-27 11:23:00', 11.63, 11.63, 11.63, 11.63, 500]
['2019-03-27 11:22:00', 11.63, 11.63, 11.63, 11.63, 1934]
['2019-03-27 11:21:00', 11.63, 11.63, 11.63, 11.63, 600]
['2019-03-27 11:20:00', 11.635, 11.63, 11.63, 11.635, 1400]
['2019-03-27 11:16:00', 11.6392, 11.6392, 11.6392, 11.6392, 328]
['2019-03-27 11:12:00', 11.6397, 11.6397, 11.6397, 11.6397, 401]
['2019-03-27 11:05:00', 11.6342, 11.6313, 11.63, 11.64, 1225]
['2019-03-27 11:03:00', 11.64, 11.64, 11.64, 11.64, 400]
['2019-03-27 11:02:00', 11.635, 11.635, 11.635, 11.635, 100]
['2019-03-27 10:48:00', 11.64, 11.6386, 11.6385, 11.64, 1810]
['2019-03-27 10:46:00', 11.6301, 11.6301, 11.6301, 11.6301, 320]
['2019-03-27 10:42:00', 11.6329, 11.6329, 11.6329, 11.6329, 2113]
['2019-03-27 10:41:00', 11.63, 11.63, 11.63, 11.63, 100]
['2019-03-27 10:35:00', 11.64, 11.63, 11.63, 11.64, 206]
['2019-03-27 10:33:00', 11.63, 11.63, 11.6287, 11.63, 1321]
['2019-03-27 10:27:00', 11.63, 11.6266, 11.6266, 11.63, 861]
['2019-03-27 10:15:00', 11.63, 11.6233, 11.6233, 11.63, 3474]
['2019-03-27 10:14:00', 11.63, 11.63, 11.63, 11.63, 100]
['2019-03-27 10:08:00', 11.61, 11.61, 11.61, 11.61, 4000]
['2019-03-27 10:06:00', 11.612, 11.612, 11.612, 11.612, 1000]
['2019-03-27 10:03:00', 11.629, 11.61, 11.61, 11.63, 612]
['2019-03-27 10:02:00', 11.6214, 11.6214, 11.6214, 11.6214, 565]
['2019-03-27 09:59:00', 11.62, 11.62, 11.62, 11.62, 117]
['2019-03-27 09:54:00', 11.62, 11.6171, 11.615, 11.62, 800]
['2019-03-27 09:50:00', 11.61, 11.61, 11.61, 11.61, 450]
['2019-03-27 09:49:00', 11.6185, 11.6185, 11.6185, 11.6185, 600]
['2019-03-27 09:45:00', 11.6168, 11.6168, 11.6168, 11.6168, 1000]
['2019-03-27 09:43:00', 11.6178, 11.6178, 11.6178, 11.6178, 250]
['2019-03-27 09:42:00', 11.62, 11.62, 11.62, 11.62, 459]
['2019-03-27 09:40:00', 11.62, 11.62, 11.62, 11.62, 1080]
['2019-03-27 09:31:00', 11.63, 11.63, 11.63, 11.63, 0]
['2019-03-26 15:58:00', 11.605, 11.6, 11.6, 11.605, 10100]
['2019-03-26 15:55:00', 11.63, 11.63, 11.63, 11.63, 840]
['2019-03-26 15:48:00', 11.63, 11.63, 11.63, 11.63, 6200]
['2019-03-26 15:45:00', 11.63, 11.63, 11.63, 11.63, 2158]
['2019-03-26 15:44:00', 11.6387, 11.6387, 11.6387, 11.6387, 2290]
['2019-03-26 15:42:00', 11.635, 11.635, 11.635, 11.635, 1470]
['2019-03-26 15:32:00', 11.6381, 11.6381, 11.6381, 11.6381, 2386]
['2019-03-26 15:31:00', 11.631, 11.631, 11.631, 11.631, 740]
['2019-03-26 15:27:00', 11.64, 11.64, 11.64, 11.64, 1000]
['2019-03-26 15:21:00', 11.639, 11.639, 11.639, 11.639, 800]
['2019-03-26 15:16:00', 11.64, 11.64, 11.64, 11.64, 1600]
['2019-03-26 15:03:00', 11.63, 11.63, 11.63, 11.63, 7791]
['2019-03-26 15:01:00', 11.625, 11.63, 11.625, 11.63, 200]
['2019-03-26 14:57:00', 11.619, 11.6199, 11.619, 11.6199, 3680]
['2019-03-26 14:47:00', 11.6164, 11.6164, 11.6164, 11.6164, 386]
['2019-03-26 14:46:00', 11.62, 11.62, 11.62, 11.62, 2000]
['2019-03-26 14:45:00', 11.615, 11.62, 11.615, 11.62, 710]
['2019-03-26 14:43:00', 11.618, 11.618, 11.618, 11.618, 115]
['2019-03-26 14:27:00', 11.61, 11.61, 11.61, 11.61, 405]
['2019-03-26 14:17:00', 11.61, 11.61, 11.61, 11.61, 900]
['2019-03-26 14:16:00', 11.6125, 11.61, 11.61, 11.6129, 7482]
['2019-03-26 14:15:00', 11.62, 11.62, 11.62, 11.62, 6510]
['2019-03-26 14:13:00', 11.625, 11.625, 11.625, 11.625, 100]
['2019-03-26 14:06:00', 11.62, 11.62, 11.62, 11.62, 244]
['2019-03-26 14:05:00', 11.63, 11.63, 11.63, 11.63, 4000]
['2019-03-26 14:04:00', 11.625, 11.625, 11.625, 11.625, 100]
['2019-03-26 14:03:00', 11.62, 11.62, 11.62, 11.62, 1086]
['2019-03-26 13:53:00', 11.6227, 11.6227, 11.6227, 11.6227, 1094]
['2019-03-26 13:52:00', 11.63, 11.63, 11.63, 11.63, 834]
['2019-03-26 13:49:00', 11.631, 11.63, 11.63, 11.631, 6691]
['2019-03-26 13:39:00', 11.655, 11.64, 11.64, 11.66, 3800]
['2019-03-26 13:31:00', 11.6599, 11.6599, 11.6599, 11.6599, 148]
['2019-03-26 13:29:00', 11.66, 11.66, 11.66, 11.66, 715]
['2019-03-26 13:28:00', 11.65, 11.66, 11.65, 11.66, 14450]
['2019-03-26 13:22:00', 11.6427, 11.6427, 11.6427, 11.6427, 850]
['2019-03-26 13:21:00', 11.645, 11.645, 11.645, 11.645, 100]
['2019-03-26 13:13:00', 11.6432, 11.6443, 11.6432, 11.6466, 2245]
['2019-03-26 12:53:00', 11.65, 11.65, 11.65, 11.65, 158]
['2019-03-26 12:51:00', 11.65, 11.65, 11.65, 11.65, 105]
['2019-03-26 12:49:00', 11.6385, 11.65, 11.6385, 11.65, 8963]
['2019-03-26 12:47:00', 11.6305, 11.635, 11.6305, 11.635, 1000]
['2019-03-26 12:34:00', 11.635, 11.635, 11.635, 11.635, 280]
['2019-03-26 12:33:00', 11.63, 11.63, 11.63, 11.63, 2726]
['2019-03-26 12:32:00', 11.63, 11.63, 11.63, 11.63, 1107]
['2019-03-26 12:09:00', 11.635, 11.635, 11.635, 11.635, 146]
['2019-03-26 12:00:00', 11.6301, 11.6301, 11.6301, 11.6301, 210]
['2019-03-26 11:54:00', 11.6345, 11.64, 11.6345, 11.64, 1050]
['2019-03-26 11:47:00', 11.6359, 11.6359, 11.6359, 11.6359, 350]
['2019-03-26 11:46:00', 11.64, 11.64, 11.64, 11.64, 100]
['2019-03-26 11:42:00', 11.64, 11.64, 11.64, 11.64, 625]
['2019-03-26 11:20:00', 11.6345, 11.6352, 11.6345, 11.6352, 2019]
['2019-03-26 11:15:00', 11.6368, 11.6368, 11.6368, 11.6368, 1031]
['2019-03-26 11:10:00', 11.63, 11.63, 11.63, 11.63, 2302]
['2019-03-26 11:07:00', 11.63, 11.63, 11.63, 11.63, 2928]
['2019-03-26 10:52:00', 11.63, 11.63, 11.63, 11.63, 2366]
['2019-03-26 10:47:00', 11.62, 11.62, 11.62, 11.62, 3900]
['2019-03-26 10:39:00', 11.615, 11.61, 11.61, 11.615, 2000]
['2019-03-26 10:34:00', 11.6148, 11.6148, 11.6148, 11.6148, 150]
['2019-03-26 10:33:00', 11.619, 11.619, 11.619, 11.619, 1400]
['2019-03-26 10:30:00', 11.61, 11.61, 11.61, 11.61, 200]
['2019-03-26 10:26:00', 11.6069, 11.6069, 11.6069, 11.6069, 1450]
['2019-03-26 10:24:00', 11.6085, 11.6099, 11.6085, 11.6099, 300]
['2019-03-26 10:16:00', 11.6, 11.6, 11.6, 11.6, 3096]
['2019-03-26 10:09:00', 11.6, 11.6, 11.6, 11.6, 704]
['2019-03-26 10:07:00', 11.59, 11.59, 11.59, 11.59, 601]
['2019-03-26 10:03:00', 11.5899, 11.5899, 11.5899, 11.5899, 1133]
['2019-03-26 10:02:00', 11.588, 11.588, 11.588, 11.588, 300]
['2019-03-26 10:00:00', 11.5826, 11.5826, 11.5826, 11.5826, 1000]
['2019-03-26 09:59:00', 11.5809, 11.5809, 11.5809, 11.5809, 200]
['2019-03-26 09:53:00', 11.59, 11.581, 11.581, 11.59, 1400]
['2019-03-26 09:46:00', 11.5933, 11.5933, 11.5933, 11.5933, 3488]
['2019-03-26 09:45:00', 11.5851, 11.5851, 11.5851, 11.5851, 3063]
['2019-03-26 09:41:00', 11.58, 11.58, 11.58, 11.58, 637]
['2019-03-26 09:39:00', 11.5713, 11.5713, 11.5713, 11.5713, 5011]
['2019-03-25 15:59:00', 11.55, 11.555, 11.55, 11.555, 3264]
['2019-03-25 15:58:00', 11.55, 11.55, 11.55, 11.55, 4348]
['2019-03-25 15:57:00', 11.5399, 11.5399, 11.5399, 11.5399, 7500]
['2019-03-25 15:56:00', 11.5399, 11.5399, 11.5399, 11.5399, 5200]
['2019-03-25 15:55:00', 11.535, 11.535, 11.535, 11.535, 816]
['2019-03-25 15:54:00', 11.54, 11.54, 11.54, 11.54, 100]
['2019-03-25 15:47:00', 11.54, 11.54, 11.54, 11.54, 2110]
['2019-03-25 15:46:00', 11.535, 11.535, 11.535, 11.535, 210]
['2019-03-25 15:44:00', 11.5318, 11.5318, 11.5318, 11.5318, 1582]
['2019-03-25 15:42:00', 11.535, 11.535, 11.535, 11.535, 2389]
['2019-03-25 15:39:00', 11.5386, 11.5386, 11.5386, 11.5386, 2020]
['2019-03-25 15:37:00', 11.5399, 11.5399, 11.5399, 11.5399, 315]
['2019-03-25 15:26:00', 11.54, 11.5399, 11.5399, 11.54, 1111]
['2019-03-25 15:23:00', 11.5328, 11.5328, 11.5328, 11.5328, 1000]
['2019-03-25 15:21:00', 11.5328, 11.5328, 11.5328, 11.5328, 225]
['2019-03-25 15:19:00', 11.535, 11.5386, 11.535, 11.5386, 3690]
['2019-03-25 15:16:00', 11.5323, 11.5323, 11.5323, 11.5323, 3300]
['2019-03-25 15:14:00', 11.53, 11.53, 11.53, 11.53, 300]
['2019-03-25 15:10:00', 11.525, 11.525, 11.525, 11.525, 190]
['2019-03-25 15:02:00', 11.521, 11.521, 11.521, 11.521, 1920]
['2019-03-25 15:00:00', 11.5257, 11.5257, 11.5257, 11.5257, 1600]
['2019-03-25 14:58:00', 11.5182, 11.5182, 11.5182, 11.5182, 1000]
['2019-03-25 14:57:00', 11.52, 11.52, 11.52, 11.52, 950]
['2019-03-25 14:56:00', 11.52, 11.52, 11.52, 11.52, 450]
['2019-03-25 14:48:00', 11.5168, 11.5168, 11.5168, 11.5168, 300]
['2019-03-25 14:41:00', 11.5197, 11.5197, 11.5197, 11.5197, 1042]
['2019-03-25 14:37:00', 11.5181, 11.5181, 11.5181, 11.5181, 578]
['2019-03-25 14:32:00', 11.52, 11.52, 11.52, 11.52, 364]
['2019-03-25 14:31:00', 11.5149, 11.5149, 11.5149, 11.5149, 800]
['2019-03-25 14:16:00', 11.5132, 11.5132, 11.5132, 11.5132, 1200]
['2019-03-25 14:13:00', 11.515, 11.515, 11.515, 11.515, 200]
['2019-03-25 14:01:00', 11.515, 11.515, 11.515, 11.515, 170]
['2019-03-25 13:58:00', 11.515, 11.515, 11.515, 11.515, 320]
['2019-03-25 13:55:00', 11.5153, 11.5153, 11.5153, 11.5153, 230]
['2019-03-25 13:52:00', 11.515, 11.515, 11.515, 11.515, 630]
['2019-03-25 13:51:00', 11.5163, 11.5163, 11.5163, 11.5163, 2000]
['2019-03-25 13:45:00', 11.5179, 11.5179, 11.5179, 11.5179, 200]
['2019-03-25 13:42:00', 11.5116, 11.5116, 11.5116, 11.5116, 608]
['2019-03-25 13:34:00', 11.5199, 11.514, 11.514, 11.5199, 1121]
['2019-03-25 13:21:00', 11.52, 11.515, 11.515, 11.52, 662]
['2019-03-25 13:01:00', 11.515, 11.515, 11.515, 11.515, 300]
['2019-03-25 12:59:00', 11.52, 11.52, 11.52, 11.52, 848]
['2019-03-25 12:53:00', 11.511, 11.52, 11.511, 11.52, 1790]
['2019-03-25 12:51:00', 11.5165, 11.5165, 11.5165, 11.5165, 400]
['2019-03-25 12:49:00', 11.5161, 11.5161, 11.5161, 11.5161, 110]
['2019-03-25 12:44:00', 11.51, 11.51, 11.51, 11.51, 2401]
['2019-03-25 12:42:00', 11.53, 11.53, 11.53, 11.53, 3141]
['2019-03-25 12:39:00', 11.5338, 11.5338, 11.5338, 11.5338, 420]
['2019-03-25 12:36:00', 11.533, 11.533, 11.533, 11.533, 130]
['2019-03-25 12:32:00', 11.54, 11.54, 11.54, 11.54, 3629]
['2019-03-25 12:31:00', 11.54, 11.54, 11.54, 11.54, 280]
['2019-03-25 12:27:00', 11.54, 11.54, 11.54, 11.54, 374]
['2019-03-25 12:09:00', 11.5362, 11.5362, 11.5362, 11.5362, 134]
['2019-03-25 12:04:00', 11.535, 11.535, 11.535, 11.535, 100]
['2019-03-25 12:03:00', 11.533, 11.533, 11.533, 11.533, 800]
['2019-03-25 12:00:00', 11.5301, 11.5301, 11.5301, 11.5301, 450]
['2019-03-25 11:51:00', 11.5323, 11.5323, 11.5323, 11.5323, 529]
['2019-03-25 11:46:00', 11.5333, 11.5333, 11.5333, 11.5333, 261]
['2019-03-25 11:35:00', 11.535, 11.539, 11.535, 11.539, 1329]
['2019-03-25 11:27:00', 11.53, 11.53, 11.53, 11.53, 107]
['2019-03-25 11:23:00', 11.5209, 11.53, 11.5209, 11.53, 900]
['2019-03-25 11:21:00', 11.52, 11.52, 11.52, 11.52, 554]
['2019-03-25 11:19:00', 11.5199, 11.5199, 11.5199, 11.5199, 1820]
['2019-03-25 11:15:00', 11.5083, 11.5083, 11.5083, 11.5083, 5300]
['2019-03-25 11:11:00', 11.509, 11.509, 11.509, 11.509, 300]
['2019-03-25 11:10:00', 11.51, 11.51, 11.51, 11.51, 300]
['2019-03-25 11:04:00', 11.5085, 11.5085, 11.5085, 11.5085, 400]
['2019-03-25 11:01:00', 11.5093, 11.5093, 11.5093, 11.5093, 351]
['2019-03-25 10:55:00', 11.5099, 11.5099, 11.5099, 11.5099, 400]
['2019-03-25 10:53:00', 11.5, 11.5, 11.5, 11.5, 759]
['2019-03-25 10:51:00', 11.51, 11.51, 11.51, 11.51, 4752]
['2019-03-25 10:39:00', 11.52, 11.52, 11.52, 11.52, 222]
['2019-03-25 10:37:00', 11.5168, 11.5168, 11.5168, 11.5168, 1226]
['2019-03-25 10:35:00', 11.53, 11.53, 11.53, 11.53, 1400]
['2019-03-25 10:34:00', 11.53, 11.53, 11.53, 11.53, 100]
['2019-03-25 10:32:00', 11.5359, 11.5359, 11.5359, 11.5359, 1244]
['2019-03-25 10:24:00', 11.54, 11.54, 11.54, 11.54, 4493]
['2019-03-25 10:21:00', 11.5601, 11.56, 11.56, 11.5601, 800]
['2019-03-25 10:17:00', 11.5633, 11.5633, 11.5633, 11.5633, 500]
['2019-03-25 10:06:00', 11.5646, 11.5646, 11.5646, 11.5646, 1095]
['2019-03-25 10:03:00', 11.56, 11.56, 11.56, 11.56, 900]
['2019-03-25 09:52:00', 11.5643, 11.5648, 11.5643, 11.5648, 1301]
['2019-03-25 09:49:00', 11.5652, 11.5652, 11.5652, 11.5652, 680]
['2019-03-25 09:48:00', 11.5681, 11.5681, 11.5681, 11.5681, 837]
['2019-03-25 09:40:00', 11.56, 11.56, 11.56, 11.56, 2010]
['2019-03-25 09:37:00', 11.55, 11.55, 11.55, 11.55, 2474]
['2019-03-25 09:31:00', 11.55, 11.55, 11.55, 11.55, 0]
