AUG
['2019-03-29 16:00:00', 1.4673, 1.45, 1.45, 1.4673, 400]
['2019-03-29 15:51:00', 1.47, 1.47, 1.47, 1.47, 200]
['2019-03-29 15:42:00', 1.4601, 1.4601, 1.4601, 1.4601, 180]
['2019-03-29 15:41:00', 1.465, 1.46, 1.46, 1.465, 214]
['2019-03-29 15:39:00', 1.468, 1.468, 1.468, 1.468, 500]
['2019-03-29 15:25:00', 1.4601, 1.4601, 1.4601, 1.4601, 1500]
['2019-03-29 15:22:00', 1.47, 1.47, 1.47, 1.47, 200]
['2019-03-29 15:15:00', 1.465, 1.47, 1.465, 1.47, 2800]
['2019-03-29 15:08:00', 1.4673, 1.4668, 1.4668, 1.4673, 929]
['2019-03-29 14:51:00', 1.4565, 1.4565, 1.4565, 1.4565, 1018]
['2019-03-29 14:14:00', 1.45, 1.45, 1.45, 1.45, 500]
['2019-03-29 14:12:00', 1.46, 1.46, 1.46, 1.46, 1500]
['2019-03-29 14:04:00', 1.46, 1.46, 1.46, 1.46, 195]
['2019-03-29 13:34:00', 1.46, 1.46, 1.46, 1.46, 165]
['2019-03-29 13:30:00', 1.46, 1.46, 1.46, 1.46, 100]
['2019-03-29 13:07:00', 1.45, 1.45, 1.45, 1.45, 160]
['2019-03-29 12:55:00', 1.45, 1.45, 1.45, 1.45, 820]
['2019-03-29 12:22:00', 1.44, 1.45, 1.44, 1.45, 2000]
['2019-03-29 12:20:00', 1.4457, 1.4457, 1.4457, 1.4457, 1000]
['2019-03-29 11:51:00', 1.43, 1.44, 1.43, 1.44, 400]
['2019-03-29 11:36:00', 1.4301, 1.4301, 1.4301, 1.4301, 680]
['2019-03-29 11:29:00', 1.4342, 1.4342, 1.4342, 1.4342, 2000]
['2019-03-29 11:28:00', 1.45, 1.45, 1.45, 1.45, 200]
['2019-03-29 11:27:00', 1.43, 1.44, 1.43, 1.44, 600]
['2019-03-29 11:07:00', 1.43, 1.43, 1.4269, 1.43, 3000]
['2019-03-29 11:05:00', 1.41, 1.41, 1.41, 1.41, 3909]
['2019-03-29 11:04:00', 1.41, 1.41, 1.41, 1.41, 1872]
['2019-03-29 11:03:00', 1.4099, 1.4099, 1.4099, 1.4099, 2700]
['2019-03-29 10:56:00', 1.41, 1.41, 1.41, 1.41, 1800]
['2019-03-29 10:50:00', 1.407, 1.407, 1.407, 1.407, 4000]
['2019-03-29 10:49:00', 1.41, 1.41, 1.41, 1.41, 800]
['2019-03-29 10:45:00', 1.4129, 1.4129, 1.4129, 1.4129, 639]
['2019-03-29 10:38:00', 1.4101, 1.4101, 1.4101, 1.4101, 2000]
['2019-03-29 10:24:00', 1.41, 1.41, 1.41, 1.41, 6725]
['2019-03-29 10:21:00', 1.413, 1.413, 1.413, 1.413, 530]
['2019-03-29 10:13:00', 1.41, 1.41, 1.41, 1.41, 200]
['2019-03-29 10:09:00', 1.402, 1.4044, 1.402, 1.4044, 5000]
['2019-03-29 10:02:00', 1.41, 1.41, 1.41, 1.41, 6500]
['2019-03-29 10:01:00', 1.4126, 1.4126, 1.4126, 1.4126, 250]
['2019-03-29 09:59:00', 1.4001, 1.4001, 1.4001, 1.4001, 500]
['2019-03-29 09:55:00', 1.4, 1.4, 1.4, 1.4, 1500]
['2019-03-29 09:51:00', 1.4, 1.4, 1.4, 1.4, 200]
['2019-03-29 09:50:00', 1.4, 1.4, 1.4, 1.4, 1000]
['2019-03-29 09:47:00', 1.4, 1.41, 1.4, 1.41, 2500]
['2019-03-29 09:46:00', 1.41, 1.41, 1.41, 1.41, 2000]
['2019-03-29 09:43:00', 1.405, 1.42, 1.405, 1.42, 1700]
['2019-03-29 09:41:00', 1.403, 1.4, 1.4, 1.403, 1000]
['2019-03-29 09:40:00', 1.41, 1.407, 1.405, 1.41, 2362]
['2019-03-29 09:36:00', 1.42, 1.42, 1.42, 1.42, 1039]
['2019-03-29 09:32:00', 1.4429, 1.4429, 1.4429, 1.4429, 0]
['2019-03-28 15:58:00', 1.43, 1.43, 1.43, 1.43, 400]
['2019-03-28 15:57:00', 1.43, 1.43, 1.42, 1.43, 3000]
['2019-03-28 15:51:00', 1.43, 1.43, 1.43, 1.43, 100]
['2019-03-28 15:50:00', 1.43, 1.4299, 1.4299, 1.43, 1000]
['2019-03-28 15:49:00', 1.43, 1.4295, 1.429, 1.43, 8400]
['2019-03-28 15:48:00', 1.43, 1.43, 1.43, 1.43, 2600]
['2019-03-28 15:46:00', 1.4269, 1.4269, 1.4269, 1.4269, 500]
['2019-03-28 15:42:00', 1.425, 1.425, 1.425, 1.425, 100]
['2019-03-28 15:13:00', 1.4224, 1.425, 1.4224, 1.425, 2505]
['2019-03-28 15:04:00', 1.43, 1.43, 1.43, 1.43, 767]
['2019-03-28 15:01:00', 1.4247, 1.4247, 1.4247, 1.4247, 150]
['2019-03-28 14:59:00', 1.4266, 1.4229, 1.4229, 1.4266, 3000]
['2019-03-28 14:44:00', 1.43, 1.43, 1.43, 1.43, 200]
['2019-03-28 14:37:00', 1.4201, 1.4201, 1.4201, 1.4201, 2000]
['2019-03-28 14:31:00', 1.4299, 1.4299, 1.4299, 1.4299, 179]
['2019-03-28 14:28:00', 1.4236, 1.4236, 1.4236, 1.4236, 1000]
['2019-03-28 14:21:00', 1.43, 1.4229, 1.4229, 1.43, 3021]
['2019-03-28 14:09:00', 1.4262, 1.4262, 1.4262, 1.4262, 133]
['2019-03-28 13:48:00', 1.4285, 1.4285, 1.4285, 1.4285, 5781]
['2019-03-28 13:46:00', 1.4201, 1.4201, 1.4201, 1.4201, 1000]
['2019-03-28 13:39:00', 1.4199, 1.4199, 1.4199, 1.43, 1500]
['2019-03-28 13:28:00', 1.4197, 1.4197, 1.4197, 1.4197, 100]
['2019-03-28 13:06:00', 1.429, 1.428, 1.428, 1.429, 1500]
['2019-03-28 13:01:00', 1.425, 1.42, 1.42, 1.425, 3200]
['2019-03-28 12:58:00', 1.4225, 1.4215, 1.4211, 1.4225, 1000]
['2019-03-28 12:57:00', 1.4229, 1.4229, 1.4229, 1.43, 2100]
['2019-03-28 12:48:00', 1.4201, 1.4201, 1.4201, 1.4201, 100]
['2019-03-28 12:47:00', 1.43, 1.43, 1.43, 1.43, 200]
['2019-03-28 12:42:00', 1.4329, 1.4329, 1.4298, 1.44, 1200]
['2019-03-28 12:36:00', 1.44, 1.44, 1.4322, 1.44, 1500]
['2019-03-28 12:34:00', 1.4298, 1.44, 1.4298, 1.44, 1500]
['2019-03-28 12:31:00', 1.4281, 1.4281, 1.4281, 1.4281, 3000]
['2019-03-28 12:25:00', 1.4268, 1.4268, 1.4268, 1.4268, 450]
['2019-03-28 12:18:00', 1.4332, 1.4332, 1.4299, 1.4332, 1500]
['2019-03-28 12:13:00', 1.44, 1.42, 1.42, 1.4431, 11737]
['2019-03-28 12:12:00', 1.4527, 1.45, 1.45, 1.4527, 1293]
['2019-03-28 12:04:00', 1.455, 1.455, 1.455, 1.455, 1000]
['2019-03-28 12:02:00', 1.4541, 1.4541, 1.4541, 1.4541, 1000]
['2019-03-28 11:46:00', 1.46, 1.46, 1.46, 1.46, 200]
['2019-03-28 11:45:00', 1.46, 1.46, 1.46, 1.46, 100]
['2019-03-28 11:44:00', 1.46, 1.46, 1.46, 1.46, 140]
['2019-03-28 11:43:00', 1.4636, 1.4636, 1.4636, 1.4636, 500]
['2019-03-28 11:42:00', 1.46, 1.46, 1.46, 1.46, 10700]
['2019-03-28 11:33:00', 1.4658, 1.4658, 1.4658, 1.4658, 2000]
['2019-03-28 11:21:00', 1.47, 1.47, 1.47, 1.47, 3060]
['2019-03-28 11:20:00', 1.47, 1.47, 1.47, 1.47, 700]
['2019-03-28 11:12:00', 1.47, 1.47, 1.47, 1.47, 300]
['2019-03-28 11:03:00', 1.4899, 1.4899, 1.4899, 1.4899, 350]
['2019-03-28 11:00:00', 1.4886, 1.4886, 1.4886, 1.4886, 1000]
['2019-03-28 10:47:00', 1.47, 1.47, 1.47, 1.47, 2000]
['2019-03-28 10:44:00', 1.4713, 1.49, 1.4713, 1.49, 7000]
['2019-03-28 10:40:00', 1.4779, 1.4779, 1.4779, 1.4779, 1200]
['2019-03-28 10:34:00', 1.48, 1.48, 1.48, 1.48, 600]
['2019-03-28 10:33:00', 1.485, 1.49, 1.483, 1.49, 12300]
['2019-03-28 10:31:00', 1.48, 1.48, 1.48, 1.48, 100]
['2019-03-28 10:27:00', 1.465, 1.48, 1.465, 1.48, 9097]
['2019-03-28 10:25:00', 1.4717, 1.4717, 1.4717, 1.4717, 1000]
['2019-03-28 10:12:00', 1.4534, 1.4534, 1.4534, 1.4534, 500]
['2019-03-28 10:05:00', 1.45, 1.45, 1.45, 1.45, 5000]
['2019-03-28 10:04:00', 1.47, 1.47, 1.47, 1.47, 200]
['2019-03-28 09:56:00', 1.47, 1.47, 1.455, 1.47, 1620]
['2019-03-28 09:49:00', 1.455, 1.4644, 1.45, 1.4644, 11400]
['2019-03-28 09:48:00', 1.46, 1.45, 1.45, 1.46, 2914]
['2019-03-28 09:47:00', 1.46, 1.4605, 1.46, 1.4605, 1346]
['2019-03-28 09:46:00', 1.46, 1.46, 1.46, 1.46, 799]
['2019-03-28 09:42:00', 1.4601, 1.4601, 1.4601, 1.4601, 800]
['2019-03-28 09:40:00', 1.4699, 1.4601, 1.4601, 1.4699, 2300]
['2019-03-28 09:39:00', 1.4606, 1.4606, 1.4606, 1.4606, 3000]
['2019-03-28 09:31:00', 1.49, 1.49, 1.49, 1.49, 4180]
['2019-03-27 15:57:00', 1.475, 1.47, 1.47, 1.475, 2062]
['2019-03-27 15:56:00', 1.4747, 1.4747, 1.4747, 1.4747, 183]
['2019-03-27 15:55:00', 1.4793, 1.4793, 1.4793, 1.4793, 565]
['2019-03-27 15:51:00', 1.48, 1.48, 1.48, 1.48, 1500]
['2019-03-27 15:49:00', 1.49, 1.48, 1.48, 1.49, 400]
['2019-03-27 15:48:00', 1.49, 1.49, 1.49, 1.49, 1300]
['2019-03-27 15:36:00', 1.49, 1.49, 1.49, 1.49, 1200]
['2019-03-27 15:20:00', 1.49, 1.49, 1.49, 1.49, 100]
['2019-03-27 15:14:00', 1.4901, 1.4901, 1.4901, 1.4901, 500]
['2019-03-27 15:13:00', 1.5, 1.5, 1.5, 1.5, 200]
['2019-03-27 15:09:00', 1.5, 1.52, 1.5, 1.52, 1400]
['2019-03-27 15:02:00', 1.5111, 1.5111, 1.5111, 1.5111, 850]
['2019-03-27 14:53:00', 1.5027, 1.5, 1.5, 1.5027, 5012]
['2019-03-27 14:52:00', 1.5025, 1.51, 1.5011, 1.51, 10230]
['2019-03-27 14:51:00', 1.5031, 1.5032, 1.5031, 1.5032, 632]
['2019-03-27 14:50:00', 1.51, 1.51, 1.51, 1.51, 200]
['2019-03-27 14:47:00', 1.5, 1.5, 1.5, 1.5, 300]
['2019-03-27 14:44:00', 1.5, 1.5, 1.5, 1.5, 400]
['2019-03-27 14:41:00', 1.515, 1.515, 1.515, 1.515, 100]
['2019-03-27 14:40:00', 1.52, 1.52, 1.52, 1.52, 8454]
['2019-03-27 14:35:00', 1.52, 1.52, 1.52, 1.52, 800]
['2019-03-27 14:30:00', 1.52, 1.52, 1.52, 1.52, 1400]
['2019-03-27 14:29:00', 1.53, 1.53, 1.53, 1.53, 100]
['2019-03-27 14:21:00', 1.52, 1.52, 1.52, 1.52, 300]
['2019-03-27 14:20:00', 1.54, 1.54, 1.54, 1.54, 1900]
['2019-03-27 14:19:00', 1.52, 1.52, 1.5, 1.52, 8678]
['2019-03-27 14:18:00', 1.495, 1.52, 1.495, 1.52, 16831]
['2019-03-27 14:17:00', 1.4964, 1.51, 1.4964, 1.51, 1287]
['2019-03-27 14:12:00', 1.49, 1.49, 1.47, 1.49, 2840]
['2019-03-27 14:11:00', 1.5, 1.49, 1.49, 1.5, 9840]
['2019-03-27 14:10:00', 1.5, 1.5, 1.495, 1.5, 3450]
['2019-03-27 14:09:00', 1.485, 1.49, 1.485, 1.5, 9272]
['2019-03-27 14:08:00', 1.485, 1.485, 1.481, 1.485, 3182]
['2019-03-27 14:07:00', 1.5, 1.5, 1.5, 1.5, 500]
['2019-03-27 14:00:00', 1.48, 1.48, 1.48, 1.48, 100]
['2019-03-27 13:55:00', 1.48, 1.48, 1.48, 1.48, 100]
['2019-03-27 13:54:00', 1.5, 1.4983, 1.4983, 1.5, 2600]
['2019-03-27 13:52:00', 1.49, 1.48, 1.48, 1.49, 1300]
['2019-03-27 13:50:00', 1.4801, 1.4801, 1.4801, 1.4801, 5000]
['2019-03-27 13:31:00', 1.49, 1.49, 1.49, 1.5, 18510]
['2019-03-27 13:21:00', 1.49, 1.49, 1.49, 1.49, 100]
['2019-03-27 13:11:00', 1.49, 1.49, 1.49, 1.49, 4000]
['2019-03-27 12:57:00', 1.475, 1.46, 1.46, 1.475, 304]
['2019-03-27 12:55:00', 1.475, 1.475, 1.475, 1.475, 100]
['2019-03-27 12:53:00', 1.475, 1.475, 1.475, 1.475, 100]
['2019-03-27 12:52:00', 1.47, 1.47, 1.47, 1.47, 700]
['2019-03-27 12:47:00', 1.46, 1.46, 1.46, 1.46, 120]
['2019-03-27 12:45:00', 1.47, 1.474, 1.47, 1.479, 1100]
['2019-03-27 12:39:00', 1.465, 1.465, 1.465, 1.465, 100]
['2019-03-27 12:38:00', 1.465, 1.465, 1.465, 1.465, 100]
['2019-03-27 12:37:00', 1.465, 1.465, 1.465, 1.465, 100]
['2019-03-27 12:36:00', 1.465, 1.465, 1.465, 1.465, 100]
['2019-03-27 12:34:00', 1.465, 1.465, 1.465, 1.465, 100]
['2019-03-27 12:31:00', 1.465, 1.465, 1.465, 1.465, 100]
['2019-03-27 12:30:00', 1.47, 1.45, 1.45, 1.47, 2100]
['2019-03-27 12:29:00', 1.47, 1.47, 1.47, 1.47, 100]
['2019-03-27 12:28:00', 1.47, 1.47, 1.47, 1.47, 100]
['2019-03-27 12:27:00', 1.47, 1.47, 1.47, 1.47, 100]
['2019-03-27 12:26:00', 1.435, 1.45, 1.435, 1.45, 12650]
['2019-03-27 12:25:00', 1.45, 1.45, 1.435, 1.45, 10300]
['2019-03-27 12:24:00', 1.45, 1.45, 1.45, 1.45, 3000]
['2019-03-27 12:23:00', 1.44, 1.45, 1.44, 1.45, 1600]
['2019-03-27 12:22:00', 1.44, 1.44, 1.44, 1.44, 100]
['2019-03-27 12:21:00', 1.44, 1.44, 1.44, 1.44, 100]
['2019-03-27 12:20:00', 1.44, 1.44, 1.44, 1.44, 100]
['2019-03-27 12:19:00', 1.44, 1.44, 1.44, 1.44, 100]
['2019-03-27 12:18:00', 1.44, 1.44, 1.44, 1.44, 100]
['2019-03-27 12:17:00', 1.44, 1.44, 1.44, 1.44, 100]
['2019-03-27 12:16:00', 1.44, 1.44, 1.44, 1.44, 100]
['2019-03-27 12:15:00', 1.44, 1.44, 1.44, 1.44, 100]
['2019-03-27 12:14:00', 1.44, 1.44, 1.44, 1.44, 100]
['2019-03-27 12:13:00', 1.44, 1.44, 1.44, 1.44, 100]
['2019-03-27 12:12:00', 1.44, 1.44, 1.44, 1.44, 100]
['2019-03-27 12:11:00', 1.445, 1.445, 1.445, 1.445, 100]
['2019-03-27 12:09:00', 1.45, 1.45, 1.45, 1.45, 1400]
['2019-03-27 11:48:00', 1.45, 1.45, 1.45, 1.45, 100]
['2019-03-27 11:44:00', 1.45, 1.45, 1.45, 1.45, 100]
['2019-03-27 11:27:00', 1.45, 1.45, 1.45, 1.45, 2665]
['2019-03-27 11:26:00', 1.44, 1.45, 1.44, 1.45, 4000]
['2019-03-27 11:25:00', 1.44, 1.44, 1.44, 1.44, 100]
['2019-03-27 11:19:00', 1.44, 1.44, 1.43, 1.44, 8000]
['2019-03-27 11:12:00', 1.4315, 1.4315, 1.4315, 1.4315, 3500]
['2019-03-27 11:03:00', 1.4201, 1.4201, 1.4201, 1.4201, 600]
['2019-03-27 11:01:00', 1.43, 1.43, 1.43, 1.43, 400]
['2019-03-27 11:00:00', 1.43, 1.43, 1.43, 1.43, 100]
['2019-03-27 10:59:00', 1.43, 1.43, 1.43, 1.43, 100]
['2019-03-27 10:58:00', 1.4215, 1.42, 1.42, 1.4215, 700]
['2019-03-27 10:23:00', 1.435, 1.435, 1.435, 1.435, 300]
['2019-03-27 10:22:00', 1.43, 1.46, 1.42, 1.46, 5100]
['2019-03-27 10:14:00', 1.45, 1.45, 1.45, 1.45, 100]
['2019-03-27 10:06:00', 1.4557, 1.4557, 1.4557, 1.4557, 1067]
['2019-03-27 09:44:00', 1.43, 1.43, 1.43, 1.43, 500]
['2019-03-27 09:43:00', 1.439, 1.439, 1.439, 1.439, 4000]
['2019-03-27 09:42:00', 1.44, 1.44, 1.44, 1.44, 1000]
['2019-03-27 09:40:00', 1.44, 1.44, 1.44, 1.44, 4500]
['2019-03-27 09:38:00', 1.45, 1.45, 1.45, 1.45, 7764]
['2019-03-27 09:32:00', 1.46, 1.46, 1.46, 1.46, 433]
['2019-03-27 09:31:00', 1.46, 1.46, 1.46, 1.46, 0]
['2019-03-26 16:00:00', 1.4601, 1.46, 1.46, 1.4601, 670]
['2019-03-26 15:57:00', 1.4685, 1.4685, 1.4685, 1.4685, 800]
['2019-03-26 15:56:00', 1.46, 1.46, 1.46, 1.46, 129]
['2019-03-26 15:53:00', 1.46, 1.46, 1.46, 1.46, 1365]
['2019-03-26 15:48:00', 1.46, 1.46, 1.46, 1.46, 200]
['2019-03-26 15:46:00', 1.4655, 1.4655, 1.4655, 1.4655, 4900]
['2019-03-26 15:43:00', 1.46, 1.46, 1.46, 1.46, 451]
['2019-03-26 15:41:00', 1.46, 1.46, 1.46, 1.46, 600]
['2019-03-26 15:40:00', 1.4647, 1.4647, 1.4647, 1.4647, 200]
['2019-03-26 15:37:00', 1.465, 1.465, 1.465, 1.465, 1000]
['2019-03-26 15:22:00', 1.47, 1.47, 1.47, 1.47, 4049]
['2019-03-26 15:10:00', 1.46, 1.46, 1.46, 1.46, 4163]
['2019-03-26 15:07:00', 1.46, 1.46, 1.46, 1.46, 300]
['2019-03-26 15:03:00', 1.46, 1.46, 1.46, 1.46, 2900]
['2019-03-26 14:57:00', 1.459, 1.459, 1.459, 1.459, 1800]
['2019-03-26 14:56:00', 1.45, 1.45, 1.45, 1.45, 100]
['2019-03-26 14:49:00', 1.46, 1.46, 1.46, 1.46, 14518]
['2019-03-26 14:48:00', 1.465, 1.465, 1.465, 1.465, 4490]
['2019-03-26 14:47:00', 1.4699, 1.4699, 1.4699, 1.4699, 2381]
['2019-03-26 14:33:00', 1.46, 1.46, 1.46, 1.46, 5100]
['2019-03-26 14:24:00', 1.46, 1.46, 1.46, 1.46, 900]
['2019-03-26 14:23:00', 1.4723, 1.4723, 1.4723, 1.4723, 1500]
['2019-03-26 14:21:00', 1.46, 1.46, 1.46, 1.46, 100]
['2019-03-26 14:11:00', 1.46, 1.46, 1.46, 1.46, 5089]
['2019-03-26 14:01:00', 1.46, 1.46, 1.46, 1.46, 713]
['2019-03-26 13:58:00', 1.47, 1.47, 1.47, 1.47, 3400]
['2019-03-26 13:56:00', 1.48, 1.48, 1.48, 1.48, 100]
['2019-03-26 13:52:00', 1.49, 1.49, 1.49, 1.49, 600]
['2019-03-26 13:50:00', 1.47, 1.47, 1.47, 1.47, 1000]
['2019-03-26 13:37:00', 1.48, 1.48, 1.48, 1.48, 200]
['2019-03-26 13:28:00', 1.4766, 1.4766, 1.4766, 1.4766, 3100]
['2019-03-26 13:27:00', 1.48, 1.48, 1.48, 1.48, 200]
['2019-03-26 13:25:00', 1.4826, 1.4826, 1.4826, 1.4826, 3200]
['2019-03-26 13:23:00', 1.48, 1.48, 1.48, 1.48, 530]
['2019-03-26 13:00:00', 1.4725, 1.4725, 1.4725, 1.4725, 1070]
['2019-03-26 12:50:00', 1.48, 1.477, 1.477, 1.48, 3702]
['2019-03-26 12:47:00', 1.48, 1.48, 1.48, 1.48, 100]
['2019-03-26 12:37:00', 1.48, 1.48, 1.48, 1.48, 7200]
['2019-03-26 12:36:00', 1.48, 1.48, 1.48, 1.48, 2200]
['2019-03-26 12:35:00', 1.522, 1.522, 1.522, 1.522, 1701]
['2019-03-26 12:34:00', 1.51, 1.51, 1.51, 1.51, 300]
['2019-03-26 12:31:00', 1.5147, 1.5147, 1.5147, 1.5147, 300]
['2019-03-26 12:25:00', 1.52, 1.5, 1.5, 1.52, 1100]
['2019-03-26 12:20:00', 1.5, 1.5, 1.5, 1.5, 620]
['2019-03-26 12:19:00', 1.5, 1.5, 1.5, 1.5, 100]
['2019-03-26 12:11:00', 1.5, 1.5202, 1.5, 1.5202, 2550]
['2019-03-26 12:07:00', 1.52, 1.52, 1.52, 1.52, 2634]
['2019-03-26 12:06:00', 1.5, 1.5, 1.5, 1.5, 300]
['2019-03-26 11:51:00', 1.51, 1.51, 1.51, 1.51, 4800]
['2019-03-26 11:50:00', 1.49, 1.49, 1.49, 1.49, 4309]
['2019-03-26 11:48:00', 1.5, 1.5, 1.5, 1.5, 6240]
['2019-03-26 11:47:00', 1.51, 1.51, 1.51, 1.51, 500]
['2019-03-26 11:45:00', 1.52, 1.52, 1.52, 1.52, 7800]
['2019-03-26 11:44:00', 1.51, 1.51, 1.51, 1.51, 1700]
['2019-03-26 11:41:00', 1.51, 1.51, 1.51, 1.51, 1400]
['2019-03-26 11:35:00', 1.5424, 1.5425, 1.5424, 1.55, 9395]
['2019-03-26 11:32:00', 1.5499, 1.5499, 1.5499, 1.5499, 185]
['2019-03-26 11:28:00', 1.53, 1.53, 1.53, 1.53, 1000]
['2019-03-26 11:25:00', 1.5472, 1.5472, 1.5472, 1.5472, 2345]
['2019-03-26 11:23:00', 1.53, 1.528, 1.528, 1.53, 17800]
['2019-03-26 11:22:00', 1.5, 1.53, 1.5, 1.53, 33697]
['2019-03-26 11:19:00', 1.48, 1.48, 1.48, 1.48, 11405]
['2019-03-26 11:17:00', 1.48, 1.49, 1.48, 1.49, 14529]
['2019-03-26 11:16:00', 1.49, 1.49, 1.49, 1.49, 5100]
['2019-03-26 11:13:00', 1.48, 1.48, 1.48, 1.48, 450]
['2019-03-26 11:03:00', 1.47, 1.485, 1.47, 1.485, 900]
['2019-03-26 11:00:00', 1.48, 1.48, 1.48, 1.48, 2900]
['2019-03-26 10:54:00', 1.49, 1.48, 1.48, 1.49, 5096]
['2019-03-26 10:51:00', 1.5047, 1.5, 1.5, 1.5047, 12610]
['2019-03-26 10:49:00', 1.5, 1.5, 1.5, 1.5, 800]
['2019-03-26 10:47:00', 1.51, 1.51, 1.51, 1.51, 565]
['2019-03-26 10:46:00', 1.526, 1.526, 1.526, 1.526, 12500]
['2019-03-26 10:45:00', 1.5, 1.5, 1.5, 1.5, 2800]
['2019-03-26 10:42:00', 1.5099, 1.5099, 1.5099, 1.5099, 6408]
['2019-03-26 10:39:00', 1.51, 1.51, 1.51, 1.51, 100]
['2019-03-26 10:37:00', 1.5114, 1.5114, 1.5114, 1.5114, 6107]
['2019-03-26 10:36:00', 1.54, 1.524, 1.524, 1.54, 8743]
['2019-03-26 10:34:00', 1.55, 1.55, 1.55, 1.55, 3629]
['2019-03-26 10:33:00', 1.525, 1.56, 1.525, 1.56, 16404]
['2019-03-26 10:32:00', 1.5, 1.52, 1.5, 1.52, 11800]
['2019-03-26 10:31:00', 1.5, 1.5, 1.5, 1.5, 2400]
['2019-03-26 10:30:00', 1.495, 1.495, 1.495, 1.495, 3000]
['2019-03-26 10:28:00', 1.48, 1.48, 1.48, 1.48, 6500]
['2019-03-26 10:27:00', 1.4801, 1.49, 1.4801, 1.49, 25820]
['2019-03-26 10:25:00', 1.49, 1.49, 1.49, 1.49, 6700]
['2019-03-26 10:24:00', 1.49, 1.49, 1.49, 1.49, 3000]
['2019-03-26 10:23:00', 1.48, 1.48, 1.48, 1.48, 100]
['2019-03-26 10:21:00', 1.4826, 1.5, 1.4826, 1.5, 12080]
['2019-03-26 10:16:00', 1.48, 1.48, 1.48, 1.48, 18386]
['2019-03-26 10:15:00', 1.4597, 1.4597, 1.4597, 1.4597, 1320]
['2019-03-26 10:13:00', 1.45, 1.45, 1.45, 1.45, 1700]
['2019-03-26 10:11:00', 1.4401, 1.4401, 1.4401, 1.4401, 6203]
['2019-03-26 10:09:00', 1.4387, 1.4387, 1.4387, 1.4387, 14294]
['2019-03-26 10:08:00', 1.4101, 1.4101, 1.4101, 1.4101, 20203]
['2019-03-26 10:07:00', 1.425, 1.425, 1.425, 1.425, 300]
['2019-03-26 10:02:00', 1.4235, 1.4235, 1.4235, 1.4235, 220]
['2019-03-26 10:01:00', 1.425, 1.425, 1.425, 1.425, 300]
['2019-03-26 09:59:00', 1.42, 1.42, 1.42, 1.42, 1388]
['2019-03-26 09:50:00', 1.4399, 1.4399, 1.4399, 1.4399, 4000]
['2019-03-26 09:45:00', 1.43, 1.43, 1.43, 1.43, 701]
['2019-03-26 09:42:00', 1.4331, 1.4331, 1.4331, 1.4331, 423]
['2019-03-26 09:40:00', 1.44, 1.44, 1.44, 1.44, 4300]
['2019-03-26 09:39:00', 1.405, 1.405, 1.405, 1.405, 640]
['2019-03-26 09:38:00', 1.43, 1.43, 1.43, 1.43, 6075]
['2019-03-26 09:36:00', 1.4, 1.4, 1.4, 1.4, 3200]
['2019-03-25 16:00:00', 1.385, 1.385, 1.385, 1.385, 9958]
['2019-03-25 15:56:00', 1.3842, 1.3842, 1.3842, 1.3842, 1050]
['2019-03-25 15:52:00', 1.38, 1.38, 1.38, 1.38, 5300]
['2019-03-25 15:49:00', 1.37, 1.37, 1.37, 1.37, 950]
['2019-03-25 15:45:00', 1.39, 1.39, 1.39, 1.39, 1200]
['2019-03-25 15:43:00', 1.39, 1.3899, 1.3899, 1.39, 4200]
['2019-03-25 15:41:00', 1.38, 1.38, 1.38, 1.38, 4700]
['2019-03-25 15:35:00', 1.39, 1.39, 1.3875, 1.39, 11500]
['2019-03-25 15:34:00', 1.38, 1.3855, 1.38, 1.3855, 1000]
['2019-03-25 15:33:00', 1.3769, 1.3769, 1.3769, 1.3769, 1550]
['2019-03-25 15:32:00', 1.38, 1.38, 1.38, 1.38, 6300]
['2019-03-25 15:27:00', 1.38, 1.38, 1.38, 1.38, 100]
['2019-03-25 15:23:00', 1.38, 1.38, 1.38, 1.38, 2600]
['2019-03-25 15:22:00', 1.38, 1.38, 1.38, 1.38, 700]
['2019-03-25 15:18:00', 1.39, 1.39, 1.39, 1.39, 10200]
['2019-03-25 15:11:00', 1.38, 1.38, 1.38, 1.38, 3400]
['2019-03-25 15:08:00', 1.385, 1.385, 1.385, 1.385, 1400]
['2019-03-25 14:55:00', 1.38, 1.38, 1.38, 1.38, 2300]
['2019-03-25 14:54:00', 1.39, 1.38, 1.38, 1.39, 10053]
['2019-03-25 14:53:00', 1.38, 1.38, 1.38, 1.38, 100]
['2019-03-25 14:48:00', 1.39, 1.39, 1.39, 1.39, 5500]
['2019-03-25 14:44:00', 1.38, 1.38, 1.38, 1.38, 4150]
['2019-03-25 14:41:00', 1.39, 1.39, 1.39, 1.39, 1750]
['2019-03-25 14:40:00', 1.39, 1.39, 1.39, 1.39, 3020]
['2019-03-25 14:31:00', 1.3897, 1.3897, 1.3897, 1.3897, 700]
['2019-03-25 14:29:00', 1.39, 1.39, 1.39, 1.39, 3800]
['2019-03-25 14:27:00', 1.38, 1.38, 1.38, 1.38, 100]
['2019-03-25 14:18:00', 1.365, 1.37, 1.365, 1.37, 8300]
['2019-03-25 14:17:00', 1.3798, 1.3798, 1.3798, 1.3798, 700]
['2019-03-25 14:15:00', 1.3601, 1.3601, 1.3601, 1.3601, 1000]
['2019-03-25 14:08:00', 1.36, 1.36, 1.36, 1.36, 200]
['2019-03-25 14:07:00', 1.38, 1.38, 1.3759, 1.38, 9270]
['2019-03-25 14:06:00', 1.36, 1.3667, 1.36, 1.3667, 7900]
['2019-03-25 14:02:00', 1.38, 1.38, 1.38, 1.38, 300]
['2019-03-25 13:58:00', 1.37, 1.37, 1.37, 1.37, 2600]
['2019-03-25 13:54:00', 1.37, 1.37, 1.37, 1.37, 1800]
['2019-03-25 13:53:00', 1.355, 1.3632, 1.355, 1.3632, 10800]
['2019-03-25 13:51:00', 1.36, 1.36, 1.36, 1.36, 5200]
['2019-03-25 13:50:00', 1.3501, 1.3501, 1.3501, 1.3501, 3454]
['2019-03-25 13:42:00', 1.345, 1.3531, 1.34, 1.3531, 17840]
['2019-03-25 13:39:00', 1.34, 1.3433, 1.34, 1.3433, 1500]
['2019-03-25 13:26:00', 1.34, 1.3495, 1.34, 1.3495, 1000]
['2019-03-25 13:10:00', 1.34, 1.33, 1.33, 1.34, 21699]
['2019-03-25 13:09:00', 1.34, 1.34, 1.34, 1.34, 5900]
['2019-03-25 13:08:00', 1.34, 1.34, 1.34, 1.34, 7900]
['2019-03-25 13:07:00', 1.34, 1.34, 1.34, 1.34, 3080]
['2019-03-25 13:05:00', 1.34, 1.34, 1.34, 1.34, 100]
['2019-03-25 12:57:00', 1.33, 1.3334, 1.33, 1.3334, 4300]
['2019-03-25 12:56:00', 1.33, 1.33, 1.33, 1.33, 800]
['2019-03-25 12:55:00', 1.33, 1.33, 1.33, 1.33, 2300]
['2019-03-25 12:54:00', 1.33, 1.3299, 1.3299, 1.33, 25755]
['2019-03-25 12:42:00', 1.3229, 1.3229, 1.3229, 1.3229, 910]
['2019-03-25 12:41:00', 1.32, 1.32, 1.32, 1.32, 2000]
['2019-03-25 12:38:00', 1.3299, 1.3299, 1.3299, 1.3299, 20315]
['2019-03-25 12:36:00', 1.32, 1.32, 1.32, 1.32, 7800]
['2019-03-25 12:34:00', 1.3, 1.3, 1.3, 1.3, 1370]
['2019-03-25 12:31:00', 1.3, 1.3, 1.3, 1.3, 181]
['2019-03-25 12:27:00', 1.31, 1.31, 1.31, 1.31, 100]
['2019-03-25 12:24:00', 1.3133, 1.3133, 1.3133, 1.3133, 2681]
['2019-03-25 12:23:00', 1.31, 1.31, 1.31, 1.31, 5100]
['2019-03-25 12:11:00', 1.32, 1.32, 1.32, 1.32, 3800]
['2019-03-25 12:09:00', 1.33, 1.33, 1.33, 1.33, 1500]
['2019-03-25 12:02:00', 1.31, 1.31, 1.31, 1.31, 5199]
['2019-03-25 12:00:00', 1.32, 1.32, 1.32, 1.32, 3100]
['2019-03-25 11:59:00', 1.315, 1.315, 1.315, 1.315, 200]
['2019-03-25 11:46:00', 1.32, 1.3166, 1.3166, 1.32, 625]
['2019-03-25 11:43:00', 1.3187, 1.3187, 1.3187, 1.3187, 800]
['2019-03-25 11:39:00', 1.31, 1.31, 1.31, 1.31, 200]
['2019-03-25 11:38:00', 1.31, 1.31, 1.31, 1.31, 597]
['2019-03-25 11:31:00', 1.3057, 1.3057, 1.3057, 1.3057, 5000]
['2019-03-25 11:30:00', 1.31, 1.31, 1.31, 1.31, 465]
['2019-03-25 11:27:00', 1.315, 1.315, 1.315, 1.315, 1710]
['2019-03-25 11:25:00', 1.315, 1.315, 1.315, 1.315, 200]
['2019-03-25 11:16:00', 1.327, 1.32, 1.32, 1.327, 6669]
['2019-03-25 11:15:00', 1.3246, 1.3246, 1.3246, 1.3246, 7300]
['2019-03-25 11:14:00', 1.31, 1.32, 1.31, 1.32, 12537]
['2019-03-25 11:10:00', 1.305, 1.305, 1.305, 1.305, 310]
['2019-03-25 11:08:00', 1.3082, 1.3082, 1.3082, 1.3082, 800]
['2019-03-25 10:50:00', 1.29, 1.29, 1.29, 1.29, 9300]
['2019-03-25 10:49:00', 1.295, 1.29, 1.29, 1.295, 6200]
['2019-03-25 10:43:00', 1.29, 1.29, 1.29, 1.29, 5800]
['2019-03-25 10:42:00', 1.3, 1.3, 1.3, 1.3, 2000]
['2019-03-25 10:40:00', 1.29, 1.29, 1.29, 1.29, 1900]
['2019-03-25 10:38:00', 1.3, 1.3, 1.3, 1.3, 2251]
['2019-03-25 10:37:00', 1.3, 1.3, 1.3, 1.3, 1200]
['2019-03-25 10:33:00', 1.3, 1.3, 1.3, 1.3, 10700]
['2019-03-25 10:26:00', 1.29, 1.29, 1.29, 1.29, 1300]
['2019-03-25 10:25:00', 1.29, 1.29, 1.29, 1.29, 100]
['2019-03-25 10:24:00', 1.29, 1.29, 1.29, 1.29, 200]
['2019-03-25 10:23:00', 1.285, 1.285, 1.285, 1.285, 100]
['2019-03-25 10:21:00', 1.29, 1.29, 1.29, 1.29, 4595]
['2019-03-25 10:17:00', 1.29, 1.29, 1.29, 1.29, 100]
['2019-03-25 10:16:00', 1.29, 1.29, 1.29, 1.29, 100]
['2019-03-25 10:14:00', 1.29, 1.29, 1.29, 1.29, 275]
['2019-03-25 10:11:00', 1.29, 1.29, 1.29, 1.29, 892]
['2019-03-25 10:05:00', 1.28, 1.28, 1.28, 1.28, 1500]
['2019-03-25 09:54:00', 1.27, 1.27, 1.27, 1.27, 300]
['2019-03-25 09:51:00', 1.28, 1.27, 1.27, 1.28, 2500]
['2019-03-25 09:48:00', 1.27, 1.27, 1.27, 1.27, 1600]
['2019-03-25 09:33:00', 1.27, 1.27, 1.27, 1.27, 0]
