AAU
['2019-03-29 15:58:00', 0.5814, 0.5814, 0.581, 0.5814, 0]
['2019-03-29 15:57:00', 0.5854, 0.5854, 0.5854, 0.5854, 3098]
['2019-03-29 15:56:00', 0.5848, 0.5848, 0.5848, 0.5848, 4001]
['2019-03-29 15:52:00', 0.5859, 0.5858, 0.5858, 0.5859, 2000]
['2019-03-29 15:50:00', 0.5859, 0.5859, 0.5859, 0.5859, 800]
['2019-03-29 15:45:00', 0.5858, 0.5858, 0.5858, 0.5858, 1900]
['2019-03-29 15:42:00', 0.586, 0.586, 0.586, 0.586, 3000]
['2019-03-29 15:41:00', 0.5859, 0.5859, 0.5859, 0.5859, 5000]
['2019-03-29 15:31:00', 0.5861, 0.5861, 0.5861, 0.5861, 400]
['2019-03-29 15:21:00', 0.5864, 0.5864, 0.5864, 0.5864, 200]
['2019-03-29 15:04:00', 0.58, 0.59, 0.58, 0.59, 9071]
['2019-03-29 14:50:00', 0.5921, 0.5921, 0.5921, 0.5921, 100]
['2019-03-29 14:43:00', 0.5918, 0.5918, 0.5918, 0.5918, 1500]
['2019-03-29 14:35:00', 0.5911, 0.59, 0.59, 0.5911, 2600]
['2019-03-29 14:13:00', 0.5901, 0.5901, 0.5901, 0.5901, 3000]
['2019-03-29 14:06:00', 0.59, 0.5902, 0.59, 0.5902, 5600]
['2019-03-29 13:50:00', 0.5909, 0.5909, 0.5909, 0.5909, 6590]
['2019-03-29 13:46:00', 0.5918, 0.5918, 0.5918, 0.5918, 185]
['2019-03-29 13:24:00', 0.5921, 0.5921, 0.5921, 0.5921, 385]
['2019-03-29 13:23:00', 0.5921, 0.5921, 0.5921, 0.5921, 2800]
['2019-03-29 13:21:00', 0.5918, 0.5918, 0.5918, 0.5918, 3066]
['2019-03-29 12:43:00', 0.59, 0.59, 0.59, 0.59, 459]
['2019-03-29 12:41:00', 0.593, 0.593, 0.593, 0.593, 130]
['2019-03-29 12:27:00', 0.593, 0.593, 0.593, 0.593, 1600]
['2019-03-29 12:20:00', 0.5961, 0.5961, 0.5961, 0.5961, 596]
['2019-03-29 12:17:00', 0.596, 0.596, 0.596, 0.596, 160]
['2019-03-29 12:11:00', 0.6, 0.6, 0.6, 0.6, 850]
['2019-03-29 12:09:00', 0.6, 0.596, 0.596, 0.6, 10000]
['2019-03-29 11:45:00', 0.601, 0.601, 0.601, 0.601, 500]
['2019-03-29 11:13:00', 0.6012, 0.6012, 0.6012, 0.6012, 200]
['2019-03-29 11:07:00', 0.6, 0.6, 0.6, 0.6, 820]
['2019-03-29 10:33:00', 0.6046, 0.6046, 0.6046, 0.6046, 192]
['2019-03-29 10:18:00', 0.6011, 0.6047, 0.6011, 0.6047, 2400]
['2019-03-29 09:52:00', 0.6032, 0.6, 0.6, 0.6032, 1602]
['2019-03-29 09:46:00', 0.6001, 0.6001, 0.6001, 0.6001, 1100]
['2019-03-29 09:42:00', 0.605, 0.605, 0.605, 0.605, 6000]
['2019-03-29 09:40:00', 0.6183, 0.6183, 0.6183, 0.6183, 3000]
['2019-03-29 09:34:00', 0.6199, 0.6199, 0.6199, 0.6199, 100]
['2019-03-29 09:31:00', 0.596, 0.596, 0.596, 0.596, 0]
['2019-03-28 15:56:00', 0.5972, 0.5973, 0.5972, 0.5973, 5966]
['2019-03-28 15:51:00', 0.5971, 0.5971, 0.5971, 0.5971, 1834]
['2019-03-28 15:49:00', 0.5966, 0.5966, 0.5966, 0.5966, 6000]
['2019-03-28 15:43:00', 0.5963, 0.5963, 0.5963, 0.5963, 152]
['2019-03-28 15:37:00', 0.5973, 0.5973, 0.5973, 0.5973, 100]
['2019-03-28 15:26:00', 0.5973, 0.5973, 0.5973, 0.5973, 4100]
['2019-03-28 15:21:00', 0.5988, 0.5964, 0.5964, 0.5988, 620]
['2019-03-28 15:15:00', 0.5989, 0.5989, 0.5989, 0.5989, 240]
['2019-03-28 15:07:00', 0.5988, 0.5988, 0.5988, 0.5988, 2000]
['2019-03-28 15:02:00', 0.6001, 0.6001, 0.6001, 0.6001, 204]
['2019-03-28 15:01:00', 0.6001, 0.6001, 0.6001, 0.6001, 100]
['2019-03-28 14:59:00', 0.6001, 0.6001, 0.6001, 0.6001, 1200]
['2019-03-28 14:58:00', 0.6001, 0.6001, 0.6001, 0.6001, 400]
['2019-03-28 14:53:00', 0.6, 0.6, 0.6, 0.6, 13910]
['2019-03-28 14:52:00', 0.602, 0.6, 0.6, 0.602, 14000]
['2019-03-28 14:40:00', 0.6038, 0.6038, 0.6038, 0.6038, 1500]
['2019-03-28 14:37:00', 0.6043, 0.6043, 0.6043, 0.6043, 600]
['2019-03-28 14:36:00', 0.6041, 0.6041, 0.6041, 0.6041, 600]
['2019-03-28 14:13:00', 0.602, 0.602, 0.602, 0.602, 5055]
['2019-03-28 14:11:00', 0.6043, 0.6043, 0.6043, 0.6043, 1000]
['2019-03-28 14:05:00', 0.6032, 0.6044, 0.6032, 0.6044, 600]
['2019-03-28 14:01:00', 0.6042, 0.6042, 0.6042, 0.6042, 541]
['2019-03-28 13:32:00', 0.6023, 0.6023, 0.6023, 0.6023, 1000]
['2019-03-28 13:26:00', 0.6021, 0.6021, 0.6021, 0.6021, 2000]
['2019-03-28 13:21:00', 0.6, 0.6, 0.6, 0.6, 5001]
['2019-03-28 13:04:00', 0.6, 0.6, 0.6, 0.6, 800]
['2019-03-28 12:57:00', 0.6008, 0.6008, 0.6008, 0.6008, 3450]
['2019-03-28 12:56:00', 0.601, 0.601, 0.601, 0.601, 200]
['2019-03-28 12:45:00', 0.6045, 0.6045, 0.6045, 0.6045, 200]
['2019-03-28 12:43:00', 0.6047, 0.6047, 0.6047, 0.6047, 200]
['2019-03-28 12:38:00', 0.6047, 0.6047, 0.6047, 0.6047, 1025]
['2019-03-28 12:34:00', 0.6101, 0.6054, 0.6054, 0.6101, 5249]
['2019-03-28 12:32:00', 0.6119, 0.6119, 0.6119, 0.6119, 1785]
['2019-03-28 12:19:00', 0.6124, 0.6124, 0.6124, 0.6124, 152]
['2019-03-28 12:15:00', 0.6126, 0.6126, 0.6126, 0.6126, 265]
['2019-03-28 12:02:00', 0.6131, 0.6131, 0.6131, 0.6131, 841]
['2019-03-28 11:56:00', 0.6121, 0.6121, 0.6121, 0.6121, 3000]
['2019-03-28 11:49:00', 0.6112, 0.6112, 0.6112, 0.6112, 4003]
['2019-03-28 11:47:00', 0.6101, 0.6101, 0.6101, 0.6101, 1000]
['2019-03-28 11:39:00', 0.6102, 0.6102, 0.6102, 0.6102, 1200]
['2019-03-28 11:32:00', 0.6149, 0.6149, 0.6149, 0.6149, 100]
['2019-03-28 11:30:00', 0.6079, 0.6079, 0.6079, 0.6079, 2000]
['2019-03-28 11:27:00', 0.6149, 0.6149, 0.6149, 0.6149, 1900]
['2019-03-28 11:24:00', 0.605, 0.605, 0.605, 0.605, 200]
['2019-03-28 11:19:00', 0.6049, 0.6049, 0.6049, 0.6049, 4200]
['2019-03-28 11:18:00', 0.6049, 0.6049, 0.6049, 0.6049, 1200]
['2019-03-28 11:17:00', 0.6044, 0.6044, 0.6044, 0.6044, 2900]
['2019-03-28 11:16:00', 0.605, 0.605, 0.605, 0.605, 1526]
['2019-03-28 11:15:00', 0.605, 0.605, 0.605, 0.605, 6000]
['2019-03-28 11:12:00', 0.605, 0.605, 0.605, 0.605, 2886]
['2019-03-28 11:11:00', 0.61, 0.61, 0.61, 0.61, 3300]
['2019-03-28 11:08:00', 0.6129, 0.6129, 0.6129, 0.6129, 406]
['2019-03-28 11:04:00', 0.6266, 0.6266, 0.6266, 0.6266, 104]
['2019-03-28 10:53:00', 0.6266, 0.6266, 0.6266, 0.6266, 200]
['2019-03-28 10:23:00', 0.6266, 0.6266, 0.6266, 0.6266, 231]
['2019-03-28 10:22:00', 0.6167, 0.6167, 0.6167, 0.6167, 100]
['2019-03-28 10:04:00', 0.62, 0.6175, 0.6175, 0.62, 490]
['2019-03-28 09:44:00', 0.6231, 0.6231, 0.6231, 0.6231, 506]
['2019-03-28 09:41:00', 0.6202, 0.6202, 0.6202, 0.6202, 1378]
['2019-03-28 09:36:00', 0.6281, 0.6281, 0.6281, 0.6281, 1500]
['2019-03-28 09:33:00', 0.62, 0.62, 0.62, 0.62, 11207]
['2019-03-28 09:31:00', 0.6314, 0.6314, 0.6314, 0.6314, 0]
['2019-03-27 15:59:00', 0.6329, 0.6329, 0.6329, 0.6329, 2801]
['2019-03-27 15:48:00', 0.633, 0.633, 0.633, 0.633, 101]
['2019-03-27 15:37:00', 0.633, 0.633, 0.633, 0.633, 601]
['2019-03-27 15:30:00', 0.6302, 0.6302, 0.6302, 0.6302, 5000]
['2019-03-27 15:24:00', 0.6329, 0.633, 0.6329, 0.633, 1600]
['2019-03-27 15:18:00', 0.6301, 0.6301, 0.6301, 0.6301, 1000]
['2019-03-27 15:01:00', 0.6308, 0.6308, 0.6308, 0.6308, 1750]
['2019-03-27 14:50:00', 0.63, 0.63, 0.63, 0.63, 2000]
['2019-03-27 14:44:00', 0.6302, 0.6302, 0.6302, 0.6302, 5000]
['2019-03-27 14:42:00', 0.63, 0.63, 0.63, 0.63, 500]
['2019-03-27 14:35:00', 0.63, 0.629, 0.629, 0.63, 3350]
['2019-03-27 14:12:00', 0.6305, 0.63, 0.63, 0.6305, 350]
['2019-03-27 14:06:00', 0.6317, 0.6317, 0.6317, 0.6317, 100]
['2019-03-27 14:02:00', 0.6349, 0.63, 0.63, 0.6349, 6295]
['2019-03-27 13:49:00', 0.6367, 0.6367, 0.6367, 0.6367, 1020]
['2019-03-27 13:40:00', 0.6369, 0.6367, 0.6367, 0.6369, 324]
['2019-03-27 13:27:00', 0.6393, 0.6388, 0.6388, 0.6393, 1155]
['2019-03-27 13:26:00', 0.6394, 0.6394, 0.6394, 0.6394, 1000]
['2019-03-27 13:18:00', 0.64, 0.64, 0.64, 0.64, 2600]
['2019-03-27 13:16:00', 0.642, 0.642, 0.642, 0.642, 200]
['2019-03-27 13:02:00', 0.6439, 0.6439, 0.6439, 0.6439, 13503]
['2019-03-27 12:34:00', 0.642, 0.642, 0.642, 0.642, 550]
['2019-03-27 12:26:00', 0.642, 0.642, 0.642, 0.642, 1000]
['2019-03-27 12:21:00', 0.6439, 0.6439, 0.6439, 0.6439, 10000]
['2019-03-27 12:05:00', 0.6439, 0.6439, 0.6439, 0.6439, 605]
['2019-03-27 11:54:00', 0.6437, 0.6437, 0.6437, 0.6437, 1278]
['2019-03-27 11:28:00', 0.6419, 0.64, 0.64, 0.6419, 1795]
['2019-03-27 11:16:00', 0.6414, 0.6414, 0.6414, 0.6414, 208]
['2019-03-27 11:09:00', 0.6413, 0.6413, 0.6413, 0.6413, 1600]
['2019-03-27 10:53:00', 0.6413, 0.6413, 0.6413, 0.6413, 10000]
['2019-03-27 10:47:00', 0.6381, 0.6388, 0.6381, 0.6388, 1500]
['2019-03-27 10:40:00', 0.6366, 0.6366, 0.6366, 0.6366, 1300]
['2019-03-27 10:34:00', 0.6369, 0.6369, 0.6369, 0.6369, 6100]
['2019-03-27 10:28:00', 0.6367, 0.6367, 0.6367, 0.6367, 4675]
['2019-03-27 10:27:00', 0.6367, 0.6367, 0.6367, 0.6367, 2700]
['2019-03-27 10:25:00', 0.637, 0.637, 0.637, 0.637, 100]
['2019-03-27 10:16:00', 0.6371, 0.637, 0.637, 0.6371, 10720]
['2019-03-27 10:14:00', 0.6371, 0.6371, 0.6371, 0.6371, 3300]
['2019-03-27 10:07:00', 0.64, 0.64, 0.64, 0.64, 670]
['2019-03-27 10:04:00', 0.64, 0.64, 0.64, 0.64, 1315]
['2019-03-27 09:59:00', 0.6419, 0.6419, 0.6419, 0.6419, 765]
['2019-03-27 09:53:00', 0.6449, 0.6449, 0.6449, 0.6449, 11000]
['2019-03-27 09:51:00', 0.6448, 0.6448, 0.6448, 0.6448, 500]
['2019-03-27 09:46:00', 0.6497, 0.6497, 0.6497, 0.6497, 1000]
['2019-03-27 09:41:00', 0.6497, 0.6497, 0.6497, 0.6497, 3300]
['2019-03-27 09:40:00', 0.646, 0.646, 0.646, 0.646, 1750]
['2019-03-27 09:38:00', 0.6497, 0.6497, 0.6497, 0.6497, 8800]
['2019-03-27 09:36:00', 0.6498, 0.6498, 0.6498, 0.6498, 2900]
['2019-03-27 09:31:00', 0.65, 0.65, 0.65, 0.65, 38434]
['2019-03-26 16:00:00', 0.635, 0.6366, 0.635, 0.6366, 8102]
['2019-03-26 15:58:00', 0.635, 0.635, 0.635, 0.635, 6950]
['2019-03-26 15:51:00', 0.6318, 0.6318, 0.6318, 0.6318, 866]
['2019-03-26 15:49:00', 0.635, 0.635, 0.635, 0.635, 5400]
['2019-03-26 15:46:00', 0.63, 0.63, 0.63, 0.63, 4701]
['2019-03-26 15:44:00', 0.6298, 0.6297, 0.6297, 0.6298, 10901]
['2019-03-26 15:40:00', 0.6297, 0.6297, 0.6297, 0.6297, 7261]
['2019-03-26 15:36:00', 0.6298, 0.6298, 0.6298, 0.6298, 500]
['2019-03-26 15:30:00', 0.6297, 0.6297, 0.6297, 0.6297, 1000]
['2019-03-26 15:28:00', 0.6297, 0.6297, 0.6297, 0.6297, 2000]
['2019-03-26 15:26:00', 0.6298, 0.6298, 0.6298, 0.6298, 300]
['2019-03-26 15:21:00', 0.6297, 0.6297, 0.6297, 0.6297, 500]
['2019-03-26 15:08:00', 0.6298, 0.6298, 0.6298, 0.6298, 11600]
['2019-03-26 15:01:00', 0.6298, 0.6298, 0.6298, 0.6298, 280]
['2019-03-26 15:00:00', 0.6298, 0.6298, 0.6298, 0.6298, 5410]
['2019-03-26 14:55:00', 0.6298, 0.6298, 0.6298, 0.6298, 824]
['2019-03-26 14:47:00', 0.6298, 0.6298, 0.6298, 0.6298, 100]
['2019-03-26 14:43:00', 0.6298, 0.6298, 0.6298, 0.6298, 10800]
['2019-03-26 14:42:00', 0.6298, 0.6298, 0.6298, 0.6298, 8200]
['2019-03-26 14:23:00', 0.6297, 0.6297, 0.6297, 0.6297, 4100]
['2019-03-26 14:18:00', 0.6298, 0.6298, 0.6298, 0.6298, 1000]
['2019-03-26 14:09:00', 0.6298, 0.6298, 0.6298, 0.6298, 2200]
['2019-03-26 14:04:00', 0.6298, 0.6298, 0.6298, 0.6298, 6100]
['2019-03-26 13:36:00', 0.6298, 0.6298, 0.6298, 0.6298, 801]
['2019-03-26 13:35:00', 0.6299, 0.6299, 0.6299, 0.6299, 6175]
['2019-03-26 13:32:00', 0.6284, 0.6284, 0.6284, 0.6284, 2600]
['2019-03-26 13:13:00', 0.6277, 0.6277, 0.6277, 0.6277, 1000]
['2019-03-26 13:04:00', 0.6288, 0.6288, 0.6288, 0.6288, 43500]
['2019-03-26 13:02:00', 0.622, 0.629, 0.622, 0.629, 17000]
['2019-03-26 13:01:00', 0.622, 0.622, 0.622, 0.622, 200]
['2019-03-26 12:50:00', 0.6217, 0.6217, 0.6217, 0.6217, 200]
['2019-03-26 12:37:00', 0.6217, 0.6217, 0.6217, 0.6217, 697]
['2019-03-26 12:32:00', 0.6217, 0.6217, 0.6217, 0.6217, 600]
['2019-03-26 12:28:00', 0.6216, 0.6216, 0.6216, 0.6216, 100]
['2019-03-26 12:18:00', 0.6217, 0.6217, 0.6217, 0.6217, 20700]
['2019-03-26 12:17:00', 0.6218, 0.6218, 0.6218, 0.6218, 300]
['2019-03-26 12:05:00', 0.6218, 0.6218, 0.6218, 0.6218, 2200]
['2019-03-26 12:04:00', 0.6218, 0.6218, 0.6217, 0.6218, 11019]
['2019-03-26 12:03:00', 0.6219, 0.6219, 0.6219, 0.6219, 10000]
['2019-03-26 11:42:00', 0.6219, 0.6219, 0.6219, 0.6219, 7423]
['2019-03-26 11:41:00', 0.621, 0.621, 0.621, 0.621, 4000]
['2019-03-26 11:28:00', 0.6197, 0.6197, 0.6197, 0.6197, 1000]
['2019-03-26 11:27:00', 0.6208, 0.6208, 0.6208, 0.6208, 16200]
['2019-03-26 11:23:00', 0.6199, 0.6199, 0.6199, 0.6199, 400]
['2019-03-26 11:21:00', 0.6196, 0.6196, 0.6196, 0.6196, 100]
['2019-03-26 11:06:00', 0.6201, 0.62, 0.62, 0.6201, 2100]
['2019-03-26 10:46:00', 0.6209, 0.621, 0.6209, 0.621, 6552]
['2019-03-26 10:32:00', 0.621, 0.621, 0.621, 0.621, 150]
['2019-03-26 10:30:00', 0.621, 0.621, 0.621, 0.621, 900]
['2019-03-26 10:28:00', 0.621, 0.621, 0.621, 0.621, 500]
['2019-03-26 10:26:00', 0.6209, 0.6209, 0.6209, 0.6209, 4000]
['2019-03-26 10:17:00', 0.6209, 0.6209, 0.6209, 0.6209, 1501]
['2019-03-26 10:15:00', 0.621, 0.621, 0.621, 0.621, 3065]
['2019-03-26 10:00:00', 0.621, 0.621, 0.621, 0.621, 2000]
['2019-03-26 09:59:00', 0.6209, 0.6209, 0.6209, 0.6209, 1901]
['2019-03-26 09:57:00', 0.6207, 0.6207, 0.6207, 0.6207, 100]
['2019-03-26 09:51:00', 0.6207, 0.6207, 0.6207, 0.6207, 200]
['2019-03-26 09:48:00', 0.6215, 0.6215, 0.6215, 0.6215, 300]
['2019-03-26 09:47:00', 0.6225, 0.6225, 0.6225, 0.6225, 2100]
['2019-03-26 09:44:00', 0.6217, 0.6217, 0.6217, 0.6217, 200]
['2019-03-26 09:42:00', 0.6231, 0.6231, 0.6231, 0.6231, 400]
['2019-03-26 09:40:00', 0.6265, 0.6265, 0.6265, 0.6265, 100]
['2019-03-26 09:38:00', 0.6269, 0.6269, 0.6269, 0.6269, 1300]
['2019-03-26 09:37:00', 0.6269, 0.6269, 0.6269, 0.6269, 100]
['2019-03-26 09:34:00', 0.627, 0.627, 0.627, 0.627, 600]
['2019-03-26 09:32:00', 0.6258, 0.6258, 0.6258, 0.6258, 2600]
['2019-03-26 09:31:00', 0.612, 0.6106, 0.605, 0.612, 0]
['2019-03-25 15:58:00', 0.6074, 0.6074, 0.6074, 0.6074, 142]
['2019-03-25 15:53:00', 0.6076, 0.6076, 0.6076, 0.6076, 549]
['2019-03-25 15:47:00', 0.6099, 0.6099, 0.6099, 0.6099, 1653]
['2019-03-25 15:45:00', 0.6075, 0.6075, 0.6075, 0.6075, 5000]
['2019-03-25 15:42:00', 0.6069, 0.6069, 0.6069, 0.6069, 1407]
['2019-03-25 15:30:00', 0.6056, 0.6056, 0.6056, 0.6056, 1500]
['2019-03-25 15:26:00', 0.6082, 0.6082, 0.6082, 0.6082, 5700]
['2019-03-25 15:16:00', 0.6099, 0.6055, 0.6055, 0.6099, 500]
['2019-03-25 15:12:00', 0.6099, 0.6099, 0.6099, 0.6099, 3957]
['2019-03-25 15:11:00', 0.6046, 0.6046, 0.6046, 0.6046, 2600]
['2019-03-25 15:05:00', 0.6046, 0.6046, 0.6046, 0.6046, 200]
['2019-03-25 14:51:00', 0.605, 0.605, 0.605, 0.605, 200]
['2019-03-25 14:50:00', 0.605, 0.605, 0.605, 0.605, 200]
['2019-03-25 14:49:00', 0.605, 0.605, 0.605, 0.605, 200]
['2019-03-25 14:46:00', 0.603, 0.603, 0.603, 0.603, 100]
['2019-03-25 14:42:00', 0.6, 0.6, 0.6, 0.6, 12601]
['2019-03-25 14:38:00', 0.6002, 0.6002, 0.6002, 0.6002, 202]
['2019-03-25 14:27:00', 0.6029, 0.6029, 0.6029, 0.6029, 1175]
['2019-03-25 14:23:00', 0.6029, 0.6029, 0.6029, 0.6029, 5600]
['2019-03-25 14:21:00', 0.6018, 0.6018, 0.6018, 0.6018, 3300]
['2019-03-25 14:00:00', 0.5987, 0.5975, 0.5975, 0.5987, 1000]
['2019-03-25 13:53:00', 0.6028, 0.6, 0.6, 0.6028, 16655]
['2019-03-25 13:52:00', 0.6029, 0.6029, 0.6029, 0.6029, 400]
['2019-03-25 13:37:00', 0.6028, 0.6028, 0.6028, 0.6028, 8720]
['2019-03-25 13:34:00', 0.6026, 0.6026, 0.6026, 0.6026, 100]
['2019-03-25 13:24:00', 0.6023, 0.6023, 0.6023, 0.6023, 4000]
['2019-03-25 13:19:00', 0.6029, 0.6029, 0.6029, 0.6029, 1000]
['2019-03-25 13:14:00', 0.6029, 0.6029, 0.6029, 0.6029, 2000]
['2019-03-25 13:03:00', 0.6028, 0.6028, 0.6028, 0.6028, 1025]
['2019-03-25 12:36:00', 0.6014, 0.6014, 0.6014, 0.6014, 250]
['2019-03-25 12:32:00', 0.6028, 0.6028, 0.6028, 0.6028, 4000]
['2019-03-25 12:20:00', 0.6028, 0.6001, 0.6001, 0.6028, 3649]
['2019-03-25 12:05:00', 0.6001, 0.6, 0.6, 0.6001, 1000]
['2019-03-25 11:49:00', 0.6045, 0.6046, 0.6045, 0.6046, 2420]
['2019-03-25 11:39:00', 0.6055, 0.6055, 0.6055, 0.6055, 500]
['2019-03-25 11:22:00', 0.6054, 0.6, 0.6, 0.6054, 11706]
['2019-03-25 11:15:00', 0.6053, 0.6053, 0.6053, 0.6053, 726]
['2019-03-25 11:08:00', 0.6053, 0.6053, 0.6053, 0.6053, 1500]
['2019-03-25 11:06:00', 0.6055, 0.6055, 0.6055, 0.6055, 800]
['2019-03-25 11:03:00', 0.6098, 0.6098, 0.6098, 0.6098, 2000]
['2019-03-25 11:02:00', 0.6098, 0.6098, 0.6098, 0.6098, 4000]
['2019-03-25 10:59:00', 0.6054, 0.6054, 0.6054, 0.6054, 2100]
['2019-03-25 10:47:00', 0.607, 0.607, 0.607, 0.607, 10588]
['2019-03-25 10:41:00', 0.6099, 0.6099, 0.6099, 0.6099, 2900]
['2019-03-25 10:40:00', 0.6099, 0.6099, 0.6099, 0.6099, 200]
['2019-03-25 10:37:00', 0.6098, 0.6098, 0.6098, 0.6098, 4800]
['2019-03-25 10:36:00', 0.6099, 0.6099, 0.6099, 0.6099, 200]
['2019-03-25 10:29:00', 0.6099, 0.6099, 0.6099, 0.6099, 6949]
['2019-03-25 10:24:00', 0.6099, 0.6099, 0.6099, 0.6099, 17985]
['2019-03-25 10:23:00', 0.6037, 0.6037, 0.6037, 0.6037, 21099]
['2019-03-25 10:19:00', 0.603, 0.603, 0.603, 0.603, 600]
['2019-03-25 10:00:00', 0.6035, 0.6035, 0.6035, 0.6035, 1004]
['2019-03-25 09:50:00', 0.6037, 0.6037, 0.6037, 0.6037, 12103]
['2019-03-25 09:40:00', 0.6, 0.6001, 0.6, 0.6001, 6600]
['2019-03-25 09:37:00', 0.6026, 0.6026, 0.6026, 0.6026, 3700]
['2019-03-25 09:36:00', 0.6, 0.6, 0.6, 0.6, 23451]
['2019-03-25 09:32:00', 0.6079, 0.6079, 0.6079, 0.6079, 0]
