AX
['2019-03-29 16:00:00', 28.97, 28.975, 28.97, 28.975, 9375]
['2019-03-29 15:59:00', 29.01, 29.0, 28.97, 29.01, 3035]
['2019-03-29 15:58:00', 29.0, 29.01, 28.97, 29.01, 3517]
['2019-03-29 15:57:00', 29.01, 29.0, 29.0, 29.02, 1567]
['2019-03-29 15:56:00', 29.03, 29.01, 29.01, 29.03, 834]
['2019-03-29 15:55:00', 29.03, 29.02, 29.02, 29.03, 1823]
['2019-03-29 15:54:00', 29.02, 29.0, 28.99, 29.025, 2829]
['2019-03-29 15:53:00', 29.01, 29.03, 29.01, 29.035, 2098]
['2019-03-29 15:52:00', 29.0, 29.0, 28.99, 29.0, 1716]
['2019-03-29 15:51:00', 29.0, 29.0, 28.99, 29.01, 2208]
['2019-03-29 15:50:00', 29.0, 29.0, 29.0, 29.01, 2731]
['2019-03-29 15:49:00', 29.01, 28.99, 28.99, 29.01, 2069]
['2019-03-29 15:48:00', 29.04, 29.03, 29.03, 29.04, 1428]
['2019-03-29 15:47:00', 29.07, 29.05, 29.05, 29.075, 3194]
['2019-03-29 15:46:00', 29.06, 29.08, 29.06, 29.08, 6249]
['2019-03-29 15:45:00', 29.06, 29.05, 29.04, 29.06, 2639]
['2019-03-29 15:44:00', 29.025, 29.06, 29.025, 29.06, 1331]
['2019-03-29 15:43:00', 29.01, 29.02, 29.01, 29.03, 950]
['2019-03-29 15:42:00', 29.04, 29.02, 29.02, 29.04, 2988]
['2019-03-29 15:41:00', 29.04, 29.04, 29.04, 29.04, 1808]
['2019-03-29 15:40:00', 29.01, 29.04, 29.01, 29.05, 10595]
['2019-03-29 15:39:00', 29.01, 29.015, 29.01, 29.015, 868]
['2019-03-29 15:38:00', 29.0, 29.0, 29.0, 29.01, 3099]
['2019-03-29 15:37:00', 29.0, 29.0, 29.0, 29.01, 314]
['2019-03-29 15:36:00', 29.0, 29.0, 29.0, 29.01, 610]
['2019-03-29 15:35:00', 28.99, 29.0, 28.99, 29.0, 1086]
['2019-03-29 15:33:00', 28.95, 28.96, 28.95, 28.97, 675]
['2019-03-29 15:32:00', 28.98, 28.96, 28.96, 28.985, 2513]
['2019-03-29 15:31:00', 29.0, 28.98, 28.98, 29.0, 1508]
['2019-03-29 15:30:00', 28.955, 28.99, 28.955, 28.99, 2924]
['2019-03-29 15:27:00', 28.94, 28.95, 28.94, 28.955, 3773]
['2019-03-29 15:26:00', 28.93, 28.93, 28.93, 28.93, 100]
['2019-03-29 15:24:00', 28.96, 28.95, 28.95, 28.96, 1693]
['2019-03-29 15:23:00', 28.97, 28.96, 28.96, 28.97, 1210]
['2019-03-29 15:21:00', 28.9902, 28.97, 28.97, 28.9902, 2543]
['2019-03-29 15:20:00', 29.0, 28.981, 28.98, 29.0, 403]
['2019-03-29 15:18:00', 28.97, 28.99, 28.951, 28.99, 913]
['2019-03-29 15:17:00', 28.95, 28.94, 28.94, 28.95, 631]
['2019-03-29 15:16:00', 28.95, 28.93, 28.93, 28.96, 1766]
['2019-03-29 15:15:00', 28.965, 28.965, 28.965, 28.965, 259]
['2019-03-29 15:14:00', 28.96, 28.97, 28.96, 28.97, 565]
['2019-03-29 15:12:00', 28.965, 28.965, 28.965, 28.965, 296]
['2019-03-29 15:07:00', 28.98, 28.97, 28.97, 28.98, 1519]
['2019-03-29 15:05:00', 29.0, 28.985, 28.985, 29.0, 1202]
['2019-03-29 15:04:00', 29.01, 29.01, 29.01, 29.01, 705]
['2019-03-29 15:01:00', 29.02, 29.02, 29.02, 29.02, 9143]
['2019-03-29 15:00:00', 29.01, 29.01, 29.0, 29.01, 400]
['2019-03-29 14:59:00', 29.01, 29.01, 29.01, 29.01, 600]
['2019-03-29 14:58:00', 29.02, 29.01, 29.01, 29.02, 1761]
['2019-03-29 14:57:00', 29.02, 29.02, 29.02, 29.02, 6044]
['2019-03-29 14:56:00', 29.015, 29.015, 29.015, 29.015, 100]
['2019-03-29 14:55:00', 28.94, 29.005, 28.94, 29.01, 2593]
['2019-03-29 14:54:00', 28.935, 28.94, 28.935, 28.94, 203]
['2019-03-29 14:53:00', 28.94, 28.94, 28.93, 28.94, 923]
['2019-03-29 14:52:00', 28.96, 28.94, 28.93, 28.96, 2036]
['2019-03-29 14:51:00', 28.95, 28.96, 28.94, 28.96, 2453]
['2019-03-29 14:50:00', 28.945, 28.945, 28.94, 28.945, 300]
['2019-03-29 14:49:00', 28.94, 28.94, 28.94, 28.94, 600]
['2019-03-29 14:48:00', 28.95, 28.945, 28.94, 28.95, 400]
['2019-03-29 14:47:00', 28.94, 28.94, 28.94, 28.94, 100]
['2019-03-29 14:45:00', 28.95, 28.95, 28.94, 28.95, 592]
['2019-03-29 14:44:00', 28.925, 28.93, 28.925, 28.95, 2946]
['2019-03-29 14:43:00', 28.925, 28.925, 28.925, 28.925, 100]
['2019-03-29 14:41:00', 28.94, 28.9325, 28.9325, 28.94, 5435]
['2019-03-29 14:40:00', 28.94, 28.94, 28.94, 28.94, 100]
['2019-03-29 14:39:00', 28.91, 28.92, 28.91, 28.92, 1512]
['2019-03-29 14:37:00', 28.9, 28.89, 28.89, 28.91, 474]
['2019-03-29 14:35:00', 28.9, 28.87, 28.87, 28.9, 674]
['2019-03-29 14:34:00', 28.88, 28.88, 28.88, 28.88, 300]
['2019-03-29 14:31:00', 28.86, 28.875, 28.86, 28.875, 208]
['2019-03-29 14:30:00', 28.91, 28.87, 28.87, 28.918, 1528]
['2019-03-29 14:26:00', 28.93, 28.92, 28.92, 28.95, 652]
['2019-03-29 14:23:00', 28.94, 28.94, 28.94, 28.95, 760]
['2019-03-29 14:21:00', 28.94, 28.94, 28.93, 28.94, 1631]
['2019-03-29 14:20:00', 28.955, 28.955, 28.955, 28.955, 400]
['2019-03-29 14:18:00', 28.94, 28.94, 28.94, 28.94, 100]
['2019-03-29 14:17:00', 28.955, 28.96, 28.955, 28.96, 200]
['2019-03-29 14:16:00', 28.955, 28.955, 28.955, 28.955, 200]
['2019-03-29 14:14:00', 28.96, 28.95, 28.95, 28.98, 1431]
['2019-03-29 14:13:00', 28.96, 28.96, 28.96, 28.96, 200]
['2019-03-29 14:12:00', 28.99, 28.99, 28.99, 28.99, 100]
['2019-03-29 14:10:00', 28.98, 28.97, 28.97, 28.98, 267]
['2019-03-29 14:09:00', 28.95, 28.965, 28.95, 28.965, 2588]
['2019-03-29 14:08:00', 28.93, 28.94, 28.93, 28.94, 704]
['2019-03-29 14:07:00', 28.9, 28.92, 28.9, 28.92, 300]
['2019-03-29 14:03:00', 28.9, 28.9, 28.9, 28.9, 250]
['2019-03-29 14:01:00', 28.925, 28.905, 28.9, 28.925, 1291]
['2019-03-29 14:00:00', 28.935, 28.91, 28.91, 28.935, 519]
['2019-03-29 13:57:00', 28.94, 28.93, 28.93, 28.95, 1910]
['2019-03-29 13:56:00', 28.94, 28.95, 28.94, 28.95, 425]
['2019-03-29 13:51:00', 28.93, 28.93, 28.93, 28.93, 720]
['2019-03-29 13:50:00', 28.91, 28.91, 28.91, 28.91, 100]
['2019-03-29 13:49:00', 28.91, 28.91, 28.91, 28.91, 200]
['2019-03-29 13:48:00', 28.87, 28.9, 28.87, 28.92, 925]
['2019-03-29 13:47:00', 28.94, 28.84, 28.84, 28.94, 1695]
['2019-03-29 13:46:00', 29.01, 28.99, 28.99, 29.01, 900]
['2019-03-29 13:45:00', 29.0, 29.02, 29.0, 29.02, 760]
['2019-03-29 13:44:00', 28.99, 28.98, 28.98, 28.99, 417]
['2019-03-29 13:42:00', 28.97, 29.01, 28.97, 29.01, 785]
['2019-03-29 13:40:00', 28.99, 28.99, 28.99, 28.99, 606]
['2019-03-29 13:39:00', 28.99, 28.99, 28.99, 28.99, 112]
['2019-03-29 13:37:00', 28.9738, 28.97, 28.94, 28.9738, 495]
['2019-03-29 13:36:00', 28.9759, 28.96, 28.96, 28.9759, 666]
['2019-03-29 13:34:00', 28.97, 28.97, 28.96, 28.99, 883]
['2019-03-29 13:32:00', 28.98, 28.98, 28.98, 28.98, 478]
['2019-03-29 13:31:00', 29.01, 28.97, 28.97, 29.01, 1364]
['2019-03-29 13:30:00', 29.015, 29.0, 29.0, 29.015, 851]
['2019-03-29 13:28:00', 28.99, 28.99, 28.99, 28.99, 210]
['2019-03-29 13:27:00', 29.0, 29.0, 29.0, 29.0, 500]
['2019-03-29 13:25:00', 29.0, 29.0, 29.0, 29.0, 174]
['2019-03-29 13:23:00', 28.98, 28.98, 28.98, 28.98, 101]
['2019-03-29 13:22:00', 28.98, 28.99, 28.98, 28.99, 319]
['2019-03-29 13:21:00', 28.96, 28.95, 28.95, 28.965, 630]
['2019-03-29 13:19:00', 28.98, 28.99, 28.98, 28.99, 535]
['2019-03-29 13:17:00', 29.02, 29.01, 29.01, 29.02, 375]
['2019-03-29 13:15:00', 29.05, 29.025, 29.025, 29.05, 736]
['2019-03-29 13:12:00', 29.09, 29.06, 29.06, 29.09, 1514]
['2019-03-29 13:11:00', 29.08, 29.08, 29.08, 29.08, 100]
['2019-03-29 13:10:00', 29.06, 29.1, 29.06, 29.1, 1360]
['2019-03-29 13:07:00', 29.01, 29.03, 29.01, 29.03, 1363]
['2019-03-29 13:06:00', 29.02, 29.02, 29.02, 29.02, 607]
['2019-03-29 13:05:00', 29.02, 29.025, 29.02, 29.04, 353]
['2019-03-29 13:04:00', 29.02, 29.02, 29.02, 29.02, 220]
['2019-03-29 13:03:00', 29.0, 29.005, 29.0, 29.005, 225]
['2019-03-29 12:59:00', 28.99, 28.98, 28.98, 29.0, 410]
['2019-03-29 12:57:00', 28.975, 28.975, 28.975, 28.975, 145]
['2019-03-29 12:54:00', 28.96, 28.96, 28.96, 28.96, 230]
['2019-03-29 12:52:00', 28.955, 28.955, 28.955, 28.955, 262]
['2019-03-29 12:51:00', 28.95, 28.95, 28.95, 28.95, 113]
['2019-03-29 12:49:00', 28.91, 28.92, 28.91, 28.92, 305]
['2019-03-29 12:48:00', 28.93, 28.915, 28.91, 28.93, 858]
['2019-03-29 12:47:00', 28.95, 28.93, 28.93, 28.95, 498]
['2019-03-29 12:46:00', 28.98, 28.95, 28.95, 28.98, 202]
['2019-03-29 12:44:00', 28.95, 28.95, 28.95, 28.95, 114]
['2019-03-29 12:43:00', 28.961, 28.96, 28.96, 28.961, 707]
['2019-03-29 12:42:00', 28.96, 28.96, 28.96, 28.96, 100]
['2019-03-29 12:41:00', 28.985, 28.985, 28.985, 28.985, 177]
['2019-03-29 12:40:00', 28.985, 28.985, 28.985, 28.985, 200]
['2019-03-29 12:39:00', 28.9856, 29.0, 28.9856, 29.0, 764]
['2019-03-29 12:38:00', 28.985, 28.985, 28.985, 28.985, 112]
['2019-03-29 12:34:00', 28.98, 28.98, 28.98, 28.98, 692]
['2019-03-29 12:33:00', 28.97, 28.97, 28.8901, 29.02, 18727]
['2019-03-29 12:30:00', 29.05, 29.04, 29.04, 29.05, 415]
['2019-03-29 12:29:00', 29.07, 29.07, 29.07, 29.07, 200]
['2019-03-29 12:27:00', 29.05, 29.05, 29.05, 29.05, 781]
['2019-03-29 12:26:00', 29.06, 29.07, 29.06, 29.07, 575]
['2019-03-29 12:24:00', 29.04, 29.035, 29.02, 29.04, 748]
['2019-03-29 12:23:00', 29.0, 29.05, 29.0, 29.05, 1132]
['2019-03-29 12:22:00', 28.99, 28.99, 28.99, 28.99, 200]
['2019-03-29 12:21:00', 29.051, 28.97, 28.95, 29.051, 32629]
['2019-03-29 12:20:00', 29.06, 29.06, 29.05, 29.06, 907]
['2019-03-29 12:19:00', 29.04, 29.09, 29.04, 29.09, 1739]
['2019-03-29 12:18:00', 29.11, 29.0, 29.0, 29.11, 17834]
['2019-03-29 12:17:00', 29.08, 29.08, 29.08, 29.08, 207]
['2019-03-29 12:16:00', 29.11, 29.11, 29.11, 29.11, 100]
['2019-03-29 12:14:00', 29.09, 29.09, 29.09, 29.09, 405]
['2019-03-29 12:13:00', 29.0944, 29.09, 29.09, 29.12, 1426]
['2019-03-29 12:10:00', 29.05, 29.0784, 29.05, 29.0784, 814]
['2019-03-29 12:08:00', 29.12, 29.0843, 29.0843, 29.13, 600]
['2019-03-29 12:06:00', 29.16, 29.15, 29.15, 29.16, 580]
['2019-03-29 12:04:00', 29.2, 29.19, 29.19, 29.2, 374]
['2019-03-29 12:03:00', 29.15, 29.17, 29.15, 29.17, 363]
['2019-03-29 12:01:00', 29.16, 29.15, 29.15, 29.16, 803]
['2019-03-29 12:00:00', 29.19, 29.17, 29.17, 29.19, 1147]
['2019-03-29 11:57:00', 29.19, 29.19, 29.19, 29.19, 206]
['2019-03-29 11:56:00', 29.2, 29.21, 29.2, 29.21, 306]
['2019-03-29 11:55:00', 29.2, 29.16, 29.16, 29.2, 850]
['2019-03-29 11:52:00', 29.225, 29.225, 29.225, 29.225, 200]
['2019-03-29 11:51:00', 29.27, 29.21, 29.21, 29.27, 950]
['2019-03-29 11:50:00', 29.27, 29.27, 29.27, 29.27, 100]
['2019-03-29 11:49:00', 29.3, 29.3, 29.3, 29.3, 100]
['2019-03-29 11:48:00', 29.27, 29.27, 29.27, 29.27, 100]
['2019-03-29 11:47:00', 29.3, 29.3, 29.3, 29.3, 1246]
['2019-03-29 11:46:00', 29.29, 29.29, 29.28, 29.29, 1047]
['2019-03-29 11:43:00', 29.31, 29.31, 29.31, 29.31, 1109]
['2019-03-29 11:42:00', 29.3074, 29.29, 29.29, 29.3074, 6077]
['2019-03-29 11:41:00', 29.31, 29.2995, 29.2995, 29.31, 450]
['2019-03-29 11:39:00', 29.29, 29.29, 29.29, 29.29, 225]
['2019-03-29 11:38:00', 29.25, 29.26, 29.25, 29.275, 708]
['2019-03-29 11:37:00', 29.28, 29.28, 29.28, 29.28, 190]
['2019-03-29 11:35:00', 29.24, 29.23, 29.23, 29.26, 640]
['2019-03-29 11:34:00', 29.21, 29.21, 29.21, 29.21, 100]
['2019-03-29 11:33:00', 29.21, 29.21, 29.21, 29.21, 100]
['2019-03-29 11:32:00', 29.22, 29.22, 29.22, 29.22, 300]
['2019-03-29 11:30:00', 29.21, 29.21, 29.21, 29.21, 100]
['2019-03-29 11:28:00', 29.21, 29.21, 29.21, 29.21, 303]
['2019-03-29 11:27:00', 29.2, 29.22, 29.2, 29.22, 819]
['2019-03-29 11:26:00', 29.2, 29.2, 29.2, 29.2, 200]
['2019-03-29 11:25:00', 29.165, 29.21, 29.165, 29.21, 519]
['2019-03-29 11:24:00', 29.19, 29.19, 29.19, 29.19, 100]
['2019-03-29 11:21:00', 29.19, 29.19, 29.19, 29.19, 152]
['2019-03-29 11:20:00', 29.21, 29.21, 29.21, 29.21, 290]
['2019-03-29 11:19:00', 29.26, 29.25, 29.25, 29.26, 329]
['2019-03-29 11:18:00', 29.27, 29.27, 29.27, 29.27, 316]
['2019-03-29 11:17:00', 29.25, 29.27, 29.25, 29.27, 442]
['2019-03-29 11:15:00', 29.23, 29.22, 29.22, 29.23, 512]
['2019-03-29 11:14:00', 29.3, 29.25, 29.25, 29.3, 789]
['2019-03-29 11:13:00', 29.34, 29.3, 29.3, 29.35, 2631]
['2019-03-29 11:11:00', 29.33, 29.33, 29.33, 29.33, 100]
['2019-03-29 11:08:00', 29.33, 29.34, 29.33, 29.34, 604]
['2019-03-29 11:07:00', 29.3, 29.29, 29.29, 29.31, 303]
['2019-03-29 11:06:00', 29.33, 29.3, 29.3, 29.33, 541]
['2019-03-29 11:04:00', 29.37, 29.37, 29.37, 29.37, 291]
['2019-03-29 11:03:00', 29.36, 29.35, 29.35, 29.36, 789]
['2019-03-29 11:02:00', 29.36, 29.355, 29.355, 29.36, 427]
['2019-03-29 11:01:00', 29.36, 29.37, 29.36, 29.37, 300]
['2019-03-29 11:00:00', 29.38, 29.38, 29.38, 29.38, 200]
['2019-03-29 10:59:00', 29.37, 29.37, 29.37, 29.37, 125]
['2019-03-29 10:58:00', 29.36, 29.36, 29.36, 29.36, 100]
['2019-03-29 10:57:00', 29.37, 29.37, 29.37, 29.37, 314]
['2019-03-29 10:56:00', 29.35, 29.37, 29.35, 29.37, 914]
['2019-03-29 10:54:00', 29.42, 29.42, 29.42, 29.42, 778]
['2019-03-29 10:53:00', 29.41, 29.41, 29.41, 29.41, 100]
['2019-03-29 10:52:00', 29.47, 29.455, 29.455, 29.48, 1171]
['2019-03-29 10:51:00', 29.46, 29.46, 29.46, 29.46, 315]
['2019-03-29 10:50:00', 29.47, 29.48, 29.46, 29.48, 1002]
['2019-03-29 10:48:00', 29.47, 29.47, 29.47, 29.47, 212]
['2019-03-29 10:46:00', 29.46, 29.46, 29.46, 29.46, 807]
['2019-03-29 10:45:00', 29.51, 29.47, 29.47, 29.51, 46940]
['2019-03-29 10:43:00', 29.48, 29.48, 29.48, 29.48, 0]
['2019-03-29 10:42:00', 29.51, 29.51, 29.51, 29.51, 207]
['2019-03-29 10:41:00', 29.52, 29.5, 29.485, 29.52, 2190]
['2019-03-29 10:39:00', 29.54, 29.54, 29.54, 29.54, 206]
['2019-03-29 10:38:00', 29.515, 29.52, 29.51, 29.52, 1380]
['2019-03-29 10:37:00', 29.54, 29.49, 29.49, 29.54, 607]
['2019-03-29 10:35:00', 29.48, 29.48, 29.48, 29.48, 208]
['2019-03-29 10:34:00', 29.445, 29.4601, 29.445, 29.4601, 399]
['2019-03-29 10:32:00', 29.41, 29.41, 29.41, 29.41, 200]
['2019-03-29 10:31:00', 29.42, 29.43, 29.42, 29.43, 233]
['2019-03-29 10:30:00', 29.41, 29.42, 29.41, 29.43, 610]
['2019-03-29 10:29:00', 29.46, 29.42, 29.41, 29.465, 2232]
['2019-03-29 10:28:00', 29.49, 29.49, 29.49, 29.49, 100]
['2019-03-29 10:27:00', 29.47, 29.48, 29.46, 29.48, 800]
['2019-03-29 10:26:00', 29.45, 29.45, 29.45, 29.45, 713]
['2019-03-29 10:25:00', 29.41, 29.4088, 29.3892, 29.45, 1488]
['2019-03-29 10:24:00', 29.46, 29.43, 29.43, 29.46, 1321]
['2019-03-29 10:23:00', 29.49, 29.46, 29.46, 29.49, 548]
['2019-03-29 10:22:00', 29.51, 29.5, 29.5, 29.522, 2292]
['2019-03-29 10:21:00', 29.55, 29.55, 29.55, 29.55, 100]
['2019-03-29 10:20:00', 29.55, 29.537, 29.52, 29.55, 2013]
['2019-03-29 10:19:00', 29.55, 29.55, 29.55, 29.575, 1200]
['2019-03-29 10:18:00', 29.575, 29.575, 29.575, 29.575, 100]
['2019-03-29 10:17:00', 29.57, 29.57, 29.57, 29.57, 390]
['2019-03-29 10:16:00', 29.55, 29.55, 29.55, 29.55, 774]
['2019-03-29 10:15:00', 29.6, 29.6, 29.55, 29.6, 444]
['2019-03-29 10:14:00', 29.5765, 29.5765, 29.5765, 29.5765, 197]
['2019-03-29 10:13:00', 29.55, 29.55, 29.55, 29.55, 153]
['2019-03-29 10:12:00', 29.56, 29.55, 29.55, 29.58, 639]
['2019-03-29 10:11:00', 29.58, 29.56, 29.56, 29.59, 300]
['2019-03-29 10:08:00', 29.58, 29.58, 29.5545, 29.58, 370]
['2019-03-29 10:06:00', 29.56, 29.57, 29.56, 29.575, 1204]
['2019-03-29 10:03:00', 29.5751, 29.53, 29.53, 29.5751, 1544]
['2019-03-29 10:02:00', 29.58, 29.58, 29.58, 29.62, 300]
['2019-03-29 10:00:00', 29.54, 29.54, 29.54, 29.54, 100]
['2019-03-29 09:59:00', 29.5, 29.5, 29.5, 29.5, 211]
['2019-03-29 09:58:00', 29.575, 29.54, 29.53, 29.575, 707]
['2019-03-29 09:57:00', 29.53, 29.57, 29.53, 29.57, 1535]
['2019-03-29 09:55:00', 29.47, 29.46, 29.46, 29.47, 400]
['2019-03-29 09:54:00', 29.38, 29.48, 29.38, 29.49, 1079]
['2019-03-29 09:53:00', 29.36, 29.36, 29.36, 29.36, 100]
['2019-03-29 09:52:00', 29.46, 29.35, 29.35, 29.46, 1407]
['2019-03-29 09:51:00', 29.45, 29.45, 29.45, 29.45, 100]
['2019-03-29 09:49:00', 29.455, 29.43, 29.43, 29.455, 202]
['2019-03-29 09:47:00', 29.45, 29.45, 29.45, 29.45, 168]
['2019-03-29 09:46:00', 29.31, 29.31, 29.31, 29.31, 186]
['2019-03-29 09:45:00', 29.31, 29.32, 29.31, 29.32, 735]
['2019-03-29 09:44:00', 29.265, 29.265, 29.265, 29.265, 361]
['2019-03-29 09:42:00', 29.2013, 29.25, 29.2013, 29.25, 561]
['2019-03-29 09:41:00', 29.26, 29.25, 29.25, 29.26, 1416]
['2019-03-29 09:40:00', 29.26, 29.3475, 29.26, 29.37, 1780]
['2019-03-29 09:34:00', 29.37, 29.46, 29.28, 29.48, 1766]
['2019-03-29 09:33:00', 29.37, 29.37, 29.37, 29.37, 184]
['2019-03-29 09:31:00', 29.3455, 29.25, 29.25, 29.3455, 7666]
['2019-03-28 16:00:00', 29.07, 29.06, 29.04, 29.09, 3859]
['2019-03-28 15:59:00', 29.09, 29.06, 29.06, 29.09, 3636]
['2019-03-28 15:58:00', 29.06, 29.09, 29.06, 29.1, 3018]
['2019-03-28 15:57:00', 29.08, 29.06, 29.06, 29.085, 2370]
['2019-03-28 15:56:00', 29.08, 29.08, 29.08, 29.08, 1348]
['2019-03-28 15:55:00', 29.05, 29.05, 29.0499, 29.05, 2479]
['2019-03-28 15:54:00', 29.015, 29.02, 29.015, 29.02, 105]
['2019-03-28 15:53:00', 29.01, 29.011, 29.01, 29.011, 610]
['2019-03-28 15:52:00', 29.01, 29.02, 29.01, 29.02, 534]
['2019-03-28 15:51:00', 29.015, 29.015, 29.015, 29.015, 100]
['2019-03-28 15:50:00', 29.02, 29.02, 29.02, 29.02, 700]
['2019-03-28 15:49:00', 29.06, 29.02, 29.02, 29.06, 1270]
['2019-03-28 15:48:00', 29.06, 29.07, 29.06, 29.07, 498]
['2019-03-28 15:47:00', 29.07, 29.07, 29.07, 29.07, 271]
['2019-03-28 15:46:00', 29.055, 29.055, 29.055, 29.055, 344]
['2019-03-28 15:45:00', 29.05, 29.05, 29.05, 29.05, 101]
['2019-03-28 15:44:00', 29.03, 29.05, 29.03, 29.05, 382]
['2019-03-28 15:43:00', 29.04, 29.05, 29.03, 29.05, 930]
['2019-03-28 15:42:00', 29.05, 29.05, 29.05, 29.05, 107]
['2019-03-28 15:41:00', 29.05, 29.045, 29.04, 29.05, 1495]
['2019-03-28 15:40:00', 29.07, 29.07, 29.07, 29.07, 100]
['2019-03-28 15:39:00', 29.05, 29.06, 29.05, 29.06, 610]
['2019-03-28 15:38:00', 29.01, 29.04, 29.01, 29.04, 2190]
['2019-03-28 15:37:00', 28.995, 29.0, 28.995, 29.0, 527]
['2019-03-28 15:35:00', 29.005, 29.01, 29.005, 29.01, 953]
['2019-03-28 15:34:00', 29.01, 29.01, 29.01, 29.01, 205]
['2019-03-28 15:33:00', 29.0, 29.0, 29.0, 29.0, 310]
['2019-03-28 15:31:00', 28.995, 29.0, 28.995, 29.0, 315]
['2019-03-28 15:29:00', 28.9871, 29.0, 28.9871, 29.0, 2428]
['2019-03-28 15:28:00', 29.0, 29.0, 29.0, 29.0, 120]
['2019-03-28 15:27:00', 28.99, 28.99, 28.99, 28.99, 260]
['2019-03-28 15:26:00', 28.97, 28.98, 28.97, 28.98, 631]
['2019-03-28 15:25:00', 28.97, 28.97, 28.97, 28.97, 325]
['2019-03-28 15:20:00', 28.95, 28.95, 28.95, 28.95, 349]
['2019-03-28 15:19:00', 28.94, 28.94, 28.94, 28.94, 200]
['2019-03-28 15:18:00', 28.94, 28.94, 28.94, 28.94, 136]
['2019-03-28 15:17:00', 28.94, 28.93, 28.93, 28.94, 404]
['2019-03-28 15:15:00', 28.95, 28.94, 28.94, 28.955, 773]
['2019-03-28 15:14:00', 28.96, 28.95, 28.95, 28.96, 265]
['2019-03-28 15:13:00', 28.96, 28.96, 28.96, 28.96, 619]
['2019-03-28 15:10:00', 28.95, 28.96, 28.95, 28.96, 251]
['2019-03-28 15:08:00', 28.95, 28.95, 28.95, 28.95, 159]
['2019-03-28 15:04:00', 28.94, 28.94, 28.94, 28.94, 280]
['2019-03-28 15:03:00', 28.93, 28.94, 28.93, 28.94, 200]
['2019-03-28 15:02:00', 28.9, 28.91, 28.9, 28.91, 320]
['2019-03-28 15:01:00', 28.91, 28.89, 28.89, 28.91, 999]
['2019-03-28 15:00:00', 28.92, 28.92, 28.92, 28.92, 100]
['2019-03-28 14:59:00', 28.91, 28.91, 28.91, 28.91, 100]
['2019-03-28 14:58:00', 28.87, 28.89, 28.87, 28.895, 1937]
['2019-03-28 14:52:00', 28.89, 28.89, 28.89, 28.89, 327]
['2019-03-28 14:49:00', 28.88, 28.89, 28.88, 28.89, 230]
['2019-03-28 14:48:00', 28.89, 28.9, 28.89, 28.9, 354]
['2019-03-28 14:46:00', 28.89, 28.88, 28.88, 28.89, 538]
['2019-03-28 14:45:00', 28.89, 28.88, 28.88, 28.89, 415]
['2019-03-28 14:42:00', 28.9, 28.9, 28.9, 28.9, 133]
['2019-03-28 14:38:00', 28.9, 28.89, 28.89, 28.9, 483]
['2019-03-28 14:35:00', 28.9, 28.92, 28.9, 28.92, 313]
['2019-03-28 14:31:00', 28.92, 28.92, 28.92, 28.92, 105]
['2019-03-28 14:30:00', 28.94, 28.94, 28.94, 28.94, 115]
['2019-03-28 14:29:00', 28.95, 28.94, 28.94, 28.95, 724]
['2019-03-28 14:27:00', 28.9301, 28.9414, 28.9301, 28.9414, 300]
['2019-03-28 14:26:00', 28.94, 28.95, 28.935, 28.95, 412]
['2019-03-28 14:25:00', 28.925, 28.925, 28.925, 28.925, 100]
['2019-03-28 14:24:00', 28.94, 28.94, 28.94, 28.94, 258]
['2019-03-28 14:23:00', 28.925, 28.925, 28.925, 28.925, 100]
['2019-03-28 14:22:00', 28.925, 28.91, 28.91, 28.925, 300]
['2019-03-28 14:21:00', 28.95, 28.965, 28.95, 28.98, 1542]
['2019-03-28 14:20:00', 28.98, 28.98, 28.98, 28.98, 100]
['2019-03-28 14:19:00', 28.95, 28.95, 28.95, 28.95, 160]
['2019-03-28 14:18:00', 28.95, 28.96, 28.95, 28.96, 324]
['2019-03-28 14:17:00', 28.95, 28.94, 28.94, 28.95, 388]
['2019-03-28 14:16:00', 28.94, 28.945, 28.94, 28.945, 803]
['2019-03-28 14:15:00', 28.95, 28.95, 28.95, 28.95, 431]
['2019-03-28 14:14:00', 28.94, 28.94, 28.94, 28.94, 120]
['2019-03-28 14:13:00', 28.93, 28.93, 28.93, 28.93, 366]
['2019-03-28 14:12:00', 28.91, 28.93, 28.91, 28.93, 1131]
['2019-03-28 14:11:00', 28.9, 28.895, 28.895, 28.91, 1142]
['2019-03-28 14:10:00', 28.88, 28.88, 28.88, 28.88, 100]
['2019-03-28 14:09:00', 28.89, 28.89, 28.89, 28.89, 114]
['2019-03-28 14:08:00', 28.905, 28.9, 28.9, 28.905, 426]
['2019-03-28 14:07:00', 28.9026, 28.9, 28.9, 28.9026, 1500]
['2019-03-28 14:05:00', 28.88, 28.89, 28.88, 28.89, 437]
['2019-03-28 14:04:00', 28.86, 28.86, 28.86, 28.86, 100]
['2019-03-28 14:03:00', 28.8501, 28.87, 28.8501, 28.87, 682]
['2019-03-28 14:02:00', 28.87, 28.85, 28.85, 28.87, 382]
['2019-03-28 14:01:00', 28.87, 28.87, 28.87, 28.87, 100]
['2019-03-28 14:00:00', 28.903, 28.88, 28.88, 28.903, 1160]
['2019-03-28 13:58:00', 28.91, 28.91, 28.91, 28.91, 451]
['2019-03-28 13:56:00', 28.905, 28.905, 28.905, 28.905, 1136]
['2019-03-28 13:54:00', 28.9, 28.9, 28.9, 28.9, 229]
['2019-03-28 13:53:00', 28.87, 28.87, 28.87, 28.87, 200]
['2019-03-28 13:52:00', 28.85, 28.85, 28.85, 28.85, 400]
['2019-03-28 13:51:00', 28.85, 28.85, 28.85, 28.85, 118]
['2019-03-28 13:50:00', 28.82, 28.82, 28.82, 28.82, 170]
['2019-03-28 13:48:00', 28.83, 28.81, 28.81, 28.83, 226]
['2019-03-28 13:47:00', 28.82, 28.82, 28.82, 28.82, 456]
['2019-03-28 13:46:00', 28.79, 28.79, 28.79, 28.79, 305]
['2019-03-28 13:44:00', 28.81, 28.81, 28.81, 28.81, 200]
['2019-03-28 13:43:00', 28.785, 28.785, 28.785, 28.785, 223]
['2019-03-28 13:42:00', 28.8, 28.79, 28.79, 28.8, 838]
['2019-03-28 13:41:00', 28.81, 28.815, 28.81, 28.815, 424]
['2019-03-28 13:37:00', 28.815, 28.815, 28.815, 28.815, 100]
['2019-03-28 13:36:00', 28.84, 28.83, 28.83, 28.84, 523]
['2019-03-28 13:34:00', 28.84, 28.84, 28.84, 28.84, 103]
['2019-03-28 13:33:00', 28.83, 28.83, 28.83, 28.85, 569]
['2019-03-28 13:31:00', 28.81, 28.81, 28.81, 28.81, 100]
['2019-03-28 13:30:00', 28.81, 28.82, 28.81, 28.82, 335]
['2019-03-28 13:28:00', 28.81, 28.81, 28.81, 28.81, 210]
['2019-03-28 13:26:00', 28.81, 28.81, 28.81, 28.81, 770]
['2019-03-28 13:24:00', 28.79, 28.8, 28.79, 28.8, 607]
['2019-03-28 13:23:00', 28.75, 28.79, 28.75, 28.79, 851]
['2019-03-28 13:22:00', 28.73, 28.73, 28.73, 28.73, 100]
['2019-03-28 13:17:00', 28.7, 28.7, 28.7, 28.7, 110]
['2019-03-28 13:16:00', 28.69, 28.69, 28.69, 28.69, 444]
['2019-03-28 13:15:00', 28.71, 28.71, 28.71, 28.71, 150]
['2019-03-28 13:14:00', 28.69, 28.69, 28.69, 28.69, 179]
['2019-03-28 13:12:00', 28.68, 28.68, 28.68, 28.68, 310]
['2019-03-28 13:09:00', 28.65, 28.65, 28.65, 28.65, 936]
['2019-03-28 13:04:00', 28.67, 28.67, 28.67, 28.67, 385]
['2019-03-28 13:02:00', 28.63, 28.67, 28.63, 28.67, 900]
['2019-03-28 12:59:00', 28.63, 28.63, 28.63, 28.63, 377]
['2019-03-28 12:57:00', 28.6, 28.64, 28.6, 28.64, 331]
['2019-03-28 12:56:00', 28.63, 28.61, 28.61, 28.635, 689]
['2019-03-28 12:54:00', 28.63, 28.625, 28.625, 28.63, 300]
['2019-03-28 12:52:00', 28.6, 28.6, 28.6, 28.6, 259]
['2019-03-28 12:51:00', 28.57, 28.58, 28.555, 28.58, 1028]
['2019-03-28 12:50:00', 28.57, 28.57, 28.57, 28.57, 464]
['2019-03-28 12:49:00', 28.59, 28.59, 28.59, 28.59, 101]
['2019-03-28 12:45:00', 28.588, 28.595, 28.588, 28.595, 1401]
['2019-03-28 12:44:00', 28.585, 28.585, 28.585, 28.585, 120]
['2019-03-28 12:43:00', 28.595, 28.59, 28.58, 28.6, 1293]
['2019-03-28 12:42:00', 28.595, 28.595, 28.595, 28.595, 145]
['2019-03-28 12:41:00', 28.565, 28.6, 28.565, 28.6, 200]
['2019-03-28 12:38:00', 28.53, 28.53, 28.53, 28.53, 751]
['2019-03-28 12:36:00', 28.49, 28.51, 28.49, 28.51, 315]
['2019-03-28 12:35:00', 28.52, 28.53, 28.52, 28.53, 300]
['2019-03-28 12:33:00', 28.54, 28.54, 28.54, 28.54, 300]
['2019-03-28 12:29:00', 28.525, 28.54, 28.525, 28.54, 516]
['2019-03-28 12:27:00', 28.51, 28.525, 28.51, 28.525, 300]
['2019-03-28 12:25:00', 28.53, 28.53, 28.53, 28.53, 100]
['2019-03-28 12:24:00', 28.54, 28.5, 28.5, 28.54, 310]
['2019-03-28 12:23:00', 28.52, 28.55, 28.52, 28.55, 1175]
['2019-03-28 12:22:00', 28.5, 28.5, 28.5, 28.5, 401]
['2019-03-28 12:21:00', 28.52, 28.52, 28.52, 28.52, 240]
['2019-03-28 12:20:00', 28.4887, 28.4887, 28.4887, 28.4887, 613]
['2019-03-28 12:19:00', 28.5, 28.5, 28.5, 28.5, 417]
['2019-03-28 12:18:00', 28.4102, 28.52, 28.4102, 28.52, 1989]
['2019-03-28 12:13:00', 28.4411, 28.4411, 28.4411, 28.4411, 171]
['2019-03-28 12:11:00', 28.47, 28.47, 28.47, 28.47, 1096]
['2019-03-28 12:10:00', 28.485, 28.5, 28.485, 28.5, 815]
['2019-03-28 12:09:00', 28.495, 28.495, 28.495, 28.495, 100]
['2019-03-28 12:08:00', 28.535, 28.535, 28.535, 28.535, 310]
['2019-03-28 12:06:00', 28.55, 28.55, 28.55, 28.55, 100]
['2019-03-28 12:05:00', 28.55, 28.55, 28.55, 28.55, 101]
['2019-03-28 12:02:00', 28.6, 28.6, 28.6, 28.6, 127]
['2019-03-28 12:01:00', 28.63, 28.63, 28.63, 28.63, 164]
['2019-03-28 11:59:00', 28.64, 28.64, 28.64, 28.64, 361]
['2019-03-28 11:58:00', 28.67, 28.67, 28.66, 28.67, 300]
['2019-03-28 11:54:00', 28.66, 28.66, 28.66, 28.66, 135]
['2019-03-28 11:51:00', 28.705, 28.705, 28.705, 28.705, 111]
['2019-03-28 11:50:00', 28.72, 28.69, 28.69, 28.72, 526]
['2019-03-28 11:49:00', 28.682, 28.72, 28.682, 28.72, 1570]
['2019-03-28 11:47:00', 28.67, 28.67, 28.67, 28.67, 101]
['2019-03-28 11:45:00', 28.62, 28.64, 28.62, 28.66, 723]
['2019-03-28 11:44:00', 28.58, 28.63, 28.58, 28.63, 828]
['2019-03-28 11:43:00', 28.56, 28.59, 28.56, 28.59, 812]
['2019-03-28 11:41:00', 28.635, 28.635, 28.635, 28.635, 400]
['2019-03-28 11:40:00', 28.66, 28.66, 28.66, 28.66, 200]
['2019-03-28 11:38:00', 28.62, 28.63, 28.62, 28.63, 338]
['2019-03-28 11:37:00', 28.65, 28.65, 28.65, 28.65, 216]
['2019-03-28 11:35:00', 28.67, 28.68, 28.67, 28.71, 505]
['2019-03-28 11:34:00', 28.64, 28.64, 28.64, 28.64, 210]
['2019-03-28 11:31:00', 28.6, 28.64, 28.6, 28.64, 977]
['2019-03-28 11:30:00', 28.63, 28.63, 28.6, 28.64, 1109]
['2019-03-28 11:29:00', 28.63, 28.63, 28.63, 28.63, 200]
['2019-03-28 11:28:00', 28.65, 28.65, 28.65, 28.65, 100]
['2019-03-28 11:27:00', 28.66, 28.67, 28.66, 28.67, 415]
['2019-03-28 11:25:00', 28.64, 28.69, 28.64, 28.69, 1869]
['2019-03-28 11:24:00', 28.74, 28.68, 28.68, 28.74, 500]
['2019-03-28 11:23:00', 28.78, 28.78, 28.78, 28.78, 305]
['2019-03-28 11:22:00', 28.8, 28.815, 28.8, 28.815, 520]
['2019-03-28 11:20:00', 28.76, 28.76, 28.76, 28.81, 326]
['2019-03-28 11:19:00', 28.79, 28.79, 28.79, 28.79, 160]
['2019-03-28 11:18:00', 28.82, 28.82, 28.82, 28.82, 206]
['2019-03-28 11:17:00', 28.79, 28.79, 28.79, 28.79, 100]
['2019-03-28 11:16:00', 28.82, 28.8, 28.8, 28.85, 614]
['2019-03-28 11:14:00', 28.845, 28.845, 28.845, 28.845, 200]
['2019-03-28 11:13:00', 28.86, 28.86, 28.86, 28.86, 200]
['2019-03-28 11:12:00', 28.86, 28.88, 28.86, 28.88, 830]
['2019-03-28 11:10:00', 28.83, 28.83, 28.83, 28.83, 215]
['2019-03-28 11:09:00', 28.855, 28.855, 28.855, 28.855, 100]
['2019-03-28 11:08:00', 28.84, 28.84, 28.84, 28.84, 105]
['2019-03-28 11:07:00', 28.8799, 28.82, 28.82, 28.8799, 267]
['2019-03-28 11:06:00', 28.89, 28.87, 28.87, 28.89, 687]
['2019-03-28 11:04:00', 28.9, 28.9, 28.9, 28.9, 276]
['2019-03-28 11:03:00', 28.95, 28.9, 28.9, 28.95, 215]
['2019-03-28 11:02:00', 28.93, 28.93, 28.93, 28.93, 280]
['2019-03-28 11:00:00', 28.98, 29.0, 28.98, 29.0, 301]
['2019-03-28 10:59:00', 29.0, 28.99, 28.99, 29.0, 443]
['2019-03-28 10:58:00', 29.0257, 29.0257, 29.0257, 29.0257, 1556]
['2019-03-28 10:57:00', 28.97, 29.01, 28.97, 29.03, 2051]
['2019-03-28 10:56:00', 28.96, 28.96, 28.96, 28.96, 360]
['2019-03-28 10:55:00', 28.94, 28.94, 28.94, 28.94, 205]
['2019-03-28 10:52:00', 28.94, 28.98, 28.94, 28.99, 611]
['2019-03-28 10:50:00', 28.95, 28.95, 28.95, 28.95, 130]
['2019-03-28 10:47:00', 28.92, 28.94, 28.9, 28.94, 943]
['2019-03-28 10:45:00', 28.94, 28.94, 28.94, 28.94, 227]
['2019-03-28 10:42:00', 28.93, 28.93, 28.93, 28.93, 214]
['2019-03-28 10:41:00', 28.905, 28.905, 28.905, 28.905, 137]
['2019-03-28 10:39:00', 28.9, 28.9, 28.9, 28.9, 308]
['2019-03-28 10:37:00', 28.89, 28.89, 28.89, 28.89, 105]
['2019-03-28 10:35:00', 28.94, 28.92, 28.92, 28.95, 987]
['2019-03-28 10:34:00', 28.9, 28.94, 28.9, 28.94, 406]
['2019-03-28 10:30:00', 28.8783, 28.8783, 28.8783, 28.8783, 415]
['2019-03-28 10:25:00', 28.885, 28.885, 28.885, 28.885, 201]
['2019-03-28 10:22:00', 28.9, 28.9, 28.9, 28.9, 145]
['2019-03-28 10:21:00', 28.89, 28.89, 28.89, 28.91, 1107]
['2019-03-28 10:19:00', 28.88, 28.89, 28.88, 28.89, 516]
['2019-03-28 10:18:00', 28.88, 28.88, 28.88, 28.88, 100]
['2019-03-28 10:17:00', 28.86, 28.86, 28.86, 28.86, 100]
['2019-03-28 10:16:00', 28.81, 28.82, 28.81, 28.84, 553]
['2019-03-28 10:15:00', 28.83, 28.82, 28.82, 28.83, 202]
['2019-03-28 10:14:00', 28.86, 28.86, 28.86, 28.86, 378]
['2019-03-28 10:13:00', 28.8052, 28.87, 28.8052, 28.87, 956]
['2019-03-28 10:11:00', 28.84, 28.84, 28.84, 28.84, 100]
['2019-03-28 10:07:00', 28.83, 28.83, 28.83, 28.83, 100]
['2019-03-28 10:06:00', 28.83, 28.84, 28.8, 28.84, 885]
['2019-03-28 10:04:00', 28.7831, 28.7831, 28.7831, 28.7831, 175]
['2019-03-28 10:03:00', 28.83, 28.7775, 28.7775, 28.86, 1436]
['2019-03-28 10:02:00', 28.83, 28.83, 28.83, 28.83, 340]
['2019-03-28 09:59:00', 28.85, 28.85, 28.85, 28.87, 661]
['2019-03-28 09:57:00', 28.76, 28.85, 28.76, 28.85, 934]
['2019-03-28 09:55:00', 28.734, 28.734, 28.734, 28.734, 375]
['2019-03-28 09:54:00', 28.74, 28.79, 28.74, 28.79, 520]
['2019-03-28 09:51:00', 28.77, 28.75, 28.75, 28.77, 737]
['2019-03-28 09:49:00', 28.81, 28.81, 28.81, 28.81, 425]
['2019-03-28 09:48:00', 28.78, 28.85, 28.78, 28.85, 756]
['2019-03-28 09:47:00', 28.77, 28.706, 28.706, 28.77, 609]
['2019-03-28 09:45:00', 28.78, 28.8, 28.78, 28.8, 425]
['2019-03-28 09:43:00', 28.74, 28.76, 28.72, 28.76, 1857]
['2019-03-28 09:36:00', 28.85, 28.85, 28.85, 28.85, 266]
['2019-03-28 09:33:00', 28.73, 28.73, 28.73, 28.73, 190]
['2019-03-28 09:32:00', 28.75, 28.75, 28.75, 28.75, 667]
['2019-03-28 09:31:00', 28.72, 28.75, 28.51, 28.75, 5119]
['2019-03-27 16:00:00', 28.7375, 28.72, 28.71, 28.74, 7314]
['2019-03-27 15:59:00', 28.71, 28.735, 28.7, 28.74, 6854]
['2019-03-27 15:58:00', 28.71, 28.7, 28.7, 28.71, 2527]
['2019-03-27 15:57:00', 28.705, 28.7, 28.7, 28.71, 1811]
['2019-03-27 15:56:00', 28.73, 28.7, 28.69, 28.735, 4582]
['2019-03-27 15:55:00', 28.74, 28.73, 28.73, 28.74, 2362]
['2019-03-27 15:54:00', 28.76, 28.73, 28.73, 28.76, 1500]
['2019-03-27 15:53:00', 28.81, 28.76, 28.76, 28.815, 1709]
['2019-03-27 15:52:00', 28.82, 28.81, 28.81, 28.82, 1515]
['2019-03-27 15:51:00', 28.83, 28.825, 28.825, 28.835, 1022]
['2019-03-27 15:50:00', 28.83, 28.83, 28.83, 28.8385, 1397]
['2019-03-27 15:49:00', 28.83, 28.84, 28.83, 28.84, 2524]
['2019-03-27 15:48:00', 28.83, 28.82, 28.82, 28.83, 2201]
['2019-03-27 15:47:00', 28.84, 28.83, 28.83, 28.84, 661]
['2019-03-27 15:46:00', 28.835, 28.84, 28.83, 28.84, 1015]
['2019-03-27 15:45:00', 28.84, 28.835, 28.835, 28.84, 745]
['2019-03-27 15:44:00', 28.835, 28.84, 28.83, 28.84, 500]
['2019-03-27 15:43:00', 28.84, 28.84, 28.84, 28.84, 100]
['2019-03-27 15:42:00', 28.83, 28.84, 28.83, 28.84, 610]
['2019-03-27 15:41:00', 28.83, 28.84, 28.83, 28.84, 242]
['2019-03-27 15:40:00', 28.831, 28.83, 28.83, 28.8381, 1230]
['2019-03-27 15:39:00', 28.8316, 28.8316, 28.8316, 28.8316, 309]
['2019-03-27 15:38:00', 28.83, 28.83, 28.83, 28.84, 810]
['2019-03-27 15:37:00', 28.81, 28.82, 28.81, 28.82, 1483]
['2019-03-27 15:36:00', 28.82, 28.82, 28.82, 28.82, 150]
['2019-03-27 15:35:00', 28.78, 28.81, 28.78, 28.81, 691]
['2019-03-27 15:34:00', 28.78, 28.78, 28.775, 28.78, 645]
['2019-03-27 15:33:00', 28.77, 28.78, 28.77, 28.78, 400]
['2019-03-27 15:32:00', 28.76, 28.77, 28.754, 28.78, 1261]
['2019-03-27 15:31:00', 28.75, 28.75, 28.75, 28.78, 3991]
['2019-03-27 15:30:00', 28.76, 28.75, 28.74, 28.76, 2757]
['2019-03-27 15:29:00', 28.74, 28.75, 28.74, 28.76, 813]
['2019-03-27 15:28:00', 28.745, 28.75, 28.745, 28.76, 2236]
['2019-03-27 15:27:00', 28.73, 28.74, 28.73, 28.76, 1799]
['2019-03-27 15:26:00', 28.71, 28.72, 28.71, 28.72, 694]
['2019-03-27 15:25:00', 28.74, 28.74, 28.74, 28.74, 786]
['2019-03-27 15:24:00', 28.75, 28.75, 28.75, 28.75, 500]
['2019-03-27 15:23:00', 28.745, 28.75, 28.745, 28.76, 2291]
['2019-03-27 15:21:00', 28.755, 28.75, 28.75, 28.77, 1330]
['2019-03-27 15:20:00', 28.76, 28.755, 28.755, 28.7699, 1071]
['2019-03-27 15:19:00', 28.77, 28.77, 28.77, 28.78, 1066]
['2019-03-27 15:18:00', 28.76, 28.765, 28.76, 28.765, 222]
['2019-03-27 15:17:00', 28.76, 28.76, 28.76, 28.76, 123]
['2019-03-27 15:14:00', 28.79, 28.77, 28.7522, 28.79, 1834]
['2019-03-27 15:13:00', 28.81, 28.81, 28.81, 28.81, 482]
['2019-03-27 15:12:00', 28.76, 28.77, 28.76, 28.77, 518]
['2019-03-27 15:11:00', 28.75, 28.75, 28.75, 28.75, 544]
['2019-03-27 15:10:00', 28.78, 28.75, 28.75, 28.78, 1599]
['2019-03-27 15:09:00', 28.78, 28.78, 28.78, 28.78, 516]
['2019-03-27 15:08:00', 28.79, 28.79, 28.79, 28.79, 100]
['2019-03-27 15:07:00', 28.77, 28.78, 28.77, 28.78, 1284]
['2019-03-27 15:05:00', 28.755, 28.755, 28.755, 28.755, 227]
['2019-03-27 15:04:00', 28.77, 28.77, 28.77, 28.77, 107]
['2019-03-27 15:03:00', 28.74, 28.74, 28.74, 28.74, 104]
['2019-03-27 15:01:00', 28.73, 28.73, 28.73, 28.73, 341]
['2019-03-27 14:59:00', 28.81, 28.78, 28.78, 28.81, 1848]
['2019-03-27 14:57:00', 28.81, 28.81, 28.81, 28.81, 111]
['2019-03-27 14:56:00', 28.84, 28.82, 28.82, 28.86, 1913]
['2019-03-27 14:55:00', 28.83, 28.83, 28.83, 28.83, 200]
['2019-03-27 14:54:00', 28.84, 28.84, 28.84, 28.84, 371]
['2019-03-27 14:53:00', 28.84, 28.84, 28.84, 28.84, 300]
['2019-03-27 14:52:00', 28.84, 28.84, 28.84, 28.84, 631]
['2019-03-27 14:49:00', 28.8, 28.82, 28.8, 28.82, 1864]
['2019-03-27 14:47:00', 28.84, 28.84, 28.84, 28.84, 210]
['2019-03-27 14:46:00', 28.87, 28.87, 28.87, 28.87, 180]
['2019-03-27 14:44:00', 28.86, 28.85, 28.845, 28.86, 915]
['2019-03-27 14:43:00', 28.87, 28.86, 28.86, 28.87, 200]
['2019-03-27 14:41:00', 28.86, 28.861, 28.86, 28.861, 794]
['2019-03-27 14:39:00', 28.91, 28.88, 28.88, 28.91, 210]
['2019-03-27 14:37:00', 28.9, 28.93, 28.895, 28.93, 1471]
['2019-03-27 14:34:00', 28.9282, 28.9282, 28.9282, 28.9282, 154]
['2019-03-27 14:33:00', 28.94, 28.93, 28.93, 28.94, 625]
['2019-03-27 14:32:00', 28.96, 28.96, 28.96, 28.98, 475]
['2019-03-27 14:31:00', 28.94, 28.94, 28.94, 28.95, 1191]
['2019-03-27 14:30:00', 28.95, 28.96, 28.95, 28.96, 486]
['2019-03-27 14:29:00', 28.94, 28.94, 28.94, 28.94, 319]
['2019-03-27 14:27:00', 28.9189, 28.93, 28.9189, 28.93, 1490]
['2019-03-27 14:26:00', 28.92, 28.92, 28.92, 28.92, 100]
['2019-03-27 14:25:00', 28.9, 28.9, 28.9, 28.9, 110]
['2019-03-27 14:22:00', 28.92, 28.92, 28.92, 28.92, 173]
['2019-03-27 14:19:00', 28.96, 28.96, 28.96, 28.96, 446]
['2019-03-27 14:18:00', 28.965, 28.96, 28.96, 28.965, 242]
['2019-03-27 14:16:00', 28.98, 28.9744, 28.9744, 28.98, 1047]
['2019-03-27 14:14:00', 29.0, 28.99, 28.99, 29.0, 338]
['2019-03-27 14:13:00', 28.985, 28.985, 28.985, 28.985, 180]
['2019-03-27 14:12:00', 28.98, 28.965, 28.965, 28.98, 1168]
['2019-03-27 14:11:00', 28.9, 28.9, 28.9, 28.9, 257]
['2019-03-27 14:09:00', 28.92, 28.92, 28.92, 28.92, 525]
['2019-03-27 14:08:00', 28.92, 28.92, 28.92, 28.92, 832]
['2019-03-27 14:06:00', 28.92, 28.92, 28.92, 28.92, 105]
['2019-03-27 14:03:00', 28.95, 28.92, 28.92, 28.95, 1554]
['2019-03-27 14:01:00', 28.94, 28.94, 28.94, 28.94, 128]
['2019-03-27 13:56:00', 28.96, 28.98, 28.96, 28.98, 723]
['2019-03-27 13:54:00', 28.92, 28.92, 28.92, 28.92, 200]
['2019-03-27 13:52:00', 28.9204, 28.93, 28.9204, 28.93, 449]
['2019-03-27 13:50:00', 28.95, 28.92, 28.92, 28.97, 1869]
['2019-03-27 13:49:00', 28.93, 28.9378, 28.93, 28.9378, 552]
['2019-03-27 13:47:00', 28.95, 28.94, 28.94, 28.95, 787]
['2019-03-27 13:46:00', 28.92, 28.95, 28.92, 28.95, 1043]
['2019-03-27 13:45:00', 28.94, 28.9, 28.9, 28.94, 310]
['2019-03-27 13:41:00', 28.855, 28.855, 28.855, 28.855, 229]
['2019-03-27 13:40:00', 28.87, 28.87, 28.87, 28.87, 180]
['2019-03-27 13:35:00', 28.87, 28.845, 28.845, 28.87, 500]
['2019-03-27 13:34:00', 28.87, 28.87, 28.87, 28.87, 159]
['2019-03-27 13:32:00', 28.92, 28.9, 28.9, 28.93, 1043]
['2019-03-27 13:31:00', 28.95, 28.95, 28.95, 28.95, 255]
['2019-03-27 13:28:00', 28.95, 28.95, 28.95, 28.95, 100]
['2019-03-27 13:27:00', 28.92, 28.9364, 28.92, 28.9364, 1426]
['2019-03-27 13:26:00', 28.91, 28.91, 28.91, 28.91, 100]
['2019-03-27 13:25:00', 28.9, 28.9, 28.9, 28.9, 104]
['2019-03-27 13:24:00', 28.8759, 28.8759, 28.8759, 28.8759, 620]
['2019-03-27 13:23:00', 28.905, 28.89, 28.89, 28.905, 750]
['2019-03-27 13:22:00', 28.89, 28.89, 28.89, 28.89, 286]
['2019-03-27 13:19:00', 28.87, 28.86, 28.86, 28.87, 809]
['2019-03-27 13:16:00', 28.87, 28.86, 28.86, 28.88, 916]
['2019-03-27 13:15:00', 28.82, 28.89, 28.82, 28.89, 1011]
['2019-03-27 13:12:00', 28.75, 28.75, 28.75, 28.75, 127]
['2019-03-27 13:10:00', 28.76, 28.74, 28.72, 28.76, 1224]
['2019-03-27 13:05:00', 28.79, 28.79, 28.79, 28.79, 226]
['2019-03-27 13:04:00', 28.81, 28.8, 28.8, 28.81, 300]
['2019-03-27 13:03:00', 28.84, 28.84, 28.84, 28.84, 100]
['2019-03-27 13:00:00', 28.84, 28.83, 28.82, 28.84, 535]
['2019-03-27 12:59:00', 28.89, 28.85, 28.85, 28.89, 1398]
['2019-03-27 12:58:00', 28.84, 28.86, 28.84, 28.875, 3166]
['2019-03-27 12:57:00', 28.83, 28.85, 28.83, 28.85, 1010]
['2019-03-27 12:56:00', 28.81, 28.81, 28.81, 28.81, 125]
['2019-03-27 12:55:00', 28.8, 28.81, 28.8, 28.81, 200]
['2019-03-27 12:54:00', 28.77, 28.77, 28.745, 28.77, 1866]
['2019-03-27 12:53:00', 28.73, 28.76, 28.73, 28.76, 289]
['2019-03-27 12:52:00', 28.7001, 28.715, 28.7001, 28.715, 313]
['2019-03-27 12:51:00', 28.71, 28.71, 28.71, 28.71, 200]
['2019-03-27 12:47:00', 28.6948, 28.68, 28.68, 28.6948, 736]
['2019-03-27 12:45:00', 28.69, 28.69, 28.69, 28.69, 106]
['2019-03-27 12:43:00', 28.64, 28.64, 28.64, 28.64, 477]
['2019-03-27 12:42:00', 28.64, 28.63, 28.63, 28.64, 450]
['2019-03-27 12:41:00', 28.63, 28.63, 28.63, 28.63, 107]
['2019-03-27 12:40:00', 28.67, 28.67, 28.67, 28.67, 100]
['2019-03-27 12:39:00', 28.63, 28.67, 28.63, 28.67, 331]
['2019-03-27 12:36:00', 28.63, 28.61, 28.61, 28.63, 622]
['2019-03-27 12:35:00', 28.65, 28.65, 28.64, 28.66, 520]
['2019-03-27 12:34:00', 28.64, 28.66, 28.64, 28.66, 1845]
['2019-03-27 12:33:00', 28.62, 28.62, 28.62, 28.62, 100]
['2019-03-27 12:32:00', 28.615, 28.62, 28.61, 28.62, 336]
['2019-03-27 12:31:00', 28.59, 28.59, 28.59, 28.59, 118]
['2019-03-27 12:30:00', 28.62, 28.62, 28.62, 28.62, 100]
['2019-03-27 12:28:00', 28.61, 28.64, 28.61, 28.64, 2212]
['2019-03-27 12:27:00', 28.6, 28.6, 28.6, 28.6, 135]
['2019-03-27 12:25:00', 28.59, 28.59, 28.59, 28.59, 193]
['2019-03-27 12:22:00', 28.59, 28.585, 28.585, 28.59, 377]
['2019-03-27 12:21:00', 28.51, 28.56, 28.51, 28.56, 1206]
['2019-03-27 12:20:00', 28.475, 28.49, 28.475, 28.49, 331]
['2019-03-27 12:19:00', 28.47, 28.47, 28.47, 28.47, 200]
['2019-03-27 12:18:00', 28.47, 28.48, 28.47, 28.48, 830]
['2019-03-27 12:13:00', 28.49, 28.49, 28.49, 28.49, 311]
['2019-03-27 12:11:00', 28.48, 28.48, 28.48, 28.48, 139]
['2019-03-27 12:06:00', 28.46, 28.51, 28.46, 28.51, 548]
['2019-03-27 12:05:00', 28.41, 28.41, 28.41, 28.41, 1978]
['2019-03-27 12:00:00', 28.47, 28.47, 28.47, 28.47, 100]
['2019-03-27 11:59:00', 28.4034, 28.45, 28.4034, 28.45, 304]
['2019-03-27 11:58:00', 28.4, 28.41, 28.4, 28.41, 260]
['2019-03-27 11:55:00', 28.37, 28.4, 28.37, 28.4, 648]
['2019-03-27 11:54:00', 28.36, 28.36, 28.36, 28.36, 106]
['2019-03-27 11:53:00', 28.35, 28.35, 28.35, 28.35, 297]
['2019-03-27 11:52:00', 28.35, 28.36, 28.35, 28.36, 215]
['2019-03-27 11:51:00', 28.35, 28.36, 28.35, 28.36, 337]
['2019-03-27 11:50:00', 28.3, 28.3, 28.3, 28.3, 100]
['2019-03-27 11:49:00', 28.35, 28.33, 28.33, 28.35, 479]
['2019-03-27 11:48:00', 28.38, 28.38, 28.38, 28.38, 112]
['2019-03-27 11:45:00', 28.4, 28.4, 28.4, 28.4, 211]
['2019-03-27 11:44:00', 28.42, 28.42, 28.42, 28.42, 100]
['2019-03-27 11:43:00', 28.445, 28.445, 28.445, 28.445, 201]
['2019-03-27 11:42:00', 28.46, 28.4367, 28.4367, 28.46, 679]
['2019-03-27 11:41:00', 28.46, 28.46, 28.46, 28.46, 608]
['2019-03-27 11:40:00', 28.46, 28.4361, 28.4361, 28.46, 430]
['2019-03-27 11:39:00', 28.46, 28.45, 28.43, 28.46, 825]
['2019-03-27 11:36:00', 28.48, 28.5, 28.47, 28.5047, 1088]
['2019-03-27 11:35:00', 28.54, 28.51, 28.51, 28.54, 535]
['2019-03-27 11:32:00', 28.54, 28.54, 28.54, 28.54, 300]
['2019-03-27 11:31:00', 28.53, 28.53, 28.53, 28.53, 213]
['2019-03-27 11:29:00', 28.57, 28.53, 28.53, 28.57, 595]
['2019-03-27 11:27:00', 28.59, 28.585, 28.58, 28.59, 442]
['2019-03-27 11:26:00', 28.61, 28.61, 28.61, 28.61, 208]
['2019-03-27 11:25:00', 28.6, 28.6, 28.6, 28.6, 111]
['2019-03-27 11:21:00', 28.58, 28.58, 28.58, 28.58, 504]
['2019-03-27 11:20:00', 28.55, 28.56, 28.55, 28.56, 217]
['2019-03-27 11:19:00', 28.54, 28.54, 28.54, 28.56, 1082]
['2019-03-27 11:17:00', 28.55, 28.53, 28.53, 28.55, 200]
['2019-03-27 11:16:00', 28.565, 28.565, 28.565, 28.565, 210]
['2019-03-27 11:15:00', 28.59, 28.59, 28.59, 28.59, 732]
['2019-03-27 11:13:00', 28.58, 28.58, 28.58, 28.58, 539]
['2019-03-27 11:12:00', 28.57, 28.6, 28.57, 28.61, 647]
['2019-03-27 11:11:00', 28.5889, 28.5889, 28.5889, 28.5889, 539]
['2019-03-27 11:10:00', 28.61, 28.61, 28.61, 28.61, 100]
['2019-03-27 11:08:00', 28.57, 28.58, 28.57, 28.58, 200]
['2019-03-27 11:05:00', 28.49, 28.49, 28.49, 28.49, 483]
['2019-03-27 11:04:00', 28.51, 28.51, 28.51, 28.51, 175]
['2019-03-27 11:03:00', 28.54, 28.54, 28.54, 28.54, 100]
['2019-03-27 11:01:00', 28.51, 28.51, 28.51, 28.51, 142]
['2019-03-27 11:00:00', 28.48, 28.5, 28.48, 28.5, 465]
['2019-03-27 10:59:00', 28.49, 28.49, 28.49, 28.49, 131]
['2019-03-27 10:55:00', 28.4607, 28.4607, 28.4607, 28.4607, 1500]
['2019-03-27 10:54:00', 28.48, 28.48, 28.48, 28.48, 142]
['2019-03-27 10:51:00', 28.49, 28.48, 28.47, 28.49, 907]
['2019-03-27 10:50:00', 28.51, 28.5, 28.5, 28.52, 1163]
['2019-03-27 10:49:00', 28.53, 28.53, 28.53, 28.53, 215]
['2019-03-27 10:48:00', 28.53, 28.53, 28.53, 28.5399, 1758]
['2019-03-27 10:45:00', 28.52, 28.52, 28.52, 28.52, 344]
['2019-03-27 10:44:00', 28.54, 28.5, 28.48, 28.54, 2337]
['2019-03-27 10:42:00', 28.56, 28.56, 28.56, 28.56, 281]
['2019-03-27 10:40:00', 28.55, 28.56, 28.55, 28.56, 275]
['2019-03-27 10:39:00', 28.56, 28.56, 28.56, 28.56, 118]
['2019-03-27 10:38:00', 28.5507, 28.5507, 28.5507, 28.5507, 1083]
['2019-03-27 10:37:00', 28.54, 28.54, 28.54, 28.54, 706]
['2019-03-27 10:32:00', 28.57, 28.57, 28.57, 28.57, 197]
['2019-03-27 10:28:00', 28.59, 28.57, 28.57, 28.59, 335]
['2019-03-27 10:27:00', 28.59, 28.595, 28.57, 28.62, 1455]
['2019-03-27 10:26:00', 28.595, 28.595, 28.595, 28.595, 400]
['2019-03-27 10:24:00', 28.61, 28.61, 28.61, 28.61, 300]
['2019-03-27 10:21:00', 28.57, 28.57, 28.57, 28.57, 129]
['2019-03-27 10:19:00', 28.57, 28.52, 28.52, 28.57, 325]
['2019-03-27 10:16:00', 28.56, 28.56, 28.56, 28.56, 132]
['2019-03-27 10:15:00', 28.49, 28.51, 28.49, 28.51, 772]
['2019-03-27 10:14:00', 28.47, 28.47, 28.47, 28.47, 131]
['2019-03-27 10:13:00', 28.43, 28.43, 28.43, 28.43, 200]
['2019-03-27 10:12:00', 28.4622, 28.45, 28.45, 28.4622, 575]
['2019-03-27 10:11:00', 28.48, 28.48, 28.48, 28.48, 200]
['2019-03-27 10:08:00', 28.49, 28.49, 28.49, 28.49, 100]
['2019-03-27 10:06:00', 28.48, 28.46, 28.46, 28.48, 581]
['2019-03-27 10:03:00', 28.51, 28.51, 28.51, 28.51, 423]
['2019-03-27 10:02:00', 28.46, 28.465, 28.46, 28.465, 539]
['2019-03-27 10:01:00', 28.49, 28.49, 28.49, 28.49, 100]
['2019-03-27 09:58:00', 28.47, 28.49, 28.47, 28.49, 256]
['2019-03-27 09:56:00', 28.39, 28.39, 28.39, 28.39, 136]
['2019-03-27 09:55:00', 28.47, 28.44, 28.44, 28.47, 420]
['2019-03-27 09:54:00', 28.5, 28.455, 28.41, 28.5, 1433]
['2019-03-27 09:53:00', 28.56, 28.56, 28.56, 28.56, 139]
['2019-03-27 09:51:00', 28.51, 28.57, 28.51, 28.57, 534]
['2019-03-27 09:48:00', 28.6, 28.6, 28.6, 28.6, 111]
['2019-03-27 09:46:00', 28.57, 28.57, 28.57, 28.57, 100]
['2019-03-27 09:44:00', 28.59, 28.59, 28.59, 28.59, 165]
['2019-03-27 09:41:00', 28.54, 28.55, 28.54, 28.55, 970]
['2019-03-27 09:40:00', 28.45, 28.47, 28.45, 28.47, 895]
['2019-03-27 09:39:00', 28.44, 28.415, 28.415, 28.44, 478]
['2019-03-27 09:38:00', 28.49, 28.49, 28.49, 28.49, 188]
['2019-03-27 09:33:00', 28.49, 28.495, 28.47, 28.495, 905]
['2019-03-27 09:31:00', 28.48, 28.5, 28.48, 28.5, 6719]
['2019-03-26 16:00:00', 28.48, 28.47, 28.47, 28.48, 7323]
['2019-03-26 15:59:00', 28.47, 28.47, 28.47, 28.47, 1576]
['2019-03-26 15:58:00', 28.45, 28.45, 28.45, 28.45, 2540]
['2019-03-26 15:57:00', 28.47, 28.47, 28.47, 28.47, 929]
['2019-03-26 15:56:00', 28.4559, 28.4559, 28.4559, 28.4559, 1229]
['2019-03-26 15:55:00', 28.46, 28.45, 28.45, 28.46, 1454]
['2019-03-26 15:54:00', 28.46, 28.46, 28.46, 28.46, 1401]
['2019-03-26 15:53:00', 28.47, 28.47, 28.47, 28.47, 1008]
['2019-03-26 15:52:00', 28.43, 28.45, 28.43, 28.45, 2471]
['2019-03-26 15:50:00', 28.43, 28.43, 28.43, 28.43, 903]
['2019-03-26 15:48:00', 28.41, 28.44, 28.41, 28.44, 2119]
['2019-03-26 15:47:00', 28.4, 28.4, 28.4, 28.4, 746]
['2019-03-26 15:46:00', 28.37, 28.37, 28.37, 28.37, 1871]
['2019-03-26 15:45:00', 28.405, 28.41, 28.405, 28.41, 1130]
['2019-03-26 15:44:00', 28.41, 28.41, 28.41, 28.41, 654]
['2019-03-26 15:42:00', 28.42, 28.42, 28.42, 28.42, 598]
['2019-03-26 15:40:00', 28.45, 28.45, 28.45, 28.45, 321]
['2019-03-26 15:39:00', 28.46, 28.46, 28.46, 28.46, 474]
['2019-03-26 15:38:00', 28.48, 28.46, 28.46, 28.48, 1557]
['2019-03-26 15:37:00', 28.49, 28.49, 28.49, 28.49, 642]
['2019-03-26 15:36:00', 28.47, 28.47, 28.47, 28.47, 1341]
['2019-03-26 15:35:00', 28.421, 28.421, 28.421, 28.421, 466]
['2019-03-26 15:34:00', 28.43, 28.43, 28.43, 28.43, 278]
['2019-03-26 15:33:00', 28.405, 28.41, 28.405, 28.41, 698]
['2019-03-26 15:32:00', 28.37, 28.405, 28.37, 28.405, 1287]
['2019-03-26 15:31:00', 28.37, 28.37, 28.37, 28.37, 437]
['2019-03-26 15:30:00', 28.41, 28.41, 28.41, 28.41, 255]
['2019-03-26 15:29:00', 28.41, 28.41, 28.41, 28.41, 200]
['2019-03-26 15:27:00', 28.42, 28.42, 28.42, 28.42, 200]
['2019-03-26 15:25:00', 28.42, 28.42, 28.42, 28.42, 483]
['2019-03-26 15:21:00', 28.425, 28.425, 28.425, 28.425, 781]
['2019-03-26 15:20:00', 28.453, 28.4502, 28.4502, 28.453, 950]
['2019-03-26 15:18:00', 28.44, 28.44, 28.44, 28.44, 722]
['2019-03-26 15:17:00', 28.42, 28.42, 28.42, 28.42, 133]
['2019-03-26 15:15:00', 28.4001, 28.4001, 28.4001, 28.4001, 432]
['2019-03-26 15:14:00', 28.435, 28.435, 28.435, 28.435, 1319]
['2019-03-26 15:12:00', 28.4372, 28.4372, 28.4372, 28.4372, 532]
['2019-03-26 15:10:00', 28.46, 28.46, 28.46, 28.46, 507]
['2019-03-26 15:09:00', 28.46, 28.48, 28.46, 28.48, 1977]
['2019-03-26 15:06:00', 28.48, 28.47, 28.47, 28.48, 1274]
['2019-03-26 15:04:00', 28.5, 28.5, 28.5, 28.5, 900]
['2019-03-26 15:03:00', 28.54, 28.54, 28.54, 28.54, 530]
['2019-03-26 15:02:00', 28.53, 28.53, 28.53, 28.53, 625]
['2019-03-26 15:00:00', 28.5, 28.5, 28.5, 28.5, 100]
['2019-03-26 14:59:00', 28.495, 28.47, 28.47, 28.495, 1752]
['2019-03-26 14:58:00', 28.47, 28.47, 28.47, 28.47, 601]
['2019-03-26 14:57:00', 28.46, 28.46, 28.46, 28.46, 404]
['2019-03-26 14:56:00', 28.46, 28.46, 28.46, 28.46, 100]
['2019-03-26 14:54:00', 28.46, 28.46, 28.46, 28.46, 100]
['2019-03-26 14:51:00', 28.46, 28.46, 28.46, 28.46, 469]
['2019-03-26 14:48:00', 28.42, 28.42, 28.42, 28.42, 440]
['2019-03-26 14:45:00', 28.4, 28.4, 28.4, 28.4, 269]
['2019-03-26 14:44:00', 28.39, 28.39, 28.39, 28.39, 717]
['2019-03-26 14:41:00', 28.41, 28.41, 28.41, 28.41, 140]
['2019-03-26 14:40:00', 28.41, 28.41, 28.41, 28.41, 1069]
['2019-03-26 14:39:00', 28.38, 28.38, 28.38, 28.38, 220]
['2019-03-26 14:38:00', 28.38, 28.38, 28.38, 28.38, 525]
['2019-03-26 14:36:00', 28.36, 28.36, 28.36, 28.36, 580]
['2019-03-26 14:35:00', 28.36, 28.36, 28.36, 28.36, 406]
['2019-03-26 14:34:00', 28.35, 28.35, 28.35, 28.35, 497]
['2019-03-26 14:33:00', 28.34, 28.34, 28.34, 28.34, 542]
['2019-03-26 14:29:00', 28.4, 28.4, 28.4, 28.4, 122]
['2019-03-26 14:26:00', 28.41, 28.41, 28.41, 28.41, 295]
['2019-03-26 14:24:00', 28.39, 28.39, 28.39, 28.39, 200]
['2019-03-26 14:23:00', 28.39, 28.39, 28.39, 28.39, 205]
['2019-03-26 14:20:00', 28.38, 28.38, 28.38, 28.38, 504]
['2019-03-26 14:19:00', 28.38, 28.38, 28.38, 28.38, 711]
['2019-03-26 14:17:00', 28.36, 28.37, 28.36, 28.37, 558]
['2019-03-26 14:14:00', 28.33, 28.34, 28.33, 28.34, 780]
['2019-03-26 14:13:00', 28.31, 28.31, 28.31, 28.31, 500]
['2019-03-26 14:11:00', 28.37, 28.33, 28.33, 28.37, 858]
['2019-03-26 14:07:00', 28.31, 28.32, 28.31, 28.32, 664]
['2019-03-26 14:05:00', 28.31, 28.31, 28.31, 28.31, 105]
['2019-03-26 14:04:00', 28.29, 28.29, 28.29, 28.29, 744]
['2019-03-26 14:03:00', 28.31, 28.31, 28.31, 28.31, 155]
['2019-03-26 14:02:00', 28.28, 28.28, 28.28, 28.28, 381]
['2019-03-26 14:01:00', 28.295, 28.295, 28.295, 28.295, 104]
['2019-03-26 13:59:00', 28.3, 28.3, 28.3, 28.3, 896]
['2019-03-26 13:57:00', 28.32, 28.32, 28.32, 28.32, 135]
['2019-03-26 13:56:00', 28.37, 28.37, 28.37, 28.37, 194]
['2019-03-26 13:53:00', 28.345, 28.345, 28.345, 28.345, 405]
['2019-03-26 13:51:00', 28.36, 28.36, 28.36, 28.36, 144]
['2019-03-26 13:50:00', 28.36, 28.36, 28.36, 28.36, 246]
['2019-03-26 13:47:00', 28.3301, 28.3301, 28.3301, 28.3301, 1328]
['2019-03-26 13:45:00', 28.3193, 28.3193, 28.3193, 28.3193, 209]
['2019-03-26 13:43:00', 28.32, 28.32, 28.32, 28.32, 396]
['2019-03-26 13:42:00', 28.33, 28.33, 28.33, 28.33, 118]
['2019-03-26 13:41:00', 28.28, 28.3, 28.28, 28.32, 1799]
['2019-03-26 13:40:00', 28.2527, 28.2527, 28.2527, 28.2527, 369]
['2019-03-26 13:39:00', 28.28, 28.275, 28.27, 28.3, 2347]
['2019-03-26 13:38:00', 28.28, 28.28, 28.28, 28.28, 595]
['2019-03-26 13:37:00', 28.29, 28.29, 28.29, 28.29, 449]
['2019-03-26 13:36:00', 28.3, 28.32, 28.3, 28.32, 1156]
['2019-03-26 13:35:00', 28.3, 28.3, 28.3, 28.3, 1000]
['2019-03-26 13:31:00', 28.31, 28.31, 28.31, 28.31, 100]
['2019-03-26 13:30:00', 28.26, 28.26, 28.26, 28.26, 397]
['2019-03-26 13:29:00', 28.26, 28.26, 28.26, 28.26, 304]
['2019-03-26 13:28:00', 28.33, 28.33, 28.33, 28.33, 304]
['2019-03-26 13:27:00', 28.33, 28.33, 28.33, 28.33, 886]
['2019-03-26 13:26:00', 28.31, 28.31, 28.31, 28.31, 383]
['2019-03-26 13:24:00', 28.33, 28.33, 28.33, 28.33, 526]
['2019-03-26 13:23:00', 28.35, 28.35, 28.35, 28.35, 330]
['2019-03-26 13:22:00', 28.36, 28.36, 28.36, 28.36, 634]
['2019-03-26 13:17:00', 28.31, 28.31, 28.31, 28.31, 1107]
['2019-03-26 13:16:00', 28.45, 28.45, 28.45, 28.45, 300]
['2019-03-26 13:14:00', 28.4, 28.4, 28.4, 28.4, 1034]
['2019-03-26 13:13:00', 28.49, 28.49, 28.49, 28.49, 477]
['2019-03-26 13:12:00', 28.41, 28.45, 28.41, 28.45, 1319]
['2019-03-26 13:11:00', 28.37, 28.37, 28.37, 28.37, 574]
['2019-03-26 13:10:00', 28.29, 28.33, 28.29, 28.33, 1439]
['2019-03-26 13:09:00', 28.25, 28.25, 28.25, 28.25, 541]
['2019-03-26 13:08:00', 28.19, 28.21, 28.19, 28.21, 1094]
['2019-03-26 13:07:00', 28.19, 28.19, 28.19, 28.19, 404]
['2019-03-26 13:06:00', 28.19, 28.19, 28.19, 28.19, 504]
['2019-03-26 13:05:00', 28.16, 28.16, 28.16, 28.16, 156]
['2019-03-26 13:04:00', 28.19, 28.19, 28.19, 28.19, 376]
['2019-03-26 13:02:00', 28.17, 28.17, 28.17, 28.17, 397]
['2019-03-26 13:01:00', 28.15, 28.15, 28.15, 28.15, 340]
['2019-03-26 13:00:00', 28.13, 28.13, 28.13, 28.13, 829]
['2019-03-26 12:59:00', 28.14, 28.14, 28.14, 28.14, 200]
['2019-03-26 12:58:00', 28.21, 28.21, 28.21, 28.21, 240]
['2019-03-26 12:57:00', 28.2, 28.2, 28.2, 28.2, 389]
['2019-03-26 12:56:00', 28.2, 28.2, 28.2, 28.2, 300]
['2019-03-26 12:53:00', 28.18, 28.18, 28.18, 28.18, 355]
['2019-03-26 12:52:00', 28.135, 28.135, 28.135, 28.135, 423]
['2019-03-26 12:50:00', 28.17, 28.16, 28.16, 28.17, 837]
['2019-03-26 12:48:00', 28.15, 28.15, 28.15, 28.15, 185]
['2019-03-26 12:46:00', 28.23, 28.19, 28.19, 28.23, 672]
['2019-03-26 12:41:00', 28.21, 28.21, 28.21, 28.21, 206]
['2019-03-26 12:40:00', 28.28, 28.28, 28.28, 28.28, 103]
['2019-03-26 12:38:00', 28.22, 28.22, 28.22, 28.22, 463]
['2019-03-26 12:37:00', 28.26, 28.22, 28.22, 28.26, 772]
['2019-03-26 12:34:00', 28.26, 28.26, 28.26, 28.26, 300]
['2019-03-26 12:30:00', 28.29, 28.28, 28.28, 28.29, 775]
['2019-03-26 12:26:00', 28.25, 28.25, 28.25, 28.25, 419]
['2019-03-26 12:24:00', 28.29, 28.29, 28.29, 28.29, 412]
['2019-03-26 12:23:00', 28.2837, 28.2837, 28.2837, 28.2837, 1135]
['2019-03-26 12:22:00', 28.295, 28.295, 28.295, 28.295, 596]
['2019-03-26 12:18:00', 28.285, 28.285, 28.285, 28.285, 250]
['2019-03-26 12:17:00', 28.27, 28.27, 28.27, 28.27, 142]
['2019-03-26 12:15:00', 28.27, 28.27, 28.27, 28.27, 522]
['2019-03-26 12:14:00', 28.23, 28.23, 28.23, 28.23, 104]
['2019-03-26 12:13:00', 28.28, 28.28, 28.28, 28.28, 308]
['2019-03-26 12:12:00', 28.305, 28.28, 28.28, 28.305, 7286]
['2019-03-26 12:09:00', 28.32, 28.32, 28.32, 28.32, 438]
['2019-03-26 12:06:00', 28.37, 28.36, 28.36, 28.37, 392]
['2019-03-26 12:01:00', 28.34, 28.34, 28.34, 28.34, 406]
['2019-03-26 12:00:00', 28.33, 28.33, 28.33, 28.33, 306]
['2019-03-26 11:59:00', 28.365, 28.365, 28.365, 28.365, 367]
['2019-03-26 11:57:00', 28.37, 28.37, 28.37, 28.37, 760]
['2019-03-26 11:55:00', 28.33, 28.33, 28.33, 28.33, 708]
['2019-03-26 11:53:00', 28.29, 28.29, 28.29, 28.29, 556]
['2019-03-26 11:51:00', 28.36, 28.36, 28.36, 28.36, 323]
['2019-03-26 11:49:00', 28.35, 28.35, 28.35, 28.35, 473]
['2019-03-26 11:48:00', 28.41, 28.41, 28.41, 28.41, 100]
['2019-03-26 11:45:00', 28.42, 28.42, 28.42, 28.42, 407]
['2019-03-26 11:44:00', 28.42, 28.42, 28.42, 28.42, 358]
['2019-03-26 11:42:00', 28.45, 28.45, 28.45, 28.45, 206]
['2019-03-26 11:41:00', 28.45, 28.45, 28.45, 28.45, 1104]
['2019-03-26 11:39:00', 28.42, 28.42, 28.42, 28.42, 403]
['2019-03-26 11:38:00', 28.36, 28.36, 28.36, 28.36, 459]
['2019-03-26 11:33:00', 28.38, 28.375, 28.375, 28.38, 907]
['2019-03-26 11:32:00', 28.435, 28.435, 28.435, 28.435, 112]
['2019-03-26 11:29:00', 28.41, 28.41, 28.41, 28.41, 203]
['2019-03-26 11:28:00', 28.4, 28.4, 28.4, 28.4, 113]
['2019-03-26 11:27:00', 28.45, 28.45, 28.45, 28.45, 215]
['2019-03-26 11:26:00', 28.39, 28.39, 28.39, 28.39, 579]
['2019-03-26 11:25:00', 28.38, 28.38, 28.38, 28.38, 620]
['2019-03-26 11:24:00', 28.37, 28.37, 28.37, 28.37, 539]
['2019-03-26 11:23:00', 28.38, 28.38, 28.38, 28.38, 682]
['2019-03-26 11:20:00', 28.38, 28.38, 28.38, 28.38, 203]
['2019-03-26 11:19:00', 28.39, 28.39, 28.39, 28.39, 347]
['2019-03-26 11:18:00', 28.425, 28.425, 28.425, 28.425, 1030]
['2019-03-26 11:17:00', 28.39, 28.39, 28.39, 28.39, 251]
['2019-03-26 11:16:00', 28.38, 28.38, 28.38, 28.38, 609]
['2019-03-26 11:15:00', 28.36, 28.36, 28.36, 28.36, 580]
['2019-03-26 11:14:00', 28.43, 28.43, 28.43, 28.43, 100]
['2019-03-26 11:11:00', 28.44, 28.44, 28.44, 28.44, 102]
['2019-03-26 11:09:00', 28.42, 28.42, 28.42, 28.42, 417]
['2019-03-26 11:06:00', 28.53, 28.53, 28.53, 28.53, 325]
['2019-03-26 11:04:00', 28.48, 28.48, 28.48, 28.48, 213]
['2019-03-26 11:02:00', 28.58, 28.58, 28.58, 28.58, 693]
['2019-03-26 11:01:00', 28.55, 28.55, 28.55, 28.55, 631]
['2019-03-26 10:59:00', 28.55, 28.55, 28.55, 28.55, 125]
['2019-03-26 10:56:00', 28.59, 28.59, 28.59, 28.59, 100]
['2019-03-26 10:55:00', 28.565, 28.565, 28.565, 28.565, 327]
['2019-03-26 10:54:00', 28.62, 28.62, 28.62, 28.62, 313]
['2019-03-26 10:53:00', 28.585, 28.585, 28.585, 28.585, 605]
['2019-03-26 10:51:00', 28.5, 28.55, 28.5, 28.55, 1531]
['2019-03-26 10:50:00', 28.42, 28.46, 28.42, 28.46, 3262]
['2019-03-26 10:47:00', 28.305, 28.305, 28.305, 28.305, 100]
['2019-03-26 10:46:00', 28.33, 28.33, 28.33, 28.33, 556]
['2019-03-26 10:44:00', 28.32, 28.32, 28.32, 28.32, 353]
['2019-03-26 10:42:00', 28.29, 28.29, 28.29, 28.29, 9029]
['2019-03-26 10:41:00', 28.28, 28.28, 28.28, 28.28, 233]
['2019-03-26 10:40:00', 28.265, 28.265, 28.265, 28.265, 741]
['2019-03-26 10:38:00', 28.24, 28.23, 28.23, 28.24, 819]
['2019-03-26 10:35:00', 28.25, 28.25, 28.25, 28.25, 222]
['2019-03-26 10:32:00', 28.27, 28.27, 28.27, 28.27, 206]
['2019-03-26 10:29:00', 28.28, 28.28, 28.28, 28.28, 375]
['2019-03-26 10:28:00', 28.2378, 28.2378, 28.2378, 28.2378, 200]
['2019-03-26 10:26:00', 28.26, 28.26, 28.26, 28.26, 570]
['2019-03-26 10:23:00', 28.32, 28.33, 28.32, 28.33, 942]
['2019-03-26 10:20:00', 28.34, 28.33, 28.33, 28.34, 218]
['2019-03-26 10:16:00', 28.37, 28.37, 28.37, 28.37, 670]
['2019-03-26 10:14:00', 28.33, 28.33, 28.33, 28.33, 490]
['2019-03-26 10:13:00', 28.32, 28.32, 28.32, 28.32, 200]
['2019-03-26 10:11:00', 28.27, 28.29, 28.27, 28.29, 595]
['2019-03-26 10:06:00', 28.245, 28.245, 28.245, 28.245, 750]
['2019-03-26 10:05:00', 28.265, 28.265, 28.265, 28.265, 524]
['2019-03-26 10:04:00', 28.25, 28.25, 28.25, 28.25, 201]
['2019-03-26 10:01:00', 28.3, 28.3, 28.3, 28.3, 100]
['2019-03-26 09:59:00', 28.24, 28.24, 28.24, 28.24, 290]
['2019-03-26 09:57:00', 28.25, 28.25, 28.25, 28.25, 427]
['2019-03-26 09:56:00', 28.17, 28.17, 28.17, 28.17, 898]
['2019-03-26 09:54:00', 28.2, 28.21, 28.2, 28.21, 1105]
['2019-03-26 09:52:00', 28.22, 28.22, 28.22, 28.22, 191]
['2019-03-26 09:51:00', 28.16, 28.16, 28.16, 28.16, 652]
['2019-03-26 09:49:00', 28.41, 28.41, 28.41, 28.41, 101]
['2019-03-26 09:48:00', 28.37, 28.37, 28.37, 28.37, 398]
['2019-03-26 09:44:00', 28.3, 28.345, 28.3, 28.35, 17916]
['2019-03-26 09:43:00', 28.44, 28.44, 28.44, 28.44, 769]
['2019-03-26 09:41:00', 28.5331, 28.5331, 28.5331, 28.5331, 316]
['2019-03-26 09:38:00', 28.47, 28.47, 28.47, 28.47, 285]
['2019-03-26 09:37:00', 28.51, 28.51, 28.51, 28.51, 387]
['2019-03-26 09:35:00', 28.41, 28.47, 28.41, 28.47, 2605]
['2019-03-26 09:34:00', 28.43, 28.43, 28.43, 28.43, 224]
['2019-03-26 09:32:00', 28.329, 28.329, 28.329, 28.329, 1105]
['2019-03-26 09:31:00', 28.18, 28.18, 28.18, 28.18, 5908]
['2019-03-25 16:00:00', 27.97, 27.93, 27.93, 27.97, 11293]
['2019-03-25 15:59:00', 28.0, 27.97, 27.97, 28.0, 9152]
['2019-03-25 15:58:00', 27.98, 27.98, 27.98, 27.98, 2100]
['2019-03-25 15:57:00', 27.945, 27.94, 27.94, 27.945, 3957]
['2019-03-25 15:56:00', 27.94, 27.94, 27.94, 27.94, 2401]
['2019-03-25 15:55:00', 27.935, 27.935, 27.935, 27.935, 768]
['2019-03-25 15:54:00', 27.965, 27.93, 27.93, 27.965, 3536]
['2019-03-25 15:53:00', 27.96, 27.96, 27.96, 27.96, 925]
['2019-03-25 15:52:00', 27.96, 27.96, 27.96, 27.96, 1044]
['2019-03-25 15:51:00', 27.96, 27.96, 27.96, 27.96, 1361]
['2019-03-25 15:50:00', 27.905, 27.905, 27.905, 27.905, 1293]
['2019-03-25 15:49:00', 27.95, 27.93, 27.93, 27.95, 2073]
['2019-03-25 15:48:00', 27.95, 27.95, 27.95, 27.95, 1262]
['2019-03-25 15:47:00', 28.01, 28.0, 28.0, 28.01, 1420]
['2019-03-25 15:46:00', 27.985, 27.985, 27.985, 27.985, 1348]
['2019-03-25 15:45:00', 27.99, 27.99, 27.99, 27.99, 1455]
['2019-03-25 15:44:00', 27.96, 27.96, 27.96, 27.96, 519]
['2019-03-25 15:43:00', 27.95, 27.95, 27.95, 27.95, 680]
['2019-03-25 15:42:00', 27.915, 27.92, 27.915, 27.92, 1672]
['2019-03-25 15:41:00', 27.9, 27.9, 27.9, 27.9, 436]
['2019-03-25 15:39:00', 27.96, 27.93, 27.93, 27.96, 2602]
['2019-03-25 15:38:00', 27.97, 27.97, 27.97, 27.97, 2539]
['2019-03-25 15:37:00', 27.97, 27.97, 27.97, 27.97, 428]
['2019-03-25 15:35:00', 27.97, 27.965, 27.965, 27.97, 1447]
['2019-03-25 15:34:00', 27.98, 27.98, 27.98, 27.98, 486]
['2019-03-25 15:33:00', 27.98, 27.98, 27.98, 27.98, 1029]
['2019-03-25 15:32:00', 27.98, 27.98, 27.98, 27.98, 298]
['2019-03-25 15:31:00', 28.0, 27.98, 27.98, 28.0, 1557]
['2019-03-25 15:30:00', 28.03, 28.03, 28.03, 28.03, 597]
['2019-03-25 15:28:00', 28.08, 28.07, 28.07, 28.08, 1478]
['2019-03-25 15:27:00', 28.06, 28.1, 28.06, 28.1, 2880]
['2019-03-25 15:25:00', 28.055, 28.055, 28.055, 28.055, 800]
['2019-03-25 15:24:00', 28.02, 28.04, 28.02, 28.06, 5417]
['2019-03-25 15:23:00', 27.98, 28.01, 27.98, 28.01, 1104]
['2019-03-25 15:22:00', 27.97, 27.97, 27.97, 27.97, 306]
['2019-03-25 15:20:00', 27.98, 27.98, 27.98, 27.98, 212]
['2019-03-25 15:19:00', 27.99, 27.99, 27.99, 27.99, 703]
['2019-03-25 15:18:00', 27.97, 27.97, 27.97, 27.97, 850]
['2019-03-25 15:17:00', 28.0, 27.99, 27.99, 28.0, 1321]
['2019-03-25 15:15:00', 27.99, 27.99, 27.99, 27.99, 201]
['2019-03-25 15:14:00', 28.01, 27.98, 27.98, 28.01, 2776]
['2019-03-25 15:13:00', 28.0, 28.0, 28.0, 28.0, 2067]
['2019-03-25 15:12:00', 28.005, 28.0, 28.0, 28.005, 1576]
['2019-03-25 15:11:00', 28.01, 28.01, 28.01, 28.01, 201]
['2019-03-25 15:10:00', 28.01, 28.01, 28.01, 28.01, 702]
['2019-03-25 15:09:00', 28.02, 28.02, 28.02, 28.02, 954]
['2019-03-25 15:08:00', 28.01, 28.01, 28.01, 28.01, 347]
['2019-03-25 15:07:00', 28.0, 28.0, 28.0, 28.0, 1202]
['2019-03-25 15:06:00', 28.0, 28.0, 28.0, 28.0, 662]
['2019-03-25 15:04:00', 27.99, 27.985, 27.985, 27.99, 1085]
['2019-03-25 15:03:00', 28.02, 28.02, 28.02, 28.02, 541]
['2019-03-25 15:02:00', 28.0, 28.0, 28.0, 28.0, 657]
['2019-03-25 15:01:00', 28.01, 28.01, 28.01, 28.01, 336]
['2019-03-25 15:00:00', 28.0, 28.0, 28.0, 28.0, 711]
['2019-03-25 14:58:00', 27.96, 27.99, 27.96, 27.99, 904]
['2019-03-25 14:57:00', 27.96, 27.98, 27.96, 27.98, 1531]
['2019-03-25 14:54:00', 27.94, 27.94, 27.94, 27.94, 711]
['2019-03-25 14:52:00', 27.8901, 27.8901, 27.8901, 27.8901, 312]
['2019-03-25 14:51:00', 27.95, 27.93, 27.93, 27.95, 641]
['2019-03-25 14:50:00', 27.95, 27.95, 27.95, 27.95, 542]
['2019-03-25 14:49:00', 27.93, 27.93, 27.93, 27.93, 651]
['2019-03-25 14:48:00', 27.89, 27.9, 27.89, 27.9, 561]
['2019-03-25 14:47:00', 27.88, 27.88, 27.88, 27.88, 521]
['2019-03-25 14:45:00', 27.91, 27.91, 27.91, 27.91, 302]
['2019-03-25 14:44:00', 27.91, 27.91, 27.91, 27.91, 520]
['2019-03-25 14:42:00', 27.85, 27.87, 27.85, 27.87, 1255]
['2019-03-25 14:40:00', 27.81, 27.81, 27.81, 27.81, 421]
['2019-03-25 14:38:00', 27.81, 27.7825, 27.7825, 27.81, 2035]
['2019-03-25 14:37:00', 27.84, 27.84, 27.84, 27.84, 401]
['2019-03-25 14:35:00', 27.84, 27.84, 27.84, 27.84, 873]
['2019-03-25 14:33:00', 27.84, 27.85, 27.84, 27.85, 1055]
['2019-03-25 14:31:00', 27.79, 27.83, 27.79, 27.83, 1170]
['2019-03-25 14:30:00', 27.77, 27.77, 27.77, 27.77, 533]
['2019-03-25 14:29:00', 27.77, 27.77, 27.77, 27.77, 891]
['2019-03-25 14:28:00', 27.77, 27.77, 27.77, 27.77, 801]
['2019-03-25 14:27:00', 27.76, 27.76, 27.76, 27.76, 842]
['2019-03-25 14:26:00', 27.75, 27.75, 27.75, 27.75, 102]
['2019-03-25 14:25:00', 27.7636, 27.7636, 27.7636, 27.7636, 1760]
['2019-03-25 14:23:00', 27.8, 27.8, 27.8, 27.8, 912]
['2019-03-25 14:22:00', 27.82, 27.82, 27.82, 27.82, 427]
['2019-03-25 14:20:00', 27.81, 27.8, 27.8, 27.81, 3129]
['2019-03-25 14:19:00', 27.84, 27.84, 27.84, 27.84, 303]
['2019-03-25 14:17:00', 27.9, 27.9, 27.9, 27.9, 512]
['2019-03-25 14:16:00', 27.88, 27.92, 27.88, 27.92, 891]
['2019-03-25 14:14:00', 27.88, 27.88, 27.88, 27.88, 680]
['2019-03-25 14:13:00', 27.88, 27.88, 27.88, 27.88, 532]
['2019-03-25 14:12:00', 27.87, 27.87, 27.87, 27.87, 301]
['2019-03-25 14:11:00', 27.88, 27.88, 27.88, 27.88, 451]
['2019-03-25 14:10:00', 27.8906, 27.8906, 27.8906, 27.8906, 678]
['2019-03-25 14:09:00', 27.88, 27.88, 27.88, 27.88, 156]
['2019-03-25 14:08:00', 27.89, 27.89, 27.89, 27.89, 537]
['2019-03-25 14:07:00', 27.88, 27.88, 27.88, 27.88, 360]
['2019-03-25 14:06:00', 27.88, 27.88, 27.88, 27.88, 2276]
['2019-03-25 14:04:00', 27.9, 27.91, 27.9, 27.91, 1243]
['2019-03-25 14:02:00', 27.895, 27.895, 27.895, 27.895, 461]
['2019-03-25 13:59:00', 27.92, 27.92, 27.92, 27.92, 108]
['2019-03-25 13:58:00', 27.92, 27.92, 27.92, 27.92, 2819]
['2019-03-25 13:57:00', 27.9, 27.895, 27.895, 27.9, 8964]
['2019-03-25 13:55:00', 27.93, 27.89, 27.89, 27.93, 1635]
['2019-03-25 13:54:00', 27.945, 27.945, 27.945, 27.945, 208]
['2019-03-25 13:53:00', 27.97, 27.97, 27.97, 27.97, 638]
['2019-03-25 13:52:00', 27.96, 27.96, 27.96, 27.96, 1102]
['2019-03-25 13:50:00', 27.98, 27.97, 27.97, 27.98, 1031]
['2019-03-25 13:48:00', 28.0, 28.0, 28.0, 28.0, 302]
['2019-03-25 13:47:00', 28.01, 28.01, 28.01, 28.01, 408]
['2019-03-25 13:46:00', 28.02, 28.02, 28.02, 28.02, 1033]
['2019-03-25 13:45:00', 28.04, 28.04, 28.04, 28.04, 428]
['2019-03-25 13:44:00', 28.07, 28.07, 28.07, 28.07, 613]
['2019-03-25 13:42:00', 28.07, 28.07, 28.07, 28.07, 311]
['2019-03-25 13:40:00', 28.08, 28.09, 28.08, 28.09, 706]
['2019-03-25 13:39:00', 28.07, 28.07, 28.07, 28.07, 522]
['2019-03-25 13:38:00', 28.1, 28.1, 28.1, 28.1, 747]
['2019-03-25 13:34:00', 28.01, 28.02, 28.01, 28.02, 940]
['2019-03-25 13:33:00', 28.02, 28.02, 28.02, 28.02, 307]
['2019-03-25 13:31:00', 28.01, 28.01, 28.01, 28.01, 408]
['2019-03-25 13:29:00', 28.03, 28.03, 28.03, 28.03, 121]
['2019-03-25 13:28:00', 28.02, 28.02, 28.02, 28.02, 755]
['2019-03-25 13:27:00', 28.04, 28.04, 28.04, 28.04, 509]
['2019-03-25 13:26:00', 28.05, 28.05, 28.05, 28.05, 401]
['2019-03-25 13:25:00', 27.97, 27.97, 27.97, 27.97, 1342]
['2019-03-25 13:22:00', 28.0, 28.0, 28.0, 28.0, 713]
['2019-03-25 13:20:00', 27.96, 27.96, 27.96, 27.96, 514]
['2019-03-25 13:19:00', 27.97, 27.97, 27.97, 27.97, 358]
['2019-03-25 13:15:00', 27.95, 27.95, 27.95, 27.95, 1393]
['2019-03-25 13:14:00', 27.95, 27.95, 27.95, 27.95, 401]
['2019-03-25 13:13:00', 27.88, 27.92, 27.88, 27.92, 1520]
['2019-03-25 13:12:00', 27.88, 27.88, 27.88, 27.88, 587]
['2019-03-25 13:11:00', 27.87, 27.87, 27.87, 27.87, 301]
['2019-03-25 13:10:00', 27.88, 27.88, 27.88, 27.88, 201]
['2019-03-25 13:09:00', 27.87, 27.87, 27.87, 27.87, 342]
['2019-03-25 13:08:00', 27.9, 27.86, 27.86, 27.9, 2012]
['2019-03-25 13:07:00', 27.895, 27.915, 27.895, 27.915, 1317]
['2019-03-25 13:04:00', 27.9, 27.9, 27.9, 27.9, 371]
['2019-03-25 13:03:00', 27.91, 27.91, 27.91, 27.91, 456]
['2019-03-25 13:02:00', 28.0, 27.95, 27.95, 28.0, 932]
['2019-03-25 13:01:00', 27.98, 27.98, 27.98, 27.98, 312]
['2019-03-25 12:59:00', 27.99, 27.99, 27.99, 27.99, 983]
['2019-03-25 12:58:00', 27.96, 27.96, 27.96, 27.96, 501]
['2019-03-25 12:57:00', 27.93, 27.93, 27.93, 27.93, 101]
['2019-03-25 12:55:00', 27.91, 27.91, 27.91, 27.91, 187]
['2019-03-25 12:54:00', 27.9, 27.9, 27.9, 27.9, 335]
['2019-03-25 12:53:00', 27.89, 27.89, 27.89, 27.89, 521]
['2019-03-25 12:52:00', 27.9, 27.9, 27.9, 27.9, 410]
['2019-03-25 12:51:00', 27.9, 27.9, 27.9, 27.9, 212]
['2019-03-25 12:50:00', 27.89, 27.89, 27.89, 27.89, 304]
['2019-03-25 12:49:00', 27.871, 27.871, 27.871, 27.871, 121]
['2019-03-25 12:46:00', 27.87, 27.87, 27.87, 27.87, 674]
['2019-03-25 12:45:00', 27.86, 27.88, 27.86, 27.88, 741]
['2019-03-25 12:43:00', 27.8701, 27.8701, 27.8701, 27.8701, 942]
['2019-03-25 12:42:00', 27.91, 27.91, 27.91, 27.91, 192]
['2019-03-25 12:39:00', 27.93, 27.91, 27.91, 27.93, 4413]
['2019-03-25 12:38:00', 27.92, 27.92, 27.92, 27.92, 3059]
['2019-03-25 12:37:00', 27.875, 27.88, 27.875, 27.88, 1860]
['2019-03-25 12:36:00', 27.88, 27.88, 27.88, 27.88, 935]
['2019-03-25 12:35:00', 27.87, 27.88, 27.87, 27.88, 944]
['2019-03-25 12:32:00', 27.92, 27.92, 27.92, 27.92, 656]
['2019-03-25 12:31:00', 27.93, 27.93, 27.93, 27.93, 610]
['2019-03-25 12:30:00', 27.92, 27.92, 27.92, 27.92, 402]
['2019-03-25 12:28:00', 27.935, 27.935, 27.935, 27.935, 1896]
['2019-03-25 12:27:00', 27.92, 27.935, 27.91, 27.94, 4494]
['2019-03-25 12:25:00', 27.93, 27.93, 27.93, 27.93, 924]
['2019-03-25 12:23:00', 27.97, 27.97, 27.97, 27.97, 841]
['2019-03-25 12:22:00', 28.01, 28.01, 28.01, 28.01, 885]
['2019-03-25 12:21:00', 28.06, 28.06, 28.06, 28.06, 212]
['2019-03-25 12:20:00', 28.05, 28.05, 28.05, 28.05, 762]
['2019-03-25 12:18:00', 28.03, 28.03, 28.03, 28.03, 356]
['2019-03-25 12:17:00', 28.04, 28.03, 28.03, 28.04, 1303]
['2019-03-25 12:15:00', 28.06, 28.06, 28.06, 28.06, 226]
['2019-03-25 12:14:00', 28.07, 28.07, 28.07, 28.07, 212]
['2019-03-25 12:13:00', 28.06, 28.06, 28.06, 28.06, 443]
['2019-03-25 12:11:00', 28.02, 28.03, 28.02, 28.03, 1279]
['2019-03-25 12:10:00', 28.06, 28.06, 28.06, 28.06, 100]
['2019-03-25 12:08:00', 28.06, 28.06, 28.06, 28.06, 443]
['2019-03-25 12:06:00', 28.07, 28.07, 28.07, 28.07, 601]
['2019-03-25 12:05:00', 28.1, 28.1, 28.1, 28.1, 1380]
['2019-03-25 12:04:00', 28.06, 28.06, 28.06, 28.06, 619]
['2019-03-25 12:03:00', 28.03, 28.03, 28.03, 28.03, 347]
['2019-03-25 12:02:00', 28.03, 28.03, 28.03, 28.03, 1272]
['2019-03-25 12:01:00', 28.0, 28.0, 28.0, 28.0, 375]
['2019-03-25 11:59:00', 28.02, 28.02, 28.02, 28.02, 543]
['2019-03-25 11:58:00', 28.05, 28.05, 28.05, 28.05, 697]
['2019-03-25 11:57:00', 28.07, 28.07, 28.07, 28.07, 1262]
['2019-03-25 11:55:00', 28.03, 28.03, 28.03, 28.03, 401]
['2019-03-25 11:54:00', 28.05, 28.03, 28.03, 28.05, 1363]
['2019-03-25 11:53:00', 28.03, 28.03, 28.03, 28.03, 382]
['2019-03-25 11:52:00', 28.0, 28.0, 28.0, 28.0, 611]
['2019-03-25 11:50:00', 27.99, 27.975, 27.975, 27.99, 2716]
['2019-03-25 11:49:00', 27.97, 27.97, 27.97, 27.97, 1458]
['2019-03-25 11:48:00', 27.99, 27.99, 27.99, 27.99, 306]
['2019-03-25 11:46:00', 27.99, 27.99, 27.99, 27.99, 548]
['2019-03-25 11:45:00', 27.975, 27.975, 27.975, 27.975, 897]
['2019-03-25 11:44:00', 28.0, 28.0, 28.0, 28.0, 533]
['2019-03-25 11:43:00', 28.01, 28.01, 28.01, 28.01, 1000]
['2019-03-25 11:42:00', 27.97, 27.97, 27.97, 27.97, 1220]
['2019-03-25 11:41:00', 27.93, 27.93, 27.93, 27.93, 2100]
['2019-03-25 11:39:00', 27.945, 27.945, 27.945, 27.945, 502]
['2019-03-25 11:37:00', 28.02, 27.98, 27.98, 28.02, 637]
['2019-03-25 11:34:00', 28.0601, 28.08, 28.0601, 28.09, 11847]
['2019-03-25 11:33:00', 28.1875, 28.1, 28.1, 28.1875, 3080]
['2019-03-25 11:32:00', 28.19, 28.1, 28.1, 28.19, 25350]
['2019-03-25 11:31:00', 28.22, 28.245, 28.22, 28.245, 14782]
['2019-03-25 11:30:00', 28.3, 28.19, 28.19, 28.3, 16817]
['2019-03-25 11:29:00', 28.31, 28.36, 28.31, 28.4193, 17233]
['2019-03-25 11:28:00', 28.32, 28.32, 28.32, 28.32, 311]
['2019-03-25 11:27:00', 28.31, 28.31, 28.31, 28.31, 647]
['2019-03-25 11:25:00', 28.23, 28.26, 28.23, 28.26, 650]
['2019-03-25 11:23:00', 28.21, 28.21, 28.21, 28.21, 570]
['2019-03-25 11:22:00', 28.17, 28.17, 28.17, 28.17, 535]
['2019-03-25 11:20:00', 28.1, 28.14, 28.1, 28.14, 1375]
['2019-03-25 11:19:00', 28.14, 28.14, 28.14, 28.14, 310]
['2019-03-25 11:17:00', 28.1, 28.14, 28.1, 28.14, 1183]
['2019-03-25 11:15:00', 28.05, 28.05, 28.05, 28.05, 207]
['2019-03-25 11:14:00', 28.03, 28.03, 28.03, 28.03, 692]
['2019-03-25 11:13:00', 27.95, 27.95, 27.95, 27.95, 400]
['2019-03-25 11:12:00', 27.96, 27.96, 27.96, 27.96, 2615]
['2019-03-25 11:11:00', 27.95, 27.95, 27.95, 27.95, 1474]
['2019-03-25 11:10:00', 27.95, 27.95, 27.95, 27.95, 800]
['2019-03-25 11:08:00', 27.93, 27.93, 27.93, 27.93, 203]
['2019-03-25 11:07:00', 27.89, 27.89, 27.89, 27.89, 503]
['2019-03-25 11:05:00', 27.855, 27.855, 27.855, 27.855, 792]
['2019-03-25 11:04:00', 27.81, 27.81, 27.81, 27.81, 336]
['2019-03-25 11:03:00', 27.82, 27.7879, 27.7879, 27.82, 2230]
['2019-03-25 11:02:00', 27.79, 27.79, 27.79, 27.79, 445]
['2019-03-25 11:01:00', 27.74, 27.74, 27.74, 27.74, 202]
['2019-03-25 11:00:00', 27.76, 27.76, 27.76, 27.76, 1111]
['2019-03-25 10:59:00', 27.79, 27.79, 27.79, 27.79, 7800]
['2019-03-25 10:58:00', 27.84, 27.8001, 27.8001, 27.84, 921]
['2019-03-25 10:55:00', 27.75, 27.75, 27.75, 27.75, 626]
['2019-03-25 10:54:00', 27.75, 27.75, 27.75, 27.75, 717]
['2019-03-25 10:52:00', 27.7, 27.7, 27.7, 27.7, 410]
['2019-03-25 10:51:00', 27.67, 27.66, 27.66, 27.67, 1626]
['2019-03-25 10:50:00', 27.63, 27.63, 27.63, 27.63, 1290]
['2019-03-25 10:48:00', 27.6, 27.6, 27.6, 27.6, 896]
['2019-03-25 10:47:00', 27.62, 27.62, 27.62, 27.62, 841]
['2019-03-25 10:46:00', 27.63, 27.63, 27.63, 27.63, 635]
['2019-03-25 10:45:00', 27.64, 27.64, 27.64, 27.64, 1007]
['2019-03-25 10:44:00', 27.62, 27.62, 27.62, 27.62, 920]
['2019-03-25 10:40:00', 27.58, 27.58, 27.58, 27.58, 683]
['2019-03-25 10:38:00', 27.6, 27.6, 27.6, 27.6, 754]
['2019-03-25 10:37:00', 27.615, 27.615, 27.615, 27.615, 853]
['2019-03-25 10:34:00', 27.6, 27.6, 27.6, 27.6, 540]
['2019-03-25 10:32:00', 27.555, 27.555, 27.555, 27.555, 1284]
['2019-03-25 10:31:00', 27.56, 27.56, 27.56, 27.56, 334]
['2019-03-25 10:26:00', 27.5, 27.48, 27.48, 27.5, 1493]
['2019-03-25 10:20:00', 27.52, 27.52, 27.52, 27.52, 889]
['2019-03-25 10:18:00', 27.53, 27.53, 27.53, 27.53, 176]
['2019-03-25 10:16:00', 27.545, 27.545, 27.545, 27.545, 587]
['2019-03-25 10:14:00', 27.5, 27.5, 27.5, 27.5, 713]
['2019-03-25 10:13:00', 27.51, 27.51, 27.51, 27.51, 1140]
['2019-03-25 10:10:00', 27.58, 27.6, 27.58, 27.6, 1072]
['2019-03-25 10:08:00', 27.61, 27.61, 27.61, 27.61, 600]
['2019-03-25 10:07:00', 27.66, 27.66, 27.66, 27.66, 1095]
['2019-03-25 10:06:00', 27.64, 27.64, 27.64, 27.64, 687]
['2019-03-25 10:05:00', 27.5735, 27.5735, 27.5735, 27.5735, 716]
['2019-03-25 10:04:00', 27.57, 27.57, 27.57, 27.57, 614]
['2019-03-25 10:03:00', 27.7, 27.7, 27.7, 27.7, 448]
['2019-03-25 10:00:00', 27.74, 27.68, 27.68, 27.74, 2109]
['2019-03-25 09:59:00', 27.75, 27.75, 27.75, 27.75, 776]
['2019-03-25 09:56:00', 27.75, 27.75, 27.75, 27.75, 120]
['2019-03-25 09:54:00', 27.7204, 27.7204, 27.7204, 27.7204, 1549]
['2019-03-25 09:52:00', 27.72, 27.72, 27.72, 27.72, 517]
['2019-03-25 09:51:00', 27.65, 27.65, 27.65, 27.65, 1385]
['2019-03-25 09:50:00', 27.66, 27.66, 27.66, 27.66, 1466]
['2019-03-25 09:49:00', 27.75, 27.75, 27.75, 27.75, 366]
['2019-03-25 09:47:00', 27.73, 27.65, 27.65, 27.73, 2272]
['2019-03-25 09:46:00', 27.8, 27.67, 27.66, 27.8, 13488]
['2019-03-25 09:45:00', 27.87, 27.85, 27.85, 27.87, 2044]
['2019-03-25 09:44:00', 27.76, 27.76, 27.76, 27.76, 917]
['2019-03-25 09:43:00', 27.83, 27.83, 27.83, 27.83, 1604]
['2019-03-25 09:41:00', 27.91, 27.91, 27.91, 27.91, 1227]
['2019-03-25 09:39:00', 27.835, 27.92, 27.835, 27.92, 2166]
['2019-03-25 09:38:00', 27.9, 27.9, 27.9, 27.9, 614]
['2019-03-25 09:37:00', 27.85, 27.85, 27.85, 27.85, 1967]
['2019-03-25 09:35:00', 27.83, 27.7723, 27.7723, 27.83, 3805]
['2019-03-25 09:33:00', 27.75, 27.75, 27.75, 27.75, 200]
['2019-03-25 09:31:00', 27.84, 27.84, 27.84, 27.84, 0]
