ASRT
['2019-03-29 16:00:00', 5.07, 5.08, 5.07, 5.08, 52538]
['2019-03-29 15:59:00', 5.07, 5.08, 5.07, 5.08, 22398]
['2019-03-29 15:58:00', 5.08, 5.075, 5.07, 5.08, 25337]
['2019-03-29 15:57:00', 5.07, 5.075, 5.07, 5.08, 15171]
['2019-03-29 15:56:00', 5.075, 5.08, 5.075, 5.08, 16908]
['2019-03-29 15:55:00', 5.075, 5.075, 5.07, 5.075, 5858]
['2019-03-29 15:54:00', 5.05, 5.07, 5.05, 5.07, 17883]
['2019-03-29 15:53:00', 5.04, 5.05, 5.04, 5.05, 8116]
['2019-03-29 15:52:00', 5.04, 5.05, 5.04, 5.05, 9391]
['2019-03-29 15:51:00', 5.035, 5.04, 5.03, 5.04, 12136]
['2019-03-29 15:50:00', 5.03, 5.03, 5.03, 5.035, 3105]
['2019-03-29 15:49:00', 5.07, 5.03, 5.03, 5.07, 9106]
['2019-03-29 15:48:00', 5.06, 5.07, 5.06, 5.07, 9678]
['2019-03-29 15:47:00', 5.07, 5.06, 5.06, 5.07, 23073]
['2019-03-29 15:46:00', 5.07, 5.075, 5.07, 5.075, 4723]
['2019-03-29 15:45:00', 5.07, 5.075, 5.07, 5.08, 13575]
['2019-03-29 15:44:00', 5.06, 5.07, 5.06, 5.07, 21191]
['2019-03-29 15:43:00', 5.04, 5.05, 5.04, 5.05, 5187]
['2019-03-29 15:42:00', 5.025, 5.04, 5.025, 5.04, 4663]
['2019-03-29 15:41:00', 5.03, 5.02, 5.02, 5.03, 7738]
['2019-03-29 15:40:00', 5.04, 5.04, 5.03, 5.04, 9217]
['2019-03-29 15:39:00', 5.035, 5.04, 5.035, 5.04, 2480]
['2019-03-29 15:38:00', 5.025, 5.03, 5.025, 5.03, 4015]
['2019-03-29 15:37:00', 5.03, 5.03, 5.03, 5.03, 2179]
['2019-03-29 15:36:00', 5.025, 5.025, 5.025, 5.025, 1897]
['2019-03-29 15:35:00', 5.005, 5.025, 5.005, 5.025, 5119]
['2019-03-29 15:34:00', 5.0, 5.005, 5.0, 5.005, 1405]
['2019-03-29 15:33:00', 5.0, 5.0, 5.0, 5.0, 1200]
['2019-03-29 15:32:00', 5.0, 5.0, 5.0, 5.0, 5000]
['2019-03-29 15:31:00', 5.0, 5.01, 5.0, 5.01, 12108]
['2019-03-29 15:30:00', 4.99, 4.99, 4.99, 4.99, 2786]
['2019-03-29 15:29:00', 5.01, 4.99, 4.99, 5.01, 4701]
['2019-03-29 15:28:00', 4.98, 5.01, 4.98, 5.02, 28121]
['2019-03-29 15:27:00', 4.98, 4.98, 4.98, 4.98, 1196]
['2019-03-29 15:26:00', 4.96, 4.98, 4.96, 4.98, 12622]
['2019-03-29 15:25:00', 4.93, 4.965, 4.93, 4.98, 59855]
['2019-03-29 15:24:00', 4.93, 4.93, 4.93, 4.93, 215]
['2019-03-29 15:23:00', 4.925, 4.925, 4.925, 4.925, 308]
['2019-03-29 15:22:00', 4.85, 4.92, 4.85, 4.93, 22806]
['2019-03-29 15:21:00', 4.85, 4.84, 4.84, 4.85, 13052]
['2019-03-29 15:20:00', 4.915, 4.855, 4.855, 4.915, 31850]
['2019-03-29 15:19:00', 4.91, 4.91, 4.91, 4.91, 4012]
['2019-03-29 15:18:00', 4.91, 4.91, 4.91, 4.91, 6627]
['2019-03-29 15:17:00', 4.91, 4.905, 4.905, 4.91, 1326]
['2019-03-29 15:15:00', 4.91, 4.91, 4.91, 4.91, 5948]
['2019-03-29 15:14:00', 4.93, 4.92, 4.92, 4.93, 3300]
['2019-03-29 15:13:00', 4.93, 4.93, 4.93, 4.93, 1800]
['2019-03-29 15:12:00', 4.94, 4.93, 4.93, 4.9466, 15015]
['2019-03-29 15:11:00', 4.95, 4.95, 4.95, 4.95, 900]
['2019-03-29 15:10:00', 4.95, 4.95, 4.95, 4.95, 3060]
['2019-03-29 15:09:00', 4.95, 4.95, 4.95, 4.95, 400]
['2019-03-29 15:07:00', 4.945, 4.945, 4.945, 4.945, 2400]
['2019-03-29 15:06:00', 4.945, 4.95, 4.945, 4.95, 1139]
['2019-03-29 15:05:00', 4.94, 4.94, 4.94, 4.94, 250]
['2019-03-29 15:03:00', 4.95, 4.94, 4.94, 4.95, 505]
['2019-03-29 15:02:00', 4.95, 4.945, 4.945, 4.95, 6381]
['2019-03-29 15:01:00', 4.97, 4.96, 4.96, 4.97, 14374]
['2019-03-29 14:59:00', 4.96, 4.97, 4.96, 4.97, 1449]
['2019-03-29 14:58:00', 4.96, 4.96, 4.96, 4.96, 1732]
['2019-03-29 14:57:00', 4.97, 4.96, 4.96, 4.97, 4528]
['2019-03-29 14:56:00', 4.98, 4.98, 4.98, 4.98, 584]
['2019-03-29 14:55:00', 4.98, 4.98, 4.98, 4.987, 12800]
['2019-03-29 14:54:00', 4.98, 4.98, 4.98, 4.98, 2200]
['2019-03-29 14:53:00', 4.985, 4.98, 4.98, 4.985, 2985]
['2019-03-29 14:52:00', 4.98, 4.98, 4.98, 4.98, 3405]
['2019-03-29 14:51:00', 4.98, 4.98, 4.98, 4.98, 2118]
['2019-03-29 14:50:00', 4.985, 4.98, 4.98, 4.985, 3200]
['2019-03-29 14:49:00', 4.9887, 4.9887, 4.9887, 4.9887, 1100]
['2019-03-29 14:47:00', 4.985, 4.985, 4.985, 4.985, 1737]
['2019-03-29 14:46:00', 4.96, 4.98, 4.96, 4.98, 8704]
['2019-03-29 14:45:00', 5.03, 4.96, 4.96, 5.03, 24491]
['2019-03-29 14:44:00', 5.03, 5.03, 5.03, 5.03, 4433]
['2019-03-29 14:42:00', 5.03, 5.03, 5.03, 5.03, 212]
['2019-03-29 14:41:00', 5.02, 5.02, 5.02, 5.02, 500]
['2019-03-29 14:40:00', 5.02, 5.02, 5.02, 5.02, 4646]
['2019-03-29 14:38:00', 5.01, 5.015, 5.01, 5.015, 2376]
['2019-03-29 14:37:00', 5.005, 5.005, 5.005, 5.005, 2005]
['2019-03-29 14:36:00', 5.0, 5.0, 5.0, 5.0, 100]
['2019-03-29 14:33:00', 5.01, 5.01, 5.01, 5.01, 5304]
['2019-03-29 14:32:00', 5.01, 5.01, 5.01, 5.01, 1125]
['2019-03-29 14:30:00', 5.0, 5.0, 5.0, 5.0, 843]
['2019-03-29 14:29:00', 5.03, 5.03, 5.03, 5.03, 10026]
['2019-03-29 14:28:00', 5.04, 5.04, 5.04, 5.04, 1572]
['2019-03-29 14:26:00', 5.0601, 5.05, 5.05, 5.0601, 11156]
['2019-03-29 14:24:00', 5.06, 5.06, 5.06, 5.06, 855]
['2019-03-29 14:23:00', 5.06, 5.06, 5.06, 5.06, 9708]
['2019-03-29 14:22:00', 5.05, 5.05, 5.05, 5.05, 305]
['2019-03-29 14:21:00', 5.04, 5.04, 5.04, 5.04, 4041]
['2019-03-29 14:20:00', 5.04, 5.04, 5.04, 5.04, 800]
['2019-03-29 14:19:00', 5.03, 5.03, 5.03, 5.03, 7350]
['2019-03-29 14:18:00', 5.03, 5.025, 5.025, 5.03, 4598]
['2019-03-29 14:17:00', 5.0199, 5.0199, 5.0199, 5.0199, 2000]
['2019-03-29 14:16:00', 5.01, 5.0149, 5.01, 5.0149, 4345]
['2019-03-29 14:15:00', 5.005, 5.005, 5.005, 5.005, 1319]
['2019-03-29 14:13:00', 5.01, 5.01, 5.01, 5.01, 300]
['2019-03-29 14:12:00', 5.01, 5.01, 5.01, 5.01, 486]
['2019-03-29 14:10:00', 5.005, 5.005, 5.005, 5.005, 974]
['2019-03-29 14:09:00', 5.01, 5.01, 5.01, 5.01, 9925]
['2019-03-29 14:08:00', 5.01, 5.015, 5.01, 5.015, 5048]
['2019-03-29 14:05:00', 5.01, 5.01, 5.01, 5.01, 1615]
['2019-03-29 14:04:00', 5.01, 5.01, 5.01, 5.01, 200]
['2019-03-29 14:03:00', 5.01, 5.01, 5.01, 5.01, 2004]
['2019-03-29 14:02:00', 5.01, 5.01, 5.01, 5.01, 500]
['2019-03-29 14:00:00', 5.005, 5.005, 5.005, 5.005, 205]
['2019-03-29 13:59:00', 5.01, 5.01, 5.01, 5.01, 5533]
['2019-03-29 13:58:00', 5.01, 5.01, 5.01, 5.01, 100]
['2019-03-29 13:57:00', 5.005, 5.01, 5.005, 5.01, 1345]
['2019-03-29 13:55:00', 5.01, 5.01, 5.01, 5.01, 2100]
['2019-03-29 13:54:00', 5.01, 5.01, 5.01, 5.01, 1000]
['2019-03-29 13:52:00', 5.01, 5.01, 5.01, 5.01, 7078]
['2019-03-29 13:50:00', 5.01, 5.01, 5.01, 5.01, 1578]
['2019-03-29 13:49:00', 5.02, 5.01, 5.01, 5.02, 3457]
['2019-03-29 13:48:00', 5.01, 5.01, 5.01, 5.01, 2628]
['2019-03-29 13:47:00', 5.035, 5.01, 5.01, 5.035, 11297]
['2019-03-29 13:46:00', 5.025, 5.03, 5.025, 5.03, 1052]
['2019-03-29 13:45:00', 5.025, 5.025, 5.025, 5.025, 900]
['2019-03-29 13:44:00', 5.0, 5.01, 5.0, 5.01, 12677]
['2019-03-29 13:43:00', 4.99, 4.99, 4.99, 4.99, 2816]
['2019-03-29 13:42:00', 4.99, 4.99, 4.99, 5.0, 5750]
['2019-03-29 13:41:00', 4.955, 4.975, 4.955, 4.975, 8554]
['2019-03-29 13:40:00', 4.96, 4.96, 4.96, 4.96, 405]
['2019-03-29 13:39:00', 4.955, 4.955, 4.955, 4.955, 100]
['2019-03-29 13:38:00', 4.955, 4.95, 4.95, 4.955, 2563]
['2019-03-29 13:37:00', 4.95, 4.95, 4.95, 4.95, 500]
['2019-03-29 13:36:00', 4.95, 4.95, 4.95, 4.95, 400]
['2019-03-29 13:33:00', 4.955, 4.955, 4.955, 4.955, 1079]
['2019-03-29 13:32:00', 4.955, 4.955, 4.955, 4.955, 700]
['2019-03-29 13:31:00', 4.95, 4.95, 4.95, 4.95, 600]
['2019-03-29 13:30:00', 4.96, 4.96, 4.96, 4.96, 400]
['2019-03-29 13:28:00', 4.93, 4.945, 4.93, 4.945, 2700]
['2019-03-29 13:26:00', 4.9185, 4.92, 4.9185, 4.92, 4713]
['2019-03-29 13:22:00', 4.91, 4.91, 4.91, 4.91, 505]
['2019-03-29 13:21:00', 4.92, 4.92, 4.92, 4.92, 605]
['2019-03-29 13:20:00', 4.92, 4.92, 4.92, 4.92, 1810]
['2019-03-29 13:19:00', 4.91, 4.91, 4.91, 4.91, 1400]
['2019-03-29 13:17:00', 4.91, 4.91, 4.91, 4.91, 383]
['2019-03-29 13:16:00', 4.9499, 4.91, 4.91, 4.9499, 4345]
['2019-03-29 13:15:00', 4.9532, 4.9532, 4.9532, 4.9532, 630]
['2019-03-29 13:12:00', 4.95, 4.94, 4.94, 4.95, 1101]
['2019-03-29 13:11:00', 4.96, 4.96, 4.96, 4.96, 724]
['2019-03-29 13:10:00', 4.96, 4.96, 4.96, 4.96, 553]
['2019-03-29 13:09:00', 4.96, 4.96, 4.96, 4.96, 700]
['2019-03-29 13:08:00', 4.95, 4.95, 4.95, 4.95, 3250]
['2019-03-29 13:07:00', 4.98, 4.97, 4.97, 4.98, 3479]
['2019-03-29 13:05:00', 4.99, 4.99, 4.99, 4.99, 2547]
['2019-03-29 13:04:00', 4.975, 4.98, 4.975, 4.98, 4749]
['2019-03-29 13:02:00', 4.98, 4.98, 4.98, 4.98, 1539]
['2019-03-29 13:01:00', 4.96, 4.975, 4.96, 4.975, 2905]
['2019-03-29 13:00:00', 4.96, 4.96, 4.96, 4.96, 4096]
['2019-03-29 12:58:00', 4.96, 4.96, 4.96, 4.96, 2633]
['2019-03-29 12:56:00', 4.955, 4.955, 4.955, 4.955, 200]
['2019-03-29 12:55:00', 4.95, 4.95, 4.95, 4.95, 950]
['2019-03-29 12:54:00', 4.94, 4.95, 4.94, 4.95, 3000]
['2019-03-29 12:52:00', 4.94, 4.9301, 4.9301, 4.94, 9918]
['2019-03-29 12:51:00', 4.925, 4.925, 4.925, 4.925, 300]
['2019-03-29 12:50:00', 4.925, 4.925, 4.925, 4.925, 500]
['2019-03-29 12:49:00', 4.915, 4.915, 4.915, 4.915, 400]
['2019-03-29 12:48:00', 4.9, 4.91, 4.895, 4.91, 17993]
['2019-03-29 12:47:00', 4.9, 4.9, 4.9, 4.9, 584]
['2019-03-29 12:46:00', 4.9, 4.9, 4.9, 4.9, 300]
['2019-03-29 12:45:00', 4.89, 4.89, 4.89, 4.89, 2370]
['2019-03-29 12:44:00', 4.9, 4.895, 4.89, 4.9, 10514]
['2019-03-29 12:43:00', 4.905, 4.905, 4.905, 4.905, 2080]
['2019-03-29 12:41:00', 4.89, 4.89, 4.89, 4.89, 3410]
['2019-03-29 12:39:00', 4.885, 4.885, 4.885, 4.885, 1158]
['2019-03-29 12:37:00', 4.88, 4.88, 4.88, 4.88, 477]
['2019-03-29 12:35:00', 4.88, 4.88, 4.88, 4.88, 505]
['2019-03-29 12:34:00', 4.86, 4.865, 4.86, 4.865, 2955]
['2019-03-29 12:32:00', 4.86, 4.86, 4.86, 4.86, 900]
['2019-03-29 12:30:00', 4.86, 4.86, 4.86, 4.86, 643]
['2019-03-29 12:29:00', 4.85, 4.85, 4.85, 4.85, 1858]
['2019-03-29 12:28:00', 4.85, 4.85, 4.85, 4.85, 1168]
['2019-03-29 12:27:00', 4.85, 4.84, 4.84, 4.85, 1400]
['2019-03-29 12:26:00', 4.85, 4.84, 4.84, 4.85, 4203]
['2019-03-29 12:25:00', 4.85, 4.85, 4.85, 4.85, 202]
['2019-03-29 12:24:00', 4.845, 4.845, 4.845, 4.845, 3080]
['2019-03-29 12:23:00', 4.84, 4.84, 4.84, 4.84, 375]
['2019-03-29 12:22:00', 4.84, 4.84, 4.84, 4.84, 505]
['2019-03-29 12:20:00', 4.82, 4.81, 4.81, 4.82, 2780]
['2019-03-29 12:18:00', 4.815, 4.815, 4.815, 4.815, 1650]
['2019-03-29 12:15:00', 4.805, 4.79, 4.79, 4.805, 10494]
['2019-03-29 12:13:00', 4.81, 4.81, 4.81, 4.81, 300]
['2019-03-29 12:11:00', 4.81, 4.81, 4.81, 4.81, 3030]
['2019-03-29 12:10:00', 4.8, 4.81, 4.8, 4.81, 1738]
['2019-03-29 12:09:00', 4.83, 4.81, 4.81, 4.83, 6802]
['2019-03-29 12:08:00', 4.84, 4.84, 4.84, 4.84, 993]
['2019-03-29 12:07:00', 4.85, 4.84, 4.84, 4.85, 3350]
['2019-03-29 12:05:00', 4.86, 4.855, 4.855, 4.86, 1026]
['2019-03-29 12:04:00', 4.86, 4.86, 4.86, 4.86, 1005]
['2019-03-29 12:01:00', 4.84, 4.845, 4.84, 4.845, 900]
['2019-03-29 11:59:00', 4.855, 4.85, 4.85, 4.855, 3005]
['2019-03-29 11:58:00', 4.855, 4.855, 4.855, 4.855, 178]
['2019-03-29 11:57:00', 4.855, 4.855, 4.855, 4.855, 512]
['2019-03-29 11:54:00', 4.85, 4.85, 4.85, 4.85, 2176]
['2019-03-29 11:53:00', 4.86, 4.86, 4.86, 4.86, 100]
['2019-03-29 11:49:00', 4.84, 4.85, 4.84, 4.85, 1149]
['2019-03-29 11:48:00', 4.83, 4.83, 4.83, 4.83, 200]
['2019-03-29 11:46:00', 4.83, 4.83, 4.83, 4.83, 451]
['2019-03-29 11:45:00', 4.835, 4.835, 4.835, 4.835, 800]
['2019-03-29 11:44:00', 4.85, 4.84, 4.84, 4.85, 2105]
['2019-03-29 11:42:00', 4.84, 4.85, 4.84, 4.85, 1302]
['2019-03-29 11:41:00', 4.83, 4.84, 4.83, 4.85, 3526]
['2019-03-29 11:40:00', 4.8, 4.8, 4.8, 4.8, 100]
['2019-03-29 11:36:00', 4.81, 4.7901, 4.7901, 4.81, 200]
['2019-03-29 11:35:00', 4.8, 4.8, 4.8, 4.8, 2176]
['2019-03-29 11:34:00', 4.77, 4.75, 4.75, 4.77, 16648]
['2019-03-29 11:33:00', 4.82, 4.78, 4.78, 4.82, 9750]
['2019-03-29 11:32:00', 4.82, 4.82, 4.82, 4.82, 205]
['2019-03-29 11:29:00', 4.83, 4.83, 4.83, 4.83, 830]
['2019-03-29 11:27:00', 4.754, 4.82, 4.754, 4.82, 8545]
['2019-03-29 11:25:00', 4.76, 4.76, 4.76, 4.76, 116]
['2019-03-29 11:24:00', 4.7532, 4.7532, 4.7532, 4.7532, 365]
['2019-03-29 11:22:00', 4.76, 4.76, 4.76, 4.76, 300]
['2019-03-29 11:21:00', 4.76, 4.76, 4.76, 4.76, 600]
['2019-03-29 11:18:00', 4.75, 4.75, 4.75, 4.75, 1855]
['2019-03-29 11:17:00', 4.72, 4.73, 4.72, 4.73, 5242]
['2019-03-29 11:15:00', 4.715, 4.72, 4.715, 4.72, 1089]
['2019-03-29 11:14:00', 4.72, 4.72, 4.72, 4.72, 1700]
['2019-03-29 11:11:00', 4.72, 4.72, 4.72, 4.72, 400]
['2019-03-29 11:10:00', 4.7101, 4.7101, 4.7101, 4.7101, 1210]
['2019-03-29 11:09:00', 4.72, 4.72, 4.72, 4.72, 1798]
['2019-03-29 11:08:00', 4.6812, 4.7, 4.6812, 4.7, 3764]
['2019-03-29 11:06:00', 4.7, 4.7, 4.7, 4.7, 2468]
['2019-03-29 11:04:00', 4.704, 4.7, 4.7, 4.704, 1125]
['2019-03-29 11:02:00', 4.71, 4.71, 4.71, 4.71, 1043]
['2019-03-29 11:01:00', 4.715, 4.715, 4.715, 4.715, 1200]
['2019-03-29 11:00:00', 4.72, 4.72, 4.72, 4.72, 1595]
['2019-03-29 10:58:00', 4.7164, 4.71, 4.71, 4.7164, 1105]
['2019-03-29 10:56:00', 4.715, 4.715, 4.715, 4.715, 4084]
['2019-03-29 10:55:00', 4.7227, 4.7227, 4.7227, 4.7227, 805]
['2019-03-29 10:54:00', 4.73, 4.73, 4.73, 4.73, 200]
['2019-03-29 10:52:00', 4.73, 4.73, 4.73, 4.73, 8581]
['2019-03-29 10:51:00', 4.75, 4.75, 4.75, 4.75, 1211]
['2019-03-29 10:50:00', 4.755, 4.755, 4.755, 4.755, 1400]
['2019-03-29 10:49:00', 4.755, 4.755, 4.755, 4.755, 350]
['2019-03-29 10:48:00', 4.755, 4.755, 4.755, 4.755, 1000]
['2019-03-29 10:47:00', 4.755, 4.755, 4.75, 4.755, 5947]
['2019-03-29 10:46:00', 4.76, 4.76, 4.76, 4.76, 1400]
['2019-03-29 10:45:00', 4.775, 4.775, 4.775, 4.775, 600]
['2019-03-29 10:43:00', 4.78, 4.78, 4.78, 4.78, 100]
['2019-03-29 10:42:00', 4.78, 4.78, 4.78, 4.78, 1271]
['2019-03-29 10:41:00', 4.785, 4.785, 4.785, 4.785, 448]
['2019-03-29 10:40:00', 4.785, 4.785, 4.785, 4.785, 200]
['2019-03-29 10:38:00', 4.78, 4.785, 4.78, 4.785, 6014]
['2019-03-29 10:37:00', 4.78, 4.78, 4.78, 4.78, 1200]
['2019-03-29 10:36:00', 4.77, 4.77, 4.77, 4.77, 492]
['2019-03-29 10:32:00', 4.775, 4.775, 4.775, 4.775, 2262]
['2019-03-29 10:31:00', 4.78, 4.78, 4.78, 4.78, 2149]
['2019-03-29 10:28:00', 4.7851, 4.7851, 4.7851, 4.7851, 396]
['2019-03-29 10:27:00', 4.7716, 4.7899, 4.7716, 4.7899, 15851]
['2019-03-29 10:26:00', 4.78, 4.78, 4.78, 4.78, 1087]
['2019-03-29 10:25:00', 4.81, 4.8, 4.8, 4.81, 4094]
['2019-03-29 10:24:00', 4.81, 4.81, 4.81, 4.81, 3413]
['2019-03-29 10:21:00', 4.81, 4.81, 4.81, 4.81, 1272]
['2019-03-29 10:20:00', 4.82, 4.815, 4.815, 4.82, 4220]
['2019-03-29 10:19:00', 4.85, 4.8, 4.8, 4.85, 16069]
['2019-03-29 10:17:00', 4.86, 4.86, 4.86, 4.86, 1793]
['2019-03-29 10:16:00', 4.865, 4.865, 4.865, 4.865, 1401]
['2019-03-29 10:15:00', 4.87, 4.87, 4.87, 4.87, 1521]
['2019-03-29 10:13:00', 4.88, 4.875, 4.875, 4.88, 623]
['2019-03-29 10:11:00', 4.875, 4.875, 4.875, 4.875, 1100]
['2019-03-29 10:09:00', 4.87, 4.88, 4.87, 4.88, 3181]
['2019-03-29 10:08:00', 4.86, 4.86, 4.86, 4.86, 1800]
['2019-03-29 10:07:00', 4.86, 4.86, 4.86, 4.86, 1582]
['2019-03-29 10:06:00', 4.86, 4.86, 4.86, 4.86, 987]
['2019-03-29 10:05:00', 4.86, 4.86, 4.86, 4.86, 900]
['2019-03-29 10:04:00', 4.85, 4.85, 4.85, 4.85, 2518]
['2019-03-29 10:03:00', 4.85, 4.85, 4.85, 4.85, 3552]
['2019-03-29 10:02:00', 4.85, 4.85, 4.85, 4.85, 507]
['2019-03-29 10:01:00', 4.85, 4.85, 4.85, 4.85, 990]
['2019-03-29 10:00:00', 4.85, 4.85, 4.85, 4.85, 816]
['2019-03-29 09:59:00', 4.84, 4.84, 4.84, 4.84, 710]
['2019-03-29 09:57:00', 4.855, 4.855, 4.855, 4.855, 1710]
['2019-03-29 09:56:00', 4.86, 4.86, 4.86, 4.86, 800]
['2019-03-29 09:55:00', 4.85, 4.85, 4.85, 4.85, 2048]
['2019-03-29 09:54:00', 4.85, 4.85, 4.85, 4.85, 3461]
['2019-03-29 09:53:00', 4.85, 4.85, 4.85, 4.85, 6219]
['2019-03-29 09:52:00', 4.83, 4.85, 4.83, 4.85, 9014]
['2019-03-29 09:51:00', 4.845, 4.845, 4.845, 4.845, 500]
['2019-03-29 09:49:00', 4.84, 4.84, 4.84, 4.84, 729]
['2019-03-29 09:48:00', 4.85, 4.85, 4.85, 4.85, 1900]
['2019-03-29 09:47:00', 4.87, 4.87, 4.87, 4.87, 1541]
['2019-03-29 09:45:00', 4.88, 4.88, 4.88, 4.88, 4320]
['2019-03-29 09:43:00', 4.895, 4.89, 4.89, 4.895, 4494]
['2019-03-29 09:42:00', 4.9, 4.9, 4.9, 4.9, 506]
['2019-03-29 09:41:00', 4.9, 4.9, 4.9, 4.9, 1702]
['2019-03-29 09:40:00', 4.89, 4.89, 4.89, 4.9, 5498]
['2019-03-29 09:38:00', 4.88, 4.87, 4.87, 4.9, 14329]
['2019-03-29 09:35:00', 4.92, 4.92, 4.92, 4.92, 150]
['2019-03-29 09:34:00', 4.92, 4.92, 4.92, 4.92, 2639]
['2019-03-29 09:31:00', 4.86, 4.86, 4.86, 4.86, 5755]
['2019-03-28 16:00:00', 4.82, 4.8115, 4.81, 4.82, 13013]
['2019-03-28 15:59:00', 4.81, 4.81, 4.81, 4.82, 8859]
['2019-03-28 15:58:00', 4.81, 4.81, 4.81, 4.81, 8180]
['2019-03-28 15:57:00', 4.83, 4.805, 4.79, 4.83, 25130]
['2019-03-28 15:56:00', 4.835, 4.83, 4.83, 4.835, 4079]
['2019-03-28 15:55:00', 4.835, 4.84, 4.835, 4.85, 10056]
['2019-03-28 15:54:00', 4.83, 4.83, 4.83, 4.83, 3200]
['2019-03-28 15:53:00', 4.84, 4.84, 4.84, 4.84, 4005]
['2019-03-28 15:52:00', 4.86, 4.84, 4.84, 4.86, 6496]
['2019-03-28 15:51:00', 4.86, 4.86, 4.86, 4.86, 3176]
['2019-03-28 15:50:00', 4.86, 4.86, 4.86, 4.86, 877]
['2019-03-28 15:49:00', 4.86, 4.85, 4.85, 4.86, 4789]
['2019-03-28 15:48:00', 4.85, 4.88, 4.85, 4.88, 4313]
['2019-03-28 15:47:00', 4.85, 4.845, 4.845, 4.85, 26850]
['2019-03-28 15:46:00', 4.83, 4.84, 4.83, 4.84, 25222]
['2019-03-28 15:45:00', 4.8, 4.81, 4.8, 4.81, 8541]
['2019-03-28 15:44:00', 4.795, 4.795, 4.795, 4.795, 1700]
['2019-03-28 15:43:00', 4.8, 4.795, 4.795, 4.805, 13195]
['2019-03-28 15:42:00', 4.82, 4.8, 4.79, 4.82, 24587]
['2019-03-28 15:41:00', 4.82, 4.82, 4.82, 4.82, 1411]
['2019-03-28 15:40:00', 4.8267, 4.82, 4.82, 4.8267, 4442]
['2019-03-28 15:39:00', 4.825, 4.83, 4.825, 4.83, 3405]
['2019-03-28 15:38:00', 4.85, 4.82, 4.82, 4.85, 4505]
['2019-03-28 15:37:00', 4.85, 4.85, 4.85, 4.85, 601]
['2019-03-28 15:36:00', 4.85, 4.85, 4.85, 4.85, 25400]
['2019-03-28 15:35:00', 4.86, 4.86, 4.855, 4.86, 3888]
['2019-03-28 15:34:00', 4.87, 4.87, 4.87, 4.87, 1666]
['2019-03-28 15:33:00', 4.865, 4.87, 4.865, 4.87, 5416]
['2019-03-28 15:32:00', 4.89, 4.87, 4.86, 4.89, 10092]
['2019-03-28 15:30:00', 4.905, 4.9, 4.9, 4.905, 3129]
['2019-03-28 15:29:00', 4.93, 4.9, 4.89, 4.93, 17900]
['2019-03-28 15:28:00', 4.93, 4.93, 4.93, 4.93, 400]
['2019-03-28 15:27:00', 4.93, 4.93, 4.93, 4.93, 2505]
['2019-03-28 15:26:00', 4.93, 4.93, 4.93, 4.93, 355]
['2019-03-28 15:25:00', 4.93, 4.93, 4.93, 4.93, 2605]
['2019-03-28 15:24:00', 4.945, 4.94, 4.94, 4.945, 3205]
['2019-03-28 15:23:00', 4.95, 4.945, 4.945, 4.96, 35058]
['2019-03-28 15:22:00', 4.95, 4.945, 4.945, 4.95, 3050]
['2019-03-28 15:21:00', 4.97, 4.97, 4.97, 4.97, 6130]
['2019-03-28 15:20:00', 4.97, 4.97, 4.97, 4.97, 400]
['2019-03-28 15:19:00', 4.97, 4.97, 4.97, 4.97, 2303]
['2019-03-28 15:18:00', 4.975, 4.975, 4.975, 4.975, 300]
['2019-03-28 15:17:00', 4.985, 4.98, 4.98, 4.985, 2448]
['2019-03-28 15:15:00', 4.965, 4.975, 4.965, 4.975, 1524]
['2019-03-28 15:13:00', 4.95, 4.97, 4.95, 4.97, 1955]
['2019-03-28 15:12:00', 4.96, 4.96, 4.96, 4.96, 1200]
['2019-03-28 15:10:00', 4.925, 4.9399, 4.925, 4.9399, 13005]
['2019-03-28 15:09:00', 4.9292, 4.93, 4.9292, 4.93, 2635]
['2019-03-28 15:08:00', 4.91, 4.93, 4.91, 4.93, 3520]
['2019-03-28 15:07:00', 4.9, 4.9, 4.9, 4.9, 1100]
['2019-03-28 15:06:00', 4.9, 4.9, 4.9, 4.9, 2700]
['2019-03-28 15:05:00', 4.9, 4.9, 4.9, 4.9, 1600]
['2019-03-28 15:04:00', 4.91, 4.9, 4.9, 4.93, 36088]
['2019-03-28 15:03:00', 4.89, 4.9, 4.89, 4.9, 32844]
['2019-03-28 15:02:00', 4.885, 4.89, 4.885, 4.89, 3364]
['2019-03-28 15:01:00', 4.88, 4.885, 4.88, 4.89, 13072]
['2019-03-28 15:00:00', 4.89, 4.89, 4.89, 4.89, 1700]
['2019-03-28 14:59:00', 4.88, 4.88, 4.88, 4.88, 200]
['2019-03-28 14:58:00', 4.88, 4.88, 4.88, 4.88, 900]
['2019-03-28 14:57:00', 4.89, 4.88, 4.88, 4.89, 8605]
['2019-03-28 14:56:00', 4.895, 4.895, 4.895, 4.895, 900]
['2019-03-28 14:55:00', 4.8899, 4.9, 4.8899, 4.905, 8104]
['2019-03-28 14:54:00', 4.87, 4.87, 4.87, 4.87, 1975]
['2019-03-28 14:53:00', 4.87, 4.88, 4.87, 4.88, 16951]
['2019-03-28 14:52:00', 4.87, 4.86, 4.86, 4.87, 11073]
['2019-03-28 14:51:00', 4.865, 4.865, 4.865, 4.865, 400]
['2019-03-28 14:49:00', 4.865, 4.865, 4.865, 4.865, 300]
['2019-03-28 14:48:00', 4.87, 4.865, 4.865, 4.87, 2426]
['2019-03-28 14:47:00', 4.8592, 4.8592, 4.8592, 4.8592, 805]
['2019-03-28 14:46:00', 4.835, 4.84, 4.835, 4.84, 1804]
['2019-03-28 14:44:00', 4.83, 4.835, 4.83, 4.835, 1004]
['2019-03-28 14:43:00', 4.84, 4.8334, 4.8334, 4.84, 2120]
['2019-03-28 14:42:00', 4.84, 4.84, 4.84, 4.84, 595]
['2019-03-28 14:41:00', 4.87, 4.85, 4.85, 4.87, 4510]
['2019-03-28 14:40:00', 4.875, 4.87, 4.87, 4.875, 705]
['2019-03-28 14:39:00', 4.875, 4.875, 4.875, 4.875, 500]
['2019-03-28 14:37:00', 4.88, 4.88, 4.88, 4.88, 600]
['2019-03-28 14:36:00', 4.87, 4.87, 4.87, 4.87, 400]
['2019-03-28 14:35:00', 4.87, 4.88, 4.87, 4.88, 700]
['2019-03-28 14:34:00', 4.875, 4.875, 4.875, 4.875, 600]
['2019-03-28 14:32:00', 4.87, 4.87, 4.87, 4.87, 400]
['2019-03-28 14:31:00', 4.87, 4.87, 4.87, 4.87, 500]
['2019-03-28 14:30:00', 4.87, 4.87, 4.87, 4.87, 3600]
['2019-03-28 14:29:00', 4.88, 4.88, 4.88, 4.88, 1405]
['2019-03-28 14:28:00', 4.87, 4.87, 4.87, 4.87, 800]
['2019-03-28 14:26:00', 4.88, 4.88, 4.88, 4.88, 600]
['2019-03-28 14:25:00', 4.87, 4.87, 4.87, 4.87, 400]
['2019-03-28 14:24:00', 4.87, 4.87, 4.87, 4.87, 1400]
['2019-03-28 14:23:00', 4.875, 4.875, 4.875, 4.875, 400]
['2019-03-28 14:20:00', 4.88, 4.87, 4.87, 4.88, 2008]
['2019-03-28 14:19:00', 4.875, 4.875, 4.875, 4.875, 100]
['2019-03-28 14:17:00', 4.87, 4.87, 4.87, 4.87, 300]
['2019-03-28 14:16:00', 4.875, 4.875, 4.875, 4.875, 701]
['2019-03-28 14:15:00', 4.85, 4.855, 4.85, 4.855, 1081]
['2019-03-28 14:14:00', 4.85, 4.85, 4.85, 4.85, 500]
['2019-03-28 14:12:00', 4.84, 4.84, 4.84, 4.84, 398]
['2019-03-28 14:11:00', 4.845, 4.845, 4.845, 4.845, 303]
['2019-03-28 14:09:00', 4.85, 4.8425, 4.8425, 4.85, 3561]
['2019-03-28 14:08:00', 4.83, 4.85, 4.83, 4.85, 6555]
['2019-03-28 14:07:00', 4.85, 4.84, 4.84, 4.85, 6645]
['2019-03-28 14:05:00', 4.86, 4.855, 4.855, 4.86, 1300]
['2019-03-28 14:04:00', 4.86, 4.86, 4.86, 4.86, 859]
['2019-03-28 14:02:00', 4.87, 4.87, 4.87, 4.87, 1105]
['2019-03-28 14:00:00', 4.86, 4.86, 4.86, 4.86, 1111]
['2019-03-28 13:59:00', 4.88, 4.88, 4.88, 4.88, 210]
['2019-03-28 13:58:00', 4.89, 4.89, 4.89, 4.89, 1705]
['2019-03-28 13:56:00', 4.9, 4.88, 4.86, 4.9, 9397]
['2019-03-28 13:55:00', 4.9, 4.91, 4.9, 4.91, 3387]
['2019-03-28 13:54:00', 4.93, 4.895, 4.89, 4.96, 15631]
['2019-03-28 13:53:00', 4.87, 4.91, 4.87, 4.94, 59903]
['2019-03-28 13:52:00', 4.98, 4.865, 4.86, 4.98, 76593]
['2019-03-28 13:51:00', 4.875, 4.99, 4.875, 5.0, 38823]
['2019-03-28 13:50:00', 4.87, 4.88, 4.87, 4.88, 7303]
['2019-03-28 13:49:00', 4.8631, 4.8631, 4.8631, 4.8631, 310]
['2019-03-28 13:47:00', 4.855, 4.865, 4.855, 4.865, 4610]
['2019-03-28 13:45:00', 4.855, 4.855, 4.855, 4.855, 200]
['2019-03-28 13:44:00', 4.86, 4.85, 4.85, 4.86, 2006]
['2019-03-28 13:43:00', 4.865, 4.865, 4.865, 4.865, 407]
['2019-03-28 13:42:00', 4.865, 4.865, 4.865, 4.865, 300]
['2019-03-28 13:40:00', 4.865, 4.865, 4.865, 4.865, 600]
['2019-03-28 13:39:00', 4.87, 4.86, 4.86, 4.87, 2997]
['2019-03-28 13:38:00', 4.88, 4.87, 4.87, 4.88, 2461]
['2019-03-28 13:37:00', 4.88, 4.88, 4.88, 4.88, 711]
['2019-03-28 13:36:00', 4.9, 4.89, 4.89, 4.9, 1601]
['2019-03-28 13:35:00', 4.91, 4.91, 4.91, 4.91, 549]
['2019-03-28 13:34:00', 4.93, 4.92, 4.92, 4.93, 1163]
['2019-03-28 13:33:00', 4.93, 4.93, 4.93, 4.93, 8674]
['2019-03-28 13:32:00', 4.92, 4.92, 4.92, 4.92, 600]
['2019-03-28 13:31:00', 4.91, 4.91, 4.91, 4.91, 378]
['2019-03-28 13:30:00', 4.91, 4.91, 4.91, 4.91, 2000]
['2019-03-28 13:29:00', 4.93, 4.93, 4.93, 4.93, 3820]
['2019-03-28 13:28:00', 4.94, 4.94, 4.94, 4.94, 560]
['2019-03-28 13:27:00', 4.935, 4.935, 4.935, 4.935, 758]
['2019-03-28 13:26:00', 4.94, 4.93, 4.93, 4.94, 12110]
['2019-03-28 13:25:00', 4.95, 4.94, 4.94, 4.95, 2907]
['2019-03-28 13:24:00', 4.9565, 4.9565, 4.9565, 4.9565, 725]
['2019-03-28 13:23:00', 4.955, 4.955, 4.955, 4.955, 855]
['2019-03-28 13:22:00', 4.97, 4.96, 4.96, 4.97, 3410]
['2019-03-28 13:21:00', 4.97, 4.97, 4.97, 4.97, 2403]
['2019-03-28 13:20:00', 4.9699, 4.97, 4.9699, 4.97, 3161]
['2019-03-28 13:19:00', 4.96, 4.96, 4.96, 4.96, 600]
['2019-03-28 13:18:00', 4.955, 4.955, 4.955, 4.955, 405]
['2019-03-28 13:17:00', 4.945, 4.95, 4.945, 4.95, 1352]
['2019-03-28 13:16:00', 4.9401, 4.9401, 4.9401, 4.9401, 32600]
['2019-03-28 13:15:00', 4.945, 4.945, 4.945, 4.945, 19901]
['2019-03-28 13:14:00', 4.95, 4.9499, 4.9499, 4.95, 1254]
['2019-03-28 13:13:00', 4.95, 4.955, 4.95, 4.955, 874]
['2019-03-28 13:11:00', 4.95, 4.95, 4.95, 4.95, 705]
['2019-03-28 13:09:00', 4.95, 4.95, 4.95, 4.95, 800]
['2019-03-28 13:08:00', 4.945, 4.945, 4.945, 4.945, 216]
['2019-03-28 13:07:00', 4.955, 4.95, 4.95, 4.955, 3471]
['2019-03-28 13:06:00', 4.965, 4.965, 4.965, 4.965, 600]
['2019-03-28 13:05:00', 4.97, 4.97, 4.97, 4.97, 481]
['2019-03-28 13:04:00', 4.97, 4.96, 4.96, 4.97, 1293]
['2019-03-28 13:03:00', 4.97, 4.97, 4.97, 4.97, 22400]
['2019-03-28 13:01:00', 4.96, 4.96, 4.96, 4.96, 22405]
['2019-03-28 13:00:00', 4.96, 4.96, 4.96, 4.96, 386]
['2019-03-28 12:57:00', 4.99, 4.97, 4.97, 4.99, 4914]
['2019-03-28 12:56:00', 4.99, 4.99, 4.99, 4.99, 1100]
['2019-03-28 12:55:00', 5.0, 5.0, 5.0, 5.0, 410]
['2019-03-28 12:54:00', 5.0, 5.0, 5.0, 5.0, 1000]
['2019-03-28 12:53:00', 5.0, 4.995, 4.995, 5.0, 3120]
['2019-03-28 12:52:00', 4.99, 5.0, 4.99, 5.0, 6520]
['2019-03-28 12:51:00', 5.02, 4.99, 4.99, 5.02, 14874]
['2019-03-28 12:50:00', 5.02, 5.02, 5.02, 5.02, 6306]
['2019-03-28 12:49:00', 4.985, 5.03, 4.985, 5.03, 40803]
['2019-03-28 12:48:00', 4.96, 4.985, 4.96, 4.985, 21312]
['2019-03-28 12:47:00', 4.955, 4.955, 4.955, 4.955, 2900]
['2019-03-28 12:46:00', 4.95, 4.9581, 4.9483, 4.9581, 9402]
['2019-03-28 12:45:00', 4.94, 4.94, 4.94, 4.94, 900]
['2019-03-28 12:43:00', 4.92, 4.92, 4.92, 4.92, 2029]
['2019-03-28 12:42:00', 4.91, 4.915, 4.91, 4.915, 3800]
['2019-03-28 12:41:00', 4.9, 4.9, 4.9, 4.9, 532]
['2019-03-28 12:40:00', 4.91, 4.91, 4.91, 4.91, 1806]
['2019-03-28 12:39:00', 4.915, 4.915, 4.915, 4.915, 200]
['2019-03-28 12:37:00', 4.91, 4.91, 4.91, 4.91, 305]
['2019-03-28 12:36:00', 4.895, 4.895, 4.895, 4.895, 1000]
['2019-03-28 12:35:00', 4.915, 4.9, 4.9, 4.915, 5163]
['2019-03-28 12:33:00', 4.92, 4.92, 4.92, 4.92, 400]
['2019-03-28 12:31:00', 4.91, 4.91, 4.91, 4.91, 1012]
['2019-03-28 12:30:00', 4.91, 4.91, 4.91, 4.91, 2400]
['2019-03-28 12:29:00', 4.91, 4.91, 4.91, 4.91, 400]
['2019-03-28 12:27:00', 4.9, 4.9, 4.9, 4.9, 220]
['2019-03-28 12:26:00', 4.9, 4.9, 4.9, 4.9, 933]
['2019-03-28 12:25:00', 4.91, 4.91, 4.91, 4.91, 400]
['2019-03-28 12:24:00', 4.91, 4.9073, 4.9073, 4.91, 12951]
['2019-03-28 12:23:00', 4.89, 4.89, 4.89, 4.89, 1245]
['2019-03-28 12:22:00', 4.885, 4.885, 4.885, 4.885, 400]
['2019-03-28 12:21:00', 4.88, 4.88, 4.88, 4.88, 300]
['2019-03-28 12:19:00', 4.89, 4.89, 4.89, 4.89, 300]
['2019-03-28 12:17:00', 4.88, 4.89, 4.88, 4.89, 2576]
['2019-03-28 12:14:00', 4.8816, 4.885, 4.8816, 4.885, 13501]
['2019-03-28 12:13:00', 4.8815, 4.8815, 4.8815, 4.8815, 1299]
['2019-03-28 12:12:00', 4.9, 4.9, 4.9, 4.9, 1000]
['2019-03-28 12:11:00', 4.915, 4.915, 4.915, 4.915, 1878]
['2019-03-28 12:10:00', 4.92, 4.92, 4.92, 4.92, 600]
['2019-03-28 12:09:00', 4.92, 4.9285, 4.92, 4.9285, 5550]
['2019-03-28 12:07:00', 4.92, 4.92, 4.92, 4.92, 905]
['2019-03-28 12:06:00', 4.93, 4.93, 4.93, 4.93, 562]
['2019-03-28 12:05:00', 4.91, 4.91, 4.91, 4.91, 200]
['2019-03-28 12:03:00', 4.9174, 4.9174, 4.9174, 4.9174, 2100]
['2019-03-28 12:02:00', 4.94, 4.925, 4.925, 4.94, 2772]
['2019-03-28 11:58:00', 4.93, 4.93, 4.93, 4.93, 1100]
['2019-03-28 11:57:00', 4.92, 4.92, 4.92, 4.92, 2863]
['2019-03-28 11:55:00', 4.9, 4.91, 4.9, 4.92, 34101]
['2019-03-28 11:54:00', 4.9, 4.8942, 4.8942, 4.9, 9805]
['2019-03-28 11:53:00', 4.93, 4.9, 4.9, 4.93, 20805]
['2019-03-28 11:52:00', 4.92, 4.93, 4.92, 4.93, 2805]
['2019-03-28 11:51:00', 4.92, 4.92, 4.92, 4.92, 900]
['2019-03-28 11:50:00', 4.91, 4.91, 4.91, 4.91, 1800]
['2019-03-28 11:49:00', 4.9, 4.9, 4.9, 4.9, 3800]
['2019-03-28 11:48:00', 4.9, 4.9, 4.9, 4.9, 9648]
['2019-03-28 11:47:00', 4.85, 4.89, 4.84, 4.89, 19886]
['2019-03-28 11:45:00', 4.84, 4.85, 4.84, 4.85, 2020]
['2019-03-28 11:44:00', 4.8399, 4.8399, 4.8399, 4.8399, 4550]
['2019-03-28 11:43:00', 4.84, 4.84, 4.84, 4.84, 539]
['2019-03-28 11:41:00', 4.8491, 4.8491, 4.8491, 4.8491, 3708]
['2019-03-28 11:40:00', 4.84, 4.84, 4.84, 4.84, 817]
['2019-03-28 11:39:00', 4.85, 4.85, 4.85, 4.85, 4483]
['2019-03-28 11:38:00', 4.85, 4.85, 4.85, 4.85, 5094]
['2019-03-28 11:36:00', 4.84, 4.8387, 4.8387, 4.84, 2950]
['2019-03-28 11:35:00', 4.82, 4.82, 4.82, 4.82, 800]
['2019-03-28 11:34:00', 4.825, 4.81, 4.81, 4.825, 4043]
['2019-03-28 11:33:00', 4.81, 4.81, 4.81, 4.81, 2000]
['2019-03-28 11:32:00', 4.8, 4.8, 4.8, 4.8, 3966]
['2019-03-28 11:31:00', 4.82, 4.82, 4.82, 4.82, 2077]
['2019-03-28 11:30:00', 4.83, 4.83, 4.83, 4.83, 3972]
['2019-03-28 11:29:00', 4.83, 4.835, 4.83, 4.835, 4714]
['2019-03-28 11:27:00', 4.84, 4.84, 4.84, 4.84, 1854]
['2019-03-28 11:26:00', 4.82, 4.83, 4.82, 4.83, 2689]
['2019-03-28 11:25:00', 4.8, 4.8, 4.8, 4.8, 2953]
['2019-03-28 11:24:00', 4.7899, 4.7899, 4.7899, 4.7899, 23280]
['2019-03-28 11:23:00', 4.785, 4.785, 4.785, 4.785, 8405]
['2019-03-28 11:22:00', 4.765, 4.765, 4.765, 4.765, 300]
['2019-03-28 11:21:00', 4.77, 4.77, 4.77, 4.77, 1500]
['2019-03-28 11:20:00', 4.77, 4.77, 4.77, 4.77, 959]
['2019-03-28 11:19:00', 4.77, 4.775, 4.77, 4.775, 1070]
['2019-03-28 11:18:00', 4.78, 4.78, 4.78, 4.78, 500]
['2019-03-28 11:16:00', 4.78, 4.78, 4.78, 4.78, 513]
['2019-03-28 11:15:00', 4.78, 4.78, 4.78, 4.78, 644]
['2019-03-28 11:14:00', 4.77, 4.775, 4.76, 4.775, 5697]
['2019-03-28 11:13:00', 4.78, 4.775, 4.775, 4.78, 2105]
['2019-03-28 11:12:00', 4.78, 4.78, 4.78, 4.78, 1600]
['2019-03-28 11:10:00', 4.77, 4.77, 4.77, 4.77, 604]
['2019-03-28 11:09:00', 4.77, 4.77, 4.77, 4.77, 100]
['2019-03-28 11:07:00', 4.78, 4.77, 4.77, 4.78, 2547]
['2019-03-28 11:06:00', 4.78, 4.79, 4.78, 4.79, 4900]
['2019-03-28 11:05:00', 4.79, 4.79, 4.79, 4.79, 1876]
['2019-03-28 11:04:00', 4.79, 4.79, 4.79, 4.79, 500]
['2019-03-28 11:03:00', 4.77, 4.77, 4.77, 4.77, 920]
['2019-03-28 11:02:00', 4.78, 4.78, 4.78, 4.78, 1172]
['2019-03-28 11:01:00', 4.79, 4.79, 4.79, 4.79, 2564]
['2019-03-28 11:00:00', 4.8, 4.8, 4.8, 4.8, 220]
['2019-03-28 10:59:00', 4.78, 4.79, 4.78, 4.79, 2010]
['2019-03-28 10:58:00', 4.78, 4.78, 4.78, 4.78, 445]
['2019-03-28 10:57:00', 4.78, 4.78, 4.78, 4.78, 200]
['2019-03-28 10:55:00', 4.775, 4.775, 4.775, 4.775, 747]
['2019-03-28 10:54:00', 4.78, 4.78, 4.78, 4.78, 405]
['2019-03-28 10:53:00', 4.78, 4.78, 4.78, 4.78, 605]
['2019-03-28 10:52:00', 4.775, 4.775, 4.775, 4.775, 700]
['2019-03-28 10:51:00', 4.77, 4.77, 4.77, 4.77, 600]
['2019-03-28 10:48:00', 4.77, 4.77, 4.77, 4.77, 1000]
['2019-03-28 10:47:00', 4.79, 4.79, 4.79, 4.79, 905]
['2019-03-28 10:46:00', 4.77, 4.77, 4.77, 4.77, 777]
['2019-03-28 10:45:00', 4.785, 4.78, 4.78, 4.785, 1957]
['2019-03-28 10:44:00', 4.795, 4.795, 4.795, 4.795, 2025]
['2019-03-28 10:43:00', 4.8, 4.8, 4.8, 4.8, 200]
['2019-03-28 10:42:00', 4.81, 4.79, 4.79, 4.81, 2805]
['2019-03-28 10:41:00', 4.8, 4.8, 4.8, 4.8, 500]
['2019-03-28 10:39:00', 4.79, 4.79, 4.79, 4.79, 1505]
['2019-03-28 10:38:00', 4.8, 4.8, 4.8, 4.8, 400]
['2019-03-28 10:37:00', 4.79, 4.79, 4.79, 4.79, 606]
['2019-03-28 10:35:00', 4.79, 4.79, 4.79, 4.79, 400]
['2019-03-28 10:34:00', 4.8, 4.8, 4.8, 4.8, 2700]
['2019-03-28 10:33:00', 4.8, 4.8, 4.8, 4.8, 4600]
['2019-03-28 10:32:00', 4.82, 4.8, 4.8, 4.83, 22858]
['2019-03-28 10:31:00', 4.81, 4.82, 4.81, 4.82, 2412]
['2019-03-28 10:30:00', 4.77, 4.8, 4.76, 4.8, 16615]
['2019-03-28 10:29:00', 4.78, 4.78, 4.78, 4.78, 3175]
['2019-03-28 10:28:00', 4.79, 4.79, 4.79, 4.79, 200]
['2019-03-28 10:26:00', 4.8, 4.8, 4.8, 4.8, 1550]
['2019-03-28 10:25:00', 4.81, 4.81, 4.81, 4.81, 4199]
['2019-03-28 10:23:00', 4.82, 4.82, 4.82, 4.82, 817]
['2019-03-28 10:22:00', 4.81, 4.8199, 4.81, 4.82, 14964]
['2019-03-28 10:21:00', 4.7998, 4.83, 4.7998, 4.83, 5925]
['2019-03-28 10:20:00', 4.77, 4.77, 4.77, 4.77, 5025]
['2019-03-28 10:19:00', 4.77, 4.77, 4.77, 4.7758, 5315]
['2019-03-28 10:18:00', 4.74, 4.74, 4.74, 4.74, 3905]
['2019-03-28 10:17:00', 4.74, 4.74, 4.74, 4.74, 592]
['2019-03-28 10:16:00', 4.72, 4.72, 4.72, 4.72, 400]
['2019-03-28 10:14:00', 4.71, 4.71, 4.71, 4.71, 200]
['2019-03-28 10:12:00', 4.71, 4.71, 4.71, 4.71, 100]
['2019-03-28 10:11:00', 4.69, 4.69, 4.69, 4.69, 475]
['2019-03-28 10:09:00', 4.7, 4.7, 4.7, 4.7, 700]
['2019-03-28 10:08:00', 4.6801, 4.69, 4.68, 4.69, 41828]
['2019-03-28 10:07:00', 4.68, 4.68, 4.68, 4.68, 1200]
['2019-03-28 10:06:00', 4.675, 4.675, 4.675, 4.675, 1704]
['2019-03-28 10:05:00', 4.67, 4.67, 4.67, 4.67, 2023]
['2019-03-28 10:04:00', 4.7, 4.7, 4.7, 4.7, 22000]
['2019-03-28 10:03:00', 4.695, 4.695, 4.695, 4.695, 700]
['2019-03-28 10:01:00', 4.675, 4.675, 4.675, 4.675, 3200]
['2019-03-28 10:00:00', 4.71, 4.7, 4.7, 4.71, 3886]
['2019-03-28 09:59:00', 4.7222, 4.7222, 4.7222, 4.7222, 400]
['2019-03-28 09:58:00', 4.71, 4.71, 4.71, 4.71, 1345]
['2019-03-28 09:56:00', 4.72, 4.72, 4.72, 4.74, 8927]
['2019-03-28 09:55:00', 4.68, 4.76, 4.68, 4.79, 63894]
['2019-03-28 09:53:00', 4.63, 4.63, 4.63, 4.63, 248]
['2019-03-28 09:52:00', 4.64, 4.65, 4.64, 4.65, 3148]
['2019-03-28 09:51:00', 4.65, 4.65, 4.65, 4.65, 1890]
['2019-03-28 09:50:00', 4.66, 4.66, 4.66, 4.66, 452]
['2019-03-28 09:48:00', 4.64, 4.64, 4.64, 4.64, 305]
['2019-03-28 09:47:00', 4.62, 4.62, 4.62, 4.62, 4005]
['2019-03-28 09:46:00', 4.57, 4.57, 4.57, 4.57, 2200]
['2019-03-28 09:43:00', 4.575, 4.575, 4.575, 4.575, 100]
['2019-03-28 09:42:00', 4.56, 4.56, 4.56, 4.56, 513]
['2019-03-28 09:41:00', 4.56, 4.56, 4.56, 4.56, 200]
['2019-03-28 09:36:00', 4.58, 4.58, 4.58, 4.58, 2014]
['2019-03-28 09:35:00', 4.5, 4.5, 4.5, 4.5, 400]
['2019-03-28 09:34:00', 4.56, 4.58, 4.56, 4.58, 5996]
['2019-03-27 16:00:00', 4.52, 4.52, 4.52, 4.52, 79186]
['2019-03-27 15:59:00', 4.54, 4.54, 4.53, 4.54, 16990]
['2019-03-27 15:58:00', 4.54, 4.54, 4.54, 4.54, 2054]
['2019-03-27 15:57:00', 4.54, 4.54, 4.54, 4.54, 9948]
['2019-03-27 15:56:00', 4.535, 4.54, 4.535, 4.54, 5041]
['2019-03-27 15:55:00', 4.56, 4.54, 4.53, 4.56, 50463]
['2019-03-27 15:54:00', 4.56, 4.56, 4.56, 4.56, 4016]
['2019-03-27 15:53:00', 4.56, 4.56, 4.55, 4.56, 4600]
['2019-03-27 15:52:00', 4.555, 4.56, 4.555, 4.56, 10195]
['2019-03-27 15:51:00', 4.575, 4.56, 4.56, 4.575, 48126]
['2019-03-27 15:50:00', 4.58, 4.57, 4.57, 4.58, 4938]
['2019-03-27 15:49:00', 4.575, 4.575, 4.575, 4.575, 1907]
['2019-03-27 15:48:00', 4.57, 4.575, 4.57, 4.575, 2600]
['2019-03-27 15:47:00', 4.58, 4.57, 4.57, 4.58, 20035]
['2019-03-27 15:46:00', 4.585, 4.59, 4.585, 4.59, 4600]
['2019-03-27 15:45:00', 4.585, 4.585, 4.585, 4.585, 4400]
['2019-03-27 15:44:00', 4.59, 4.59, 4.59, 4.59, 934]
['2019-03-27 15:43:00', 4.585, 4.585, 4.585, 4.585, 700]
['2019-03-27 15:42:00', 4.59, 4.59, 4.59, 4.59, 1235]
['2019-03-27 15:41:00', 4.575, 4.59, 4.575, 4.59, 3300]
['2019-03-27 15:40:00', 4.59, 4.58, 4.58, 4.595, 4017]
['2019-03-27 15:38:00', 4.595, 4.595, 4.595, 4.595, 600]
['2019-03-27 15:37:00', 4.6, 4.595, 4.595, 4.6, 3000]
['2019-03-27 15:36:00', 4.6, 4.6, 4.6, 4.6, 700]
['2019-03-27 15:35:00', 4.6, 4.6, 4.6, 4.6, 621]
['2019-03-27 15:34:00', 4.59, 4.59, 4.59, 4.595, 5164]
['2019-03-27 15:33:00', 4.6, 4.6, 4.6, 4.6, 900]
['2019-03-27 15:32:00', 4.5999, 4.5999, 4.5999, 4.5999, 3936]
['2019-03-27 15:31:00', 4.6, 4.595, 4.595, 4.6, 5864]
['2019-03-27 15:30:00', 4.6, 4.6, 4.6, 4.6, 3839]
['2019-03-27 15:29:00', 4.6, 4.6, 4.6, 4.605, 8045]
['2019-03-27 15:28:00', 4.635, 4.605, 4.6, 4.635, 20407]
['2019-03-27 15:27:00', 4.65, 4.63, 4.63, 4.65, 2627]
['2019-03-27 15:26:00', 4.65, 4.65, 4.65, 4.65, 207]
['2019-03-27 15:25:00', 4.655, 4.655, 4.655, 4.655, 1633]
['2019-03-27 15:24:00', 4.65, 4.65, 4.65, 4.65, 100]
['2019-03-27 15:22:00', 4.65, 4.65, 4.65, 4.65, 400]
['2019-03-27 15:20:00', 4.655, 4.655, 4.655, 4.655, 3305]
['2019-03-27 15:19:00', 4.66, 4.66, 4.66, 4.66, 5798]
['2019-03-27 15:18:00', 4.66, 4.66, 4.66, 4.66, 500]
['2019-03-27 15:16:00', 4.67, 4.66, 4.66, 4.67, 4555]
['2019-03-27 15:14:00', 4.67, 4.67, 4.67, 4.67, 400]
['2019-03-27 15:13:00', 4.67, 4.67, 4.67, 4.67, 620]
['2019-03-27 15:12:00', 4.66, 4.66, 4.66, 4.66, 700]
['2019-03-27 15:11:00', 4.66, 4.66, 4.66, 4.66, 1025]
['2019-03-27 15:10:00', 4.655, 4.655, 4.655, 4.655, 100]
['2019-03-27 15:08:00', 4.655, 4.655, 4.655, 4.655, 134]
['2019-03-27 15:05:00', 4.66, 4.66, 4.66, 4.66, 363]
['2019-03-27 15:04:00', 4.66, 4.66, 4.66, 4.66, 500]
['2019-03-27 15:03:00', 4.65, 4.65, 4.65, 4.65, 700]
['2019-03-27 15:02:00', 4.64, 4.64, 4.64, 4.65, 6328]
['2019-03-27 15:00:00', 4.65, 4.65, 4.65, 4.65, 2092]
['2019-03-27 14:57:00', 4.66, 4.655, 4.655, 4.66, 2029]
['2019-03-27 14:55:00', 4.665, 4.665, 4.665, 4.665, 825]
['2019-03-27 14:52:00', 4.66, 4.66, 4.66, 4.66, 842]
['2019-03-27 14:50:00', 4.66, 4.66, 4.66, 4.66, 509]
['2019-03-27 14:49:00', 4.64, 4.64, 4.64, 4.64, 800]
['2019-03-27 14:48:00', 4.64, 4.64, 4.64, 4.64, 700]
['2019-03-27 14:47:00', 4.64, 4.64, 4.64, 4.64, 455]
['2019-03-27 14:46:00', 4.64, 4.64, 4.64, 4.64, 2200]
['2019-03-27 14:44:00', 4.615, 4.616, 4.615, 4.616, 8480]
['2019-03-27 14:43:00', 4.62, 4.62, 4.62, 4.62, 1571]
['2019-03-27 14:42:00', 4.64, 4.61, 4.61, 4.64, 7152]
['2019-03-27 14:41:00', 4.63, 4.64, 4.63, 4.66, 19811]
['2019-03-27 14:40:00', 4.67, 4.62, 4.62, 4.67, 30548]
['2019-03-27 14:37:00', 4.69, 4.69, 4.69, 4.69, 2700]
['2019-03-27 14:36:00', 4.69, 4.69, 4.69, 4.69, 936]
['2019-03-27 14:34:00', 4.71, 4.71, 4.71, 4.71, 205]
['2019-03-27 14:33:00', 4.71, 4.71, 4.71, 4.71, 533]
['2019-03-27 14:31:00', 4.715, 4.715, 4.715, 4.715, 300]
['2019-03-27 14:30:00', 4.71, 4.71, 4.71, 4.71, 1900]
['2019-03-27 14:29:00', 4.71, 4.71, 4.71, 4.71, 2105]
['2019-03-27 14:28:00', 4.71, 4.71, 4.71, 4.71, 4702]
['2019-03-27 14:27:00', 4.71, 4.71, 4.71, 4.71, 5088]
['2019-03-27 14:26:00', 4.725, 4.725, 4.725, 4.725, 586]
['2019-03-27 14:24:00', 4.72, 4.72, 4.72, 4.72, 500]
['2019-03-27 14:21:00', 4.72, 4.72, 4.72, 4.72, 869]
['2019-03-27 14:20:00', 4.725, 4.725, 4.725, 4.725, 953]
['2019-03-27 14:17:00', 4.73, 4.73, 4.73, 4.73, 716]
['2019-03-27 14:14:00', 4.74, 4.74, 4.74, 4.74, 674]
['2019-03-27 14:12:00', 4.73, 4.73, 4.73, 4.73, 231]
['2019-03-27 14:11:00', 4.73, 4.73, 4.73, 4.73, 600]
['2019-03-27 14:09:00', 4.73, 4.73, 4.73, 4.73, 1466]
['2019-03-27 14:08:00', 4.74, 4.72, 4.71, 4.74, 5086]
['2019-03-27 14:07:00', 4.745, 4.745, 4.745, 4.745, 455]
['2019-03-27 14:05:00', 4.75, 4.75, 4.75, 4.75, 100]
['2019-03-27 14:04:00', 4.745, 4.745, 4.745, 4.745, 655]
['2019-03-27 14:02:00', 4.74, 4.74, 4.74, 4.74, 949]
['2019-03-27 14:01:00', 4.7375, 4.7375, 4.7375, 4.7375, 3598]
['2019-03-27 14:00:00', 4.74, 4.74, 4.74, 4.74, 345]
['2019-03-27 13:59:00', 4.73, 4.739, 4.73, 4.739, 2825]
['2019-03-27 13:58:00', 4.735, 4.735, 4.735, 4.735, 100]
['2019-03-27 13:56:00', 4.74, 4.735, 4.735, 4.74, 265]
['2019-03-27 13:55:00', 4.735, 4.735, 4.735, 4.735, 206]
['2019-03-27 13:54:00', 4.74, 4.74, 4.74, 4.74, 155]
['2019-03-27 13:53:00', 4.74, 4.74, 4.74, 4.74, 100]
['2019-03-27 13:52:00', 4.74, 4.74, 4.74, 4.74, 203]
['2019-03-27 13:51:00', 4.74, 4.74, 4.74, 4.74, 261]
['2019-03-27 13:50:00', 4.74, 4.74, 4.74, 4.74, 300]
['2019-03-27 13:49:00', 4.735, 4.735, 4.735, 4.735, 411]
['2019-03-27 13:48:00', 4.73, 4.73, 4.73, 4.73, 144]
['2019-03-27 13:47:00', 4.74, 4.74, 4.74, 4.74, 215]
['2019-03-27 13:46:00', 4.73, 4.73, 4.73, 4.73, 808]
['2019-03-27 13:45:00', 4.73, 4.73, 4.73, 4.73, 104]
['2019-03-27 13:43:00', 4.72, 4.73, 4.72, 4.73, 1605]
['2019-03-27 13:41:00', 4.72, 4.72, 4.72, 4.72, 200]
['2019-03-27 13:40:00', 4.72, 4.72, 4.72, 4.72, 300]
['2019-03-27 13:38:00', 4.72, 4.72, 4.72, 4.72, 500]
['2019-03-27 13:36:00', 4.71, 4.71, 4.71, 4.71, 1072]
['2019-03-27 13:34:00', 4.72, 4.72, 4.72, 4.72, 330]
['2019-03-27 13:32:00', 4.72, 4.72, 4.72, 4.72, 300]
['2019-03-27 13:29:00', 4.72, 4.72, 4.72, 4.72, 400]
['2019-03-27 13:26:00', 4.715, 4.715, 4.715, 4.715, 900]
['2019-03-27 13:25:00', 4.705, 4.705, 4.705, 4.705, 100]
['2019-03-27 13:24:00', 4.71, 4.71, 4.71, 4.71, 571]
['2019-03-27 13:22:00', 4.72, 4.72, 4.72, 4.72, 605]
['2019-03-27 13:21:00', 4.72, 4.72, 4.72, 4.72, 907]
['2019-03-27 13:19:00', 4.72, 4.72, 4.72, 4.72, 500]
['2019-03-27 13:17:00', 4.72, 4.72, 4.72, 4.72, 900]
['2019-03-27 13:15:00', 4.695, 4.7, 4.695, 4.7, 4792]
['2019-03-27 13:14:00', 4.7, 4.7, 4.7, 4.7, 7149]
['2019-03-27 13:13:00', 4.7, 4.7, 4.7, 4.7, 221]
['2019-03-27 13:12:00', 4.7, 4.7, 4.7, 4.7, 500]
['2019-03-27 13:10:00', 4.68, 4.69, 4.68, 4.69, 1012]
['2019-03-27 13:09:00', 4.7, 4.7, 4.7, 4.7, 100]
['2019-03-27 13:07:00', 4.69, 4.69, 4.69, 4.69, 1305]
['2019-03-27 13:06:00', 4.72, 4.7, 4.7, 4.72, 20154]
['2019-03-27 13:04:00', 4.715, 4.715, 4.715, 4.715, 551]
['2019-03-27 13:03:00', 4.72, 4.71, 4.71, 4.72, 2357]
['2019-03-27 13:02:00', 4.73, 4.73, 4.73, 4.73, 405]
['2019-03-27 13:01:00', 4.73, 4.73, 4.73, 4.73, 2600]
['2019-03-27 13:00:00', 4.7501, 4.75, 4.75, 4.7501, 9024]
['2019-03-27 12:59:00', 4.755, 4.755, 4.755, 4.755, 313]
['2019-03-27 12:58:00', 4.75, 4.75, 4.75, 4.75, 600]
['2019-03-27 12:56:00', 4.76, 4.76, 4.76, 4.76, 1000]
['2019-03-27 12:55:00', 4.765, 4.765, 4.765, 4.765, 100]
['2019-03-27 12:54:00', 4.76, 4.76, 4.76, 4.76, 200]
['2019-03-27 12:53:00', 4.76, 4.76, 4.76, 4.76, 822]
['2019-03-27 12:52:00', 4.76, 4.76, 4.76, 4.76, 441]
['2019-03-27 12:51:00', 4.7585, 4.7585, 4.7585, 4.7585, 121]
['2019-03-27 12:49:00', 4.76, 4.755, 4.755, 4.76, 223]
['2019-03-27 12:47:00', 4.76, 4.76, 4.76, 4.76, 2292]
['2019-03-27 12:46:00', 4.76, 4.77, 4.76, 4.77, 1148]
['2019-03-27 12:44:00', 4.75, 4.755, 4.75, 4.755, 2798]
['2019-03-27 12:43:00', 4.76, 4.76, 4.76, 4.76, 520]
['2019-03-27 12:42:00', 4.7535, 4.7535, 4.7535, 4.7535, 120]
['2019-03-27 12:39:00', 4.74, 4.75, 4.74, 4.75, 2281]
['2019-03-27 12:34:00', 4.735, 4.735, 4.735, 4.735, 350]
['2019-03-27 12:33:00', 4.74, 4.74, 4.74, 4.74, 857]
['2019-03-27 12:31:00', 4.745, 4.74, 4.74, 4.745, 2104]
['2019-03-27 12:30:00', 4.745, 4.745, 4.745, 4.745, 11497]
['2019-03-27 12:29:00', 4.73, 4.73, 4.73, 4.73, 508]
['2019-03-27 12:28:00', 4.735, 4.74, 4.735, 4.74, 1338]
['2019-03-27 12:25:00', 4.71, 4.715, 4.71, 4.715, 1200]
['2019-03-27 12:24:00', 4.72, 4.72, 4.72, 4.72, 829]
['2019-03-27 12:22:00', 4.73, 4.73, 4.73, 4.73, 870]
['2019-03-27 12:20:00', 4.71, 4.71, 4.71, 4.71, 2619]
['2019-03-27 12:17:00', 4.72, 4.72, 4.72, 4.72, 2103]
['2019-03-27 12:16:00', 4.72, 4.72, 4.72, 4.72, 500]
['2019-03-27 12:15:00', 4.71, 4.71, 4.71, 4.71, 1184]
['2019-03-27 12:14:00', 4.72, 4.72, 4.72, 4.72, 1700]
['2019-03-27 12:13:00', 4.72, 4.72, 4.72, 4.72, 1800]
['2019-03-27 12:12:00', 4.705, 4.705, 4.705, 4.705, 1200]
['2019-03-27 12:11:00', 4.685, 4.69, 4.685, 4.69, 12072]
['2019-03-27 12:10:00', 4.685, 4.685, 4.685, 4.685, 42600]
['2019-03-27 12:07:00', 4.685, 4.685, 4.685, 4.685, 435]
['2019-03-27 12:06:00', 4.675, 4.675, 4.675, 4.675, 3202]
['2019-03-27 12:05:00', 4.66, 4.66, 4.66, 4.66, 5810]
['2019-03-27 12:04:00', 4.625, 4.625, 4.625, 4.625, 7445]
['2019-03-27 12:01:00', 4.605, 4.6, 4.6, 4.605, 15855]
['2019-03-27 11:59:00', 4.6, 4.6, 4.6, 4.6, 1210]
['2019-03-27 11:57:00', 4.575, 4.59, 4.575, 4.59, 5744]
['2019-03-27 11:56:00', 4.57, 4.57, 4.57, 4.57, 129]
['2019-03-27 11:53:00', 4.58, 4.57, 4.57, 4.58, 2925]
['2019-03-27 11:51:00', 4.57, 4.57, 4.57, 4.57, 276]
['2019-03-27 11:49:00', 4.57, 4.5724, 4.57, 4.5724, 3700]
['2019-03-27 11:47:00', 4.5734, 4.575, 4.5734, 4.575, 1158]
['2019-03-27 11:45:00', 4.575, 4.575, 4.575, 4.575, 1592]
['2019-03-27 11:44:00', 4.58, 4.58, 4.58, 4.58, 200]
['2019-03-27 11:43:00', 4.58, 4.58, 4.58, 4.58, 241]
['2019-03-27 11:42:00', 4.585, 4.585, 4.585, 4.585, 100]
['2019-03-27 11:37:00', 4.58, 4.585, 4.58, 4.585, 1303]
['2019-03-27 11:35:00', 4.6, 4.59, 4.59, 4.6, 3218]
['2019-03-27 11:34:00', 4.61, 4.61, 4.6, 4.61, 42268]
['2019-03-27 11:31:00', 4.615, 4.615, 4.615, 4.615, 975]
['2019-03-27 11:29:00', 4.62, 4.62, 4.62, 4.62, 200]
['2019-03-27 11:28:00', 4.62, 4.62, 4.62, 4.62, 500]
['2019-03-27 11:25:00', 4.62, 4.62, 4.62, 4.62, 1913]
['2019-03-27 11:24:00', 4.61, 4.605, 4.605, 4.61, 2903]
['2019-03-27 11:23:00', 4.65, 4.64, 4.64, 4.65, 24547]
['2019-03-27 11:22:00', 4.635, 4.635, 4.635, 4.635, 2200]
['2019-03-27 11:20:00', 4.63, 4.63, 4.63, 4.63, 1310]
['2019-03-27 11:19:00', 4.64, 4.65, 4.64, 4.65, 11318]
['2019-03-27 11:18:00', 4.65, 4.635, 4.635, 4.65, 3897]
['2019-03-27 11:17:00', 4.66, 4.66, 4.66, 4.66, 2600]
['2019-03-27 11:16:00', 4.675, 4.675, 4.675, 4.675, 3210]
['2019-03-27 11:15:00', 4.6932, 4.69, 4.69, 4.6932, 9030]
['2019-03-27 11:12:00', 4.69, 4.69, 4.69, 4.69, 11601]
['2019-03-27 11:11:00', 4.69, 4.69, 4.69, 4.69, 1246]
['2019-03-27 11:10:00', 4.7, 4.7, 4.7, 4.7, 1725]
['2019-03-27 11:08:00', 4.695, 4.695, 4.695, 4.695, 1700]
['2019-03-27 11:07:00', 4.695, 4.7, 4.695, 4.7, 5620]
['2019-03-27 11:06:00', 4.71, 4.71, 4.71, 4.71, 1000]
['2019-03-27 11:05:00', 4.715, 4.715, 4.715, 4.715, 27400]
['2019-03-27 11:04:00', 4.72, 4.72, 4.72, 4.72, 7331]
['2019-03-27 11:00:00', 4.74, 4.74, 4.74, 4.74, 2439]
['2019-03-27 10:59:00', 4.72, 4.72, 4.72, 4.72, 800]
['2019-03-27 10:58:00', 4.69, 4.69, 4.69, 4.69, 1084]
['2019-03-27 10:57:00', 4.67, 4.67, 4.66, 4.67, 32748]
['2019-03-27 10:56:00', 4.655, 4.655, 4.655, 4.655, 800]
['2019-03-27 10:55:00', 4.655, 4.655, 4.655, 4.655, 500]
['2019-03-27 10:54:00', 4.66, 4.66, 4.66, 4.66, 600]
['2019-03-27 10:53:00', 4.66, 4.66, 4.66, 4.66, 900]
['2019-03-27 10:52:00', 4.66, 4.66, 4.66, 4.66, 1258]
['2019-03-27 10:51:00', 4.65, 4.65, 4.65, 4.65, 842]
['2019-03-27 10:49:00', 4.64, 4.64, 4.64, 4.64, 20000]
['2019-03-27 10:48:00', 4.64, 4.65, 4.64, 4.65, 6305]
['2019-03-27 10:47:00', 4.63, 4.64, 4.63, 4.64, 27109]
['2019-03-27 10:46:00', 4.63, 4.63, 4.63, 4.63, 300]
['2019-03-27 10:45:00', 4.625, 4.625, 4.625, 4.625, 1660]
['2019-03-27 10:44:00', 4.64, 4.64, 4.64, 4.64, 800]
['2019-03-27 10:43:00', 4.65, 4.65, 4.65, 4.65, 2700]
['2019-03-27 10:42:00', 4.65, 4.65, 4.65, 4.65, 500]
['2019-03-27 10:40:00', 4.64, 4.64, 4.64, 4.64, 1400]
['2019-03-27 10:39:00', 4.64, 4.64, 4.64, 4.64, 800]
['2019-03-27 10:37:00', 4.63, 4.63, 4.63, 4.63, 490]
['2019-03-27 10:36:00', 4.63, 4.63, 4.63, 4.63, 710]
['2019-03-27 10:35:00', 4.65, 4.64, 4.64, 4.65, 2821]
['2019-03-27 10:33:00', 4.65, 4.65, 4.65, 4.65, 800]
['2019-03-27 10:32:00', 4.635, 4.635, 4.635, 4.635, 800]
['2019-03-27 10:31:00', 4.6216, 4.6216, 4.6216, 4.6216, 575]
['2019-03-27 10:27:00', 4.635, 4.635, 4.635, 4.635, 920]
['2019-03-27 10:26:00', 4.66, 4.66, 4.66, 4.66, 1300]
['2019-03-27 10:25:00', 4.65, 4.65, 4.65, 4.65, 1000]
['2019-03-27 10:24:00', 4.65, 4.65, 4.65, 4.65, 600]
['2019-03-27 10:22:00', 4.645, 4.645, 4.645, 4.645, 920]
['2019-03-27 10:20:00', 4.65, 4.65, 4.65, 4.65, 2310]
['2019-03-27 10:19:00', 4.66, 4.66, 4.66, 4.66, 1911]
['2019-03-27 10:18:00', 4.64, 4.64, 4.64, 4.64, 300]
['2019-03-27 10:16:00', 4.65, 4.65, 4.65, 4.65, 616]
['2019-03-27 10:15:00', 4.65, 4.65, 4.65, 4.65, 600]
['2019-03-27 10:14:00', 4.65, 4.65, 4.65, 4.65, 1867]
['2019-03-27 10:12:00', 4.635, 4.64, 4.635, 4.64, 1250]
['2019-03-27 10:10:00', 4.63, 4.63, 4.63, 4.63, 1200]
['2019-03-27 10:09:00', 4.64, 4.64, 4.64, 4.64, 600]
['2019-03-27 10:08:00', 4.65, 4.65, 4.65, 4.65, 1599]
['2019-03-27 10:07:00', 4.65, 4.65, 4.65, 4.65, 4211]
['2019-03-27 10:06:00', 4.66, 4.66, 4.66, 4.66, 1300]
['2019-03-27 10:05:00', 4.65, 4.65, 4.65, 4.65, 600]
['2019-03-27 10:03:00', 4.63, 4.63, 4.63, 4.63, 800]
['2019-03-27 10:01:00', 4.53, 4.58, 4.53, 4.58, 74763]
['2019-03-27 10:00:00', 4.55, 4.55, 4.55, 4.55, 551]
['2019-03-27 09:58:00', 4.57, 4.55, 4.55, 4.57, 3514]
['2019-03-27 09:57:00', 4.55, 4.55, 4.55, 4.55, 2625]
['2019-03-27 09:55:00', 4.57, 4.57, 4.57, 4.57, 928]
['2019-03-27 09:54:00', 4.56, 4.55, 4.55, 4.56, 3126]
['2019-03-27 09:52:00', 4.58, 4.57, 4.57, 4.58, 9000]
['2019-03-27 09:51:00', 4.53, 4.53, 4.53, 4.53, 2200]
['2019-03-27 09:50:00', 4.55, 4.53, 4.53, 4.56, 18290]
['2019-03-27 09:49:00', 4.55, 4.55, 4.55, 4.56, 7225]
['2019-03-27 09:48:00', 4.5125, 4.54, 4.5, 4.54, 15666]
['2019-03-27 09:47:00', 4.55, 4.55, 4.55, 4.55, 5590]
['2019-03-27 09:46:00', 4.54, 4.54, 4.54, 4.54, 12231]
['2019-03-27 09:45:00', 4.55, 4.55, 4.55, 4.55, 600]
['2019-03-27 09:44:00', 4.57, 4.57, 4.57, 4.57, 900]
['2019-03-27 09:43:00', 4.585, 4.585, 4.585, 4.585, 711]
['2019-03-27 09:38:00', 4.57, 4.57, 4.57, 4.57, 107]
['2019-03-27 09:37:00', 4.61, 4.61, 4.61, 4.61, 600]
['2019-03-27 09:34:00', 4.55, 4.55, 4.55, 4.55, 200]
['2019-03-27 09:32:00', 4.5539, 4.5539, 4.5539, 4.5539, 3786]
['2019-03-26 16:00:00', 4.56, 4.57, 4.56, 4.57, 9164]
['2019-03-26 15:59:00', 4.57, 4.57, 4.56, 4.57, 5085]
['2019-03-26 15:58:00', 4.575, 4.58, 4.575, 4.58, 3216]
['2019-03-26 15:57:00', 4.59, 4.58, 4.58, 4.6, 5841]
['2019-03-26 15:56:00', 4.61, 4.6, 4.6, 4.61, 14212]
['2019-03-26 15:55:00', 4.6, 4.61, 4.6, 4.61, 2333]
['2019-03-26 15:54:00', 4.59, 4.6, 4.59, 4.6, 1353]
['2019-03-26 15:53:00', 4.575, 4.575, 4.575, 4.575, 716]
['2019-03-26 15:52:00', 4.57, 4.58, 4.57, 4.58, 4072]
['2019-03-26 15:51:00', 4.56, 4.56, 4.56, 4.56, 1503]
['2019-03-26 15:50:00', 4.565, 4.56, 4.56, 4.565, 7701]
['2019-03-26 15:49:00', 4.57, 4.56, 4.56, 4.585, 15558]
['2019-03-26 15:48:00', 4.55, 4.56, 4.55, 4.56, 2321]
['2019-03-26 15:47:00', 4.535, 4.54, 4.53, 4.5401, 15524]
['2019-03-26 15:46:00', 4.535, 4.535, 4.535, 4.535, 2811]
['2019-03-26 15:45:00', 4.535, 4.535, 4.535, 4.535, 742]
['2019-03-26 15:44:00', 4.55, 4.54, 4.54, 4.55, 3813]
['2019-03-26 15:43:00', 4.57, 4.56, 4.56, 4.57, 2689]
['2019-03-26 15:42:00', 4.555, 4.57, 4.555, 4.57, 2886]
['2019-03-26 15:41:00', 4.53, 4.53, 4.53, 4.54, 15844]
['2019-03-26 15:40:00', 4.55, 4.52, 4.4901, 4.55, 20951]
['2019-03-26 15:39:00', 4.55, 4.55, 4.55, 4.55, 5193]
['2019-03-26 15:38:00', 4.59, 4.51, 4.51, 4.59, 25769]
['2019-03-26 15:37:00', 4.61, 4.59, 4.5615, 4.61, 23357]
['2019-03-26 15:36:00', 4.63, 4.6, 4.6, 4.63, 20575]
['2019-03-26 15:35:00', 4.65, 4.63, 4.63, 4.65, 3963]
['2019-03-26 15:34:00', 4.65, 4.65, 4.65, 4.65, 1304]
['2019-03-26 15:33:00', 4.65, 4.64, 4.64, 4.65, 3552]
['2019-03-26 15:32:00', 4.64, 4.64, 4.64, 4.64, 227]
['2019-03-26 15:31:00', 4.65, 4.645, 4.64, 4.65, 2611]
['2019-03-26 15:30:00', 4.64, 4.65, 4.64, 4.65, 3092]
['2019-03-26 15:29:00', 4.638, 4.638, 4.638, 4.638, 2007]
['2019-03-26 15:28:00', 4.63, 4.635, 4.63, 4.635, 3130]
['2019-03-26 15:26:00', 4.63, 4.63, 4.63, 4.63, 689]
['2019-03-26 15:25:00', 4.62, 4.625, 4.6111, 4.625, 10340]
['2019-03-26 15:24:00', 4.63, 4.63, 4.63, 4.63, 1080]
['2019-03-26 15:23:00', 4.635, 4.6327, 4.6327, 4.635, 850]
['2019-03-26 15:20:00', 4.64, 4.63, 4.63, 4.64, 2956]
['2019-03-26 15:19:00', 4.66, 4.66, 4.66, 4.66, 486]
['2019-03-26 15:18:00', 4.66, 4.65, 4.65, 4.66, 3321]
['2019-03-26 15:16:00', 4.66, 4.66, 4.66, 4.66, 700]
['2019-03-26 15:15:00', 4.655, 4.655, 4.655, 4.655, 2755]
['2019-03-26 15:14:00', 4.66, 4.66, 4.66, 4.66, 1325]
['2019-03-26 15:13:00', 4.66, 4.66, 4.66, 4.66, 1180]
['2019-03-26 15:12:00', 4.67, 4.67, 4.67, 4.67, 200]
['2019-03-26 15:11:00', 4.67, 4.67, 4.67, 4.67, 500]
['2019-03-26 15:10:00', 4.68, 4.68, 4.68, 4.68, 330]
['2019-03-26 15:08:00', 4.68, 4.68, 4.68, 4.68, 648]
['2019-03-26 15:07:00', 4.69, 4.689, 4.689, 4.69, 4060]
['2019-03-26 15:06:00', 4.67, 4.67, 4.67, 4.67, 543]
['2019-03-26 15:05:00', 4.675, 4.67, 4.67, 4.675, 1358]
['2019-03-26 15:04:00', 4.69, 4.69, 4.69, 4.69, 1019]
['2019-03-26 15:03:00', 4.69, 4.69, 4.69, 4.69, 648]
['2019-03-26 15:02:00', 4.67, 4.67, 4.67, 4.67, 1057]
['2019-03-26 15:01:00', 4.67, 4.68, 4.67, 4.68, 1882]
['2019-03-26 15:00:00', 4.665, 4.665, 4.665, 4.665, 541]
['2019-03-26 14:59:00', 4.66, 4.67, 4.66, 4.67, 2236]
['2019-03-26 14:58:00', 4.65, 4.65, 4.65, 4.65, 1923]
['2019-03-26 14:55:00', 4.65, 4.65, 4.65, 4.65, 1851]
['2019-03-26 14:54:00', 4.66, 4.66, 4.66, 4.66, 3539]
['2019-03-26 14:53:00', 4.67, 4.67, 4.67, 4.67, 320]
['2019-03-26 14:51:00', 4.665, 4.665, 4.665, 4.665, 623]
['2019-03-26 14:47:00', 4.665, 4.67, 4.665, 4.67, 2764]
['2019-03-26 14:46:00', 4.66, 4.66, 4.66, 4.66, 300]
['2019-03-26 14:44:00', 4.67, 4.67, 4.67, 4.67, 300]
['2019-03-26 14:43:00', 4.665, 4.665, 4.665, 4.665, 960]
['2019-03-26 14:41:00', 4.66, 4.66, 4.66, 4.66, 378]
['2019-03-26 14:40:00', 4.655, 4.655, 4.655, 4.655, 219]
['2019-03-26 14:38:00', 4.66, 4.655, 4.655, 4.66, 832]
['2019-03-26 14:36:00', 4.665, 4.67, 4.665, 4.67, 1520]
['2019-03-26 14:34:00', 4.665, 4.665, 4.665, 4.665, 525]
['2019-03-26 14:33:00', 4.67, 4.67, 4.67, 4.67, 960]
['2019-03-26 14:31:00', 4.68, 4.68, 4.68, 4.68, 344]
['2019-03-26 14:30:00', 4.675, 4.675, 4.675, 4.675, 603]
['2019-03-26 14:29:00', 4.67, 4.67, 4.67, 4.67, 1475]
['2019-03-26 14:28:00', 4.67, 4.67, 4.67, 4.67, 1956]
['2019-03-26 14:27:00', 4.675, 4.675, 4.675, 4.675, 530]
['2019-03-26 14:26:00', 4.67, 4.67, 4.67, 4.67, 10016]
['2019-03-26 14:24:00', 4.685, 4.69, 4.685, 4.69, 1186]
['2019-03-26 14:23:00', 4.68, 4.68, 4.68, 4.68, 100]
['2019-03-26 14:19:00', 4.67, 4.67, 4.67, 4.67, 783]
['2019-03-26 14:18:00', 4.66, 4.66, 4.66, 4.66, 560]
['2019-03-26 14:14:00', 4.66, 4.66, 4.66, 4.66, 548]
['2019-03-26 14:13:00', 4.645, 4.645, 4.645, 4.645, 500]
['2019-03-26 14:11:00', 4.64, 4.6399, 4.6399, 4.64, 1233]
['2019-03-26 14:09:00', 4.65, 4.65, 4.65, 4.65, 671]
['2019-03-26 14:08:00', 4.64, 4.64, 4.64, 4.64, 921]
['2019-03-26 14:06:00', 4.64, 4.64, 4.64, 4.64, 257]
['2019-03-26 14:05:00', 4.64, 4.64, 4.64, 4.64, 171]
['2019-03-26 14:02:00', 4.63, 4.63, 4.63, 4.63, 188]
['2019-03-26 14:00:00', 4.6315, 4.6315, 4.6315, 4.6315, 100]
['2019-03-26 13:57:00', 4.63, 4.63, 4.63, 4.63, 130]
['2019-03-26 13:56:00', 4.64, 4.635, 4.635, 4.64, 1692]
['2019-03-26 13:54:00', 4.64, 4.64, 4.64, 4.64, 114]
['2019-03-26 13:52:00', 4.65, 4.65, 4.65, 4.65, 300]
['2019-03-26 13:50:00', 4.645, 4.645, 4.645, 4.645, 985]
['2019-03-26 13:49:00', 4.64, 4.64, 4.64, 4.64, 865]
['2019-03-26 13:47:00', 4.63, 4.63, 4.63, 4.63, 200]
['2019-03-26 13:46:00', 4.63, 4.63, 4.63, 4.63, 900]
['2019-03-26 13:44:00', 4.65, 4.66, 4.65, 4.66, 2892]
['2019-03-26 13:42:00', 4.645, 4.645, 4.645, 4.645, 247]
['2019-03-26 13:41:00', 4.6499, 4.6499, 4.6499, 4.6499, 2100]
['2019-03-26 13:40:00', 4.645, 4.645, 4.645, 4.645, 790]
['2019-03-26 13:39:00', 4.64, 4.635, 4.635, 4.64, 3736]
['2019-03-26 13:38:00', 4.66, 4.645, 4.645, 4.66, 2729]
['2019-03-26 13:37:00', 4.665, 4.66, 4.66, 4.665, 3756]
['2019-03-26 13:32:00', 4.68, 4.67, 4.67, 4.68, 1120]
['2019-03-26 13:31:00', 4.695, 4.695, 4.695, 4.695, 1959]
['2019-03-26 13:30:00', 4.7, 4.7, 4.7, 4.7, 150]
['2019-03-26 13:29:00', 4.69, 4.69, 4.69, 4.69, 416]
['2019-03-26 13:28:00', 4.695, 4.695, 4.695, 4.695, 450]
['2019-03-26 13:26:00', 4.69, 4.69, 4.69, 4.69, 600]
['2019-03-26 13:24:00', 4.695, 4.69, 4.69, 4.695, 2970]
['2019-03-26 13:23:00', 4.7, 4.7, 4.7, 4.7, 100]
['2019-03-26 13:20:00', 4.7, 4.7, 4.7, 4.7, 700]
['2019-03-26 13:19:00', 4.7, 4.7, 4.7, 4.7, 4216]
['2019-03-26 13:17:00', 4.6901, 4.6901, 4.6901, 4.6901, 200]
['2019-03-26 13:15:00', 4.6954, 4.7, 4.6954, 4.7, 721]
['2019-03-26 13:13:00', 4.6999, 4.6999, 4.6999, 4.6999, 451]
['2019-03-26 13:12:00', 4.7, 4.69, 4.69, 4.7, 1058]
['2019-03-26 13:10:00', 4.7, 4.7, 4.7, 4.7, 682]
['2019-03-26 13:09:00', 4.695, 4.695, 4.695, 4.695, 600]
['2019-03-26 13:08:00', 4.69, 4.69, 4.69, 4.69, 233]
['2019-03-26 13:06:00', 4.69, 4.69, 4.69, 4.69, 1000]
['2019-03-26 13:05:00', 4.7, 4.705, 4.7, 4.705, 2749]
['2019-03-26 13:02:00', 4.69, 4.69, 4.69, 4.69, 1220]
['2019-03-26 13:01:00', 4.68, 4.68, 4.68, 4.68, 600]
['2019-03-26 13:00:00', 4.665, 4.665, 4.665, 4.665, 964]
['2019-03-26 12:58:00', 4.68, 4.6766, 4.6766, 4.68, 1369]
['2019-03-26 12:56:00', 4.68, 4.68, 4.68, 4.68, 1000]
['2019-03-26 12:54:00', 4.69, 4.69, 4.69, 4.69, 1128]
['2019-03-26 12:53:00', 4.68, 4.68, 4.68, 4.68, 233]
['2019-03-26 12:52:00', 4.69, 4.69, 4.69, 4.69, 1552]
['2019-03-26 12:51:00', 4.675, 4.675, 4.675, 4.675, 691]
['2019-03-26 12:49:00', 4.68, 4.68, 4.68, 4.68, 229]
['2019-03-26 12:47:00', 4.68, 4.68, 4.68, 4.68, 1329]
['2019-03-26 12:46:00', 4.67, 4.68, 4.67, 4.68, 4338]
['2019-03-26 12:45:00', 4.67, 4.67, 4.67, 4.67, 330]
['2019-03-26 12:43:00', 4.67, 4.67, 4.67, 4.67, 2334]
['2019-03-26 12:42:00', 4.67, 4.67, 4.67, 4.67, 900]
['2019-03-26 12:41:00', 4.685, 4.685, 4.685, 4.685, 3312]
['2019-03-26 12:40:00', 4.685, 4.685, 4.685, 4.685, 229]
['2019-03-26 12:39:00', 4.69, 4.69, 4.69, 4.69, 370]
['2019-03-26 12:38:00', 4.69, 4.69, 4.69, 4.69, 179]
['2019-03-26 12:37:00', 4.68, 4.69, 4.68, 4.69, 1720]
['2019-03-26 12:36:00', 4.69, 4.69, 4.69, 4.69, 2849]
['2019-03-26 12:34:00', 4.7, 4.69, 4.69, 4.7, 4603]
['2019-03-26 12:33:00', 4.7, 4.7, 4.7, 4.7, 5204]
['2019-03-26 12:32:00', 4.7, 4.7, 4.7, 4.7, 1601]
['2019-03-26 12:31:00', 4.72, 4.7, 4.7, 4.72, 4287]
['2019-03-26 12:30:00', 4.71, 4.71, 4.71, 4.71, 508]
['2019-03-26 12:29:00', 4.73, 4.715, 4.715, 4.73, 2609]
['2019-03-26 12:28:00', 4.71, 4.71, 4.71, 4.71, 992]
['2019-03-26 12:27:00', 4.7, 4.71, 4.7, 4.71, 3001]
['2019-03-26 12:26:00', 4.72, 4.72, 4.72, 4.72, 700]
['2019-03-26 12:25:00', 4.73, 4.72, 4.72, 4.73, 6445]
['2019-03-26 12:22:00', 4.76, 4.75, 4.75, 4.76, 2072]
['2019-03-26 12:19:00', 4.79, 4.79, 4.79, 4.79, 7300]
['2019-03-26 12:17:00', 4.785, 4.79, 4.785, 4.79, 1457]
['2019-03-26 12:16:00', 4.775, 4.775, 4.775, 4.775, 629]
['2019-03-26 12:15:00', 4.79, 4.79, 4.79, 4.79, 176]
['2019-03-26 12:11:00', 4.79, 4.7861, 4.7861, 4.79, 542]
['2019-03-26 12:08:00', 4.79, 4.7868, 4.7868, 4.79, 2303]
['2019-03-26 12:07:00', 4.78, 4.78, 4.78, 4.78, 200]
['2019-03-26 12:04:00', 4.78, 4.78, 4.78, 4.78, 730]
['2019-03-26 12:03:00', 4.78, 4.78, 4.78, 4.78, 782]
['2019-03-26 12:02:00', 4.765, 4.765, 4.765, 4.765, 2627]
['2019-03-26 12:00:00', 4.79, 4.78, 4.78, 4.79, 3520]
['2019-03-26 11:59:00', 4.8, 4.79, 4.79, 4.8, 2759]
['2019-03-26 11:55:00', 4.79, 4.8, 4.79, 4.8, 1918]
['2019-03-26 11:54:00', 4.785, 4.785, 4.785, 4.785, 1714]
['2019-03-26 11:50:00', 4.8, 4.8, 4.8, 4.8, 354]
['2019-03-26 11:47:00', 4.81, 4.81, 4.81, 4.81, 400]
['2019-03-26 11:45:00', 4.83, 4.83, 4.83, 4.83, 195]
['2019-03-26 11:44:00', 4.83, 4.83, 4.83, 4.83, 924]
['2019-03-26 11:42:00', 4.83, 4.83, 4.83, 4.83, 953]
['2019-03-26 11:40:00', 4.84, 4.84, 4.84, 4.84, 513]
['2019-03-26 11:37:00', 4.82, 4.82, 4.82, 4.82, 523]
['2019-03-26 11:34:00', 4.81, 4.81, 4.81, 4.81, 460]
['2019-03-26 11:33:00', 4.8, 4.81, 4.8, 4.81, 2074]
['2019-03-26 11:32:00', 4.82, 4.8, 4.8, 4.82, 3850]
['2019-03-26 11:30:00', 4.83, 4.83, 4.83, 4.83, 1688]
['2019-03-26 11:29:00', 4.83, 4.83, 4.83, 4.83, 5910]
['2019-03-26 11:27:00', 4.83, 4.83, 4.83, 4.83, 1300]
['2019-03-26 11:26:00', 4.82, 4.82, 4.82, 4.82, 2313]
['2019-03-26 11:22:00', 4.8025, 4.8025, 4.8025, 4.8025, 1343]
['2019-03-26 11:21:00', 4.81, 4.81, 4.81, 4.81, 1708]
['2019-03-26 11:19:00', 4.835, 4.835, 4.835, 4.835, 441]
['2019-03-26 11:16:00', 4.84, 4.84, 4.84, 4.84, 202]
['2019-03-26 11:14:00', 4.84, 4.835, 4.835, 4.84, 2024]
['2019-03-26 11:13:00', 4.84, 4.84, 4.84, 4.84, 2337]
['2019-03-26 11:12:00', 4.84, 4.84, 4.84, 4.84, 565]
['2019-03-26 11:10:00', 4.8403, 4.8403, 4.8403, 4.8403, 932]
['2019-03-26 11:09:00', 4.84, 4.84, 4.84, 4.84, 6600]
['2019-03-26 11:08:00', 4.86, 4.86, 4.86, 4.86, 225]
['2019-03-26 11:07:00', 4.86, 4.86, 4.86, 4.86, 200]
['2019-03-26 11:04:00', 4.87, 4.87, 4.87, 4.87, 1250]
['2019-03-26 11:03:00', 4.85, 4.85, 4.85, 4.85, 530]
['2019-03-26 11:02:00', 4.86, 4.86, 4.86, 4.86, 101]
['2019-03-26 11:01:00', 4.85, 4.85, 4.85, 4.85, 200]
['2019-03-26 10:59:00', 4.8699, 4.8699, 4.8699, 4.8699, 2156]
['2019-03-26 10:56:00', 4.87, 4.87, 4.87, 4.87, 1150]
['2019-03-26 10:55:00', 4.87, 4.87, 4.87, 4.87, 3700]
['2019-03-26 10:51:00', 4.87, 4.87, 4.87, 4.87, 2352]
['2019-03-26 10:50:00', 4.88, 4.88, 4.88, 4.88, 1393]
['2019-03-26 10:49:00', 4.87, 4.87, 4.87, 4.87, 1804]
['2019-03-26 10:46:00', 4.85, 4.85, 4.85, 4.85, 1303]
['2019-03-26 10:44:00', 4.825, 4.84, 4.825, 4.84, 4886]
['2019-03-26 10:43:00', 4.845, 4.845, 4.845, 4.845, 384]
['2019-03-26 10:42:00', 4.86, 4.86, 4.86, 4.86, 500]
['2019-03-26 10:41:00', 4.87, 4.87, 4.87, 4.87, 1552]
['2019-03-26 10:40:00', 4.87, 4.87, 4.87, 4.87, 700]
['2019-03-26 10:39:00', 4.88, 4.87, 4.87, 4.88, 7622]
['2019-03-26 10:38:00', 4.86, 4.88, 4.86, 4.88, 4772]
['2019-03-26 10:37:00', 4.87, 4.87, 4.87, 4.87, 2582]
['2019-03-26 10:36:00', 4.895, 4.895, 4.895, 4.895, 1454]
['2019-03-26 10:35:00', 4.91, 4.91, 4.91, 4.91, 726]
['2019-03-26 10:33:00', 4.92, 4.92, 4.92, 4.92, 300]
['2019-03-26 10:30:00', 4.92, 4.92, 4.92, 4.92, 525]
['2019-03-26 10:27:00', 4.93, 4.92, 4.92, 4.93, 8500]
['2019-03-26 10:24:00', 4.92, 4.92, 4.92, 4.92, 978]
['2019-03-26 10:23:00', 4.93, 4.93, 4.93, 4.93, 822]
['2019-03-26 10:20:00', 4.94, 4.94, 4.94, 4.94, 605]
['2019-03-26 10:18:00', 4.95, 4.97, 4.95, 4.97, 845]
['2019-03-26 10:17:00', 4.955, 4.955, 4.955, 4.955, 2153]
['2019-03-26 10:16:00', 4.98, 4.98, 4.98, 4.98, 2051]
['2019-03-26 10:12:00', 4.96, 4.965, 4.96, 4.965, 1312]
['2019-03-26 10:10:00', 4.9599, 4.9599, 4.9599, 4.9599, 1520]
['2019-03-26 10:08:00', 4.95, 4.95, 4.95, 4.95, 1913]
['2019-03-26 10:07:00', 4.97, 4.97, 4.97, 4.97, 104]
['2019-03-26 10:06:00', 4.96, 4.96, 4.96, 4.96, 100]
['2019-03-26 10:05:00', 4.96, 4.96, 4.96, 4.96, 200]
['2019-03-26 10:04:00', 4.96, 4.96, 4.96, 4.96, 1327]
['2019-03-26 10:01:00', 4.96, 4.96, 4.96, 4.96, 850]
['2019-03-26 10:00:00', 4.97, 4.97, 4.97, 4.97, 1812]
['2019-03-26 09:59:00', 4.97, 4.96, 4.96, 4.97, 2665]
['2019-03-26 09:58:00', 4.99, 4.98, 4.98, 4.99, 8299]
['2019-03-26 09:57:00', 5.01, 4.99, 4.99, 5.01, 4742]
['2019-03-26 09:55:00', 5.03, 5.03, 5.03, 5.03, 315]
['2019-03-26 09:54:00', 5.01, 5.01, 5.005, 5.02, 18858]
['2019-03-26 09:53:00', 4.99, 4.99, 4.99, 4.99, 1538]
['2019-03-26 09:52:00', 4.98, 4.98, 4.98, 4.98, 3099]
['2019-03-26 09:51:00', 5.0, 5.0, 5.0, 5.0, 6500]
['2019-03-26 09:50:00', 4.99, 4.99, 4.99, 4.99, 2160]
['2019-03-26 09:49:00', 4.99, 4.99, 4.99, 4.99, 1725]
['2019-03-26 09:48:00', 4.99, 4.99, 4.99, 4.99, 2034]
['2019-03-26 09:47:00', 4.98, 4.98, 4.98, 4.98, 3223]
['2019-03-26 09:45:00', 5.017, 5.017, 5.017, 5.017, 576]
['2019-03-26 09:42:00', 5.0, 5.0, 5.0, 5.0, 324]
['2019-03-26 09:41:00', 5.011, 5.011, 5.011, 5.011, 8414]
['2019-03-26 09:38:00', 5.0, 4.99, 4.9889, 5.0, 6551]
['2019-03-26 09:37:00', 5.01, 5.01, 5.01, 5.01, 1330]
['2019-03-26 09:35:00', 4.96, 4.96, 4.96, 4.96, 2784]
['2019-03-26 09:32:00', 4.989, 4.989, 4.989, 4.989, 8212]
['2019-03-25 16:00:00', 4.86, 4.86, 4.855, 4.87, 38077]
['2019-03-25 15:59:00', 4.925, 4.86, 4.84, 4.925, 95272]
['2019-03-25 15:58:00', 4.92, 4.93, 4.92, 4.93, 2123]
['2019-03-25 15:57:00', 4.935, 4.92, 4.92, 4.9369, 22920]
['2019-03-25 15:56:00', 4.93, 4.935, 4.93, 4.935, 3896]
['2019-03-25 15:55:00', 4.935, 4.93, 4.93, 4.935, 1313]
['2019-03-25 15:54:00', 4.935, 4.935, 4.935, 4.935, 505]
['2019-03-25 15:53:00', 4.94, 4.94, 4.94, 4.94, 6159]
['2019-03-25 15:52:00', 4.94, 4.94, 4.94, 4.94, 6646]
['2019-03-25 15:51:00', 4.955, 4.94, 4.94, 4.955, 9020]
['2019-03-25 15:50:00', 4.95, 4.95, 4.95, 4.95, 5305]
['2019-03-25 15:49:00', 4.975, 4.965, 4.965, 4.975, 7252]
['2019-03-25 15:48:00', 4.97, 4.97, 4.97, 4.97, 1902]
['2019-03-25 15:47:00', 4.97, 4.975, 4.97, 4.975, 7486]
['2019-03-25 15:46:00', 4.975, 4.975, 4.975, 4.975, 2069]
['2019-03-25 15:45:00', 4.975, 4.975, 4.975, 4.975, 800]
['2019-03-25 15:44:00', 4.975, 4.9753, 4.975, 4.9753, 7795]
['2019-03-25 15:43:00', 4.9701, 4.9701, 4.9701, 4.9701, 860]
['2019-03-25 15:42:00', 4.975, 4.975, 4.975, 4.975, 1110]
['2019-03-25 15:41:00', 4.97, 4.97, 4.97, 4.97, 2010]
['2019-03-25 15:40:00', 4.975, 4.975, 4.975, 4.975, 800]
['2019-03-25 15:39:00', 4.975, 4.975, 4.975, 4.975, 2210]
['2019-03-25 15:38:00', 4.975, 4.97, 4.97, 4.975, 1120]
['2019-03-25 15:37:00', 4.97, 4.97, 4.97, 4.97, 1000]
['2019-03-25 15:36:00', 4.975, 4.975, 4.975, 4.975, 268]
['2019-03-25 15:35:00', 4.975, 4.975, 4.975, 4.975, 3207]
['2019-03-25 15:34:00', 4.975, 4.97, 4.97, 4.975, 555]
['2019-03-25 15:33:00', 4.97, 4.975, 4.97, 4.975, 310]
['2019-03-25 15:32:00', 4.975, 4.975, 4.975, 4.975, 1280]
['2019-03-25 15:31:00', 4.98, 4.98, 4.98, 4.98, 517]
['2019-03-25 15:30:00', 4.975, 4.975, 4.975, 4.975, 317]
['2019-03-25 15:29:00', 4.99, 4.97, 4.97, 4.99, 4075]
['2019-03-25 15:28:00', 4.995, 4.99, 4.99, 4.995, 2810]
['2019-03-25 15:27:00', 4.995, 4.99, 4.99, 4.995, 4576]
['2019-03-25 15:26:00', 4.99, 4.99, 4.99, 4.99, 736]
['2019-03-25 15:25:00', 4.995, 4.99, 4.99, 4.995, 1069]
['2019-03-25 15:24:00', 4.995, 4.995, 4.995, 4.995, 3850]
['2019-03-25 15:23:00', 4.995, 4.995, 4.995, 4.995, 200]
['2019-03-25 15:22:00', 4.995, 4.995, 4.995, 4.995, 1606]
['2019-03-25 15:21:00', 5.01, 4.995, 4.995, 5.01, 4375]
['2019-03-25 15:20:00', 5.02, 5.02, 5.02, 5.02, 532]
['2019-03-25 15:19:00', 5.03, 5.03, 5.03, 5.03, 3405]
['2019-03-25 15:18:00', 5.06, 5.035, 5.035, 5.06, 10373]
['2019-03-25 15:17:00', 5.07, 5.07, 5.07, 5.07, 1300]
['2019-03-25 15:16:00', 5.07, 5.07, 5.07, 5.07, 740]
['2019-03-25 15:15:00', 5.07, 5.07, 5.07, 5.07, 2600]
['2019-03-25 15:14:00', 5.07, 5.07, 5.07, 5.07, 454]
['2019-03-25 15:13:00', 5.07, 5.07, 5.07, 5.07, 1100]
['2019-03-25 15:12:00', 5.06, 5.07, 5.06, 5.07, 1600]
['2019-03-25 15:11:00', 5.06, 5.06, 5.06, 5.06, 400]
['2019-03-25 15:09:00', 5.05, 5.06, 5.05, 5.06, 1400]
['2019-03-25 15:07:00', 5.045, 5.045, 5.045, 5.045, 130]
['2019-03-25 15:05:00', 5.05, 5.05, 5.05, 5.05, 1300]
['2019-03-25 15:04:00', 5.05, 5.05, 5.05, 5.06, 5101]
['2019-03-25 15:03:00', 5.06, 5.06, 5.06, 5.06, 620]
['2019-03-25 15:02:00', 5.06, 5.06, 5.06, 5.06, 430]
['2019-03-25 15:01:00', 5.05, 5.05, 5.05, 5.05, 2228]
['2019-03-25 15:00:00', 5.05, 5.05, 5.05, 5.05, 200]
['2019-03-25 14:59:00', 5.05, 5.05, 5.05, 5.05, 400]
['2019-03-25 14:58:00', 5.03, 5.05, 5.03, 5.05, 1713]
['2019-03-25 14:57:00', 5.02, 5.03, 5.02, 5.03, 1900]
['2019-03-25 14:56:00', 5.015, 5.015, 5.015, 5.015, 300]
['2019-03-25 14:55:00', 5.02, 5.02, 5.02, 5.02, 200]
['2019-03-25 14:53:00', 5.02, 5.02, 5.02, 5.02, 219]
['2019-03-25 14:52:00', 5.045, 5.03, 5.03, 5.045, 1881]
['2019-03-25 14:51:00', 5.05, 5.04, 5.04, 5.06, 4076]
['2019-03-25 14:50:00', 5.045, 5.045, 5.045, 5.045, 110]
['2019-03-25 14:49:00', 5.05, 5.05, 5.05, 5.05, 2200]
['2019-03-25 14:48:00', 5.049, 5.049, 5.049, 5.049, 606]
['2019-03-25 14:47:00', 5.05, 5.05, 5.05, 5.05, 3010]
['2019-03-25 14:46:00', 5.06, 5.06, 5.06, 5.06, 400]
['2019-03-25 14:45:00', 5.06, 5.06, 5.06, 5.06, 1083]
['2019-03-25 14:43:00', 5.055, 5.055, 5.055, 5.055, 400]
['2019-03-25 14:42:00', 5.045, 5.05, 5.045, 5.05, 2910]
['2019-03-25 14:41:00', 5.05, 5.05, 5.05, 5.05, 6318]
['2019-03-25 14:40:00', 5.065, 5.065, 5.065, 5.065, 600]
['2019-03-25 14:39:00', 5.065, 5.065, 5.065, 5.065, 809]
['2019-03-25 14:38:00', 5.07, 5.07, 5.07, 5.07, 2926]
['2019-03-25 14:37:00', 5.07, 5.07, 5.07, 5.07, 1460]
['2019-03-25 14:36:00', 5.07, 5.07, 5.07, 5.07, 500]
['2019-03-25 14:34:00', 5.07, 5.07, 5.07, 5.07, 500]
['2019-03-25 14:33:00', 5.07, 5.07, 5.07, 5.07, 500]
['2019-03-25 14:32:00', 5.06, 5.06, 5.06, 5.06, 1218]
['2019-03-25 14:31:00', 5.04, 5.05, 5.04, 5.05, 3269]
['2019-03-25 14:30:00', 5.03, 5.03, 5.03, 5.03, 4200]
['2019-03-25 14:29:00', 5.02, 5.02, 5.02, 5.02, 1600]
['2019-03-25 14:28:00', 5.0242, 5.0242, 5.0242, 5.0242, 957]
['2019-03-25 14:26:00', 5.023, 5.023, 5.023, 5.023, 915]
['2019-03-25 14:25:00', 5.03, 5.03, 5.03, 5.03, 200]
['2019-03-25 14:23:00', 5.03, 5.03, 5.03, 5.03, 200]
['2019-03-25 14:21:00', 5.02, 5.02, 5.02, 5.02, 1035]
['2019-03-25 14:20:00', 5.04, 5.04, 5.04, 5.04, 893]
['2019-03-25 14:19:00', 5.045, 5.045, 5.045, 5.045, 959]
['2019-03-25 14:18:00', 5.05, 5.045, 5.045, 5.05, 3185]
['2019-03-25 14:17:00', 5.055, 5.055, 5.055, 5.055, 344]
['2019-03-25 14:16:00', 5.06, 5.06, 5.06, 5.06, 394]
['2019-03-25 14:15:00', 5.06, 5.06, 5.06, 5.06, 106]
['2019-03-25 14:14:00', 5.06, 5.055, 5.055, 5.06, 2665]
['2019-03-25 14:13:00', 5.07, 5.07, 5.07, 5.07, 1147]
['2019-03-25 14:12:00', 5.075, 5.075, 5.075, 5.075, 288]
['2019-03-25 14:11:00', 5.075, 5.08, 5.075, 5.08, 594]
['2019-03-25 14:10:00', 5.07, 5.07, 5.07, 5.07, 363]
['2019-03-25 14:09:00', 5.07, 5.07, 5.07, 5.07, 1362]
['2019-03-25 14:08:00', 5.07, 5.07, 5.07, 5.07, 500]
['2019-03-25 14:07:00', 5.07, 5.065, 5.065, 5.07, 5824]
['2019-03-25 14:06:00', 5.065, 5.07, 5.065, 5.07, 2979]
['2019-03-25 14:05:00', 5.065, 5.065, 5.065, 5.065, 448]
['2019-03-25 14:04:00', 5.0699, 5.0699, 5.0699, 5.0699, 779]
['2019-03-25 14:02:00', 5.065, 5.065, 5.065, 5.065, 200]
['2019-03-25 14:01:00', 5.05, 5.065, 5.05, 5.065, 1900]
['2019-03-25 14:00:00', 5.035, 5.04, 5.035, 5.04, 500]
['2019-03-25 13:57:00', 5.04, 5.035, 5.035, 5.04, 2410]
['2019-03-25 13:56:00', 5.05, 5.04, 5.04, 5.05, 2806]
['2019-03-25 13:55:00', 5.06, 5.06, 5.06, 5.06, 397]
['2019-03-25 13:54:00', 5.05, 5.05, 5.05, 5.05, 100]
['2019-03-25 13:53:00', 5.06, 5.06, 5.06, 5.06, 100]
['2019-03-25 13:51:00', 5.0501, 5.0501, 5.0501, 5.0501, 210]
['2019-03-25 13:50:00', 5.0578, 5.0578, 5.0578, 5.0578, 1247]
['2019-03-25 13:49:00', 5.06, 5.06, 5.06, 5.06, 1310]
['2019-03-25 13:47:00', 5.065, 5.065, 5.065, 5.065, 410]
['2019-03-25 13:44:00', 5.065, 5.065, 5.065, 5.065, 585]
['2019-03-25 13:43:00', 5.07, 5.065, 5.065, 5.07, 3559]
['2019-03-25 13:40:00', 5.075, 5.07, 5.07, 5.075, 2593]
['2019-03-25 13:38:00', 5.05, 5.06, 5.05, 5.06, 1151]
['2019-03-25 13:36:00', 5.035, 5.035, 5.035, 5.035, 100]
['2019-03-25 13:34:00', 5.035, 5.035, 5.035, 5.035, 915]
['2019-03-25 13:32:00', 5.05, 5.04, 5.04, 5.05, 2218]
['2019-03-25 13:31:00', 5.055, 5.055, 5.055, 5.055, 400]
['2019-03-25 13:30:00', 5.06, 5.055, 5.055, 5.06, 2317]
['2019-03-25 13:29:00', 5.05, 5.05, 5.05, 5.05, 1300]
['2019-03-25 13:27:00', 5.045, 5.045, 5.045, 5.045, 300]
['2019-03-25 13:25:00', 5.05, 5.045, 5.045, 5.05, 1085]
['2019-03-25 13:24:00', 5.04, 5.04, 5.04, 5.04, 500]
['2019-03-25 13:21:00', 5.03, 5.03, 5.03, 5.03, 939]
['2019-03-25 13:20:00', 5.025, 5.025, 5.025, 5.025, 410]
['2019-03-25 13:17:00', 5.03, 5.03, 5.03, 5.03, 3100]
['2019-03-25 13:16:00', 5.04, 5.04, 5.04, 5.04, 3800]
['2019-03-25 13:15:00', 5.06, 5.04, 5.04, 5.06, 2948]
['2019-03-25 13:14:00', 5.04, 5.06, 5.04, 5.06, 2828]
['2019-03-25 13:13:00', 5.03, 5.04, 5.03, 5.04, 2947]
['2019-03-25 13:12:00', 5.02, 5.02, 5.02, 5.02, 1145]
['2019-03-25 13:11:00', 5.005, 5.005, 5.005, 5.005, 400]
['2019-03-25 13:10:00', 5.005, 5.005, 5.005, 5.005, 839]
['2019-03-25 13:06:00', 5.0, 5.005, 5.0, 5.005, 200]
['2019-03-25 13:04:00', 5.0, 5.0, 5.0, 5.0, 469]
['2019-03-25 13:02:00', 5.01, 5.01, 5.01, 5.01, 2012]
['2019-03-25 13:00:00', 5.02, 5.02, 5.02, 5.02, 851]
['2019-03-25 12:59:00', 5.02, 5.02, 5.02, 5.02, 4519]
['2019-03-25 12:57:00', 5.02, 5.02, 5.02, 5.02, 1305]
['2019-03-25 12:55:00', 5.01, 5.01, 5.01, 5.01, 268]
['2019-03-25 12:52:00', 5.01, 5.01, 5.01, 5.01, 1100]
['2019-03-25 12:50:00', 5.0, 4.985, 4.985, 5.0, 3758]
['2019-03-25 12:49:00', 5.005, 5.005, 5.005, 5.005, 860]
['2019-03-25 12:48:00', 5.0, 5.0064, 5.0, 5.0064, 2210]
['2019-03-25 12:46:00', 4.99, 4.99, 4.99, 4.99, 330]
['2019-03-25 12:45:00', 4.985, 4.985, 4.985, 4.985, 800]
['2019-03-25 12:43:00', 4.989, 4.989, 4.989, 4.989, 100]
['2019-03-25 12:41:00', 4.98, 4.98, 4.98, 4.98, 362]
['2019-03-25 12:40:00', 4.99, 4.99, 4.99, 4.99, 300]
['2019-03-25 12:38:00', 4.99, 4.99, 4.99, 4.99, 300]
['2019-03-25 12:35:00', 4.995, 4.995, 4.995, 4.995, 660]
['2019-03-25 12:34:00', 5.0, 5.0, 5.0, 5.0, 215]
['2019-03-25 12:33:00', 5.01, 5.01, 5.01, 5.01, 600]
['2019-03-25 12:32:00', 5.015, 5.015, 5.015, 5.015, 1355]
['2019-03-25 12:30:00', 5.03, 5.025, 5.025, 5.03, 2501]
['2019-03-25 12:29:00', 5.03, 5.03, 5.03, 5.03, 400]
['2019-03-25 12:28:00', 5.03, 5.03, 5.03, 5.03, 300]
['2019-03-25 12:26:00', 5.0366, 5.0366, 5.0366, 5.0366, 766]
['2019-03-25 12:25:00', 5.035, 5.035, 5.035, 5.035, 100]
['2019-03-25 12:23:00', 5.03, 5.03, 5.03, 5.03, 1200]
['2019-03-25 12:21:00', 5.04, 5.04, 5.04, 5.04, 543]
['2019-03-25 12:18:00', 5.04, 5.04, 5.04, 5.04, 110]
['2019-03-25 12:17:00', 5.035, 5.035, 5.035, 5.035, 300]
['2019-03-25 12:14:00', 5.03, 5.03, 5.03, 5.03, 784]
['2019-03-25 12:11:00', 5.03, 5.03, 5.03, 5.03, 3505]
['2019-03-25 12:09:00', 5.04, 5.04, 5.04, 5.04, 1124]
['2019-03-25 12:07:00', 5.05, 5.05, 5.05, 5.05, 1349]
['2019-03-25 12:06:00', 5.06, 5.05, 5.05, 5.06, 5253]
['2019-03-25 12:05:00', 5.05, 5.05, 5.05, 5.05, 351]
['2019-03-25 12:02:00', 5.03, 5.03, 5.03, 5.03, 1410]
['2019-03-25 12:01:00', 5.03, 5.03, 5.03, 5.03, 4041]
['2019-03-25 12:00:00', 5.035, 5.035, 5.035, 5.035, 1200]
['2019-03-25 11:59:00', 5.04, 5.04, 5.04, 5.04, 1990]
['2019-03-25 11:58:00', 5.04, 5.05, 5.04, 5.05, 1170]
['2019-03-25 11:56:00', 5.0339, 5.0339, 5.0339, 5.0339, 450]
['2019-03-25 11:55:00', 5.04, 5.04, 5.04, 5.04, 350]
['2019-03-25 11:50:00', 5.04, 5.05, 5.04, 5.05, 5045]
['2019-03-25 11:49:00', 5.03, 5.03, 5.03, 5.03, 531]
['2019-03-25 11:47:00', 5.03, 5.03, 5.03, 5.03, 3077]
['2019-03-25 11:45:00', 5.015, 5.015, 5.015, 5.015, 600]
['2019-03-25 11:44:00', 5.0155, 5.0155, 5.0155, 5.0155, 794]
['2019-03-25 11:43:00', 5.02, 5.02, 5.02, 5.02, 204]
['2019-03-25 11:42:00', 5.03, 5.03, 5.03, 5.03, 2478]
['2019-03-25 11:38:00', 5.038, 5.038, 5.038, 5.038, 2110]
['2019-03-25 11:37:00', 5.04, 5.04, 5.04, 5.04, 1404]
['2019-03-25 11:36:00', 5.04, 5.04, 5.04, 5.04, 4659]
['2019-03-25 11:35:00', 5.025, 5.025, 5.025, 5.025, 2388]
['2019-03-25 11:34:00', 5.03, 5.03, 5.03, 5.03, 2710]
['2019-03-25 11:33:00', 5.05, 5.05, 5.05, 5.05, 400]
['2019-03-25 11:32:00', 5.055, 5.06, 5.055, 5.06, 1063]
['2019-03-25 11:31:00', 5.06, 5.06, 5.06, 5.06, 801]
['2019-03-25 11:30:00', 5.05, 5.05, 5.05, 5.05, 520]
['2019-03-25 11:29:00', 5.05, 5.05, 5.05, 5.05, 975]
['2019-03-25 11:28:00', 5.06, 5.06, 5.06, 5.06, 1334]
['2019-03-25 11:27:00', 5.07, 5.07, 5.07, 5.07, 713]
['2019-03-25 11:26:00', 5.06, 5.06, 5.06, 5.06, 618]
['2019-03-25 11:24:00', 5.04, 5.04, 5.04, 5.04, 360]
['2019-03-25 11:23:00', 5.04, 5.04, 5.04, 5.04, 5932]
['2019-03-25 11:22:00', 5.0537, 5.0537, 5.0537, 5.0537, 1796]
['2019-03-25 11:21:00', 5.05, 5.05, 5.05, 5.05, 5449]
['2019-03-25 11:20:00', 5.055, 5.055, 5.055, 5.055, 466]
['2019-03-25 11:19:00', 5.055, 5.055, 5.055, 5.055, 5104]
['2019-03-25 11:18:00', 5.04, 5.04, 5.04, 5.04, 2024]
['2019-03-25 11:17:00', 5.04, 5.04, 5.04, 5.04, 1472]
['2019-03-25 11:16:00', 5.045, 5.04, 5.04, 5.045, 3152]
['2019-03-25 11:15:00', 5.05, 5.05, 5.05, 5.05, 1326]
['2019-03-25 11:14:00', 5.05, 5.05, 5.05, 5.05, 3286]
['2019-03-25 11:13:00', 5.055, 5.06, 5.055, 5.06, 6665]
['2019-03-25 11:12:00', 5.055, 5.055, 5.055, 5.055, 2470]
['2019-03-25 11:11:00', 5.075, 5.06, 5.06, 5.08, 15855]
['2019-03-25 11:10:00', 5.075, 5.075, 5.075, 5.075, 815]
['2019-03-25 11:09:00', 5.0783, 5.0783, 5.0783, 5.0783, 1382]
['2019-03-25 11:08:00', 5.07, 5.07, 5.07, 5.07, 7098]
['2019-03-25 11:07:00', 5.035, 5.03, 5.03, 5.035, 2720]
['2019-03-25 11:06:00', 5.03, 5.03, 5.03, 5.03, 4396]
['2019-03-25 11:05:00', 5.005, 5.015, 5.005, 5.015, 3336]
['2019-03-25 11:04:00', 5.0, 5.0, 5.0, 5.0, 800]
['2019-03-25 11:03:00', 4.965, 5.0, 4.965, 5.0, 9985]
['2019-03-25 11:01:00', 4.965, 4.965, 4.965, 4.965, 2173]
['2019-03-25 11:00:00', 4.97, 4.96, 4.96, 4.97, 5504]
['2019-03-25 10:59:00', 4.985, 4.98, 4.98, 4.985, 3925]
['2019-03-25 10:58:00', 4.985, 4.99, 4.985, 4.99, 10427]
['2019-03-25 10:56:00', 4.97, 4.98, 4.97, 4.98, 2355]
['2019-03-25 10:55:00', 4.965, 4.965, 4.965, 4.965, 1282]
['2019-03-25 10:54:00', 4.97, 4.97, 4.97, 4.97, 7436]
['2019-03-25 10:53:00', 4.97, 4.97, 4.97, 4.97, 2900]
['2019-03-25 10:50:00', 4.955, 4.9566, 4.955, 4.9566, 2310]
['2019-03-25 10:49:00', 4.95, 4.95, 4.95, 4.95, 250]
['2019-03-25 10:48:00', 4.935, 4.93, 4.93, 4.935, 2635]
['2019-03-25 10:47:00', 4.94, 4.94, 4.94, 4.94, 4700]
['2019-03-25 10:46:00', 4.94, 4.945, 4.94, 4.945, 6810]
['2019-03-25 10:45:00', 4.93, 4.93, 4.93, 4.93, 5212]
['2019-03-25 10:44:00', 4.91, 4.92, 4.91, 4.92, 3288]
['2019-03-25 10:42:00', 4.91, 4.91, 4.91, 4.91, 205]
['2019-03-25 10:41:00', 4.91, 4.91, 4.91, 4.91, 300]
['2019-03-25 10:40:00', 4.915, 4.91, 4.91, 4.915, 1650]
['2019-03-25 10:38:00', 4.91, 4.915, 4.91, 4.915, 3005]
['2019-03-25 10:36:00', 4.905, 4.905, 4.905, 4.905, 370]
['2019-03-25 10:35:00', 4.9, 4.9, 4.9, 4.9, 4818]
['2019-03-25 10:34:00', 4.91, 4.9, 4.9, 4.91, 5807]
['2019-03-25 10:33:00', 4.91, 4.91, 4.91, 4.91, 900]
['2019-03-25 10:32:00', 4.9, 4.915, 4.9, 4.915, 3431]
['2019-03-25 10:26:00', 4.88, 4.88, 4.88, 4.88, 385]
['2019-03-25 10:25:00', 4.88, 4.88, 4.88, 4.88, 1204]
['2019-03-25 10:22:00', 4.85, 4.88, 4.85, 4.88, 3264]
['2019-03-25 10:19:00', 4.845, 4.845, 4.845, 4.845, 757]
['2019-03-25 10:18:00', 4.83, 4.83, 4.83, 4.83, 1600]
['2019-03-25 10:16:00', 4.83, 4.83, 4.83, 4.83, 705]
['2019-03-25 10:15:00', 4.82, 4.82, 4.82, 4.82, 2276]
['2019-03-25 10:11:00', 4.83, 4.83, 4.83, 4.83, 1299]
['2019-03-25 10:10:00', 4.84, 4.84, 4.84, 4.84, 1300]
['2019-03-25 10:08:00', 4.83, 4.83, 4.83, 4.83, 607]
['2019-03-25 10:06:00', 4.82, 4.82, 4.82, 4.82, 2930]
['2019-03-25 10:05:00', 4.81, 4.815, 4.81, 4.815, 3217]
['2019-03-25 10:04:00', 4.815, 4.82, 4.815, 4.82, 1708]
['2019-03-25 10:03:00', 4.825, 4.825, 4.825, 4.825, 2110]
['2019-03-25 10:02:00', 4.8021, 4.8021, 4.8021, 4.8021, 613]
['2019-03-25 10:00:00', 4.81, 4.81, 4.81, 4.81, 5625]
['2019-03-25 09:59:00', 4.8228, 4.8228, 4.8228, 4.8228, 3275]
['2019-03-25 09:58:00', 4.83, 4.83, 4.83, 4.83, 4655]
['2019-03-25 09:57:00', 4.8217, 4.8217, 4.8217, 4.8217, 351]
['2019-03-25 09:54:00', 4.8331, 4.8331, 4.8331, 4.8331, 458]
['2019-03-25 09:53:00', 4.82, 4.82, 4.82, 4.82, 600]
['2019-03-25 09:51:00', 4.82, 4.82, 4.82, 4.82, 2261]
['2019-03-25 09:50:00', 4.81, 4.81, 4.81, 4.81, 1284]
['2019-03-25 09:48:00', 4.8099, 4.8099, 4.8099, 4.8099, 550]
['2019-03-25 09:47:00', 4.81, 4.81, 4.81, 4.81, 1826]
['2019-03-25 09:46:00', 4.84, 4.804, 4.804, 4.84, 3582]
['2019-03-25 09:45:00', 4.87, 4.87, 4.87, 4.87, 1300]
['2019-03-25 09:43:00', 4.89, 4.89, 4.89, 4.89, 1814]
['2019-03-25 09:41:00', 4.92, 4.92, 4.92, 4.92, 440]
['2019-03-25 09:40:00', 4.92, 4.92, 4.92, 4.92, 537]
['2019-03-25 09:39:00', 4.94, 4.93, 4.93, 4.94, 1719]
['2019-03-25 09:35:00', 4.9156, 4.9156, 4.9156, 4.9156, 212]
['2019-03-25 09:31:00', 4.9, 4.92, 4.9, 4.92, 0]
