ALLT
['2019-03-29 16:00:00', 7.9, 7.91, 7.9, 7.91, 1822]
['2019-03-29 15:58:00', 7.89, 7.89, 7.89, 7.89, 628]
['2019-03-29 15:56:00', 7.91, 7.91, 7.91, 7.91, 630]
['2019-03-29 15:55:00', 7.88, 7.88, 7.88, 7.88, 600]
['2019-03-29 15:54:00', 7.87, 7.87, 7.87, 7.87, 400]
['2019-03-29 15:52:00', 7.88, 7.88, 7.88, 7.88, 900]
['2019-03-29 15:51:00', 7.88, 7.88, 7.88, 7.88, 1400]
['2019-03-29 15:50:00', 7.87, 7.87, 7.87, 7.87, 689]
['2019-03-29 15:47:00', 7.87, 7.87, 7.87, 7.87, 100]
['2019-03-29 15:46:00', 7.88, 7.88, 7.88, 7.88, 1500]
['2019-03-29 15:35:00', 7.87, 7.87, 7.87, 7.87, 1685]
['2019-03-29 15:34:00', 7.87, 7.87, 7.87, 7.87, 2037]
['2019-03-29 15:33:00', 7.87, 7.87, 7.87, 7.87, 1815]
['2019-03-29 15:29:00', 7.88, 7.88, 7.88, 7.88, 3401]
['2019-03-29 15:28:00', 7.87, 7.87, 7.87, 7.87, 2732]
['2019-03-29 15:26:00', 7.88, 7.88, 7.88, 7.88, 300]
['2019-03-29 15:24:00', 7.88, 7.88, 7.88, 7.88, 300]
['2019-03-29 15:20:00', 7.88, 7.88, 7.88, 7.88, 219]
['2019-03-29 15:15:00', 7.88, 7.88, 7.88, 7.88, 101]
['2019-03-29 15:11:00', 7.87, 7.87, 7.87, 7.87, 200]
['2019-03-29 15:09:00', 7.88, 7.88, 7.88, 7.88, 500]
['2019-03-29 15:06:00', 7.88, 7.87, 7.87, 7.88, 600]
['2019-03-29 15:04:00', 7.88, 7.88, 7.88, 7.88, 903]
['2019-03-29 15:01:00', 7.8811, 7.8825, 7.8811, 7.8825, 588]
['2019-03-29 14:56:00', 7.89, 7.89, 7.89, 7.89, 100]
['2019-03-29 14:49:00', 7.89, 7.89, 7.89, 7.89, 300]
['2019-03-29 14:48:00', 7.88, 7.88, 7.88, 7.88, 200]
['2019-03-29 14:44:00', 7.865, 7.865, 7.865, 7.865, 400]
['2019-03-29 14:38:00', 7.87, 7.87, 7.87, 7.87, 600]
['2019-03-29 14:37:00', 7.86, 7.87, 7.86, 7.87, 9209]
['2019-03-29 14:36:00', 7.85, 7.86, 7.85, 7.86, 6960]
['2019-03-29 14:35:00', 7.86, 7.86, 7.86, 7.86, 579]
['2019-03-29 14:33:00', 7.85, 7.85, 7.85, 7.85, 2150]
['2019-03-29 14:27:00', 7.86, 7.86, 7.86, 7.86, 300]
['2019-03-29 14:26:00', 7.85, 7.85, 7.85, 7.85, 100]
['2019-03-29 14:19:00', 7.85, 7.8375, 7.8375, 7.85, 678]
['2019-03-29 14:11:00', 7.86, 7.86, 7.86, 7.86, 200]
['2019-03-29 14:06:00', 7.84, 7.84, 7.84, 7.84, 600]
['2019-03-29 14:02:00', 7.83, 7.84, 7.83, 7.84, 300]
['2019-03-29 13:55:00', 7.82, 7.82, 7.82, 7.82, 200]
['2019-03-29 13:47:00', 7.81, 7.81, 7.81, 7.81, 200]
['2019-03-29 13:38:00', 7.81, 7.81, 7.81, 7.81, 200]
['2019-03-29 13:29:00', 7.81, 7.81, 7.81, 7.81, 400]
['2019-03-29 13:24:00', 7.79, 7.79, 7.79, 7.79, 200]
['2019-03-29 13:23:00', 7.8, 7.8, 7.8, 7.8, 900]
['2019-03-29 13:18:00', 7.79, 7.79, 7.79, 7.79, 537]
['2019-03-29 13:15:00', 7.8, 7.8, 7.8, 7.8, 1800]
['2019-03-29 13:04:00', 7.78, 7.78, 7.78, 7.78, 600]
['2019-03-29 13:01:00', 7.76, 7.76, 7.76, 7.76, 100]
['2019-03-29 13:00:00', 7.75, 7.75, 7.75, 7.75, 100]
['2019-03-29 12:51:00', 7.75, 7.75, 7.75, 7.75, 100]
['2019-03-29 12:47:00', 7.75, 7.75, 7.75, 7.75, 105]
['2019-03-29 12:36:00', 7.76, 7.76, 7.76, 7.76, 1500]
['2019-03-29 12:35:00', 7.78, 7.78, 7.78, 7.78, 2000]
['2019-03-29 12:34:00', 7.77, 7.77, 7.77, 7.77, 500]
['2019-03-29 12:30:00', 7.765, 7.765, 7.765, 7.765, 150]
['2019-03-29 12:26:00', 7.765, 7.765, 7.765, 7.765, 701]
['2019-03-29 12:25:00', 7.77, 7.77, 7.77, 7.77, 2300]
['2019-03-29 12:20:00', 7.79, 7.79, 7.79, 7.79, 100]
['2019-03-29 12:15:00', 7.77, 7.77, 7.77, 7.77, 200]
['2019-03-29 12:08:00', 7.77, 7.77, 7.77, 7.77, 200]
['2019-03-29 12:03:00', 7.76, 7.76, 7.76, 7.76, 378]
['2019-03-29 12:02:00', 7.78, 7.78, 7.78, 7.78, 100]
['2019-03-29 11:51:00', 7.785, 7.785, 7.785, 7.785, 200]
['2019-03-29 11:50:00', 7.79, 7.79, 7.79, 7.79, 100]
['2019-03-29 11:44:00', 7.79, 7.79, 7.79, 7.79, 300]
['2019-03-29 11:41:00', 7.79, 7.79, 7.79, 7.79, 600]
['2019-03-29 11:40:00', 7.82, 7.82, 7.82, 7.82, 100]
['2019-03-29 11:28:00', 7.815, 7.815, 7.815, 7.815, 632]
['2019-03-29 11:22:00', 7.81, 7.81, 7.81, 7.81, 200]
['2019-03-29 11:13:00', 7.79, 7.79, 7.79, 7.79, 100]
['2019-03-29 11:10:00', 7.78, 7.78, 7.78, 7.78, 376]
['2019-03-29 10:55:00', 7.78, 7.78, 7.78, 7.78, 110]
['2019-03-29 10:53:00', 7.79, 7.79, 7.79, 7.79, 403]
['2019-03-29 10:51:00', 7.82, 7.82, 7.82, 7.82, 200]
['2019-03-29 10:47:00', 7.79, 7.79, 7.79, 7.79, 240]
['2019-03-29 10:43:00', 7.82, 7.82, 7.82, 7.82, 201]
['2019-03-29 10:41:00', 7.82, 7.82, 7.82, 7.82, 400]
['2019-03-29 10:39:00', 7.81, 7.81, 7.81, 7.81, 100]
['2019-03-29 10:38:00', 7.81, 7.81, 7.81, 7.81, 100]
['2019-03-29 10:32:00', 7.82, 7.82, 7.82, 7.82, 240]
['2019-03-29 10:27:00', 7.82, 7.82, 7.82, 7.82, 2060]
['2019-03-29 10:24:00', 7.83, 7.83, 7.83, 7.83, 700]
['2019-03-29 10:18:00', 7.82, 7.82, 7.82, 7.82, 1000]
['2019-03-29 10:04:00', 7.84, 7.84, 7.84, 7.84, 200]
['2019-03-28 16:00:00', 7.79, 7.79, 7.79, 7.79, 984]
['2019-03-28 15:59:00', 7.8, 7.8, 7.8, 7.8, 224]
['2019-03-28 15:58:00', 7.79, 7.79, 7.79, 7.79, 214]
['2019-03-28 15:57:00', 7.8, 7.8, 7.8, 7.8, 442]
['2019-03-28 15:54:00', 7.785, 7.785, 7.785, 7.785, 114]
['2019-03-28 15:52:00', 7.795, 7.795, 7.795, 7.795, 1038]
['2019-03-28 15:51:00', 7.79, 7.79, 7.79, 7.79, 214]
['2019-03-28 15:50:00', 7.785, 7.785, 7.785, 7.785, 1222]
['2019-03-28 15:49:00', 7.785, 7.79, 7.785, 7.79, 4456]
['2019-03-28 15:46:00', 7.8, 7.8, 7.8, 7.8, 267]
['2019-03-28 15:44:00', 7.82, 7.8, 7.8, 7.82, 211]
['2019-03-28 15:41:00', 7.82, 7.82, 7.82, 7.82, 100]
['2019-03-28 15:38:00', 7.82, 7.82, 7.82, 7.82, 100]
['2019-03-28 15:35:00', 7.82, 7.82, 7.82, 7.82, 200]
['2019-03-28 15:29:00', 7.8, 7.8, 7.8, 7.8, 217]
['2019-03-28 15:28:00', 7.8, 7.8, 7.8, 7.8, 393]
['2019-03-28 15:25:00', 7.8, 7.8, 7.8, 7.8, 516]
['2019-03-28 15:20:00', 7.8, 7.8, 7.8, 7.8, 500]
['2019-03-28 15:17:00', 7.81, 7.81, 7.81, 7.81, 300]
['2019-03-28 15:13:00', 7.81, 7.81, 7.81, 7.81, 100]
['2019-03-28 15:08:00', 7.81, 7.81, 7.81, 7.81, 500]
['2019-03-28 15:02:00', 7.79, 7.79, 7.79, 7.79, 1400]
['2019-03-28 14:58:00', 7.79, 7.79, 7.79, 7.79, 900]
['2019-03-28 14:53:00', 7.79, 7.79, 7.79, 7.79, 100]
['2019-03-28 14:52:00', 7.78, 7.78, 7.78, 7.78, 300]
['2019-03-28 14:50:00', 7.8, 7.8, 7.8, 7.8, 200]
['2019-03-28 14:49:00', 7.8, 7.8, 7.8, 7.8, 1100]
['2019-03-28 14:46:00', 7.79, 7.79, 7.79, 7.79, 800]
['2019-03-28 14:45:00', 7.79, 7.79, 7.79, 7.79, 3300]
['2019-03-28 14:43:00', 7.79, 7.79, 7.79, 7.79, 100]
['2019-03-28 14:39:00', 7.8, 7.8, 7.8, 7.8, 100]
['2019-03-28 14:25:00', 7.79, 7.79, 7.79, 7.79, 500]
['2019-03-28 14:24:00', 7.79, 7.79, 7.79, 7.79, 800]
['2019-03-28 14:22:00', 7.85, 7.81, 7.81, 7.85, 700]
['2019-03-28 14:15:00', 7.85, 7.85, 7.85, 7.85, 100]
['2019-03-28 14:10:00', 7.85, 7.85, 7.85, 7.85, 100]
['2019-03-28 14:08:00', 7.835, 7.835, 7.835, 7.835, 100]
['2019-03-28 14:04:00', 7.85, 7.85, 7.85, 7.85, 100]
['2019-03-28 13:52:00', 7.83, 7.83, 7.83, 7.83, 300]
['2019-03-28 13:46:00', 7.83, 7.83, 7.83, 7.83, 310]
['2019-03-28 13:43:00', 7.83, 7.83, 7.83, 7.83, 120]
['2019-03-28 13:38:00', 7.81, 7.81, 7.81, 7.81, 1280]
['2019-03-28 13:34:00', 7.81, 7.81, 7.81, 7.81, 200]
['2019-03-28 13:26:00', 7.81, 7.81, 7.81, 7.81, 480]
['2019-03-28 13:25:00', 7.84, 7.84, 7.84, 7.84, 100]
['2019-03-28 13:18:00', 7.84, 7.84, 7.84, 7.84, 100]
['2019-03-28 13:15:00', 7.82, 7.82, 7.82, 7.82, 171]
['2019-03-28 13:12:00', 7.84, 7.84, 7.84, 7.84, 101]
['2019-03-28 13:11:00', 7.83, 7.83, 7.83, 7.83, 100]
['2019-03-28 13:08:00', 7.8366, 7.8366, 7.8366, 7.8366, 200]
['2019-03-28 13:05:00', 7.85, 7.85, 7.85, 7.85, 100]
['2019-03-28 13:01:00', 7.8417, 7.8417, 7.8417, 7.8417, 930]
['2019-03-28 12:52:00', 7.84, 7.84, 7.84, 7.84, 394]
['2019-03-28 12:46:00', 7.84, 7.84, 7.84, 7.84, 200]
['2019-03-28 12:40:00', 7.8, 7.8, 7.8, 7.8, 3710]
['2019-03-28 12:35:00', 7.8, 7.8, 7.8, 7.8, 452]
['2019-03-28 12:28:00', 7.79, 7.79, 7.79, 7.79, 1098]
['2019-03-28 12:22:00', 7.79, 7.79, 7.79, 7.79, 110]
['2019-03-28 12:18:00', 7.79, 7.79, 7.79, 7.79, 100]
['2019-03-28 12:16:00', 7.77, 7.77, 7.77, 7.77, 100]
['2019-03-28 12:10:00', 7.79, 7.79, 7.79, 7.79, 230]
['2019-03-28 12:06:00', 7.77, 7.77, 7.77, 7.77, 130]
['2019-03-28 12:04:00', 7.8, 7.8, 7.8, 7.8, 120]
['2019-03-28 12:01:00', 7.8, 7.8, 7.8, 7.8, 130]
['2019-03-28 12:00:00', 7.8, 7.8, 7.8, 7.8, 200]
['2019-03-28 11:59:00', 7.8, 7.8, 7.8, 7.8, 190]
['2019-03-28 11:57:00', 7.8, 7.8, 7.8, 7.8, 200]
['2019-03-28 11:55:00', 7.8, 7.8, 7.8, 7.8, 400]
['2019-03-28 11:54:00', 7.8, 7.8, 7.8, 7.8, 1060]
['2019-03-28 11:52:00', 7.8, 7.8, 7.8, 7.8, 150]
['2019-03-28 11:49:00', 7.8, 7.8, 7.8, 7.8, 200]
['2019-03-28 11:43:00', 7.8, 7.8, 7.8, 7.8, 551]
['2019-03-28 11:41:00', 7.79, 7.8, 7.79, 7.8, 520]
['2019-03-28 11:38:00', 7.79, 7.79, 7.79, 7.79, 150]
['2019-03-28 11:35:00', 7.77, 7.77, 7.77, 7.77, 170]
['2019-03-28 11:34:00', 7.8, 7.8, 7.8, 7.8, 200]
['2019-03-28 11:32:00', 7.8, 7.8, 7.8, 7.8, 300]
['2019-03-28 11:27:00', 7.75, 7.75, 7.75, 7.75, 710]
['2019-03-28 11:26:00', 7.745, 7.75, 7.745, 7.75, 1842]
['2019-03-28 11:25:00', 7.77, 7.77, 7.77, 7.77, 738]
['2019-03-28 11:23:00', 7.79, 7.79, 7.79, 7.79, 905]
['2019-03-28 11:22:00', 7.77, 7.77, 7.77, 7.77, 400]
['2019-03-28 11:20:00', 7.77, 7.77, 7.77, 7.77, 200]
['2019-03-28 11:19:00', 7.77, 7.77, 7.77, 7.77, 410]
['2019-03-28 11:16:00', 7.75, 7.75, 7.75, 7.75, 366]
['2019-03-28 11:14:00', 7.75, 7.75, 7.75, 7.75, 700]
['2019-03-28 11:11:00', 7.75, 7.77, 7.75, 7.77, 1547]
['2019-03-28 11:10:00', 7.77, 7.77, 7.77, 7.77, 201]
['2019-03-28 11:09:00', 7.77, 7.77, 7.77, 7.77, 200]
['2019-03-28 11:07:00', 7.77, 7.77, 7.77, 7.77, 500]
['2019-03-28 11:06:00', 7.77, 7.77, 7.77, 7.77, 400]
['2019-03-28 11:04:00', 7.755, 7.755, 7.755, 7.755, 300]
['2019-03-28 11:03:00', 7.77, 7.77, 7.77, 7.77, 400]
['2019-03-28 10:58:00', 7.77, 7.77, 7.77, 7.77, 100]
['2019-03-28 10:41:00', 7.765, 7.77, 7.765, 7.77, 1322]
['2019-03-28 10:39:00', 7.82, 7.79, 7.79, 7.82, 3983]
['2019-03-28 10:37:00', 7.75, 7.75, 7.75, 7.75, 754]
['2019-03-28 10:35:00', 7.785, 7.785, 7.785, 7.785, 1190]
['2019-03-28 10:31:00', 7.82, 7.82, 7.82, 7.82, 300]
['2019-03-28 10:29:00', 7.82, 7.82, 7.82, 7.82, 400]
['2019-03-28 10:27:00', 7.81, 7.81, 7.81, 7.81, 1000]
['2019-03-28 10:26:00', 7.82, 7.82, 7.82, 7.82, 100]
['2019-03-28 10:21:00', 7.82, 7.82, 7.82, 7.82, 100]
['2019-03-28 10:19:00', 7.82, 7.82, 7.82, 7.82, 200]
['2019-03-28 10:13:00', 7.81, 7.81, 7.81, 7.81, 200]
['2019-03-28 10:12:00', 7.81, 7.81, 7.81, 7.81, 300]
['2019-03-28 10:08:00', 7.8359, 7.8359, 7.8359, 7.8359, 100]
['2019-03-28 10:04:00', 7.85, 7.8501, 7.85, 7.8501, 16070]
['2019-03-28 09:57:00', 7.8, 7.8, 7.8, 7.8, 320]
['2019-03-28 09:55:00', 7.77, 7.77, 7.77, 7.77, 200]
['2019-03-28 09:52:00', 7.74, 7.74, 7.74, 7.74, 2298]
['2019-03-28 09:50:00', 7.74, 7.74, 7.74, 7.74, 200]
['2019-03-28 09:49:00', 7.74, 7.74, 7.74, 7.74, 200]
['2019-03-28 09:47:00', 7.74, 7.74, 7.74, 7.74, 370]
['2019-03-28 09:43:00', 7.74, 7.74, 7.74, 7.74, 270]
['2019-03-28 09:41:00', 7.74, 7.74, 7.74, 7.74, 400]
['2019-03-28 09:37:00', 7.74, 7.74, 7.74, 7.74, 660]
['2019-03-28 09:35:00', 7.73, 7.73, 7.73, 7.73, 0]
['2019-03-27 16:00:00', 7.73, 7.73, 7.73, 7.73, 2488]
['2019-03-27 15:58:00', 7.71, 7.71, 7.71, 7.71, 1393]
['2019-03-27 15:57:00', 7.745, 7.745, 7.745, 7.745, 966]
['2019-03-27 15:56:00', 7.74, 7.74, 7.74, 7.74, 310]
['2019-03-27 15:55:00', 7.745, 7.745, 7.745, 7.745, 218]
['2019-03-27 15:51:00', 7.74, 7.74, 7.74, 7.74, 364]
['2019-03-27 15:50:00', 7.745, 7.745, 7.745, 7.745, 511]
['2019-03-27 15:48:00', 7.74, 7.74, 7.74, 7.74, 498]
['2019-03-27 15:42:00', 7.76, 7.76, 7.76, 7.76, 358]
['2019-03-27 15:41:00', 7.76, 7.76, 7.76, 7.76, 184]
['2019-03-27 15:35:00', 7.745, 7.745, 7.745, 7.745, 781]
['2019-03-27 15:34:00', 7.75, 7.75, 7.75, 7.75, 322]
['2019-03-27 15:31:00', 7.75, 7.75, 7.75, 7.75, 1104]
['2019-03-27 15:28:00', 7.71, 7.76, 7.71, 7.76, 3959]
['2019-03-27 15:26:00', 7.72, 7.72, 7.72, 7.72, 805]
['2019-03-27 15:07:00', 7.72, 7.72, 7.72, 7.72, 996]
['2019-03-27 15:06:00', 7.72, 7.71, 7.71, 7.72, 706]
['2019-03-27 15:02:00', 7.72, 7.72, 7.72, 7.72, 159]
['2019-03-27 15:00:00', 7.75, 7.75, 7.75, 7.75, 249]
['2019-03-27 14:47:00', 7.745, 7.745, 7.745, 7.745, 226]
['2019-03-27 14:28:00', 7.73, 7.73, 7.73, 7.73, 313]
['2019-03-27 14:27:00', 7.72, 7.72, 7.72, 7.72, 664]
['2019-03-27 14:20:00', 7.74, 7.74, 7.74, 7.74, 205]
['2019-03-27 14:15:00', 7.7625, 7.7625, 7.7625, 7.7625, 1319]
['2019-03-27 14:01:00', 7.73, 7.73, 7.73, 7.73, 509]
['2019-03-27 13:59:00', 7.73, 7.73, 7.73, 7.73, 500]
['2019-03-27 13:55:00', 7.73, 7.73, 7.73, 7.73, 307]
['2019-03-27 13:53:00', 7.73, 7.73, 7.73, 7.73, 141]
['2019-03-27 13:45:00', 7.7, 7.7, 7.7, 7.7, 676]
['2019-03-27 13:37:00', 7.74, 7.74, 7.74, 7.74, 410]
['2019-03-27 13:34:00', 7.73, 7.73, 7.73, 7.73, 627]
['2019-03-27 13:33:00', 7.73, 7.73, 7.73, 7.73, 100]
['2019-03-27 13:28:00', 7.705, 7.705, 7.705, 7.705, 213]
['2019-03-27 13:22:00', 7.69, 7.69, 7.69, 7.69, 266]
['2019-03-27 13:16:00', 7.7, 7.72, 7.7, 7.72, 3043]
['2019-03-27 13:15:00', 7.69, 7.69, 7.69, 7.69, 100]
['2019-03-27 13:05:00', 7.67, 7.67, 7.67, 7.67, 110]
['2019-03-27 13:02:00', 7.7, 7.7, 7.7, 7.7, 302]
['2019-03-27 13:00:00', 7.7, 7.7, 7.7, 7.7, 1163]
['2019-03-27 12:58:00', 7.68, 7.68, 7.68, 7.68, 2711]
['2019-03-27 12:57:00', 7.68, 7.68, 7.68, 7.68, 600]
['2019-03-27 12:49:00', 7.66, 7.66, 7.66, 7.66, 108]
['2019-03-27 12:42:00', 7.68, 7.68, 7.68, 7.68, 210]
['2019-03-27 12:37:00', 7.67, 7.67, 7.67, 7.67, 494]
['2019-03-27 12:36:00', 7.66, 7.66, 7.66, 7.66, 303]
['2019-03-27 12:31:00', 7.67, 7.67, 7.67, 7.67, 495]
['2019-03-27 12:30:00', 7.68, 7.68, 7.68, 7.68, 2209]
['2019-03-27 12:28:00', 7.68, 7.68, 7.68, 7.68, 1637]
['2019-03-27 12:24:00', 7.67, 7.67, 7.67, 7.67, 497]
['2019-03-27 12:23:00', 7.66, 7.66, 7.66, 7.66, 410]
['2019-03-27 12:22:00', 7.67, 7.67, 7.67, 7.67, 716]
['2019-03-27 12:14:00', 7.65, 7.65, 7.65, 7.65, 101]
['2019-03-27 12:09:00', 7.65, 7.65, 7.65, 7.65, 941]
['2019-03-27 12:08:00', 7.63, 7.63, 7.63, 7.63, 100]
['2019-03-27 12:03:00', 7.61, 7.625, 7.61, 7.625, 1209]
['2019-03-27 11:59:00', 7.61, 7.61, 7.61, 7.61, 205]
['2019-03-27 11:44:00', 7.62, 7.62, 7.62, 7.62, 1135]
['2019-03-27 11:33:00', 7.63, 7.63, 7.63, 7.63, 263]
['2019-03-27 11:29:00', 7.63, 7.63, 7.63, 7.63, 210]
['2019-03-27 11:28:00', 7.625, 7.625, 7.625, 7.625, 504]
['2019-03-27 11:22:00', 7.62, 7.62, 7.62, 7.62, 200]
['2019-03-27 11:18:00', 7.63, 7.63, 7.63, 7.63, 505]
['2019-03-27 11:07:00', 7.64, 7.64, 7.64, 7.64, 126]
['2019-03-27 11:06:00', 7.64, 7.64, 7.64, 7.64, 300]
['2019-03-27 11:04:00', 7.64, 7.64, 7.64, 7.64, 300]
['2019-03-27 10:56:00', 7.62, 7.62, 7.62, 7.62, 211]
['2019-03-27 10:52:00', 7.63, 7.63, 7.63, 7.63, 403]
['2019-03-27 10:51:00', 7.63, 7.63, 7.63, 7.63, 1092]
['2019-03-27 10:48:00', 7.65, 7.64, 7.64, 7.65, 2611]
['2019-03-27 10:42:00', 7.67, 7.67, 7.67, 7.67, 108]
['2019-03-27 10:41:00', 7.68, 7.68, 7.68, 7.68, 100]
['2019-03-27 10:33:00', 7.67, 7.67, 7.67, 7.67, 248]
['2019-03-27 10:30:00', 7.68, 7.68, 7.68, 7.68, 252]
['2019-03-27 10:14:00', 7.65, 7.65, 7.65, 7.65, 1127]
['2019-03-27 10:01:00', 7.68, 7.68, 7.68, 7.68, 456]
['2019-03-27 09:55:00', 7.66, 7.65, 7.65, 7.66, 2846]
['2019-03-27 09:52:00', 7.62, 7.62, 7.62, 7.62, 757]
['2019-03-27 09:51:00', 7.65, 7.65, 7.65, 7.65, 190]
['2019-03-27 09:46:00', 7.66, 7.66, 7.66, 7.66, 550]
['2019-03-27 09:34:00', 7.69, 7.69, 7.69, 7.69, 440]
['2019-03-27 09:31:00', 7.67, 7.67, 7.67, 7.67, 6100]
['2019-03-26 16:00:00', 7.78, 7.78, 7.78, 7.78, 767]
['2019-03-26 15:59:00', 7.77, 7.77, 7.77, 7.77, 754]
['2019-03-26 15:58:00', 7.77, 7.77, 7.77, 7.77, 720]
['2019-03-26 15:56:00', 7.77, 7.77, 7.77, 7.77, 776]
['2019-03-26 15:55:00', 7.755, 7.755, 7.755, 7.755, 501]
['2019-03-26 15:54:00', 7.75, 7.75, 7.75, 7.75, 300]
['2019-03-26 15:52:00', 7.77, 7.77, 7.77, 7.77, 100]
['2019-03-26 15:49:00', 7.765, 7.765, 7.765, 7.765, 912]
['2019-03-26 15:46:00', 7.75, 7.75, 7.75, 7.75, 600]
['2019-03-26 15:43:00', 7.75, 7.75, 7.75, 7.75, 300]
['2019-03-26 15:42:00', 7.77, 7.77, 7.77, 7.77, 2600]
['2019-03-26 15:36:00', 7.75, 7.745, 7.745, 7.75, 201]
['2019-03-26 15:33:00', 7.745, 7.745, 7.745, 7.745, 580]
['2019-03-26 15:31:00', 7.75, 7.75, 7.75, 7.75, 1920]
['2019-03-26 15:25:00', 7.77, 7.76, 7.76, 7.77, 300]
['2019-03-26 15:12:00', 7.76, 7.76, 7.76, 7.76, 745]
['2019-03-26 15:07:00', 7.77, 7.77, 7.77, 7.77, 100]
['2019-03-26 15:06:00', 7.76, 7.76, 7.76, 7.76, 3700]
['2019-03-26 15:03:00', 7.79, 7.79, 7.79, 7.79, 100]
['2019-03-26 15:02:00', 7.81, 7.81, 7.81, 7.81, 600]
['2019-03-26 14:52:00', 7.76, 7.76, 7.76, 7.76, 300]
['2019-03-26 14:21:00', 7.75, 7.75, 7.75, 7.75, 200]
['2019-03-26 14:06:00', 7.75, 7.74, 7.74, 7.75, 1500]
['2019-03-26 14:01:00', 7.76, 7.76, 7.76, 7.76, 200]
['2019-03-26 13:59:00', 7.76, 7.76, 7.76, 7.76, 146]
['2019-03-26 13:47:00', 7.75, 7.75, 7.75, 7.75, 1200]
['2019-03-26 13:42:00', 7.73, 7.73, 7.73, 7.73, 750]
['2019-03-26 13:33:00', 7.75, 7.75, 7.75, 7.75, 305]
['2019-03-26 13:23:00', 7.75, 7.77, 7.75, 7.77, 10075]
['2019-03-26 13:22:00', 7.7612, 7.7612, 7.7612, 7.7612, 1007]
['2019-03-26 13:21:00', 7.76, 7.76, 7.76, 7.76, 100]
['2019-03-26 13:02:00', 7.75, 7.75, 7.75, 7.75, 100]
['2019-03-26 13:00:00', 7.75, 7.75, 7.75, 7.75, 715]
['2019-03-26 12:59:00', 7.75, 7.75, 7.75, 7.75, 300]
['2019-03-26 12:56:00', 7.74, 7.75, 7.74, 7.75, 1400]
['2019-03-26 12:54:00', 7.75, 7.75, 7.75, 7.75, 100]
['2019-03-26 12:41:00', 7.74, 7.74, 7.74, 7.74, 274]
['2019-03-26 12:29:00', 7.75, 7.75, 7.75, 7.75, 1000]
['2019-03-26 12:28:00', 7.76, 7.76, 7.76, 7.76, 100]
['2019-03-26 12:06:00', 7.75, 7.75, 7.75, 7.75, 350]
['2019-03-26 12:00:00', 7.78, 7.78, 7.78, 7.78, 1100]
['2019-03-26 11:58:00', 7.75, 7.725, 7.725, 7.75, 1229]
['2019-03-26 11:55:00', 7.77, 7.77, 7.77, 7.77, 168]
['2019-03-26 11:54:00', 7.78, 7.75, 7.75, 7.78, 1429]
['2019-03-26 11:33:00', 7.79, 7.79, 7.79, 7.79, 300]
['2019-03-26 11:30:00', 7.75, 7.75, 7.75, 7.75, 500]
['2019-03-26 11:26:00', 7.74, 7.74, 7.74, 7.74, 1460]
['2019-03-26 11:25:00', 7.74, 7.74, 7.74, 7.74, 797]
['2019-03-26 11:23:00', 7.705, 7.72, 7.705, 7.72, 1400]
['2019-03-26 11:15:00', 7.73, 7.73, 7.73, 7.73, 100]
['2019-03-26 11:10:00', 7.74, 7.74, 7.74, 7.74, 580]
['2019-03-26 11:07:00', 7.72, 7.72, 7.72, 7.72, 180]
['2019-03-26 11:04:00', 7.7, 7.7, 7.7, 7.7, 110]
['2019-03-26 11:02:00', 7.69, 7.69, 7.69, 7.69, 309]
['2019-03-26 11:00:00', 7.7, 7.7, 7.7, 7.7, 100]
['2019-03-26 10:57:00', 7.6975, 7.6975, 7.6975, 7.6975, 100]
['2019-03-26 10:56:00', 7.7, 7.7, 7.7, 7.7, 200]
['2019-03-26 10:48:00', 7.68, 7.68, 7.68, 7.68, 1048]
['2019-03-26 10:42:00', 7.65, 7.65, 7.65, 7.65, 100]
['2019-03-26 10:30:00', 7.64, 7.64, 7.64, 7.64, 300]
['2019-03-26 10:24:00', 7.66, 7.66, 7.66, 7.66, 100]
['2019-03-26 10:19:00', 7.64, 7.64, 7.64, 7.64, 1046]
['2019-03-26 09:59:00', 7.645, 7.645, 7.645, 7.645, 400]
['2019-03-26 09:40:00', 7.66, 7.66, 7.66, 7.66, 380]
['2019-03-26 09:31:00', 7.65, 7.65, 7.65, 7.65, 865]
['2019-03-25 16:00:00', 7.59, 7.59, 7.59, 7.59, 936]
['2019-03-25 15:59:00', 7.6, 7.6, 7.6, 7.6, 221]
['2019-03-25 15:58:00', 7.6, 7.6, 7.6, 7.6, 343]
['2019-03-25 15:56:00', 7.6, 7.6, 7.6, 7.6, 148]
['2019-03-25 15:55:00', 7.61, 7.61, 7.61, 7.61, 850]
['2019-03-25 15:52:00', 7.6, 7.6, 7.6, 7.6, 118]
['2019-03-25 15:44:00', 7.61, 7.61, 7.61, 7.61, 1841]
['2019-03-25 15:38:00', 7.6, 7.6, 7.6, 7.6, 885]
['2019-03-25 15:24:00', 7.615, 7.615, 7.615, 7.615, 1038]
['2019-03-25 15:20:00', 7.63, 7.63, 7.63, 7.63, 300]
['2019-03-25 15:17:00', 7.61, 7.61, 7.61, 7.61, 128]
['2019-03-25 15:14:00', 7.59, 7.59, 7.59, 7.59, 1090]
['2019-03-25 15:10:00', 7.59, 7.59, 7.59, 7.59, 100]
['2019-03-25 15:04:00', 7.56, 7.56, 7.56, 7.56, 100]
['2019-03-25 15:02:00', 7.59, 7.59, 7.59, 7.59, 105]
['2019-03-25 14:59:00', 7.56, 7.56, 7.56, 7.56, 100]
['2019-03-25 14:46:00', 7.57, 7.57, 7.57, 7.57, 105]
['2019-03-25 14:39:00', 7.5814, 7.5814, 7.5814, 7.5814, 402]
['2019-03-25 14:29:00', 7.5531, 7.57, 7.5531, 7.57, 1743]
['2019-03-25 14:27:00', 7.57, 7.57, 7.57, 7.57, 200]
['2019-03-25 14:16:00', 7.54, 7.57, 7.54, 7.57, 304]
['2019-03-25 14:10:00', 7.57, 7.57, 7.57, 7.57, 100]
['2019-03-25 14:05:00', 7.57, 7.57, 7.57, 7.57, 739]
['2019-03-25 14:00:00', 7.57, 7.57, 7.57, 7.57, 226]
['2019-03-25 13:57:00', 7.61, 7.61, 7.61, 7.61, 110]
['2019-03-25 13:41:00', 7.6, 7.6, 7.6, 7.6, 800]
['2019-03-25 13:20:00', 7.615, 7.63, 7.615, 7.63, 500]
['2019-03-25 13:19:00', 7.615, 7.615, 7.615, 7.615, 601]
['2019-03-25 13:18:00', 7.615, 7.615, 7.615, 7.615, 300]
['2019-03-25 12:49:00', 7.63, 7.63, 7.63, 7.63, 100]
['2019-03-25 12:39:00', 7.64, 7.64, 7.64, 7.64, 199]
['2019-03-25 12:33:00', 7.64, 7.64, 7.64, 7.64, 155]
['2019-03-25 12:15:00', 7.63, 7.63, 7.63, 7.63, 248]
['2019-03-25 12:08:00', 7.63, 7.63, 7.63, 7.63, 100]
['2019-03-25 12:06:00', 7.6, 7.6, 7.6, 7.6, 1017]
['2019-03-25 11:54:00', 7.61, 7.61, 7.61, 7.61, 200]
['2019-03-25 11:27:00', 7.65, 7.65, 7.65, 7.65, 707]
['2019-03-25 11:25:00', 7.68, 7.65, 7.65, 7.68, 1644]
['2019-03-25 11:24:00', 7.69, 7.69, 7.69, 7.69, 413]
['2019-03-25 11:23:00', 7.68, 7.68, 7.68, 7.68, 500]
['2019-03-25 11:20:00', 7.66, 7.66, 7.66, 7.66, 572]
['2019-03-25 11:18:00', 7.64, 7.64, 7.64, 7.64, 1107]
['2019-03-25 11:07:00', 7.62, 7.62, 7.62, 7.62, 200]
['2019-03-25 11:02:00', 7.62, 7.62, 7.62, 7.62, 400]
['2019-03-25 10:57:00', 7.62, 7.62, 7.62, 7.62, 100]
['2019-03-25 10:40:00', 7.62, 7.62, 7.62, 7.62, 633]
['2019-03-25 10:35:00', 7.61, 7.61, 7.61, 7.61, 700]
['2019-03-25 10:21:00', 7.61, 7.61, 7.61, 7.61, 100]
['2019-03-25 10:20:00', 7.61, 7.61, 7.61, 7.61, 100]
['2019-03-25 10:06:00', 7.6, 7.6, 7.6, 7.6, 290]
['2019-03-25 10:05:00', 7.62, 7.62, 7.62, 7.62, 190]
['2019-03-25 09:58:00', 7.64, 7.64, 7.64, 7.64, 1070]
['2019-03-25 09:57:00', 7.66, 7.66, 7.66, 7.66, 900]
['2019-03-25 09:53:00', 7.59, 7.59, 7.59, 7.59, 2650]
['2019-03-25 09:49:00', 7.59, 7.59, 7.59, 7.59, 100]
['2019-03-25 09:48:00', 7.6, 7.6, 7.6, 7.6, 1715]
['2019-03-25 09:45:00', 7.64, 7.64, 7.64, 7.64, 190]
['2019-03-25 09:40:00', 7.69, 7.69, 7.69, 7.69, 1497]
['2019-03-25 09:39:00', 7.61, 7.61, 7.61, 7.61, 557]
['2019-03-25 09:31:00', 7.61, 7.61, 7.61, 7.61, 0]
