AWR
['2019-03-29 16:00:00', 71.3, 71.3, 71.3, 71.3, 5796]
['2019-03-29 15:59:00', 71.32, 71.37, 71.32, 71.37, 3908]
['2019-03-29 15:57:00', 71.42, 71.42, 71.42, 71.42, 2216]
['2019-03-29 15:56:00', 71.38, 71.38, 71.38, 71.38, 2045]
['2019-03-29 15:55:00', 71.32, 71.32, 71.32, 71.32, 1047]
['2019-03-29 15:54:00', 71.3, 71.3, 71.3, 71.3, 1309]
['2019-03-29 15:53:00', 71.39, 71.39, 71.39, 71.39, 1134]
['2019-03-29 15:52:00', 71.33, 71.33, 71.33, 71.33, 907]
['2019-03-29 15:51:00', 71.26, 71.26, 71.26, 71.26, 2037]
['2019-03-29 15:49:00', 71.31, 71.31, 71.31, 71.31, 1513]
['2019-03-29 15:48:00', 71.33, 71.33, 71.33, 71.33, 905]
['2019-03-29 15:47:00', 71.36, 71.36, 71.36, 71.36, 1509]
['2019-03-29 15:46:00', 71.345, 71.345, 71.345, 71.345, 512]
['2019-03-29 15:45:00', 71.3249, 71.3249, 71.3249, 71.3249, 625]
['2019-03-29 15:43:00', 71.3, 71.3, 71.3, 71.3, 246]
['2019-03-29 15:42:00', 71.31, 71.32, 71.31, 71.32, 2065]
['2019-03-29 15:41:00', 71.3, 71.3, 71.3, 71.3, 1066]
['2019-03-29 15:40:00', 71.28, 71.28, 71.28, 71.28, 1031]
['2019-03-29 15:39:00', 71.25, 71.25, 71.25, 71.25, 557]
['2019-03-29 15:38:00', 71.255, 71.255, 71.255, 71.255, 591]
['2019-03-29 15:36:00', 71.25, 71.25, 71.25, 71.25, 705]
['2019-03-29 15:35:00', 71.22, 71.22, 71.22, 71.22, 680]
['2019-03-29 15:34:00', 71.27, 71.27, 71.27, 71.27, 1556]
['2019-03-29 15:33:00', 71.24, 71.245, 71.24, 71.25, 2959]
['2019-03-29 15:32:00', 71.21, 71.21, 71.21, 71.21, 970]
['2019-03-29 15:31:00', 71.22, 71.22, 71.22, 71.22, 375]
['2019-03-29 15:28:00', 71.24, 71.23, 71.23, 71.24, 794]
['2019-03-29 15:27:00', 71.18, 71.18, 71.18, 71.18, 375]
['2019-03-29 15:26:00', 71.13, 71.13, 71.13, 71.13, 247]
['2019-03-29 15:24:00', 71.13, 71.13, 71.13, 71.13, 370]
['2019-03-29 15:23:00', 71.18, 71.18, 71.18, 71.18, 885]
['2019-03-29 15:20:00', 71.2, 71.2, 71.2, 71.2, 950]
['2019-03-29 15:17:00', 71.26, 71.255, 71.255, 71.26, 2711]
['2019-03-29 15:16:00', 71.26, 71.26, 71.26, 71.26, 515]
['2019-03-29 15:15:00', 71.35, 71.35, 71.35, 71.35, 733]
['2019-03-29 15:14:00', 71.38, 71.38, 71.38, 71.38, 493]
['2019-03-29 15:13:00', 71.38, 71.38, 71.38, 71.38, 224]
['2019-03-29 15:12:00', 71.44, 71.44, 71.44, 71.44, 589]
['2019-03-29 15:10:00', 71.48, 71.48, 71.48, 71.48, 363]
['2019-03-29 15:04:00', 71.53, 71.53, 71.53, 71.53, 664]
['2019-03-29 15:02:00', 71.52, 71.53, 71.52, 71.53, 843]
['2019-03-29 14:59:00', 71.44, 71.44, 71.44, 71.44, 156]
['2019-03-29 14:57:00', 71.495, 71.47, 71.47, 71.495, 712]
['2019-03-29 14:55:00', 71.52, 71.52, 71.52, 71.52, 285]
['2019-03-29 14:53:00', 71.5, 71.5, 71.5, 71.5, 213]
['2019-03-29 14:51:00', 71.47, 71.47, 71.47, 71.47, 389]
['2019-03-29 14:49:00', 71.42, 71.42, 71.42, 71.42, 142]
['2019-03-29 14:45:00', 71.41, 71.41, 71.41, 71.41, 211]
['2019-03-29 14:44:00', 71.37, 71.37, 71.37, 71.37, 383]
['2019-03-29 14:42:00', 71.34, 71.34, 71.34, 71.34, 1405]
['2019-03-29 14:31:00', 71.4, 71.4, 71.4, 71.4, 641]
['2019-03-29 14:24:00', 71.35, 71.35, 71.35, 71.35, 644]
['2019-03-29 14:21:00', 71.35, 71.35, 71.35, 71.35, 711]
['2019-03-29 14:19:00', 71.4, 71.4, 71.4, 71.4, 520]
['2019-03-29 14:16:00', 71.42, 71.42, 71.42, 71.42, 505]
['2019-03-29 14:12:00', 71.39, 71.39, 71.39, 71.39, 273]
['2019-03-29 14:10:00', 71.35, 71.35, 71.35, 71.35, 148]
['2019-03-29 14:07:00', 71.31, 71.33, 71.31, 71.33, 1144]
['2019-03-29 14:06:00', 71.36, 71.36, 71.36, 71.36, 549]
['2019-03-29 14:03:00', 71.32, 71.32, 71.32, 71.32, 955]
['2019-03-29 14:01:00', 71.3, 71.3, 71.3, 71.3, 7932]
['2019-03-29 13:59:00', 71.295, 71.295, 71.295, 71.295, 322]
['2019-03-29 13:56:00', 71.25, 71.25, 71.25, 71.25, 263]
['2019-03-29 13:52:00', 71.23, 71.27, 71.23, 71.27, 1298]
['2019-03-29 13:48:00', 71.16, 71.16, 71.16, 71.16, 1820]
['2019-03-29 13:47:00', 71.0925, 71.0925, 71.0925, 71.0925, 1853]
['2019-03-29 13:46:00', 71.17, 71.17, 71.17, 71.17, 743]
['2019-03-29 13:45:00', 71.1925, 71.1925, 71.1925, 71.1925, 307]
['2019-03-29 13:44:00', 71.1725, 71.1725, 71.1725, 71.1725, 102]
['2019-03-29 13:43:00', 71.13, 71.13, 71.13, 71.13, 212]
['2019-03-29 13:40:00', 71.11, 71.11, 71.11, 71.11, 107]
['2019-03-29 13:39:00', 71.078, 71.078, 71.078, 71.078, 432]
['2019-03-29 13:37:00', 71.0865, 71.0865, 71.0865, 71.0865, 230]
['2019-03-29 13:35:00', 71.08, 71.08, 71.08, 71.08, 177]
['2019-03-29 13:34:00', 71.03, 71.03, 71.03, 71.03, 523]
['2019-03-29 13:32:00', 71.08, 71.04, 71.04, 71.08, 811]
['2019-03-29 13:31:00', 71.11, 71.11, 71.11, 71.11, 603]
['2019-03-29 13:28:00', 71.11, 71.11, 71.11, 71.11, 156]
['2019-03-29 13:26:00', 71.11, 71.11, 71.11, 71.11, 200]
['2019-03-29 13:21:00', 71.11, 71.08, 71.08, 71.11, 519]
['2019-03-29 13:16:00', 71.17, 71.17, 71.17, 71.17, 222]
['2019-03-29 13:15:00', 71.18, 71.17, 71.17, 71.18, 950]
['2019-03-29 13:14:00', 71.17, 71.17, 71.17, 71.17, 308]
['2019-03-29 13:13:00', 71.17, 71.17, 71.17, 71.17, 664]
['2019-03-29 13:12:00', 71.18, 71.18, 71.18, 71.18, 335]
['2019-03-29 13:06:00', 71.21, 71.21, 71.21, 71.21, 865]
['2019-03-29 12:55:00', 71.2, 71.2, 71.2, 71.2, 639]
['2019-03-29 12:51:00', 71.21, 71.21, 71.21, 71.21, 312]
['2019-03-29 12:48:00', 71.17, 71.15, 71.15, 71.17, 1257]
['2019-03-29 12:47:00', 71.22, 71.22, 71.22, 71.22, 206]
['2019-03-29 12:43:00', 71.26, 71.26, 71.26, 71.26, 236]
['2019-03-29 12:31:00', 71.15, 71.13, 71.13, 71.15, 659]
['2019-03-29 12:30:00', 71.2, 71.2, 71.2, 71.2, 630]
['2019-03-29 12:26:00', 71.25, 71.25, 71.25, 71.25, 596]
['2019-03-29 12:24:00', 71.29, 71.29, 71.29, 71.29, 107]
['2019-03-29 12:18:00', 71.29, 71.18, 71.18, 71.29, 702]
['2019-03-29 12:14:00', 71.21, 71.24, 71.21, 71.24, 901]
['2019-03-29 12:13:00', 71.29, 71.29, 71.29, 71.29, 598]
['2019-03-29 12:10:00', 71.255, 71.255, 71.255, 71.255, 277]
['2019-03-29 12:06:00', 71.34, 71.3453, 71.34, 71.3453, 1849]
['2019-03-29 12:00:00', 71.39, 71.36, 71.36, 71.39, 1343]
['2019-03-29 11:58:00', 71.45, 71.45, 71.45, 71.45, 126]
['2019-03-29 11:56:00', 71.39, 71.39, 71.39, 71.39, 484]
['2019-03-29 11:55:00', 71.35, 71.35, 71.35, 71.35, 265]
['2019-03-29 11:51:00', 71.35, 71.35, 71.35, 71.35, 277]
['2019-03-29 11:50:00', 71.36, 71.36, 71.36, 71.36, 305]
['2019-03-29 11:48:00', 71.375, 71.375, 71.375, 71.375, 702]
['2019-03-29 11:47:00', 71.28, 71.27, 71.27, 71.28, 651]
['2019-03-29 11:46:00', 71.3, 71.3, 71.3, 71.3, 481]
['2019-03-29 11:44:00', 71.36, 71.36, 71.36, 71.36, 403]
['2019-03-29 11:41:00', 71.33, 71.33, 71.33, 71.33, 497]
['2019-03-29 11:37:00', 71.31, 71.31, 71.31, 71.31, 219]
['2019-03-29 11:35:00', 71.4, 71.365, 71.365, 71.4, 1029]
['2019-03-29 11:33:00', 71.42, 71.42, 71.42, 71.42, 266]
['2019-03-29 11:29:00', 71.51, 71.47, 71.47, 71.51, 1137]
['2019-03-29 11:28:00', 71.535, 71.535, 71.535, 71.535, 245]
['2019-03-29 11:25:00', 71.49, 71.52, 71.49, 71.52, 853]
['2019-03-29 11:22:00', 71.55, 71.55, 71.55, 71.55, 193]
['2019-03-29 11:21:00', 71.53, 71.53, 71.53, 71.53, 201]
['2019-03-29 11:15:00', 71.52, 71.52, 71.52, 71.52, 520]
['2019-03-29 11:13:00', 71.485, 71.485, 71.485, 71.485, 146]
['2019-03-29 11:11:00', 71.56, 71.53, 71.53, 71.56, 1420]
['2019-03-29 11:08:00', 71.6, 71.6, 71.6, 71.6, 403]
['2019-03-29 11:04:00', 71.54, 71.54, 71.54, 71.54, 296]
['2019-03-29 11:02:00', 71.49, 71.49, 71.49, 71.49, 305]
['2019-03-29 11:01:00', 71.55, 71.55, 71.55, 71.55, 218]
['2019-03-29 10:57:00', 71.39, 71.39, 71.39, 71.39, 290]
['2019-03-29 10:51:00', 71.455, 71.455, 71.455, 71.455, 1221]
['2019-03-29 10:50:00', 71.525, 71.525, 71.525, 71.525, 456]
['2019-03-29 10:49:00', 71.58, 71.58, 71.58, 71.58, 101]
['2019-03-29 10:41:00', 71.57, 71.57, 71.57, 71.57, 884]
['2019-03-29 10:40:00', 71.45, 71.45, 71.45, 71.45, 301]
['2019-03-29 10:27:00', 71.27, 71.27, 71.27, 71.27, 1044]
['2019-03-29 10:25:00', 71.16, 71.16, 71.16, 71.16, 348]
['2019-03-29 10:23:00', 71.22, 71.22, 71.22, 71.22, 283]
['2019-03-29 10:20:00', 71.145, 71.145, 71.145, 71.145, 747]
['2019-03-29 10:16:00', 71.18, 71.18, 71.18, 71.18, 201]
['2019-03-29 10:15:00', 71.19, 71.19, 71.19, 71.19, 275]
['2019-03-29 10:13:00', 71.19, 71.19, 71.19, 71.19, 102]
['2019-03-29 10:11:00', 71.18, 71.18, 71.18, 71.18, 451]
['2019-03-29 10:08:00', 71.2, 71.2, 71.2, 71.2, 300]
['2019-03-29 10:05:00', 71.14, 71.14, 71.14, 71.14, 424]
['2019-03-29 09:52:00', 71.1, 71.1, 71.1, 71.1, 558]
['2019-03-29 09:50:00', 71.1, 71.1, 71.1, 71.1, 438]
['2019-03-29 09:47:00', 71.15, 71.07, 71.07, 71.15, 980]
['2019-03-29 09:45:00', 71.36, 71.36, 71.36, 71.36, 856]
['2019-03-29 09:43:00', 71.35, 71.35, 71.35, 71.35, 255]
['2019-03-29 09:42:00', 71.31, 71.31, 71.31, 71.31, 612]
['2019-03-29 09:41:00', 71.385, 71.385, 71.385, 71.385, 375]
['2019-03-29 09:38:00', 71.38, 71.38, 71.38, 71.38, 109]
['2019-03-29 09:32:00', 71.465, 71.465, 71.465, 71.465, 1353]
['2019-03-28 16:00:00', 71.31, 71.26, 71.26, 71.31, 4770]
['2019-03-28 15:58:00', 71.43, 71.36, 71.36, 71.43, 5264]
['2019-03-28 15:57:00', 71.37, 71.35, 71.35, 71.37, 2702]
['2019-03-28 15:56:00', 71.4, 71.4, 71.4, 71.4, 743]
['2019-03-28 15:55:00', 71.3299, 71.3299, 71.3299, 71.3299, 747]
['2019-03-28 15:53:00', 71.28, 71.28, 71.28, 71.28, 525]
['2019-03-28 15:52:00', 71.32, 71.32, 71.32, 71.32, 1169]
['2019-03-28 15:51:00', 71.33, 71.33, 71.33, 71.33, 356]
['2019-03-28 15:49:00', 71.33, 71.32, 71.32, 71.33, 2151]
['2019-03-28 15:48:00', 71.32, 71.32, 71.32, 71.32, 664]
['2019-03-28 15:47:00', 71.29, 71.29, 71.29, 71.29, 465]
['2019-03-28 15:46:00', 71.25, 71.25, 71.25, 71.25, 582]
['2019-03-28 15:45:00', 71.23, 71.23, 71.23, 71.23, 578]
['2019-03-28 15:44:00', 71.2, 71.2, 71.2, 71.2, 276]
['2019-03-28 15:43:00', 71.23, 71.23, 71.23, 71.23, 927]
['2019-03-28 15:41:00', 71.23, 71.23, 71.23, 71.23, 486]
['2019-03-28 15:40:00', 71.3, 71.3, 71.3, 71.3, 1566]
['2019-03-28 15:38:00', 71.32, 71.32, 71.32, 71.32, 1422]
['2019-03-28 15:37:00', 71.28, 71.28, 71.28, 71.28, 200]
['2019-03-28 15:34:00', 71.33, 71.31, 71.31, 71.33, 1680]
['2019-03-28 15:33:00', 71.32, 71.32, 71.32, 71.32, 423]
['2019-03-28 15:31:00', 71.27, 71.27, 71.27, 71.27, 357]
['2019-03-28 15:27:00', 71.2, 71.2, 71.2, 71.2, 685]
['2019-03-28 15:25:00', 71.19, 71.17, 71.17, 71.19, 627]
['2019-03-28 15:22:00', 71.25, 71.25, 71.25, 71.25, 102]
['2019-03-28 15:20:00', 71.23, 71.23, 71.23, 71.23, 351]
['2019-03-28 15:19:00', 71.18, 71.18, 71.18, 71.18, 214]
['2019-03-28 15:18:00', 71.18, 71.18, 71.18, 71.18, 977]
['2019-03-28 15:17:00', 71.195, 71.195, 71.195, 71.195, 683]
['2019-03-28 15:14:00', 71.17, 71.17, 71.17, 71.17, 578]
['2019-03-28 15:13:00', 71.12, 71.14, 71.12, 71.14, 919]
['2019-03-28 15:11:00', 71.12, 71.12, 71.12, 71.12, 152]
['2019-03-28 15:09:00', 71.1, 71.1, 71.1, 71.1, 123]
['2019-03-28 15:05:00', 71.11, 71.11, 71.11, 71.11, 387]
['2019-03-28 15:02:00', 71.06, 71.06, 71.06, 71.06, 162]
['2019-03-28 14:56:00', 71.1, 71.1, 71.1, 71.1, 313]
['2019-03-28 14:49:00', 71.08, 71.08, 71.08, 71.08, 546]
['2019-03-28 14:48:00', 71.17, 71.17, 71.17, 71.17, 221]
['2019-03-28 14:42:00', 71.09, 71.09, 71.09, 71.09, 901]
['2019-03-28 14:40:00', 71.06, 71.06, 71.06, 71.06, 620]
['2019-03-28 14:39:00', 71.105, 71.105, 71.105, 71.105, 376]
['2019-03-28 14:38:00', 71.08, 71.08, 71.08, 71.08, 222]
['2019-03-28 14:35:00', 71.085, 71.085, 71.085, 71.085, 339]
['2019-03-28 14:26:00', 71.107, 71.13, 71.107, 71.13, 1155]
['2019-03-28 14:24:00', 71.04, 71.04, 71.04, 71.04, 100]
['2019-03-28 14:22:00', 71.08, 71.08, 71.08, 71.08, 100]
['2019-03-28 14:19:00', 71.14, 71.14, 71.14, 71.14, 116]
['2019-03-28 14:17:00', 71.14, 71.14, 71.14, 71.14, 100]
['2019-03-28 14:15:00', 71.12, 71.12, 71.12, 71.12, 133]
['2019-03-28 14:13:00', 71.13, 71.13, 71.13, 71.13, 254]
['2019-03-28 14:10:00', 71.1, 71.1, 71.1, 71.1, 357]
['2019-03-28 14:07:00', 71.11, 71.11, 71.11, 71.11, 536]
['2019-03-28 14:06:00', 71.14, 71.14, 71.14, 71.14, 344]
['2019-03-28 14:04:00', 71.14, 71.12, 71.12, 71.14, 494]
['2019-03-28 14:02:00', 71.05, 71.08, 71.05, 71.08, 487]
['2019-03-28 13:57:00', 71.05, 71.05, 71.05, 71.05, 182]
['2019-03-28 13:55:00', 71.03, 71.03, 71.03, 71.03, 212]
['2019-03-28 13:51:00', 70.95, 70.95, 70.95, 70.95, 302]
['2019-03-28 13:50:00', 70.95, 70.95, 70.95, 70.95, 507]
['2019-03-28 13:49:00', 70.94, 70.94, 70.94, 70.94, 367]
['2019-03-28 13:48:00', 70.92, 70.92, 70.92, 70.92, 211]
['2019-03-28 13:47:00', 70.93, 70.93, 70.93, 70.93, 210]
['2019-03-28 13:46:00', 70.94, 70.94, 70.94, 70.94, 267]
['2019-03-28 13:45:00', 70.96, 70.96, 70.96, 70.96, 276]
['2019-03-28 13:44:00', 70.995, 70.995, 70.995, 70.995, 201]
['2019-03-28 13:42:00', 71.0, 71.0, 71.0, 71.0, 166]
['2019-03-28 13:40:00', 70.985, 70.985, 70.985, 70.985, 160]
['2019-03-28 13:35:00', 71.015, 71.015, 71.015, 71.015, 323]
['2019-03-28 13:34:00', 71.02, 71.02, 71.02, 71.02, 548]
['2019-03-28 13:32:00', 71.0, 71.0, 71.0, 71.0, 210]
['2019-03-28 13:31:00', 70.95, 70.95, 70.95, 70.95, 161]
['2019-03-28 13:26:00', 71.0, 70.97, 70.97, 71.0, 1150]
['2019-03-28 13:25:00', 71.01, 71.01, 71.01, 71.01, 105]
['2019-03-28 13:17:00', 70.96, 70.96, 70.96, 70.96, 387]
['2019-03-28 13:16:00', 70.93, 70.93, 70.93, 70.93, 101]
['2019-03-28 13:14:00', 71.0, 71.0, 71.0, 71.0, 365]
['2019-03-28 13:01:00', 70.9, 70.9, 70.9, 70.9, 565]
['2019-03-28 12:55:00', 70.845, 70.845, 70.845, 70.845, 214]
['2019-03-28 12:52:00', 70.88, 70.88, 70.88, 70.88, 414]
['2019-03-28 12:46:00', 70.87, 70.87, 70.87, 70.87, 481]
['2019-03-28 12:45:00', 70.86, 70.94, 70.86, 70.94, 204]
['2019-03-28 12:37:00', 70.94, 70.94, 70.94, 70.94, 661]
['2019-03-28 12:34:00', 70.81, 70.81, 70.81, 70.81, 407]
['2019-03-28 12:33:00', 70.9, 70.9, 70.9, 70.9, 478]
['2019-03-28 12:27:00', 70.78, 70.74, 70.74, 70.78, 407]
['2019-03-28 12:23:00', 70.83, 70.83, 70.83, 70.83, 236]
['2019-03-28 12:20:00', 70.77, 70.82, 70.77, 70.82, 580]
['2019-03-28 12:19:00', 70.75, 70.75, 70.75, 70.75, 398]
['2019-03-28 12:18:00', 70.78, 70.78, 70.78, 70.78, 419]
['2019-03-28 12:15:00', 70.77, 70.77, 70.77, 70.77, 221]
['2019-03-28 12:14:00', 70.84, 70.84, 70.84, 70.84, 1020]
['2019-03-28 12:12:00', 70.8, 70.8, 70.8, 70.8, 602]
['2019-03-28 12:10:00', 70.81, 70.81, 70.81, 70.81, 178]
['2019-03-28 12:08:00', 70.83, 70.87, 70.83, 70.87, 2164]
['2019-03-28 12:06:00', 70.92, 70.92, 70.92, 70.92, 503]
['2019-03-28 12:03:00', 70.93, 70.93, 70.93, 70.93, 635]
['2019-03-28 12:02:00', 70.88, 70.88, 70.88, 70.88, 100]
['2019-03-28 11:56:00', 70.8462, 70.8462, 70.8462, 70.8462, 238]
['2019-03-28 11:53:00', 70.96, 70.96, 70.96, 70.96, 401]
['2019-03-28 11:50:00', 70.97, 70.97, 70.97, 70.97, 108]
['2019-03-28 11:49:00', 70.91, 70.91, 70.91, 70.91, 729]
['2019-03-28 11:47:00', 70.8, 70.8, 70.8, 70.8, 1202]
['2019-03-28 11:46:00', 70.9, 70.9, 70.9, 70.9, 372]
['2019-03-28 11:44:00', 70.95, 70.95, 70.95, 70.95, 218]
['2019-03-28 11:43:00', 70.92, 70.92, 70.92, 70.92, 470]
['2019-03-28 11:38:00', 70.95, 70.95, 70.95, 70.95, 409]
['2019-03-28 11:30:00', 70.96, 70.97, 70.96, 70.97, 572]
['2019-03-28 11:26:00', 70.983, 70.983, 70.983, 70.983, 701]
['2019-03-28 11:24:00', 71.01, 71.01, 71.01, 71.01, 100]
['2019-03-28 11:22:00', 71.023, 71.023, 71.023, 71.023, 841]
['2019-03-28 11:20:00', 71.05, 71.05, 71.05, 71.05, 355]
['2019-03-28 11:18:00', 71.2011, 71.2011, 71.2011, 71.2011, 295]
['2019-03-28 11:14:00', 71.3, 71.3, 71.3, 71.3, 223]
['2019-03-28 11:10:00', 71.27, 71.27, 71.27, 71.27, 356]
['2019-03-28 11:07:00', 71.2479, 71.2479, 71.2479, 71.2479, 399]
['2019-03-28 11:04:00', 71.27, 71.27, 71.27, 71.27, 267]
['2019-03-28 10:57:00', 71.22, 71.22, 71.22, 71.22, 554]
['2019-03-28 10:46:00', 71.45, 71.45, 71.45, 71.45, 815]
['2019-03-28 10:45:00', 71.47, 71.47, 71.47, 71.47, 115]
['2019-03-28 10:43:00', 71.54, 71.54, 71.54, 71.54, 461]
['2019-03-28 10:37:00', 71.58, 71.58, 71.58, 71.58, 477]
['2019-03-28 10:34:00', 71.61, 71.61, 71.61, 71.61, 250]
['2019-03-28 10:32:00', 71.61, 71.61, 71.61, 71.61, 169]
['2019-03-28 10:28:00', 71.62, 71.62, 71.62, 71.62, 312]
['2019-03-28 10:21:00', 71.565, 71.565, 71.565, 71.565, 221]
['2019-03-28 10:19:00', 71.62, 71.62, 71.62, 71.62, 219]
['2019-03-28 10:13:00', 71.66, 71.66, 71.66, 71.66, 223]
['2019-03-28 10:09:00', 71.59, 71.59, 71.59, 71.59, 302]
['2019-03-28 10:08:00', 71.47, 71.47, 71.47, 71.47, 176]
['2019-03-28 09:59:00', 71.78, 71.78, 71.78, 71.78, 1052]
['2019-03-28 09:56:00', 71.77, 71.77, 71.77, 71.77, 763]
['2019-03-28 09:52:00', 71.88, 71.86, 71.86, 71.88, 779]
['2019-03-28 09:50:00', 71.68, 71.68, 71.68, 71.68, 524]
['2019-03-28 09:45:00', 71.55, 71.55, 71.55, 71.55, 408]
['2019-03-28 09:35:00', 71.55, 71.55, 71.55, 71.55, 575]
['2019-03-28 09:32:00', 71.64, 71.64, 71.64, 71.64, 902]
['2019-03-27 16:00:00', 71.7, 71.7, 71.7, 71.7, 2411]
['2019-03-27 15:59:00', 71.74, 71.74, 71.74, 71.74, 1439]
['2019-03-27 15:58:00', 71.74, 71.74, 71.74, 71.74, 1746]
['2019-03-27 15:57:00', 71.62, 71.62, 71.62, 71.62, 824]
['2019-03-27 15:56:00', 71.6, 71.6, 71.6, 71.6, 659]
['2019-03-27 15:55:00', 71.61, 71.61, 71.61, 71.61, 1229]
['2019-03-27 15:54:00', 71.67, 71.67, 71.67, 71.67, 862]
['2019-03-27 15:51:00', 71.78, 71.78, 71.78, 71.78, 826]
['2019-03-27 15:50:00', 71.84, 71.84, 71.84, 71.84, 527]
['2019-03-27 15:47:00', 71.89, 71.89, 71.89, 71.89, 134]
['2019-03-27 15:46:00', 71.9, 71.9, 71.9, 71.9, 1338]
['2019-03-27 15:45:00', 71.83, 71.86, 71.83, 71.86, 1206]
['2019-03-27 15:44:00', 71.86, 71.86, 71.86, 71.86, 540]
['2019-03-27 15:40:00', 71.83, 71.83, 71.83, 71.83, 381]
['2019-03-27 15:36:00', 71.89, 71.89, 71.89, 71.89, 774]
['2019-03-27 15:35:00', 71.88, 71.88, 71.88, 71.88, 300]
['2019-03-27 15:32:00', 71.83, 71.83, 71.83, 71.83, 121]
['2019-03-27 15:31:00', 71.76, 71.76, 71.76, 71.76, 114]
['2019-03-27 15:30:00', 71.75, 71.75, 71.75, 71.75, 570]
['2019-03-27 15:27:00', 71.71, 71.71, 71.71, 71.71, 411]
['2019-03-27 15:25:00', 71.7, 71.7, 71.7, 71.7, 101]
['2019-03-27 15:23:00', 71.7, 71.7, 71.7, 71.7, 265]
['2019-03-27 15:18:00', 71.64, 71.64, 71.64, 71.64, 603]
['2019-03-27 15:16:00', 71.65, 71.65, 71.65, 71.65, 172]
['2019-03-27 15:13:00', 71.7, 71.7, 71.7, 71.7, 241]
['2019-03-27 15:12:00', 71.68, 71.75, 71.68, 71.75, 796]
['2019-03-27 15:08:00', 71.69, 71.69, 71.69, 71.69, 534]
['2019-03-27 15:07:00', 71.69, 71.73, 71.69, 71.73, 637]
['2019-03-27 15:04:00', 71.7, 71.7, 71.7, 71.7, 142]
['2019-03-27 15:03:00', 71.73, 71.73, 71.73, 71.73, 206]
['2019-03-27 14:57:00', 71.76, 71.76, 71.76, 71.76, 424]
['2019-03-27 14:55:00', 71.74, 71.74, 71.74, 71.74, 404]
['2019-03-27 14:54:00', 71.77, 71.77, 71.77, 71.77, 119]
['2019-03-27 14:52:00', 71.765, 71.77, 71.765, 71.77, 950]
['2019-03-27 14:47:00', 71.7491, 71.745, 71.745, 71.7491, 1942]
['2019-03-27 14:36:00', 71.66, 71.66, 71.66, 71.66, 509]
['2019-03-27 14:34:00', 71.705, 71.69, 71.69, 71.705, 560]
['2019-03-27 14:32:00', 71.7277, 71.7277, 71.7277, 71.7277, 325]
['2019-03-27 14:30:00', 71.7, 71.7, 71.7, 71.7, 400]
['2019-03-27 14:29:00', 71.74, 71.74, 71.74, 71.74, 102]
['2019-03-27 14:27:00', 71.76, 71.76, 71.76, 71.76, 314]
['2019-03-27 14:26:00', 71.65, 71.65, 71.65, 71.65, 129]
['2019-03-27 14:24:00', 71.56, 71.56, 71.56, 71.56, 201]
['2019-03-27 14:17:00', 71.705, 71.705, 71.705, 71.705, 968]
['2019-03-27 14:15:00', 71.72, 71.72, 71.72, 71.72, 393]
['2019-03-27 14:12:00', 71.6, 71.6, 71.6, 71.6, 386]
['2019-03-27 14:07:00', 71.515, 71.515, 71.515, 71.515, 232]
['2019-03-27 14:04:00', 71.54, 71.54, 71.54, 71.54, 499]
['2019-03-27 14:02:00', 71.47, 71.47, 71.47, 71.47, 100]
['2019-03-27 14:01:00', 71.49, 71.49, 71.49, 71.49, 401]
['2019-03-27 14:00:00', 71.56, 71.56, 71.56, 71.56, 661]
['2019-03-27 13:58:00', 71.53, 71.53, 71.53, 71.53, 101]
['2019-03-27 13:55:00', 71.51, 71.51, 71.51, 71.51, 370]
['2019-03-27 13:53:00', 71.5, 71.5, 71.5, 71.5, 124]
['2019-03-27 13:46:00', 71.415, 71.415, 71.415, 71.415, 379]
['2019-03-27 13:42:00', 71.44, 71.44, 71.44, 71.44, 220]
['2019-03-27 13:41:00', 71.37, 71.37, 71.37, 71.37, 1469]
['2019-03-27 13:40:00', 71.32, 71.32, 71.32, 71.32, 100]
['2019-03-27 13:39:00', 71.295, 71.295, 71.295, 71.295, 235]
['2019-03-27 13:35:00', 71.18, 71.18, 71.18, 71.18, 264]
['2019-03-27 13:32:00', 71.32, 71.32, 71.32, 71.32, 517]
['2019-03-27 13:30:00', 71.3, 71.3, 71.3, 71.3, 401]
['2019-03-27 13:29:00', 71.36, 71.36, 71.36, 71.36, 214]
['2019-03-27 13:25:00', 71.31, 71.31, 71.31, 71.31, 383]
['2019-03-27 13:23:00', 71.29, 71.29, 71.29, 71.29, 402]
['2019-03-27 13:22:00', 71.285, 71.285, 71.285, 71.285, 249]
['2019-03-27 13:18:00', 71.27, 71.27, 71.27, 71.27, 447]
['2019-03-27 13:13:00', 71.08, 71.1, 71.08, 71.1, 1475]
['2019-03-27 13:11:00', 71.07, 71.05, 71.05, 71.07, 554]
['2019-03-27 13:10:00', 71.15, 71.15, 71.15, 71.15, 358]
['2019-03-27 13:07:00', 71.05, 71.14, 71.05, 71.14, 903]
['2019-03-27 13:04:00', 71.1, 71.1, 71.1, 71.1, 316]
['2019-03-27 13:02:00', 71.12, 71.12, 71.12, 71.12, 101]
['2019-03-27 13:01:00', 71.185, 71.185, 71.185, 71.185, 312]
['2019-03-27 12:59:00', 71.15, 71.15, 71.15, 71.15, 334]
['2019-03-27 12:57:00', 71.15, 71.15, 71.15, 71.15, 201]
['2019-03-27 12:56:00', 71.16, 71.165, 71.16, 71.165, 1149]
['2019-03-27 12:54:00', 71.165, 71.165, 71.165, 71.165, 211]
['2019-03-27 12:52:00', 71.2, 71.1, 71.1, 71.2, 3390]
['2019-03-27 12:50:00', 71.14, 71.14, 71.14, 71.14, 1490]
['2019-03-27 12:48:00', 71.18, 71.18, 71.18, 71.18, 202]
['2019-03-27 12:47:00', 71.22, 71.13, 71.13, 71.22, 2992]
['2019-03-27 12:45:00', 71.22, 71.245, 71.22, 71.245, 1483]
['2019-03-27 12:43:00', 71.12, 71.12, 71.12, 71.12, 200]
['2019-03-27 12:42:00', 71.21, 71.21, 71.21, 71.21, 317]
['2019-03-27 12:40:00', 71.2, 71.2, 71.2, 71.2, 810]
['2019-03-27 12:39:00', 71.14, 71.14, 71.14, 71.14, 1261]
['2019-03-27 12:36:00', 71.15, 71.15, 71.15, 71.15, 202]
['2019-03-27 12:33:00', 71.19, 71.18, 71.18, 71.19, 1217]
['2019-03-27 12:31:00', 71.18, 71.18, 71.18, 71.18, 401]
['2019-03-27 12:29:00', 71.33, 71.215, 71.215, 71.33, 601]
['2019-03-27 12:25:00', 71.289, 71.289, 71.289, 71.289, 200]
['2019-03-27 12:24:00', 71.22, 71.22, 71.22, 71.22, 501]
['2019-03-27 12:20:00', 71.265, 71.26, 71.26, 71.265, 1311]
['2019-03-27 12:19:00', 71.35, 71.35, 71.35, 71.35, 2625]
['2019-03-27 12:18:00', 71.45, 71.27, 71.27, 71.45, 1808]
['2019-03-27 12:14:00', 71.52, 71.52, 71.52, 71.52, 661]
['2019-03-27 12:12:00', 71.39, 71.39, 71.39, 71.39, 601]
['2019-03-27 12:09:00', 71.45, 71.45, 71.45, 71.45, 428]
['2019-03-27 12:06:00', 71.55, 71.55, 71.55, 71.55, 533]
['2019-03-27 12:03:00', 71.46, 71.435, 71.435, 71.46, 481]
['2019-03-27 12:00:00', 71.29, 71.29, 71.29, 71.29, 202]
['2019-03-27 11:57:00', 71.3, 71.3, 71.3, 71.3, 730]
['2019-03-27 11:56:00', 71.29, 71.29, 71.29, 71.29, 684]
['2019-03-27 11:55:00', 71.31, 71.31, 71.31, 71.31, 403]
['2019-03-27 11:53:00', 71.32, 71.32, 71.32, 71.32, 869]
['2019-03-27 11:52:00', 71.405, 71.405, 71.405, 71.405, 204]
['2019-03-27 11:51:00', 71.43, 71.43, 71.43, 71.43, 125]
['2019-03-27 11:48:00', 71.4378, 71.4378, 71.4378, 71.4378, 356]
['2019-03-27 11:46:00', 71.38, 71.38, 71.38, 71.38, 380]
['2019-03-27 11:45:00', 71.28, 71.28, 71.28, 71.28, 464]
['2019-03-27 11:42:00', 71.38, 71.38, 71.38, 71.38, 338]
['2019-03-27 11:40:00', 71.37, 71.37, 71.37, 71.37, 265]
['2019-03-27 11:39:00', 71.45, 71.45, 71.45, 71.45, 1010]
['2019-03-27 11:37:00', 71.28, 71.28, 71.28, 71.28, 483]
['2019-03-27 11:33:00', 71.39, 71.39, 71.39, 71.39, 885]
['2019-03-27 11:31:00', 71.44, 71.44, 71.44, 71.44, 1663]
['2019-03-27 11:29:00', 71.42, 71.42, 71.42, 71.42, 152]
['2019-03-27 11:25:00', 71.4, 71.4, 71.4, 71.4, 261]
['2019-03-27 11:20:00', 71.33, 71.33, 71.33, 71.33, 673]
['2019-03-27 11:18:00', 71.38, 71.38, 71.38, 71.38, 2224]
['2019-03-27 11:10:00', 71.53, 71.53, 71.53, 71.53, 220]
['2019-03-27 11:08:00', 71.575, 71.575, 71.575, 71.575, 128]
['2019-03-27 11:03:00', 71.67, 71.67, 71.67, 71.67, 1187]
['2019-03-27 10:59:00', 71.55, 71.55, 71.55, 71.55, 283]
['2019-03-27 10:57:00', 71.52, 71.52, 71.52, 71.52, 150]
['2019-03-27 10:53:00', 71.5268, 71.5268, 71.5268, 71.5268, 1450]
['2019-03-27 10:47:00', 71.57, 71.57, 71.57, 71.57, 613]
['2019-03-27 10:38:00', 71.4715, 71.4715, 71.4715, 71.4715, 491]
['2019-03-27 10:37:00', 71.65, 71.65, 71.65, 71.65, 962]
['2019-03-27 10:34:00', 71.56, 71.56, 71.56, 71.56, 533]
['2019-03-27 10:24:00', 71.585, 71.585, 71.585, 71.585, 576]
['2019-03-27 10:15:00', 71.59, 71.59, 71.59, 71.59, 308]
['2019-03-27 10:09:00', 71.59, 71.59, 71.59, 71.59, 122]
['2019-03-27 10:08:00', 71.63, 71.63, 71.63, 71.63, 103]
['2019-03-27 10:07:00', 71.69, 71.69, 71.69, 71.69, 438]
['2019-03-27 10:01:00', 71.66, 71.66, 71.66, 71.66, 316]
['2019-03-27 09:50:00', 71.65, 71.65, 71.65, 71.65, 1672]
['2019-03-27 09:47:00', 71.49, 71.49, 71.49, 71.49, 200]
['2019-03-27 09:37:00', 71.67, 71.68, 71.67, 71.68, 525]
['2019-03-27 09:31:00', 71.85, 71.85, 71.85, 71.85, 2080]
['2019-03-26 16:00:00', 71.98, 71.98, 71.98, 71.98, 2816]
['2019-03-26 15:59:00', 71.96, 71.96, 71.96, 71.96, 1099]
['2019-03-26 15:58:00', 71.87, 71.87, 71.87, 71.87, 889]
['2019-03-26 15:57:00', 71.9, 71.83, 71.83, 71.9, 2697]
['2019-03-26 15:56:00', 71.89, 71.89, 71.89, 71.89, 1329]
['2019-03-26 15:55:00', 71.87, 71.87, 71.87, 71.87, 832]
['2019-03-26 15:52:00', 71.87, 71.88, 71.87, 71.88, 1885]
['2019-03-26 15:51:00', 71.83, 71.83, 71.83, 71.83, 1203]
['2019-03-26 15:50:00', 71.8, 71.8, 71.8, 71.8, 762]
['2019-03-26 15:48:00', 71.75, 71.75, 71.75, 71.75, 599]
['2019-03-26 15:47:00', 71.7, 71.7, 71.7, 71.7, 679]
['2019-03-26 15:46:00', 71.71, 71.71, 71.71, 71.71, 367]
['2019-03-26 15:45:00', 71.77, 71.77, 71.77, 71.77, 594]
['2019-03-26 15:44:00', 71.78, 71.785, 71.78, 71.785, 337]
['2019-03-26 15:42:00', 71.79, 71.79, 71.79, 71.79, 284]
['2019-03-26 15:40:00', 71.8, 71.8, 71.8, 71.8, 919]
['2019-03-26 15:39:00', 71.79, 71.79, 71.79, 71.79, 697]
['2019-03-26 15:38:00', 71.81, 71.81, 71.81, 71.81, 146]
['2019-03-26 15:37:00', 71.8, 71.8, 71.8, 71.8, 252]
['2019-03-26 15:36:00', 71.84, 71.84, 71.84, 71.84, 798]
['2019-03-26 15:35:00', 71.79, 71.8, 71.79, 71.8, 1031]
['2019-03-26 15:31:00', 71.86, 71.87, 71.86, 71.87, 1753]
['2019-03-26 15:29:00', 71.93, 71.93, 71.93, 71.93, 116]
['2019-03-26 15:26:00', 71.9, 71.9, 71.9, 71.9, 357]
['2019-03-26 15:21:00', 71.94, 71.94, 71.94, 71.94, 975]
['2019-03-26 15:19:00', 72.0, 72.0, 72.0, 72.0, 446]
['2019-03-26 15:17:00', 71.99, 71.97, 71.97, 71.99, 818]
['2019-03-26 15:14:00', 72.0, 72.04, 72.0, 72.04, 697]
['2019-03-26 15:13:00', 72.01, 72.01, 72.01, 72.01, 360]
['2019-03-26 15:10:00', 72.0, 72.0, 72.0, 72.0, 497]
['2019-03-26 15:09:00', 72.01, 72.01, 72.01, 72.01, 151]
['2019-03-26 15:04:00', 72.005, 72.005, 72.005, 72.005, 401]
['2019-03-26 15:03:00', 72.0, 72.0, 72.0, 72.0, 749]
['2019-03-26 15:02:00', 72.01, 72.05, 72.01, 72.07, 1704]
['2019-03-26 14:59:00', 72.02, 72.02, 72.02, 72.02, 793]
['2019-03-26 14:55:00', 71.93, 71.94, 71.93, 71.94, 712]
['2019-03-26 14:52:00', 71.93, 71.925, 71.925, 71.93, 572]
['2019-03-26 14:48:00', 71.99, 71.99, 71.99, 71.99, 121]
['2019-03-26 14:47:00', 71.96, 71.96, 71.96, 71.96, 827]
['2019-03-26 14:42:00', 71.95, 71.95, 71.95, 71.95, 185]
['2019-03-26 14:40:00', 71.95, 71.95, 71.95, 71.95, 147]
['2019-03-26 14:34:00', 71.84, 71.84, 71.84, 71.84, 215]
['2019-03-26 14:33:00', 71.85, 71.85, 71.85, 71.85, 251]
['2019-03-26 14:30:00', 71.89, 71.89, 71.89, 71.89, 110]
['2019-03-26 14:25:00', 71.85, 71.85, 71.85, 71.85, 303]
['2019-03-26 14:24:00', 71.79, 71.79, 71.79, 71.79, 110]
['2019-03-26 14:21:00', 71.79, 71.77, 71.77, 71.79, 1131]
['2019-03-26 14:12:00', 71.79, 71.79, 71.79, 71.79, 262]
['2019-03-26 14:11:00', 71.8, 71.8, 71.8, 71.8, 102]
['2019-03-26 14:10:00', 71.78, 71.78, 71.78, 71.78, 652]
['2019-03-26 14:06:00', 71.79, 71.79, 71.79, 71.79, 860]
['2019-03-26 14:03:00', 71.78, 71.78, 71.78, 71.78, 179]
['2019-03-26 14:01:00', 71.77, 71.77, 71.77, 71.77, 410]
['2019-03-26 14:00:00', 71.74, 71.74, 71.74, 71.74, 330]
['2019-03-26 13:59:00', 71.7, 71.7, 71.7, 71.7, 150]
['2019-03-26 13:53:00', 71.74, 71.74, 71.74, 71.74, 166]
['2019-03-26 13:52:00', 71.76, 71.76, 71.76, 71.76, 222]
['2019-03-26 13:51:00', 71.785, 71.785, 71.785, 71.785, 111]
['2019-03-26 13:47:00', 71.785, 71.785, 71.785, 71.785, 549]
['2019-03-26 13:43:00', 71.82, 71.75, 71.75, 71.82, 2398]
['2019-03-26 13:40:00', 71.83, 71.83, 71.83, 71.83, 268]
['2019-03-26 13:38:00', 71.83, 71.83, 71.83, 71.83, 270]
['2019-03-26 13:30:00', 71.84, 71.84, 71.84, 71.84, 554]
['2019-03-26 13:29:00', 71.885, 71.885, 71.885, 71.885, 527]
['2019-03-26 13:26:00', 71.9, 71.9, 71.9, 71.9, 451]
['2019-03-26 13:22:00', 71.9, 71.9, 71.9, 71.9, 487]
['2019-03-26 13:20:00', 71.93, 71.92, 71.92, 71.93, 622]
['2019-03-26 13:17:00', 71.82, 71.82, 71.82, 71.82, 327]
['2019-03-26 13:16:00', 71.94, 71.94, 71.94, 71.94, 201]
['2019-03-26 13:14:00', 71.91, 71.91, 71.91, 71.91, 329]
['2019-03-26 13:13:00', 71.91, 71.91, 71.91, 71.91, 100]
['2019-03-26 13:06:00', 71.87, 71.87, 71.87, 71.87, 234]
['2019-03-26 13:00:00', 71.83, 71.85, 71.83, 71.85, 833]
['2019-03-26 12:59:00', 71.84, 71.84, 71.84, 71.84, 256]
['2019-03-26 12:55:00', 71.86, 71.86, 71.86, 71.86, 251]
['2019-03-26 12:49:00', 71.86, 71.86, 71.86, 71.86, 629]
['2019-03-26 12:38:00', 71.99, 71.95, 71.95, 71.99, 882]
['2019-03-26 12:36:00', 72.0, 72.0, 72.0, 72.0, 334]
['2019-03-26 12:34:00', 72.02, 72.02, 72.02, 72.02, 471]
['2019-03-26 12:33:00', 71.98, 71.98, 71.98, 71.98, 473]
['2019-03-26 12:30:00', 71.96, 71.96, 71.96, 71.96, 226]
['2019-03-26 12:28:00', 71.96, 71.96, 71.96, 71.96, 111]
['2019-03-26 12:24:00', 71.93, 71.91, 71.91, 71.93, 570]
['2019-03-26 12:23:00', 72.02, 72.02, 72.02, 72.02, 750]
['2019-03-26 12:17:00', 72.01, 72.04, 72.01, 72.04, 1315]
['2019-03-26 12:14:00', 72.05, 72.05, 72.05, 72.05, 1824]
['2019-03-26 12:12:00', 71.99, 72.0, 71.99, 72.0, 681]
['2019-03-26 12:09:00', 71.99, 71.99, 71.99, 71.99, 112]
['2019-03-26 12:03:00', 72.03, 72.03, 72.03, 72.03, 298]
['2019-03-26 11:59:00', 71.96, 71.96, 71.96, 72.03, 2315]
['2019-03-26 11:50:00', 72.06, 72.06, 72.06, 72.06, 114]
['2019-03-26 11:48:00', 72.08, 72.08, 72.08, 72.08, 508]
['2019-03-26 11:44:00', 72.12, 72.12, 72.12, 72.12, 503]
['2019-03-26 11:39:00', 72.16, 72.16, 72.16, 72.16, 369]
['2019-03-26 11:38:00', 72.16, 72.16, 72.16, 72.16, 100]
['2019-03-26 11:37:00', 72.15, 72.15, 72.15, 72.15, 192]
['2019-03-26 11:35:00', 72.16, 72.16, 72.16, 72.16, 497]
['2019-03-26 11:31:00', 72.1157, 72.1157, 72.1157, 72.1157, 203]
['2019-03-26 11:27:00', 72.08, 72.08, 72.08, 72.08, 570]
['2019-03-26 11:26:00', 72.07, 72.07, 72.07, 72.07, 852]
['2019-03-26 11:25:00', 72.06, 72.06, 72.06, 72.06, 291]
['2019-03-26 11:20:00', 72.015, 72.015, 72.015, 72.015, 125]
['2019-03-26 11:18:00', 72.05, 72.05, 72.05, 72.05, 528]
['2019-03-26 11:11:00', 71.98, 71.98, 71.98, 71.98, 177]
['2019-03-26 11:07:00', 72.0322, 72.0322, 72.0322, 72.0322, 257]
['2019-03-26 11:04:00', 72.0038, 72.0038, 72.0038, 72.0038, 405]
['2019-03-26 10:56:00', 72.16, 72.16, 72.16, 72.16, 153]
['2019-03-26 10:54:00', 72.16, 72.16, 72.16, 72.16, 548]
['2019-03-26 10:46:00', 71.89, 71.89, 71.89, 71.89, 488]
['2019-03-26 10:43:00', 71.94, 71.94, 71.94, 71.94, 433]
['2019-03-26 10:37:00', 71.94, 71.94, 71.94, 71.94, 430]
['2019-03-26 10:35:00', 71.88, 71.88, 71.88, 71.88, 265]
['2019-03-26 10:34:00', 71.81, 71.81, 71.81, 71.81, 403]
['2019-03-26 10:30:00', 71.885, 71.8412, 71.8412, 71.885, 1349]
['2019-03-26 10:25:00', 71.901, 71.901, 71.901, 71.901, 300]
['2019-03-26 10:24:00', 71.92, 71.92, 71.92, 71.92, 537]
['2019-03-26 10:20:00', 71.94, 71.94, 71.94, 71.94, 900]
['2019-03-26 10:19:00', 71.84, 71.84, 71.84, 71.84, 910]
['2019-03-26 10:18:00', 71.89, 71.89, 71.89, 71.89, 1084]
['2019-03-26 10:17:00', 71.95, 71.95, 71.95, 71.95, 866]
['2019-03-26 10:14:00', 72.07, 72.07, 72.07, 72.07, 1608]
['2019-03-26 10:10:00', 72.1, 72.1, 72.1, 72.1, 1319]
['2019-03-26 10:04:00', 72.13, 72.13, 72.13, 72.13, 616]
['2019-03-26 10:00:00', 72.24, 72.05, 72.05, 72.24, 1095]
['2019-03-26 09:58:00', 72.24, 72.24, 72.24, 72.24, 340]
['2019-03-26 09:56:00', 72.12, 72.12, 72.12, 72.12, 1382]
['2019-03-26 09:54:00', 72.01, 72.04, 72.01, 72.04, 1640]
['2019-03-26 09:53:00', 72.215, 72.095, 72.095, 72.215, 1429]
['2019-03-26 09:50:00', 72.2, 72.19, 72.19, 72.2, 642]
['2019-03-26 09:48:00', 72.13, 72.13, 72.13, 72.13, 378]
['2019-03-26 09:47:00', 72.1, 72.1, 72.1, 72.1, 506]
['2019-03-26 09:46:00', 72.09, 72.09, 72.09, 72.09, 300]
['2019-03-26 09:44:00', 72.1, 72.1, 72.1, 72.1, 359]
['2019-03-26 09:42:00', 72.09, 72.09, 72.09, 72.09, 611]
['2019-03-26 09:39:00', 72.17, 72.04, 72.04, 72.23, 1939]
['2019-03-26 09:38:00', 72.17, 72.17, 72.17, 72.17, 400]
['2019-03-26 09:36:00', 72.18, 72.18, 72.18, 72.18, 419]
['2019-03-26 09:35:00', 72.21, 72.21, 72.21, 72.21, 407]
['2019-03-26 09:33:00', 72.03, 72.03, 72.03, 72.03, 425]
['2019-03-26 09:32:00', 72.18, 72.18, 72.18, 72.18, 686]
['2019-03-26 09:31:00', 72.475, 72.475, 72.475, 72.475, 6591]
['2019-03-25 16:00:00', 71.5, 71.5, 71.5, 71.5, 2129]
['2019-03-25 15:59:00', 71.57, 71.57, 71.57, 71.57, 1862]
['2019-03-25 15:58:00', 71.55, 71.57, 71.55, 71.57, 3078]
['2019-03-25 15:56:00', 71.5, 71.5, 71.5, 71.5, 1119]
['2019-03-25 15:54:00', 71.59, 71.57, 71.57, 71.59, 1466]
['2019-03-25 15:53:00', 71.6, 71.6, 71.6, 71.6, 1444]
['2019-03-25 15:52:00', 71.54, 71.54, 71.54, 71.54, 803]
['2019-03-25 15:51:00', 71.54, 71.54, 71.54, 71.54, 597]
['2019-03-25 15:49:00', 71.535, 71.535, 71.535, 71.535, 644]
['2019-03-25 15:48:00', 71.64, 71.58, 71.58, 71.64, 1500]
['2019-03-25 15:47:00', 71.615, 71.615, 71.615, 71.615, 589]
['2019-03-25 15:46:00', 71.56, 71.56, 71.56, 71.56, 1108]
['2019-03-25 15:45:00', 71.53, 71.53, 71.53, 71.53, 615]
['2019-03-25 15:44:00', 71.52, 71.52, 71.52, 71.52, 325]
['2019-03-25 15:43:00', 71.44, 71.44, 71.44, 71.44, 197]
['2019-03-25 15:42:00', 71.44, 71.46, 71.44, 71.46, 584]
['2019-03-25 15:41:00', 71.52, 71.52, 71.52, 71.52, 308]
['2019-03-25 15:40:00', 71.48, 71.48, 71.48, 71.48, 422]
['2019-03-25 15:39:00', 71.48, 71.48, 71.48, 71.48, 396]
['2019-03-25 15:38:00', 71.55, 71.54, 71.54, 71.55, 1267]
['2019-03-25 15:37:00', 71.52, 71.52, 71.52, 71.52, 772]
['2019-03-25 15:36:00', 71.55, 71.53, 71.53, 71.55, 1189]
['2019-03-25 15:35:00', 71.59, 71.59, 71.59, 71.59, 443]
['2019-03-25 15:34:00', 71.7, 71.7, 71.7, 71.7, 360]
['2019-03-25 15:33:00', 71.68, 71.68, 71.68, 71.68, 237]
['2019-03-25 15:32:00', 71.65, 71.65, 71.65, 71.65, 463]
['2019-03-25 15:31:00', 71.72, 71.6942, 71.6942, 71.72, 1436]
['2019-03-25 15:27:00', 71.88, 71.88, 71.88, 71.88, 546]
['2019-03-25 15:26:00', 71.85, 71.85, 71.85, 71.85, 391]
['2019-03-25 15:24:00', 71.82, 71.82, 71.82, 71.82, 803]
['2019-03-25 15:23:00', 71.83, 71.83, 71.83, 71.83, 184]
['2019-03-25 15:22:00', 71.84, 71.84, 71.84, 71.84, 802]
['2019-03-25 15:19:00', 71.83, 71.83, 71.83, 71.83, 434]
['2019-03-25 15:17:00', 71.85, 71.85, 71.85, 71.85, 260]
['2019-03-25 15:15:00', 71.84, 71.84, 71.84, 71.84, 458]
['2019-03-25 15:14:00', 71.91, 71.91, 71.91, 71.91, 384]
['2019-03-25 15:11:00', 71.86, 71.86, 71.86, 71.86, 200]
['2019-03-25 15:06:00', 71.73, 71.73, 71.73, 71.73, 743]
['2019-03-25 15:03:00', 71.85, 71.85, 71.85, 71.85, 367]
['2019-03-25 15:01:00', 71.87, 71.9, 71.87, 71.9, 1033]
['2019-03-25 14:59:00', 71.81, 71.81, 71.81, 71.81, 307]
['2019-03-25 14:55:00', 71.78, 71.79, 71.78, 71.79, 1096]
['2019-03-25 14:53:00', 71.75, 71.75, 71.75, 71.75, 166]
['2019-03-25 14:48:00', 71.65, 71.65, 71.65, 71.65, 623]
['2019-03-25 14:46:00', 71.63, 71.62, 71.62, 71.63, 655]
['2019-03-25 14:44:00', 71.68, 71.68, 71.68, 71.68, 277]
['2019-03-25 14:42:00', 71.58, 71.58, 71.58, 71.58, 380]
['2019-03-25 14:33:00', 71.49, 71.49, 71.49, 71.49, 326]
['2019-03-25 14:31:00', 71.45, 71.45, 71.45, 71.45, 228]
['2019-03-25 14:29:00', 71.4, 71.4, 71.4, 71.4, 121]
['2019-03-25 14:27:00', 71.41, 71.41, 71.41, 71.41, 144]
['2019-03-25 14:26:00', 71.38, 71.38, 71.38, 71.38, 103]
['2019-03-25 14:25:00', 71.35, 71.35, 71.35, 71.35, 416]
['2019-03-25 14:24:00', 71.34, 71.34, 71.34, 71.34, 194]
['2019-03-25 14:20:00', 71.45, 71.45, 71.45, 71.45, 563]
['2019-03-25 14:17:00', 71.53, 71.53, 71.53, 71.53, 225]
['2019-03-25 14:15:00', 71.4906, 71.4906, 71.4906, 71.4906, 216]
['2019-03-25 14:11:00', 71.45, 71.46, 71.45, 71.46, 791]
['2019-03-25 14:07:00', 71.43, 71.43, 71.43, 71.43, 278]
['2019-03-25 14:06:00', 71.39, 71.39, 71.39, 71.39, 215]
['2019-03-25 14:03:00', 71.445, 71.445, 71.445, 71.445, 197]
['2019-03-25 13:58:00', 71.44, 71.44, 71.44, 71.44, 202]
['2019-03-25 13:56:00', 71.59, 71.59, 71.59, 71.59, 239]
['2019-03-25 13:51:00', 71.6, 71.6, 71.6, 71.6, 435]
['2019-03-25 13:49:00', 71.57, 71.57, 71.57, 71.57, 231]
['2019-03-25 13:47:00', 71.58, 71.58, 71.58, 71.58, 357]
['2019-03-25 13:41:00', 71.63, 71.63, 71.63, 71.63, 202]
['2019-03-25 13:31:00', 71.6, 71.6, 71.6, 71.6, 323]
['2019-03-25 13:26:00', 71.64, 71.64, 71.64, 71.64, 271]
['2019-03-25 13:25:00', 71.56, 71.56, 71.56, 71.56, 237]
['2019-03-25 13:22:00', 71.6, 71.6, 71.6, 71.6, 230]
['2019-03-25 13:18:00', 71.626, 71.626, 71.626, 71.626, 350]
['2019-03-25 13:16:00', 71.68, 71.68, 71.68, 71.68, 215]
['2019-03-25 13:13:00', 71.62, 71.62, 71.62, 71.62, 441]
['2019-03-25 13:12:00', 71.62, 71.62, 71.62, 71.62, 838]
['2019-03-25 13:11:00', 71.56, 71.56, 71.56, 71.56, 100]
['2019-03-25 13:04:00', 71.54, 71.54, 71.54, 71.54, 171]
['2019-03-25 13:03:00', 71.55, 71.55, 71.55, 71.55, 210]
['2019-03-25 13:02:00', 71.6, 71.6, 71.6, 71.6, 113]
['2019-03-25 13:00:00', 71.56, 71.56, 71.56, 71.56, 302]
['2019-03-25 12:57:00', 71.57, 71.57, 71.57, 71.57, 195]
['2019-03-25 12:51:00', 71.57, 71.57, 71.57, 71.57, 344]
['2019-03-25 12:48:00', 71.4821, 71.4821, 71.4821, 71.4821, 251]
['2019-03-25 12:47:00', 71.45, 71.45, 71.45, 71.45, 228]
['2019-03-25 12:45:00', 71.4, 71.4, 71.4, 71.4, 115]
['2019-03-25 12:42:00', 71.42, 71.42, 71.42, 71.42, 145]
['2019-03-25 12:39:00', 71.33, 71.33, 71.33, 71.33, 120]
['2019-03-25 12:36:00', 71.25, 71.25, 71.25, 71.25, 743]
['2019-03-25 12:34:00', 71.33, 71.33, 71.33, 71.33, 159]
['2019-03-25 12:33:00', 71.37, 71.37, 71.37, 71.37, 453]
['2019-03-25 12:32:00', 71.43, 71.43, 71.43, 71.43, 300]
['2019-03-25 12:28:00', 71.47, 71.47, 71.47, 71.47, 210]
['2019-03-25 12:25:00', 71.52, 71.52, 71.52, 71.52, 1480]
['2019-03-25 12:22:00', 71.52, 71.52, 71.52, 71.52, 310]
['2019-03-25 12:21:00', 71.59, 71.59, 71.59, 71.59, 194]
['2019-03-25 12:20:00', 71.58, 71.58, 71.58, 71.58, 508]
['2019-03-25 12:19:00', 71.59, 71.59, 71.59, 71.59, 201]
['2019-03-25 12:16:00', 71.6, 71.6, 71.6, 71.6, 282]
['2019-03-25 12:11:00', 71.62, 71.62, 71.62, 71.62, 662]
['2019-03-25 12:06:00', 71.61, 71.61, 71.61, 71.61, 152]
['2019-03-25 12:04:00', 71.58, 71.58, 71.58, 71.58, 599]
['2019-03-25 11:59:00', 71.51, 71.51, 71.51, 71.51, 103]
['2019-03-25 11:56:00', 71.49, 71.49, 71.49, 71.49, 250]
['2019-03-25 11:50:00', 71.4, 71.4, 71.4, 71.4, 419]
['2019-03-25 11:42:00', 71.51, 71.51, 71.51, 71.51, 431]
['2019-03-25 11:41:00', 71.56, 71.56, 71.56, 71.56, 172]
['2019-03-25 11:38:00', 71.58, 71.58, 71.58, 71.58, 200]
['2019-03-25 11:36:00', 71.63, 71.64, 71.63, 71.64, 545]
['2019-03-25 11:31:00', 71.61, 71.61, 71.61, 71.61, 373]
['2019-03-25 11:30:00', 71.65, 71.63, 71.63, 71.65, 1001]
['2019-03-25 11:27:00', 71.55, 71.58, 71.55, 71.58, 719]
['2019-03-25 11:21:00', 71.57, 71.57, 71.57, 71.57, 796]
['2019-03-25 11:20:00', 71.46, 71.46, 71.46, 71.46, 140]
['2019-03-25 11:19:00', 71.5, 71.5, 71.5, 71.5, 438]
['2019-03-25 11:17:00', 71.56, 71.56, 71.56, 71.56, 243]
['2019-03-25 11:15:00', 71.41, 71.41, 71.41, 71.41, 208]
['2019-03-25 11:13:00', 71.38, 71.38, 71.38, 71.38, 248]
['2019-03-25 11:11:00', 71.38, 71.38, 71.38, 71.38, 453]
['2019-03-25 11:04:00', 71.3, 71.3, 71.3, 71.3, 386]
['2019-03-25 11:00:00', 71.36, 71.36, 71.36, 71.36, 103]
['2019-03-25 10:55:00', 71.29, 71.29, 71.29, 71.29, 606]
['2019-03-25 10:53:00', 71.38, 71.38, 71.38, 71.38, 572]
['2019-03-25 10:51:00', 71.31, 71.31, 71.31, 71.31, 149]
['2019-03-25 10:48:00', 71.2, 71.2, 71.2, 71.2, 138]
['2019-03-25 10:47:00', 71.38, 71.38, 71.38, 71.38, 156]
['2019-03-25 10:46:00', 71.1621, 71.1621, 71.1621, 71.1621, 439]
['2019-03-25 10:43:00', 71.11, 71.11, 71.11, 71.11, 139]
['2019-03-25 10:32:00', 71.15, 71.15, 71.15, 71.15, 622]
['2019-03-25 10:23:00', 70.965, 70.965, 70.965, 70.965, 169]
['2019-03-25 10:21:00', 71.01, 71.01, 71.01, 71.01, 111]
['2019-03-25 10:14:00', 71.08, 71.08, 71.08, 71.08, 222]
['2019-03-25 10:12:00', 71.14, 71.14, 71.14, 71.14, 436]
['2019-03-25 10:08:00', 71.23, 71.2, 71.2, 71.23, 716]
['2019-03-25 10:03:00', 71.0328, 71.0328, 71.0328, 71.0328, 421]
['2019-03-25 09:59:00', 71.05, 71.05, 71.05, 71.05, 142]
['2019-03-25 09:53:00', 71.02, 71.02, 71.02, 71.02, 361]
['2019-03-25 09:51:00', 70.98, 70.98, 70.98, 70.98, 241]
['2019-03-25 09:37:00', 71.05, 71.05, 71.05, 71.05, 734]
['2019-03-25 09:32:00', 71.2895, 71.2895, 71.2895, 71.2895, 0]
